177.618	-316.67	
177.836	-303.87	
178.054	-306.22	
178.271	-241.92	
178.489	-131.74	
178.706	-71.32	
178.924	-15.41	
179.142	47.87	
179.359	46.44	
179.577	-19.1	
179.794	-6.6	
180.012	-30.16	
180.229	-53.09	
180.447	-45.31	
180.664	-28.72	
180.882	-47.97	
181.1	-19.71	
181.317	-15	
181.535	-15.62	
181.752	-15.21	
181.969	1.38	
182.187	8.35	
182.404	23.91	
182.622	19.2	
182.839	20.02	
183.057	8.76	
183.274	7.53	
183.492	0.97	
183.709	14.9	
183.926	7.53	
184.144	14.08	
184.361	23.3	
184.579	43.16	
184.796	15.92	
185.013	36.2	
185.231	17.56	
185.448	35.38	
185.666	35.79	
185.883	43.78	
186.1	24.73	
186.317	41.73	
186.535	-7.83	
186.752	-11.11	
186.969	3.23	
187.187	46.64	
187.404	25.96	
187.621	88.22	
187.839	87.81	
188.056	78.39	
188.273	53.61	
188.49	106.03	
188.708	73.68	
188.925	102.35	
189.142	104.19	
189.359	84.94	
189.576	35.17	
189.794	16.74	
190.011	-5.99	
190.228	-11.32	
190.445	6.5	
190.662	51.97	
190.879	62	
191.097	45.41	
191.314	61.59	
191.531	48.49	
191.748	5.89	
191.965	5.89	
192.182	1.59	
192.399	-6.2	
192.616	26.78	
192.834	56.88	
193.051	50.74	
193.268	63.85	
193.485	69.37	
193.702	39.27	
193.919	21.25	
194.136	17.36	
194.353	12.85	
194.57	17.56	
194.787	19.2	
195.004	63.23	
195.221	55.04	
195.438	72.65	
195.655	59.34	
195.872	99.68	
196.089	42.96	
196.306	72.65	
196.523	60.36	
196.74	78.8	
196.957	26.16	
197.173	59.34	
197.39	43.98	
197.607	52.38	
197.824	35.99	
198.041	52.99	
198.258	28.01	
198.475	43.37	
198.692	23.5	
198.909	5.68	
199.125	-3.94	
199.342	31.49	
199.559	13.26	
199.776	37.22	
199.993	81.66	
200.21	84.94	
200.426	66.92	
200.643	76.95	
200.86	70.19	
201.077	71.01	
201.293	75.93	
201.51	71.83	
201.727	33.13	
201.944	9.98	
202.16	-3.74	
202.377	-12.75	
202.594	-36.51	
202.811	-10.29	
203.027	-4.35	
203.244	-27.49	
203.461	-20.94	
203.677	17.36	
203.894	20.63	
204.111	45.82	
204.327	54.42	
204.544	48.9	
204.761	46.85	
204.977	33.54	
205.194	17.56	
205.41	41.93	
205.627	37.02	
205.844	27.19	
206.06	29.64	
206.277	43.57	
206.493	8.14	
206.71	29.03	
206.926	11.21	
207.143	40.29	
207.36	8.14	
207.576	55.65	
207.793	54.22	
208.009	81.87	
208.226	65.89	
208.442	70.19	
208.659	45.41	
208.875	42.96	
209.092	23.09	
209.308	17.97	
209.524	17.97	
209.741	45.82	
209.957	68.76	
210.174	65.48	
210.39	67.12	
210.607	69.78	
210.823	12.65	
211.039	-22.99	
211.256	17.36	
211.472	0.77	
211.688	28.21	
211.905	63.23	
212.121	57.5	
212.338	20.02	
212.554	34.56	
212.77	13.87	
212.987	15.31	
213.203	52.58	
213.419	81.25	
213.635	73.47	
213.852	67.12	
214.068	43.57	
214.284	19.61	
214.501	27.19	
214.717	29.03	
214.933	57.09	
215.149	41.73	
215.365	19.81	
215.582	-26.06	
215.798	-10.09	
216.014	-29.13	
216.23	3.23	
216.447	24.73	
216.663	28.42	
216.879	4.45	
217.095	34.97	
217.311	34.56	
217.527	24.52	
217.743	42.14	
217.96	33.13	
218.176	3.64	
218.392	2.2	
218.608	26.78	
218.824	1.18	
219.04	11.83	
219.256	24.32	
219.472	7.94	
219.688	-4.15	
219.904	36.4	
220.12	67.94	
220.336	54.02	
220.552	69.78	
220.768	71.42	
220.984	72.65	
221.2	29.85	
221.416	52.99	
221.632	38.45	
221.848	32.31	
222.064	-2.1	
222.28	14.49	
222.496	-16.43	
222.712	13.26	
222.928	4.86	
223.144	22.07	
223.36	24.32	
223.576	41.11	
223.792	20.43	
224.008	66.3	
224.224	73.68	
224.439	97.84	
224.655	80.64	
224.871	98.66	
225.087	62.62	
225.303	45	
225.519	23.71	
225.734	62.41	
225.95	48.28	
226.166	67.53	
226.382	68.76	
226.598	76.75	
226.813	65.48	
227.029	64.66	
227.245	61.18	
227.461	70.4	
227.677	81.05	
227.892	80.64	
228.108	70.19	
228.324	76.95	
228.539	52.17	
228.755	52.17	
228.971	56.68	
229.186	78.59	
229.402	62	
229.618	95.38	
229.833	62.62	
230.049	54.22	
230.265	18.99	
230.48	48.69	
230.696	43.98	
230.912	61.18	
231.127	52.58	
231.343	70.81	
231.558	21.86	
231.774	32.92	
231.99	61.39	
232.205	56.27	
232.421	42.96	
232.636	62.62	
232.852	32.72	
233.067	17.15	
233.283	24.73	
233.498	54.02	
233.714	49.1	
233.929	63.64	
234.145	48.49	
234.36	64.46	
234.576	60.36	
234.791	81.25	
235.007	106.85	
235.222	133.27	
235.438	115.66	
235.653	142.69	
235.868	133.27	
236.084	138.6	
236.299	137.98	
236.515	132.45	
236.73	98.25	
236.945	92.31	
237.161	57.09	
237.376	31.69	
237.592	39.07	
237.807	46.23	
238.022	45.41	
238.238	51.56	
238.453	38.45	
238.668	45.21	
238.883	6.5	
239.099	-1.28	
239.314	-28.31	
239.529	-11.11	
239.745	-12.54	
239.96	31.49	
240.175	41.11	
240.39	97.84	
240.605	88.63	
240.821	73.88	
241.036	70.19	
241.251	100.71	
241.466	60.36	
241.681	70.19	
241.897	73.06	
242.112	83.71	
242.327	37.22	
242.542	49.92	
242.757	52.79	
242.972	51.97	
243.188	19.4	
243.403	36.2	
243.618	34.35	
243.833	20.43	
244.048	40.91	
244.263	62.21	
244.478	68.76	
244.693	61.18	
244.908	82.48	
245.123	59.95	
245.338	79	
245.553	71.22	
245.768	50.12	
245.983	37.63	
246.198	25.34	
246.413	-3.53	
246.628	-2.1	
246.843	-4.15	
247.058	9.57	
247.273	20.63	
247.488	29.44	
247.703	53.61	
247.918	66.1	
248.133	63.44	
248.348	51.15	
248.563	82.07	
248.778	57.91	
248.993	76.13	
249.207	85.76	
249.422	96.61	
249.637	21.25	
249.852	0.56	
250.067	-4.97	
250.282	-21.96	
250.496	-33.84	
250.711	18.18	
250.926	27.39	
251.141	47.05	
251.356	44.39	
251.57	90.06	
251.785	69.37	
252	64.26	
252.215	54.42	
252.43	74.09	
252.644	55.24	
252.859	57.09	
253.074	64.46	
253.288	52.38	
253.503	28.42	
253.718	39.68	
253.932	91.08	
254.147	96	
254.362	94.97	
254.576	99.89	
254.791	82.28	
255.006	39.47	
255.22	52.79	
255.435	59.75	
255.65	67.33	
255.864	63.85	
256.079	54.63	
256.293	55.24	
256.508	49.51	
256.723	95.59	
256.937	88.63	
257.152	85.35	
257.366	74.49	
257.581	75.52	
257.795	32.31	
258.01	74.49	
258.224	83.92	
258.439	90.26	
258.653	77.77	
258.868	94.97	
259.082	55.24	
259.297	48.08	
259.511	26.57	
259.726	22.89	
259.94	-20.33	
260.154	-17.05	
260.369	-15.62	
260.583	2.61	
260.798	-8.24	
261.012	20.43	
261.226	26.16	
261.441	29.03	
261.655	24.11	
261.869	71.83	
262.084	63.23	
262.298	65.89	
262.512	47.46	
262.727	36.61	
262.941	32.31	
263.155	33.54	
263.37	8.55	
263.584	39.47	
263.798	44.8	
264.012	37.63	
264.227	34.56	
264.441	72.24	
264.655	38.66	
264.869	68.76	
265.084	37.63	
265.298	43.16	
265.512	5.27	
265.726	34.15	
265.94	2.82	
266.155	43.57	
266.369	28.01	
266.583	65.48	
266.797	58.11	
267.011	90.47	
267.225	90.06	
267.439	107.47	
267.654	85.14	
267.868	71.01	
268.082	24.73	
268.296	-17.87	
268.51	-53.71	
268.724	-15.82	
268.938	-24.63	
269.152	0.36	
269.366	18.99	
269.58	39.07	
269.794	-3.12	
270.008	47.46	
270.222	47.87	
270.436	48.69	
270.65	33.95	
270.864	52.17	
271.078	16.54	
271.292	21.04	
271.506	33.74	
271.72	65.48	
271.934	74.49	
272.148	76.95	
272.362	72.04	
272.575	85.35	
272.789	79.21	
273.003	59.34	
273.217	84.12	
273.431	70.81	
273.645	44.18	
273.859	60.36	
274.073	93.34	
274.286	82.69	
274.5	101.53	
274.714	97.43	
274.928	107.67	
275.142	78.59	
275.355	64.46	
275.569	65.28	
275.783	75.72	
275.997	52.99	
276.21	60.16	
276.424	94.97	
276.638	72.65	
276.852	83.71	
277.065	72.04	
277.279	82.89	
277.493	44.8	
277.706	81.25	
277.92	89.85	
278.134	76.95	
278.347	49.71	
278.561	38.45	
278.775	27.39	
278.988	-0.46	
279.202	21.66	
279.415	54.02	
279.629	57.09	
279.843	60.77	
280.056	106.85	
280.27	115.45	
280.483	82.89	
280.697	99.07	
280.91	92.93	
281.124	96	
281.337	74.7	
281.551	119.75	
281.764	105.42	
281.978	90.88	
282.191	47.67	
282.405	77.36	
282.618	43.78	
282.832	55.65	
283.045	49.92	
283.259	72.45	
283.472	50.94	
283.686	36.2	
283.899	24.73	
284.112	34.15	
284.326	31.69	
284.539	46.44	
284.752	61.59	
284.966	73.68	
285.179	91.08	
285.393	92.93	
285.606	54.22	
285.819	72.86	
286.033	53.2	
286.246	72.04	
286.459	50.12	
286.672	68.76	
286.886	39.47	
287.099	77.57	
287.312	17.97	
287.525	18.59	
287.739	24.32	
287.952	36.61	
288.165	34.15	
288.378	64.46	
288.592	72.04	
288.805	76.95	
289.018	85.14	
289.231	60.98	
289.444	66.92	
289.657	43.37	
289.871	34.35	
290.084	21.66	
290.297	55.24	
290.51	35.58	
290.723	45.21	
290.936	90.88	
291.149	83.71	
291.362	75.93	
291.575	61.18	
291.789	66.71	
292.002	24.73	
292.215	41.32	
292.428	10.6	
292.641	49.71	
292.854	46.64	
293.067	40.7	
293.28	38.45	
293.493	41.73	
293.706	4.45	
293.919	26.57	
294.132	17.77	
294.345	15.51	
294.558	21.25	
294.77	35.79	
294.983	13.87	
295.196	49.51	
295.409	66.92	
295.622	83.92	
295.835	106.03	
296.048	138.6	
296.261	125.69	
296.474	112.18	
296.686	101.53	
296.899	106.24	
297.112	90.06	
297.325	82.07	
297.538	99.28	
297.751	106.85	
297.963	97.43	
298.176	91.9	
298.389	86.17	
298.602	73.47	
298.814	166.86	
299.027	146.38	
299.24	145.35	
299.453	183.65	
299.665	166.24	
299.878	61.39	
300.091	61.18	
300.303	59.34	
300.516	32.31	
300.729	29.44	
300.941	33.54	
301.154	12.24	
301.367	7.73	
301.579	20.84	
301.792	48.28	
302.005	38.66	
302.217	55.86	
302.43	71.42	
302.642	40.7	
302.855	14.69	
303.067	28.62	
303.28	33.13	
303.493	5.27	
303.705	45.82	
303.918	56.68	
304.13	73.88	
304.343	70.6	
304.555	103.78	
304.768	72.04	
304.98	95.18	
305.193	54.63	
305.405	63.85	
305.617	31.28	
305.83	45.82	
306.042	16.13	
306.255	28.83	
306.467	15.1	
306.68	7.32	
306.892	-6.81	
307.104	2.82	
307.317	-6.6	
307.529	29.44	
307.741	59.95	
307.954	71.42	
308.166	61.18	
308.378	102.14	
308.591	102.96	
308.803	113.61	
309.015	133.27	
309.228	156.41	
309.44	100.09	
309.652	77.77	
309.864	45.62	
310.077	5.89	
310.289	-21.35	
310.501	-0.05	
310.713	-1.69	
310.926	23.5	
311.138	19.4	
311.35	38.86	
311.562	28.21	
311.774	47.05	
311.986	41.73	
312.199	77.16	
312.411	45.82	
312.623	52.17	
312.835	11.42	
313.047	-6.2	
313.259	-14.39	
313.471	22.27	
313.683	35.99	
313.895	62.82	
314.108	68.76	
314.32	47.46	
314.532	14.9	
314.744	30.46	
314.956	47.46	
315.168	52.58	
315.38	55.45	
315.592	88.63	
315.804	74.9	
316.016	108.9	
316.228	123.03	
316.44	128.36	
316.651	114.02	
316.863	113.61	
317.075	57.5	
317.287	31.08	
317.499	24.52	
317.711	34.56	
317.923	41.93	
318.135	35.17	
318.347	50.33	
318.559	98.46	
318.77	105.83	
318.982	93.75	
319.194	92.72	
319.406	76.95	
319.618	29.64	
319.83	-8.65	
320.041	-6.6	
320.253	-0.67	
320.465	-7.63	
320.677	-1.89	
320.888	17.97	
321.1	14.28	
321.312	56.88	
321.524	72.86	
321.735	66.71	
321.947	50.74	
322.159	39.07	
322.37	2.82	
322.582	0.77	
322.794	22.89	
323.005	52.58	
323.217	59.54	
323.429	47.67	
323.64	67.53	
323.852	38.04	
324.063	12.44	
324.275	31.9	
324.487	54.22	
324.698	18.18	
324.91	42.96	
325.121	39.88	
325.333	9.37	
325.544	3.23	
325.756	42.34	
325.967	28.21	
326.179	50.74	
326.39	76.13	
326.602	75.93	
326.813	37.63	
327.025	29.23	
327.236	0.97	
327.448	-19.3	
327.659	-37.32	
327.871	-14.39	
328.082	5.48	
328.293	28.42	
328.505	54.63	
328.716	66.3	
328.928	47.67	
329.139	65.07	
329.35	49.51	
329.562	63.64	
329.773	71.63	
329.984	91.9	
330.196	60.16	
330.407	88.22	
330.618	52.38	
330.83	39.68	
331.041	32.51	
331.252	42.75	
331.463	26.57	
331.675	42.34	
331.886	54.63	
332.097	55.45	
332.308	49.92	
332.52	52.58	
332.731	31.08	
332.942	33.74	
333.153	66.92	
333.364	66.1	
333.575	62.82	
333.787	89.04	
333.998	53.4	
334.209	45.21	
334.42	31.49	
334.631	35.38	
334.842	33.74	
335.053	68.35	
335.264	35.79	
335.475	56.68	
335.686	42.96	
335.898	28.83	
336.109	-2.1	
336.32	2.2	
336.531	-15.41	
336.742	-13.57	
336.953	-15.21	
337.164	-3.33	
337.375	-3.74	
337.586	14.9	
337.797	-10.29	
338.007	3.43	
338.218	-10.7	
338.429	-2.92	
338.64	-11.72	
338.851	21.45	
339.062	12.85	
339.273	50.33	
339.484	43.37	
339.695	37.22	
339.906	41.52	
340.116	46.03	
340.327	46.03	
340.538	48.69	
340.749	53.4	
340.96	29.85	
341.171	21.66	
341.381	6.3	
341.592	4.04	
341.803	4.66	
342.014	26.37	
342.224	52.17	
342.435	53.81	
342.646	50.74	
342.857	36.61	
343.067	25.55	
343.278	13.67	
343.489	14.28	
343.699	16.54	
343.91	29.64	
344.121	19.81	
344.331	-5.99	
344.542	-24.22	
344.753	-10.7	
344.963	-8.24	
345.174	8.96	
345.384	43.16	
345.595	85.96	
345.806	73.88	
346.016	61.18	
346.227	63.64	
346.437	49.71	
346.648	20.63	
346.858	25.14	
347.069	18.79	
347.279	14.08	
347.49	-1.08	
347.7	8.96	
347.911	-13.57	
348.121	7.53	
348.332	21.04	
348.542	3.64	
348.753	-10.29	
348.963	12.03	
349.173	2.2	
349.384	11.83	
349.594	63.03	
349.805	88.42	
350.015	66.71	
350.225	64.46	
350.436	51.76	
350.646	40.09	
350.856	12.65	
351.067	29.85	
351.277	17.36	
351.487	-3.94	
351.698	-22.99	
351.908	-18.28	
352.118	-37.94	
352.328	-21.96	
352.539	26.16	
352.749	16.33	
352.959	10.19	
353.169	31.49	
353.38	38.25	
353.59	18.59	
353.8	34.15	
354.01	51.97	
354.22	38.45	
354.431	81.25	
354.641	63.85	
354.851	76.95	
355.061	65.07	
355.271	105.62	
355.481	59.54	
355.691	52.58	
355.901	35.38	
356.111	49.92	
356.321	27.8	
356.532	25.55	
356.742	21.04	
356.952	29.64	
357.162	18.18	
357.372	9.37	
357.582	1.79	
357.792	-3.74	
358.002	-29.34	
358.212	-0.67	
358.422	-4.35	
358.632	-1.48	
358.842	6.71	
359.051	59.75	
359.261	41.52	
359.471	53.81	
359.681	70.19	
359.891	67.94	
360.101	17.77	
360.311	-4.15	
360.521	-29.34	
360.731	-26.47	
360.94	-8.45	
361.15	25.55	
361.36	44.8	
361.57	56.88	
361.78	42.34	
361.989	28.01	
362.199	22.68	
362.409	23.71	
362.619	21.25	
362.828	67.94	
363.038	75.31	
363.248	70.6	
363.458	69.99	
363.667	91.08	
363.877	54.22	
364.087	50.94	
364.296	34.56	
364.506	32.31	
364.716	39.68	
364.925	34.35	
365.135	21.86	
365.345	32.51	
365.554	34.97	
365.764	53.81	
365.973	50.74	
366.183	84.33	
366.393	96	
366.602	91.7	
366.812	30.87	
367.021	60.98	
367.231	12.85	
367.44	3.43	
367.65	9.37	
367.859	33.95	
368.069	-13.16	
368.278	20.84	
368.488	28.01	
368.697	5.48	
368.907	-15.62	
369.116	62.62	
369.326	46.03	
369.535	46.44	
369.744	55.86	
369.954	70.19	
370.163	28.42	
370.373	33.95	
370.582	10.6	
370.791	8.35	
371.001	-9.27	
371.21	-25.04	
371.419	-39.58	
371.629	-26.88	
371.838	-15.21	
372.047	38.04	
372.256	34.35	
372.466	48.28	
372.675	16.13	
372.884	6.09	
373.093	-40.6	
373.303	-3.12	
373.512	-5.38	
373.721	22.27	
373.93	9.16	
374.139	49.92	
374.349	8.14	
374.558	39.47	
374.767	23.09	
374.976	37.22	
375.185	25.75	
375.394	10.8	
375.603	-19.92	
375.813	-9.47	
376.022	-15.62	
376.231	-27.29	
376.44	-8.65	
376.649	15.51	
376.858	27.8	
377.067	32.51	
377.276	40.5	
377.485	62.41	
377.694	42.75	
377.903	46.44	
378.112	38.04	
378.321	40.09	
378.53	20.02	
378.739	34.97	
378.948	28.62	
379.157	36.61	
379.366	49.51	
379.575	56.27	
379.784	25.14	
379.992	15.31	
380.201	54.42	
380.41	30.87	
380.619	27.8	
380.828	47.46	
381.037	42.34	
381.246	-18.89	
381.454	-40.19	
381.663	-8.24	
381.872	-26.06	
382.081	10.6	
382.29	40.09	
382.498	65.89	
382.707	56.47	
382.916	81.66	
383.125	31.08	
383.333	40.29	
383.542	31.28	
383.751	13.67	
383.959	22.68	
384.168	49.92	
384.377	56.68	
384.585	65.07	
384.794	46.03	
385.003	32.1	
385.211	33.13	
385.42	4.66	
385.628	-8.65	
385.837	4.66	
386.046	32.72	
386.254	42.96	
386.463	45.82	
386.671	70.81	
386.88	66.51	
387.088	36.61	
387.297	33.33	
387.505	49.51	
387.714	16.74	
387.922	21.66	
388.131	38.66	
388.339	48.49	
388.548	27.6	
388.756	38.86	
388.965	31.08	
389.173	-3.33	
389.381	-5.79	
389.59	7.73	
389.798	22.07	
390.007	42.34	
390.215	57.91	
390.423	68.15	
390.632	64.66	
390.84	86.78	
391.048	54.83	
391.257	59.54	
391.465	32.31	
391.673	31.28	
391.882	8.14	
392.09	17.56	
392.298	9.78	
392.506	5.48	
392.715	11.42	
392.923	40.29	
393.131	64.66	
393.339	67.33	
393.547	66.51	
393.756	58.73	
393.964	21.45	
394.172	0.56	
394.38	-4.97	
394.588	17.15	
394.796	6.91	
395.005	-3.74	
395.213	-3.53	
395.421	-1.48	
395.629	-32.41	
395.837	-25.24	
396.045	-15.21	
396.253	-16.64	
396.461	-15.21	
396.669	13.47	
396.877	20.84	
397.085	42.34	
397.293	43.98	
397.501	45.21	
397.709	39.07	
397.917	55.45	
398.125	54.02	
398.333	59.14	
398.541	60.77	
398.749	52.58	
398.957	21.45	
399.165	-6.81	
399.373	-2.92	
399.581	-10.29	
399.788	12.85	
399.996	7.12	
400.204	29.64	
400.412	13.47	
400.62	-8.86	
400.828	-25.86	
401.035	-23.6	
401.243	-22.17	
401.451	-7.01	
401.659	11.42	
401.867	5.89	
402.074	17.97	
402.282	3.43	
402.49	-9.68	
402.697	35.99	
402.905	24.52	
403.113	28.01	
403.321	2.2	
403.528	3.43	
403.736	-25.45	
403.944	-11.32	
404.151	-26.27	
404.359	-13.57	
404.566	-8.45	
404.774	-10.5	
404.982	-17.87	
405.189	-6.2	
405.397	-14.39	
405.604	-15.41	
405.812	-5.99	
406.02	-21.35	
406.227	-13.98	
406.435	3.02	
406.642	26.57	
406.85	2.2	
407.057	42.34	
407.265	45	
407.472	59.75	
407.679	39.68	
407.887	52.38	
408.094	22.27	
408.302	-8.45	
408.509	-14.39	
408.717	-14.8	
408.924	-25.45	
409.131	-16.23	
409.339	-1.48	
409.546	-4.15	
409.753	-3.12	
409.961	17.97	
410.168	15.72	
410.375	31.49	
410.583	25.14	
410.79	20.63	
410.997	21.45	
411.205	23.71	
411.412	18.79	
411.619	38.45	
411.826	42.96	
412.034	60.57	
412.241	68.15	
412.448	67.33	
412.655	37.43	
412.862	43.16	
413.07	5.89	
413.277	0.97	
413.484	-3.53	
413.691	23.71	
413.898	4.66	
414.105	8.35	
414.312	1.18	
414.519	-16.23	
414.727	-29.75	
414.934	-10.7	
415.141	-5.99	
415.348	9.37	
415.555	24.11	
415.762	23.91	
415.969	-5.38	
416.176	-8.45	
416.383	-4.76	
416.59	-6.6	
416.797	-5.79	
417.004	4.66	
417.211	5.27	
417.418	-8.65	
417.625	-11.32	
417.831	-12.95	
418.038	8.76	
418.245	19.2	
418.452	8.55	
418.659	4.86	
418.866	0.56	
419.073	-20.33	
419.28	-55.76	
419.486	-18.89	
419.693	-16.23	
419.9	-22.58	
420.107	-8.04	
420.314	34.76	
420.52	20.02	
420.727	51.35	
420.934	48.08	
421.141	31.08	
421.347	13.26	
421.554	5.68	
421.761	-42.44	
421.967	-10.5	
422.174	27.8	
422.381	25.34	
422.588	5.07	
422.794	11.62	
423.001	27.19	
423.207	-7.42	
423.414	-10.29	
423.621	-1.69	
423.827	25.75	
424.034	17.36	
424.24	39.47	
424.447	34.15	
424.654	23.91	
424.86	9.57	
425.067	-25.45	
425.273	-41.62	
425.48	-4.35	
425.686	23.09	
425.893	30.67	
426.099	49.71	
426.306	49.71	
426.512	36.61	
426.718	47.87	
426.925	43.37	
427.131	33.33	
427.338	38.66	
427.544	19.4	
427.75	-3.94	
427.957	-29.34	
428.163	-33.02	
428.37	-32	
428.576	-13.98	
428.782	-15.41	
428.988	33.54	
429.195	38.45	
429.401	15.51	
429.607	7.32	
429.814	41.73	
430.02	16.74	
430.226	-6.81	
430.432	18.38	
430.639	24.11	
430.845	9.16	
431.051	20.22	
431.257	37.84	
431.463	33.13	
431.67	12.44	
431.876	-14.8	
432.082	-36.71	
432.288	-13.57	
432.494	-4.97	
432.7	17.36	
432.906	14.9	
433.112	18.38	
433.318	21.04	
433.525	14.9	
433.731	-1.28	
433.937	31.49	
434.143	38.04	
434.349	20.63	
434.555	13.67	
434.761	5.89	
434.967	-24.42	
435.173	-16.43	
435.379	-4.76	
435.585	16.54	
435.791	47.26	
435.996	90.47	
436.202	98.66	
436.408	83.3	
436.614	82.48	
436.82	68.35	
437.026	28.83	
437.232	28.62	
437.438	20.43	
437.644	-8.04	
437.849	-0.87	
438.055	9.78	
438.261	-0.26	
438.467	-13.16	
438.673	-7.22	
438.878	-32.82	
439.084	-44.7	
439.29	-20.33	
439.496	9.37	
439.701	14.08	
439.907	20.84	
440.113	15.51	
440.318	-11.32	
440.524	-24.22	
440.73	-16.64	
440.935	-3.12	
441.141	-1.48	
441.347	22.68	
441.552	7.73	
441.758	18.18	
441.964	-4.76	
442.169	21.45	
442.375	6.09	
442.58	37.63	
442.786	32.51	
442.991	35.99	
443.197	12.03	
443.402	27.19	
443.608	27.39	
443.813	65.89	
444.019	90.47	
444.224	111.36	
444.43	81.46	
444.635	88.63	
444.841	36.61	
445.046	53.4	
445.252	41.73	
445.457	43.57	
445.662	26.98	
445.868	27.8	
446.073	-3.74	
446.278	-12.13	
446.484	-13.98	
446.689	-20.53	
446.894	-10.91	
447.1	-16.03	
447.305	12.03	
447.51	21.25	
447.716	3.23	
447.921	5.89	
448.126	39.88	
448.331	4.45	
448.537	14.9	
448.742	48.69	
448.947	30.67	
449.152	-7.01	
449.357	43.78	
449.563	47.05	
449.768	31.28	
449.973	34.97	
450.178	59.95	
450.383	2	
450.588	-5.17	
450.793	-3.12	
450.999	22.07	
451.204	-6.81	
451.409	12.03	
451.614	8.35	
451.819	10.8	
452.024	-4.56	
452.229	19.2	
452.434	50.74	
452.639	34.15	
452.844	53.81	
453.049	28.42	
453.254	20.84	
453.459	2.41	
453.664	31.69	
453.869	26.57	
454.074	71.22	
454.279	80.43	
454.483	74.29	
454.688	58.73	
454.893	93.13	
455.098	79.21	
455.303	66.3	
455.508	75.52	
455.713	85.76	
455.917	31.08	
456.122	53.2	
456.327	46.85	
456.532	60.98	
456.737	30.46	
456.941	60.36	
457.146	40.09	
457.351	57.09	
457.555	43.37	
457.76	87.19	
457.965	78.59	
458.17	81.05	
458.374	102.76	
458.579	124.26	
458.784	102.14	
458.988	93.95	
459.193	79	
459.397	84.12	
459.602	66.1	
459.807	101.94	
460.011	103.78	
460.216	109.31	
460.42	63.64	
460.625	33.33	
460.829	11.83	
461.034	-2.3	
461.239	-9.88	
461.443	8.96	
461.648	40.09	
461.852	24.52	
462.056	66.3	
462.261	76.75	
462.465	109.11	
462.67	113.82	
462.874	112.38	
463.079	75.11	
463.283	76.95	
463.487	57.7	
463.692	55.65	
463.896	49.1	
464.1	66.71	
464.305	64.46	
464.509	48.08	
464.713	59.95	
464.918	83.3	
465.122	94.97	
465.326	97.02	
465.531	90.47	
465.735	68.35	
465.939	79.21	
466.143	58.73	
466.348	53.81	
466.552	51.97	
466.756	66.51	
466.96	72.24	
467.164	97.64	
467.368	104.8	
467.573	129.59	
467.777	110.74	
467.981	100.5	
468.185	70.6	
468.389	79.61	
468.593	55.24	
468.797	57.09	
469.001	63.03	
469.205	78.8	
469.409	98.25	
469.613	130.81	
469.817	146.99	
470.021	158.05	
470.225	167.88	
470.429	140.03	
470.633	126.92	
470.837	129.79	
471.041	122.83	
471.245	89.24	
471.449	112.59	
471.653	129.38	
471.857	150.06	
472.061	141.46	
472.265	167.88	
472.469	182.22	
472.673	171.98	
472.876	162.35	
473.08	166.24	
473.284	206.18	
473.488	169.11	
473.692	189.8	
473.895	219.08	
474.099	231.98	
474.303	217.44	
474.507	254.72	
474.71	250.62	
474.914	211.09	
475.118	204.95	
475.322	212.94	
475.525	176.48	
475.729	190	
475.933	208.02	
476.136	260.66	
476.34	264.34	
476.543	312.26	
476.747	316.56	
476.951	336.43	
477.154	281.34	
477.358	313.7	
477.561	304.07	
477.765	299.16	
477.969	295.27	
478.172	312.88	
478.376	286.87	
478.579	285.03	
478.783	287.89	
478.986	290.76	
479.19	306.53	
479.393	327.01	
479.596	343.39	
479.8	354.66	
480.003	367.15	
480.207	364.28	
480.41	355.48	
480.614	350.36	
480.817	351.18	
481.02	373.91	
481.224	407.29	
481.427	418.14	
481.63	443.13	
481.834	455.62	
482.037	431.05	
482.24	412.2	
482.443	428.59	
482.647	416.1	
482.85	417.94	
483.053	446.2	
483.256	438.42	
483.46	462.38	
483.663	492.28	
483.866	522.39	
484.069	540.61	
484.272	573.99	
484.476	558.43	
484.679	584.64	
484.882	626.83	
485.085	620.48	
485.288	650.38	
485.491	696.46	
485.694	670.45	
485.897	664.72	
486.101	695.23	
486.304	709.98	
486.507	696.26	
486.71	751.14	
486.913	767.53	
487.116	781.86	
487.319	802.75	
487.522	856.82	
487.725	903.31	
487.928	935.67	
488.13	981.95	
488.333	1022.29	
488.536	1036.43	
488.739	1039.7	
488.942	1069.81	
489.145	1082.3	
489.348	1093.36	
489.551	1122.24	
489.754	1175.69	
489.956	1196.17	
490.159	1219.92	
490.362	1254.53	
490.565	1285.87	
490.768	1302.25	
490.97	1378.23	
491.173	1441.72	
491.376	1503.98	
491.579	1551.08	
491.781	1623.17	
491.984	1647.95	
492.187	1715.94	
492.39	1752.4	
492.592	1814.65	
492.795	1879.57	
492.998	1921.97	
493.2	1958.01	
493.403	2027.64	
493.605	2122.87	
493.808	2167.72	
494.011	2251.28	
494.213	2305.76	
494.416	2423.72	
494.618	2479.01	
494.821	2554.79	
495.023	2669.68	
495.226	2780.07	
495.428	2842.53	
495.631	2940.22	
495.833	3066.37	
496.036	3140.51	
496.238	3242.5	
496.441	3359.64	
496.643	3455.28	
496.846	3524.09	
497.048	3618.3	
497.25	3740.97	
497.453	3825.96	
497.655	3957.85	
497.858	4090.77	
498.06	4210.37	
498.262	4302.32	
498.465	4396.32	
498.667	4502.82	
498.869	4611.56	
499.071	4733.62	
499.274	4867.15	
499.476	4984.7	
499.678	5085.46	
499.881	5188.48	
500.083	5314.02	
500.285	5410.68	
500.487	5591.31	
500.689	5736.31	
500.892	5862.87	
501.094	5978.38	
501.296	6182.36	
501.498	6306.05	
501.7	6410.71	
501.902	6595.23	
502.104	6795.52	
502.306	6931.71	
502.509	7107.83	
502.711	7344.17	
502.913	7548.35	
503.115	7747.21	
503.317	7971.05	
503.519	8173.19	
503.721	8407.27	
503.923	8660.4	
504.125	8901.04	
504.327	9109.11	
504.529	9364.29	
504.731	9551.68	
504.933	9776.75	
505.134	9988.51	
505.336	10288.74	
505.538	10556.82	
505.74	10853.77	
505.942	11044.23	
506.144	11281.8	
506.346	11434.58	
506.548	11637.12	
506.749	11849.7	
506.951	12065.76	
507.153	12231.85	
507.355	12438.7	
507.557	12634.48	
507.758	12847.68	
507.96	13017.45	
508.162	13310.93	
508.363	13582.28	
508.565	13828.04	
508.767	14011.33	
508.969	14315.05	
509.17	14456.56	
509.372	14605.45	
509.574	14727.71	
509.775	14865.33	
509.977	14991.69	
510.178	15197.52	
510.38	15378.56	
510.582	15578.85	
510.783	15773.2	
510.985	15933.56	
511.186	16104.56	
511.388	16304.03	
511.589	16399.26	
511.791	16500.23	
511.992	16629.46	
512.194	16715.88	
512.395	16772.2	
512.597	16979.86	
512.798	17189.98	
513	17376.35	
513.201	17572.75	
513.403	17750.92	
513.604	17875.64	
513.805	18004.26	
514.007	18098.26	
514.208	18124.27	
514.409	18232.2	
514.611	18312.68	
514.812	18373.3	
515.013	18410.98	
515.215	18493.31	
515.416	18473.65	
515.617	18406.89	
515.819	18334.39	
516.02	18348.32	
516.221	18336.64	
516.422	18366.13	
516.623	18478.77	
516.825	18603.29	
517.026	18702.2	
517.227	18827.95	
517.428	18986.26	
517.629	19151.73	
517.83	19319.05	
518.032	19469.37	
518.233	19666.8	
518.434	19720.04	
518.635	19829	
518.836	19837.39	
519.037	19855.01	
519.238	19826.33	
519.439	19870.98	
519.64	19794.39	
519.841	19801.76	
520.042	19797.87	
520.243	19860.33	
520.444	19890.44	
520.645	19953.31	
520.846	20010.24	
521.047	20128.61	
521.248	20128.2	
521.449	20194.35	
521.65	20226.3	
521.851	20295.32	
522.052	20195.38	
522.252	20185.14	
522.453	20056.53	
522.654	19954.33	
522.855	19764.28	
523.056	19626.86	
523.257	19470.19	
523.457	19379.67	
523.658	19292.63	
523.859	19211.74	
524.06	19176.51	
524.26	19173.24	
524.461	19317.62	
524.662	19417.15	
524.862	19588.36	
525.063	19810.56	
525.264	19963.75	
525.464	20087.25	
525.665	20185.96	
525.866	20269.72	
526.066	20311.09	
526.267	20333.21	
526.468	20270.95	
526.668	20241.87	
526.869	20224.25	
527.069	20209.51	
527.27	20155.85	
527.47	20092.37	
527.671	20046.49	
527.871	19933.85	
528.072	19804.63	
528.272	19706.53	
528.473	19579.35	
528.673	19519.14	
528.874	19407.32	
529.074	19302.26	
529.275	19232.63	
529.475	19283.42	
529.675	19207.03	
529.876	19270.72	
530.076	19349.77	
530.277	19423.91	
530.477	19343.22	
530.677	19324.99	
530.878	19278.91	
531.078	19209.69	
531.278	19073.91	
531.478	19045.85	
531.679	18994.04	
531.879	18965.78	
532.079	18877.92	
532.28	18863.99	
532.48	18788.22	
532.68	18781.05	
532.88	18789.65	
533.08	18885.91	
533.28	18911.51	
533.481	18998.34	
533.681	19041.76	
533.881	19079.64	
534.081	19054.86	
534.281	19110.16	
534.481	19125.11	
534.681	19163.82	
534.881	19159.52	
535.081	19129.82	
535.281	19085.58	
535.481	19066.13	
535.682	19006.33	
535.882	18931.37	
536.082	18943.05	
536.281	18937.93	
536.481	18870.14	
536.681	18797.03	
536.881	18745.21	
537.081	18612.3	
537.281	18560.08	
537.481	18512.36	
537.681	18539.19	
537.881	18567.86	
538.081	18683.16	
538.281	18744.8	
538.48	18847.61	
538.68	18892.26	
538.88	18985.03	
539.08	19019.84	
539.28	19067.56	
539.479	19117.94	
539.679	19180.61	
539.879	19162.18	
540.079	19127.36	
540.278	19057.32	
540.478	18926.46	
540.678	18802.55	
540.877	18682.75	
541.077	18549.63	
541.277	18406.07	
541.476	18381.7	
541.676	18298.14	
541.876	18312.48	
542.075	18380.26	
542.275	18457.68	
542.474	18493.93	
542.674	18600.01	
542.874	18599.19	
543.073	18622.95	
543.273	18672.92	
543.472	18715.93	
543.672	18735.79	
543.871	18767.12	
544.071	18755.04	
544.27	18768.76	
544.47	18732.31	
544.669	18689.71	
544.868	18640.56	
545.068	18611.48	
545.267	18480.41	
545.467	18453.58	
545.666	18384.97	
545.865	18333.77	
546.065	18285.85	
546.264	18313.7	
546.463	18255.34	
546.663	18183.25	
546.862	18136.76	
547.061	18105.84	
547.261	18062.83	
547.46	18068.15	
547.659	18099.28	
547.858	18102.97	
548.058	18015.52	
548.257	18007.33	
548.456	17950.19	
548.655	17883.84	
548.854	17804.99	
549.053	17815.23	
549.253	17783.49	
549.452	17769.56	
549.651	17830.79	
549.85	17897.15	
550.049	17860.49	
550.248	17787.79	
550.447	17735.97	
550.646	17594.66	
550.845	17510.49	
551.044	17443.11	
551.243	17362.63	
551.442	17243.85	
551.641	17146.57	
551.84	17078.57	
552.039	17087.38	
552.238	17169.09	
552.437	17211.28	
552.636	17400.72	
552.835	17501.28	
553.034	17637.06	
553.233	17775.5	
553.432	17948.96	
553.63	18059.35	
553.829	18154.17	
554.028	18263.73	
554.227	18310.43	
554.426	18375.76	
554.625	18412.83	
554.823	18463.41	
555.022	18463.62	
555.221	18489.63	
555.42	18502.12	
555.618	18504.78	
555.817	18531.81	
556.016	18539.39	
556.214	18518.5	
556.413	18451.12	
556.612	18396.65	
556.81	18294.86	
557.009	18144.54	
557.208	17964.53	
557.406	17807.65	
557.605	17595.89	
557.803	17396.83	
558.002	17221.11	
558.201	17050.72	
558.399	16948.73	
558.598	16849	
558.796	16830.36	
558.995	16784.28	
559.193	16789.61	
559.392	16704	
559.59	16687.62	
559.789	16637.03	
559.987	16615.73	
560.185	16610.82	
560.384	16619.22	
560.582	16570.47	
560.781	16597.92	
560.979	16612.25	
561.177	16561.05	
561.376	16562.49	
561.574	16633.96	
561.772	16561.46	
561.971	16625.15	
562.169	16653.62	
562.367	16651.78	
562.566	16621.67	
562.764	16704.62	
562.962	16674.31	
563.16	16650.75	
563.358	16715.06	
563.557	16754.38	
563.755	16724.28	
563.953	16722.84	
564.151	16737.79	
564.349	16717.11	
564.547	16654.85	
564.746	16632.73	
564.944	16527.47	
565.142	16495.52	
565.34	16421.38	
565.538	16434.9	
565.736	16368.54	
565.934	16404.38	
566.132	16396.81	
566.33	16416.67	
566.528	16412.58	
566.726	16375.92	
566.924	16352.57	
567.122	16313.25	
567.32	16297.68	
567.518	16264.3	
567.716	16324.31	
567.914	16342.13	
568.112	16360.35	
568.31	16334.55	
568.507	16312.02	
568.705	16216.17	
568.903	16148.39	
569.101	16122.38	
569.299	16108.86	
569.497	16089.41	
569.694	16090.63	
569.892	16070.56	
570.09	16025.51	
570.288	15949.53	
570.486	15912.46	
570.683	15900.17	
570.881	15954.24	
571.079	15950.96	
571.276	16002.78	
571.474	16050.7	
571.672	16123.2	
571.869	16108.04	
572.067	16140.4	
572.265	16177.67	
572.462	16144.5	
572.66	16103.95	
572.857	16042.3	
573.055	16006.67	
573.253	15900.17	
573.45	15747.19	
573.648	15704.8	
573.845	15618.37	
574.043	15383.47	
574.24	15070.54	
574.438	14853.46	
574.635	14503.87	
574.832	14231.9	
575.03	14191.35	
575.227	14407.61	
575.425	14626.13	
575.622	14790.17	
575.82	14952.17	
576.017	15061.53	
576.214	15007.05	
576.412	14985.14	
576.609	14971.83	
576.806	15005.83	
577.004	15027.12	
577.201	15132.59	
577.398	15166.59	
577.595	15295.61	
577.793	15342.72	
577.99	15377.12	
578.187	15293.36	
578.384	15261.62	
578.582	15202.23	
578.779	15196.9	
578.976	15145.09	
579.173	15191.99	
579.37	15163.11	
579.567	15114.78	
579.764	15097.78	
579.962	15132.59	
580.159	15101.67	
580.356	15164.54	
580.553	15217.79	
580.75	15250.97	
580.947	15269.6	
581.144	15373.64	
581.341	15425.04	
581.538	15575.16	
581.735	15723.02	
581.932	15834.02	
582.129	15822.56	
582.326	15873.55	
582.523	15772.38	
582.72	15653.8	
582.916	15531.74	
583.113	15402.31	
583.31	15232.74	
583.507	15105.36	
583.704	14973.26	
583.901	14843.42	
584.098	14777.07	
584.294	14666.68	
584.491	14525.17	
584.688	14431.78	
584.885	14357.64	
585.082	14403.31	
585.278	14457.79	
585.475	14531.11	
585.672	14588.24	
585.868	14721.57	
586.065	14715.83	
586.262	14750.03	
586.458	14926.77	
586.655	15077.71	
586.852	15177.04	
587.048	15307.7	
587.245	15445.11	
587.442	15515.16	
587.638	15595.03	
587.835	15639.26	
588.031	15687.59	
588.228	15673.46	
588.424	15608.75	
588.621	15581.1	
588.817	15504.3	
589.014	15410.5	
589.21	15288.24	
589.407	15169.05	
589.603	15024.46	
589.8	14906.29	
589.996	14802.67	
590.192	14730.58	
590.389	14643.95	
590.585	14540.73	
590.782	14499.36	
590.978	14471.1	
591.174	14467.41	
591.371	14451.03	
591.567	14414.99	
591.763	14377.92	
591.959	14273.27	
592.156	14183.36	
592.352	14131.75	
592.548	14096.12	
592.744	14023.01	
592.941	14038.57	
593.137	14012.36	
593.333	14025.87	
593.529	14109.22	
593.725	14177.22	
593.922	14248.08	
594.118	14359.08	
594.314	14414.17	
594.51	14424.61	
594.706	14432.19	
594.902	14502.43	
595.098	14508.78	
595.294	14523.12	
595.49	14502.64	
595.686	14525.78	
595.882	14411.91	
596.078	14323.44	
596.274	14279.82	
596.47	14201.59	
596.666	14098.37	
596.862	14002.32	
597.058	13964.64	
597.254	13858.35	
597.45	13795.48	
597.646	13776.84	
597.842	13712.94	
598.037	13678.54	
598.233	13668.3	
598.429	13702.09	
598.625	13648.64	
598.821	13604.61	
599.017	13532.11	
599.212	13545.83	
599.408	13511.42	
599.604	13482.55	
599.8	13518.39	
599.995	13509.37	
600.191	13428.48	
600.387	13319.32	
600.582	13290.04	
600.778	13308.26	
600.974	13348.4	
601.169	13346.97	
601.365	13416.19	
601.561	13403.09	
601.756	13374.82	
601.952	13426.43	
602.147	13411.48	
602.343	13385.27	
602.538	13383.83	
602.734	13373.8	
602.93	13265.87	
603.125	13251.74	
603.321	13214.88	
603.516	13212.62	
603.711	13172.89	
603.907	13191.94	
604.102	13181.7	
604.298	13149.14	
604.493	13173.92	
604.689	13233.92	
604.884	13287.78	
605.079	13390.18	
605.275	13524.12	
605.47	13627.95	
605.665	13742.43	
605.861	13845.24	
606.056	13913.44	
606.251	13925.93	
606.447	13937.81	
606.642	13898.28	
606.837	13869	
607.032	13885.18	
607.227	13905.04	
607.423	13918.56	
607.618	13926.96	
607.813	13926.34	
608.008	13881.9	
608.203	13914.46	
608.398	13863.67	
608.594	13888.45	
608.789	13887.63	
608.984	13934.53	
609.179	13974.06	
609.374	14065.19	
609.569	14105.95	
609.764	14168.21	
609.959	14282.28	
610.154	14346.99	
610.349	14448.37	
610.544	14583.33	
610.739	14686.75	
610.934	14674.67	
611.129	14743.07	
611.324	14739.18	
611.519	14738.98	
611.714	14746.14	
611.909	14773.79	
612.103	14771.13	
612.298	14790.17	
612.493	14783.62	
612.688	14802.67	
612.883	14810.65	
613.078	14779.93	
613.272	14831.13	
613.467	14857.96	
613.662	14833.59	
613.857	14897.49	
614.051	14948.28	
614.246	14930.66	
614.441	14928.41	
614.635	14940.9	
614.83	14925.75	
615.025	14975.93	
615.219	15018.52	
615.414	15059.89	
615.609	15154.51	
615.803	15219.43	
615.998	15297.25	
616.192	15398.83	
616.387	15544.03	
616.582	15631.07	
616.776	15760.09	
616.971	15818.05	
617.165	15883.58	
617.36	15837.3	
617.554	15891.78	
617.749	15920.45	
617.943	15928.03	
618.138	15859.21	
618.332	15945.02	
618.526	15901.2	
618.721	15855.53	
618.915	15817.44	
619.11	15840.99	
619.304	15746.58	
619.498	15782.21	
619.693	15771.77	
619.887	15762.35	
620.081	15679.61	
620.275	15708.89	
620.47	15592.57	
620.664	15528.88	
620.858	15466.62	
621.052	15487.1	
621.247	15460.27	
621.441	15458.22	
621.635	15466	
621.829	15476.24	
622.023	15426.89	
622.218	15351.73	
622.412	15271.65	
622.606	15146.52	
622.8	15018.32	
622.994	14931.07	
623.188	14815.98	
623.382	14824.78	
623.576	14867.18	
623.77	14888.68	
623.964	14900.15	
624.158	14956.26	
624.352	14947.66	
624.546	14910.39	
624.74	14871.68	
624.934	14878.44	
625.128	14844.04	
625.322	14774.61	
625.516	14764.17	
625.71	14769.69	
625.904	14717.06	
626.098	14703.55	
626.291	14679.17	
626.485	14602.38	
626.679	14554.04	
626.873	14581.9	
627.067	14581.49	
627.26	14616.3	
627.454	14721.98	
627.648	14804.51	
627.842	14831.75	
628.035	14837.07	
628.229	14826.42	
628.423	14756.38	
628.617	14716.65	
628.81	14679.17	
629.004	14639.65	
629.198	14632.48	
629.391	14610.77	
629.585	14587.02	
629.778	14595	
629.972	14611.18	
630.166	14604.83	
630.359	14602.79	
630.553	14600.33	
630.746	14597.87	
630.94	14653.17	
631.133	14650.91	
631.327	14692.28	
631.52	14734.88	
631.714	14759.45	
631.907	14760.68	
632.1	14845.06	
632.294	14915.92	
632.487	14890.73	
632.681	14874.96	
632.874	14835.43	
633.067	14722.8	
633.261	14593.16	
633.454	14484.41	
633.647	14368.29	
633.841	14190.12	
634.034	14075.02	
634.227	13945.18	
634.421	13878.42	
634.614	13845.65	
634.807	13842.58	
635	13801.01	
635.193	13784.62	
635.387	13755.54	
635.58	13681.61	
635.773	13659.29	
635.966	13630.61	
636.159	13673.42	
636.352	13672.6	
636.545	13679.97	
636.739	13664.41	
636.932	13712.94	
637.125	13613	
637.318	13619.15	
637.511	13616.28	
637.704	13590.06	
637.897	13629.39	
638.09	13654.17	
638.283	13713.76	
638.476	13778.27	
638.669	13863.06	
638.862	13883.33	
639.055	13986.55	
639.247	14026.08	
639.44	14077.69	
639.633	14154.08	
639.826	14208.14	
640.019	14226.16	
640.212	14222.07	
640.405	14168.82	
640.597	14123.77	
640.79	14035.5	
640.983	14007.44	
641.176	13920.81	
641.368	13905.04	
641.561	13848.11	
641.754	13770.29	
641.947	13662.36	
642.139	13609.32	
642.332	13491.56	
642.525	13393.66	
642.717	13331.2	
642.91	13201.77	
643.103	13155.69	
643.295	13137.26	
643.488	13123.13	
643.68	13114.12	
643.873	13191.33	
644.065	13160.2	
644.258	13196.04	
644.45	13199.93	
644.643	13207.91	
644.835	13209.55	
645.028	13187.02	
645.22	13137.05	
645.413	13076.84	
645.605	13005.78	
645.798	12947.62	
645.99	12885.97	
646.182	12761.46	
646.375	12682	
646.567	12630.59	
646.76	12578.57	
646.952	12581.44	
647.144	12629.98	
647.337	12732.78	
647.529	12806.92	
647.721	12889.86	
647.913	12983.87	
648.106	13078.89	
648.298	13101.42	
648.49	13205.25	
648.682	13202.79	
648.874	13250.51	
649.067	13297	
649.259	13314.61	
649.451	13266.69	
649.643	13321.78	
649.835	13252.56	
650.027	13123.74	
650.219	13028.1	
650.411	12927.75	
650.603	12784.6	
650.796	12736.06	
650.988	12733.4	
651.18	12727.87	
651.372	12763.3	
651.564	12791.56	
651.756	12771.9	
651.948	12750.4	
652.139	12723.57	
652.331	12680.77	
652.523	12675.85	
652.715	12665.2	
652.907	12656.6	
653.099	12643.08	
653.291	12670.73	
653.483	12673.19	
653.674	12715.58	
653.866	12729.71	
654.058	12707.8	
654.25	12678.92	
654.442	12652.3	
654.633	12602.94	
654.825	12570.79	
655.017	12594.34	
655.209	12592.29	
655.4	12550.11	
655.592	12548.47	
655.784	12565.06	
655.975	12543.55	
656.167	12486.62	
656.359	12461.02	
656.55	12378.9	
656.742	12268.92	
656.933	12214.03	
657.125	12097.91	
657.316	11997.36	
657.508	11864.65	
657.7	11734.6	
657.891	11571.38	
658.083	11494.38	
658.274	11371.09	
658.466	11282.41	
658.657	11211.55	
658.848	11138.65	
659.04	11054.27	
659.231	10981.77	
659.423	10976.24	
659.614	10930.78	
659.805	10954.74	
659.997	11006.35	
660.188	11075.98	
660.379	11110.79	
660.571	11175.92	
660.762	11201.11	
660.953	11282.82	
661.145	11301.05	
661.336	11316.41	
661.527	11523.25	
661.718	11559.91	
661.909	11474.1	
662.101	11405.09	
662.292	11304.33	
662.483	10983.41	
662.674	10849.47	
662.865	10722.91	
663.056	10654.51	
663.247	10585.69	
663.439	10592.25	
663.63	10547.4	
663.821	10534.5	
664.012	10556.82	
664.203	10597.78	
664.394	10565.42	
664.585	10586.92	
664.776	10549.86	
664.967	10492.31	
665.158	10419.81	
665.349	10423.7	
665.54	10353.25	
665.73	10349.36	
665.921	10277.27	
666.112	10213.99	
666.303	10089.47	
666.494	10056.91	
666.685	9989.33	
666.876	9960.45	
667.066	9951.23	
667.257	9959.43	
667.448	9896.14	
667.639	9846.79	
667.83	9804.8	
668.02	9726.78	
668.211	9635.03	
668.402	9610.66	
668.592	9513.58	
668.783	9417.33	
668.974	9373.09	
669.164	9341.14	
669.355	9270.49	
669.546	9263.73	
669.736	9261.27	
669.927	9232.81	
670.117	9200.04	
670.308	9158.26	
670.499	9102.76	
670.689	9055.45	
670.88	9014.7	
671.07	9012.24	
671.261	8970.05	
671.451	8971.9	
671.641	8959.61	
671.832	8973.94	
672.022	8945.48	
672.213	8932.98	
672.403	8926.23	
672.594	8921.11	
672.784	8866.22	
672.974	8819.12	
673.165	8758.5	
673.355	8722.86	
673.545	8667.77	
673.736	8636.03	
673.926	8598.55	
674.116	8620.46	
674.306	8565.99	
674.497	8554.72	
674.687	8516.43	
674.877	8510.28	
675.067	8470.96	
675.257	8489.39	
675.448	8429.39	
675.638	8460.31	
675.828	8385.77	
676.018	8351.36	
676.208	8268.42	
676.398	8257.56	
676.588	8148.82	
676.778	8125.26	
676.968	8091.47	
677.158	8099.46	
677.348	8050.51	
677.538	8032.7	
677.728	8048.88	
677.918	7990.51	
678.108	7903.67	
678.298	7863.33	
678.488	7816.23	
678.678	7743.11	
678.868	7719.56	
679.058	7674.51	
679.248	7628.02	
679.438	7583.58	
679.627	7509.24	
679.817	7452.3	
680.007	7425.88	
680.197	7390.25	
680.387	7359.32	
680.576	7337	
680.766	7301.37	
680.956	7290.31	
681.146	7295.02	
681.335	7276.59	
681.525	7257.13	
681.715	7304.85	
681.904	7311.81	
682.094	7302.6	
682.284	7308.13	
682.473	7332.29	
682.663	7338.23	
682.852	7336.59	
683.042	7329.22	
683.231	7323.69	
683.421	7306.69	
683.61	7273.11	
683.8	7233.58	
683.989	7252.63	
684.179	7244.23	
684.368	7216.58	
684.558	7184.63	
684.747	7136.1	
684.937	7040.05	
685.126	7005.85	
685.316	6951.37	
685.505	6894.44	
685.694	6901.81	
685.884	6893.41	
686.073	6805.55	
686.262	6767.67	
686.452	6742.48	
686.641	6672.64	
686.83	6610.79	
687.019	6605.26	
687.209	6578.02	
687.398	6526.62	
687.587	6469.48	
687.776	6404.77	
687.965	6327.35	
688.155	6271.65	
688.344	6172.12	
688.533	6139.96	
688.722	6111.91	
688.911	6147.34	
689.1	6154.09	
689.289	6204.47	
689.478	6220.24	
689.667	6225.77	
689.856	6123.38	
690.045	6085.9	
690.234	6014.83	
690.423	5983.09	
690.612	5906.7	
690.801	5903.22	
690.99	5837.89	
691.179	5817.2	
691.368	5741.63	
691.557	5730.78	
691.746	5678.56	
691.935	5641.49	
692.124	5576.57	
692.312	5550.15	
692.501	5526.19	
692.69	5523.32	
692.879	5498.95	
693.068	5490.96	
693.256	5473.15	
693.445	5457.79	
693.634	5415.6	
693.823	5405.97	
694.011	5388.36	
694.2	5361.94	
694.389	5328.97	
694.577	5315.86	
694.766	5289.65	
694.955	5269.17	
695.143	5256.88	
695.332	5246.64	
695.52	5209.16	
695.709	5192.16	
695.897	5187.45	
696.086	5141.78	
696.275	5124.58	
696.463	5160.42	
696.652	5148.75	
696.84	5148.95	
697.028	5193.19	
697.217	5188.27	
697.405	5190.32	
697.594	5212.64	
697.782	5171.48	
697.971	5098.78	
698.159	5070.72	
698.347	5003.75	
698.536	4907.5	
698.724	4878.21	
698.912	4840.53	
699.1	4797.32	
699.289	4778.27	
699.477	4762.91	
699.665	4736.7	
699.854	4727.89	
700.042	4707.61	
700.23	4690.82	
700.418	4714.78	
700.606	4704.95	
700.794	4696.76	
700.983	4687.34	
701.171	4680.38	
701.359	4645.15	
701.547	4648.43	
701.735	4629.18	
701.923	4583.92	
702.111	4507.94	
702.299	4469.03	
702.487	4431.96	
702.675	4363.35	
702.863	4373.8	
703.051	4364.78	
703.239	4338.16	
703.427	4282.87	
703.615	4268.73	
703.803	4184.77	
703.991	4155.89	
704.179	4144.42	
704.367	4140.12	
704.554	4141.56	
704.742	4137.26	
704.93	4129.68	
705.118	4116.16	
705.306	4060.66	
705.493	3998.2	
705.681	3961.13	
705.869	3945.77	
706.057	3877.98	
706.244	3838.66	
706.432	3830.88	
706.62	3821.66	
706.807	3722.13	
706.995	3688.55	
707.183	3641.44	
707.37	3605.4	
707.558	3573.45	
707.746	3600.28	
707.933	3592.09	
708.121	3615.02	
708.308	3574.27	
708.496	3522.05	
708.683	3457.53	
708.871	3458.35	
709.058	3417.6	
709.246	3405.31	
709.433	3363.74	
709.621	3348.38	
709.808	3298.2	
709.995	3289.6	
710.183	3294.93	
710.37	3330.15	
710.558	3345.51	
710.745	3330.56	
710.932	3303.32	
711.12	3280.79	
711.307	3260.11	
711.494	3236.76	
711.681	3240.45	
711.869	3219.36	
712.056	3213.62	
712.243	3207.68	
712.43	3175.94	
712.618	3172.05	
712.805	3162.83	
712.992	3138.46	
713.179	3107.33	
713.366	3119.41	
713.553	3107.33	
713.74	3110.61	
713.928	3057.57	
714.115	3044.46	
714.302	2995.1	
714.489	2969.3	
714.676	2921.58	
714.863	2950.87	
715.05	2902.53	
715.237	2884.1	
715.424	2807.71	
715.611	2808.33	
715.798	2778.22	
715.984	2777.61	
716.171	2763.07	
716.358	2763.07	
716.545	2738.49	
716.732	2721.9	
716.919	2676.64	
717.106	2652.07	
717.293	2649.82	
717.479	2632.2	
717.666	2594.11	
717.853	2605.99	
718.04	2623.6	
718.226	2616.64	
718.413	2583.05	
718.6	2583.26	
718.786	2562.78	
718.973	2521.41	
719.16	2496.42	
719.346	2509.94	
719.533	2474.51	
719.72	2506.05	
719.906	2488.03	
720.093	2487	
720.279	2435.19	
720.466	2442.97	
720.652	2401.19	
720.839	2397.51	
721.025	2381.33	
721.212	2384.81	
721.398	2357.57	
721.585	2354.7	
721.771	2336.27	
721.958	2291.63	
722.144	2278.11	
722.331	2228.75	
722.517	2156.66	
722.703	2135.37	
722.89	2109.97	
723.076	2086.01	
723.262	2110.59	
723.449	2101.78	
723.635	2064.92	
723.821	2059.59	
724.007	2035.22	
724.194	2003.07	
724.38	1998.77	
724.566	1998.56	
724.752	1994.47	
724.938	2010.64	
725.125	2022.32	
725.311	2008.19	
725.497	2000.2	
725.683	1971.53	
725.869	1935.89	
726.055	1918.69	
726.241	1915.41	
726.427	1895.34	
726.613	1882.65	
726.799	1908.86	
726.985	1880.8	
727.171	1884.69	
727.357	1905.17	
727.543	1928.93	
727.729	1889.4	
727.915	1894.52	
728.101	1884.49	
728.287	1873.02	
728.473	1848.45	
728.659	1850.49	
728.845	1821.21	
729.03	1786.8	
729.216	1775.74	
729.402	1740.11	
729.588	1715.94	
729.774	1719.83	
729.959	1728.43	
730.145	1728.64	
730.331	1738.67	
730.517	1758.13	
730.702	1761.82	
730.888	1759.56	
731.074	1715.33	
731.259	1730.89	
731.445	1720.45	
731.63	1718.6	
731.816	1693.21	
732.002	1744.82	
732.187	1756.9	
732.373	1726.39	
732.558	1706.73	
732.744	1735.4	
732.929	1685.63	
733.115	1612.52	
733.3	1560.3	
733.486	1552.92	
733.671	1480.02	
733.857	1452.57	
734.042	1453.39	
734.227	1455.24	
734.413	1452.16	
734.598	1473.46	
734.784	1441.31	
734.969	1434.35	
735.154	1425.34	
735.339	1388.47	
735.525	1372.5	
735.71	1375.57	
735.895	1338.71	
736.081	1328.06	
736.266	1312.08	
736.451	1282.39	
736.636	1299.59	
736.821	1299.59	
737.007	1288.12	
737.192	1286.07	
737.377	1270.51	
737.562	1203.74	
737.747	1196.99	
737.932	1196.37	
738.117	1151.93	
738.302	1174.05	
738.487	1206.41	
738.672	1186.13	
738.857	1197.19	
739.042	1227.71	
739.227	1234.87	
739.412	1217.06	
739.597	1225.86	
739.782	1222.79	
739.967	1193.1	
740.152	1175.89	
740.337	1181.83	
740.522	1181.63	
740.706	1166.06	
740.891	1202.11	
741.076	1200.47	
741.261	1198.83	
741.446	1189.2	
741.63	1184.29	
741.815	1152.55	
742	1112.41	
742.185	1092.74	
742.369	1091.11	
742.554	1063.66	
742.739	1065.51	
742.923	1071.86	
743.108	1077.79	
743.293	1075.54	
743.477	1063.87	
743.662	1079.43	
743.846	1068.58	
744.031	1062.64	
744.216	1054.45	
744.4	1106.67	
744.585	1069.4	
744.769	1080.87	
744.954	1042.98	
745.138	1029.46	
745.322	994.65	
745.507	964.34	
745.691	935.26	
745.876	944.06	
746.06	958.81	
746.244	962.9	
746.429	995.88	
746.613	988.3	
746.798	986.05	
746.982	956.76	
747.166	952.66	
747.35	909.45	
747.535	904.33	
747.719	904.74	
747.903	918.67	
748.087	882.21	
748.272	890.82	
748.456	907.81	
748.64	890.2	
748.824	871.56	
749.008	879.14	
749.192	857.23	
749.376	834.7	
749.56	823.64	
749.745	784.94	
749.929	786.98	
750.113	809.92	
750.297	780.43	
750.481	790.87	
750.665	805.21	
750.849	783.3	
751.033	771.21	
751.217	765.68	
751.4	743.57	
751.584	737.01	
751.768	738.65	
751.952	706.91	
752.136	721.45	
752.32	715.51	
752.504	731.48	
752.688	720.42	
752.871	734.35	
753.055	730.46	
753.239	733.74	
753.423	733.74	
753.606	723.29	
753.79	739.88	
753.974	733.33	
754.157	715.1	
754.341	685.4	
754.525	678.65	
754.708	662.06	
754.892	638.1	
755.076	647.93	
755.259	651.41	
755.443	616.8	
755.626	611.68	
755.81	638.92	
755.993	626.63	
756.177	617.21	
756.36	657.96	
756.544	636.87	
756.727	615.98	
756.911	624.17	
757.094	631.34	
757.278	611.06	
757.461	592.84	
757.644	585.05	
757.828	553.11	
758.011	552.7	
758.195	552.7	
758.378	558.23	
758.561	543.07	
758.744	554.54	
758.928	559.04	
759.111	558.84	
759.294	579.11	
759.477	596.11	
759.661	607.17	
759.844	596.73	
760.027	596.93	
760.21	581.98	
760.393	583.21	
760.576	569.69	
760.76	536.11	
760.943	506	
761.126	531.4	
761.309	543.48	
761.492	553.72	
761.675	558.23	
761.858	585.87	
762.041	541.02	
762.224	510.3	
762.407	509.07	
762.59	528.53	
762.773	500.68	
762.956	519.72	
763.139	529.35	
763.321	524.64	
763.504	493.51	
763.687	523.82	
763.87	526.28	
764.053	526.69	
764.236	533.44	
764.418	565.19	
764.601	551.47	
764.784	551.06	
764.967	564.98	
765.149	556.79	
765.332	553.31	
765.515	564.16	
765.697	540.82	
765.88	530.78	
766.063	519.11	
766.245	518.49	
766.428	493.92	
766.611	508.87	
766.793	507.85	
766.976	521.36	
767.158	492.49	
767.341	520.54	
767.523	512.96	
767.706	533.24	
767.888	510.51	
768.071	562.32	
768.253	536.93	
768.436	558.43	
768.618	545.53	
768.8	605.53	
768.983	585.67	
769.165	596.11	
769.348	564.16	
769.53	545.73	
769.712	491.46	
769.895	471.39	
770.077	481.02	
770.259	492.89	
770.441	491.26	
770.624	528.94	
770.806	545.94	
770.988	518.49	
771.17	516.86	
771.352	534.67	
771.535	526.28	
771.717	517.88	
771.899	518.29	
772.081	531.4	
772.263	509.69	
772.445	477.13	
772.627	440.47	
772.809	438.21	
772.991	426.34	
773.173	438.42	
773.355	427.77	
773.537	441.29	
773.719	433.09	
773.901	449.07	
774.083	427.77	
774.265	421.42	
774.447	409.13	
774.629	414.66	
774.811	388.65	
774.992	401.97	
775.174	397.66	
775.356	429.82	
775.538	422.85	
775.72	410.98	
775.901	397.25	
776.083	389.06	
776.265	355.48	
776.447	374.93	
776.628	381.89	
776.81	376.98	
776.992	414.25	
777.173	425.31	
777.355	398.69	
777.537	410.16	
777.718	408.52	
777.9	394.59	
778.081	381.69	
778.263	385.17	
778.444	368.38	
778.626	355.07	
778.807	326.19	
778.989	318.61	
779.17	304.89	
779.352	273.35	
779.533	273.76	
779.715	303.87	
779.896	281.13	
780.078	297.72	
780.259	321.28	
780.44	315.54	
780.622	289.33	
780.803	348.1	
780.984	333.56	
781.166	311.04	
781.347	320.46	
781.528	310.01	
781.709	273.15	
781.891	279.5	
782.072	294.24	
782.253	290.76	
782.434	291.37	
782.615	280.73	
782.796	278.88	
782.978	295.06	
783.159	297.93	
783.34	323.32	
783.521	329.88	
783.702	329.88	
783.883	314.72	
784.064	319.02	
784.245	285.64	
784.426	301	
784.607	295.27	
784.788	314.52	
784.969	276.63	
785.15	298.54	
785.331	244.68	
785.512	251.64	
785.692	222.36	
785.873	242.84	
786.054	220.72	
786.235	236.49	
786.416	236.49	
786.597	235.67	
786.777	218.26	
786.958	211.5	
787.139	225.63	
787.32	218.06	
787.5	226.66	
787.681	223.59	
787.862	235.87	
788.042	239.15	
788.223	226.25	
788.404	190.82	
788.584	210.28	
788.765	228.09	
788.946	217.65	
789.126	222.36	
789.307	253.69	
789.487	264.34	
789.668	233.62	
789.848	227.48	
790.029	193.48	
790.209	180.99	
790.39	147.4	
790.57	150.47	
790.75	177.3	
790.931	185.29	
791.111	168.09	
791.292	193.69	
791.472	191.23	
791.652	190.41	
791.833	191.23	
792.013	201.06	
792.193	171.98	
792.373	183.65	
792.554	167.47	
792.734	177.51	
792.914	159.69	
793.094	170.75	
793.275	166.65	
793.455	155.59	
793.635	162.76	
793.815	193.48	
793.995	174.03	
794.175	173.62	
794.355	208.02	
794.535	221.13	
794.715	211.5	
794.896	221.13	
795.076	205.56	
795.256	192.87	
795.436	150.27	
795.616	172.39	
795.795	181.6	
795.975	184.47	
796.155	186.52	
796.335	206.79	
796.515	202.49	
796.695	208.23	
796.875	243.04	
797.055	224.2	
797.234	232.39	
797.414	210.48	
797.594	200.65	
797.774	174.03	
797.954	155.8	
798.133	158.46	
798.313	146.99	
798.493	144.13	
798.672	120.57	
798.852	125.08	
799.032	93.54	
799.211	87.4	
799.391	87.4	
799.571	99.68	
799.75	95.18	
799.93	117.91	
800.109	130.4	
800.289	126.72	
800.468	120.37	
800.648	118.32	
800.827	110.33	
801.007	102.55	
801.186	85.14	
801.366	97.02	
801.545	116.07	
801.725	141.05	
801.904	110.95	
802.083	128.77	
802.263	117.71	
802.442	134.5	
802.621	109.31	
802.801	162.97	
802.98	177.71	
803.159	166.04	
803.338	125.9	
803.518	153.34	
803.697	120.57	
803.876	128.97	
804.055	135.73	
804.235	170.14	
804.414	142.69	
804.593	159.08	
804.772	123.44	
804.951	123.85	
805.13	80.02	
805.309	91.49	
805.488	89.85	
805.667	103.78	
805.846	112.59	
806.025	128.77	
806.204	143.92	
806.383	133.68	
806.562	120.57	
806.741	127.33	
806.92	140.85	
807.099	116.89	
807.278	100.5	
807.457	96.61	
807.636	91.7	
807.814	89.45	
807.993	91.29	
808.172	101.73	
808.351	111.97	
808.53	106.65	
808.708	93.75	
808.887	91.08	
809.066	130.2	
809.244	123.03	
809.423	115.04	
809.602	123.65	
809.78	136.34	
809.959	104.4	
810.138	113	
810.316	116.27	
810.495	110.74	
810.673	73.06	
810.852	73.06	
811.03	82.48	
811.209	91.49	
811.388	94.97	
811.566	97.02	
811.744	100.71	
811.923	89.65	
812.101	81.66	
812.28	113	
812.458	140.03	
812.637	124.47	
812.815	130.61	
812.993	143.72	
813.172	128.56	
813.35	93.75	
813.528	122.62	
813.706	107.67	
813.885	96	
814.063	64.26	
814.241	115.45	
814.419	106.44	
814.598	127.33	
814.776	124.06	
814.954	123.44	
815.132	102.14	
815.31	106.65	
815.488	74.9	
815.666	84.12	
815.844	77.16	
816.022	48.9	
816.201	28.62	
816.379	59.14	
816.557	56.68	
816.735	78.18	
816.913	101.53	
817.09	120.78	
817.268	83.92	
817.446	69.17	
817.624	49.51	
817.802	77.57	
817.98	55.45	
818.158	71.83	
818.336	45.82	
818.514	59.75	
818.691	40.29	
818.869	65.69	
819.047	70.4	
819.225	92.31	
819.402	73.68	
819.58	85.55	
819.758	92.31	
819.935	86.78	
820.113	89.04	
820.291	96	
820.468	68.35	
820.646	57.5	
820.824	77.77	
821.001	117.09	
821.179	146.38	
821.356	149.66	
821.534	134.91	
821.711	107.06	
821.889	96	
822.066	84.53	
822.244	93.54	
822.421	97.02	
822.599	115.25	
822.776	81.05	
822.953	59.75	
823.131	32.1	
823.308	14.28	
823.486	21.45	
823.663	31.69	
823.84	46.03	
824.017	36.2	
824.195	48.08	
824.372	39.27	
824.549	30.87	
824.726	29.85	
824.904	42.96	
825.081	53.61	
825.258	43.37	
825.435	48.9	
825.612	52.99	
825.789	29.03	
825.967	31.9	
826.144	52.99	
826.321	71.63	
826.498	67.74	
826.675	107.67	
826.852	86.37	
827.029	67.33	
827.206	59.34	
827.383	48.08	
827.56	65.69	
827.737	77.36	
827.914	86.37	
828.09	79.61	
828.267	81.25	
828.444	48.69	
828.621	26.37	
828.798	50.12	
828.975	29.64	
829.151	34.97	
829.328	59.14	
829.505	98.87	
829.682	71.83	
829.858	85.55	
830.035	104.6	
830.212	81.87	
830.389	58.52	
830.565	39.47	
830.742	56.68	
830.918	46.85	
831.095	44.8	
831.272	48.69	
831.448	48.49	
831.625	63.03	
831.801	53.2	
831.978	60.98	
832.154	47.67	
832.331	69.78	
832.507	35.99	
832.684	57.5	
832.86	67.33	
833.037	122.01	
833.213	110.54	
833.389	120.78	
833.566	68.97	
833.742	36.2	
833.918	-5.79	
834.095	-34.66	
834.271	-67.22	
834.447	-9.88	
834.624	3.02	
834.8	-3.33	
834.976	32.92	
835.152	41.73	
835.328	20.22	
835.505	35.17	
835.681	43.57	
835.857	15.31	
836.033	48.49	
836.209	92.93	
836.385	84.12	
836.561	83.92	
836.737	103.78	
836.913	69.78	
837.089	43.57	
837.265	46.23	
837.441	60.77	
837.617	67.12	
837.793	66.92	
837.969	57.7	
838.145	63.44	
838.321	47.26	
838.497	47.05	
838.673	75.52	
838.849	44.39	
839.025	61.8	
839.2	75.11	
839.376	82.28	
839.552	64.46	
839.728	95.18	
839.903	75.11	
840.079	73.47	
840.255	57.5	
840.431	110.95	
840.606	79.82	
840.782	98.46	
840.958	57.91	
841.133	62.82	
841.309	22.27	
841.484	55.24	
841.66	35.38	
841.835	54.22	
842.011	46.03	
842.186	64.87	
842.362	29.85	
842.537	31.9	
842.713	23.5	
842.888	23.5	
843.064	-13.36	
843.239	9.57	
843.415	10.8	
843.59	40.7	
843.765	43.98	
843.941	67.33	
844.116	86.17	
844.291	67.12	
844.467	55.86	
844.642	71.42	
844.817	77.57	
844.992	43.16	
845.168	64.87	
845.343	72.24	
845.518	48.9	
845.693	48.28	
845.868	60.57	
846.043	35.17	
846.219	7.94	
846.394	47.46	
846.569	39.07	
846.744	39.07	
846.919	47.46	
847.094	107.88	
847.269	77.77	
847.444	72.24	
847.619	72.45	
847.794	110.33	
847.969	91.9	
848.144	99.48	
848.319	102.55	
848.494	115.66	
848.668	105.21	
848.843	94.36	
849.018	94.56	
849.193	83.1	
849.368	85.76	
849.542	89.24	
849.717	81.46	
849.892	76.95	
850.067	93.95	
850.241	101.94	
850.416	78.18	
850.591	89.45	
850.765	68.97	
850.94	89.45	
851.115	54.83	
851.289	61.18	
851.464	49.51	
851.639	59.54	
851.813	33.13	
851.988	56.47	
852.162	43.37	
852.337	30.67	
852.511	50.12	
852.686	70.81	
852.86	64.05	
853.035	73.68	
853.209	77.57	
853.383	87.19	
853.558	52.58	
853.732	65.28	
853.906	53.4	
854.081	69.37	
854.255	47.87	
854.429	76.34	
854.604	57.29	
854.778	76.75	
854.952	65.89	
855.126	94.56	
855.301	69.37	
855.475	57.7	
855.649	54.22	
855.823	45.21	
855.997	19.2	
856.171	31.08	
856.345	37.63	
856.52	33.95	
856.694	58.52	
856.868	75.52	
857.042	66.1	
857.216	106.24	
857.39	92.93	
857.564	69.58	
857.738	42.75	
857.912	49.92	
858.085	29.03	
858.259	46.23	
858.433	58.11	
858.607	52.58	
858.781	40.7	
858.955	15.51	
859.129	5.68	
859.302	9.37	
859.476	1.38	
859.65	48.28	
859.824	44.39	
859.997	55.24	
860.171	57.91	
860.345	94.97	
860.519	72.86	
860.692	86.58	
860.866	102.14	
861.039	105.01	
861.213	102.14	
861.387	78.8	
861.56	73.68	
861.734	82.48	
861.907	82.28	
862.081	60.57	
862.254	83.71	
862.428	93.54	
862.601	59.34	
862.775	59.75	
862.948	106.03	
863.122	96.61	
863.295	81.66	
863.468	92.52	
863.642	58.52	
863.815	32.31	
863.988	41.73	
864.162	62.21	
864.335	33.95	
864.508	60.57	
864.682	63.85	
864.855	53.81	
865.028	16.54	
865.201	52.38	
865.374	27.8	
865.548	35.17	
865.721	30.26	
865.894	85.14	
866.067	69.17	
866.24	110.74	
866.413	113.82	
866.586	110.54	
866.759	50.33	
866.932	39.27	
867.105	4.45	
867.278	-25.65	
867.451	-28.93	
867.624	6.5	
867.797	38.66	
867.97	33.13	
868.143	38.86	
868.316	65.48	
868.489	36.4	
868.661	20.22	
868.834	36.61	
869.007	52.17	
869.18	26.57	
869.353	50.12	
869.525	70.81	
869.698	60.36	
869.871	49.71	
870.044	80.02	
870.216	77.16	
870.389	40.91	
870.562	51.35	
870.734	82.07	
870.907	52.58	
871.079	69.58	
871.252	61.39	
871.425	77.16	
871.597	29.64	
871.77	72.45	
871.942	49.3	
872.115	68.56	
872.287	57.5	
872.459	66.71	
872.632	32.1	
872.804	49.71	
872.977	29.23	
873.149	36.81	
873.321	28.42	
873.494	25.14	
873.666	34.56	
873.838	40.29	
874.011	19.61	
874.183	42.34	
874.355	39.88	
874.528	24.93	
874.7	36.2	
874.872	76.54	
875.044	83.71	
875.216	92.72	
875.388	111.97	
875.561	122.62	
875.733	66.92	
875.905	47.46	
876.077	31.9	
876.249	47.67	
876.421	27.19	
876.593	34.56	
876.765	44.59	
876.937	74.09	
877.109	28.83	
877.281	33.74	
877.453	33.54	
877.625	20.43	
877.797	-4.15	
877.968	-0.26	
878.14	-13.36	
878.312	9.98	
878.484	0.77	
878.656	8.76	
878.828	6.5	
878.999	48.9	
879.171	30.67	
879.343	28.21	
879.515	17.97	
879.686	13.47	
879.858	-7.01	
880.03	4.86	
880.201	6.09	
880.373	6.3	
880.545	23.09	
880.716	40.5	
880.888	81.66	
881.059	109.11	
881.231	109.31	
881.402	118.94	
881.574	109.72	
881.745	70.81	
881.917	79.61	
882.088	87.6	
882.26	75.72	
882.431	61.39	
882.602	32.1	
882.774	27.6	
882.945	2.61	
883.116	-21.55	
883.288	-29.75	
883.459	-15	
883.63	-28.31	
883.802	-13.57	
883.973	2.82	
884.144	32.92	
884.315	56.88	
884.487	72.04	
884.658	97.02	
884.829	124.26	
885	106.44	
885.171	104.19	
885.342	63.03	
885.513	56.88	
885.684	34.35	
885.855	36.4	
886.026	25.55	
886.197	52.79	
886.368	26.78	
886.539	41.73	
886.71	44.18	
886.881	52.99	
887.052	58.32	
887.223	73.47	
887.394	58.73	
887.565	69.99	
887.736	37.02	
887.907	42.55	
888.077	26.78	
888.248	23.09	
888.419	16.54	
888.59	36.2	
888.761	45.41	
888.931	62.41	
889.102	76.75	
889.273	63.03	
889.443	48.08	
889.614	27.8	
889.785	29.23	
889.955	16.13	
890.126	8.35	
890.296	52.79	
890.467	50.74	
890.637	85.76	
890.808	92.52	
890.978	109.31	
891.149	90.26	
891.319	130.61	
891.49	114.02	
891.66	116.89	
891.831	102.76	
892.001	102.55	
892.172	46.03	
892.342	29.44	
892.512	17.77	
892.683	40.91	
892.853	21.45	
893.023	44.18	
893.193	30.26	
893.364	35.58	
893.534	30.67	
893.704	60.36	
893.874	65.28	
894.044	77.77	
894.215	73.27	
894.385	98.87	
894.555	84.53	
894.725	98.25	
894.895	81.05	
895.065	110.95	
895.235	79.82	
895.405	99.48	
895.575	77.98	
895.745	104.19	
895.915	84.73	
