177.618	-333.05	
177.836	-330.49	
178.054	-327.93	
178.271	-257.89	
178.489	-152.83	
178.706	-94.46	
178.924	-31.59	
179.142	33.33	
179.359	31.08	
179.577	-19.51	
179.794	-14.59	
180.012	-28.11	
180.229	-42.44	
180.447	-31.79	
180.664	-22.37	
180.882	-31.59	
181.1	-6.81	
181.317	-19.3	
181.535	-22.78	
181.752	-22.58	
181.969	1.79	
182.187	10.8	
182.404	32.1	
182.622	23.5	
182.839	29.85	
183.057	36.81	
183.274	19.61	
183.492	21.86	
183.709	40.7	
183.926	25.96	
184.144	9.16	
184.361	33.13	
184.579	35.58	
184.796	7.94	
185.013	34.56	
185.231	19.4	
185.448	15.92	
185.666	32.31	
185.883	29.44	
186.1	25.55	
186.317	39.88	
186.535	13.06	
186.752	5.07	
186.969	30.05	
187.187	61.8	
187.404	28.62	
187.621	67.94	
187.839	61.39	
188.056	58.11	
188.273	30.87	
188.49	87.81	
188.708	66.71	
188.925	97.43	
189.142	96.2	
189.359	75.93	
189.576	44.18	
189.794	32.51	
190.011	17.15	
190.228	23.91	
190.445	30.46	
190.662	62.41	
190.879	77.77	
191.097	57.91	
191.314	44.59	
191.531	50.53	
191.748	17.97	
191.965	13.87	
192.182	17.97	
192.399	31.9	
192.616	52.38	
192.834	61.59	
193.051	41.93	
193.268	38.86	
193.485	42.14	
193.702	18.99	
193.919	12.65	
194.136	25.34	
194.353	28.42	
194.57	24.73	
194.787	26.57	
195.004	68.56	
195.221	58.32	
195.438	81.87	
195.655	62.62	
195.872	82.69	
196.089	34.56	
196.306	67.94	
196.523	51.97	
196.74	80.64	
196.957	45.62	
197.173	57.5	
197.39	25.34	
197.607	38.04	
197.824	17.36	
198.041	29.85	
198.258	30.67	
198.475	57.7	
198.692	30.67	
198.909	5.89	
199.125	-16.43	
199.342	4.86	
199.559	-3.33	
199.776	17.56	
199.993	63.44	
200.21	70.6	
200.426	42.14	
200.643	38.04	
200.86	39.47	
201.077	30.87	
201.293	37.02	
201.51	37.43	
201.727	6.3	
201.944	-30.57	
202.16	-32.61	
202.377	-40.6	
202.594	-48.59	
202.811	-28.31	
203.027	-6.4	
203.244	-15.82	
203.461	-0.46	
203.677	38.04	
203.894	61.59	
204.111	72.24	
204.327	80.84	
204.544	65.69	
204.761	64.26	
204.977	42.75	
205.194	20.84	
205.41	42.55	
205.627	52.38	
205.844	41.93	
206.06	39.07	
206.277	51.56	
206.493	23.91	
206.71	28.21	
206.926	11.21	
207.143	41.32	
207.36	16.33	
207.576	66.51	
207.793	65.48	
208.009	84.94	
208.226	56.47	
208.442	71.42	
208.659	29.23	
208.875	43.78	
209.092	8.55	
209.308	21.86	
209.524	23.91	
209.741	50.53	
209.957	57.29	
210.174	82.28	
210.39	57.29	
210.607	53.61	
210.823	5.07	
211.039	-7.42	
211.256	21.25	
211.472	24.73	
211.688	42.75	
211.905	68.56	
212.121	48.28	
212.338	19.4	
212.554	33.33	
212.77	31.69	
212.987	30.46	
213.203	58.11	
213.419	80.02	
213.635	68.56	
213.852	52.58	
214.068	33.54	
214.284	20.63	
214.501	20.43	
214.717	17.97	
214.933	31.49	
215.149	13.26	
215.365	-1.08	
215.582	-37.53	
215.798	-15.41	
216.014	-15.62	
216.23	15.92	
216.447	14.9	
216.663	14.08	
216.879	-22.58	
217.095	-8.45	
217.311	-5.79	
217.527	8.14	
217.743	28.01	
217.96	32.51	
218.176	22.27	
218.392	21.86	
218.608	34.56	
218.824	10.8	
219.04	28.01	
219.256	39.88	
219.472	26.98	
219.688	4.45	
219.904	42.96	
220.12	63.85	
220.336	40.91	
220.552	58.73	
220.768	76.95	
220.984	60.77	
221.2	20.63	
221.416	32.31	
221.632	-6.4	
221.848	-3.74	
222.064	-24.83	
222.28	-8.86	
222.496	-25.86	
222.712	25.55	
222.928	1.59	
223.144	49.71	
223.36	44.59	
223.576	50.74	
223.792	34.15	
224.008	71.63	
224.224	43.16	
224.439	69.78	
224.655	61.39	
224.871	72.65	
225.087	42.75	
225.303	28.01	
225.519	14.49	
225.734	48.28	
225.95	37.02	
226.166	54.22	
226.382	65.48	
226.598	64.46	
226.813	44.39	
227.029	29.64	
227.245	24.11	
227.461	39.07	
227.677	47.46	
227.892	52.79	
228.108	49.1	
228.324	61.8	
228.539	7.32	
228.755	6.71	
228.971	12.85	
229.186	49.71	
229.402	32.1	
229.618	72.45	
229.833	52.79	
230.049	55.45	
230.265	-2.51	
230.48	29.64	
230.696	41.93	
230.912	60.36	
231.127	55.45	
231.343	84.33	
231.558	39.27	
231.774	49.3	
231.99	72.65	
232.205	65.07	
232.421	47.46	
232.636	62.62	
232.852	35.99	
233.067	9.78	
233.283	30.05	
233.498	60.77	
233.714	65.28	
233.929	83.71	
234.145	69.78	
234.36	67.53	
234.576	57.91	
234.791	71.63	
235.007	68.15	
235.222	100.71	
235.438	70.19	
235.653	119.55	
235.868	101.12	
236.084	119.14	
236.299	130.4	
236.515	144.13	
236.73	88.01	
236.945	84.73	
237.161	64.26	
237.376	32.1	
237.592	42.14	
237.807	49.92	
238.022	55.04	
238.238	49.1	
238.453	29.03	
238.668	16.13	
238.883	-18.69	
239.099	-17.05	
239.314	-38.96	
239.529	-27.08	
239.745	-13.16	
239.96	17.36	
240.175	22.68	
240.39	91.08	
240.605	80.43	
240.821	57.29	
241.036	60.77	
241.251	76.95	
241.466	29.64	
241.681	38.45	
241.897	63.85	
242.112	82.48	
242.327	47.26	
242.542	64.66	
242.757	83.51	
242.972	49.92	
243.188	9.16	
243.403	24.93	
243.618	7.12	
243.833	-4.15	
244.048	15.72	
244.263	40.7	
244.478	37.22	
244.693	33.74	
244.908	39.07	
245.123	37.22	
245.338	61.8	
245.553	70.19	
245.768	59.54	
245.983	48.49	
246.198	39.47	
246.413	18.59	
246.628	2.82	
246.843	6.71	
247.058	23.91	
247.273	22.89	
247.488	24.32	
247.703	51.56	
247.918	52.38	
248.133	51.15	
248.348	30.46	
248.563	52.17	
248.778	25.96	
248.993	38.45	
249.207	49.51	
249.422	63.03	
249.637	17.77	
249.852	9.98	
250.067	-4.76	
250.282	-27.49	
250.496	-25.86	
250.711	8.14	
250.926	8.96	
251.141	39.07	
251.356	37.22	
251.57	65.69	
251.785	45.21	
252	38.66	
252.215	26.78	
252.43	40.7	
252.644	28.21	
252.859	37.43	
253.074	54.22	
253.288	49.92	
253.503	36.61	
253.718	65.69	
253.932	104.8	
254.147	118.73	
254.362	111.36	
254.576	115.25	
254.791	78.39	
255.006	44.18	
255.22	37.63	
255.435	41.32	
255.65	51.56	
255.864	69.37	
256.079	57.7	
256.293	74.29	
256.508	77.16	
256.723	119.75	
256.937	99.28	
257.152	79	
257.366	57.91	
257.581	56.47	
257.795	6.71	
258.01	55.65	
258.224	80.84	
258.439	84.33	
258.653	62	
258.868	70.19	
259.082	27.39	
259.297	22.48	
259.511	11.21	
259.726	17.36	
259.94	5.48	
260.154	-9.68	
260.369	-13.36	
260.583	-8.04	
260.798	-15.62	
261.012	2.61	
261.226	20.22	
261.441	25.55	
261.655	29.03	
261.869	62.21	
262.084	55.86	
262.298	58.11	
262.512	41.73	
262.727	43.78	
262.941	55.24	
263.155	47.87	
263.37	26.57	
263.584	58.52	
263.798	46.85	
264.012	46.23	
264.227	40.5	
264.441	94.16	
264.655	64.66	
264.869	97.23	
265.084	69.78	
265.298	64.46	
265.512	17.56	
265.726	40.91	
265.94	11.83	
266.155	32.51	
266.369	54.42	
266.583	81.66	
266.797	79.21	
267.011	123.44	
267.225	135.52	
267.439	121.19	
267.654	101.94	
267.868	81.66	
268.082	16.54	
268.296	-32.2	
268.51	-58.83	
268.724	-41.01	
268.938	-60.47	
269.152	-42.65	
269.366	-25.65	
269.58	18.59	
269.794	-14.18	
270.008	31.49	
270.222	43.57	
270.436	42.34	
270.65	19.2	
270.864	45	
271.078	11.62	
271.292	14.9	
271.506	41.52	
271.72	37.84	
271.934	46.85	
272.148	66.92	
272.362	62.82	
272.575	66.92	
272.789	83.3	
273.003	59.54	
273.217	65.89	
273.431	41.32	
273.645	19.81	
273.859	43.37	
274.073	80.84	
274.286	83.51	
274.5	98.05	
274.714	73.88	
274.928	81.46	
275.142	57.5	
275.355	35.17	
275.569	47.05	
275.783	60.36	
275.997	37.22	
276.21	46.23	
276.424	89.24	
276.638	68.76	
276.852	90.67	
277.065	67.94	
277.279	68.35	
277.493	22.89	
277.706	56.68	
277.92	57.29	
278.134	51.97	
278.347	28.83	
278.561	29.85	
278.775	11.83	
278.988	3.84	
279.202	43.57	
279.415	73.47	
279.629	66.71	
279.843	74.9	
280.056	110.74	
280.27	90.47	
280.483	52.99	
280.697	77.98	
280.91	70.81	
281.124	76.75	
281.337	68.35	
281.551	123.65	
281.764	98.46	
281.978	111.15	
282.191	57.7	
282.405	73.06	
282.618	27.39	
282.832	47.05	
283.045	21.86	
283.259	36.2	
283.472	22.68	
283.686	31.28	
283.899	14.28	
284.112	19.4	
284.326	18.99	
284.539	36.61	
284.752	33.74	
284.966	59.14	
285.179	75.93	
285.393	84.53	
285.606	50.53	
285.819	67.53	
286.033	31.69	
286.246	50.74	
286.459	38.86	
286.672	73.88	
286.886	54.83	
287.099	96	
287.312	39.88	
287.525	35.58	
287.739	23.71	
287.952	47.05	
288.165	57.09	
288.378	82.07	
288.592	80.84	
288.805	64.66	
289.018	58.73	
289.231	24.52	
289.444	37.43	
289.657	28.83	
289.871	24.93	
290.084	5.07	
290.297	25.55	
290.51	16.33	
290.723	-4.97	
290.936	49.71	
291.149	50.33	
291.362	64.05	
291.575	52.38	
291.789	82.28	
292.002	44.39	
292.215	59.95	
292.428	14.28	
292.641	36.81	
292.854	17.56	
293.067	14.08	
293.28	5.07	
293.493	19.61	
293.706	-21.55	
293.919	27.6	
294.132	8.96	
294.345	10.6	
294.558	-5.58	
294.77	16.13	
294.983	-15.41	
295.196	5.48	
295.409	22.48	
295.622	72.86	
295.835	85.96	
296.048	99.89	
296.261	107.06	
296.474	95.79	
296.686	64.05	
296.899	68.15	
297.112	75.11	
297.325	62.62	
297.538	73.27	
297.751	93.75	
297.963	91.9	
298.176	82.48	
298.389	71.63	
298.602	80.02	
298.814	168.91	
299.027	158.05	
299.24	147.81	
299.453	190.61	
299.665	175.87	
299.878	60.36	
300.091	50.12	
300.303	47.26	
300.516	14.9	
300.729	4.25	
300.941	23.71	
301.154	6.5	
301.367	7.12	
301.579	29.64	
301.792	35.99	
302.005	20.84	
302.217	27.39	
302.43	40.91	
302.642	10.39	
302.855	-16.03	
303.067	-24.01	
303.28	-12.34	
303.493	-46.13	
303.705	-4.76	
303.918	16.13	
304.13	53.81	
304.343	52.58	
304.555	89.65	
304.768	70.4	
304.98	86.78	
305.193	47.67	
305.405	65.48	
305.617	37.22	
305.83	40.29	
306.042	20.02	
306.255	31.9	
306.467	2.41	
306.68	-1.69	
306.892	-17.46	
307.104	0.77	
307.317	-4.15	
307.529	41.73	
307.741	63.23	
307.954	77.77	
308.166	67.53	
308.378	80.23	
308.591	73.47	
308.803	90.26	
309.015	97.64	
309.228	104.8	
309.44	92.72	
309.652	68.97	
309.864	43.98	
310.077	17.97	
310.289	-0.67	
310.501	6.71	
310.713	19.81	
310.926	33.74	
311.138	30.87	
311.35	49.51	
311.562	22.68	
311.774	30.05	
311.986	17.15	
312.199	58.11	
312.411	20.63	
312.623	49.1	
312.835	3.43	
313.047	-4.76	
313.259	-18.48	
313.471	-6.6	
313.683	-16.23	
313.895	26.16	
314.108	32.31	
314.32	20.43	
314.532	25.34	
314.744	36.81	
314.956	48.9	
315.168	54.83	
315.38	29.44	
315.592	57.09	
315.804	63.03	
316.016	87.6	
316.228	94.16	
316.44	121.39	
316.651	116.27	
316.863	99.68	
317.075	49.1	
317.287	31.08	
317.499	27.19	
317.711	7.73	
317.923	38.04	
318.135	34.56	
318.347	41.11	
318.559	64.05	
318.77	99.89	
318.982	75.52	
319.194	71.83	
319.406	71.01	
319.618	43.16	
319.83	-8.86	
320.041	-12.54	
320.253	-1.89	
320.465	-12.95	
320.677	-11.11	
320.888	-9.68	
321.1	0.56	
321.312	29.44	
321.524	45.62	
321.735	35.17	
321.947	42.96	
322.159	32.51	
322.37	-3.53	
322.582	-18.69	
322.794	7.12	
323.005	28.83	
323.217	41.11	
323.429	34.97	
323.64	54.22	
323.852	30.67	
324.063	13.87	
324.275	6.09	
324.487	24.11	
324.698	9.98	
324.91	20.84	
325.121	11.62	
325.333	-8.04	
325.544	-15.21	
325.756	-7.22	
325.967	-16.64	
326.179	18.79	
326.39	42.75	
326.602	59.14	
326.813	36.2	
327.025	39.07	
327.236	2.2	
327.448	-20.33	
327.659	-48.79	
327.871	-18.69	
328.082	-13.57	
328.293	8.14	
328.505	29.03	
328.716	44.59	
328.928	37.02	
329.139	57.5	
329.35	38.45	
329.562	52.38	
329.773	69.58	
329.984	72.04	
330.196	55.65	
330.407	81.25	
330.618	54.02	
330.83	42.75	
331.041	41.73	
331.252	32.1	
331.463	22.07	
331.675	46.44	
331.886	59.14	
332.097	58.32	
332.308	67.94	
332.52	82.07	
332.731	59.14	
332.942	58.11	
333.153	80.23	
333.364	71.83	
333.575	39.47	
333.787	76.75	
333.998	33.54	
334.209	33.33	
334.42	19.4	
334.631	30.46	
334.842	14.28	
335.053	55.86	
335.264	27.6	
335.475	45.82	
335.686	55.45	
335.898	48.69	
336.109	11.62	
336.32	37.84	
336.531	23.91	
336.742	20.43	
336.953	12.65	
337.164	20.63	
337.375	-13.77	
337.586	11.83	
337.797	-2.51	
338.007	15.31	
338.218	13.87	
338.429	37.43	
338.64	28.83	
338.851	40.09	
339.062	23.5	
339.273	56.06	
339.484	26.78	
339.695	-0.87	
339.906	14.49	
340.116	28.62	
340.327	2.2	
340.538	16.74	
340.749	24.11	
340.96	6.91	
341.171	-12.54	
341.381	-3.33	
341.592	9.78	
341.803	29.23	
342.014	26.37	
342.224	43.78	
342.435	34.56	
342.646	14.08	
342.857	1.59	
343.067	-1.89	
343.278	-2.92	
343.489	3.23	
343.699	6.71	
343.91	5.48	
344.121	-3.53	
344.331	-25.24	
344.542	-38.35	
344.753	-15.82	
344.963	-3.33	
345.174	36.4	
345.384	66.3	
345.595	101.12	
345.806	87.19	
346.016	76.34	
346.227	68.35	
346.437	63.23	
346.648	31.28	
346.858	39.88	
347.069	27.39	
347.279	24.32	
347.49	13.26	
347.7	22.68	
347.911	-7.22	
348.121	7.94	
348.332	5.68	
348.542	-9.68	
348.753	-21.76	
348.963	15.1	
349.173	14.9	
349.384	26.57	
349.594	69.58	
349.805	98.87	
350.015	73.68	
350.225	81.05	
350.436	70.6	
350.646	53.4	
350.856	40.7	
351.067	50.94	
351.277	16.95	
351.487	-7.42	
351.698	-35.69	
351.908	-41.62	
352.118	-47.97	
352.328	-17.05	
352.539	19.61	
352.749	35.17	
352.959	29.03	
353.169	35.17	
353.38	30.67	
353.59	30.05	
353.8	46.23	
354.01	72.45	
354.22	67.94	
354.431	114.64	
354.641	93.95	
354.851	89.04	
355.061	74.09	
355.271	107.67	
355.481	68.35	
355.691	65.48	
355.901	44.59	
356.111	43.78	
356.321	22.89	
356.532	17.97	
356.742	12.03	
356.952	22.07	
357.162	5.48	
357.372	-0.67	
357.582	-3.53	
357.792	-29.13	
358.002	-31.79	
358.212	12.03	
358.422	19.4	
358.632	19.61	
358.842	49.71	
359.051	66.71	
359.261	35.17	
359.471	38.66	
359.681	43.78	
359.891	39.07	
360.101	-3.53	
360.311	0.36	
360.521	-23.19	
360.731	-19.3	
360.94	-11.93	
361.15	25.55	
361.36	18.18	
361.57	30.87	
361.78	29.03	
361.989	20.22	
362.199	11.21	
362.409	24.11	
362.619	11.21	
362.828	65.89	
363.038	80.64	
363.248	85.14	
363.458	85.14	
363.667	115.45	
363.877	60.98	
364.087	59.54	
364.296	46.85	
364.506	58.93	
364.716	36.61	
364.925	15.51	
365.135	-3.53	
365.345	4.86	
365.554	-22.37	
365.764	0.15	
365.973	18.59	
366.183	53.61	
366.393	58.73	
366.602	70.4	
366.812	29.85	
367.021	49.92	
367.231	17.36	
367.44	6.09	
367.65	6.5	
367.859	28.83	
368.069	6.3	
368.278	28.01	
368.488	37.43	
368.697	11.01	
368.907	-17.66	
369.116	36.81	
369.326	12.85	
369.535	7.12	
369.744	44.39	
369.954	71.63	
370.163	8.76	
370.373	27.8	
370.582	29.03	
370.791	15.72	
371.001	-5.58	
371.21	7.53	
371.419	-4.76	
371.629	-10.29	
371.838	-15.41	
372.047	28.01	
372.256	17.36	
372.466	19.61	
372.675	-11.11	
372.884	-13.77	
373.093	-55.96	
373.303	-37.32	
373.512	-39.58	
373.721	-7.01	
373.93	-14.18	
374.139	30.67	
374.349	2.61	
374.558	31.49	
374.767	9.57	
374.976	11.42	
375.185	-6.81	
375.394	-4.76	
375.603	-23.4	
375.813	-12.75	
376.022	-19.1	
376.231	-37.94	
376.44	-27.29	
376.649	-9.27	
376.858	-3.94	
377.067	17.56	
377.276	46.64	
377.485	62.62	
377.694	54.22	
377.903	61.8	
378.112	41.52	
378.321	40.29	
378.53	31.49	
378.739	26.37	
378.948	17.97	
379.157	27.6	
379.366	32.92	
379.575	37.63	
379.784	21.45	
379.992	24.93	
380.201	74.09	
380.41	59.95	
380.619	36.81	
380.828	52.58	
381.037	36.81	
381.246	-27.49	
381.454	-61.7	
381.663	-5.79	
381.872	-19.3	
382.081	25.14	
382.29	41.11	
382.498	74.49	
382.707	47.26	
382.916	64.66	
383.125	21.86	
383.333	29.03	
383.542	23.3	
383.751	18.79	
383.959	23.09	
384.168	34.76	
384.377	53.2	
384.585	35.17	
384.794	9.37	
385.003	7.12	
385.211	14.49	
385.42	-16.64	
385.628	-2.3	
385.837	16.33	
386.046	35.17	
386.254	57.5	
386.463	69.17	
386.671	99.28	
386.88	96.61	
387.088	75.72	
387.297	68.76	
387.505	68.56	
387.714	30.87	
387.922	22.48	
388.131	14.49	
388.339	-3.12	
388.548	-23.4	
388.756	-13.36	
388.965	-7.42	
389.173	-25.45	
389.381	-18.69	
389.59	12.03	
389.798	19.4	
390.007	35.17	
390.215	42.55	
390.423	79.61	
390.632	74.7	
390.84	103.37	
391.048	82.69	
391.257	95.79	
391.465	54.22	
391.673	57.5	
391.882	24.73	
392.09	30.05	
392.298	26.78	
392.506	14.08	
392.715	6.71	
392.923	31.08	
393.131	52.17	
393.339	56.68	
393.547	58.73	
393.756	60.36	
393.964	34.35	
394.172	16.33	
394.38	2.82	
394.588	25.75	
394.796	11.62	
395.005	3.23	
395.213	-2.71	
395.421	-0.05	
395.629	-35.28	
395.837	-32.61	
396.045	-33.02	
396.253	-29.75	
396.461	-25.65	
396.669	15.92	
396.877	27.39	
397.085	50.12	
397.293	48.28	
397.501	45.82	
397.709	39.47	
397.917	52.99	
398.125	58.11	
398.333	73.47	
398.541	57.29	
398.749	41.52	
398.957	11.21	
399.165	-17.25	
399.373	-20.74	
399.581	-10.29	
399.788	12.44	
399.996	0.56	
400.204	3.84	
400.412	-13.77	
400.62	-22.37	
400.828	-39.99	
401.035	-19.51	
401.243	-0.46	
401.451	27.19	
401.659	37.43	
401.867	44.8	
402.074	40.5	
402.282	33.74	
402.49	9.78	
402.697	56.47	
402.905	45.62	
403.113	58.73	
403.321	29.03	
403.528	26.16	
403.736	-18.89	
403.944	-25.45	
404.151	-27.49	
404.359	-11.11	
404.566	-14.39	
404.774	-7.63	
404.982	-13.77	
405.189	-25.45	
405.397	-40.4	
405.604	-40.19	
405.812	-28.93	
406.02	-30.77	
406.227	-22.37	
406.435	-16.43	
406.642	-6.6	
406.85	-21.35	
407.057	15.92	
407.265	18.59	
407.472	42.55	
407.679	39.27	
407.887	33.95	
408.094	7.73	
408.302	-17.46	
408.509	-26.47	
408.717	-11.52	
408.924	-16.84	
409.131	-3.12	
409.339	21.04	
409.546	32.31	
409.753	7.53	
409.961	34.15	
410.168	29.23	
410.375	43.98	
410.583	38.86	
410.79	63.85	
410.997	52.17	
411.205	56.88	
411.412	34.97	
411.619	47.46	
411.826	37.84	
412.034	55.04	
412.241	63.23	
412.448	52.38	
412.655	23.71	
412.862	34.97	
413.07	8.14	
413.277	-13.16	
413.484	-7.22	
413.691	2.2	
413.898	-29.13	
414.105	-39.37	
414.312	-48.59	
414.519	-54.73	
414.727	-49.2	
414.934	-16.64	
415.141	5.48	
415.348	22.27	
415.555	15.72	
415.762	12.03	
415.969	-22.17	
416.176	-28.31	
416.383	-16.23	
416.59	-11.11	
416.797	-20.74	
417.004	1.18	
417.211	-10.5	
417.418	-25.86	
417.625	-15.41	
417.831	-12.95	
418.038	-0.05	
418.245	25.55	
418.452	16.33	
418.659	14.28	
418.866	17.56	
419.073	2.41	
419.28	-19.51	
419.486	4.86	
419.693	-1.28	
419.9	-0.46	
420.107	-2.51	
420.314	3.84	
420.52	-2.51	
420.727	31.49	
420.934	30.87	
421.141	22.48	
421.347	15.92	
421.554	17.36	
421.761	-30.77	
421.967	-8.24	
422.174	9.57	
422.381	33.13	
422.588	3.64	
422.794	22.27	
423.001	46.23	
423.207	23.3	
423.414	13.06	
423.621	21.04	
423.827	40.7	
424.034	17.77	
424.24	39.88	
424.447	37.02	
424.654	26.78	
424.86	8.76	
425.067	-33.23	
425.273	-48.18	
425.48	-35.69	
425.686	2	
425.893	3.64	
426.099	17.36	
426.306	30.26	
426.512	46.03	
426.718	52.17	
426.925	40.91	
427.131	32.92	
427.338	27.39	
427.544	-7.01	
427.75	-38.55	
427.957	-36.91	
428.163	-17.46	
428.37	-12.95	
428.576	1.38	
428.782	-7.63	
428.988	13.87	
429.195	11.62	
429.401	6.91	
429.607	-5.99	
429.814	28.62	
430.02	10.8	
430.226	-4.97	
430.432	11.83	
430.639	19.2	
430.845	19.61	
431.051	38.86	
431.257	47.26	
431.463	31.9	
431.67	20.63	
431.876	-5.38	
432.082	-25.86	
432.288	-4.35	
432.494	-4.15	
432.7	2.41	
432.906	3.23	
433.112	18.79	
433.318	21.04	
433.525	37.84	
433.731	34.56	
433.937	61.8	
434.143	58.73	
434.349	37.43	
434.555	21.45	
434.761	30.26	
434.967	-5.17	
435.173	-11.32	
435.379	0.97	
435.585	25.96	
435.791	32.1	
435.996	79.21	
436.202	94.36	
436.408	90.88	
436.614	77.57	
436.82	77.98	
437.026	36.2	
437.232	35.17	
437.438	20.84	
437.644	-21.35	
437.849	-27.49	
438.055	-15.21	
438.261	-31.59	
438.467	-41.22	
438.673	-12.13	
438.878	-34.66	
439.084	-29.54	
439.29	-2.71	
439.496	20.84	
439.701	33.74	
439.907	48.69	
440.113	36.61	
440.318	24.93	
440.524	7.94	
440.73	2.41	
440.935	6.71	
441.141	-1.48	
441.347	21.25	
441.552	26.98	
441.758	33.54	
441.964	4.04	
442.169	29.03	
442.375	-2.1	
442.58	15.1	
442.786	27.6	
442.991	51.35	
443.197	15.51	
443.402	31.9	
443.608	36.2	
443.813	32.31	
444.019	39.07	
444.224	59.95	
444.43	34.15	
444.635	34.56	
444.841	2.41	
445.046	26.57	
445.252	15.51	
445.457	16.33	
445.662	-9.68	
445.868	4.04	
446.073	-32.61	
446.278	-24.83	
446.484	-23.4	
446.689	-18.07	
446.894	-26.47	
447.1	-16.64	
447.305	10.39	
447.51	31.08	
447.716	19.4	
447.921	23.3	
448.126	35.38	
448.331	-0.46	
448.537	-15.82	
448.742	9.78	
448.947	-10.09	
449.152	-26.47	
449.357	12.44	
449.563	30.46	
449.768	17.56	
449.973	35.17	
450.178	46.23	
450.383	0.97	
450.588	-14.59	
450.793	-3.74	
450.999	34.76	
451.204	21.25	
451.409	42.14	
451.614	45.21	
451.819	38.66	
452.024	15.1	
452.229	28.01	
452.434	49.3	
452.639	47.05	
452.844	66.92	
453.049	37.43	
453.254	28.21	
453.459	18.59	
453.664	30.87	
453.869	18.59	
454.074	33.33	
454.279	37.43	
454.483	21.86	
454.688	5.27	
454.893	40.29	
455.098	46.23	
455.303	37.63	
455.508	46.03	
455.713	65.28	
455.917	17.97	
456.122	40.29	
456.327	39.88	
456.532	59.95	
456.737	43.57	
456.941	56.88	
457.146	50.33	
457.351	63.44	
457.555	47.05	
457.76	69.58	
457.965	75.11	
458.17	78.39	
458.374	102.96	
458.579	113.61	
458.784	78.39	
458.988	75.93	
459.193	63.44	
459.397	48.9	
459.602	38.04	
459.807	96	
460.011	96.61	
460.216	101.53	
460.42	72.86	
460.625	56.47	
460.829	35.99	
461.034	24.52	
461.239	23.71	
461.443	36.2	
461.648	56.68	
461.852	42.75	
462.056	90.06	
462.261	98.25	
462.465	150.88	
462.67	137.98	
462.874	135.11	
463.079	94.97	
463.283	87.19	
463.487	61.59	
463.692	88.42	
463.896	74.9	
464.1	82.28	
464.305	76.54	
464.509	68.35	
464.713	64.46	
464.918	97.64	
465.122	125.49	
465.326	107.47	
465.531	110.33	
465.735	94.56	
465.939	96	
466.143	67.33	
466.348	89.24	
466.552	74.09	
466.756	82.28	
466.96	93.13	
467.164	105.01	
467.368	103.17	
467.573	129.99	
467.777	130.2	
467.981	123.44	
468.185	104.6	
468.389	135.32	
468.593	94.36	
468.797	88.42	
469.001	76.54	
469.205	97.64	
469.409	99.68	
469.613	124.87	
469.817	130.81	
470.021	155.39	
470.225	150.27	
470.429	139.83	
470.633	134.71	
470.837	158.87	
471.041	145.76	
471.245	148.02	
471.449	152.11	
471.653	175.25	
471.857	186.11	
472.061	174.64	
472.265	179.76	
472.469	190.82	
472.673	170.54	
472.876	162.97	
473.08	176.48	
473.284	203.31	
473.488	194.51	
473.692	249.6	
473.895	268.44	
474.099	281.54	
474.303	278.06	
474.507	290.15	
474.71	258.61	
474.914	239.36	
475.118	237.31	
475.322	248.98	
475.525	227.68	
475.729	257.38	
475.933	266.39	
476.136	331.31	
476.34	335.2	
476.543	383.33	
476.747	383.53	
476.951	407.08	
477.154	339.3	
477.358	365.31	
477.561	350.36	
477.765	357.73	
477.969	346.67	
478.172	375.75	
478.376	363.67	
478.579	376.37	
478.783	367.97	
478.986	386.61	
479.19	396.64	
479.393	425.93	
479.596	444.56	
479.8	479.17	
480.003	497.61	
480.207	505.18	
480.41	489.62	
480.614	495.56	
480.817	472.82	
481.02	503.75	
481.224	523.41	
481.427	568.26	
481.63	597.75	
481.834	629.9	
482.037	593.86	
482.24	603.28	
482.443	585.46	
482.647	565.6	
482.85	573.58	
483.053	614.13	
483.256	598.57	
483.46	647.72	
483.663	676.39	
483.866	725.54	
484.069	730.46	
484.272	789.44	
484.476	797.43	
484.679	841.05	
484.882	873.41	
485.085	909.25	
485.288	915.6	
485.491	948.77	
485.694	973.76	
485.897	987.68	
486.101	1024.75	
486.304	1080.66	
486.507	1080.87	
486.71	1123.26	
486.913	1156.44	
487.116	1216.65	
487.319	1260.27	
487.522	1334.2	
487.725	1402.4	
487.928	1443.15	
488.13	1451.96	
488.333	1500.7	
488.536	1540.64	
488.739	1562.75	
488.942	1619.28	
489.145	1682.97	
489.348	1704.68	
489.551	1770.21	
489.754	1810.97	
489.956	1863.4	
490.159	1911.93	
490.362	1982.38	
490.565	2011.26	
490.768	2058.16	
490.97	2171.82	
491.173	2263.98	
491.376	2353.47	
491.579	2435.6	
491.781	2536.36	
491.984	2562.16	
492.187	2632.82	
492.39	2691.18	
492.592	2776.38	
492.795	2834.95	
492.998	2891.48	
493.2	2943.49	
493.403	3038.52	
493.605	3145.83	
493.808	3242.09	
494.011	3346.12	
494.213	3465.11	
494.416	3585.12	
494.618	3647.38	
494.821	3753.47	
495.023	3886.17	
495.226	3989.39	
495.428	4066.81	
495.631	4190.71	
495.833	4332.02	
496.036	4474.15	
496.238	4597.64	
496.441	4779.09	
496.643	4897.26	
496.846	4983.68	
497.048	5085.87	
497.25	5240.5	
497.453	5333.47	
497.655	5498.34	
497.858	5678.56	
498.06	5803.69	
498.262	5921.04	
498.465	6045.55	
498.667	6179.49	
498.869	6347.83	
499.071	6514.74	
499.274	6688	
499.476	6869.25	
499.678	7042.3	
499.881	7198.76	
500.083	7384.51	
500.285	7555.11	
500.487	7791.65	
500.689	8004.23	
500.892	8225	
501.094	8441.27	
501.296	8740.07	
501.498	8983.98	
501.7	9213.15	
501.902	9463.61	
502.104	9721.04	
502.306	9914.37	
502.509	10118.76	
502.711	10332.36	
502.913	10509.31	
503.115	10691.98	
503.317	10916.85	
503.519	11100.76	
503.721	11355.73	
503.923	11623.4	
504.125	11856.05	
504.327	12014.56	
504.529	12168.98	
504.731	12260.73	
504.933	12302.51	
505.134	12342.44	
505.336	12405.31	
505.538	12504.64	
505.74	12579.6	
505.942	12688.14	
506.144	12815.32	
506.346	12988.78	
506.548	13176.17	
506.749	13387.93	
506.951	13613.21	
507.153	13853.02	
507.355	14054.95	
507.557	14317.5	
507.758	14569.2	
507.96	14769.08	
508.162	15064.6	
508.363	15289.67	
508.565	15439.79	
508.767	15561.64	
508.969	15722.82	
509.17	15690.26	
509.372	15716.06	
509.574	15670.8	
509.775	15639.47	
509.977	15629.02	
510.178	15700.29	
510.38	15760.91	
510.582	15853.68	
510.783	15953.83	
510.985	16012.2	
511.186	16095.75	
511.388	16210.24	
511.589	16303.62	
511.791	16427.93	
511.992	16616.14	
512.194	16776.91	
512.395	16924.36	
512.597	17209.64	
512.798	17493.08	
513	17707.3	
513.201	17983.16	
513.403	18286.26	
513.604	18393.17	
513.805	18501.91	
514.007	18647.11	
514.208	18691.15	
514.409	18705.69	
514.611	18799.48	
514.812	18821.6	
515.013	18811.77	
515.215	18747.26	
515.416	18595.51	
515.617	18452.97	
515.819	18319.03	
516.02	18216.84	
516.221	18128.98	
516.422	18096.01	
516.623	18022.07	
516.825	17923.36	
517.026	17749.28	
517.227	17655.9	
517.428	17556.16	
517.629	17541.83	
517.83	17640.13	
518.032	17791.88	
518.233	17969.24	
518.434	18100.51	
518.635	18292.61	
518.836	18418.77	
519.037	18568.06	
519.238	18705.28	
519.439	18871.57	
519.64	18956.36	
519.841	19065.51	
520.042	19163.2	
520.243	19275.02	
520.444	19403.84	
520.645	19498.45	
520.846	19620.92	
521.047	19749.95	
521.248	19748.31	
521.449	19809.13	
521.65	19884.7	
521.851	19925.66	
522.052	19913.58	
522.252	20010.45	
522.453	19975.43	
522.654	19913.58	
522.855	19790.49	
523.056	19642.43	
523.257	19439.47	
523.457	19362.88	
523.658	19318.44	
523.859	19302.87	
524.06	19315.37	
524.26	19350.8	
524.461	19463.84	
524.662	19517.09	
524.862	19578.73	
525.063	19662.09	
525.264	19789.88	
525.464	19785.37	
525.665	19753.43	
525.866	19766.94	
526.066	19709.6	
526.267	19622.56	
526.468	19496.2	
526.668	19467.53	
526.869	19439.88	
527.069	19459.75	
527.27	19482.48	
527.47	19582.22	
527.671	19629.11	
527.871	19613.14	
528.072	19641.4	
528.272	19610.89	
528.473	19502.96	
528.673	19417.76	
528.874	19336.66	
529.074	19219.11	
529.275	19136.17	
529.475	19065.72	
529.675	18932.81	
529.876	18851.09	
530.076	18740.91	
530.277	18639.13	
530.477	18514.2	
530.677	18540.82	
530.878	18527.1	
531.078	18537.14	
531.278	18509.7	
531.478	18542.05	
531.679	18548.81	
531.879	18534.07	
532.079	18482.25	
532.28	18492.9	
532.48	18451.33	
532.68	18398.49	
532.88	18364.9	
533.08	18400.95	
533.28	18425.32	
533.481	18462.59	
533.681	18421.22	
533.881	18467.71	
534.081	18412.01	
534.281	18378.63	
534.481	18352	
534.681	18343.4	
534.881	18239.77	
535.081	18224.21	
535.281	18190.21	
535.481	18154.78	
535.682	18160.31	
535.882	18150.28	
536.082	18105.63	
536.281	18084.33	
536.481	18082.9	
536.681	18068.36	
536.881	18112.8	
537.081	18175.67	
537.281	18289.74	
537.481	18414.67	
537.681	18537.14	
537.881	18598.78	
538.081	18705.69	
538.281	18678.65	
538.48	18634.01	
538.68	18492.08	
538.88	18385.18	
539.08	18227.69	
539.28	18107.68	
539.479	17981.11	
539.679	17953.47	
539.879	17902.47	
540.079	17883.63	
540.278	17904.11	
540.478	17897.56	
540.678	17895.1	
540.877	17903.29	
541.077	17842.26	
541.277	17799.66	
541.476	17865.2	
541.676	17883.63	
541.876	17902.88	
542.075	17998.32	
542.275	17972.31	
542.474	17903.7	
542.674	17865.4	
542.874	17839.19	
543.073	17754.81	
543.273	17783.9	
543.472	17780.41	
543.672	17758.3	
543.871	17785.33	
544.071	17830.38	
544.27	17847.38	
544.47	17869.91	
544.669	17913.94	
544.868	17936.67	
545.068	17932.78	
545.267	17912.1	
545.467	17966.37	
545.666	17957.77	
545.865	17926.43	
546.065	17940.56	
546.264	17975.38	
546.463	17941.18	
546.663	18019.41	
546.862	18083.72	
547.061	18109.52	
547.261	18150.28	
547.46	18191.65	
547.659	18126.11	
547.858	18160.52	
548.058	18230.15	
548.257	18260.46	
548.456	18279.5	
548.655	18379.03	
548.854	18416.72	
549.053	18472.01	
549.253	18529.15	
549.452	18622.74	
549.651	18776.55	
549.85	18805.63	
550.049	18811.16	
550.248	18801.74	
550.447	18784.33	
550.646	18653.87	
550.845	18587.31	
551.044	18496.59	
551.243	18359.37	
551.442	18185.09	
551.641	18004.67	
551.84	17904.73	
552.039	17753.59	
552.238	17694.6	
552.437	17590.16	
552.636	17535.27	
552.835	17375.94	
553.034	17302.62	
553.233	17213.13	
553.432	17133.46	
553.63	17060.35	
553.829	17028.81	
554.028	16930.92	
554.227	16877.87	
554.426	16846.33	
554.625	16789.2	
554.823	16755.2	
555.022	16840.19	
555.221	16897.74	
555.42	17003	
555.618	17107.45	
555.817	17224.19	
556.016	17318.39	
556.214	17425.5	
556.413	17519.09	
556.612	17655.69	
556.81	17776.93	
557.009	17862.54	
557.208	17906.98	
557.406	17959.61	
557.605	17961.04	
557.803	17904.73	
558.002	17837.76	
558.201	17710.17	
558.399	17583.4	
558.598	17391.91	
558.796	17281.32	
558.995	17140.22	
559.193	17031.27	
559.392	16865.59	
559.59	16850.23	
559.789	16773.43	
559.987	16701.13	
560.185	16671.44	
560.384	16650.96	
560.582	16510.67	
560.781	16484.46	
560.979	16463.16	
561.177	16337.21	
561.376	16288.88	
561.574	16348.88	
561.772	16277.82	
561.971	16350.93	
562.169	16452.51	
562.367	16507.4	
562.566	16508.62	
562.764	16541.19	
562.962	16477.09	
563.16	16464.18	
563.358	16531.77	
563.557	16539.55	
563.755	16590.54	
563.953	16574.57	
564.151	16602.83	
564.349	16539.96	
564.547	16480.57	
564.746	16443.5	
564.944	16411.76	
565.142	16367.72	
565.34	16297.89	
565.538	16274.75	
565.736	16194.06	
565.934	16175.83	
566.132	16128.73	
566.33	16135.69	
566.528	16141.63	
566.726	16142.24	
566.924	16112.55	
567.122	16105.58	
567.32	16047.83	
567.518	15979.43	
567.716	15897.51	
567.914	15833.41	
568.112	15736.13	
568.31	15601.58	
568.507	15513.11	
568.705	15353.78	
568.903	15200.38	
569.101	15069.11	
569.299	15044.53	
569.497	14973.88	
569.694	15034.29	
569.892	15070.13	
570.09	15132.39	
570.288	15139.97	
570.486	15211.44	
570.683	15225.98	
570.881	15296.84	
571.079	15303.4	
571.276	15403.13	
571.474	15439.79	
571.672	15535.43	
571.869	15564.1	
572.067	15660.56	
572.265	15713.19	
572.462	15760.3	
572.66	15776.68	
572.857	15835.46	
573.055	15871.09	
573.253	15876.21	
573.45	15859.83	
573.648	15915.53	
573.845	15868.43	
574.043	15735.31	
574.24	15504.92	
574.438	15267.15	
574.635	14973.26	
574.832	14779.73	
575.03	14766.42	
575.227	15002.34	
575.425	15252.61	
575.622	15456.79	
575.82	15623.7	
576.017	15688.21	
576.214	15617.96	
576.412	15585.81	
576.609	15510.44	
576.806	15432.83	
577.004	15385.31	
577.201	15269.19	
577.398	15128.29	
577.595	15005.21	
577.793	14886.22	
577.99	14733.86	
578.187	14626.54	
578.384	14564.49	
578.582	14552	
578.779	14536.02	
578.976	14549.54	
579.173	14634.94	
579.37	14662.18	
579.567	14696.17	
579.764	14725.05	
579.962	14825.81	
580.159	14851.41	
580.356	14949.1	
580.553	14988.21	
580.75	15059.69	
580.947	15049.04	
581.144	15060.3	
581.341	15045.15	
581.538	15099.21	
581.735	15114.78	
581.932	15066.24	
582.129	14988.42	
582.326	14928.82	
582.523	14761.09	
582.72	14642.52	
582.916	14577.6	
583.113	14493.83	
583.31	14375.26	
583.507	14368.7	
583.704	14332.86	
583.901	14289.04	
584.098	14316.68	
584.294	14297.84	
584.491	14272.86	
584.688	14290.47	
584.885	14291.9	
585.082	14345.15	
585.278	14411.5	
585.475	14383.65	
585.672	14315.46	
585.868	14310.74	
586.065	14224.12	
586.262	14158.58	
586.458	14240.09	
586.655	14311.15	
586.852	14345.97	
587.048	14378.94	
587.245	14404.34	
587.442	14412.53	
587.638	14452.67	
587.835	14469.05	
588.031	14509.4	
588.228	14506.94	
588.424	14509.6	
588.621	14463.52	
588.817	14407.41	
589.014	14345.77	
589.21	14327.95	
589.407	14183.98	
589.603	14129.91	
589.8	14096.94	
589.996	14016.66	
590.192	13924.91	
590.389	13888.86	
590.585	13768.65	
590.782	13628.98	
590.978	13552.38	
591.174	13486.03	
591.371	13432.58	
591.567	13353.52	
591.763	13364.17	
591.959	13350.45	
592.156	13323.62	
592.352	13316.46	
592.548	13341.24	
592.744	13309.49	
592.941	13298.84	
593.137	13236.59	
593.333	13152.82	
593.529	13119.85	
593.725	13085.04	
593.922	13041.21	
594.118	13061.07	
594.314	13068.04	
594.51	13080.53	
594.706	13072.95	
594.902	13085.85	
595.098	13122.1	
595.294	13171.46	
595.49	13165.32	
595.686	13215.29	
595.882	13156.71	
596.078	13177.81	
596.274	13201.36	
596.47	13268.33	
596.666	13289.22	
596.862	13370.52	
597.058	13394.28	
597.254	13463.7	
597.45	13472.31	
597.646	13510.4	
597.842	13551.15	
598.037	13618.33	
598.233	13635.94	
598.429	13681.61	
598.625	13694.51	
598.821	13699.63	
599.017	13671.37	
599.212	13696.76	
599.408	13740.8	
599.604	13750.63	
599.8	13803.46	
599.995	13802.64	
600.191	13791.38	
600.387	13745.92	
600.582	13760.05	
600.778	13756.77	
600.974	13780.12	
601.169	13716.63	
601.365	13667.07	
601.561	13565.28	
601.756	13445.89	
601.952	13363.97	
602.147	13306.83	
602.343	13317.28	
602.538	13334.07	
602.734	13403.29	
602.93	13421.72	
603.125	13500.36	
603.321	13492.99	
603.516	13563.03	
603.711	13563.44	
603.907	13566.51	
604.102	13523.3	
604.298	13546.24	
604.493	13475.38	
604.689	13471.08	
604.884	13484.18	
605.079	13502.62	
605.275	13481.32	
605.47	13474.15	
605.665	13438.51	
605.861	13424.18	
606.056	13361.92	
606.251	13297.82	
606.447	13296.59	
606.642	13275.5	
606.837	13197.06	
607.032	13216.31	
607.227	13250.31	
607.423	13266.28	
607.618	13262.8	
607.813	13347.59	
608.008	13387.93	
608.203	13446.09	
608.398	13478.25	
608.594	13541.94	
608.789	13543.99	
608.984	13580.23	
609.179	13610.34	
609.374	13627.75	
609.569	13661.74	
609.764	13685.3	
609.959	13700.45	
610.154	13717.04	
610.349	13750.01	
610.544	13741.2	
610.739	13802.44	
610.934	13828.65	
611.129	13911.39	
611.324	13982.66	
611.519	14101.24	
611.714	14180.9	
611.909	14247.26	
612.103	14302.14	
612.298	14370.14	
612.493	14432.39	
612.688	14478.27	
612.883	14558.96	
613.078	14614.25	
613.272	14753.72	
613.467	14868.2	
613.662	15010.13	
613.857	15169.46	
614.051	15282.51	
614.246	15284.76	
614.441	15382.24	
614.635	15454.33	
614.83	15517.61	
615.025	15571.88	
615.219	15641.72	
615.414	15620.42	
615.609	15635.37	
615.803	15610.59	
615.998	15643.97	
616.192	15729.17	
616.387	15780.16	
616.582	15754.56	
616.776	15769.92	
616.971	15772.38	
617.165	15707.46	
617.36	15667.32	
617.554	15684.93	
617.749	15698.65	
617.943	15678.58	
618.138	15631.48	
618.332	15596.25	
618.526	15560.82	
618.721	15495.09	
618.915	15417.26	
619.11	15436.1	
619.304	15430.37	
619.498	15511.88	
619.693	15582.33	
619.887	15689.23	
620.081	15732.65	
620.275	15870.68	
620.47	15862.7	
620.664	15900.99	
620.858	15859.62	
621.052	15821.94	
621.247	15704.18	
621.441	15587.24	
621.635	15451.05	
621.829	15348.86	
622.023	15274.93	
622.218	15182.77	
622.412	15085.9	
622.606	15006.24	
622.8	14957.08	
622.994	14865.95	
623.188	14817.41	
623.382	14875.57	
623.576	14927.39	
623.77	15006.64	
623.964	15120.72	
624.158	15230.69	
624.352	15275.95	
624.546	15299.91	
624.74	15275.34	
624.934	15205.71	
625.128	15144.06	
625.322	15066.04	
625.516	14980.84	
625.71	14926.57	
625.904	14869.02	
626.098	14782.19	
626.291	14725.05	
626.485	14684.5	
626.679	14607.7	
626.873	14646.2	
627.067	14672.83	
627.26	14681.22	
627.454	14753.11	
627.648	14853.05	
627.842	14909.98	
628.035	14963.43	
628.229	15027.53	
628.423	15035.93	
628.617	15058.46	
628.81	15074.43	
629.004	15125.63	
629.198	15160.04	
629.391	15142.83	
629.585	15095.32	
629.778	15006.44	
629.972	14900.15	
630.166	14815.16	
630.359	14692.49	
630.553	14571.86	
630.746	14482.77	
630.94	14417.24	
631.133	14277.57	
631.327	14177.42	
631.52	14095.3	
631.714	14019.32	
631.907	13928.8	
632.1	13949.28	
632.294	14019.52	
632.487	14006.42	
632.681	14057.41	
632.874	14031.61	
633.067	14010.92	
633.261	13970.37	
633.454	14020.14	
633.647	14008.67	
633.841	14041.44	
634.034	14043.89	
634.227	14030.38	
634.421	13995.97	
634.614	13991.26	
634.807	13961.77	
635	13922.65	
635.193	13950.51	
635.387	13985.12	
635.58	13959.93	
635.773	13930.64	
635.966	13949.48	
636.159	13964.23	
636.352	13908.11	
636.545	13857.53	
636.739	13813.09	
636.932	13719.29	
637.125	13586.38	
637.318	13507.74	
637.511	13447.94	
637.704	13447.32	
637.897	13497.09	
638.09	13432.17	
638.283	13444.04	
638.476	13475.58	
638.669	13504.05	
638.862	13519	
639.055	13619.15	
639.247	13671.98	
639.44	13647	
639.633	13663.18	
639.826	13611.36	
640.019	13593.75	
640.212	13542.96	
640.405	13529.24	
640.597	13492.79	
640.79	13452.65	
640.983	13505.89	
641.176	13519.61	
641.368	13613	
641.561	13643.31	
641.754	13692.05	
641.947	13690.01	
642.139	13673.62	
642.332	13628.57	
642.525	13617.3	
642.717	13618.12	
642.91	13536.61	
643.103	13577.78	
643.295	13536.82	
643.488	13525.14	
643.68	13526.58	
643.873	13575.73	
644.065	13599.08	
644.258	13621.6	
644.45	13615.66	
644.643	13549.72	
644.835	13524.94	
645.028	13425	
645.22	13360.08	
645.413	13291.06	
645.605	13280.41	
645.798	13240.27	
645.99	13192.96	
646.182	13133.16	
646.375	13162.04	
646.567	13176.17	
646.76	13119.24	
646.952	13163.68	
647.144	13220.41	
647.337	13227.16	
647.529	13263	
647.721	13342.06	
647.913	13378.71	
648.106	13419.06	
648.298	13445.27	
648.49	13447.94	
648.682	13458.18	
648.874	13470.87	
649.067	13540.5	
649.259	13529.44	
649.451	13519.41	
649.643	13490.12	
649.835	13426.02	
650.027	13249.08	
650.219	13140.13	
650.411	13008.85	
650.603	12861.6	
650.796	12799.55	
650.988	12699.61	
651.18	12627.31	
651.372	12557.48	
651.564	12490.51	
651.756	12344.9	
651.948	12309.06	
652.139	12234.92	
652.331	12220.18	
652.523	12255.81	
652.715	12293.09	
652.907	12297.59	
653.099	12357.6	
653.291	12412.69	
653.483	12438.49	
653.674	12507.3	
653.866	12561.57	
654.058	12564.85	
654.25	12585.74	
654.442	12611.55	
654.633	12607.86	
654.825	12642.88	
655.017	12667.45	
655.209	12602.74	
655.4	12520.62	
655.592	12457.54	
655.784	12410.23	
655.975	12367.63	
656.167	12284.89	
656.359	12229.39	
656.55	12121.47	
656.742	11964.39	
656.933	11853.8	
657.125	11775.77	
657.316	11654.32	
657.508	11562.58	
657.7	11496.22	
657.891	11410	
658.083	11358.8	
658.274	11349.18	
658.466	11362.69	
658.657	11348.36	
658.848	11293.88	
659.04	11252.72	
659.231	11220.16	
659.423	11160.76	
659.614	11090.72	
659.805	11125.54	
659.997	11144.18	
660.188	11161.38	
660.379	11177.15	
660.571	11229.17	
660.762	11197.01	
660.953	11200.09	
661.145	11186.57	
661.336	11165.88	
661.527	11301.87	
661.718	11319.07	
661.909	11284.46	
662.101	11261.52	
662.292	11248.62	
662.483	11054.68	
662.674	10993.85	
662.865	10912.55	
663.056	10819.57	
663.247	10674.37	
663.439	10606.79	
663.63	10505.41	
663.821	10404.65	
664.012	10340.76	
664.203	10346.49	
664.394	10257.61	
664.585	10254.13	
664.776	10246.55	
664.967	10221.77	
665.158	10190.64	
665.349	10247.17	
665.54	10225.05	
665.73	10264.57	
665.921	10230.37	
666.112	10236.11	
666.303	10208.66	
666.494	10227.3	
666.685	10176.92	
666.876	10181.22	
667.066	10101.15	
667.257	10044.83	
667.448	9909.46	
667.639	9830.81	
667.83	9775.11	
668.02	9753.4	
668.211	9676.19	
668.402	9694.42	
668.592	9618.03	
668.783	9554.95	
668.974	9489.01	
669.164	9429.41	
669.355	9339.71	
669.546	9332.34	
669.736	9269.46	
669.927	9246.32	
670.117	9188.57	
670.308	9156.42	
670.499	9085.97	
670.689	9038.25	
670.88	8912.3	
671.07	8885.06	
671.261	8783.89	
671.451	8730.03	
671.641	8639.51	
671.832	8624.15	
672.022	8544.69	
672.213	8492.47	
672.403	8466.05	
672.594	8483.04	
672.784	8469.94	
672.974	8450.28	
673.165	8417.51	
673.355	8414.03	
673.545	8419.15	
673.736	8387.61	
673.926	8349.52	
674.116	8385.77	
674.306	8312.04	
674.497	8219.27	
674.687	8184.25	
674.877	8174.62	
675.067	8105.6	
675.257	8102.12	
675.448	8088.61	
675.638	8085.53	
675.828	8029.22	
676.018	8018.36	
676.208	7929.68	
676.398	7858.82	
676.588	7761.55	
676.778	7735.74	
676.968	7685.98	
677.158	7700.11	
677.348	7702.77	
677.538	7711.98	
677.728	7698.06	
677.918	7646.86	
678.108	7611.02	
678.298	7562.48	
678.488	7522.34	
678.678	7463.77	
678.868	7435.92	
679.058	7380.62	
679.248	7324.51	
679.438	7248.53	
679.627	7202.04	
679.817	7145.72	
680.007	7104.35	
680.197	7086.33	
680.387	7083.67	
680.576	7087.56	
680.766	7058.27	
680.956	7039.64	
681.146	7070.36	
681.335	7057.25	
681.525	7009.74	
681.715	7052.74	
681.904	7092.47	
682.094	7047.42	
682.284	7072.61	
682.473	7152.48	
682.663	7161.49	
682.852	7175.83	
683.042	7219.65	
683.231	7240.54	
683.421	7217.61	
683.61	7227.23	
683.8	7190.98	
683.989	7201.02	
684.179	7136.3	
684.368	7091.04	
684.558	7037.79	
684.747	7000.11	
684.937	6897.51	
685.126	6841.6	
685.316	6783.44	
685.505	6718.52	
685.694	6654.62	
685.884	6636.8	
686.073	6590.52	
686.262	6559.59	
686.452	6527.23	
686.641	6493.24	
686.83	6404.36	
687.019	6390.84	
687.209	6330.02	
687.398	6318.34	
687.587	6279.43	
687.776	6270.83	
687.965	6218.4	
688.155	6187.48	
688.344	6103.92	
688.533	6108.02	
688.722	6050.06	
688.911	6050.47	
689.1	6028.96	
689.289	6027.74	
689.478	5945.41	
689.667	5932.1	
689.856	5814.34	
690.045	5746.75	
690.234	5641.9	
690.423	5619.17	
690.612	5520.45	
690.801	5525.16	
690.99	5470.48	
691.179	5466.39	
691.368	5422.56	
691.557	5449.59	
691.746	5404.95	
691.935	5410.27	
692.124	5350.47	
692.312	5356.82	
692.501	5327.74	
692.69	5341.67	
692.879	5328.97	
693.068	5328.56	
693.256	5301.53	
693.445	5310.95	
693.634	5263.23	
693.823	5225.96	
694.011	5263.43	
694.2	5242.54	
694.389	5194.83	
694.577	5170.66	
694.766	5140.15	
694.955	5092.63	
695.143	5049.63	
695.332	5020.95	
695.52	4995.56	
695.709	5008.46	
695.897	4978.97	
696.086	4938.42	
696.275	4905.45	
696.463	4905.45	
696.652	4867.77	
696.84	4868.18	
697.028	4844.21	
697.217	4822.1	
697.405	4791.79	
697.594	4782.98	
697.782	4731.17	
697.971	4678.12	
698.159	4661.74	
698.347	4651.71	
698.536	4584.12	
698.724	4577.98	
698.912	4590.47	
699.1	4557.09	
699.289	4544.8	
699.477	4562.21	
699.665	4525.35	
699.854	4506.71	
700.042	4486.84	
700.23	4457.76	
700.418	4427.45	
700.606	4382.6	
700.794	4383.83	
700.983	4389.36	
701.171	4356.8	
701.359	4319.73	
701.547	4352.29	
701.735	4292.9	
701.923	4222.25	
702.111	4175.96	
702.299	4127.43	
702.487	4063.73	
702.675	4008.03	
702.863	3997.17	
703.051	3978.54	
703.239	3983.86	
703.427	3950.07	
703.615	3966.05	
703.803	3938.19	
703.991	3929.39	
704.179	3908.91	
704.367	3899.49	
704.554	3894.98	
704.742	3889.66	
704.93	3872.86	
705.118	3855.86	
705.306	3793.2	
705.493	3752.24	
705.681	3732.17	
705.869	3740.77	
706.057	3733.6	
706.244	3749.98	
706.432	3755.51	
706.62	3760.63	
706.807	3716.19	
706.995	3708.21	
707.183	3719.26	
707.37	3726.23	
707.558	3724.59	
707.746	3754.08	
707.933	3746.5	
708.121	3769.44	
708.308	3754.29	
708.496	3731.96	
708.683	3671.75	
708.871	3684.65	
709.058	3601.1	
709.246	3547.24	
709.433	3472.08	
709.621	3439.1	
709.808	3341.62	
709.995	3327.49	
710.183	3276.7	
710.37	3246.18	
710.558	3197.65	
710.745	3174.91	
710.932	3136.82	
711.12	3123.1	
711.307	3113.48	
711.494	3086.85	
711.681	3073.34	
711.869	3020.09	
712.056	3002.89	
712.243	2974.21	
712.43	2952.3	
712.618	2937.76	
712.805	2941.86	
712.992	2922.81	
713.179	2928.13	
713.366	2935.1	
713.553	2943.9	
713.74	2947.8	
713.928	2917.28	
714.115	2911.14	
714.302	2896.6	
714.489	2876.32	
714.676	2837.61	
714.863	2858.91	
715.05	2849.7	
715.237	2818.36	
715.424	2757.13	
715.611	2766.34	
715.798	2747.91	
715.984	2708.59	
716.171	2715.15	
716.358	2733.58	
716.545	2709	
716.732	2697.12	
716.919	2674.39	
717.106	2661.9	
717.293	2665.58	
717.479	2675.42	
717.666	2632.41	
717.853	2652.48	
718.04	2655.35	
718.226	2628.72	
718.413	2571.38	
718.6	2590.42	
718.786	2590.83	
718.973	2564.82	
719.16	2546.39	
719.346	2558.68	
719.533	2515.47	
719.72	2515.47	
719.906	2469.18	
720.093	2458.74	
720.279	2423.72	
720.466	2417.99	
720.652	2375.18	
720.839	2385.22	
721.025	2350.2	
721.212	2327.67	
721.398	2298.38	
721.585	2280.77	
721.771	2239.61	
721.958	2215.24	
722.144	2189.64	
722.331	2146.63	
722.517	2082.32	
722.703	2063.69	
722.89	2037.47	
723.076	2026.21	
723.262	2029.28	
723.449	2015.15	
723.635	1988.12	
723.821	1961.49	
724.007	1919.31	
724.194	1895.75	
724.38	1876.91	
724.566	1867.7	
724.752	1884.08	
724.938	1915.41	
725.125	1932	
725.311	1939.78	
725.497	1937.12	
725.683	1911.11	
725.869	1855.2	
726.055	1814.45	
726.241	1772.67	
726.427	1754.85	
726.613	1732.53	
726.799	1774.72	
726.985	1758.54	
727.171	1790.08	
727.357	1796.22	
727.543	1818.14	
727.729	1780.45	
727.915	1802.98	
728.101	1785.98	
728.287	1755.47	
728.473	1724.34	
728.659	1716.76	
728.845	1690.14	
729.03	1670.68	
729.216	1680.51	
729.402	1695.46	
729.588	1694.44	
729.774	1688.29	
729.959	1682.97	
730.145	1702.43	
730.331	1681.54	
730.517	1653.48	
730.702	1642.01	
730.888	1635.46	
731.074	1566.44	
731.259	1564.8	
731.445	1582.41	
731.63	1560.91	
731.816	1541.86	
732.002	1598.18	
732.187	1594.09	
732.373	1578.93	
732.558	1604.94	
732.744	1638.32	
732.929	1597.36	
733.115	1548.83	
733.3	1520.57	
733.486	1501.31	
733.671	1455.85	
733.857	1446.63	
734.042	1475.51	
734.227	1494.35	
734.413	1502.75	
734.598	1518.31	
734.784	1501.93	
734.969	1478.99	
735.154	1497.42	
735.339	1494.15	
735.525	1500.91	
735.71	1528.35	
735.895	1510.74	
736.081	1485.95	
736.266	1467.93	
736.451	1437.21	
736.636	1427.79	
736.821	1428.82	
737.007	1403.01	
737.192	1402.81	
737.377	1389.7	
737.562	1339.32	
737.747	1336.66	
737.932	1336.25	
738.117	1290.78	
738.302	1309.22	
738.487	1327.85	
738.672	1315.97	
738.857	1302.87	
739.042	1317.61	
739.227	1308.6	
739.412	1276.04	
739.597	1250.23	
739.782	1257.4	
739.967	1209.27	
740.152	1184.49	
740.337	1195.35	
740.522	1185.52	
740.706	1151.52	
740.891	1192.69	
741.076	1176.92	
741.261	1152.75	
741.446	1145.99	
741.63	1120.8	
741.815	1105.24	
742	1062.43	
742.185	1024.55	
742.369	1011.44	
742.554	1008.57	
742.739	984.61	
742.923	1014.92	
743.108	1036.43	
743.293	1037.86	
743.477	1021.07	
743.662	1019.02	
743.846	1008.16	
744.031	1016.15	
744.216	1014.51	
744.4	1041.34	
744.585	1006.12	
744.769	1005.09	
744.954	985.43	
745.138	977.03	
745.322	963.72	
745.507	964.54	
745.691	939.97	
745.876	932.59	
746.06	955.74	
746.244	957.78	
746.429	986.25	
746.613	985.64	
746.798	989.94	
746.982	939.76	
747.166	950	
747.35	897.98	
747.535	880.98	
747.719	869.52	
747.903	897.57	
748.087	856.61	
748.272	870.75	
748.456	883.65	
748.64	866.03	
748.824	840.64	
749.008	841.87	
749.192	826.51	
749.376	807.26	
749.56	804.39	
749.745	792.72	
749.929	787.6	
750.113	801.73	
750.297	772.85	
750.481	769.17	
750.665	768.14	
750.849	778.79	
751.033	768.55	
751.217	769.99	
751.4	765.07	
751.584	772.24	
751.768	755.03	
751.952	746.64	
752.136	757.49	
752.32	750.32	
752.504	757.49	
752.688	755.03	
752.871	737.83	
753.055	728.41	
753.239	732.1	
753.423	721.45	
753.606	706.5	
753.79	726.77	
753.974	731.28	
754.157	713.05	
754.341	688.07	
754.525	671.27	
754.708	641.99	
754.892	623.35	
755.076	637.07	
755.259	640.55	
755.443	628.88	
755.626	645.88	
755.81	655.5	
755.993	650.59	
756.177	634.82	
756.36	651.82	
756.544	619.87	
756.727	606.56	
756.911	600.21	
757.094	610.45	
757.278	598.37	
757.461	590.99	
757.644	591.4	
757.828	560.07	
758.011	546.14	
758.195	548.6	
758.378	546.14	
758.561	527.3	
758.744	533.85	
758.928	556.79	
759.111	556.59	
759.294	586.28	
759.477	598.98	
759.661	618.44	
759.844	598.98	
760.027	593.45	
760.21	563.14	
760.393	579.32	
760.576	561.71	
760.76	550.85	
760.943	532.01	
761.126	572.56	
761.309	571.13	
761.492	566.83	
761.675	564.78	
761.858	582.6	
762.041	541.64	
762.224	503.75	
762.407	501.5	
762.59	520.13	
762.773	487.57	
762.956	495.35	
763.139	515.22	
763.321	515.83	
763.504	478.56	
763.687	514.6	
763.87	514.4	
764.053	509.89	
764.236	531.4	
764.418	545.32	
764.601	528.53	
764.784	529.35	
764.967	540.82	
765.149	517.68	
765.332	518.29	
765.515	542.25	
765.697	530.17	
765.88	521.16	
766.063	528.12	
766.245	539.18	
766.428	499.45	
766.611	502.93	
766.793	493.1	
766.976	498.63	
767.158	472.42	
767.341	495.15	
767.523	497.4	
767.706	511.12	
767.888	501.29	
768.071	538.15	
768.253	517.27	
768.436	524.64	
768.618	519.31	
768.8	538.56	
768.983	522.39	
769.165	526.28	
769.348	494.12	
769.53	482.25	
769.712	442.92	
769.895	406.06	
770.077	405.24	
770.259	411.39	
770.441	407.49	
770.624	449.27	
770.806	470.16	
770.988	473.03	
771.17	474.87	
771.352	485.32	
771.535	480.2	
771.717	480.4	
771.899	471.6	
772.081	499.65	
772.263	478.35	
772.445	439.65	
772.627	421.01	
772.809	421.42	
772.991	408.52	
773.173	427.16	
773.355	441.9	
773.537	441.08	
773.719	421.42	
773.901	438.83	
774.083	415.28	
774.265	383.53	
774.447	391.32	
774.629	409.95	
774.811	388.04	
774.992	401.97	
775.174	405.04	
775.356	414.46	
775.538	401.35	
775.72	371.66	
775.901	374.93	
776.083	374.11	
776.265	348.72	
776.447	366.94	
776.628	384.35	
776.81	357.11	
776.992	365.31	
777.173	379.64	
777.355	359.57	
777.537	372.06	
777.718	375.96	
777.9	385.58	
778.081	375.55	
778.263	390.09	
778.444	365.72	
778.626	361.01	
778.807	324.35	
778.989	309.6	
779.17	267.41	
779.352	238.13	
779.533	210.07	
779.715	226.45	
779.896	207.2	
780.078	243.25	
780.259	258.61	
780.44	277.45	
780.622	270.69	
780.803	319.02	
780.984	294.04	
781.166	272.33	
781.347	259.84	
781.528	252.26	
781.709	214.17	
781.891	218.88	
782.072	248.78	
782.253	263.93	
782.434	260.66	
782.615	276.63	
782.796	272.53	
782.978	285.64	
783.159	295.88	
783.34	325.58	
783.521	305.71	
783.702	318	
783.883	298.54	
784.064	296.29	
784.245	262.5	
784.426	291.99	
784.607	276.83	
784.788	288.3	
784.969	249.6	
785.15	264.34	
785.331	215.19	
785.512	225.43	
785.692	219.29	
785.873	242.84	
786.054	222.97	
786.235	248.16	
786.416	255.74	
786.597	247.96	
786.777	237.1	
786.958	242.02	
787.139	228.3	
787.32	212.12	
787.5	213.14	
787.681	198.19	
787.862	201.88	
788.042	223.79	
788.223	218.47	
788.404	186.52	
788.584	193.28	
788.765	210.28	
788.946	194.51	
789.126	192.25	
789.307	234.24	
789.487	246.93	
789.668	204.95	
789.848	193.07	
790.029	169.93	
790.209	137.57	
790.39	123.03	
790.57	123.44	
790.75	150.68	
790.931	176.69	
791.111	157.85	
791.292	183.04	
791.472	188.98	
791.652	176.28	
791.833	166.45	
792.013	201.06	
792.193	165.63	
792.373	193.07	
792.554	183.86	
792.734	182.83	
792.914	165.02	
793.094	180.58	
793.275	179.76	
793.455	176.07	
793.635	196.14	
793.815	208.43	
793.995	197.99	
794.175	175.05	
794.355	209.46	
794.535	191.23	
794.715	178.74	
794.896	179.56	
795.076	159.28	
795.256	164.61	
795.436	150.27	
795.616	161.53	
795.795	175.25	
795.975	190.61	
796.155	168.5	
796.335	179.35	
796.515	186.52	
796.695	206.18	
796.875	227.89	
797.055	221.74	
797.234	220.31	
797.414	208.02	
797.594	176.69	
797.774	159.9	
797.954	142.9	
798.133	152.52	
798.313	135.73	
798.493	133.27	
798.672	104.19	
798.852	99.89	
799.032	76.95	
799.211	71.01	
799.391	70.81	
799.571	88.83	
799.75	83.71	
799.93	106.03	
800.109	118.32	
800.289	113	
800.468	109.31	
800.648	113	
800.827	100.91	
801.007	97.02	
801.186	84.53	
801.366	99.89	
801.545	112.38	
801.725	140.64	
801.904	125.69	
802.083	152.11	
802.263	139.21	
802.442	154.37	
802.621	105.21	
802.801	149.45	
802.98	145.97	
803.159	121.39	
803.338	84.12	
803.518	124.87	
803.697	87.4	
803.876	97.43	
804.055	124.06	
804.235	135.52	
804.414	106.24	
804.593	119.55	
804.772	98.25	
804.951	88.01	
805.13	67.12	
805.309	91.29	
805.488	89.65	
805.667	103.99	
805.846	114.23	
806.025	134.5	
806.204	130.61	
806.383	132.45	
806.562	111.15	
806.741	106.03	
806.92	114.43	
807.099	102.55	
807.278	71.01	
807.457	72.04	
807.636	92.93	
807.814	96.82	
807.993	93.75	
808.172	112.79	
808.351	122.62	
808.53	109.72	
808.708	97.43	
808.887	94.97	
809.066	122.83	
809.244	115.66	
809.423	99.89	
809.602	99.48	
809.78	109.11	
809.959	94.16	
810.138	105.01	
810.316	111.97	
810.495	114.64	
810.673	91.49	
810.852	93.34	
811.03	97.43	
811.209	114.43	
811.388	105.62	
811.566	126.92	
811.744	116.27	
811.923	94.36	
812.101	78.59	
812.28	124.67	
812.458	127.74	
812.637	122.62	
812.815	140.64	
812.993	155.59	
813.172	141.67	
813.35	104.6	
813.528	116.27	
813.706	94.16	
813.885	72.24	
814.063	31.69	
814.241	71.01	
814.419	71.63	
814.598	111.97	
814.776	104.6	
814.954	109.11	
815.132	102.14	
815.31	101.73	
815.488	59.34	
815.666	62.82	
815.844	62.82	
816.022	48.08	
816.201	31.49	
816.379	65.89	
816.557	80.02	
816.735	89.65	
816.913	86.17	
817.09	104.6	
817.268	73.47	
817.446	54.02	
817.624	43.16	
817.802	81.46	
817.98	51.76	
818.158	57.09	
818.336	47.67	
818.514	60.16	
818.691	42.55	
818.869	81.46	
819.047	99.89	
819.225	119.14	
819.402	107.26	
819.58	117.3	
819.758	106.85	
819.935	78.39	
820.113	73.88	
820.291	69.37	
820.468	35.58	
820.646	40.7	
820.824	63.64	
821.001	91.49	
821.179	102.14	
821.356	117.09	
821.534	90.26	
821.711	68.15	
821.889	79.61	
822.066	77.98	
822.244	83.92	
822.421	103.17	
822.599	117.71	
822.776	70.81	
822.953	55.86	
823.131	28.21	
823.308	23.3	
823.486	37.22	
823.663	36.2	
823.84	51.56	
824.017	38.45	
824.195	30.87	
824.372	29.44	
824.549	44.18	
824.726	36.81	
824.904	52.79	
825.081	66.1	
825.258	41.11	
825.435	43.37	
825.612	60.57	
825.789	38.25	
825.967	43.37	
826.144	56.27	
826.321	49.3	
826.498	37.22	
826.675	66.3	
826.852	24.11	
827.029	38.86	
827.206	50.74	
827.383	31.28	
827.56	44.39	
827.737	66.92	
827.914	65.28	
828.09	44.8	
828.267	55.24	
828.444	51.97	
828.621	46.85	
828.798	67.74	
828.975	56.27	
829.151	57.29	
829.328	56.27	
829.505	84.73	
829.682	30.67	
829.858	36.4	
830.035	59.34	
830.212	56.68	
830.389	29.23	
830.565	31.9	
830.742	67.12	
830.918	58.52	
831.095	46.85	
831.272	55.86	
831.448	55.24	
831.625	48.9	
831.801	50.12	
831.978	49.71	
832.154	23.5	
832.331	37.63	
832.507	5.07	
832.684	17.77	
832.86	29.85	
833.037	82.69	
833.213	53.2	
833.389	75.11	
833.566	32.51	
833.742	8.76	
833.918	-31.59	
834.095	-30.16	
834.271	-29.75	
834.447	3.84	
834.624	18.59	
834.8	32.72	
834.976	67.53	
835.152	49.92	
835.328	37.84	
835.505	38.66	
835.681	28.83	
835.857	-0.26	
836.033	20.84	
836.209	71.42	
836.385	65.89	
836.561	71.22	
836.737	91.29	
836.913	70.4	
837.089	23.5	
837.265	49.71	
837.441	75.72	
837.617	65.28	
837.793	60.98	
837.969	64.87	
838.145	51.76	
838.321	22.48	
838.497	28.62	
838.673	64.87	
838.849	46.85	
839.025	71.22	
839.2	75.11	
839.376	85.55	
839.552	61.59	
839.728	78.39	
839.903	47.87	
840.079	76.54	
840.255	58.73	
840.431	90.47	
840.606	66.92	
840.782	105.42	
840.958	52.58	
841.133	51.97	
841.309	28.21	
841.484	62	
841.66	16.95	
841.835	22.89	
842.011	18.59	
842.186	48.28	
842.362	20.43	
842.537	39.27	
842.713	51.76	
842.888	62.82	
843.064	15.51	
843.239	18.99	
843.415	11.83	
843.59	31.9	
843.765	41.73	
843.941	76.95	
844.116	107.88	
844.291	95.38	
844.467	78.8	
844.642	79.61	
844.817	75.11	
844.992	45.21	
845.168	30.87	
845.343	39.27	
845.518	41.11	
845.693	39.07	
845.868	37.02	
846.043	46.23	
846.219	31.08	
846.394	37.22	
846.569	18.79	
846.744	26.98	
846.919	25.14	
847.094	74.49	
847.269	44.39	
847.444	49.92	
847.619	40.91	
847.794	79	
847.969	50.33	
848.144	76.54	
848.319	74.7	
848.494	87.4	
848.668	76.75	
848.843	90.88	
849.018	70.19	
849.193	66.3	
849.368	66.71	
849.542	77.16	
849.717	60.16	
849.892	65.89	
850.067	70.19	
850.241	82.48	
850.416	50.74	
850.591	52.58	
850.765	48.69	
850.94	75.93	
851.115	49.3	
851.289	69.58	
851.464	63.64	
851.639	61.59	
851.813	23.09	
851.988	45.41	
852.162	34.97	
852.337	24.93	
852.511	26.57	
852.686	69.37	
852.86	61.59	
853.035	65.48	
853.209	59.14	
853.383	79.41	
853.558	33.33	
853.732	42.34	
853.906	23.71	
854.081	46.03	
854.255	19.81	
854.429	46.23	
854.604	33.54	
854.778	68.97	
854.952	56.06	
855.126	76.75	
855.301	75.93	
855.475	58.11	
855.649	33.54	
855.823	14.08	
855.997	-13.57	
856.171	-26.67	
856.345	-26.88	
856.52	-21.96	
856.694	12.24	
856.868	48.08	
857.042	48.08	
857.216	91.29	
857.39	89.85	
857.564	68.15	
857.738	48.28	
857.912	50.94	
858.085	26.78	
858.259	30.87	
858.433	41.11	
858.607	28.42	
858.781	35.38	
858.955	32.31	
859.129	27.39	
859.302	26.78	
859.476	17.56	
859.65	36.2	
859.824	6.71	
859.997	19.4	
860.171	33.95	
860.345	58.93	
860.519	31.9	
860.692	55.24	
860.866	45	
861.039	48.69	
861.213	45.62	
861.387	42.14	
861.56	37.02	
861.734	55.45	
861.907	40.7	
862.081	52.17	
862.254	77.36	
862.428	94.56	
862.601	77.98	
862.775	85.76	
862.948	105.62	
863.122	99.89	
863.295	81.87	
863.468	80.23	
863.642	54.02	
863.815	35.17	
863.988	14.9	
864.162	28.21	
864.335	6.71	
864.508	32.1	
864.682	35.79	
864.855	43.37	
865.028	25.55	
865.201	52.38	
865.374	35.99	
865.548	52.79	
865.721	52.17	
865.894	88.22	
866.067	71.01	
866.24	86.58	
866.413	74.7	
866.586	75.11	
866.759	35.17	
866.932	42.14	
867.105	23.3	
867.278	-12.75	
867.451	-16.64	
867.624	12.65	
867.797	33.54	
867.97	37.02	
868.143	43.78	
868.316	62.62	
868.489	29.23	
868.661	15.51	
868.834	30.87	
869.007	70.6	
869.18	57.09	
869.353	81.66	
869.525	91.7	
869.698	82.48	
869.871	57.5	
870.044	52.58	
870.216	44.8	
870.389	30.46	
870.562	22.48	
870.734	44.18	
870.907	37.02	
871.079	59.75	
871.252	58.32	
871.425	88.22	
871.597	36.81	
871.77	86.58	
871.942	62.62	
872.115	51.35	
872.287	35.58	
872.459	57.29	
872.632	19.61	
872.804	24.52	
872.977	18.99	
873.149	16.54	
873.321	0.15	
873.494	9.98	
873.666	32.92	
873.838	35.38	
874.011	15.1	
874.183	50.74	
874.355	26.16	
874.528	0.97	
874.7	7.94	
874.872	50.94	
875.044	57.5	
875.216	77.36	
875.388	102.96	
875.561	122.42	
875.733	77.57	
875.905	50.74	
876.077	26.57	
876.249	39.27	
876.421	23.71	
876.593	17.15	
876.765	29.03	
876.937	56.88	
877.109	21.45	
877.281	30.67	
877.453	30.46	
877.625	23.5	
877.797	17.15	
877.968	6.91	
878.14	-15.21	
878.312	16.74	
878.484	15.1	
878.656	25.75	
878.828	24.73	
878.999	71.83	
879.171	41.73	
879.343	29.85	
879.515	14.49	
879.686	-1.28	
879.858	-26.88	
880.03	-10.09	
880.201	-3.53	
880.373	-11.72	
880.545	14.9	
880.716	15.31	
880.888	55.04	
881.059	64.66	
881.231	66.51	
881.402	87.19	
881.574	84.94	
881.745	53.2	
881.917	69.17	
882.088	83.3	
882.26	51.76	
882.431	66.3	
882.602	34.56	
882.774	21.66	
882.945	-5.17	
883.116	-5.79	
883.288	-30.36	
883.459	-5.17	
883.63	-0.67	
883.802	20.84	
883.973	29.23	
884.144	45.62	
884.315	54.83	
884.487	65.89	
884.658	87.81	
884.829	101.53	
885	91.49	
885.171	85.96	
885.342	41.11	
885.513	22.89	
885.684	1.38	
885.855	17.56	
886.026	7.73	
886.197	44.18	
886.368	17.97	
886.539	41.93	
886.71	23.5	
886.881	35.58	
887.052	35.17	
887.223	52.17	
887.394	23.5	
887.565	45.82	
887.736	20.84	
887.907	23.09	
888.077	12.85	
888.248	18.38	
888.419	1.59	
888.59	17.15	
888.761	23.5	
888.931	38.25	
889.102	56.06	
889.273	37.22	
889.443	25.34	
889.614	5.89	
889.785	22.07	
889.955	10.8	
890.126	20.02	
890.296	49.3	
890.467	61.18	
890.637	76.95	
890.808	94.56	
890.978	104.6	
891.149	86.58	
891.319	98.87	
891.49	80.43	
891.66	84.12	
891.831	77.16	
892.001	90.47	
892.172	49.3	
892.342	39.07	
892.512	22.07	
892.683	43.78	
892.853	19.81	
893.023	54.42	
893.193	41.73	
893.364	47.87	
893.534	46.03	
893.704	79.21	
893.874	72.65	
894.044	87.19	
894.215	75.93	
894.385	74.9	
894.555	55.04	
894.725	72.86	
894.895	43.98	
895.065	70.81	
895.235	59.75	
895.405	92.11	
895.575	53.61	
895.745	84.73	
895.915	70.4	
