177.618	-286.72	
177.836	-306.17	
178.054	-309.24	
178.271	-235.52	
178.489	-139.26	
178.706	-91.75	
178.924	-17	
179.142	40.55	
179.359	26.42	
179.577	-23.76	
179.794	-14.95	
180.012	-30.51	
180.229	-37.68	
180.447	-39.94	
180.664	-31.54	
180.882	-39.32	
181.1	-15.36	
181.317	-3.89	
181.535	5.32	
181.752	9.83	
181.969	19.25	
182.187	40.75	
182.404	47.1	
182.622	38.3	
182.839	37.27	
183.057	56.11	
183.274	33.79	
183.492	32.77	
183.709	47.31	
183.926	41.78	
184.144	19.05	
184.361	21.5	
184.579	20.48	
184.796	-10.04	
185.013	11.26	
185.231	-0.41	
185.448	5.53	
185.666	10.04	
185.883	12.9	
186.1	16.79	
186.317	29.29	
186.535	4.51	
186.752	0.41	
186.969	21.5	
187.187	52.43	
187.404	30.92	
187.621	77.21	
187.839	92.77	
188.056	79.26	
188.273	34.82	
188.49	78.85	
188.708	56.93	
188.925	80.28	
189.142	90.11	
189.359	77.41	
189.576	38.09	
189.794	30.31	
190.011	2.66	
190.228	7.17	
190.445	10.85	
190.662	51.81	
190.879	49.97	
191.097	45.67	
191.314	43.42	
191.531	53.04	
191.748	6.55	
191.965	12.29	
192.182	6.35	
192.399	-3.48	
192.616	16.18	
192.834	51.4	
193.051	34.61	
193.268	44.44	
193.485	51.2	
193.702	19.25	
193.919	11.88	
194.136	23.76	
194.353	5.32	
194.57	20.89	
194.787	30.31	
195.004	74.96	
195.221	69.84	
195.438	98.3	
195.655	72.09	
195.872	103.63	
196.089	42.8	
196.306	53.45	
196.523	27.03	
196.74	50.99	
196.957	10.65	
197.173	31.33	
197.39	23.96	
197.607	48.54	
197.824	33.79	
198.041	46.08	
198.258	32.56	
198.475	49.97	
198.692	24.78	
198.909	13.11	
199.125	2.05	
199.342	40.14	
199.559	34	
199.776	41.16	
199.993	85.61	
200.21	86.42	
200.426	34.61	
200.643	47.31	
200.86	58.16	
201.077	44.03	
201.293	42.19	
201.51	57.34	
201.727	2.46	
201.944	-17.2	
202.16	-28.47	
202.377	-40.55	
202.594	-45.67	
202.811	-16.18	
203.027	-9.22	
203.244	-16.18	
203.461	7.78	
203.677	41.57	
203.894	55.7	
204.111	67.79	
204.327	65.33	
204.544	54.89	
204.761	46.9	
204.977	21.71	
205.194	-9.22	
205.41	27.65	
205.627	32.36	
205.844	27.44	
206.06	30.72	
206.277	63.08	
206.493	40.55	
206.71	47.92	
206.926	38.71	
207.143	59.8	
207.36	31.54	
207.576	61.03	
207.793	53.25	
208.009	70.04	
208.226	47.72	
208.442	54.89	
208.659	23.76	
208.875	21.5	
209.092	-11.47	
209.308	-15.15	
209.524	-16.79	
209.741	20.89	
209.957	47.31	
210.174	62.26	
210.39	71.88	
210.607	73.11	
210.823	14.34	
211.039	-8.6	
211.256	20.68	
211.472	9.63	
211.688	38.91	
211.905	69.02	
212.121	61.64	
212.338	37.68	
212.554	56.11	
212.77	45.87	
212.987	35.63	
213.203	67.79	
213.419	85.81	
213.635	64.1	
213.852	45.46	
214.068	43.21	
214.284	16.79	
214.501	19.46	
214.717	32.36	
214.933	50.79	
215.149	27.24	
215.365	17.82	
215.582	-23.35	
215.798	-15.36	
216.014	-33.18	
216.23	-6.35	
216.447	-6.76	
216.663	10.65	
216.879	1.43	
217.095	24.58	
217.311	25.8	
217.527	43.21	
217.743	53.04	
217.96	45.67	
218.176	38.3	
218.392	38.71	
218.608	37.07	
218.824	22.32	
219.04	16.18	
219.256	17	
219.472	5.73	
219.688	13.52	
219.904	31.54	
220.12	77.82	
220.336	72.91	
220.552	70.86	
220.768	62.67	
220.984	70.65	
221.2	23.14	
221.416	27.03	
221.632	12.49	
221.848	5.32	
222.064	-25.39	
222.28	-21.3	
222.496	-38.09	
222.712	-0.41	
222.928	-12.7	
223.144	15.15	
223.36	26.62	
223.576	37.27	
223.792	23.14	
224.008	74.14	
224.224	59.39	
224.439	70.65	
224.655	65.74	
224.871	88.27	
225.087	58.16	
225.303	43.42	
225.519	33.18	
225.734	49.15	
225.95	30.72	
226.166	39.12	
226.382	45.67	
226.598	44.24	
226.813	37.48	
227.029	26.62	
227.245	13.93	
227.461	14.95	
227.677	28.06	
227.892	36.66	
228.108	31.74	
228.324	50.38	
228.539	32.56	
228.755	50.58	
228.971	47.31	
229.186	84.99	
229.402	62.67	
229.618	87.65	
229.833	39.53	
230.049	25.8	
230.265	-16.38	
230.48	17.61	
230.696	31.74	
230.912	42.39	
231.127	58.37	
231.343	75.77	
231.558	32.56	
231.774	40.14	
231.99	72.5	
232.205	63.49	
232.421	54.07	
232.636	74.55	
232.852	38.5	
233.067	17.82	
233.283	28.06	
233.498	35.02	
233.714	36.25	
233.929	59.39	
234.145	52.02	
234.36	57.96	
234.576	67.38	
234.791	92.16	
235.007	102.81	
235.222	126.36	
235.438	110.8	
235.653	137.21	
235.868	108.95	
236.084	126.36	
236.299	134.55	
236.515	144.18	
236.73	101.17	
236.945	114.89	
237.161	74.75	
237.376	52.84	
237.592	43.83	
237.807	67.58	
238.022	54.27	
238.238	61.23	
238.453	38.91	
238.668	46.69	
238.883	7.58	
239.099	-3.28	
239.314	-22.32	
239.529	7.37	
239.745	13.93	
239.96	50.18	
240.175	60.42	
240.39	126.15	
240.605	116.94	
240.821	87.86	
241.036	86.01	
241.251	110.8	
241.466	54.07	
241.681	50.38	
241.897	72.29	
242.112	88.88	
242.327	48.74	
242.542	53.45	
242.757	66.35	
242.972	54.27	
243.188	15.36	
243.403	26.01	
243.618	39.32	
243.833	14.75	
244.048	29.9	
244.263	33.59	
244.478	34	
244.693	15.97	
244.908	34	
245.123	26.62	
245.338	53.66	
245.553	63.49	
245.768	54.89	
245.983	49.97	
246.198	29.29	
246.413	9.83	
246.628	4.71	
246.843	6.35	
247.058	18.84	
247.273	39.12	
247.488	46.69	
247.703	52.63	
247.918	66.76	
248.133	68.81	
248.348	49.36	
248.563	76.8	
248.778	67.99	
248.993	85.4	
249.207	103.01	
249.422	122.67	
249.637	52.63	
249.852	45.67	
250.067	13.52	
250.282	-10.44	
250.496	-27.65	
250.711	34.61	
250.926	29.9	
251.141	61.85	
251.356	49.77	
251.57	70.65	
251.785	48.54	
252	46.49	
252.215	35.43	
252.43	60.21	
252.644	68.2	
252.859	65.94	
253.074	68.2	
253.288	67.38	
253.503	38.5	
253.718	46.69	
253.932	84.58	
254.147	103.42	
254.362	90.32	
254.576	110.59	
254.791	85.61	
255.006	55.09	
255.22	50.18	
255.435	61.85	
255.65	62.05	
255.864	74.34	
256.079	65.13	
256.293	77.62	
256.508	69.02	
256.723	117.96	
256.937	88.88	
257.152	70.65	
257.366	60.42	
257.581	55.09	
257.795	-6.55	
258.01	39.53	
258.224	66.35	
258.439	64.92	
258.653	60.62	
258.868	85.81	
259.082	51.81	
259.297	40.14	
259.511	30.31	
259.726	33.79	
259.94	12.49	
260.154	5.32	
260.369	6.35	
260.583	11.47	
260.798	-3.28	
261.012	5.12	
261.226	11.06	
261.441	28.06	
261.655	20.48	
261.869	55.3	
262.084	43.62	
262.298	47.92	
262.512	21.09	
262.727	35.02	
262.941	35.23	
263.155	37.48	
263.37	33.38	
263.584	65.94	
263.798	53.66	
264.012	81.92	
264.227	77.82	
264.441	107.31	
264.655	71.47	
264.869	116.32	
265.084	53.45	
265.298	71.88	
265.512	34	
265.726	61.23	
265.94	18.23	
266.155	42.39	
266.369	28.47	
266.583	64.92	
266.797	43.83	
267.011	86.42	
267.225	102.6	
267.439	105.88	
267.654	76.39	
267.868	63.9	
268.082	3.69	
268.296	-40.75	
268.51	-72.09	
268.724	-52.43	
268.938	-63.9	
269.152	-40.34	
269.366	-13.52	
269.58	10.44	
269.794	-8.81	
270.008	55.09	
270.222	58.37	
270.436	50.18	
270.65	42.6	
270.864	68.4	
271.078	31.74	
271.292	26.83	
271.506	44.24	
271.72	59.6	
271.934	56.93	
272.148	45.67	
272.362	46.08	
272.575	69.02	
272.789	65.33	
273.003	58.16	
273.217	83.97	
273.431	66.15	
273.645	33.59	
273.859	68.2	
274.073	88.06	
274.286	81.1	
274.5	92.77	
274.714	88.68	
274.928	68.2	
275.142	44.85	
275.355	38.09	
275.569	52.43	
275.783	61.44	
275.997	54.68	
276.21	57.14	
276.424	84.79	
276.638	62.05	
276.852	72.09	
277.065	60.62	
277.279	63.28	
277.493	31.33	
277.706	65.13	
277.92	72.29	
278.134	61.85	
278.347	46.69	
278.561	47.72	
278.775	46.9	
278.988	28.06	
279.202	54.89	
279.415	71.47	
279.629	62.67	
279.843	65.94	
280.056	107.31	
280.27	100.56	
280.483	71.68	
280.697	84.38	
280.91	91.54	
281.124	77.82	
281.337	76.8	
281.551	121.65	
281.764	109.36	
281.978	95.03	
282.191	70.65	
282.405	93.18	
282.618	49.36	
282.832	64.31	
283.045	45.46	
283.259	68.2	
283.472	50.18	
283.686	56.73	
283.899	45.46	
284.112	63.28	
284.326	45.06	
284.539	47.72	
284.752	63.9	
284.966	73.32	
285.179	67.79	
285.393	92.16	
285.606	71.27	
285.819	92.77	
286.033	65.33	
286.246	94.41	
286.459	50.38	
286.672	56.52	
286.886	18.43	
287.099	55.09	
287.312	0.41	
287.525	28.67	
287.739	25.19	
287.952	58.57	
288.165	62.46	
288.378	82.94	
288.592	62.46	
288.805	62.67	
289.018	54.27	
289.231	45.26	
289.444	58.98	
289.657	57.34	
289.871	62.46	
290.084	36.04	
290.297	68.2	
290.51	58.98	
290.723	38.71	
290.936	64.1	
291.149	70.65	
291.362	56.52	
291.575	40.55	
291.789	61.03	
292.002	30.72	
292.215	40.96	
292.428	2.46	
292.641	28.67	
292.854	24.78	
293.067	32.97	
293.28	15.15	
293.493	21.3	
293.706	-10.04	
293.919	14.95	
294.132	-4.51	
294.345	15.97	
294.558	26.83	
294.77	32.56	
294.983	17.41	
295.196	61.23	
295.409	69.43	
295.622	91.34	
295.835	101.78	
296.048	111.2	
296.261	76.59	
296.474	77.21	
296.686	57.55	
296.899	79.67	
297.112	82.74	
297.325	96.05	
297.538	104.04	
297.751	118.78	
297.963	108.95	
298.176	96.87	
298.389	85.61	
298.602	73.32	
298.814	162.2	
299.027	160.77	
299.24	153.19	
299.453	185.14	
299.665	169.16	
299.878	55.91	
300.091	38.3	
300.303	49.97	
300.516	25.39	
300.729	30.31	
300.941	35.43	
301.154	37.07	
301.367	26.62	
301.579	37.07	
301.792	60.21	
302.005	47.72	
302.217	39.12	
302.43	46.9	
302.642	17.2	
302.855	-12.7	
303.067	-1.64	
303.28	16.18	
303.493	-2.87	
303.705	44.03	
303.918	62.67	
304.13	97.07	
304.343	82.12	
304.555	106.9	
304.768	84.99	
304.98	99.53	
305.193	53.86	
305.405	82.74	
305.617	54.07	
305.83	57.55	
306.042	23.96	
306.255	35.63	
306.467	0.41	
306.68	-0	
306.892	-11.88	
307.104	6.76	
307.317	-5.12	
307.529	31.95	
307.741	61.64	
307.954	78.23	
308.166	62.05	
308.378	106.9	
308.591	110.18	
308.803	116.73	
309.015	128.41	
309.228	155.24	
309.44	109.16	
309.652	82.53	
309.864	41.16	
310.077	2.25	
310.289	-21.5	
310.501	7.37	
310.713	4.71	
310.926	41.98	
311.138	41.98	
311.35	53.04	
311.562	13.72	
311.774	42.8	
311.986	27.03	
312.199	71.47	
312.411	41.98	
312.623	77.62	
312.835	25.39	
313.047	18.64	
313.259	-10.04	
313.471	17.82	
313.683	5.53	
313.895	36.86	
314.108	35.43	
314.32	25.8	
314.532	-1.02	
314.744	14.34	
314.956	28.88	
315.168	38.71	
315.38	38.71	
315.592	83.97	
315.804	74.75	
316.016	107.31	
316.228	110.59	
316.44	129.02	
316.651	111.41	
316.863	106.29	
317.075	61.64	
317.287	50.79	
317.499	41.78	
317.711	27.65	
317.923	47.51	
318.135	29.7	
318.347	36.04	
318.559	72.09	
318.77	87.04	
318.982	63.9	
319.194	79.87	
319.406	75.16	
319.618	32.15	
319.83	20.07	
320.041	21.5	
320.253	13.31	
320.465	7.17	
320.677	4.92	
320.888	5.53	
321.1	1.02	
321.312	31.95	
321.524	39.94	
321.735	39.94	
321.947	24.58	
322.159	18.02	
322.37	-17.2	
322.582	-7.99	
322.794	9.83	
323.005	51.4	
323.217	73.93	
323.429	55.91	
323.64	67.99	
323.852	56.52	
324.063	20.68	
324.275	13.31	
324.487	48.74	
324.698	19.87	
324.91	38.09	
325.121	40.96	
325.333	26.01	
325.544	17.41	
325.756	44.24	
325.967	8.6	
326.179	42.6	
326.39	51.61	
326.602	62.05	
326.813	31.54	
327.025	64.51	
327.236	23.55	
327.448	13.93	
327.659	-14.95	
327.871	7.37	
328.082	-3.48	
328.293	26.01	
328.505	43.42	
328.716	59.6	
328.928	38.5	
329.139	51.4	
329.35	39.94	
329.562	53.66	
329.773	56.52	
329.984	65.94	
330.196	50.38	
330.407	71.06	
330.618	41.57	
330.83	34.2	
331.041	43.21	
331.252	31.33	
331.463	-1.02	
331.675	28.06	
331.886	63.28	
332.097	67.58	
332.308	76.59	
332.52	100.56	
332.731	77.62	
332.942	61.85	
333.153	73.32	
333.364	74.75	
333.575	45.67	
333.787	74.14	
333.998	45.87	
334.209	51.2	
334.42	41.57	
334.631	64.1	
334.842	46.49	
335.053	75.37	
335.264	47.92	
335.475	53.86	
335.686	51.4	
335.898	56.52	
336.109	14.54	
336.32	5.73	
336.531	4.51	
336.742	-1.43	
336.953	-19.66	
337.164	-1.23	
337.375	-3.28	
337.586	0.2	
337.797	-28.88	
338.007	-18.64	
338.218	-35.84	
338.429	-15.77	
338.64	-20.27	
338.851	11.26	
339.062	12.29	
339.273	49.56	
339.484	33.18	
339.695	3.69	
339.906	9.63	
340.116	24.37	
340.327	19.87	
340.538	27.44	
340.749	56.32	
340.96	39.12	
341.171	10.65	
341.381	2.46	
341.592	9.22	
341.803	19.25	
342.014	25.19	
342.224	50.38	
342.435	43.83	
342.646	19.25	
342.857	2.66	
343.067	-6.35	
343.278	0.41	
343.489	11.06	
343.699	25.8	
343.91	39.53	
344.121	40.96	
344.331	9.63	
344.542	-5.32	
344.753	20.68	
344.963	22.53	
345.174	39.53	
345.384	73.32	
345.595	98.1	
345.806	71.68	
346.016	51.61	
346.227	60.42	
346.437	53.45	
346.648	42.19	
346.858	47.92	
347.069	48.33	
347.279	41.98	
347.49	13.72	
347.7	15.36	
347.911	-15.56	
348.121	-12.29	
348.332	-15.77	
348.542	-22.32	
348.753	-24.58	
348.963	21.09	
349.173	34	
349.384	59.39	
349.594	108.34	
349.805	129.23	
350.015	98.51	
350.225	94.82	
350.436	70.86	
350.646	68.2	
350.856	57.75	
351.067	64.1	
351.277	40.75	
351.487	21.5	
351.698	-12.08	
351.908	-14.54	
352.118	-3.28	
352.328	-4.92	
352.539	42.6	
352.749	37.48	
352.959	24.17	
353.169	18.64	
353.38	39.73	
353.59	22.12	
353.8	39.12	
354.01	45.46	
354.22	49.15	
354.431	95.03	
354.641	75.57	
354.851	87.45	
355.061	83.56	
355.271	110.59	
355.481	66.35	
355.691	69.22	
355.901	35.63	
356.111	40.55	
356.321	9.01	
356.532	12.29	
356.742	-7.17	
356.952	7.78	
357.162	-0.82	
357.372	2.46	
357.582	-8.81	
357.792	-4.71	
358.002	-17.2	
358.212	10.65	
358.422	26.01	
358.632	30.92	
358.842	27.65	
359.051	52.22	
359.261	26.62	
359.471	15.77	
359.681	37.07	
359.891	37.07	
360.101	11.47	
360.311	18.43	
360.521	-5.94	
360.731	-15.77	
360.94	1.43	
361.15	37.89	
361.36	37.68	
361.57	46.49	
361.78	44.03	
361.989	29.49	
362.199	13.93	
362.409	20.89	
362.619	35.84	
362.828	79.05	
363.038	96.05	
363.248	96.46	
363.458	91.75	
363.667	88.06	
363.877	35.63	
364.087	28.26	
364.296	9.22	
364.506	28.06	
364.716	25.8	
364.925	22.94	
365.135	24.99	
365.345	33.18	
365.554	17.2	
365.764	50.79	
365.973	47.31	
366.183	65.33	
366.393	73.73	
366.602	77.41	
366.812	25.6	
367.021	64.92	
367.231	23.14	
367.44	13.93	
367.65	2.66	
367.859	34.82	
368.069	1.64	
368.278	41.78	
368.488	48.74	
368.697	31.74	
368.907	3.28	
369.116	61.64	
369.326	31.13	
369.535	28.67	
369.744	56.93	
369.954	59.6	
370.163	9.63	
370.373	14.54	
370.582	-0.2	
370.791	-12.08	
371.001	-9.01	
371.21	-5.53	
371.419	-2.25	
371.629	3.48	
371.838	6.96	
372.047	34.41	
372.256	16.59	
372.466	18.84	
372.675	-2.66	
372.884	-18.64	
373.093	-56.93	
373.303	-29.9	
373.512	-32.36	
373.721	-9.22	
373.93	-6.76	
374.139	36.25	
374.349	15.36	
374.558	55.91	
374.767	49.56	
374.976	52.84	
375.185	40.55	
375.394	35.02	
375.603	-1.43	
375.813	6.35	
376.022	2.87	
376.231	-20.89	
376.44	-16.18	
376.649	1.64	
376.858	12.29	
377.067	17.2	
377.276	39.53	
377.485	66.15	
377.694	51.2	
377.903	54.07	
378.112	38.71	
378.321	39.12	
378.53	20.89	
378.739	22.73	
378.948	5.32	
379.157	19.46	
379.366	21.3	
379.575	22.73	
379.784	1.23	
379.992	16.18	
380.201	61.44	
380.41	52.43	
380.619	48.13	
380.828	62.26	
381.037	35.02	
381.246	-18.23	
381.454	-51.2	
381.663	-22.94	
381.872	-20.89	
382.081	20.68	
382.29	39.32	
382.498	78.64	
382.707	70.86	
382.916	84.17	
383.125	44.03	
383.333	46.49	
383.542	55.3	
383.751	24.99	
383.959	36.66	
384.168	49.97	
384.377	62.05	
384.585	45.87	
384.794	50.99	
385.003	31.13	
385.211	29.29	
385.42	8.19	
385.628	1.43	
385.837	2.66	
386.046	18.43	
386.254	49.77	
386.463	45.26	
386.671	76.18	
386.88	82.53	
387.088	83.56	
387.297	66.15	
387.505	66.15	
387.714	23.55	
387.922	16.18	
388.131	17.2	
388.339	19.25	
388.548	6.14	
388.756	18.43	
388.965	29.7	
389.173	-3.69	
389.381	-1.64	
389.59	9.42	
389.798	38.91	
390.007	49.15	
390.215	57.96	
390.423	89.91	
390.632	104.45	
390.84	115.71	
391.048	88.27	
391.257	90.93	
391.465	50.18	
391.673	46.9	
391.882	22.32	
392.09	25.8	
392.298	42.19	
392.506	20.68	
392.715	28.47	
392.923	54.07	
393.131	82.94	
393.339	68.2	
393.547	78.23	
393.756	75.98	
393.964	42.8	
394.172	24.58	
394.38	19.25	
394.588	56.73	
394.796	30.11	
395.005	19.87	
395.213	4.92	
395.421	2.66	
395.629	-40.14	
395.837	-37.48	
396.045	-22.53	
396.253	-1.02	
396.461	-1.84	
396.669	38.5	
396.877	61.85	
397.085	67.99	
397.293	55.7	
397.501	53.45	
397.709	43.21	
397.917	53.04	
398.125	57.14	
398.333	58.98	
398.541	57.75	
398.749	52.02	
398.957	22.94	
399.165	0.2	
399.373	-2.46	
399.581	10.24	
399.788	12.29	
399.996	-2.66	
400.204	5.32	
400.412	2.87	
400.62	-12.9	
400.828	-17.41	
401.035	-1.23	
401.243	1.84	
401.451	15.56	
401.659	26.62	
401.867	31.95	
402.074	46.08	
402.282	22.32	
402.49	4.51	
402.697	55.09	
402.905	37.68	
403.113	39.94	
403.321	23.55	
403.528	28.67	
403.736	-12.7	
403.944	-4.51	
404.151	-26.83	
404.359	0.2	
404.566	10.04	
404.774	2.87	
404.982	-7.17	
405.189	-1.43	
405.397	-8.19	
405.604	-26.83	
405.812	-5.53	
406.02	-10.24	
406.227	-7.37	
406.435	3.89	
406.642	21.3	
406.85	-2.25	
407.057	11.67	
407.265	21.09	
407.472	22.73	
407.679	21.91	
407.887	17.61	
408.094	17	
408.302	-6.76	
408.509	3.07	
408.717	-0.2	
408.924	0.2	
409.131	-0.2	
409.339	9.83	
409.546	14.95	
409.753	12.49	
409.961	40.34	
410.168	30.11	
410.375	61.64	
410.583	52.43	
410.79	54.68	
410.997	29.7	
411.205	41.57	
411.412	11.67	
411.619	18.02	
411.826	18.02	
412.034	52.02	
412.241	60.01	
412.448	64.92	
412.655	32.97	
412.862	45.26	
413.07	6.55	
413.277	-16.79	
413.484	-18.23	
413.691	7.17	
413.898	-30.92	
414.105	-30.31	
414.312	-35.63	
414.519	-36.86	
414.727	-40.75	
414.934	0.2	
415.141	12.7	
415.348	44.24	
415.555	42.8	
415.762	36.25	
415.969	6.14	
416.176	14.95	
416.383	2.25	
416.59	-9.42	
416.797	-14.13	
417.004	2.25	
417.211	-13.52	
417.418	-12.9	
417.625	-9.22	
417.831	3.48	
418.038	23.35	
418.245	34	
418.452	24.99	
418.659	33.59	
418.866	22.12	
419.073	1.23	
419.28	-31.54	
419.486	-15.56	
419.693	-36.66	
419.9	-36.86	
420.107	-35.23	
420.314	1.23	
420.52	3.69	
420.727	45.26	
420.934	50.79	
421.141	37.89	
421.347	24.78	
421.554	22.94	
421.761	-15.15	
421.967	-6.76	
422.174	22.12	
422.381	10.04	
422.588	0.61	
422.794	14.75	
423.001	63.08	
423.207	41.78	
423.414	60.21	
423.621	66.15	
423.827	80.89	
424.034	44.65	
424.24	57.96	
424.447	39.73	
424.654	6.96	
424.86	-2.05	
425.067	-23.55	
425.273	-41.37	
425.48	7.99	
425.686	56.52	
425.893	70.86	
426.099	77.21	
426.306	93.59	
426.512	79.67	
426.718	90.32	
426.925	74.14	
427.131	63.08	
427.338	56.93	
427.544	41.78	
427.75	10.65	
427.957	6.76	
428.163	28.67	
428.37	40.34	
428.576	50.79	
428.782	52.63	
428.988	90.52	
429.195	86.83	
429.401	91.95	
429.607	91.34	
429.814	116.53	
430.02	108.95	
430.226	95.64	
430.432	97.07	
430.639	100.96	
430.845	99.33	
431.051	106.29	
431.257	130.25	
431.463	126.36	
431.67	119.4	
431.876	107.52	
432.082	80.49	
432.288	100.35	
432.494	110.39	
432.7	131.68	
432.906	136.8	
433.112	169.98	
433.318	182.47	
433.525	207.05	
433.731	205	
433.937	243.5	
434.143	239.41	
434.349	242.27	
434.555	242.89	
434.761	271.97	
434.967	256.2	
435.173	292.25	
435.379	309.04	
435.585	347.34	
435.791	359.83	
435.996	430.69	
436.202	449.32	
436.408	461.82	
436.614	479.63	
436.82	516.29	
437.026	482.3	
437.232	487.83	
437.438	511.17	
437.644	492.95	
437.849	510.97	
438.055	558.48	
438.261	591.66	
438.467	608.86	
438.673	649.82	
438.878	640.2	
439.084	667.64	
439.29	739.73	
439.496	777	
439.701	830.45	
439.907	881.45	
440.113	913.6	
440.318	907.05	
440.524	937.15	
440.73	970.33	
440.935	1011.08	
441.141	1031.15	
441.347	1089.93	
441.552	1137.24	
441.758	1184.34	
441.964	1201.75	
442.169	1266.87	
442.375	1307.63	
442.58	1379.51	
442.786	1449.35	
442.991	1526.56	
443.197	1561.78	
443.402	1625.27	
443.608	1687.73	
443.813	1770.06	
444.019	1843.38	
444.224	1926.32	
444.43	1987.35	
444.635	2057.59	
444.841	2088.31	
445.046	2194.4	
445.252	2257.89	
445.457	2328.13	
445.662	2355.37	
445.868	2396.53	
446.073	2413.33	
446.278	2471.08	
446.484	2503.64	
446.689	2588.02	
446.894	2640.24	
447.1	2705.37	
447.305	2789.95	
447.51	2874.73	
447.716	2922.66	
447.921	3012.56	
448.126	3109.84	
448.331	3153.67	
448.537	3270.81	
448.742	3373.82	
448.947	3473.97	
449.152	3583.13	
449.357	3754.54	
449.563	3880.08	
449.768	4033.68	
449.973	4174.58	
450.178	4295.61	
450.383	4343.54	
450.588	4450.03	
450.793	4571.68	
450.999	4711.76	
451.204	4805.76	
451.409	4946.25	
451.614	4995	
451.819	5116.44	
452.024	5172.55	
452.229	5303.62	
452.434	5433.67	
452.639	5616.55	
452.844	5741.28	
453.049	5868.04	
453.254	5947.92	
453.459	6065.67	
453.664	6157.83	
453.869	6193.47	
454.074	6298.32	
454.279	6391.3	
454.483	6478.54	
454.688	6559.85	
454.893	6716.72	
455.098	6789.02	
455.303	6873.39	
455.508	6983.16	
455.713	7087.61	
455.917	7140.24	
456.122	7299.78	
456.327	7460.75	
456.532	7592.64	
456.737	7711.22	
456.941	7847.41	
457.146	7941.61	
457.351	8050.16	
457.555	8143.54	
457.76	8253.72	
457.965	8328.27	
458.17	8395.03	
458.374	8459.34	
458.579	8477.36	
458.784	8468.97	
458.988	8486.99	
459.193	8465.07	
459.397	8490.47	
459.602	8511.36	
459.807	8567.27	
460.011	8517.91	
460.216	8520.98	
460.42	8426.98	
460.625	8338.3	
460.829	8261.92	
461.034	8216.66	
461.239	8147.43	
461.443	8094.8	
461.648	8042.58	
461.852	7943.87	
462.056	7908.64	
462.261	7828.57	
462.465	7793.14	
462.67	7721.46	
462.874	7640.77	
463.079	7554.55	
463.283	7532.84	
463.487	7460.75	
463.692	7434.95	
463.896	7418.56	
464.1	7426.14	
464.305	7389.07	
464.509	7383.34	
464.713	7386.41	
464.918	7419.59	
465.122	7423.48	
465.326	7401.56	
465.531	7366.13	
465.735	7402.18	
465.939	7419.18	
466.143	7420.61	
466.348	7443.34	
466.552	7491.47	
466.756	7474.68	
466.96	7509.7	
467.164	7542.67	
467.368	7618.44	
467.573	7688.28	
467.777	7759.14	
467.981	7757.09	
468.185	7786.58	
468.389	7821.19	
468.593	7790.47	
468.797	7764.87	
469.001	7782.9	
469.205	7776.75	
469.409	7755.86	
469.613	7783.71	
469.817	7803.58	
470.021	7801.12	
470.225	7857.85	
470.429	7921.75	
470.633	8014.32	
470.837	8125.52	
471.041	8258.02	
471.245	8367.39	
471.449	8471.63	
471.653	8583.86	
471.857	8721.07	
472.061	8804.63	
472.265	8972.77	
472.469	9161.59	
472.673	9312.73	
472.876	9432.33	
473.08	9582.04	
473.284	9647.57	
473.488	9707.58	
473.692	9803.83	
473.895	9905	
474.099	10033.2	
474.303	10157.52	
474.507	10288.38	
474.71	10389.35	
474.914	10454.47	
475.118	10519.6	
475.322	10609.91	
475.525	10615.65	
475.729	10666.03	
475.933	10710.06	
476.136	10833.35	
476.34	10900.52	
476.543	11017.05	
476.747	11062.72	
476.951	11164.5	
477.154	11127.64	
477.358	11126.2	
477.561	11089.96	
477.765	11109.82	
477.969	11074.39	
478.172	11044.9	
478.376	11024.83	
478.579	11041.42	
478.783	10957.86	
478.986	10939.43	
479.19	10934.11	
479.393	10854.85	
479.596	10756.96	
479.8	10746.1	
480.003	10617.08	
480.207	10481.91	
480.41	10421.7	
480.614	10370.71	
480.817	10317.46	
481.02	10325.45	
481.224	10391.19	
481.427	10415.76	
481.63	10474.54	
481.834	10443.21	
482.037	10448.33	
482.24	10437.88	
482.443	10472.49	
482.647	10491.95	
482.85	10579.6	
483.053	10688.96	
483.256	10717.43	
483.46	10765.56	
483.663	10820.24	
483.866	10914.85	
484.069	10912.81	
484.272	10997.39	
484.476	11019.92	
484.679	11041.01	
484.882	11074.8	
485.085	11097.94	
485.288	11082.79	
485.491	11074.6	
485.694	11013.36	
485.897	10923.66	
486.101	10934.31	
486.304	10961.96	
486.507	10985.51	
486.71	11061.28	
486.913	11114.94	
487.116	11147.71	
487.319	11131.94	
487.522	11165.94	
487.725	11185.39	
487.928	11157.13	
488.13	11154.47	
488.333	11210.17	
488.536	11194.2	
488.739	11199.11	
488.942	11272.63	
489.145	11308.68	
489.348	11325.88	
489.551	11407.8	
489.754	11484.39	
489.956	11532.11	
490.159	11570.82	
490.362	11594.78	
490.565	11612.39	
490.768	11615.87	
490.97	11711.1	
491.173	11783.6	
491.376	11876.99	
491.579	11966.28	
491.781	12089.16	
491.984	12148.76	
492.187	12232.31	
492.39	12279.62	
492.592	12342.7	
492.795	12346.38	
492.998	12305.02	
493.2	12307.47	
493.403	12282.28	
493.605	12244.19	
493.808	12225.35	
494.011	12219.82	
494.213	12125.41	
494.416	12158.59	
494.618	12133.81	
494.821	12118.04	
495.023	12102.06	
495.226	12144.25	
495.428	12155.51	
495.631	12151.01	
495.833	12213.68	
496.036	12310.54	
496.238	12428.1	
496.441	12526.4	
496.643	12625.11	
496.846	12693.72	
497.048	12722.6	
497.25	12772.57	
497.453	12756.59	
497.655	12831.75	
497.858	12790.38	
498.06	12816.19	
498.262	12782.4	
498.465	12817.42	
498.667	12801.65	
498.869	12843.63	
499.071	12832.16	
499.274	12860.83	
499.476	12842.81	
499.678	12838.1	
499.881	12857.97	
500.083	12831.14	
500.285	12784.65	
500.487	12759.87	
500.689	12725.05	
500.892	12645.39	
501.094	12594.39	
501.296	12593.98	
501.498	12559.78	
501.7	12499.57	
501.902	12532.95	
502.104	12591.12	
502.306	12609.96	
502.509	12680.41	
502.711	12810.45	
502.913	12874.97	
503.115	12971.01	
503.317	13009.52	
503.519	12975.32	
503.721	12950.94	
503.923	12948.9	
504.125	12883.36	
504.327	12811.27	
504.529	12835.64	
504.731	12813.53	
504.933	12858.38	
505.134	12911.83	
505.336	13058.26	
505.538	13164.34	
505.74	13201.82	
505.942	13162.09	
506.144	13144.48	
506.346	13043.72	
506.548	12965.49	
506.749	12989.86	
506.951	12995.39	
507.153	13002.55	
507.355	13036.14	
507.557	13067.06	
507.758	13032.45	
507.96	12992.93	
508.162	12980.03	
508.363	12981.25	
508.565	12976.75	
508.767	12960.57	
508.969	13004.81	
509.17	12983.3	
509.372	12957.91	
509.574	12971.22	
509.775	13018.73	
509.977	13049.04	
510.178	13141.2	
510.38	13234.59	
510.582	13344.56	
510.783	13434.06	
510.985	13600.56	
511.186	13707.87	
511.388	13910.83	
511.589	14050.29	
511.791	14202.46	
511.992	14337.01	
512.194	14471.15	
512.395	14448.62	
512.597	14452.52	
512.798	14427.94	
513	14362.2	
513.201	14303.01	
513.403	14352.98	
513.604	14368.14	
513.805	14453.33	
514.007	14523.17	
514.208	14583.18	
514.409	14655.06	
514.611	14751.93	
514.812	14825.66	
515.013	14912.28	
515.215	15032.5	
515.416	15119.95	
515.617	15189.99	
515.819	15262.28	
516.02	15337.44	
516.221	15398.47	
516.422	15338.26	
516.623	15275.18	
516.825	15172.79	
517.026	15033.32	
517.227	14890.17	
517.428	14836.71	
517.629	14825.66	
517.83	14860.88	
518.032	14871.94	
518.233	14924.16	
518.434	14930.1	
518.635	14939.11	
518.836	14906.35	
519.037	14910.24	
519.238	14925.19	
519.439	14921.09	
519.64	14882.38	
519.841	14940.34	
520.042	15003.42	
520.243	15012.43	
520.444	15095.99	
520.645	15157.02	
520.846	15185.48	
521.047	15219.68	
521.248	15198.18	
521.449	15177.09	
521.65	15134.9	
521.851	15118.72	
522.052	14999.94	
522.252	15031.48	
522.453	15001.37	
522.654	15003.83	
522.855	14939.11	
523.056	14981.3	
523.257	14935.63	
523.457	14975.16	
523.658	14979.05	
523.859	15017.75	
524.06	15058.71	
524.26	15126.71	
524.461	15236.27	
524.662	15407.07	
524.862	15517.66	
525.063	15678.43	
525.264	15860.08	
525.464	15966.58	
525.665	16109.73	
525.866	16267.83	
526.066	16341.15	
526.267	16397.88	
526.468	16404.84	
526.668	16390.51	
526.869	16392.76	
527.069	16369.62	
527.27	16330.09	
527.47	16314.94	
527.671	16231.18	
527.871	16138.61	
528.072	16137.17	
528.272	16078.81	
528.473	16034.78	
528.673	16024.54	
528.874	15945.89	
529.074	15801.72	
529.275	15747.45	
529.475	15648.53	
529.675	15531.59	
529.876	15480.6	
530.076	15409.12	
530.277	15312.87	
530.477	15231.77	
530.677	15170.33	
530.878	15083.29	
531.078	15058.3	
531.278	15000.96	
531.478	14972.7	
531.679	14982.53	
531.879	15056.87	
532.079	15083.7	
532.28	15168.49	
532.48	15261.05	
532.68	15306.72	
532.88	15344.82	
533.08	15484.28	
533.28	15533.23	
533.481	15617.4	
533.681	15696.25	
533.881	15754.2	
534.081	15686.21	
534.281	15695.02	
534.481	15645.46	
534.681	15597.94	
534.881	15583.4	
535.081	15520.53	
535.281	15455.2	
535.481	15439.02	
535.682	15394.58	
535.882	15285.42	
536.082	15306.52	
536.281	15310.41	
536.481	15218.25	
536.681	15192.65	
536.881	15218.87	
537.081	15140.43	
537.281	15098.65	
537.481	15109.3	
537.681	15098.44	
537.881	15007.11	
538.081	15042.54	
538.281	15005.88	
538.48	14985.6	
538.68	15000.14	
538.88	15028.81	
539.08	14988.06	
539.28	14983.96	
539.479	14995.84	
539.679	14970.24	
539.879	14972.49	
540.079	14976.18	
540.278	14991.75	
540.478	15031.07	
540.678	15057.08	
540.877	15120.15	
541.077	15160.09	
541.277	15182.21	
541.476	15250.61	
541.676	15253.68	
541.876	15294.23	
542.075	15341.54	
542.275	15331.5	
542.474	15303.04	
542.674	15313.69	
542.874	15258.6	
543.073	15207.6	
543.273	15208.83	
543.472	15153.54	
543.672	15144.73	
543.871	15080.01	
544.071	15023.08	
544.27	15000.14	
544.47	14954.68	
544.669	14854.74	
544.868	14811.93	
545.068	14796.98	
545.267	14730.22	
545.467	14735.75	
545.666	14722.03	
545.865	14720.8	
546.065	14704.01	
546.264	14698.27	
546.463	14621.47	
546.663	14639.5	
546.862	14653.42	
547.061	14661.41	
547.261	14733.29	
547.46	14857.81	
547.659	14860.06	
547.858	14946.69	
548.058	15020.01	
548.257	15048.68	
548.456	15042.74	
548.655	15124.86	
548.854	15116.67	
549.053	15177.5	
549.253	15203.92	
549.452	15248.36	
549.651	15296.28	
549.85	15353.83	
550.049	15305.08	
550.248	15287.47	
550.447	15310.41	
550.646	15256.34	
550.845	15215.79	
551.044	15202.28	
551.243	15174.63	
551.442	15059.94	
551.641	15049.09	
551.84	15034.14	
552.039	14985.4	
552.238	14984.78	
552.437	14940.75	
552.636	14844.29	
552.835	14722.64	
553.034	14705.85	
553.233	14612.67	
553.432	14560.85	
553.63	14531.16	
553.829	14514.36	
554.028	14420.77	
554.227	14372.03	
554.426	14341.11	
554.625	14313.25	
554.823	14272.09	
555.022	14289.09	
555.221	14328	
555.42	14348.27	
555.618	14403.16	
555.817	14498.19	
556.016	14556.96	
556.214	14623.32	
556.413	14708.31	
556.612	14778.76	
556.81	14815.83	
557.009	14853.3	
557.208	14887.71	
557.406	14955.09	
557.605	14967.37	
557.803	14914.95	
558.002	14893.24	
558.201	14804.36	
558.399	14718.75	
558.598	14614.92	
558.796	14586.86	
558.995	14532.39	
559.193	14486.31	
559.392	14378.58	
559.59	14354.83	
559.789	14329.02	
559.987	14293.59	
560.185	14293.18	
560.384	14294.21	
560.582	14230.93	
560.781	14201.43	
560.979	14222.53	
561.177	14170.71	
561.376	14131.39	
561.574	14178.29	
561.772	14174.81	
561.971	14201.64	
562.169	14266.76	
562.367	14357.49	
562.566	14457.43	
562.764	14552.05	
562.962	14589.11	
563.16	14655.67	
563.358	14792.48	
563.557	14822.17	
563.755	14826.27	
563.953	14817.87	
564.151	14770.16	
564.349	14672.06	
564.547	14567.2	
564.746	14485.08	
564.944	14406.64	
565.142	14360.77	
565.34	14250.59	
565.538	14197.34	
565.736	14159.25	
565.934	14085.93	
566.132	13971.86	
566.33	13868.84	
566.528	13824.81	
566.726	13689.24	
566.924	13585	
567.122	13528.47	
567.32	13511.68	
567.518	13384.7	
567.716	13374.06	
567.914	13393.72	
568.112	13392.9	
568.31	13388.8	
568.507	13464.98	
568.705	13409.89	
568.903	13364.63	
569.101	13358.49	
569.299	13353.99	
569.497	13270.02	
569.694	13280.46	
569.892	13249.13	
570.09	13200.18	
570.288	13145.09	
570.486	13161.07	
570.683	13175.81	
570.881	13180.11	
571.079	13137.11	
571.276	13124.82	
571.474	13048.84	
571.672	12925.14	
571.869	12835.03	
572.067	12780.14	
572.265	12680.82	
572.462	12608.52	
572.66	12612.21	
572.857	12576.37	
573.055	12569	
573.253	12553.64	
573.45	12521.49	
573.648	12494.86	
573.845	12390.62	
574.043	12197.7	
574.24	12009.7	
574.438	11805.11	
574.635	11573.89	
574.832	11521.67	
575.03	11647.82	
575.227	11859.58	
575.425	12063.56	
575.622	12234.97	
575.82	12363.79	
576.017	12419.09	
576.214	12423.39	
576.412	12452.88	
576.609	12561.42	
576.806	12660.34	
577.004	12738.37	
577.201	12800.21	
577.398	12890.94	
577.595	12952.17	
577.793	12928.83	
577.99	12936.2	
578.187	12870.05	
578.384	12765.4	
578.582	12612.42	
578.779	12492.2	
578.976	12296.82	
579.173	12155.1	
579.37	12020.96	
579.567	11933.1	
579.764	11857.94	
579.962	11817.39	
580.159	11791.79	
580.356	11800.81	
580.553	11743.67	
580.75	11734.86	
580.947	11685.91	
581.144	11618.54	
581.341	11519.21	
581.538	11519.62	
581.735	11513.48	
581.932	11535.18	
582.129	11566.52	
582.326	11632.26	
582.523	11635.74	
582.72	11651.92	
582.916	11690.22	
583.113	11667.07	
583.31	11678.75	
583.507	11692.06	
583.704	11641.68	
583.901	11587.41	
584.098	11555.46	
584.294	11458.59	
584.491	11322.2	
584.688	11276.53	
584.885	11195.84	
585.082	11209.56	
585.278	11213.04	
585.475	11242.53	
585.672	11187.03	
585.868	11213.86	
586.065	11150.78	
586.262	11094.87	
586.458	11120.47	
586.655	11163.89	
586.852	11108.8	
587.048	11145.87	
587.245	11152.01	
587.442	11156.31	
587.638	11152.83	
587.835	11199.11	
588.031	11190.92	
588.228	11200.55	
588.424	11189.9	
588.621	11168.39	
588.817	11148.32	
589.014	11166.14	
589.21	11258.5	
589.407	11340.01	
589.603	11411.28	
589.8	11538.05	
589.996	11594.78	
590.192	11609.73	
590.389	11591.09	
590.585	11574.1	
590.782	11491.36	
590.978	11480.71	
591.174	11398.79	
591.371	11327.32	
591.567	11266.29	
591.763	11198.09	
591.959	11053.5	
592.156	10976.29	
592.352	10874.51	
592.548	10815.94	
592.744	10733.61	
592.941	10664.18	
593.137	10608.27	
593.333	10569.57	
593.529	10512.84	
593.725	10501.16	
593.922	10503.21	
594.118	10517.14	
594.314	10534.34	
594.51	10593.12	
594.706	10592.3	
594.902	10657.42	
595.098	10674.22	
595.294	10683.84	
595.49	10670.74	
595.686	10748.97	
595.882	10709.85	
596.078	10716	
596.274	10741.8	
596.47	10744.46	
596.666	10689.37	
596.862	10680.16	
597.058	10672.99	
597.254	10623.84	
597.45	10576.12	
597.646	10547.04	
597.842	10520.21	
598.037	10494.82	
598.233	10468.4	
598.429	10452.01	
598.625	10430.71	
598.821	10388.73	
599.017	10408.19	
599.212	10483.35	
599.408	10552.77	
599.604	10624.04	
599.8	10731.77	
599.995	10748.15	
600.191	10796.07	
600.387	10821.47	
600.582	10851.78	
600.778	10869.8	
600.974	10896.42	
601.169	10839.08	
601.365	10803.24	
601.561	10751.22	
601.756	10696.75	
601.952	10671.76	
602.147	10637.35	
602.343	10658.86	
602.538	10644.52	
602.734	10659.88	
602.93	10632.85	
603.125	10658.86	
603.321	10619.74	
603.516	10635.1	
603.711	10627.11	
603.907	10665	
604.102	10668.48	
604.298	10706.58	
604.493	10702.68	
604.689	10730.33	
604.884	10725.21	
605.079	10754.5	
605.275	10764.33	
605.47	10845.43	
605.665	10909.32	
605.861	10991.45	
606.056	11049.61	
606.251	11018.28	
606.447	10993.7	
606.642	10958.48	
606.837	10890.28	
607.032	10864.68	
607.227	10879.01	
607.423	10904.2	
607.618	10950.08	
607.813	11020.73	
608.008	11054.32	
608.203	11204.03	
608.398	11227.78	
608.594	11206.69	
608.789	11146.07	
608.984	11148.53	
609.179	11102.04	
609.374	11058.21	
609.569	11097.12	
609.764	11167.57	
609.959	11216.11	
610.154	11257.68	
610.349	11407.19	
610.544	11479.48	
610.739	11598.47	
610.934	11691.65	
611.129	11777.05	
611.324	11782.37	
611.519	11840.54	
611.714	11786.06	
611.909	11699.64	
612.103	11611.78	
612.298	11526.38	
612.493	11434.22	
612.688	11409.64	
612.883	11438.52	
613.078	11461.25	
613.272	11550.34	
613.467	11616.9	
613.662	11669.94	
613.857	11724.83	
614.051	11823.13	
614.246	11890.51	
614.441	11918.36	
614.635	11963.41	
614.83	12059.87	
615.025	12105.34	
615.219	12121.52	
615.414	12201.18	
615.609	12278.6	
615.803	12258.32	
615.998	12247.06	
616.192	12280.85	
616.387	12267.54	
616.582	12260.78	
616.776	12272.86	
616.971	12249.52	
617.165	12226.78	
617.36	12206.3	
617.554	12218.59	
617.749	12270.2	
617.943	12322.42	
618.138	12346.18	
618.332	12422.98	
618.526	12405.98	
618.721	12362.56	
618.915	12372.8	
619.11	12404.55	
619.304	12383.66	
619.498	12464.35	
619.693	12521.49	
619.887	12516.37	
620.081	12496.71	
620.275	12488.72	
620.47	12412.12	
620.664	12404.55	
620.858	12363.18	
621.052	12280.03	
621.247	12242.35	
621.441	12239.69	
621.635	12167.8	
621.829	12166.16	
622.023	12215.72	
622.218	12223.71	
622.412	12263.85	
622.606	12293.96	
622.8	12367.68	
622.994	12404.96	
623.188	12455.95	
623.382	12465.37	
623.576	12515.96	
623.77	12558.96	
623.964	12626.34	
624.158	12659.11	
624.352	12720.55	
624.546	12756.18	
624.74	12739.8	
624.934	12695.36	
625.128	12655.63	
625.322	12576.58	
625.516	12522.3	
625.71	12490.36	
625.904	12443.87	
626.098	12359.29	
626.291	12305.83	
626.485	12216.95	
626.679	12078.31	
626.873	12005.19	
627.067	11993.93	
627.26	11899.52	
627.454	11879.65	
627.648	11897.88	
627.842	11864.91	
628.035	11862.24	
628.229	11894.6	
628.423	11883.34	
628.617	11831.12	
628.81	11811.86	
629.004	11739.98	
629.198	11652.53	
629.391	11550.95	
629.585	11486.44	
629.778	11426.85	
629.972	11409.23	
630.166	11414.76	
630.359	11437.5	
630.553	11461.87	
630.746	11521.87	
630.94	11551.57	
631.133	11533.96	
631.327	11524.12	
631.52	11549.31	
631.714	11559.76	
631.907	11616.49	
632.1	11740.6	
632.294	11874.12	
632.487	11969.35	
632.681	12013.79	
632.874	12040.62	
633.067	12082.2	
633.261	12070.11	
633.454	12089.57	
633.647	12172.31	
633.841	12177.02	
634.034	12174.76	
634.227	12195.65	
634.421	12188.49	
634.614	12159.4	
634.807	12140.36	
635	12084.45	
635.193	12042.67	
635.387	12025.26	
635.58	11999.05	
635.773	12014	
635.966	12007.24	
636.159	12000.28	
636.352	11962.19	
636.545	11930.03	
636.739	11866.34	
636.932	11860.4	
637.125	11806.54	
637.318	11762.51	
637.511	11732.81	
637.704	11702.71	
637.897	11664.21	
638.09	11589.05	
638.283	11555.66	
638.476	11467.81	
638.669	11402.07	
638.862	11309.29	
639.055	11269.97	
639.247	11207.3	
639.44	11168.6	
639.633	11149.35	
639.826	11109	
640.019	11052.27	
640.212	10954.18	
640.405	10837.85	
640.597	10705.96	
640.79	10622.2	
640.983	10564.24	
641.176	10538.64	
641.368	10593.73	
641.561	10608.68	
641.754	10604.38	
641.947	10623.22	
642.139	10613.39	
642.332	10562.81	
642.525	10588	
642.717	10600.7	
642.91	10574.48	
643.103	10633.87	
643.295	10628.55	
643.488	10636.94	
643.68	10646.16	
643.873	10703.09	
644.065	10680.36	
644.258	10730.13	
644.45	10761.46	
644.643	10769.24	
644.835	10751.84	
645.028	10702.28	
645.22	10643.09	
645.413	10497.89	
645.605	10444.85	
645.798	10404.71	
645.99	10404.3	
646.182	10356.78	
646.375	10393.85	
646.567	10411.87	
646.76	10396.1	
646.952	10408.6	
647.144	10451.6	
647.337	10464.3	
647.529	10419.66	
647.721	10432.97	
647.913	10386.68	
648.106	10330.98	
648.298	10300.87	
648.49	10270.36	
648.682	10190.08	
648.874	10168.37	
649.067	10140.31	
649.259	10129.66	
649.451	10138.88	
649.643	10157.92	
649.835	10155.67	
650.027	10134.78	
650.219	10095.46	
650.411	10087.68	
650.603	10050.41	
650.796	10026.45	
650.988	10026.65	
651.18	9962.34	
651.372	9896.81	
651.564	9838.24	
651.756	9715.15	
651.948	9601.9	
652.139	9541.08	
652.331	9455.68	
652.523	9388.71	
652.715	9338.12	
652.907	9284.26	
653.099	9203.37	
653.291	9137.01	
653.483	9084.99	
653.674	9073.32	
653.866	9058.37	
654.058	9049.36	
654.25	9079.46	
654.442	9053.46	
654.633	9056.53	
654.825	9089.29	
655.017	9138.04	
655.209	9112.85	
655.4	9144.59	
655.592	9116.53	
655.784	9077.83	
655.975	9020.07	
656.167	9023.56	
656.359	9008.4	
656.55	9035.84	
656.742	9061.85	
656.933	9185.34	
657.125	9218.52	
657.316	9260.51	
657.508	9280.17	
657.7	9330.75	
657.891	9284.67	
658.083	9318.46	
658.274	9347.13	
658.466	9367	
658.657	9336.08	
658.848	9302.08	
659.04	9238.8	
659.231	9152.17	
659.423	9069.02	
659.614	9027.45	
659.805	9020.48	
659.997	9027.04	
660.188	9014.13	
660.379	9011.06	
660.571	8995.7	
660.762	8975.84	
660.953	8941.02	
661.145	8951.88	
661.336	8941.02	
661.527	9088.27	
661.718	9087.25	
661.909	9039.73	
662.101	8981.98	
662.292	8928.94	
662.483	8648.57	
662.674	8533.07	
662.865	8488.83	
663.056	8424.93	
663.247	8365.13	
663.439	8375.78	
663.63	8356.94	
663.821	8281.78	
664.012	8265.4	
664.203	8267.04	
664.394	8253.52	
664.585	8300.01	
664.776	8306.97	
664.967	8307.59	
665.158	8281.58	
665.349	8283.62	
665.54	8197.81	
665.73	8174.06	
665.921	8083.95	
666.112	8015.34	
666.303	7912.53	
666.494	7862.15	
666.685	7761.19	
666.876	7696.27	
667.066	7621.52	
667.257	7591.62	
667.448	7502.73	
667.639	7481.64	
667.83	7496.18	
668.02	7543.49	
668.211	7502.12	
668.402	7506.22	
668.592	7473.24	
668.783	7441.09	
668.974	7364.29	
669.164	7359.38	
669.355	7330.5	
669.546	7325.58	
669.736	7302.24	
669.927	7274.38	
670.117	7234.86	
670.308	7224.62	
670.499	7211.72	
670.689	7186.73	
670.88	7171.37	
671.07	7181.41	
671.261	7155.6	
671.451	7129.18	
671.641	7058.73	
671.832	7056.69	
672.022	7001.19	
672.213	6933.4	
672.403	6916.6	
672.594	6927.66	
672.784	6862.95	
672.974	6811.95	
673.165	6787.58	
673.355	6737.82	
673.545	6721.02	
673.736	6732.49	
673.926	6713.86	
674.116	6732.9	
674.306	6710.17	
674.497	6660.61	
674.687	6603.47	
674.877	6541.42	
675.067	6476.09	
675.257	6445.16	
675.448	6434.1	
675.638	6429.19	
675.828	6409.94	
676.018	6372.87	
676.208	6300.58	
676.398	6209.65	
676.588	6114.01	
676.778	6052.77	
676.968	5990.72	
677.158	5976.18	
677.348	5947.1	
677.538	5912.69	
677.728	5922.52	
677.918	5944.84	
678.108	5950.37	
678.298	5978.84	
678.488	6013.45	
678.678	6058.3	
678.868	6096.39	
679.058	6133.46	
679.248	6166.23	
679.438	6226.85	
679.627	6241.59	
679.817	6212.1	
680.007	6158.04	
680.197	6137.15	
680.387	6076.73	
680.576	6029.02	
680.766	5973.72	
680.956	5949.14	
681.146	5911.67	
681.335	5847.77	
681.525	5791.45	
681.715	5801.08	
681.904	5762.78	
682.094	5705.23	
682.284	5675.33	
682.473	5612.05	
682.663	5578.05	
682.852	5556.34	
683.042	5540.98	
683.231	5537.91	
683.421	5537.09	
683.61	5484.67	
683.8	5468.9	
683.989	5449.85	
684.179	5428.76	
684.368	5414.21	
684.558	5412.78	
684.747	5387.8	
684.937	5361.58	
685.126	5357.9	
685.316	5346.63	
685.505	5296.87	
685.694	5285.4	
685.884	5270.65	
686.073	5208.6	
686.262	5164.77	
686.452	5148.18	
686.641	5102.92	
686.83	5043.94	
687.019	5026.33	
687.209	4995.2	
687.398	4981.68	
687.587	4977.79	
687.776	4980.66	
687.965	4949.74	
688.155	4961.82	
688.344	4898.54	
688.533	4872.94	
688.722	4823.17	
688.911	4843.24	
689.1	4794.29	
689.289	4806.79	
689.478	4739	
689.667	4739.61	
689.856	4639.88	
690.045	4591.75	
690.234	4552.43	
690.423	4615.71	
690.612	4577.01	
690.801	4612.64	
690.99	4617.76	
691.179	4623.29	
691.368	4544.65	
691.557	4578.85	
691.746	4507.58	
691.935	4488.74	
692.124	4414.19	
692.312	4383.47	
692.501	4314.25	
692.69	4341.9	
692.879	4309.34	
693.068	4317.73	
693.256	4270.83	
693.445	4274.52	
693.634	4192.6	
693.823	4143.86	
694.011	4102.49	
694.2	4099.21	
694.389	4026.31	
694.577	4009.51	
694.766	4012.18	
694.955	4000.71	
695.143	3974.08	
695.332	3978.59	
695.52	3981.87	
695.709	3966.3	
695.897	3924.52	
696.086	3872.71	
696.275	3809.02	
696.463	3746.76	
696.652	3651.53	
696.84	3593.57	
697.028	3540.94	
697.217	3489.94	
697.405	3454.72	
697.594	3458.4	
697.782	3432.81	
697.971	3416.01	
698.159	3428.91	
698.347	3438.54	
698.536	3427.07	
698.724	3446.12	
698.912	3468.03	
699.1	3443.05	
699.289	3443.66	
699.477	3430.55	
699.665	3415.81	
699.854	3363.17	
700.042	3377.1	
700.23	3365.02	
700.418	3353.96	
700.606	3336.14	
700.794	3340.65	
700.983	3316.69	
701.171	3294.36	
701.359	3244.39	
701.547	3244.19	
701.735	3208.35	
701.923	3155.31	
702.111	3107.79	
702.299	3079.94	
702.487	3067.86	
702.675	3069.91	
702.863	3081.99	
703.051	3081.78	
703.239	3122.95	
703.427	3077.89	
703.615	3058.23	
703.803	3011.95	
703.991	3003.76	
704.179	2959.93	
704.367	2949.89	
704.554	2932.69	
704.742	2906.48	
704.93	2874.53	
705.118	2861.01	
705.306	2805.72	
705.493	2766.6	
705.681	2725.23	
705.869	2696.56	
706.057	2631.84	
706.244	2627.13	
706.432	2598.87	
706.62	2624.06	
706.807	2584.13	
706.995	2610.34	
707.183	2579.83	
707.37	2587.4	
707.558	2575.12	
707.746	2589.66	
707.933	2581.67	
708.121	2603.38	
708.308	2585.36	
708.496	2577.78	
708.683	2535.79	
708.871	2543.99	
709.058	2521.25	
709.246	2521.25	
709.433	2498.73	
709.621	2523.92	
709.808	2479.48	
709.995	2480.91	
710.183	2489.1	
710.37	2476.81	
710.558	2449.17	
710.745	2445.27	
710.932	2410.25	
711.12	2395.92	
711.307	2361.92	
711.494	2348.61	
711.681	2340.21	
711.869	2305.6	
712.056	2284.51	
712.243	2286.15	
712.43	2250.1	
712.618	2233.31	
712.805	2218.56	
712.992	2187.03	
713.179	2133.57	
713.366	2128.66	
713.553	2101.83	
713.74	2085.45	
713.928	2027.9	
714.115	2059.23	
714.302	2029.13	
714.489	2018.48	
714.676	1997.59	
714.863	2028.1	
715.05	1996.16	
715.237	1977.52	
715.424	1933.49	
715.611	1958.06	
715.798	1956.83	
715.984	1939.02	
716.171	1934.51	
716.358	1946.18	
716.545	1921.61	
716.732	1892.32	
716.919	1857.71	
717.106	1832.73	
717.293	1801.39	
717.479	1792.59	
717.666	1758.39	
717.853	1773.95	
718.04	1800.37	
718.226	1817.37	
718.413	1799.96	
718.6	1824.33	
718.786	1813.07	
718.973	1803.03	
719.16	1770.06	
719.346	1785.01	
719.533	1758.59	
719.72	1761.46	
719.906	1713.95	
720.093	1721.52	
720.279	1670.53	
720.466	1676.47	
720.652	1678.72	
720.839	1704.32	
721.025	1694.08	
721.212	1702.07	
721.398	1688.35	
721.585	1680.15	
721.771	1668.89	
721.958	1658.65	
722.144	1663.77	
722.331	1639.19	
722.517	1604.58	
722.703	1592.71	
722.89	1552.57	
723.076	1538.23	
723.262	1544.37	
723.449	1548.88	
723.635	1514.27	
723.821	1532.5	
724.007	1489.69	
724.194	1459.38	
724.38	1445.46	
724.566	1453.85	
724.752	1433.78	
724.938	1467.16	
725.125	1486.62	
725.311	1471.06	
725.497	1436.24	
725.683	1408.39	
725.869	1352.89	
726.055	1324.63	
726.241	1295.95	
726.427	1285.31	
726.613	1260.73	
726.799	1287.76	
726.985	1235.33	
727.171	1242.91	
727.357	1276.29	
727.543	1310.9	
727.729	1282.64	
727.915	1317.46	
728.101	1279.57	
728.287	1253.36	
728.473	1224.89	
728.659	1210.76	
728.845	1178.61	
729.03	1185.77	
729.216	1174.71	
729.402	1157.1	
729.588	1135.8	
729.774	1132.94	
729.959	1127.41	
730.145	1134.98	
730.331	1147.27	
730.517	1146.45	
730.702	1147.27	
730.888	1128.23	
731.074	1090.54	
731.259	1087.06	
731.445	1093.21	
731.63	1095.87	
731.816	1102.01	
732.002	1129.05	
732.187	1124.13	
732.373	1095.46	
732.558	1089.31	
732.744	1104.88	
732.929	1074.16	
733.115	1039.14	
733.3	1017.02	
733.486	1011.29	
733.671	972.17	
733.857	952.72	
734.042	964.59	
734.227	972.38	
734.413	969.71	
734.598	1000.43	
734.784	1004.73	
734.969	986.92	
735.154	1000.43	
735.339	987.53	
735.525	968.28	
735.71	968.89	
735.895	944.52	
736.081	921.18	
736.266	911.96	
736.451	892.5	
736.636	913.8	
736.821	942.88	
737.007	939.81	
737.192	936.33	
737.377	928.55	
737.562	884.52	
737.747	882.67	
737.932	898.24	
738.117	886.57	
738.302	911.14	
738.487	900.49	
738.672	870.18	
738.857	873.87	
739.042	883.08	
739.227	884.11	
739.412	886.77	
739.597	897.42	
739.782	912.98	
739.967	892.91	
740.152	880.42	
740.337	891.69	
740.522	892.91	
740.706	868.34	
740.891	888	
741.076	875.92	
741.261	878.58	
741.446	864.65	
741.63	850.11	
741.815	821.44	
742	781.1	
742.185	756.11	
742.369	751.6	
742.554	735.63	
742.739	734.81	
742.923	753.65	
743.108	755.29	
743.293	748.33	
743.477	733.38	
743.662	733.99	
743.846	717.4	
744.031	703.27	
744.216	697.95	
744.4	711.67	
744.585	694.88	
744.769	698.15	
744.954	701.43	
745.138	680.74	
745.322	674.81	
745.507	646.95	
745.691	627.91	
745.876	589.41	
746.06	600.46	
746.244	596.37	
746.429	618.69	
746.613	617.05	
746.798	644.7	
746.982	614.6	
747.166	612.14	
747.35	589.2	
747.535	593.09	
747.719	575.68	
747.903	610.09	
748.087	579.17	
748.272	587.56	
748.456	614.8	
748.64	607.22	
748.824	593.91	
749.008	626.27	
749.192	615.21	
749.376	583.88	
749.56	591.04	
749.745	594.93	
749.929	582.44	
750.113	579.17	
750.297	562.17	
750.481	564.83	
750.665	546.4	
750.849	537.39	
751.033	546.6	
751.217	531.45	
751.4	529.81	
751.584	519.77	
751.768	525.71	
751.952	512.61	
752.136	540.66	
752.32	514.04	
752.504	527.97	
752.688	516.91	
752.871	507.28	
753.055	484.75	
753.239	488.65	
753.423	482.5	
753.606	469.39	
753.79	476.15	
753.974	467.76	
754.157	464.48	
754.341	427.41	
754.525	411.64	
754.708	413.08	
754.892	405.7	
755.076	420.24	
755.259	441.13	
755.443	425.98	
755.626	408.57	
755.81	421.47	
755.993	393.21	
756.177	350.82	
756.36	373.75	
756.544	356.76	
756.727	331.16	
756.911	335.66	
757.094	374.37	
757.278	362.29	
757.461	358.6	
757.644	364.95	
757.828	360.65	
758.011	372.94	
758.195	382.77	
758.378	405.09	
758.561	395.46	
758.744	387.68	
758.928	378.67	
759.111	366.79	
759.294	360.85	
759.477	380.51	
759.661	389.52	
759.844	392.8	
760.027	384.81	
760.21	365.97	
760.393	360.24	
760.576	357.98	
760.76	325.22	
760.943	309.65	
761.126	332.18	
761.309	362.08	
761.492	363.31	
761.675	360.03	
761.858	383.38	
762.041	357.98	
762.224	309.24	
762.407	293.47	
762.59	305.76	
762.773	280.16	
762.956	287.33	
763.139	302.48	
763.321	321.53	
763.504	309.04	
763.687	321.12	
763.87	339.55	
764.053	345.08	
764.236	354.71	
764.418	380.51	
764.601	383.99	
764.784	387.68	
764.967	416.56	
765.149	395.26	
765.332	385.63	
765.515	414.51	
765.697	384.81	
765.88	338.53	
766.063	337.91	
766.245	336.48	
766.428	292.86	
766.611	312.11	
766.793	324.81	
766.976	354.71	
767.158	342.42	
767.341	378.46	
767.523	374.57	
767.706	383.99	
767.888	344.47	
768.071	386.66	
768.253	355.53	
768.436	359.42	
768.618	355.53	
768.8	391.78	
768.983	374.78	
769.165	392.8	
769.348	369.86	
769.53	369.45	
769.712	345.49	
769.895	324.4	
770.077	321.94	
770.259	318.87	
770.441	297.98	
770.624	312.93	
770.806	337.1	
770.988	318.46	
771.17	335.66	
771.352	349.79	
771.535	359.62	
771.717	343.24	
771.899	354.5	
772.081	382.15	
772.263	361.88	
772.445	333.61	
772.627	295.52	
772.809	293.68	
772.991	259.68	
773.173	288.97	
773.355	287.74	
773.537	307.81	
773.719	292.25	
773.901	310.06	
774.083	279.75	
774.265	264.6	
774.447	256.41	
774.629	265.42	
774.811	255.59	
774.992	272.79	
775.174	261.73	
775.356	288.76	
775.538	282.41	
775.72	269.92	
775.901	249.65	
776.083	256.2	
776.265	241.66	
776.447	261.32	
776.628	269.1	
776.81	274.22	
776.992	294.7	
777.173	305.15	
777.355	277.29	
777.537	287.53	
777.718	293.06	
777.9	301.87	
778.081	292.04	
778.263	313.54	
778.444	292.25	
778.626	279.14	
778.807	240.02	
778.989	221.8	
779.17	186.57	
779.352	139.47	
779.533	134.35	
779.715	156.46	
779.896	123.29	
780.078	150.53	
780.259	204.18	
780.44	198.04	
780.622	174.69	
780.803	256.82	
780.984	243.71	
781.166	209.92	
781.347	209.92	
781.528	219.13	
781.709	165.27	
781.891	174.9	
782.072	193.94	
782.253	201.52	
782.434	191.08	
782.615	193.33	
782.796	189.64	
782.978	216.06	
783.159	231.01	
783.34	267.06	
783.521	262.34	
783.702	271.97	
783.883	243.71	
784.064	254.36	
784.245	216.06	
784.426	242.27	
784.607	225.89	
784.788	231.42	
784.969	190.87	
785.15	215.04	
785.331	168.14	
785.512	180.63	
785.692	163.22	
785.873	174.08	
786.054	139.06	
786.235	154.01	
786.416	158.31	
786.597	162.2	
786.777	150.32	
786.958	155.44	
787.139	184.32	
787.32	161.99	
787.5	173.46	
787.681	171.01	
787.862	193.74	
788.042	170.39	
788.223	169.78	
788.404	139.47	
788.584	158.92	
788.765	158.1	
788.946	163.63	
789.126	165.27	
789.307	201.52	
789.487	210.12	
789.668	189.64	
789.848	172.44	
790.029	146.22	
790.209	129.23	
790.39	96.25	
790.57	79.67	
790.75	101.58	
790.931	126.36	
791.111	100.96	
791.292	132.91	
791.472	145.61	
791.652	132.09	
791.833	116.94	
792.013	140.08	
792.193	107.93	
792.373	131.48	
792.554	129.64	
792.734	135.37	
792.914	129.84	
793.094	146.84	
793.275	130.46	
793.455	115.51	
793.635	124.52	
793.815	136.19	
793.995	109.98	
794.175	110.8	
794.355	147.45	
794.535	151.55	
794.715	135.17	
794.896	156.06	
795.076	130.05	
795.256	125.75	
795.436	98.1	
795.616	108.54	
795.795	108.13	
795.975	112.84	
796.155	96.87	
796.335	114.28	
796.515	125.75	
796.695	147.66	
796.875	181.65	
797.055	172.44	
797.234	171.62	
797.414	159.54	
797.594	132.3	
797.774	94.82	
797.954	77	
798.133	77.41	
798.313	63.69	
798.493	72.29	
798.672	85.81	
798.852	95.84	
799.032	75.57	
799.211	75.57	
799.391	56.32	
799.571	53.45	
799.75	54.48	
799.93	92.36	
800.109	88.88	
800.289	89.09	
800.468	82.12	
800.648	90.93	
800.827	54.68	
801.007	67.38	
801.186	59.8	
801.366	72.09	
801.545	73.52	
801.725	118.78	
801.904	89.5	
802.083	105.27	
802.263	102.19	
802.442	113.87	
802.621	80.08	
802.801	126.56	
802.98	136.8	
803.159	121.44	
803.338	99.12	
803.518	121.44	
803.697	83.15	
803.876	69.63	
804.055	74.34	
804.235	83.15	
804.414	53.25	
804.593	70.04	
804.772	65.33	
804.951	79.46	
805.13	55.5	
805.309	73.11	
805.488	72.09	
805.667	93.39	
805.846	98.92	
806.025	118.99	
806.204	127.59	
806.383	105.27	
806.562	85.4	
806.741	74.96	
806.92	78.85	
807.099	60.21	
807.278	54.27	
807.457	54.68	
807.636	69.02	
807.814	71.27	
807.993	63.08	
808.172	74.75	
808.351	90.93	
808.53	71.27	
808.708	65.53	
808.887	87.65	
809.066	115.1	
809.244	92.57	
809.423	79.05	
809.602	72.7	
809.78	65.13	
809.959	47.51	
810.138	62.46	
810.316	82.74	
810.495	96.46	
810.673	71.68	
810.852	70.04	
811.03	83.15	
811.209	88.68	
811.388	79.26	
811.566	104.65	
811.744	122.06	
811.923	103.22	
812.101	107.31	
812.28	138.65	
812.458	143.36	
812.637	113.25	
812.815	113.66	
812.993	111.41	
813.172	101.78	
813.35	62.26	
813.528	86.42	
813.706	77	
813.885	62.26	
814.063	29.29	
814.241	70.25	
814.419	73.52	
814.598	104.04	
814.776	93.39	
814.954	98.3	
815.132	93.39	
815.31	84.38	
815.488	43.42	
815.666	43.01	
815.844	37.89	
816.022	12.9	
816.201	1.02	
816.379	38.09	
816.557	45.46	
816.735	54.89	
816.913	46.28	
817.09	70.25	
817.268	48.13	
817.446	47.1	
817.624	30.92	
817.802	84.38	
817.98	59.8	
818.158	44.85	
818.336	26.42	
818.514	48.13	
818.691	43.62	
818.869	70.65	
819.047	92.77	
819.225	112.43	
819.402	86.63	
819.58	91.75	
819.758	82.33	
819.935	63.49	
820.113	51.4	
820.291	60.62	
820.468	20.89	
820.646	18.84	
820.824	36.66	
821.001	76.39	
821.179	96.25	
821.356	99.53	
821.534	88.27	
821.711	65.33	
821.889	67.79	
822.066	56.73	
822.244	50.58	
822.421	80.08	
822.599	105.68	
822.776	67.99	
822.953	42.6	
823.131	38.09	
823.308	11.47	
823.486	21.5	
823.663	35.23	
823.84	68.81	
824.017	41.98	
824.195	46.9	
824.372	36.25	
824.549	21.5	
824.726	13.11	
824.904	47.51	
825.081	47.72	
825.258	25.8	
825.435	34.61	
825.612	57.75	
825.789	32.97	
825.967	51.81	
826.144	75.57	
826.321	88.68	
826.498	59.8	
826.675	90.73	
826.852	44.03	
827.029	46.9	
827.206	39.32	
827.383	21.3	
827.56	39.94	
827.737	71.27	
827.914	66.76	
828.09	58.37	
828.267	65.13	
828.444	50.99	
828.621	27.44	
828.798	47.1	
828.975	33.59	
829.151	40.55	
829.328	24.99	
829.505	66.15	
829.682	42.8	
829.858	51.81	
830.035	75.98	
830.212	79.46	
830.389	38.3	
830.565	19.66	
830.742	47.31	
830.918	27.85	
831.095	31.13	
831.272	57.55	
831.448	51.81	
831.625	50.38	
831.801	60.21	
831.978	67.17	
832.154	32.36	
832.331	65.13	
832.507	36.66	
832.684	44.03	
832.86	52.84	
833.037	99.94	
833.213	72.5	
833.389	81.92	
833.566	59.39	
833.742	26.83	
833.918	-3.28	
834.095	-14.75	
834.271	-31.74	
834.447	-6.14	
834.624	11.88	
834.8	12.9	
834.976	38.71	
835.152	47.51	
835.328	33.79	
835.505	37.48	
835.681	27.24	
835.857	2.05	
836.033	19.87	
836.209	70.25	
836.385	58.57	
836.561	69.84	
836.737	89.7	
836.913	73.52	
837.089	30.11	
837.265	47.31	
837.441	69.22	
837.617	67.58	
837.793	62.46	
837.969	79.67	
838.145	68.2	
838.321	55.3	
838.497	60.21	
838.673	80.28	
838.849	37.27	
839.025	55.91	
839.2	58.16	
839.376	67.99	
839.552	55.7	
839.728	85.4	
839.903	66.97	
840.079	82.33	
840.255	70.04	
840.431	101.99	
840.606	74.96	
840.782	112.64	
840.958	65.33	
841.133	68.2	
841.309	44.24	
841.484	59.8	
841.66	12.49	
841.835	14.34	
842.011	-2.05	
842.186	6.55	
842.362	-0.61	
842.537	22.73	
842.713	26.83	
842.888	48.54	
843.064	29.7	
843.239	31.95	
843.415	31.54	
843.59	55.91	
843.765	46.9	
843.941	55.7	
844.116	80.08	
844.291	50.79	
844.467	43.42	
844.642	50.58	
844.817	65.33	
844.992	30.31	
845.168	37.89	
845.343	48.54	
845.518	53.04	
845.693	40.34	
845.868	52.84	
846.043	45.46	
846.219	18.02	
846.394	25.6	
846.569	26.21	
846.744	22.94	
846.919	30.51	
847.094	82.74	
847.269	60.42	
847.444	61.64	
847.619	57.14	
847.794	98.92	
847.969	83.35	
848.144	97.48	
848.319	87.65	
848.494	102.19	
848.668	94.21	
848.843	94.21	
849.018	79.05	
849.193	96.87	
849.368	98.1	
849.542	106.9	
849.717	82.33	
849.892	82.12	
850.067	79.46	
850.241	102.6	
850.416	60.21	
850.591	86.22	
850.765	76.59	
850.94	89.91	
851.115	45.26	
851.289	75.98	
851.464	56.73	
851.639	68.61	
851.813	33.59	
851.988	67.58	
852.162	26.21	
852.337	21.3	
852.511	28.06	
852.686	55.91	
852.86	40.14	
853.035	54.48	
853.209	51.81	
853.383	58.37	
853.558	39.94	
853.732	40.14	
853.906	30.51	
854.081	40.75	
854.255	21.09	
854.429	31.95	
854.604	28.47	
854.778	52.84	
854.952	52.22	
855.126	70.86	
855.301	58.16	
855.475	45.67	
855.649	39.73	
855.823	32.77	
855.997	18.02	
856.171	24.99	
856.345	25.19	
856.52	21.3	
856.694	36.45	
856.868	59.19	
857.042	58.16	
857.216	87.45	
857.39	82.12	
857.564	56.93	
857.738	27.85	
857.912	26.42	
858.085	9.63	
858.259	22.73	
858.433	43.62	
858.607	45.46	
858.781	45.46	
858.955	30.31	
859.129	25.6	
859.302	16.18	
859.476	19.46	
859.65	56.11	
859.824	57.55	
859.997	60.01	
860.171	64.72	
860.345	83.97	
860.519	65.13	
860.692	78.85	
860.866	83.76	
861.039	103.42	
861.213	94	
861.387	68.4	
861.56	66.97	
861.734	74.34	
861.907	50.38	
862.081	51.4	
862.254	79.05	
862.428	85.61	
862.601	53.25	
862.775	53.66	
862.948	99.12	
863.122	86.42	
863.295	74.14	
863.468	101.58	
863.642	85.2	
863.815	50.18	
863.988	52.63	
864.162	53.86	
864.335	35.23	
864.508	45.06	
864.682	47.1	
864.855	27.65	
865.028	16.59	
865.201	43.01	
865.374	32.97	
865.548	52.22	
865.721	68.81	
865.894	105.88	
866.067	81.51	
866.24	111	
866.413	82.74	
866.586	79.67	
866.759	36.45	
866.932	39.53	
867.105	19.87	
867.278	-6.35	
867.451	-8.81	
867.624	16.79	
867.797	23.35	
867.97	24.78	
868.143	45.46	
868.316	42.8	
868.489	20.68	
868.661	20.48	
868.834	36.86	
869.007	52.63	
869.18	57.96	
869.353	71.88	
869.525	86.01	
869.698	69.43	
869.871	57.75	
870.044	61.85	
870.216	72.09	
870.389	46.9	
870.562	53.25	
870.734	63.08	
870.907	41.98	
871.079	52.43	
871.252	47.72	
871.425	53.66	
871.597	10.65	
871.77	61.64	
871.942	30.72	
872.115	37.68	
872.287	38.09	
872.459	50.38	
872.632	9.22	
872.804	24.37	
872.977	4.71	
873.149	7.58	
873.321	18.23	
873.494	34.2	
873.666	49.97	
873.838	70.25	
874.011	53.66	
874.183	65.53	
874.355	43.42	
874.528	30.92	
874.7	24.78	
874.872	69.02	
875.044	81.3	
875.216	101.99	
875.388	107.72	
875.561	115.51	
875.733	63.69	
875.905	43.83	
876.077	11.26	
876.249	38.3	
876.421	19.05	
876.593	21.5	
876.765	31.95	
876.937	63.08	
877.109	23.55	
877.281	44.65	
877.453	50.18	
877.625	31.13	
877.797	-2.66	
877.968	-13.93	
878.14	-29.08	
878.312	-19.87	
878.484	-29.29	
878.656	3.69	
878.828	15.77	
878.999	44.03	
879.171	33.18	
879.343	36.86	
879.515	24.78	
879.686	10.85	
879.858	-1.84	
880.03	4.51	
880.201	7.17	
880.373	5.12	
880.545	14.75	
880.716	39.73	
880.888	66.76	
881.059	84.38	
881.231	90.73	
881.402	112.23	
881.574	83.56	
881.745	58.78	
881.917	81.92	
882.088	91.13	
882.26	56.52	
882.431	69.22	
882.602	47.1	
882.774	28.88	
882.945	5.12	
883.116	7.17	
883.288	-10.04	
883.459	7.37	
883.63	-5.94	
883.802	4.71	
883.973	18.43	
884.144	33.59	
884.315	41.16	
884.487	71.47	
884.658	91.34	
884.829	113.25	
885	101.17	
885.171	103.22	
885.342	44.65	
885.513	27.85	
885.684	7.58	
885.855	21.3	
886.026	0.61	
886.197	47.92	
886.368	38.3	
886.539	41.16	
886.71	19.05	
886.881	40.96	
887.052	35.02	
887.223	49.15	
887.394	43.42	
887.565	93.18	
887.736	63.28	
887.907	62.26	
888.077	57.55	
888.248	53.86	
888.419	20.27	
888.59	22.12	
888.761	36.86	
888.931	49.15	
889.102	57.34	
889.273	39.53	
889.443	51.4	
889.614	14.13	
889.785	-3.69	
889.955	-0.82	
890.126	-2.46	
890.296	27.24	
890.467	49.77	
890.637	95.64	
890.808	110.39	
890.978	130.05	
891.149	110.59	
891.319	138.85	
891.49	114.28	
891.66	109.98	
891.831	99.12	
892.001	107.52	
892.172	53.04	
892.342	48.74	
892.512	26.01	
892.683	60.62	
892.853	42.19	
893.023	64.51	
893.193	41.16	
893.364	50.79	
893.534	16.18	
893.704	39.32	
893.874	55.09	
894.044	75.77	
894.215	63.49	
894.385	88.68	
894.555	75.77	
894.725	87.45	
894.895	55.91	
895.065	75.57	
895.235	61.85	
895.405	82.94	
895.575	46.49	
895.745	75.01	
895.915	76.8	
