177.618	-222.03	
177.836	-210.77	
178.054	-198.69	
178.271	-152.61	
178.489	-85.02	
178.706	-39.97	
178.924	-12.73	
179.142	23.31	
179.359	23.11	
179.577	-4.95	
179.794	-2.9	
180.012	-1.47	
180.229	-22.56	
180.447	-20.31	
180.664	-19.9	
180.882	-33.62	
181.1	-18.26	
181.317	-10.07	
181.535	-20.92	
181.752	-20.72	
181.969	-5.97	
182.187	-8.23	
182.404	-1.67	
182.622	-8.43	
182.839	12.87	
183.057	21.06	
183.274	19.42	
183.492	14.1	
183.709	33.14	
183.926	9.39	
184.144	-16.62	
184.361	-14.37	
184.579	-20.51	
184.796	-42.63	
185.013	-37.72	
185.231	-38.74	
185.448	-34.85	
185.666	-28.91	
185.883	-13.35	
186.1	-9.86	
186.317	12.87	
186.535	-0.85	
186.752	9.18	
186.969	27	
187.187	47.89	
187.404	19.22	
187.621	33.14	
187.839	31.5	
188.056	0.99	
188.273	-12.53	
188.49	29.46	
188.708	13.69	
188.925	28.64	
189.142	36.42	
189.359	28.43	
189.576	2.01	
189.794	19.83	
190.011	4.06	
190.228	9.59	
190.445	15.33	
190.662	32.12	
190.879	24.34	
191.097	23.52	
191.314	37.65	
191.531	31.3	
191.748	11.84	
191.965	12.87	
192.182	3.04	
192.399	-10.89	
192.616	-7.41	
192.834	12.46	
193.051	4.47	
193.268	14.1	
193.485	15.53	
193.702	3.24	
193.919	-16.42	
194.136	-14.37	
194.353	-24.81	
194.57	-15.6	
194.787	-6.79	
195.004	5.7	
195.221	-4.54	
195.438	28.84	
195.655	12.66	
195.872	21.06	
196.089	2.83	
196.306	16.55	
196.523	-16.01	
196.74	8.36	
196.957	-7.61	
197.173	7.75	
197.39	2.22	
197.607	32.53	
197.824	25.57	
198.041	38.47	
198.258	39.08	
198.475	48.3	
198.692	16.55	
198.909	2.22	
199.125	-7.41	
199.342	-10.89	
199.559	-5.15	
199.776	3.86	
199.993	22.29	
200.21	21.06	
200.426	11.84	
200.643	-1.88	
200.86	6.31	
201.077	3.04	
201.293	-0.24	
201.51	8.98	
201.727	-0.85	
201.944	-28.09	
202.16	-34.85	
202.377	-30.34	
202.594	-33.62	
202.811	-16.01	
203.027	7.13	
203.244	12.66	
203.461	9.8	
203.677	23.72	
203.894	18.6	
204.111	24.54	
204.327	2.01	
204.544	9.8	
204.761	5.5	
204.977	5.09	
205.194	-20.72	
205.41	3.86	
205.627	-1.06	
205.844	0.58	
206.06	0.38	
206.277	20.65	
206.493	-1.47	
206.71	-11.09	
206.926	-22.97	
207.143	-16.62	
207.36	-24.4	
207.576	0.99	
207.793	13.89	
208.009	21.67	
208.226	13.69	
208.442	4.06	
208.659	-6.59	
208.875	-21.95	
209.092	-20.1	
209.308	-4.54	
209.524	8.77	
209.741	26.59	
209.957	56.49	
210.174	50.35	
210.39	21.06	
210.607	22.29	
210.823	-19.69	
211.039	-42.22	
211.256	-36.28	
211.472	-30.14	
211.688	-17.24	
211.905	16.76	
212.121	21.67	
212.338	25.98	
212.554	39.49	
212.77	16.35	
212.987	12.87	
213.203	29.46	
213.419	26.79	
213.635	21.88	
213.852	19.63	
214.068	7.54	
214.284	-12.12	
214.501	-9.25	
214.717	-26.45	
214.933	-17.65	
215.149	-24.2	
215.365	-28.71	
215.582	-41.81	
215.798	-19.69	
216.014	-17.44	
216.23	-1.67	
216.447	6.52	
216.663	6.72	
216.879	-17.24	
217.095	-2.9	
217.311	-3.52	
217.527	3.65	
217.743	-0.85	
217.96	5.7	
218.176	0.79	
218.392	-5.77	
218.608	-8.23	
218.824	-1.26	
219.04	11.64	
219.256	20.04	
219.472	15.12	
219.688	5.5	
219.904	18.19	
220.12	20.65	
220.336	0.79	
220.552	1.19	
220.768	0.99	
220.984	4.88	
221.2	-22.56	
221.416	-10.68	
221.632	-11.5	
221.848	-3.93	
222.064	-23.59	
222.28	-0.24	
222.496	-11.71	
222.712	1.4	
222.928	-7.61	
223.144	7.75	
223.36	3.45	
223.576	7.34	
223.792	1.19	
224.008	26.18	
224.224	13.28	
224.439	28.84	
224.655	30.48	
224.871	29.46	
225.087	24.95	
225.303	13.07	
225.519	-0.85	
225.734	10.62	
225.95	8.77	
226.166	-2.08	
226.382	20.45	
226.598	28.02	
226.813	11.84	
227.029	10.41	
227.245	6.72	
227.461	-4.95	
227.677	-7	
227.892	-2.49	
228.108	-8.64	
228.324	3.65	
228.539	-3.93	
228.755	-5.15	
228.971	-3.11	
229.186	5.29	
229.402	-11.3	
229.618	23.11	
229.833	14.71	
230.049	16.76	
230.265	20.45	
230.48	42.36	
230.696	14.3	
230.912	29.05	
231.127	28.43	
231.343	23.93	
231.558	3.86	
231.774	21.47	
231.99	32.32	
232.205	28.23	
232.421	24.54	
232.636	41.33	
232.852	21.26	
233.067	-0.44	
233.283	9.8	
233.498	26.59	
233.714	19.83	
233.929	34.58	
234.145	33.35	
234.36	40.31	
234.576	36.21	
234.791	35.6	
235.007	40.31	
235.222	60.59	
235.438	53.01	
235.653	68.57	
235.868	78.2	
236.084	84.55	
236.299	77.38	
236.515	74.72	
236.73	47.07	
236.945	41.13	
237.161	17.78	
237.376	6.52	
237.592	-2.7	
237.807	7.13	
238.022	-3.31	
238.238	6.72	
238.453	-3.52	
238.668	-5.36	
238.883	-32.6	
239.099	-33.01	
239.314	-46.52	
239.529	-27.68	
239.745	-16.01	
239.96	11.64	
240.175	12.46	
240.39	53.21	
240.605	48.3	
240.821	36.21	
241.036	30.07	
241.251	44.2	
241.466	9.59	
241.681	13.28	
241.897	27.41	
242.112	42.77	
242.327	31.71	
242.542	40.72	
242.757	32.73	
242.972	22.08	
243.188	1.19	
243.403	-2.29	
243.618	-5.36	
243.833	-5.56	
244.048	-1.67	
244.263	-0.65	
244.478	7.95	
244.693	13.28	
244.908	16.35	
245.123	22.08	
245.338	41.54	
245.553	47.07	
245.768	30.69	
245.983	32.53	
246.198	26.38	
246.413	6.31	
246.628	6.93	
246.843	10.82	
247.058	8.77	
247.273	-1.67	
247.488	0.17	
247.703	3.45	
247.918	-3.31	
248.133	4.68	
248.348	-1.88	
248.563	27.82	
248.778	23.11	
248.993	32.94	
249.207	42.77	
249.422	51.37	
249.637	14.71	
249.852	4.27	
250.067	-3.93	
250.282	-17.65	
250.496	-12.12	
250.711	11.02	
250.926	0.38	
251.141	19.42	
251.356	20.65	
251.57	23.72	
251.785	0.38	
252	16.96	
252.215	7.54	
252.43	16.55	
252.644	30.69	
252.859	43.38	
253.074	31.3	
253.288	29.66	
253.503	13.07	
253.718	11.64	
253.932	29.66	
254.147	48.09	
254.362	64.27	
254.576	60.59	
254.791	39.49	
255.006	25.77	
255.22	13.28	
255.435	-4.54	
255.65	2.01	
255.864	2.01	
256.079	-13.96	
256.293	-12.12	
256.508	-18.26	
256.723	12.66	
256.937	13.28	
257.152	19.22	
257.366	9.59	
257.581	16.76	
257.795	-14.37	
258.01	9.39	
258.224	12.25	
258.439	22.7	
258.653	11.84	
258.868	19.42	
259.082	-2.08	
259.297	1.81	
259.511	-5.77	
259.726	-5.77	
259.94	-21.95	
260.154	-34.44	
260.369	-27.48	
260.583	-21.74	
260.798	-23.38	
261.012	-4.13	
261.226	12.66	
261.441	17.17	
261.655	20.86	
261.869	41.54	
262.084	31.3	
262.298	25.77	
262.512	-2.29	
262.727	-2.08	
262.941	5.9	
263.155	6.11	
263.37	10.62	
263.584	42.36	
263.798	32.73	
264.012	29.46	
264.227	32.32	
264.441	43.18	
264.655	14.92	
264.869	34.17	
265.084	11.84	
265.298	12.05	
265.512	-1.88	
265.726	28.64	
265.94	6.52	
266.155	16.96	
266.369	27.2	
266.583	38.26	
266.797	23.72	
267.011	58.74	
267.225	78.81	
267.439	67.55	
267.654	45.23	
267.868	25.98	
268.082	-7.2	
268.296	-37.1	
268.51	-55.74	
268.724	-40.79	
268.938	-36.69	
269.152	-22.56	
269.366	-11.71	
269.58	4.68	
269.794	0.38	
270.008	22.7	
270.222	24.13	
270.436	27.41	
270.65	29.25	
270.864	36.01	
271.078	29.25	
271.292	29.46	
271.506	43.59	
271.72	52.6	
271.934	54.44	
272.148	49.32	
272.362	45.84	
272.575	39.29	
272.789	22.08	
273.003	20.86	
273.217	27.61	
273.431	20.04	
273.645	4.27	
273.859	24.34	
274.073	19.83	
274.286	15.94	
274.5	19.63	
274.714	9.59	
274.928	1.6	
275.142	1.19	
275.355	-2.08	
275.569	-2.49	
275.783	24.13	
275.997	17.99	
276.21	29.66	
276.424	48.09	
276.638	38.88	
276.852	29.46	
277.065	30.69	
277.279	26.79	
277.493	-1.06	
277.706	31.5	
277.92	46.86	
278.134	38.88	
278.347	29.25	
278.561	37.44	
278.775	22.7	
278.988	14.92	
279.202	39.29	
279.415	52.6	
279.629	46.66	
279.843	47.27	
280.056	52.8	
280.27	49.32	
280.483	24.54	
280.697	36.83	
280.91	26.79	
281.124	35.6	
281.337	19.42	
281.551	48.91	
281.764	42.97	
281.978	53.01	
282.191	32.53	
282.405	52.8	
282.618	31.91	
282.832	36.42	
283.045	23.72	
283.259	28.43	
283.472	-1.88	
283.686	8.16	
283.899	-1.88	
284.112	12.46	
284.326	3.65	
284.539	27.61	
284.752	27	
284.966	39.7	
285.179	34.17	
285.393	43.79	
285.606	27.2	
285.819	40.52	
286.033	28.64	
286.246	49.53	
286.459	32.32	
286.672	45.64	
286.886	18.4	
287.099	34.37	
287.312	0.38	
287.525	18.81	
287.739	12.46	
287.952	26.59	
288.165	19.01	
288.378	33.76	
288.592	25.16	
288.805	17.99	
289.018	23.11	
289.231	28.23	
289.444	43.79	
289.657	39.08	
289.871	50.14	
290.084	33.14	
290.297	45.23	
290.51	21.67	
290.723	12.66	
290.936	24.75	
291.149	22.49	
291.362	18.81	
291.575	19.83	
291.789	24.95	
292.002	1.6	
292.215	9.39	
292.428	-24.81	
292.641	-31.57	
292.854	-23.79	
293.067	-21.33	
293.28	-31.78	
293.493	-10.07	
293.706	-14.37	
293.919	-1.88	
294.132	-5.77	
294.345	8.36	
294.558	4.47	
294.77	14.3	
294.983	6.93	
295.196	32.32	
295.409	36.42	
295.622	44.61	
295.835	44.41	
296.048	46.86	
296.261	27.41	
296.474	38.47	
296.686	27.82	
296.899	41.13	
297.112	37.65	
297.325	28.43	
297.538	36.42	
297.751	41.13	
297.963	46.05	
298.176	51.17	
298.389	62.22	
298.602	53.62	
298.814	106.05	
299.027	90.08	
299.24	83.32	
299.453	88.85	
299.665	64.68	
299.878	4.47	
300.091	4.68	
300.303	12.05	
300.516	2.83	
300.729	10.62	
300.941	13.69	
301.154	4.47	
301.367	4.88	
301.579	16.55	
301.792	33.76	
302.005	34.99	
302.217	38.67	
302.43	30.28	
302.642	27.82	
302.855	7.54	
303.067	8.16	
303.28	11.84	
303.493	-0.24	
303.705	6.52	
303.918	12.66	
304.13	38.88	
304.343	39.29	
304.555	51.37	
304.768	41.74	
304.98	55.06	
305.193	20.45	
305.405	26.79	
305.617	8.16	
305.83	7.54	
306.042	-7.61	
306.255	2.22	
306.467	-5.77	
306.68	9.39	
306.892	6.11	
307.104	9.39	
307.317	-7	
307.529	6.93	
307.741	9.18	
307.954	35.6	
308.166	27.2	
308.378	51.98	
308.591	49.12	
308.803	63.86	
309.015	48.5	
309.228	63.45	
309.44	37.24	
309.652	32.94	
309.864	13.07	
310.077	10.62	
310.289	-0.03	
310.501	21.88	
310.713	4.88	
310.926	20.65	
311.138	11.43	
311.35	18.4	
311.562	12.66	
311.774	38.26	
311.986	18.81	
312.199	35.19	
312.411	21.26	
312.623	31.5	
312.835	13.69	
313.047	13.48	
313.259	-0.24	
313.471	2.22	
313.683	-6.18	
313.895	2.63	
314.108	2.42	
314.32	12.46	
314.532	5.29	
314.744	3.04	
314.956	13.89	
315.168	19.22	
315.38	-3.93	
315.592	16.76	
315.804	29.66	
316.016	42.36	
316.228	47.48	
316.44	74.72	
316.651	69.8	
316.863	63.45	
317.075	28.02	
317.287	19.83	
317.499	15.33	
317.711	11.64	
317.923	15.94	
318.135	22.49	
318.347	37.03	
318.559	32.94	
318.77	33.76	
318.982	24.75	
319.194	11.02	
319.406	-1.67	
319.618	5.09	
319.83	-1.26	
320.041	-10.48	
320.253	3.65	
320.465	3.24	
320.677	-13.55	
320.888	-12.32	
321.1	-10.48	
321.312	-5.56	
321.524	-4.54	
321.735	-5.15	
321.947	-3.31	
322.159	5.5	
322.37	-11.3	
322.582	0.99	
322.794	13.28	
323.005	20.45	
323.217	24.34	
323.429	22.29	
323.64	22.49	
323.852	18.6	
324.063	4.27	
324.275	5.9	
324.487	32.94	
324.698	21.88	
324.91	30.89	
325.121	28.43	
325.333	6.93	
325.544	-15.19	
325.756	-1.88	
325.967	-23.18	
326.179	-1.67	
326.39	11.02	
326.602	29.05	
326.813	13.28	
327.025	33.96	
327.236	18.81	
327.448	18.81	
327.659	10.82	
327.871	22.9	
328.082	9.59	
328.293	19.22	
328.505	15.53	
328.716	9.18	
328.928	-11.3	
329.139	10	
329.35	0.17	
329.562	14.92	
329.773	27.2	
329.984	46.25	
330.196	25.36	
330.407	30.28	
330.618	24.95	
330.83	9.39	
331.041	9.59	
331.252	4.88	
331.463	15.94	
331.675	29.05	
331.886	38.47	
332.097	36.42	
332.308	39.9	
332.52	36.01	
332.731	27.2	
332.942	39.7	
333.153	41.33	
333.364	44.2	
333.575	42.97	
333.787	44.61	
333.998	19.63	
334.209	20.65	
334.42	15.74	
334.631	9.8	
334.842	9.59	
335.053	34.99	
335.264	27.41	
335.475	29.25	
335.686	22.49	
335.898	22.49	
336.109	-5.97	
336.32	-12.32	
336.531	-6.18	
336.742	11.64	
336.953	3.86	
337.164	15.12	
337.375	23.52	
337.586	33.35	
337.797	21.67	
338.007	20.04	
338.218	5.5	
338.429	15.94	
338.64	6.11	
338.851	2.83	
339.062	-0.44	
339.273	25.98	
339.484	6.31	
339.695	-6.79	
339.906	-9.25	
340.116	0.17	
340.327	-1.47	
340.538	4.27	
340.749	4.47	
340.96	6.93	
341.171	-17.03	
341.381	-27.27	
341.592	-27.27	
341.803	-17.24	
342.014	-16.83	
342.224	-1.06	
342.435	-2.29	
342.646	-5.97	
342.857	-13.55	
343.067	-10.07	
343.278	14.51	
343.489	20.24	
343.699	12.66	
343.91	20.65	
344.121	11.43	
344.331	-12.94	
344.542	-13.35	
344.753	18.6	
344.963	2.42	
345.174	20.45	
345.384	39.08	
345.595	50.55	
345.806	29.66	
346.016	42.56	
346.227	40.52	
346.437	32.53	
346.648	23.93	
346.858	24.95	
347.069	23.93	
347.279	19.83	
347.49	7.95	
347.7	2.01	
347.911	-6.79	
348.121	7.54	
348.332	4.47	
348.542	4.47	
348.753	18.6	
348.963	45.02	
349.173	29.46	
349.384	53.42	
349.594	68.78	
349.805	74.72	
350.015	49.94	
350.225	63.86	
350.436	52.19	
350.646	57.31	
350.856	46.66	
351.067	50.55	
351.277	27.2	
351.487	14.71	
351.698	3.24	
351.908	8.77	
352.118	28.43	
352.328	37.03	
352.539	67.55	
352.749	58.95	
352.959	48.91	
353.169	35.6	
353.38	29.46	
353.59	16.76	
353.8	17.17	
354.01	19.42	
354.22	9.39	
354.431	54.03	
354.641	35.81	
354.851	42.56	
355.061	38.26	
355.271	48.09	
355.481	12.66	
355.691	27.41	
355.901	22.49	
356.111	28.84	
356.321	30.28	
356.532	42.56	
356.742	27.61	
356.952	30.69	
357.162	25.36	
357.372	14.92	
357.582	5.5	
357.792	5.5	
358.002	14.3	
358.212	28.43	
358.422	40.93	
358.632	35.81	
358.842	41.54	
359.051	38.67	
359.261	30.28	
359.471	19.83	
359.681	27.61	
359.891	8.16	
360.101	2.01	
360.311	9.18	
360.521	19.63	
360.731	28.84	
360.94	59.77	
361.15	63.04	
361.36	57.72	
361.57	52.8	
361.78	45.84	
361.989	26.79	
362.199	25.57	
362.409	22.7	
362.619	19.63	
362.828	46.05	
363.038	42.97	
363.248	42.56	
363.458	53.21	
363.667	50.55	
363.877	25.77	
364.087	35.19	
364.296	25.16	
364.506	19.22	
364.716	27.2	
364.925	35.6	
365.135	16.14	
365.345	32.94	
365.554	27.82	
365.764	48.71	
365.973	36.42	
366.183	78.2	
366.393	70.83	
366.602	71.85	
366.812	42.77	
367.021	48.91	
367.231	20.45	
367.44	21.67	
367.65	29.46	
367.859	51.78	
368.069	37.24	
368.278	59.36	
368.488	56.9	
368.697	34.17	
368.907	16.35	
369.116	48.71	
369.326	39.7	
369.535	48.91	
369.744	74.51	
369.954	75.74	
370.163	63.86	
370.373	75.95	
370.582	73.49	
370.791	73.49	
371.001	72.26	
371.21	63.86	
371.419	44	
371.629	42.97	
371.838	45.23	
372.047	69.39	
372.256	78.61	
372.466	92.12	
372.675	88.85	
372.884	87.21	
373.093	66.12	
373.303	72.26	
373.512	70.42	
373.721	82.29	
373.93	82.29	
374.139	121.62	
374.349	130.63	
374.558	161.76	
374.767	165.44	
374.976	179.57	
375.185	181.42	
375.394	186.95	
375.603	179.16	
375.813	196.78	
376.022	210.7	
376.231	200.67	
376.44	197.19	
376.649	215.62	
376.858	233.02	
377.067	251.66	
377.276	277.67	
377.485	322.52	
377.694	340.13	
377.903	362.66	
378.112	376.38	
378.321	400.96	
378.53	413.86	
378.739	443.56	
378.948	458.3	
379.157	478.37	
379.366	511.55	
379.575	534.28	
379.784	554.15	
379.992	591.62	
380.201	666.17	
380.41	697.5	
380.619	723.92	
380.828	766.52	
381.037	795.4	
381.246	791.3	
381.454	839.43	
381.663	912.13	
381.872	962.1	
382.081	1030.3	
382.29	1100.34	
382.498	1147.44	
382.707	1217.48	
382.916	1290.6	
383.125	1336.88	
383.333	1409.79	
383.542	1498.87	
383.751	1567.07	
383.959	1668.65	
384.168	1772.89	
384.377	1867.71	
384.585	1932.63	
384.794	2020.7	
385.003	2093.19	
385.211	2201.74	
385.42	2307	
385.628	2431.72	
385.837	2550.3	
386.046	2680.35	
386.254	2818.38	
386.463	2942.49	
386.671	3099.77	
386.88	3248.66	
387.088	3364.57	
387.297	3465.95	
387.505	3619.55	
387.714	3736.69	
387.922	3849.12	
388.131	4018.08	
388.339	4191.95	
388.548	4315.65	
388.756	4465.97	
388.965	4631.65	
389.173	4768.05	
389.381	4941.92	
389.59	5159	
389.798	5357.04	
390.007	5561.23	
390.215	5742.47	
390.423	5942.97	
390.632	6128.31	
390.84	6357.07	
391.048	6581.52	
391.257	6913.5	
391.465	7194.28	
391.673	7508.64	
391.882	7820.13	
392.09	8141.67	
392.298	8421.21	
392.506	8784.93	
392.715	9145.38	
392.923	9537.56	
393.131	9875.48	
393.339	10275.24	
393.547	10650.02	
393.756	11018.04	
393.964	11402.85	
394.172	11836.2	
394.38	12251.73	
394.588	12609.51	
394.796	13033.85	
395.005	13373	
395.213	13799.18	
395.421	14207.13	
395.629	14635.36	
395.837	15007.89	
396.045	15453.32	
396.253	15838.34	
396.461	16286.03	
396.669	16729.62	
396.877	17233.01	
397.085	17699.95	
397.293	18220.74	
397.501	18684.61	
397.709	19249.64	
397.917	19720.47	
398.125	20405.72	
398.333	21028.92	
398.541	21702.5	
398.749	22372.18	
398.957	23113.34	
399.165	23788.76	
399.373	24562.89	
399.581	25334.98	
399.788	26156.21	
399.996	26997.52	
400.204	27879.58	
400.412	28740.95	
400.62	29642.68	
400.828	30671.17	
401.035	31791.61	
401.243	32723.23	
401.451	33744.96	
401.659	34668.19	
401.867	35520.96	
402.074	36345.88	
402.282	37357.17	
402.49	38189.26	
402.697	39121.9	
402.905	40042.26	
403.113	40846.09	
403.321	41499.19	
403.528	42171.33	
403.736	42779.17	
403.944	43238.93	
404.151	43991.56	
404.359	44587.93	
404.566	45179.59	
404.774	45833.71	
404.982	46381.54	
405.189	46752.63	
405.397	47258.48	
405.604	47667.67	
405.812	47967.49	
406.02	48165.94	
406.227	48352.71	
406.435	48362.34	
406.642	48346.57	
406.85	48543.38	
407.057	48651.72	
407.265	48611.17	
407.472	48690.63	
407.679	48680.18	
407.887	48228.2	
408.094	47951.93	
408.302	47383.82	
408.509	46702.66	
408.717	46169.17	
408.924	45588.57	
409.131	44840.86	
409.339	44242.64	
409.546	43444.76	
409.753	42429.17	
409.961	41466.01	
410.168	40448.99	
410.375	39382.61	
410.583	38328.32	
410.79	37392.19	
410.997	36290.79	
411.205	35344.83	
411.412	34264.12	
411.619	33233.17	
411.826	32045.76	
412.034	30991.26	
412.241	29793	
412.448	28794.61	
412.655	27809.74	
412.862	26867.68	
413.07	25979.27	
413.277	25147.18	
413.484	24237.27	
413.691	23385.72	
413.898	22706	
414.105	21966.27	
414.312	21402.47	
414.519	20870	
414.727	20405.93	
414.934	19919.94	
415.141	19551.51	
415.348	19069.63	
415.555	18679.49	
415.762	18339.32	
415.969	17968.02	
416.176	17651.2	
416.383	17341.35	
416.59	17052.79	
416.797	16710.16	
417.004	16461.13	
417.211	16158.44	
417.418	15907.77	
417.625	15635.8	
417.831	15411.95	
418.038	15128.11	
418.245	14831.36	
418.452	14503.48	
418.659	14259.97	
418.866	13933.94	
419.073	13605.85	
419.28	13294.76	
419.486	13063.55	
419.693	12688.98	
419.9	12405.54	
420.107	12137.05	
420.314	11842.75	
420.52	11533.51	
420.727	11264.41	
420.934	10943.9	
421.141	10622.37	
421.347	10341.18	
421.554	10030.92	
421.761	9722.7	
421.967	9480.22	
422.174	9261.29	
422.381	9044.62	
422.588	8809.1	
422.794	8569.69	
423.001	8375.54	
423.207	8103.37	
423.414	7841.64	
423.621	7596.09	
423.827	7413.61	
424.034	7151.88	
424.24	6955.89	
424.447	6763.79	
424.654	6598.73	
424.86	6394.75	
425.067	6220.06	
425.273	6069.33	
425.48	5927.61	
425.686	5766.02	
425.893	5603.82	
426.099	5429.34	
426.306	5263.04	
426.512	5117.84	
426.718	4965.06	
426.925	4806.14	
427.131	4691.04	
427.338	4567.96	
427.544	4399.21	
427.75	4279.2	
427.957	4203.01	
428.163	4095.29	
428.37	3985.11	
428.576	3918.34	
428.782	3818.2	
428.988	3708.63	
429.195	3602.96	
429.401	3502.4	
429.607	3375.84	
429.814	3324.02	
430.02	3244.56	
430.226	3175.96	
430.432	3110.63	
430.639	3078.27	
430.845	2981.19	
431.051	2935.73	
431.257	2874.29	
431.463	2807.12	
431.67	2717.83	
431.876	2663.96	
432.082	2578.77	
432.288	2535.56	
432.494	2466.54	
432.7	2422.3	
432.906	2360.05	
433.112	2296.76	
433.318	2256.42	
433.525	2234.09	
433.731	2179.62	
433.937	2147.67	
434.143	2125.96	
434.349	2070.87	
434.555	2017.22	
434.761	1977.69	
434.967	1923.42	
435.173	1879.39	
435.379	1815.69	
435.585	1783.95	
435.791	1750.98	
435.996	1719.24	
436.202	1672.34	
436.408	1636.91	
436.614	1595.13	
436.82	1537.79	
437.026	1472.86	
437.232	1432.72	
437.438	1382.75	
437.644	1320.5	
437.849	1283.02	
438.055	1251.68	
438.261	1206.63	
438.467	1171.4	
438.673	1131.47	
438.878	1091.94	
439.084	1046.07	
439.29	1011.87	
439.496	977.26	
439.701	947.77	
439.907	920.32	
440.113	896.16	
440.318	881.21	
440.524	860.52	
440.73	849.87	
440.935	824.48	
441.141	811.58	
441.347	812.19	
441.552	776.15	
441.758	747.27	
441.964	721.87	
442.169	706.52	
442.375	644.87	
442.58	662.89	
442.786	665.56	
442.991	646.1	
443.197	606.78	
443.402	615.59	
443.608	582.61	
443.813	563.77	
444.019	565.21	
444.224	560.29	
444.43	533.87	
444.635	534.69	
444.841	513.8	
445.046	508.07	
445.252	493.94	
445.457	477.55	
445.662	451.34	
445.868	434.95	
446.073	420.62	
446.278	409.97	
446.484	384.57	
446.689	377.41	
446.894	370.24	
447.1	339.31	
447.305	355.08	
447.51	362.46	
447.716	349.14	
447.921	333.78	
448.126	354.06	
448.331	335.42	
448.537	333.58	
448.742	347.3	
448.947	327.44	
449.152	306.75	
449.357	302.04	
449.563	297.74	
449.768	281.15	
449.973	293.44	
450.178	285.86	
450.383	269.68	
450.588	254.32	
450.793	245.93	
450.999	258.83	
451.204	253.71	
451.409	249	
451.614	237.12	
451.819	237.94	
452.024	215.62	
452.229	206.4	
452.434	215.21	
452.639	216.85	
452.844	205.58	
453.049	177.93	
453.254	169.74	
453.459	153.15	
453.664	154.18	
453.869	155.41	
454.074	182.44	
454.279	177.12	
454.483	161.96	
454.688	163.39	
454.893	167.9	
455.098	142.5	
455.303	135.34	
455.508	142.3	
455.713	122.84	
455.917	105.23	
456.122	119.36	
456.327	123.66	
456.532	136.36	
456.737	135.34	
456.941	131.45	
457.146	121	
457.351	118.95	
457.555	109.53	
457.76	128.99	
457.965	138.61	
458.17	148.65	
458.374	160.32	
458.579	151.52	
458.784	123.05	
458.988	115.27	
459.193	94.79	
459.397	88.03	
459.602	88.64	
459.807	114.65	
460.011	103.59	
460.216	105.03	
460.42	83.93	
460.625	75.54	
460.829	56.49	
461.034	55.88	
461.239	58.33	
461.443	69.19	
461.648	68.78	
461.852	51.37	
462.056	57.51	
462.261	48.09	
462.465	66.73	
462.67	68.16	
462.874	79.63	
463.079	66.12	
463.283	77.38	
463.487	68.78	
463.692	78.2	
463.896	82.5	
464.1	78.61	
464.305	74.92	
464.509	61.2	
464.713	55.26	
464.918	71.85	
465.122	84.55	
465.326	71.24	
465.531	50.96	
465.735	45.02	
465.939	15.33	
466.143	1.19	
466.348	2.42	
466.552	9.8	
466.756	13.69	
466.96	25.98	
467.164	40.52	
467.368	53.42	
467.573	68.16	
467.777	59.77	
467.981	52.19	
468.185	27	
468.389	25.16	
468.593	6.72	
468.797	-3.31	
469.001	3.86	
469.205	16.76	
469.409	13.69	
469.613	18.6	
469.817	30.89	
470.021	27.41	
470.225	29.87	
470.429	13.48	
470.633	12.87	
470.837	11.64	
471.041	3.04	
471.245	-8.23	
471.449	-5.15	
471.653	3.65	
471.857	9.8	
472.061	10	
472.265	14.1	
472.469	29.05	
472.673	26.59	
472.876	17.99	
473.08	20.04	
473.284	30.28	
473.488	11.23	
473.692	21.26	
473.895	40.72	
474.099	52.8	
474.303	51.78	
474.507	64.68	
474.71	54.03	
474.914	24.34	
475.118	16.14	
475.322	20.65	
475.525	8.57	
475.729	8.36	
475.933	21.06	
476.136	41.33	
476.34	41.54	
476.543	56.49	
476.747	54.65	
476.951	64.27	
477.154	40.31	
477.358	47.27	
477.561	50.14	
477.765	56.08	
477.969	39.9	
478.172	41.95	
478.376	17.17	
478.579	12.87	
478.783	1.19	
478.986	-0.65	
479.19	-5.15	
479.393	3.45	
479.596	-9.05	
479.8	15.12	
480.003	22.49	
480.207	35.81	
480.41	33.14	
480.614	54.44	
480.817	40.31	
481.02	55.26	
481.224	54.24	
481.427	73.28	
481.63	70.01	
481.834	76.15	
482.037	49.53	
482.24	32.32	
482.443	12.46	
482.647	2.22	
482.85	-16.21	
483.053	-11.3	
483.256	-29.32	
483.46	-19.08	
483.663	-25.84	
483.866	-7.82	
484.069	-4.54	
484.272	8.98	
484.476	-4.13	
484.679	12.25	
484.882	20.24	
485.085	13.69	
485.288	12.46	
485.491	24.95	
485.694	0.38	
485.897	-12.12	
486.101	-9.25	
486.304	0.38	
486.507	-8.23	
486.71	8.57	
486.913	3.86	
487.116	-0.85	
487.319	-2.7	
487.522	-14.78	
487.725	-10.68	
487.928	-17.24	
488.13	-4.74	
488.333	2.83	
488.536	6.72	
488.739	-2.49	
488.942	7.75	
489.145	-5.77	
489.348	-15.8	
489.551	-12.73	
489.754	-9.25	
489.956	-21.95	
490.159	-16.62	
490.362	-17.44	
490.565	-23.38	
490.768	-29.32	
490.97	-7.82	
491.173	2.63	
491.376	8.16	
491.579	9.39	
491.781	22.9	
491.984	14.1	
492.187	0.58	
492.39	2.01	
492.592	5.09	
492.795	-0.03	
492.998	-25.63	
493.2	-12.94	
493.403	-11.3	
493.605	-0.85	
493.808	-7.61	
494.011	7.95	
494.213	-8.84	
494.416	-8.02	
494.618	-15.19	
494.821	-16.01	
495.023	-0.65	
495.226	11.43	
495.428	8.98	
495.631	11.02	
495.833	20.86	
496.036	15.94	
496.238	8.57	
496.441	-0.85	
496.643	-8.43	
496.846	-24.2	
497.048	-27.68	
497.25	-1.47	
497.453	13.89	
497.655	45.43	
497.858	72.67	
498.06	77.79	
498.262	51.57	
498.465	51.78	
498.667	31.91	
498.869	30.28	
499.071	25.98	
499.274	34.58	
499.476	26.59	
499.678	18.19	
499.881	3.65	
500.083	6.31	
500.285	-5.36	
500.487	-3.93	
500.689	10.82	
500.892	0.17	
501.094	-12.32	
501.296	5.09	
501.498	13.28	
501.7	-0.24	
501.902	19.22	
502.104	25.77	
502.306	6.72	
502.509	-11.5	
502.711	-18.06	
502.913	-32.39	
503.115	-42.63	
503.317	-26.25	
503.519	-23.38	
503.721	-5.36	
503.923	2.63	
504.125	20.24	
504.327	21.06	
504.529	27.82	
504.731	20.04	
504.933	19.83	
505.134	9.18	
505.336	1.6	
505.538	10	
505.74	-3.93	
505.942	-17.24	
506.144	-15.39	
506.346	-25.84	
506.548	-10.68	
506.749	7.34	
506.951	21.06	
507.153	20.04	
507.355	37.65	
507.557	7.75	
507.758	8.57	
507.96	3.04	
508.162	4.27	
508.363	5.5	
508.565	20.24	
508.767	8.16	
508.969	24.95	
509.17	36.21	
509.372	25.16	
509.574	7.13	
509.775	3.24	
509.977	-14.78	
510.178	-10.89	
510.38	-9.45	
510.582	13.69	
510.783	12.46	
510.985	20.45	
511.186	-0.24	
511.388	9.59	
511.589	3.86	
511.791	12.66	
511.992	3.45	
512.194	10	
512.395	-3.11	
512.597	-3.11	
512.798	-8.23	
513	6.72	
513.201	13.89	
513.403	28.43	
513.604	15.53	
513.805	29.05	
514.007	19.83	
514.208	4.47	
514.409	-12.94	
514.611	4.06	
514.812	5.09	
515.013	10.62	
515.215	21.06	
515.416	17.78	
515.617	-1.06	
515.819	-11.09	
516.02	-21.13	
516.221	-12.53	
516.422	-14.98	
516.623	-16.01	
516.825	-16.42	
517.026	-6.79	
517.227	-31.16	
517.428	-34.64	
517.629	-21.95	
517.83	-20.1	
518.032	-23.18	
518.233	-7.82	
518.434	4.47	
518.635	14.3	
518.836	18.6	
519.037	16.55	
519.238	14.51	
519.439	16.76	
519.64	8.16	
519.841	9.39	
520.042	2.01	
520.243	4.88	
520.444	23.93	
520.645	16.96	
520.846	7.95	
521.047	18.19	
521.248	12.25	
521.449	3.24	
521.65	11.23	
521.851	35.81	
522.052	12.05	
522.252	17.37	
522.453	12.05	
522.654	1.4	
522.855	-11.71	
523.056	-4.74	
523.257	-12.53	
523.457	-17.44	
523.658	2.22	
523.859	-12.32	
524.06	-12.53	
524.26	-17.65	
524.461	-20.31	
524.662	-24.2	
524.862	-27.89	
525.063	-19.29	
525.264	-10.89	
525.464	-1.06	
525.665	-6.79	
525.866	16.35	
526.066	20.04	
526.267	31.09	
526.468	15.53	
526.668	16.76	
526.869	-0.03	
527.069	-1.67	
527.27	-14.57	
527.47	3.04	
527.671	-1.67	
527.871	-5.77	
528.072	-3.11	
528.272	1.81	
528.473	3.45	
528.673	13.89	
528.874	18.6	
529.074	28.84	
529.275	31.71	
529.475	34.58	
529.675	15.12	
529.876	16.76	
530.076	-3.52	
530.277	-2.08	
530.477	-6.38	
530.677	-5.77	
530.878	-14.98	
531.078	2.22	
531.278	-7	
531.478	-16.21	
531.679	-10.89	
531.879	-4.95	
532.079	-8.23	
532.28	-13.96	
532.48	-30.96	
532.68	-29.12	
532.88	-15.39	
533.08	-16.21	
533.28	-12.53	
533.481	12.46	
533.681	5.9	
533.881	2.42	
534.081	-3.93	
534.281	16.76	
534.481	14.1	
534.681	25.16	
534.881	27.82	
535.081	33.14	
535.281	19.22	
535.481	27.82	
535.682	16.96	
535.882	13.07	
536.082	4.47	
536.281	4.88	
536.481	4.06	
536.681	17.37	
536.881	9.59	
537.081	10.41	
537.281	6.93	
537.481	-9.25	
537.681	-26.66	
537.881	-35.05	
538.081	-14.98	
538.281	-11.91	
538.48	-15.39	
538.68	-8.02	
538.88	3.04	
539.08	-10.07	
539.28	-19.69	
539.479	4.27	
539.679	4.88	
539.879	10.41	
540.079	8.36	
540.278	11.43	
540.478	-14.57	
540.678	-19.69	
540.877	-23.38	
541.077	-24.2	
541.277	-11.71	
541.476	13.89	
541.676	33.35	
541.876	47.48	
542.075	55.47	
542.275	35.6	
542.474	13.69	
542.674	3.45	
542.874	-16.42	
543.073	-24.61	
543.273	-11.09	
543.472	4.68	
543.672	3.24	
543.871	-1.88	
544.071	-2.7	
544.27	25.98	
544.47	3.45	
544.669	6.11	
544.868	15.53	
545.068	10.62	
545.267	-14.17	
545.467	19.63	
545.666	6.52	
545.865	1.19	
546.065	4.88	
546.264	-5.56	
546.463	-31.57	
546.663	-15.19	
546.862	-5.36	
547.061	-14.57	
547.261	-10.68	
547.46	5.7	
547.659	-5.15	
547.858	9.18	
548.058	20.45	
548.257	29.46	
548.456	14.71	
548.655	27.61	
548.854	17.99	
549.053	26.79	
549.253	23.52	
549.452	25.77	
549.651	21.88	
549.85	21.88	
550.049	13.07	
550.248	15.74	
550.447	23.11	
550.646	20.45	
550.845	26.79	
551.044	33.55	
551.243	26.18	
551.442	22.29	
551.641	17.37	
551.84	13.07	
552.039	5.5	
552.238	12.87	
552.437	9.18	
552.636	16.35	
552.835	10	
553.034	13.07	
553.233	0.58	
553.432	1.81	
553.63	8.57	
553.829	8.16	
554.028	-4.33	
554.227	-11.71	
554.426	1.6	
554.625	2.63	
554.823	2.42	
555.022	8.77	
555.221	37.24	
555.42	25.77	
555.618	13.28	
555.817	12.05	
556.016	6.52	
556.214	7.34	
556.413	11.43	
556.612	21.06	
556.81	26.79	
557.009	31.3	
557.208	10.41	
557.406	10.41	
557.605	3.65	
557.803	3.24	
558.002	17.78	
558.201	19.22	
558.399	15.74	
558.598	-4.33	
558.796	-15.39	
558.995	-15.6	
559.193	-4.54	
559.392	-8.02	
559.59	-1.67	
559.789	1.19	
559.987	3.24	
560.185	10.82	
560.384	17.58	
560.582	42.56	
560.781	66.52	
560.979	62.84	
561.177	40.72	
561.376	34.78	
561.574	34.37	
561.772	-0.24	
561.971	14.71	
562.169	24.13	
562.367	14.51	
562.566	-4.54	
562.764	-10.48	
562.962	-43.45	
563.16	-54.71	
563.358	-28.09	
563.557	-36.08	
563.755	-20.31	
563.953	-5.15	
564.151	-3.31	
564.349	-3.72	
564.547	14.71	
564.746	7.13	
564.944	1.19	
565.142	-1.47	
565.34	-8.64	
565.538	-26.25	
565.736	-20.92	
565.934	-29.32	
566.132	-25.84	
566.33	-29.93	
566.528	-19.49	
566.726	-27.68	
566.924	-13.76	
567.122	-15.8	
567.32	-34.24	
567.518	-30.14	
567.716	-17.03	
567.914	-14.17	
568.112	-12.53	
568.31	0.38	
568.507	6.11	
568.705	-6.38	
568.903	-11.3	
569.101	8.36	
569.299	18.4	
569.497	16.35	
569.694	22.29	
569.892	23.72	
570.09	22.29	
570.288	11.84	
570.486	3.65	
570.683	18.6	
570.881	1.4	
571.079	-27.07	
571.276	-26.25	
571.474	-22.15	
571.672	-27.68	
571.869	-18.26	
572.067	-4.95	
572.265	0.99	
572.462	10.41	
572.66	0.79	
572.857	10.41	
573.055	19.83	
573.253	17.78	
573.45	2.83	
573.648	12.46	
573.845	-6.38	
574.043	-8.23	
574.24	-14.78	
574.438	-13.76	
574.635	-18.88	
574.832	-14.37	
575.03	-17.24	
575.227	-2.9	
575.425	-5.36	
575.622	-11.71	
575.82	-1.26	
576.017	-8.43	
576.214	-17.85	
576.412	-11.3	
576.609	-14.78	
576.806	-27.48	
577.004	-7.61	
577.201	-12.73	
577.398	-11.91	
577.595	23.52	
577.793	38.47	
577.99	34.99	
578.187	28.23	
578.384	25.98	
578.582	4.47	
578.779	2.83	
578.976	-3.52	
579.173	13.89	
579.37	6.11	
579.567	14.71	
579.764	17.78	
579.962	13.89	
580.159	12.05	
580.356	18.4	
580.553	1.6	
580.75	-3.52	
580.947	-14.78	
581.144	-9.86	
581.341	-7.41	
581.538	-1.67	
581.735	-9.25	
581.932	7.95	
582.129	-8.84	
582.326	-18.88	
582.523	-23.59	
582.72	-10.48	
582.916	-13.96	
583.113	-9.25	
583.31	-9.05	
583.507	-8.43	
583.704	-9.66	
583.901	0.17	
584.098	-4.54	
584.294	21.26	
584.491	13.89	
584.688	7.54	
584.885	-1.26	
585.082	30.69	
585.278	16.55	
585.475	30.28	
585.672	22.29	
585.868	28.02	
586.065	-4.54	
586.262	-7.82	
586.458	-6.18	
586.655	12.87	
586.852	-11.71	
587.048	-2.7	
587.245	-5.77	
587.442	0.99	
587.638	4.27	
587.835	21.26	
588.031	25.16	
588.228	26.59	
588.424	14.3	
588.621	3.24	
588.817	-1.47	
589.014	10.62	
589.21	12.46	
589.407	2.01	
589.603	-8.64	
589.8	-11.09	
589.996	-27.48	
590.192	-20.1	
590.389	-2.49	
590.585	5.7	
590.782	10.21	
590.978	27.82	
591.174	15.74	
591.371	8.77	
591.567	12.05	
591.763	14.3	
591.959	-0.65	
592.156	7.54	
592.352	5.9	
592.548	2.83	
592.744	-1.26	
592.941	0.17	
593.137	-15.8	
593.333	-16.62	
593.529	6.31	
593.725	10.41	
593.922	-4.95	
594.118	20.65	
594.314	16.35	
594.51	-3.11	
594.706	-21.95	
594.902	-14.57	
595.098	-24.61	
595.294	-21.74	
595.49	-33.83	
595.686	-11.3	
595.882	-20.31	
596.078	-10.48	
596.274	-8.64	
596.47	-1.67	
596.666	-4.33	
596.862	-3.31	
597.058	-22.15	
597.254	-3.93	
597.45	-14.37	
597.646	-8.84	
597.842	-5.97	
598.037	13.07	
598.233	-4.33	
598.429	5.9	
598.625	-5.15	
598.821	7.95	
599.017	-11.71	
599.212	-5.97	
599.408	2.83	
599.604	-2.7	
599.8	-9.05	
599.995	-3.72	
600.191	-9.25	
600.387	-14.57	
600.582	-5.77	
600.778	-3.93	
600.974	-6.38	
601.169	-10.68	
601.365	-3.31	
601.561	-16.83	
601.756	-19.08	
601.952	-10.89	
602.147	-12.32	
602.343	-24.81	
602.538	0.58	
602.734	-8.64	
602.93	-12.32	
603.125	-7.61	
603.321	-4.13	
603.516	-18.06	
603.711	-14.98	
603.907	-24.4	
604.102	-27.27	
604.298	-9.66	
604.493	-7.41	
604.689	15.74	
604.884	12.66	
605.079	14.3	
605.275	-7	
605.47	-11.5	
605.665	-27.68	
605.861	-10.27	
606.056	-3.52	
606.251	-1.06	
606.447	-1.06	
606.642	-3.93	
606.837	-14.98	
607.032	-13.14	
607.227	-10.89	
607.423	-9.45	
607.618	-7.2	
607.813	7.13	
608.008	-13.96	
608.203	-7	
608.398	3.86	
608.594	0.79	
608.789	-19.08	
608.984	11.84	
609.179	14.71	
609.374	0.79	
609.569	4.88	
609.764	10.41	
609.959	-0.65	
610.154	-11.71	
610.349	-5.97	
610.544	-17.24	
610.739	-8.64	
610.934	0.38	
611.129	2.83	
611.324	7.34	
611.519	17.17	
611.714	10	
611.909	-7.2	
612.103	3.86	
612.298	1.6	
612.493	13.48	
612.688	16.96	
612.883	25.77	
613.078	11.02	
613.272	33.35	
613.467	33.14	
613.662	42.56	
613.857	53.62	
614.051	78.81	
614.246	52.39	
614.441	43.38	
614.635	23.52	
614.83	11.02	
615.025	-23.79	
615.219	-23.79	
615.414	-39.15	
615.609	-29.93	
615.803	-33.42	
615.998	-21.74	
616.192	-26.25	
616.387	-10.07	
616.582	1.4	
616.776	10.21	
616.971	11.02	
617.165	10.62	
617.36	3.86	
617.554	0.58	
617.749	9.59	
617.943	1.6	
618.138	22.9	
618.332	25.16	
618.526	15.74	
618.721	-3.93	
618.915	11.64	
619.11	3.24	
619.304	0.38	
619.498	7.13	
619.693	32.32	
619.887	17.37	
620.081	2.01	
620.275	4.68	
620.47	-4.13	
620.664	-35.87	
620.858	-40.58	
621.052	-26.66	
621.247	-19.69	
621.441	-13.55	
621.635	-6.59	
621.829	15.12	
622.023	6.52	
622.218	16.76	
622.412	11.84	
622.606	12.25	
622.8	0.79	
622.994	1.19	
623.188	-14.37	
623.382	-9.45	
623.576	-14.98	
623.77	-18.88	
623.964	-16.42	
624.158	-15.6	
624.352	-25.63	
624.546	-13.14	
624.74	-7.82	
624.934	-15.19	
625.128	-9.66	
625.322	0.79	
625.516	0.58	
625.71	-0.03	
625.904	-0.03	
626.098	4.88	
626.291	15.12	
626.485	11.02	
626.679	5.29	
626.873	30.89	
627.067	8.16	
627.26	3.24	
627.454	9.39	
627.648	17.99	
627.842	-1.06	
628.035	6.31	
628.229	-8.43	
628.423	-22.15	
628.617	-33.01	
628.81	-42.63	
629.004	-47.96	
629.198	-43.45	
629.391	-32.19	
629.585	-13.76	
629.778	-4.13	
629.972	7.95	
630.166	16.14	
630.359	11.23	
630.553	5.9	
630.746	9.39	
630.94	19.22	
631.133	9.18	
631.327	7.54	
631.52	8.16	
631.714	1.19	
631.907	-17.24	
632.1	5.09	
632.294	18.19	
632.487	13.07	
632.681	6.52	
632.874	15.94	
633.067	17.17	
633.261	0.58	
633.454	-2.08	
633.647	10	
633.841	-0.24	
634.034	-16.21	
634.227	-7.41	
634.421	-4.54	
634.614	-16.62	
634.807	-14.98	
635	-17.03	
635.193	-12.94	
635.387	-9.86	
635.58	-9.66	
635.773	13.48	
635.966	26.38	
636.159	18.19	
636.352	5.29	
636.545	21.88	
636.739	-3.31	
636.932	-10.48	
637.125	-20.1	
637.318	-13.55	
637.511	-5.36	
637.704	-5.56	
637.897	-3.31	
638.09	5.09	
638.283	16.76	
638.476	10.82	
638.669	24.54	
638.862	19.42	
639.055	13.69	
639.247	10	
639.44	-6.38	
639.633	-0.24	
639.826	2.01	
640.019	16.14	
640.212	1.19	
640.405	16.55	
640.597	-3.31	
640.79	-6.59	
640.983	-15.6	
641.176	-9.86	
641.368	-12.12	
641.561	3.45	
641.754	2.83	
641.947	8.36	
642.139	25.98	
642.332	12.05	
642.525	4.88	
642.717	13.28	
642.91	-5.56	
643.103	-13.14	
643.295	-8.64	
643.488	-9.86	
643.68	-22.97	
643.873	-2.7	
644.065	-8.23	
644.258	-8.43	
644.45	-17.24	
644.643	-8.43	
644.835	-11.91	
645.028	-26.66	
645.22	-27.48	
645.413	-18.26	
645.605	-20.92	
645.798	-29.32	
645.99	-0.24	
646.182	4.47	
646.375	8.16	
646.567	3.04	
646.76	1.6	
646.952	-12.73	
647.144	-19.29	
647.337	-17.65	
647.529	-13.96	
647.721	10	
647.913	9.59	
648.106	15.74	
648.298	-1.06	
648.49	-9.25	
648.682	-36.28	
648.874	-32.8	
649.067	-30.55	
649.259	-18.26	
649.451	-10.68	
649.643	-12.73	
649.835	-3.31	
650.027	2.83	
650.219	-2.29	
650.411	-0.85	
650.603	17.17	
650.796	14.1	
650.988	5.9	
651.18	18.6	
651.372	32.53	
651.564	25.98	
651.756	4.88	
651.948	22.7	
652.139	19.83	
652.331	-4.33	
652.523	-2.49	
652.715	-0.03	
652.907	-25.63	
653.099	-30.96	
653.291	-27.27	
653.483	-31.98	
653.674	-14.57	
653.866	-13.76	
654.058	-14.78	
654.25	-10.27	
654.442	-8.64	
654.633	-24	
654.825	-13.14	
655.017	-18.47	
655.209	-13.76	
655.4	-3.11	
655.592	-16.01	
655.784	-15.19	
655.975	-11.71	
656.167	-19.49	
656.359	-29.12	
656.55	-4.13	
656.742	-8.02	
656.933	-6.59	
657.125	-4.13	
657.316	3.24	
657.508	-9.86	
657.7	-3.93	
657.891	-13.55	
658.083	-8.64	
658.274	-1.26	
658.466	13.07	
658.657	4.27	
658.848	3.86	
659.04	-4.95	
659.231	-30.14	
659.423	-45.09	
659.614	-42.63	
659.805	-20.1	
659.997	0.79	
660.188	18.19	
660.379	29.87	
660.571	29.05	
660.762	17.58	
660.953	2.22	
661.145	-3.72	
661.336	-3.72	
661.527	74.31	
661.718	73.08	
661.909	74.1	
662.101	69.8	
662.292	62.22	
662.483	-28.71	
662.674	-35.05	
662.865	-33.42	
663.056	-35.26	
663.247	-43.04	
663.439	-28.3	
663.63	-30.34	
663.821	-35.67	
664.012	-26.86	
664.203	-3.52	
664.394	-0.24	
664.585	17.58	
664.776	8.57	
664.967	8.77	
665.158	-1.67	
665.349	5.29	
665.54	-13.55	
665.73	11.84	
665.921	-3.11	
666.112	-7.82	
666.303	-5.15	
666.494	32.94	
666.685	23.52	
666.876	50.76	
667.066	57.51	
667.257	49.53	
667.448	8.16	
667.639	4.06	
667.83	-21.95	
668.02	-26.45	
668.211	-34.44	
668.402	-20.31	
668.592	-31.98	
668.783	-33.83	
668.974	-47.14	
669.164	-39.15	
669.355	-33.01	
669.546	-15.19	
669.736	10.21	
669.927	19.42	
670.117	-0.44	
670.308	-8.84	
670.499	-20.1	
670.689	-33.01	
670.88	-38.13	
671.07	-21.95	
671.261	-28.09	
671.451	-16.42	
671.641	-39.15	
671.832	-30.96	
672.022	-38.95	
672.213	-33.62	
672.403	-45.91	
672.594	-17.24	
672.784	-24.4	
672.974	-20.72	
673.165	-35.67	
673.355	-37.92	
673.545	-22.97	
673.736	-0.85	
673.926	-7.82	
674.116	15.74	
674.306	11.02	
674.497	-10.68	
674.687	-34.24	
674.877	-29.93	
675.067	-34.24	
675.257	-19.08	
675.448	-26.25	
675.638	-12.12	
675.828	-23.59	
676.018	-22.15	
676.208	-40.38	
676.398	-21.33	
676.588	-28.3	
676.778	-19.69	
676.968	-25.84	
677.158	-9.86	
677.348	-33.21	
677.538	-36.08	
677.728	-25.63	
677.918	-29.73	
678.108	-43.04	
678.298	-28.5	
678.488	-22.56	
678.678	-11.09	
678.868	-8.84	
679.058	7.75	
679.248	13.48	
679.438	5.9	
679.627	-11.5	
679.817	-6.79	
680.007	-14.17	
680.197	-18.88	
680.387	-6.79	
680.576	8.16	
680.766	5.29	
680.956	-1.06	
681.146	8.98	
681.335	5.5	
681.525	-11.71	
681.715	-7.82	
681.904	1.19	
682.094	-11.3	
682.284	-11.3	
682.473	-5.97	
682.663	-5.97	
682.852	-17.03	
683.042	-7.82	
683.231	-14.37	
683.421	-13.55	
683.61	-21.13	
683.8	-17.03	
683.989	-17.03	
684.179	-11.5	
684.368	-19.08	
684.558	-15.6	
684.747	-24.4	
684.937	-37.1	
685.126	-45.5	
685.316	-48.16	
685.505	-51.64	
685.694	-32.6	
685.884	-4.13	
686.073	4.06	
686.262	1.4	
686.452	10.82	
686.641	17.58	
686.83	-5.77	
687.019	-10.48	
687.209	-5.56	
687.398	-14.78	
687.587	-44.68	
687.776	-49.39	
687.965	-63.52	
688.155	-67.41	
688.344	-60.04	
688.533	-36.69	
688.722	-47.75	
688.911	-13.55	
689.1	5.5	
689.289	15.74	
689.478	13.28	
689.667	24.34	
689.856	5.09	
690.045	-13.35	
690.234	-34.64	
690.423	-30.75	
690.612	-34.64	
690.801	-16.01	
690.99	-21.74	
691.179	2.63	
691.368	-3.52	
691.557	14.92	
691.746	-3.72	
691.935	16.35	
692.124	-6.59	
692.312	0.38	
692.501	-16.42	
692.69	-18.47	
692.879	-35.67	
693.068	-29.93	
693.256	-43.25	
693.445	-28.71	
693.634	-34.24	
693.823	-18.47	
694.011	-13.76	
694.2	1.81	
694.389	-13.76	
694.577	-6.18	
694.766	-14.17	
694.955	-30.55	
695.143	-43.04	
695.332	-38.33	
695.52	-43.04	
695.709	-37.72	
695.897	-37.1	
696.086	-40.79	
696.275	-43.25	
696.463	-21.54	
696.652	-27.89	
696.84	-16.62	
697.028	-13.35	
697.217	-17.85	
697.405	-11.91	
697.594	-2.9	
697.782	4.68	
697.971	16.76	
698.159	30.28	
698.347	21.26	
698.536	18.6	
698.724	26.79	
698.912	20.65	
699.1	20.86	
699.289	16.76	
699.477	20.45	
699.665	5.5	
699.854	-6.18	
700.042	-12.73	
700.23	-14.17	
700.418	-24.4	
700.606	-16.01	
700.794	1.4	
700.983	-7.82	
701.171	-18.67	
701.359	-8.43	
701.547	-4.74	
701.735	-3.72	
701.923	-6.59	
702.111	-9.45	
702.299	-30.34	
702.487	-34.44	
702.675	-45.09	
702.863	-39.36	
703.051	-29.73	
703.239	2.63	
703.427	-6.59	
703.615	-8.84	
703.803	-10.27	
703.991	-8.64	
704.179	-20.51	
704.367	-6.79	
704.554	-2.9	
704.742	7.34	
704.93	28.43	
705.118	24.34	
705.306	4.88	
705.493	0.79	
705.681	-11.3	
705.869	-21.74	
706.057	-21.33	
706.244	-13.35	
706.432	-15.39	
706.62	-0.85	
706.807	-26.04	
706.995	-14.37	
707.183	-28.3	
707.37	-14.78	
707.558	-21.33	
707.746	7.75	
707.933	3.24	
708.121	33.35	
708.308	26.18	
708.496	21.47	
708.683	4.27	
708.871	24.75	
709.058	3.24	
709.246	-7.61	
709.433	-6.38	
709.621	-0.44	
709.808	-32.19	
709.995	-13.76	
710.183	4.06	
710.37	15.12	
710.558	10.21	
710.745	11.43	
710.932	-11.71	
711.12	-16.83	
711.307	-34.85	
711.494	-24.81	
711.681	-17.85	
711.869	-17.03	
712.056	-15.39	
712.243	-0.65	
712.43	-26.45	
712.618	-16.62	
712.805	-20.72	
712.992	-15.19	
713.179	-25.84	
713.366	-17.44	
713.553	-22.15	
713.74	-13.96	
713.928	-31.16	
714.115	-20.92	
714.302	-25.22	
714.489	-28.91	
714.676	-28.5	
714.863	-19.49	
715.05	-17.24	
715.237	-21.95	
715.424	-42.22	
715.611	-28.09	
715.798	-28.09	
715.984	-31.16	
716.171	-16.01	
716.358	5.7	
716.545	-5.56	
716.732	-5.36	
716.919	-21.33	
717.106	-28.91	
717.293	-25.84	
717.479	-23.59	
717.666	-28.91	
717.853	-17.85	
718.04	-3.72	
718.226	-7.2	
718.413	-18.06	
718.6	-24.4	
718.786	-21.33	
718.973	-19.29	
719.16	-29.93	
719.346	-18.47	
719.533	-14.57	
719.72	-5.56	
719.906	-25.63	
720.093	0.38	
720.279	-8.43	
720.466	-6.79	
720.652	-18.67	
720.839	-4.54	
721.025	-14.17	
721.212	0.17	
721.398	-2.49	
721.585	12.66	
721.771	-0.24	
721.958	-20.31	
722.144	-15.39	
722.331	-23.18	
722.517	-48.16	
722.703	-39.97	
722.89	-37.92	
723.076	-50	
723.262	-26.86	
723.449	-10.68	
723.635	-14.17	
723.821	-1.88	
724.007	-13.35	
724.194	-28.09	
724.38	-30.55	
724.566	-27.27	
724.752	-42.43	
724.938	-20.1	
725.125	-11.71	
725.311	-6.18	
725.497	-3.93	
725.683	-2.9	
725.869	-16.83	
726.055	-13.55	
726.241	-18.47	
726.427	-23.79	
726.613	-28.09	
726.799	-18.26	
726.985	-30.34	
727.171	-26.45	
727.357	-19.29	
727.543	9.39	
727.729	-4.54	
727.915	5.09	
728.101	-3.11	
728.287	-2.49	
728.473	-23.59	
728.659	-20.92	
728.845	-29.32	
729.03	-34.24	
729.216	-39.56	
729.402	-37.92	
729.588	-33.83	
729.774	-21.95	
729.959	-16.83	
730.145	3.04	
730.331	23.31	
730.517	24.95	
730.702	24.75	
730.888	21.26	
731.074	-11.71	
731.259	-15.19	
731.445	-13.76	
731.63	-18.47	
731.816	-26.04	
732.002	3.86	
732.187	7.13	
732.373	6.11	
732.558	10	
732.744	31.71	
732.929	21.67	
733.115	6.52	
733.3	-10.07	
733.486	-23.18	
733.671	-35.46	
733.857	-42.43	
734.042	-47.96	
734.227	-29.12	
734.413	-13.14	
734.598	-4.95	
734.784	-6.38	
734.969	-14.17	
735.154	-18.47	
735.339	-34.24	
735.525	-26.86	
735.71	-8.43	
735.895	-0.44	
736.081	-9.45	
736.266	-1.88	
736.451	-25.22	
736.636	-31.78	
736.821	-29.73	
737.007	-28.71	
737.192	-26.25	
737.377	-19.08	
737.562	-30.34	
737.747	-17.65	
737.932	-2.49	
738.117	-14.17	
738.302	11.84	
738.487	14.1	
738.672	5.29	
738.857	9.39	
739.042	23.52	
739.227	13.69	
739.412	6.72	
739.597	-17.24	
739.782	-24.81	
739.967	-34.64	
740.152	-42.02	
740.337	-36.69	
740.522	-9.66	
740.706	-10.27	
740.891	14.3	
741.076	17.78	
741.261	23.93	
741.446	25.57	
741.63	24.54	
741.815	16.55	
742	3.04	
742.185	11.02	
742.369	-9.66	
742.554	-11.91	
742.739	-24	
742.923	-13.55	
743.108	-15.8	
743.293	2.63	
743.477	2.01	
743.662	7.75	
743.846	8.77	
744.031	11.64	
744.216	16.55	
744.4	33.35	
744.585	27.2	
744.769	21.88	
744.954	18.6	
745.138	-9.86	
745.322	-19.29	
745.507	-24.2	
745.691	-27.07	
745.876	-41.4	
746.06	-8.43	
746.244	-5.77	
746.429	10.41	
746.613	15.74	
746.798	31.71	
746.982	-3.11	
747.166	-4.33	
747.35	-26.04	
747.535	-16.62	
747.719	-22.97	
747.903	7.75	
748.087	-7.82	
748.272	1.81	
748.456	-15.39	
748.64	-15.39	
748.824	-23.18	
749.008	-20.92	
749.192	-27.68	
749.376	-21.74	
749.56	-25.84	
749.745	-45.5	
749.929	-37.1	
750.113	-32.39	
750.297	-43.45	
750.481	-22.77	
750.665	-2.29	
750.849	-7	
751.033	0.17	
751.217	-1.67	
751.4	-19.29	
751.584	-25.84	
751.768	-22.56	
751.952	-27.27	
752.136	-29.52	
752.32	-44.07	
752.504	-31.78	
752.688	-25.22	
752.871	-34.44	
753.055	-22.36	
753.239	-7.2	
753.423	-2.49	
753.606	-16.21	
753.79	0.58	
753.974	-8.02	
754.157	-16.01	
754.341	-28.71	
754.525	-18.26	
754.708	-20.1	
754.892	-4.13	
755.076	11.02	
755.259	17.58	
755.443	-6.59	
755.626	-3.11	
755.81	-0.03	
755.993	-14.78	
756.177	-25.84	
756.36	-1.67	
756.544	-10.27	
756.727	-15.39	
756.911	-0.85	
757.094	4.27	
757.278	-4.54	
757.461	-12.32	
757.644	-17.85	
757.828	-27.48	
758.011	-17.24	
758.195	-7.82	
758.378	-9.25	
758.561	3.24	
758.744	-4.54	
758.928	-11.91	
759.111	-11.09	
759.294	8.16	
759.477	2.83	
759.661	3.45	
759.844	13.89	
760.027	11.02	
760.21	2.83	
760.393	2.63	
760.576	15.12	
760.76	0.38	
760.943	-17.24	
761.126	-11.91	
761.309	-4.54	
761.492	4.27	
761.675	3.65	
761.858	19.01	
762.041	5.7	
762.224	-13.14	
762.407	-32.19	
762.59	-32.6	
762.773	-42.84	
762.956	-38.74	
763.139	-31.37	
763.321	-11.91	
763.504	-25.84	
763.687	-14.37	
763.87	-13.14	
764.053	-1.26	
764.236	-13.76	
764.418	8.98	
764.601	8.57	
764.784	11.23	
764.967	9.59	
765.149	-2.49	
765.332	-8.43	
765.515	0.79	
765.697	-6.18	
765.88	-13.76	
766.063	2.83	
766.245	-0.24	
766.428	-22.56	
766.611	-17.65	
766.793	-20.51	
766.976	-13.96	
767.158	-26.04	
767.341	-2.9	
767.523	-6.38	
767.706	7.75	
767.888	-0.85	
768.071	31.3	
768.253	19.22	
768.436	20.45	
768.618	10.82	
768.8	31.09	
768.983	21.06	
769.165	24.34	
769.348	21.88	
769.53	18.6	
769.712	-12.94	
769.895	-29.12	
770.077	-24.4	
770.259	-23.79	
770.441	-29.93	
770.624	-20.92	
770.806	-3.11	
770.988	-12.53	
771.17	-3.93	
771.352	11.02	
771.535	25.77	
771.717	13.07	
771.899	2.01	
772.081	8.36	
772.263	-13.55	
772.445	-37.1	
772.627	-49.19	
772.809	-41.61	
772.991	-50.21	
773.173	-37.72	
773.355	-34.03	
773.537	-17.44	
773.719	-14.57	
773.901	0.38	
774.083	-1.06	
774.265	-0.65	
774.447	-9.25	
774.629	-1.88	
774.811	-9.66	
774.992	-5.56	
775.174	-14.57	
775.356	5.09	
775.538	-2.9	
775.72	-16.21	
775.901	-11.3	
776.083	-9.05	
776.265	-23.79	
776.447	-24.61	
776.628	-20.51	
776.81	-34.85	
776.992	-8.43	
777.173	-5.77	
777.355	-13.35	
777.537	3.24	
777.718	1.19	
777.9	-5.77	
778.081	-4.95	
778.263	11.43	
778.444	-4.33	
778.626	1.6	
778.807	-22.15	
778.989	-30.14	
779.17	-42.22	
779.352	-57.58	
779.533	-65.36	
779.715	-57.58	
779.896	-65.36	
780.078	-56.15	
780.259	-35.87	
780.44	-26.66	
780.622	-27.48	
780.803	3.65	
780.984	1.4	
781.166	-8.02	
781.347	-12.53	
781.528	-14.37	
781.709	-44.48	
781.891	-28.3	
782.072	-25.02	
782.253	-22.77	
782.434	-26.45	
782.615	-15.8	
782.796	-34.24	
782.978	-24.61	
783.159	-30.96	
783.34	-8.23	
783.521	-13.76	
783.702	2.63	
783.883	-5.36	
784.064	15.33	
784.245	-6.18	
784.426	10.62	
784.607	-5.77	
784.788	-8.64	
784.969	-32.6	
785.15	-19.49	
785.331	-38.95	
785.512	-28.09	
785.692	-17.65	
785.873	-2.7	
786.054	-2.9	
786.235	-0.24	
786.416	-5.97	
786.597	-16.01	
786.777	-23.18	
786.958	-28.71	
787.139	-18.67	
787.32	-16.42	
787.5	3.24	
787.681	3.65	
787.862	10.41	
788.042	5.09	
788.223	3.65	
788.404	-26.66	
788.584	-19.29	
788.765	-25.63	
788.946	-34.24	
789.126	-42.02	
789.307	-18.67	
789.487	-12.12	
789.668	-17.44	
789.848	-15.6	
790.029	-25.43	
790.209	-50	
790.39	-69.87	
790.57	-63.52	
790.75	-53.49	
790.931	-28.71	
791.111	-11.91	
791.292	7.34	
791.472	8.98	
791.652	14.71	
791.833	-7.82	
792.013	-2.49	
792.193	-9.25	
792.373	-0.24	
792.554	-15.39	
792.734	-8.43	
792.914	-26.66	
793.094	-22.36	
793.275	-26.45	
793.455	-17.85	
793.635	-5.36	
793.815	5.29	
793.995	-4.13	
794.175	-2.29	
794.355	9.18	
794.535	13.48	
794.715	5.09	
794.896	13.07	
795.076	-11.09	
795.256	-0.85	
795.436	-28.5	
795.616	-15.19	
795.795	-23.18	
795.975	-2.29	
796.155	-18.67	
796.335	-10.07	
796.515	-11.3	
796.695	1.19	
796.875	4.68	
797.055	3.65	
797.234	9.59	
797.414	15.53	
797.594	7.54	
797.774	2.22	
797.954	-0.03	
798.133	6.72	
798.313	-5.56	
798.493	-9.25	
798.672	-13.96	
798.852	-12.73	
799.032	-29.32	
799.211	-29.32	
799.391	-31.78	
799.571	-35.46	
799.75	-42.63	
799.93	-22.56	
800.109	-19.08	
800.289	-12.53	
800.468	0.17	
800.648	12.66	
800.827	3.86	
801.007	-0.44	
801.186	-15.8	
801.366	-23.59	
801.545	-47.14	
801.725	-29.93	
801.904	-36.69	
802.083	-15.19	
802.263	-19.49	
802.442	10.62	
802.621	-18.47	
802.801	11.84	
802.98	10.62	
803.159	14.51	
803.338	-2.29	
803.518	18.81	
803.697	-5.15	
803.876	1.4	
804.055	4.47	
804.235	10.21	
804.414	-4.13	
804.593	3.65	
804.772	-1.47	
804.951	-1.88	
805.13	-6.38	
805.309	13.69	
805.488	-1.06	
805.667	-8.84	
805.846	-5.36	
806.025	3.24	
806.204	9.18	
806.383	12.46	
806.562	11.64	
806.741	11.43	
806.92	14.1	
807.099	-1.88	
807.278	-0.85	
807.457	3.04	
807.636	2.22	
807.814	2.63	
807.993	-1.06	
808.172	16.76	
808.351	25.16	
808.53	27.41	
808.708	12.87	
808.887	16.55	
809.066	14.1	
809.244	1.6	
809.423	-1.67	
809.602	5.09	
809.78	1.81	
809.959	-9.05	
810.138	-8.23	
810.316	-15.6	
810.495	-19.08	
810.673	-19.49	
810.852	-21.74	
811.03	-19.29	
811.209	-13.35	
811.388	-10.68	
811.566	-9.05	
811.744	-5.77	
811.923	2.42	
812.101	1.6	
812.28	24.13	
812.458	29.25	
812.637	21.67	
812.815	12.46	
812.993	25.16	
813.172	15.74	
813.35	-2.29	
813.528	10.62	
813.706	5.09	
813.885	0.38	
814.063	-11.91	
814.241	-2.49	
814.419	0.79	
814.598	12.46	
814.776	12.66	
814.954	6.52	
815.132	5.9	
815.31	3.04	
815.488	-13.76	
815.666	-22.15	
815.844	-35.05	
816.022	-36.9	
816.201	-54.51	
816.379	-35.67	
816.557	-28.3	
816.735	1.6	
816.913	-3.11	
817.09	17.37	
817.268	-0.03	
817.446	-9.86	
817.624	-20.92	
817.802	-1.26	
817.98	-25.63	
818.158	-17.65	
818.336	-25.22	
818.514	-17.85	
818.691	-29.12	
818.869	0.79	
819.047	-1.88	
819.225	2.42	
819.402	-11.5	
819.58	-8.23	
819.758	-22.97	
819.935	-25.02	
820.113	-20.72	
820.291	-20.1	
820.468	-20.72	
820.646	-14.17	
820.824	2.42	
821.001	20.04	
821.179	31.71	
821.356	43.18	
821.534	41.33	
821.711	28.84	
821.889	22.29	
822.066	12.87	
822.244	3.24	
822.421	14.51	
822.599	28.84	
822.776	17.17	
822.953	17.99	
823.131	6.93	
823.308	-8.84	
823.486	-11.09	
823.663	-12.12	
823.84	-0.44	
824.017	-5.97	
824.195	3.65	
824.372	-10.07	
824.549	-6.79	
824.726	-11.71	
824.904	-1.26	
825.081	-1.67	
825.258	2.83	
825.435	5.7	
825.612	13.48	
825.789	3.45	
825.967	6.72	
826.144	11.02	
826.321	12.87	
826.498	-3.93	
826.675	5.5	
826.852	-16.83	
827.029	-22.36	
827.206	-18.47	
827.383	-17.85	
827.56	-13.14	
827.737	-2.29	
827.914	3.04	
828.09	2.63	
828.267	-0.03	
828.444	-11.5	
828.621	-27.48	
828.798	-6.79	
828.975	-13.35	
829.151	-10.68	
829.328	0.79	
829.505	24.34	
829.682	-1.88	
829.858	-12.32	
830.035	2.63	
830.212	4.47	
830.389	-1.47	
830.565	-5.15	
830.742	8.36	
830.918	3.86	
831.095	3.04	
831.272	4.68	
831.448	11.43	
831.625	14.92	
831.801	-8.64	
831.978	-11.91	
832.154	-23.38	
832.331	-21.54	
832.507	-44.88	
832.684	-19.69	
832.86	-12.12	
833.037	18.4	
833.213	-1.26	
833.389	14.1	
833.566	-11.91	
833.742	-22.36	
833.918	-52.26	
834.095	-54.51	
834.271	-54.1	
834.447	-40.99	
834.624	-40.17	
834.8	-35.87	
834.976	-22.97	
835.152	-17.24	
835.328	-11.3	
835.505	-4.33	
835.681	-3.93	
835.857	-10.27	
836.033	-11.71	
836.209	12.05	
836.385	2.01	
836.561	-0.24	
836.737	12.25	
836.913	2.63	
837.089	-24	
837.265	-3.52	
837.441	8.16	
837.617	14.3	
837.793	20.65	
837.969	29.87	
838.145	16.76	
838.321	17.37	
838.497	5.29	
838.673	8.57	
838.849	-5.56	
839.025	1.4	
839.2	-3.72	
839.376	10	
839.552	0.17	
839.728	22.08	
839.903	12.05	
840.079	9.18	
840.255	-8.84	
840.431	23.52	
840.606	-6.18	
840.782	11.64	
840.958	2.01	
841.133	11.23	
841.309	-14.98	
841.484	11.43	
841.66	-11.91	
841.835	-10.89	
842.011	-14.78	
842.186	5.09	
842.362	-9.05	
842.537	18.6	
842.713	21.67	
842.888	19.42	
843.064	-1.88	
843.239	-6.38	
843.415	-25.63	
843.59	-11.09	
843.765	-6.79	
843.941	-10.27	
844.116	3.45	
844.291	10.62	
844.467	5.9	
844.642	4.88	
844.817	19.83	
844.992	11.64	
845.168	-6.18	
845.343	0.99	
845.518	1.19	
845.693	-5.15	
845.868	-13.96	
846.043	2.42	
846.219	-9.86	
846.394	-0.03	
846.569	-1.67	
846.744	10.21	
846.919	-7.61	
847.094	8.57	
847.269	-2.08	
847.444	3.04	
847.619	2.83	
847.794	34.58	
847.969	34.99	
848.144	49.53	
848.319	44.2	
848.494	46.66	
848.668	38.47	
848.843	44.41	
849.018	30.48	
849.193	42.77	
849.368	40.52	
849.542	58.54	
849.717	41.95	
849.892	42.36	
850.067	34.58	
850.241	32.32	
850.416	2.22	
850.591	12.05	
850.765	11.02	
850.94	8.57	
851.115	-12.32	
851.289	-13.76	
851.464	-29.12	
851.639	-20.1	
851.813	-21.13	
851.988	6.11	
852.162	1.6	
852.337	6.31	
852.511	-1.47	
852.686	-6.59	
852.86	-17.03	
853.035	-7.41	
853.209	-7.41	
853.383	1.4	
853.558	2.42	
853.732	11.02	
853.906	-1.47	
854.081	3.04	
854.255	-9.66	
854.429	-2.29	
854.604	-6.59	
854.778	9.39	
854.952	7.13	
855.126	21.67	
855.301	20.65	
855.475	13.28	
855.649	8.36	
855.823	5.7	
855.997	6.31	
856.171	-0.03	
856.345	2.42	
856.52	0.99	
856.694	3.65	
856.868	5.29	
857.042	5.09	
857.216	21.88	
857.39	24.75	
857.564	21.47	
857.738	10.41	
857.912	8.98	
858.085	-2.7	
858.259	-3.93	
858.433	-0.85	
858.607	-8.64	
858.781	1.81	
858.955	-3.72	
859.129	-4.13	
859.302	-6.18	
859.476	-3.31	
859.65	-2.08	
859.824	-9.05	
859.997	-6.18	
860.171	11.43	
860.345	27	
860.519	13.28	
860.692	24.54	
860.866	14.71	
861.039	16.14	
861.213	8.36	
861.387	12.66	
861.56	12.25	
861.734	33.76	
861.907	13.07	
862.081	10.62	
862.254	12.46	
862.428	19.42	
862.601	8.36	
862.775	17.37	
862.948	36.01	
863.122	38.47	
863.295	18.6	
863.468	15.94	
863.642	7.95	
863.815	-5.77	
863.988	-5.97	
864.162	10.62	
864.335	4.27	
864.508	9.18	
864.682	9.59	
864.855	17.37	
865.028	1.81	
865.201	11.43	
865.374	-6.59	
865.548	-5.56	
865.721	-13.55	
865.894	19.83	
866.067	16.96	
866.24	24.34	
866.413	17.17	
866.586	28.84	
866.759	-6.38	
866.932	-16.62	
867.105	-17.85	
867.278	-20.92	
867.451	-36.08	
867.624	1.19	
867.797	16.55	
867.97	25.36	
868.143	29.87	
868.316	39.49	
868.489	2.01	
868.661	5.29	
868.834	3.86	
869.007	13.48	
869.18	2.83	
869.353	11.23	
869.525	0.99	
869.698	-2.9	
869.871	-4.33	
870.044	8.36	
870.216	31.5	
870.389	25.16	
870.562	27	
870.734	28.23	
870.907	12.66	
871.079	-10.07	
871.252	-17.03	
871.425	-4.13	
871.597	-23.79	
871.77	-1.47	
871.942	5.7	
872.115	16.55	
872.287	7.54	
872.459	7.13	
872.632	-11.5	
872.804	-23.18	
872.977	-26.45	
873.149	-22.36	
873.321	-22.56	
873.494	-10.89	
873.666	18.81	
873.838	17.78	
874.011	11.43	
874.183	24.13	
874.355	11.84	
874.528	-4.54	
874.7	4.88	
874.872	17.37	
875.044	32.12	
875.216	49.73	
875.388	53.21	
875.561	48.5	
875.733	28.64	
875.905	8.98	
876.077	-19.29	
876.249	-10.07	
876.421	-14.37	
876.593	-12.32	
876.765	-2.7	
876.937	19.42	
877.109	9.18	
877.281	16.55	
877.453	6.72	
877.625	4.27	
877.797	-8.64	
877.968	-9.86	
878.14	-13.55	
878.312	9.59	
878.484	8.36	
878.656	17.99	
878.828	4.27	
878.999	16.76	
879.171	3.24	
879.343	-10.68	
879.515	-20.31	
879.686	-11.91	
879.858	-17.44	
880.03	-17.85	
880.201	-18.88	
880.373	-17.24	
880.545	-22.77	
880.716	-35.26	
880.888	-5.15	
881.059	7.95	
881.231	8.98	
881.402	36.21	
881.574	51.17	
881.745	37.85	
881.917	50.35	
882.088	65.5	
882.26	32.53	
882.431	33.96	
882.602	9.18	
882.774	1.81	
882.945	-18.47	
883.116	-25.02	
883.288	-41.2	
883.459	-28.71	
883.63	-34.64	
883.802	-39.36	
883.973	-17.65	
884.144	-1.67	
884.315	-9.45	
884.487	-7.2	
884.658	16.14	
884.829	19.01	
885	5.29	
885.171	15.53	
885.342	6.31	
885.513	5.7	
885.684	-6.79	
885.855	5.5	
886.026	-3.72	
886.197	12.25	
886.368	-6.79	
886.539	1.4	
886.71	-7.41	
886.881	9.8	
887.052	-4.95	
887.223	2.01	
887.394	-7.61	
887.565	-7	
887.736	-24.4	
887.907	-15.8	
888.077	-18.88	
888.248	-15.8	
888.419	-9.25	
888.59	2.01	
888.761	19.22	
888.931	22.29	
889.102	28.43	
889.273	13.28	
889.443	6.72	
889.614	-10.48	
889.785	-16.42	
889.955	-19.9	
890.126	-21.33	
890.296	-10.27	
890.467	-22.77	
890.637	3.65	
890.808	11.23	
890.978	28.64	
891.149	20.24	
891.319	40.52	
891.49	27.82	
891.66	21.88	
891.831	9.8	
892.001	21.88	
892.172	6.93	
892.342	9.39	
892.512	10.82	
892.683	27.41	
892.853	-3.93	
893.023	2.42	
893.193	-2.49	
893.364	3.24	
893.534	2.01	
893.704	32.73	
893.874	41.54	
894.044	44	
894.215	39.7	
894.385	33.14	
894.555	23.31	
894.725	30.48	
894.895	12.25	
895.065	6.31	
895.235	0.99	
895.405	8.36	
895.575	-3.72	
895.745	9.39	
895.915	20.31	
