177.618	-148.65	
177.836	-148.65	
178.054	-146.81	
178.271	-119.57	
178.489	-67.96	
178.706	-41.13	
178.924	-17.78	
179.142	16.83	
179.359	28.09	
179.577	-4.68	
179.794	-8.57	
180.012	-12.25	
180.229	-21.47	
180.447	-25.16	
180.664	-14.71	
180.882	-14.92	
181.1	1.06	
181.317	-7.34	
181.535	-6.11	
181.752	-13.89	
181.969	4.74	
182.187	9.66	
182.404	24.2	
182.622	19.69	
182.839	32.8	
183.057	30.34	
183.274	24.4	
183.492	28.5	
183.709	42.63	
183.926	38.33	
184.144	21.33	
184.361	29.12	
184.579	38.33	
184.796	23.38	
185.013	31.98	
185.231	38.54	
185.448	40.58	
185.666	24.81	
185.883	18.67	
186.1	9.05	
186.317	8.23	
186.535	-11.43	
186.752	-14.92	
186.969	-7.13	
187.187	23.38	
187.404	4.74	
187.621	20.31	
187.839	21.33	
188.056	21.33	
188.273	-2.42	
188.49	43.25	
188.708	41.81	
188.925	59.22	
189.142	48.16	
189.359	46.52	
189.576	19.69	
189.794	17.24	
190.011	12.73	
190.228	26.45	
190.445	20.72	
190.662	35.05	
190.879	44.07	
191.097	40.99	
191.314	33.01	
191.531	39.36	
191.748	26.66	
191.965	11.09	
192.182	6.18	
192.399	16.62	
192.616	19.08	
192.834	25.43	
193.051	29.12	
193.268	34.64	
193.485	36.69	
193.702	33.01	
193.919	19.49	
194.136	12.73	
194.353	5.56	
194.57	2.08	
194.787	-6.52	
195.004	16.83	
195.221	23.18	
195.438	31.37	
195.655	16.42	
195.872	40.38	
196.089	24.4	
196.306	21.95	
196.523	17.65	
196.74	38.13	
196.957	10.07	
197.173	15.39	
197.39	19.49	
197.607	24.4	
197.824	20.72	
198.041	35.87	
198.258	33.01	
198.475	37.72	
198.692	30.14	
198.909	18.26	
199.125	2.08	
199.342	19.69	
199.559	27.27	
199.776	34.64	
199.993	54.71	
200.21	70.28	
200.426	43.45	
200.643	33.83	
200.86	31.16	
201.077	23.38	
201.293	16.83	
201.51	25.22	
201.727	6.38	
201.944	-15.74	
202.16	-22.08	
202.377	-19.01	
202.594	-31.5	
202.811	-23.31	
203.027	3.52	
203.244	11.09	
203.461	13.14	
203.677	42.84	
203.894	46.11	
204.111	31.78	
204.327	18.67	
204.544	10.48	
204.761	-8.57	
204.977	-5.29	
205.194	-4.47	
205.41	21.95	
205.627	34.85	
205.844	38.95	
206.06	30.55	
206.277	40.58	
206.493	24.61	
206.71	27.48	
206.926	25.22	
207.143	45.29	
207.36	22.77	
207.576	40.99	
207.793	43.66	
208.009	50	
208.226	51.44	
208.442	52.46	
208.659	31.78	
208.875	12.53	
209.092	2.08	
209.308	-23.31	
209.524	-15.53	
209.741	1.26	
209.957	25.63	
210.174	21.95	
210.39	25.02	
210.607	29.12	
210.823	-3.04	
211.039	-16.35	
211.256	5.15	
211.472	-0.58	
211.688	6.79	
211.905	21.54	
212.121	11.71	
212.338	4.33	
212.554	18.47	
212.77	12.94	
212.987	19.9	
213.203	40.38	
213.419	50.21	
213.635	49.19	
213.852	38.13	
214.068	21.54	
214.284	-0.58	
214.501	1.88	
214.717	3.11	
214.933	21.13	
215.149	22.36	
215.365	25.84	
215.582	4.13	
215.798	4.74	
216.014	1.26	
216.23	18.47	
216.447	13.14	
216.663	11.09	
216.879	7.82	
217.095	12.32	
217.311	-1.6	
217.527	20.1	
217.743	34.24	
217.96	36.9	
218.176	33.62	
218.392	39.15	
218.608	27.48	
218.824	15.39	
219.04	-1.6	
219.256	3.93	
219.472	3.52	
219.688	11.3	
219.904	20.72	
220.12	60.45	
220.336	44.27	
220.552	39.56	
220.768	29.73	
220.984	33.83	
221.2	-0.38	
221.416	10.48	
221.632	-0.17	
221.848	3.93	
222.064	-11.43	
222.28	-10.21	
222.496	-34.78	
222.712	-7.95	
222.928	-7.34	
223.144	7.41	
223.36	14.98	
223.576	36.08	
223.792	29.32	
224.008	35.05	
224.224	32.6	
224.439	44.48	
224.655	45.09	
224.871	50.21	
225.087	38.74	
225.303	27.07	
225.519	6.18	
225.734	17.03	
225.95	19.29	
226.166	26.04	
226.382	24.2	
226.598	40.79	
226.813	32.19	
227.029	25.84	
227.245	18.88	
227.461	38.13	
227.677	43.45	
227.892	55.74	
228.108	50.21	
228.324	63.32	
228.539	50.82	
228.755	44.88	
228.971	35.67	
229.186	40.38	
229.402	31.98	
229.618	27.07	
229.833	17.24	
230.049	10.48	
230.265	-4.47	
230.48	16.83	
230.696	21.74	
230.912	31.78	
231.127	15.8	
231.343	31.78	
231.558	3.93	
231.774	10.07	
231.99	17.65	
232.205	33.42	
232.421	20.31	
232.636	27.07	
232.852	19.49	
233.067	13.55	
233.283	18.88	
233.498	30.55	
233.714	32.6	
233.929	49.19	
234.145	30.34	
234.36	34.03	
234.576	32.8	
234.791	45.91	
235.007	36.08	
235.222	63.52	
235.438	54.1	
235.653	69.26	
235.868	59.63	
236.084	69.05	
236.299	66.8	
236.515	68.03	
236.73	52.26	
236.945	47.14	
237.161	32.39	
237.376	14.78	
237.592	10.27	
237.807	14.98	
238.022	12.94	
238.238	23.79	
238.453	26.86	
238.668	43.04	
238.883	29.93	
239.099	28.3	
239.314	19.69	
239.529	20.92	
239.745	4.54	
239.96	23.38	
240.175	18.67	
240.39	50.82	
240.605	44.07	
240.821	40.38	
241.036	31.57	
241.251	63.73	
241.466	34.64	
241.681	37.72	
241.897	51.44	
242.112	69.26	
242.327	34.03	
242.542	31.98	
242.757	43.04	
242.972	42.22	
243.188	12.73	
243.403	34.85	
243.618	29.73	
243.833	14.98	
244.048	18.67	
244.263	28.09	
244.478	24.2	
244.693	19.49	
244.908	28.09	
245.123	21.13	
245.338	37.31	
245.553	42.63	
245.768	49.8	
245.983	45.09	
246.198	44.27	
246.413	41.2	
246.628	20.72	
246.843	12.53	
247.058	13.76	
247.273	19.69	
247.488	4.74	
247.703	24.2	
247.918	27.07	
248.133	42.43	
248.348	31.78	
248.563	54.92	
248.778	39.15	
248.993	53.08	
249.207	52.26	
249.422	53.49	
249.637	12.53	
249.852	5.97	
250.067	-6.31	
250.282	-19.83	
250.496	-32.32	
250.711	4.95	
250.926	13.55	
251.141	31.16	
251.356	28.71	
251.57	45.09	
251.785	30.75	
252	18.26	
252.215	12.12	
252.43	25.84	
252.644	36.9	
252.859	42.43	
253.074	63.32	
253.288	50	
253.503	43.45	
253.718	41.61	
253.932	61.68	
254.147	59.43	
254.362	70.48	
254.576	69.05	
254.791	50.62	
255.006	32.8	
255.22	35.46	
255.435	33.62	
255.65	27.27	
255.864	42.84	
256.079	33.83	
256.293	35.26	
256.508	24.4	
256.723	52.67	
256.937	42.02	
257.152	35.67	
257.366	23.79	
257.581	23.79	
257.795	13.35	
258.01	32.39	
258.224	47.14	
258.439	45.91	
258.653	51.03	
258.868	43.25	
259.082	26.25	
259.297	5.97	
259.511	5.15	
259.726	6.18	
259.94	-2.01	
260.154	-19.42	
260.369	-13.28	
260.583	1.88	
260.798	-15.33	
261.012	9.05	
261.226	40.79	
261.441	50.41	
261.655	33.83	
261.869	57.38	
262.084	32.39	
262.298	9.86	
262.512	-2.01	
262.727	-5.9	
262.941	-4.06	
263.155	15.8	
263.37	29.93	
263.584	49.19	
263.798	42.22	
264.012	45.5	
264.227	25.63	
264.441	26.25	
264.655	7.41	
264.869	34.44	
265.084	12.12	
265.298	32.19	
265.512	15.39	
265.726	19.49	
265.94	7.82	
266.155	28.71	
266.369	21.33	
266.583	42.63	
266.797	45.29	
267.011	58.2	
267.225	59.43	
267.439	51.44	
267.654	31.16	
267.868	29.12	
268.082	12.12	
268.296	-9.59	
268.51	-7.13	
268.724	9.25	
268.938	-1.6	
269.152	6.38	
269.366	16.62	
269.58	16.01	
269.794	9.05	
270.008	33.83	
270.222	39.36	
270.436	40.99	
270.65	36.28	
270.864	50.21	
271.078	35.05	
271.292	35.05	
271.506	49.19	
271.72	59.22	
271.934	62.09	
272.148	73.76	
272.362	66.18	
272.575	59.22	
272.789	53.08	
273.003	37.1	
273.217	29.73	
273.431	30.96	
273.645	29.93	
273.859	46.32	
274.073	49.8	
274.286	52.67	
274.5	44.48	
274.714	34.24	
274.928	23.18	
275.142	15.8	
275.355	-2.83	
275.569	24.4	
275.783	32.39	
275.997	23.79	
276.21	36.08	
276.424	69.87	
276.638	51.03	
276.852	61.88	
277.065	53.28	
277.279	58.2	
277.493	22.56	
277.706	30.55	
277.92	25.02	
278.134	27.27	
278.347	10.27	
278.561	20.31	
278.775	17.24	
278.988	11.5	
279.202	24	
279.415	38.33	
279.629	42.43	
279.843	46.11	
280.056	62.91	
280.27	73.56	
280.483	50.82	
280.697	58.2	
280.91	65.98	
281.124	66.39	
281.337	54.31	
281.551	87.89	
281.764	74.38	
281.978	68.64	
282.191	42.22	
282.405	56.15	
282.618	30.14	
282.832	27.48	
283.045	11.91	
283.259	29.12	
283.472	3.31	
283.686	19.69	
283.899	15.8	
284.112	11.91	
284.326	4.33	
284.539	27.07	
284.752	28.09	
284.966	42.63	
285.179	54.31	
285.393	57.17	
285.606	43.66	
285.819	49.8	
286.033	32.39	
286.246	51.44	
286.459	45.29	
286.672	52.46	
286.886	32.19	
287.099	52.26	
287.312	26.66	
287.525	36.69	
287.739	28.3	
287.952	40.99	
288.165	35.87	
288.378	28.71	
288.592	27.27	
288.805	17.65	
289.018	18.26	
289.231	9.25	
289.444	17.24	
289.657	0.65	
289.871	1.88	
290.084	-13.69	
290.297	21.95	
290.51	23.79	
290.723	29.52	
290.936	56.97	
291.149	63.93	
291.362	53.9	
291.575	49.59	
291.789	54.1	
292.002	50	
292.215	48.57	
292.428	22.15	
292.641	32.19	
292.854	34.85	
293.067	14.98	
293.28	8.84	
293.493	15.39	
293.706	6.18	
293.919	6.38	
294.132	1.88	
294.345	9.05	
294.558	2.9	
294.77	0.44	
294.983	-13.28	
295.196	10.89	
295.409	21.13	
295.622	45.09	
295.835	58.4	
296.048	73.97	
296.261	74.78	
296.474	69.67	
296.686	60.04	
296.899	63.93	
297.112	56.56	
297.325	45.09	
297.538	46.52	
297.751	52.05	
297.963	62.5	
298.176	64.14	
298.389	62.91	
298.602	69.67	
298.814	111.85	
299.027	88.71	
299.24	82.77	
299.453	98.95	
299.665	80.31	
299.878	28.5	
300.091	35.46	
300.303	43.25	
300.516	30.14	
300.729	45.91	
300.941	49.59	
301.154	24.61	
301.367	12.12	
301.579	19.08	
301.792	17.85	
302.005	19.08	
302.217	28.91	
302.43	40.17	
302.642	22.56	
302.855	7.61	
303.067	-0.58	
303.28	4.33	
303.493	-7.13	
303.705	26.04	
303.918	33.21	
304.13	41.4	
304.343	42.43	
304.555	57.17	
304.768	37.92	
304.98	54.31	
305.193	38.95	
305.405	50.62	
305.617	33.42	
305.83	33.01	
306.042	14.17	
306.255	21.33	
306.467	8.23	
306.68	14.17	
306.892	9.86	
307.104	18.47	
307.317	15.19	
307.529	32.39	
307.741	39.15	
307.954	39.76	
308.166	39.36	
308.378	52.87	
308.591	32.6	
308.803	37.51	
309.015	51.44	
309.228	51.23	
309.44	37.72	
309.652	45.91	
309.864	33.42	
310.077	5.56	
310.289	4.74	
310.501	4.33	
310.713	10.89	
310.926	22.56	
311.138	24.61	
311.35	32.39	
311.562	29.93	
311.774	22.97	
311.986	8.84	
312.199	28.71	
312.411	5.77	
312.623	20.72	
312.835	0.85	
313.047	10.07	
313.259	-6.52	
313.471	1.26	
313.683	1.06	
313.895	20.51	
314.108	15.8	
314.32	29.12	
314.532	29.52	
314.744	32.39	
314.956	53.9	
315.168	60.45	
315.38	41.81	
315.592	51.64	
315.804	31.37	
316.016	39.76	
316.228	41.4	
316.44	68.85	
316.651	76.63	
316.863	88.3	
317.075	65.77	
317.287	57.58	
317.499	35.67	
317.711	28.71	
317.923	44.07	
318.135	36.08	
318.347	50.21	
318.559	78.47	
318.77	79.29	
318.982	65.16	
319.194	55.74	
319.406	34.44	
319.618	3.52	
319.83	-11.43	
320.041	-1.19	
320.253	7.2	
320.465	11.71	
320.677	23.59	
320.888	22.77	
321.1	16.62	
321.312	43.25	
321.524	50.41	
321.735	44.27	
321.947	52.67	
322.159	42.84	
322.37	18.06	
322.582	19.9	
322.794	21.74	
323.005	19.49	
323.217	24.61	
323.429	26.04	
323.64	36.28	
323.852	34.85	
324.063	38.54	
324.275	40.38	
324.487	46.32	
324.698	31.78	
324.91	38.95	
325.121	35.67	
325.333	12.12	
325.544	4.74	
325.756	17.24	
325.967	1.06	
326.179	7.41	
326.39	24.81	
326.602	32.8	
326.813	8.64	
327.025	35.05	
327.236	21.13	
327.448	15.8	
327.659	20.31	
327.871	47.55	
328.082	44.88	
328.293	58.81	
328.505	64.14	
328.716	48.16	
328.928	36.49	
329.139	23.59	
329.35	14.78	
329.562	28.5	
329.773	42.22	
329.984	34.64	
330.196	35.87	
330.407	45.91	
330.618	42.22	
330.83	26.66	
331.041	37.51	
331.252	37.1	
331.463	29.32	
331.675	25.02	
331.886	51.44	
332.097	55.53	
332.308	59.83	
332.52	63.73	
332.731	59.63	
332.942	55.74	
333.153	59.02	
333.364	58.2	
333.575	44.48	
333.787	65.36	
333.998	39.56	
334.209	36.28	
334.42	31.57	
334.631	45.5	
334.842	26.66	
335.053	52.05	
335.264	34.64	
335.475	51.64	
335.686	41.81	
335.898	52.67	
336.109	36.28	
336.32	58.4	
336.531	36.08	
336.742	40.58	
336.953	28.09	
337.164	25.02	
337.375	10.68	
337.586	10.07	
337.797	1.26	
338.007	5.56	
338.218	-4.06	
338.429	-4.68	
338.64	1.47	
338.851	9.05	
339.062	4.74	
339.273	19.29	
339.484	14.17	
339.695	5.15	
339.906	5.97	
340.116	32.19	
340.327	35.87	
340.538	36.28	
340.749	46.73	
340.96	50.82	
341.171	29.12	
341.381	28.91	
341.592	40.58	
341.803	39.97	
342.014	36.08	
342.224	39.36	
342.435	48.37	
342.646	37.1	
342.857	37.72	
343.067	36.69	
343.278	38.33	
343.489	36.69	
343.699	38.95	
343.91	35.67	
344.121	28.91	
344.331	24.2	
344.542	8.43	
344.753	31.16	
344.963	30.34	
345.174	54.1	
345.384	50.82	
345.595	70.89	
345.806	53.9	
346.016	58.81	
346.227	46.93	
346.437	66.39	
346.648	38.13	
346.858	40.38	
347.069	28.3	
347.279	35.26	
347.49	13.35	
347.7	28.09	
347.911	11.3	
348.121	20.92	
348.332	11.91	
348.542	9.25	
348.753	5.77	
348.963	26.66	
349.173	30.14	
349.384	36.9	
349.594	47.34	
349.805	61.06	
350.015	44.68	
350.225	47.55	
350.436	38.95	
350.646	35.67	
350.856	29.73	
351.067	30.96	
351.277	18.88	
351.487	15.6	
351.698	1.67	
351.908	7.2	
352.118	24.2	
352.328	29.93	
352.539	52.05	
352.749	59.22	
352.959	46.52	
353.169	47.14	
353.38	47.96	
353.59	37.51	
353.8	61.47	
354.01	65.36	
354.22	45.7	
354.431	69.46	
354.641	57.99	
354.851	50.62	
355.061	36.08	
355.271	63.32	
355.481	40.99	
355.691	39.36	
355.901	24.61	
356.111	45.7	
356.321	16.42	
356.532	8.02	
356.742	18.26	
356.952	5.56	
357.162	-12.87	
357.372	3.31	
357.582	4.74	
357.792	-15.33	
358.002	-13.07	
358.212	13.55	
358.422	17.03	
358.632	24.81	
358.842	42.02	
359.051	66.18	
359.261	55.33	
359.471	49.19	
359.681	49.8	
359.891	45.09	
360.101	31.37	
360.311	13.96	
360.521	17.44	
360.731	26.86	
360.94	34.44	
361.15	52.87	
361.36	59.02	
361.57	60.04	
361.78	62.09	
361.989	50	
362.199	44.68	
362.409	68.44	
362.619	64.75	
362.828	79.5	
363.038	81.34	
363.248	80.52	
363.458	72.12	
363.667	66.39	
363.877	44.88	
364.087	57.79	
364.296	51.23	
364.506	46.11	
364.716	48.37	
364.925	35.67	
365.135	13.76	
365.345	9.66	
365.554	-1.6	
365.764	27.68	
365.973	30.14	
366.183	54.31	
366.393	68.03	
366.602	76.01	
366.812	42.02	
367.021	47.55	
367.231	35.26	
367.44	17.85	
367.65	23.59	
367.859	33.83	
368.069	28.09	
368.278	33.62	
368.488	44.68	
368.697	41.2	
368.907	31.37	
369.116	71.1	
369.326	59.02	
369.535	66.39	
369.744	76.63	
369.954	96.49	
370.163	68.23	
370.373	82.57	
370.582	72.74	
370.791	60.86	
371.001	60.04	
371.21	58.61	
371.419	57.99	
371.629	63.73	
371.838	67	
372.047	84	
372.256	80.93	
372.466	94.86	
372.675	85.02	
372.884	88.1	
373.093	66.8	
373.303	82.36	
373.512	80.31	
373.721	92.19	
373.93	97.11	
374.139	115.13	
374.349	107.76	
374.558	121.27	
374.767	127.62	
374.976	132.74	
375.185	133.15	
375.394	152.2	
375.603	151.58	
375.813	152.4	
376.022	161	
376.231	160.19	
376.44	155.68	
376.649	161.82	
376.858	181.69	
377.067	184.97	
377.276	210.36	
377.485	240.88	
377.694	245.38	
377.903	253.37	
378.112	283.06	
378.321	306.21	
378.53	314.81	
378.739	348.19	
378.948	367.23	
379.157	387.92	
379.366	397.95	
379.575	426.01	
379.784	430.52	
379.992	454.89	
380.201	501.38	
380.41	533.73	
380.619	553.8	
380.828	595.17	
381.037	641.25	
381.246	634.7	
381.454	649.04	
381.663	703.31	
381.872	743.24	
382.081	779.9	
382.29	836.01	
382.498	889.88	
382.707	934.73	
382.916	977.53	
383.125	1012.35	
383.333	1052.69	
383.542	1100.2	
383.751	1133.79	
383.959	1196.66	
384.168	1235.78	
384.377	1314.63	
384.585	1373.61	
384.794	1426.24	
385.003	1488.5	
385.211	1585.57	
385.42	1641.89	
385.628	1716.85	
385.837	1818.84	
386.046	1920.41	
386.254	2033.87	
386.463	2151.63	
386.671	2290.48	
386.88	2422.99	
387.088	2536.03	
387.297	2649.7	
387.505	2768.89	
387.714	2867.4	
387.922	2967.75	
388.131	3097.79	
388.339	3220.26	
388.548	3322.86	
388.756	3456.39	
388.965	3595.24	
389.173	3709.52	
389.381	3818.88	
389.59	3954.05	
389.798	4080.82	
390.007	4223.56	
390.215	4373.88	
390.423	4533.21	
390.632	4691.93	
390.84	4860.48	
391.048	5003.22	
391.257	5194.91	
391.465	5379.84	
391.673	5590.17	
391.882	5787.8	
392.09	5988.29	
392.298	6189.2	
392.506	6406.29	
392.715	6644.87	
392.923	6902.3	
393.131	7204.38	
393.339	7503.59	
393.547	7832.49	
393.756	8130.47	
393.964	8456.3	
394.172	8766.77	
394.38	9084.41	
394.588	9350.24	
394.796	9667.47	
395.005	9949.89	
395.213	10247.66	
395.421	10540.72	
395.629	10895.43	
395.837	11191.16	
396.045	11544.23	
396.253	11893.41	
396.461	12246.27	
396.669	12574.97	
396.877	13003	
397.085	13372.25	
397.293	13774.06	
397.501	14164.81	
397.709	14610.65	
397.917	14988.91	
398.125	15478.58	
398.333	15913.98	
398.541	16348.97	
398.749	16861.17	
398.957	17358.21	
399.165	17832.11	
399.373	18392.02	
399.581	19016.86	
399.788	19631.86	
399.996	20265.3	
400.204	20966.73	
400.412	21729.39	
400.62	22471.78	
400.828	23298.14	
401.035	24080.67	
401.243	24723.73	
401.451	25381.13	
401.659	26080.1	
401.867	26680.77	
402.074	27425.2	
402.282	28214.08	
402.49	28913.05	
402.697	29578.03	
402.905	30215.56	
403.113	30719.36	
403.321	31186.09	
403.528	31558	
403.736	31783.89	
403.944	31977.63	
404.151	32342.99	
404.359	32538.98	
404.566	32752.99	
404.774	33173.24	
404.982	33371.48	
405.189	33536.55	
405.397	33852.55	
405.604	34068.81	
405.812	34166.5	
406.02	34274.43	
406.227	34372.32	
406.435	34355.12	
406.642	34321.33	
406.85	34397.31	
407.057	34478	
407.265	34450.96	
407.472	34423.11	
407.679	34405.5	
407.887	34150.53	
408.094	34061.24	
408.302	33691.99	
408.509	33469.78	
408.717	33230.58	
408.924	32945.5	
409.131	32442.52	
409.339	32099.69	
409.546	31541.21	
409.753	30910.44	
409.961	30321.85	
410.168	29699.06	
410.375	28977.56	
410.583	28163.91	
410.79	27463.5	
410.997	26601.92	
411.205	25838.64	
411.412	25020.07	
411.619	24290.79	
411.826	23384.77	
412.034	22574.79	
412.241	21683.31	
412.448	20918.4	
412.655	20125.83	
412.862	19414.78	
413.07	18734.44	
413.277	18129.88	
413.484	17557.88	
413.691	17045.69	
413.898	16559.3	
414.105	16110.99	
414.312	15660.44	
414.519	15194.94	
414.727	14779	
414.934	14438.42	
415.141	14077.77	
415.348	13786.96	
415.555	13475.87	
415.762	13174.21	
415.969	12876.64	
416.176	12646.65	
416.383	12375.29	
416.59	12189.34	
416.797	11968.36	
417.004	11752.92	
417.211	11537.06	
417.418	11363.6	
417.625	11129.93	
417.831	10903.42	
418.038	10668.72	
418.245	10475.19	
418.452	10206.09	
418.659	9999.86	
418.866	9794.24	
419.073	9575.93	
419.28	9317.68	
419.486	9126.19	
419.693	8890.27	
419.9	8727.66	
420.107	8554.81	
420.314	8346.53	
420.52	8150.74	
420.727	7965.2	
420.934	7735.42	
421.141	7522.02	
421.347	7336.06	
421.554	7146.01	
421.761	6938.96	
421.967	6776.35	
422.174	6592.45	
422.381	6438.23	
422.588	6289.14	
422.794	6142.51	
423.001	6021.27	
423.207	5926.04	
423.414	5784.11	
423.621	5651.61	
423.827	5546.34	
424.034	5391.93	
424.24	5274.99	
424.447	5165.63	
424.654	5062.82	
424.86	4957.76	
425.067	4833.65	
425.273	4691.32	
425.48	4609.19	
425.686	4509.25	
425.893	4347.46	
426.099	4212.5	
426.306	4067.3	
426.512	3898.34	
426.718	3688.63	
426.925	3525.61	
427.131	3351.53	
427.338	3172.34	
427.544	2992.53	
427.75	2827.05	
427.957	2676.73	
428.163	2570.03	
428.37	2447.77	
428.576	2316.08	
428.782	2214.09	
428.988	2121.93	
429.195	1998.44	
429.401	1905.67	
429.607	1819.45	
429.814	1759.85	
430.02	1689.61	
430.226	1622.43	
430.432	1567.55	
430.639	1519.63	
430.845	1470.48	
431.051	1433.82	
431.257	1398.18	
431.463	1365.41	
431.67	1312.17	
431.876	1264.65	
432.082	1202.4	
432.288	1174.34	
432.494	1134.61	
432.7	1126.21	
432.906	1095.08	
433.112	1093.85	
433.318	1076.04	
433.525	1059.86	
433.731	1032.82	
433.937	1027.91	
434.143	1009.48	
434.349	979.58	
434.555	951.11	
434.761	914.66	
434.967	864.07	
435.173	839.5	
435.379	821.68	
435.585	821.68	
435.791	809.8	
435.996	816.97	
436.202	785.63	
436.408	756.14	
436.614	706.17	
436.82	679.75	
437.026	636.95	
437.232	618.93	
437.438	594.15	
437.644	574.9	
437.849	563.43	
438.055	551.76	
438.261	530.66	
438.467	514.69	
438.673	498.3	
438.878	465.13	
439.084	450.59	
439.29	438.71	
439.496	421.51	
439.701	420.28	
439.907	400.21	
440.113	369.08	
440.318	349.83	
440.524	333.85	
440.73	324.84	
440.935	330.78	
441.141	330.78	
441.347	336.52	
441.552	330.78	
441.758	324.23	
441.964	312.35	
442.169	322.59	
442.375	299.24	
442.58	303.54	
442.786	292.07	
442.991	275.28	
443.197	250.3	
443.402	258.08	
443.608	243.54	
443.813	247.43	
444.019	246.61	
444.224	243.13	
444.43	215.07	
444.635	224.7	
444.841	193.77	
445.046	204.01	
445.252	198.28	
445.457	212.82	
445.662	183.74	
445.868	190.09	
446.073	183.94	
446.278	173.29	
446.484	156.09	
446.689	154.66	
446.894	138.68	
447.1	115.33	
447.305	121.07	
447.51	133.36	
447.716	144.21	
447.921	152.61	
448.126	157.11	
448.331	139.5	
448.537	133.56	
448.742	122.09	
448.947	102.43	
449.152	101	
449.357	122.91	
449.563	128.03	
449.768	126.8	
449.973	129.67	
450.178	127.83	
450.383	98.75	
450.588	91.78	
450.793	81.75	
450.999	92.4	
451.204	87.28	
451.409	86.05	
451.614	86.87	
451.819	98.95	
452.024	88.1	
452.229	92.81	
452.434	110.62	
452.639	87.69	
452.844	82.98	
453.049	69.26	
453.254	49.19	
453.459	42.63	
453.664	64.75	
453.869	71.71	
454.074	84.62	
454.279	92.81	
454.483	94.86	
454.688	74.78	
454.893	77.04	
455.098	63.11	
455.303	67.82	
455.508	74.58	
455.713	93.83	
455.917	71.3	
456.122	86.05	
456.327	74.38	
456.532	63.52	
456.737	34.64	
456.941	40.58	
457.146	39.56	
457.351	47.55	
457.555	44.68	
457.76	72.94	
457.965	80.72	
458.17	92.19	
458.374	107.96	
458.579	109.4	
458.784	89.94	
458.988	82.77	
459.193	67	
459.397	64.95	
459.602	54.31	
459.807	88.51	
460.011	87.69	
460.216	104.07	
460.42	85.23	
460.625	75.81	
460.829	45.5	
461.034	32.6	
461.239	7.2	
461.443	18.47	
461.648	29.52	
461.852	20.31	
462.056	47.96	
462.261	51.44	
462.465	51.85	
462.67	56.97	
462.874	60.45	
463.079	45.5	
463.283	47.96	
463.487	42.02	
463.692	31.57	
463.896	23.18	
464.1	9.25	
464.305	12.12	
464.509	-0.38	
464.713	15.19	
464.918	33.42	
465.122	42.84	
465.326	33.62	
465.531	34.03	
465.735	21.33	
465.939	17.03	
466.143	4.54	
466.348	2.49	
466.552	2.49	
466.756	-0.38	
466.96	6.79	
467.164	23.18	
467.368	21.13	
467.573	29.93	
467.777	32.39	
467.981	21.33	
468.185	0.24	
468.389	9.66	
468.593	-6.52	
468.797	-6.52	
469.001	-15.53	
469.205	-3.04	
469.409	-1.81	
469.613	9.66	
469.817	11.91	
470.021	18.88	
470.225	19.9	
470.429	14.78	
470.633	14.98	
470.837	5.77	
471.041	8.43	
471.245	-6.72	
471.449	-5.9	
471.653	-12.87	
471.857	2.7	
472.061	-12.05	
472.265	-4.47	
472.469	4.33	
472.673	2.29	
472.876	-10.21	
473.08	4.95	
473.284	20.51	
473.488	12.94	
473.692	35.87	
473.895	50.21	
474.099	53.69	
474.303	41.2	
474.507	41.81	
474.71	45.29	
474.914	31.57	
475.118	32.39	
475.322	35.26	
475.525	20.1	
475.729	10.48	
475.933	1.26	
476.136	23.38	
476.34	36.28	
476.543	59.22	
476.747	58.4	
476.951	73.97	
477.154	39.56	
477.358	45.09	
477.561	34.44	
477.765	32.8	
477.969	25.63	
478.172	26.66	
478.376	1.26	
478.579	-2.63	
478.783	-8.16	
478.986	-4.27	
479.19	1.67	
479.393	28.09	
479.596	38.54	
479.8	45.29	
480.003	45.5	
480.207	52.67	
480.41	29.52	
480.614	29.93	
480.817	11.5	
481.02	26.66	
481.224	32.6	
481.427	45.5	
481.63	59.02	
481.834	78.27	
482.037	51.23	
482.24	30.75	
482.443	29.52	
482.647	13.76	
482.85	3.72	
483.053	25.63	
483.256	27.68	
483.46	34.44	
483.663	33.62	
483.866	39.76	
484.069	33.21	
484.272	23.59	
484.476	7.2	
484.679	18.47	
484.882	31.78	
485.085	17.85	
485.288	26.04	
485.491	45.7	
485.694	23.18	
485.897	10.48	
486.101	21.54	
486.304	27.07	
486.507	-2.63	
486.71	7.82	
486.913	2.49	
487.116	-4.27	
487.319	-6.31	
487.522	9.86	
487.725	23.79	
487.928	27.27	
488.13	34.64	
488.333	33.21	
488.536	27.27	
488.739	5.77	
488.942	17.03	
489.145	10.89	
489.348	14.98	
489.551	14.17	
489.754	27.07	
489.956	9.05	
490.159	6.59	
490.362	-4.06	
490.565	2.49	
490.768	-2.22	
490.97	9.66	
491.173	14.78	
491.376	14.37	
491.579	5.36	
491.781	2.29	
491.984	-7.95	
492.187	-11.02	
492.39	-7.54	
492.592	-3.65	
492.795	6.38	
492.998	-0.58	
493.2	-3.45	
493.403	-2.01	
493.605	13.35	
493.808	-0.58	
494.011	4.54	
494.213	14.37	
494.416	13.35	
494.618	-10.21	
494.821	-22.29	
495.023	-27	
495.226	-29.87	
495.428	-21.26	
495.631	0.44	
495.833	30.34	
496.036	33.83	
496.238	40.99	
496.441	38.54	
496.643	27.68	
496.846	10.27	
497.048	19.69	
497.25	27.48	
497.453	36.08	
497.655	44.48	
497.858	58.81	
498.06	73.15	
498.262	47.75	
498.465	46.11	
498.667	51.03	
498.869	48.98	
499.071	26.04	
499.274	40.79	
499.476	33.21	
499.678	16.62	
499.881	14.37	
500.083	24.81	
500.285	11.71	
500.487	10.89	
500.689	17.85	
500.892	12.73	
501.094	-13.07	
501.296	0.03	
501.498	-0.38	
501.7	-8.98	
501.902	-10.41	
502.104	9.86	
502.306	-2.01	
502.509	-8.57	
502.711	-18.6	
502.913	-13.89	
503.115	-23.11	
503.317	-17.78	
503.519	-15.12	
503.721	1.26	
503.923	13.35	
504.125	12.12	
504.327	16.62	
504.529	19.69	
504.731	15.8	
504.933	12.53	
505.134	18.26	
505.336	14.57	
505.538	19.29	
505.74	19.9	
505.942	-4.27	
506.144	-3.65	
506.346	-8.57	
506.548	5.77	
506.749	0.03	
506.951	18.67	
507.153	12.12	
507.355	10.89	
507.557	-13.48	
507.758	1.67	
507.96	-15.74	
508.162	10.68	
508.363	23.79	
508.565	39.15	
508.767	30.34	
508.969	44.07	
509.17	32.39	
509.372	34.03	
509.574	21.54	
509.775	16.83	
509.977	4.74	
510.178	5.77	
510.38	6.79	
510.582	13.14	
510.783	12.53	
510.985	16.21	
511.186	2.49	
511.388	5.77	
511.589	15.6	
511.791	11.91	
511.992	16.83	
512.194	28.71	
512.395	-4.06	
512.597	-8.36	
512.798	2.29	
513	4.95	
513.201	9.86	
513.403	44.27	
513.604	33.62	
513.805	32.39	
514.007	27.27	
514.208	7.61	
514.409	-2.63	
514.611	-3.86	
514.812	3.31	
515.013	17.44	
515.215	30.14	
515.416	20.51	
515.617	21.33	
515.819	0.65	
516.02	-9.39	
516.221	-10.21	
516.422	-4.88	
516.623	-2.01	
516.825	7.41	
517.026	18.88	
517.227	16.83	
517.428	12.53	
517.629	10.48	
517.83	16.62	
518.032	16.42	
518.233	22.15	
518.434	28.3	
518.635	35.87	
518.836	33.83	
519.037	22.77	
519.238	17.44	
519.439	17.65	
519.64	5.56	
519.841	7.2	
520.042	-4.68	
520.243	-3.45	
520.444	-19.22	
520.645	-16.35	
520.846	-21.06	
521.047	-10.21	
521.248	-15.12	
521.449	6.79	
521.65	8.23	
521.851	19.08	
522.052	10.89	
522.252	20.92	
522.453	11.71	
522.654	18.06	
522.855	4.95	
523.056	14.17	
523.257	7.61	
523.457	19.49	
523.658	5.56	
523.859	8.23	
524.06	-16.14	
524.26	-20.65	
524.461	-34.37	
524.662	-15.74	
524.862	-21.47	
525.063	-2.63	
525.264	-3.04	
525.464	-4.27	
525.665	4.33	
525.866	11.91	
526.066	5.15	
526.267	11.91	
526.468	5.97	
526.668	-6.11	
526.869	-13.69	
527.069	-2.63	
527.27	-5.9	
527.47	10.89	
527.671	-2.22	
527.871	0.65	
528.072	14.37	
528.272	22.36	
528.473	24.2	
528.673	38.95	
528.874	41.81	
529.074	35.46	
529.275	37.51	
529.475	34.85	
529.675	22.56	
529.876	25.63	
530.076	-0.79	
530.277	-16.14	
530.477	-26.59	
530.677	-33.96	
530.878	-33.35	
531.078	-6.31	
531.278	-9.18	
531.478	-9.59	
531.679	-4.88	
531.879	-14.3	
532.079	-28.43	
532.28	-13.07	
532.48	-6.93	
532.68	1.47	
532.88	13.14	
533.08	19.69	
533.28	25.22	
533.481	22.56	
533.681	19.29	
533.881	20.1	
534.081	13.14	
534.281	4.74	
534.481	3.93	
534.681	13.55	
534.881	0.03	
535.081	-12.87	
535.281	-23.93	
535.481	-12.05	
535.682	-17.17	
535.882	-11.84	
536.082	-0.58	
536.281	15.19	
536.481	14.78	
536.681	19.08	
536.881	14.98	
537.081	11.3	
537.281	5.56	
537.481	1.88	
537.681	-4.68	
537.881	-12.05	
538.081	2.49	
538.281	0.85	
538.48	-13.69	
538.68	-17.37	
538.88	2.29	
539.08	5.97	
539.28	3.31	
539.479	20.51	
539.679	21.13	
539.879	12.12	
540.079	7.82	
540.278	11.91	
540.478	-10.41	
540.678	-0.79	
540.877	7.82	
541.077	-3.65	
541.277	-9.59	
541.476	29.52	
541.676	30.55	
541.876	35.67	
542.075	38.54	
542.275	39.36	
542.474	25.43	
542.674	27.48	
542.874	20.31	
543.073	22.97	
543.273	26.25	
543.472	29.52	
543.672	11.09	
543.871	1.67	
544.071	5.56	
544.27	24.4	
544.47	21.13	
544.669	32.19	
544.868	42.63	
545.068	44.27	
545.267	22.15	
545.467	39.56	
545.666	40.17	
545.865	35.87	
546.065	29.93	
546.264	31.98	
546.463	1.06	
546.663	-3.65	
546.862	-11.84	
547.061	-15.12	
547.261	-7.34	
547.46	9.45	
547.659	14.98	
547.858	45.09	
548.058	55.53	
548.257	52.87	
548.456	42.43	
548.655	43.86	
548.854	33.01	
549.053	42.63	
549.253	44.48	
549.452	33.62	
549.651	41.81	
549.85	45.91	
550.049	34.85	
550.248	24.2	
550.447	35.87	
550.646	42.84	
550.845	21.74	
551.044	20.1	
551.243	19.9	
551.442	28.91	
551.641	9.25	
551.84	26.45	
552.039	37.31	
552.238	35.26	
552.437	23.59	
552.636	14.78	
552.835	-7.13	
553.034	-22.49	
553.233	-12.25	
553.432	-7.13	
553.63	-7.75	
553.829	5.56	
554.028	5.36	
554.227	5.56	
554.426	0.44	
554.625	11.5	
554.823	2.7	
555.022	7.41	
555.221	17.65	
555.42	21.74	
555.618	23.38	
555.817	29.32	
556.016	23.79	
556.214	22.15	
556.413	13.14	
556.612	15.8	
556.81	8.43	
557.009	16.42	
557.208	5.15	
557.406	13.35	
557.605	6.18	
557.803	5.56	
558.002	1.47	
558.201	-1.19	
558.399	-0.58	
558.598	1.47	
558.796	17.65	
558.995	22.15	
559.193	17.03	
559.392	12.12	
559.59	13.35	
559.789	11.3	
559.987	20.1	
560.185	39.36	
560.384	45.5	
560.582	49.19	
560.781	62.91	
560.979	60.45	
561.177	48.16	
561.376	45.09	
561.574	49.19	
561.772	13.35	
561.971	26.04	
562.169	20.51	
562.367	8.84	
562.566	4.95	
562.764	13.35	
562.962	-11.84	
563.16	-8.77	
563.358	4.54	
563.557	6.38	
563.755	7.61	
563.953	8.43	
564.151	5.36	
564.349	9.25	
564.547	16.83	
564.746	20.51	
564.944	24.2	
565.142	31.16	
565.34	31.78	
565.538	18.88	
565.736	24.2	
565.934	11.5	
566.132	9.86	
566.33	9.05	
566.528	17.03	
566.726	8.02	
566.924	29.73	
567.122	24.2	
567.32	12.94	
567.518	4.13	
567.716	-1.81	
567.914	-5.7	
568.112	-6.11	
568.31	11.3	
568.507	24	
568.705	15.39	
568.903	12.53	
569.101	31.37	
569.299	28.3	
569.497	15.6	
569.694	37.51	
569.892	20.72	
570.09	16.21	
570.288	1.47	
570.486	3.93	
570.683	6.18	
570.881	11.71	
571.079	-7.95	
571.276	-9.59	
571.474	-11.64	
571.672	-19.83	
571.869	-15.74	
572.067	-5.7	
572.265	-1.19	
572.462	0.24	
572.66	2.49	
572.857	4.95	
573.055	13.14	
573.253	12.32	
573.45	14.57	
573.648	23.38	
573.845	19.9	
574.043	13.35	
574.24	25.02	
574.438	10.68	
574.635	-4.06	
574.832	-9.39	
575.03	-17.58	
575.227	1.06	
575.425	8.43	
575.622	13.35	
575.82	18.06	
576.017	43.86	
576.214	20.72	
576.412	39.97	
576.609	32.6	
576.806	28.3	
577.004	10.07	
577.201	12.32	
577.398	-0.38	
577.595	26.25	
577.793	35.67	
577.99	39.97	
578.187	26.86	
578.384	26.45	
578.582	14.78	
578.779	35.67	
578.976	23.18	
579.173	44.88	
579.37	48.57	
579.567	47.34	
579.764	28.3	
579.962	45.91	
580.159	45.29	
580.356	49.8	
580.553	53.08	
580.75	60.24	
580.947	47.55	
581.144	48.37	
581.341	37.72	
581.538	37.31	
581.735	29.73	
581.932	38.95	
582.129	17.03	
582.326	22.77	
582.523	5.36	
582.72	3.93	
582.916	-3.86	
583.113	-8.57	
583.31	-19.63	
583.507	-7.54	
583.704	8.43	
583.901	22.77	
584.098	30.55	
584.294	35.46	
584.491	36.49	
584.688	28.5	
584.885	11.5	
585.082	31.57	
585.278	35.46	
585.475	40.58	
585.672	30.55	
585.868	32.6	
586.065	28.3	
586.262	5.36	
586.458	-1.4	
586.655	10.48	
586.852	2.08	
587.048	-12.25	
587.245	-1.81	
587.442	11.5	
587.638	11.71	
587.835	25.02	
588.031	27.48	
588.228	46.52	
588.424	46.32	
588.621	32.19	
588.817	32.19	
589.014	41.81	
589.21	29.52	
589.407	9.66	
589.603	13.35	
589.8	24.81	
589.996	17.24	
590.192	17.03	
590.389	27.89	
590.585	37.1	
590.782	18.26	
590.978	31.78	
591.174	27.48	
591.371	31.57	
591.567	20.51	
591.763	28.09	
591.959	20.31	
592.156	27.27	
592.352	26.04	
592.548	28.5	
592.744	34.64	
592.941	27.27	
593.137	28.91	
593.333	20.72	
593.529	47.55	
593.725	46.73	
593.922	37.92	
594.118	36.28	
594.314	26.04	
594.51	3.11	
594.706	-0.17	
594.902	18.47	
595.098	17.85	
595.294	34.03	
595.49	29.52	
595.686	27.89	
595.882	16.62	
596.078	33.62	
596.274	30.55	
596.47	39.76	
596.666	40.38	
596.862	40.38	
597.058	27.07	
597.254	33.62	
597.45	5.77	
597.646	22.97	
597.842	22.77	
598.037	24.81	
598.233	18.06	
598.429	39.56	
598.625	3.52	
598.821	-8.16	
599.017	-23.31	
599.212	-13.89	
599.408	-12.46	
599.604	2.7	
599.8	19.08	
599.995	35.05	
600.191	29.73	
600.387	28.09	
600.582	29.93	
600.778	25.43	
600.974	9.66	
601.169	5.97	
601.365	8.02	
601.561	1.26	
601.756	-8.16	
601.952	9.25	
602.147	2.29	
602.343	-3.24	
602.538	6.38	
602.734	27.07	
602.93	32.19	
603.125	37.31	
603.321	35.67	
603.516	19.9	
603.711	23.38	
603.907	6.38	
604.102	5.56	
604.298	21.54	
604.493	23.18	
604.689	21.95	
604.884	39.36	
605.079	43.04	
605.275	27.27	
605.47	28.71	
605.665	22.56	
605.861	22.77	
606.056	17.44	
606.251	9.05	
606.447	16.62	
606.642	19.49	
606.837	0.85	
607.032	14.37	
607.227	21.95	
607.423	27.27	
607.618	21.54	
607.813	19.69	
608.008	8.02	
608.203	20.72	
608.398	25.84	
608.594	11.91	
608.789	13.96	
608.984	28.71	
609.179	24.4	
609.374	18.67	
609.569	39.56	
609.764	31.57	
609.959	21.33	
610.154	3.72	
610.349	8.84	
610.544	-4.06	
610.739	-1.19	
610.934	2.7	
611.129	31.16	
611.324	26.04	
611.519	43.45	
611.714	67	
611.909	50.82	
612.103	51.23	
612.298	51.23	
612.493	45.29	
612.688	31.57	
612.883	50.62	
613.078	35.87	
613.272	58.2	
613.467	55.33	
613.662	63.73	
613.857	55.12	
614.051	59.63	
614.246	38.74	
614.441	41.81	
614.635	18.88	
614.83	20.31	
615.025	7.82	
615.219	5.77	
615.414	-21.26	
615.609	-8.16	
615.803	-17.17	
615.998	2.08	
616.192	8.02	
616.387	29.52	
616.582	38.74	
616.776	64.75	
616.971	56.35	
617.165	53.28	
617.36	37.72	
617.554	27.68	
617.749	22.15	
617.943	18.88	
618.138	17.03	
618.332	26.86	
618.526	27.68	
618.721	23.38	
618.915	38.33	
619.11	42.22	
619.304	30.75	
619.498	41.2	
619.693	50	
619.887	34.03	
620.081	21.74	
620.275	20.31	
620.47	23.38	
620.664	14.57	
620.858	15.39	
621.052	24.4	
621.247	44.48	
621.441	31.16	
621.635	20.1	
621.829	20.51	
622.023	14.98	
622.218	17.85	
622.412	21.74	
622.606	16.21	
622.8	16.21	
622.994	19.29	
623.188	4.74	
623.382	4.13	
623.576	0.03	
623.77	4.13	
623.964	5.36	
624.158	22.97	
624.352	4.54	
624.546	14.17	
624.74	17.85	
624.934	7.41	
625.128	5.97	
625.322	28.5	
625.516	33.01	
625.71	24.4	
625.904	24	
626.098	21.33	
626.291	13.35	
626.485	17.44	
626.679	16.21	
626.873	45.7	
627.067	40.58	
627.26	35.46	
627.454	36.69	
627.648	52.05	
627.842	28.3	
628.035	29.93	
628.229	34.64	
628.423	19.9	
628.617	8.64	
628.81	6.38	
629.004	-1.81	
629.198	11.09	
629.391	13.96	
629.585	16.21	
629.778	27.27	
629.972	44.88	
630.166	37.31	
630.359	36.9	
630.553	29.52	
630.746	31.37	
630.94	35.05	
631.133	23.18	
631.327	18.26	
631.52	22.56	
631.714	2.49	
631.907	-6.31	
632.1	10.48	
632.294	34.03	
632.487	30.14	
632.681	47.96	
632.874	47.55	
633.067	51.03	
633.261	31.37	
633.454	40.58	
633.647	26.45	
633.841	22.36	
634.034	10.07	
634.227	3.72	
634.421	4.95	
634.614	13.14	
634.807	11.5	
635	6.18	
635.193	25.63	
635.387	14.37	
635.58	17.44	
635.773	14.57	
635.966	11.09	
636.159	-1.6	
636.352	-9.8	
636.545	-10.82	
636.739	-14.92	
636.932	-6.31	
637.125	-0.17	
637.318	-6.72	
637.511	5.36	
637.704	12.53	
637.897	25.22	
638.09	17.44	
638.283	30.34	
638.476	16.83	
638.669	24.81	
638.862	23.79	
639.055	34.85	
639.247	31.57	
639.44	23.38	
639.633	21.33	
639.826	-6.72	
640.019	2.08	
640.212	9.25	
640.405	12.94	
640.597	9.86	
640.79	31.98	
640.983	15.6	
641.176	5.36	
641.368	12.53	
641.561	15.8	
641.754	1.88	
641.947	24.61	
642.139	37.31	
642.332	26.66	
642.525	29.32	
642.717	34.44	
642.91	2.29	
643.103	-12.87	
643.295	-5.29	
643.488	-11.43	
643.68	-24.95	
643.873	-12.66	
644.065	1.06	
644.258	0.85	
644.45	-13.89	
644.643	0.24	
644.835	-16.14	
645.028	-15.74	
645.22	-25.98	
645.413	-19.83	
645.605	-15.94	
645.798	-2.01	
645.99	3.72	
646.182	14.57	
646.375	34.64	
646.567	30.96	
646.76	27.68	
646.952	17.24	
647.144	9.05	
647.337	-2.63	
647.529	1.26	
647.721	11.71	
647.913	7	
648.106	2.7	
648.298	-15.12	
648.49	-11.43	
648.682	-24.54	
648.874	-15.33	
649.067	-6.52	
649.259	7	
649.451	-2.63	
649.643	9.66	
649.835	32.19	
650.027	31.57	
650.219	30.96	
650.411	44.27	
650.603	34.24	
650.796	17.03	
650.988	30.96	
651.18	34.85	
651.372	28.71	
651.564	39.97	
651.756	21.13	
651.948	5.15	
652.139	-14.1	
652.331	-25.16	
652.523	-28.43	
652.715	-15.94	
652.907	5.97	
653.099	25.84	
653.291	29.93	
653.483	14.98	
653.674	21.54	
653.866	1.26	
654.058	-13.48	
654.25	-9.59	
654.442	-2.22	
654.633	-18.6	
654.825	-22.49	
655.017	-8.57	
655.209	-16.14	
655.4	-16.35	
655.592	-15.94	
655.784	-7.34	
655.975	-17.78	
656.167	-15.94	
656.359	-12.87	
656.55	-4.06	
656.742	-6.93	
656.933	8.02	
657.125	16.01	
657.316	17.44	
657.508	12.94	
657.7	32.6	
657.891	21.74	
658.083	26.45	
658.274	25.22	
658.466	32.6	
658.657	22.56	
658.848	15.39	
659.04	1.67	
659.231	-4.47	
659.423	-9.18	
659.614	-8.77	
659.805	14.37	
659.997	30.55	
660.188	36.08	
660.379	47.96	
660.571	37.51	
660.762	25.84	
660.953	13.14	
661.145	20.51	
661.336	4.74	
661.527	81.13	
661.718	86.05	
661.909	93.01	
662.101	82.98	
662.292	85.64	
662.483	0.85	
662.674	3.72	
662.865	-1.19	
663.056	1.06	
663.247	-4.68	
663.439	-0.38	
663.63	-11.84	
663.821	-9.39	
664.012	-12.25	
664.203	-2.22	
664.394	10.27	
664.585	25.84	
664.776	20.1	
664.967	20.51	
665.158	11.5	
665.349	18.06	
665.54	3.52	
665.73	11.3	
665.921	2.08	
666.112	13.76	
666.303	12.53	
666.494	36.49	
666.685	41.4	
666.876	55.53	
667.066	53.49	
667.257	33.21	
667.448	4.54	
667.639	1.88	
667.83	-2.63	
668.02	-5.9	
668.211	-13.07	
668.402	10.27	
668.592	-19.83	
668.783	-15.33	
668.974	-7.34	
669.164	19.69	
669.355	4.33	
669.546	37.72	
669.736	41.2	
669.927	28.09	
670.117	4.33	
670.308	8.23	
670.499	-12.25	
670.689	-1.4	
670.88	-5.09	
671.07	9.25	
671.261	-0.58	
671.451	8.23	
671.641	-25.77	
671.832	-4.88	
672.022	1.47	
672.213	2.08	
672.403	2.08	
672.594	20.1	
672.784	10.68	
672.974	5.15	
673.165	1.26	
673.355	-0.17	
673.545	17.24	
673.736	19.08	
673.926	-1.6	
674.116	3.72	
674.306	-7.75	
674.497	-31.91	
674.687	-37.85	
674.877	-20.04	
675.067	-17.99	
675.257	-0.38	
675.448	6.79	
675.638	18.06	
675.828	11.5	
676.018	18.26	
676.208	6.18	
676.398	1.06	
676.588	-14.3	
676.778	-8.36	
676.968	-11.02	
677.158	-3.24	
677.348	-6.72	
677.538	-12.05	
677.728	-14.71	
677.918	-24.54	
678.108	-17.58	
678.298	2.49	
678.488	7.61	
678.678	12.32	
678.868	21.95	
679.058	18.26	
679.248	12.94	
679.438	18.26	
679.627	13.14	
679.817	11.09	
680.007	-6.52	
680.197	-1.4	
680.387	-10	
680.576	-6.52	
680.766	-15.74	
680.956	3.11	
681.146	0.65	
681.335	5.36	
681.525	-7.13	
681.715	8.64	
681.904	24.61	
682.094	17.24	
682.284	17.85	
682.473	26.86	
682.663	26.86	
682.852	19.69	
683.042	23.59	
683.231	27.68	
683.421	35.67	
683.61	32.39	
683.8	10.89	
683.989	9.86	
684.179	20.1	
684.368	0.03	
684.558	-7.95	
684.747	-13.28	
684.937	-20.65	
685.126	-25.16	
685.316	-19.83	
685.505	-26.38	
685.694	-16.35	
685.884	6.79	
686.073	5.97	
686.262	7.2	
686.452	15.6	
686.641	32.8	
686.83	14.98	
687.019	11.5	
687.209	19.29	
687.398	34.24	
687.587	20.72	
687.776	22.56	
687.965	10.27	
688.155	9.66	
688.344	-2.42	
688.533	2.08	
688.722	-11.02	
688.911	20.72	
689.1	29.32	
689.289	28.09	
689.478	22.97	
689.667	43.45	
689.856	6.59	
690.045	-9.18	
690.234	-23.93	
690.423	-12.66	
690.612	-34.58	
690.801	-10.41	
690.99	-1.6	
691.179	21.54	
691.368	17.85	
691.557	36.9	
691.746	20.31	
691.935	18.06	
692.124	-9.8	
692.312	-27.2	
692.501	-39.7	
692.69	-28.84	
692.879	-27.2	
693.068	-7.13	
693.256	16.01	
693.445	23.38	
693.634	9.05	
693.823	-5.7	
694.011	-7.13	
694.2	-22.9	
694.389	-25.16	
694.577	-22.7	
694.766	-0.58	
694.955	1.06	
695.143	4.95	
695.332	13.35	
695.52	12.94	
695.709	9.25	
695.897	2.7	
696.086	-4.27	
696.275	-17.99	
696.463	12.12	
696.652	4.54	
696.84	19.29	
697.028	21.33	
697.217	25.43	
697.405	5.77	
697.594	10.27	
697.782	-3.65	
697.971	5.97	
698.159	-0.79	
698.347	-8.36	
698.536	-9.39	
698.724	-2.63	
698.912	-18.6	
699.1	-21.06	
699.289	-3.45	
699.477	0.85	
699.665	4.33	
699.854	8.23	
700.042	11.3	
700.23	5.15	
700.418	1.67	
700.606	-9.8	
700.794	-2.01	
700.983	7	
701.171	13.14	
701.359	-2.42	
701.547	15.19	
701.735	16.01	
701.923	5.56	
702.111	-4.27	
702.299	4.74	
702.487	-3.86	
702.675	-8.98	
702.863	-10.41	
703.051	-18.81	
703.239	-7.75	
703.427	-18.6	
703.615	-28.43	
703.803	-38.88	
703.991	-29.05	
704.179	-19.42	
704.367	-3.45	
704.554	13.14	
704.742	33.62	
704.93	40.99	
705.118	29.93	
705.306	27.48	
705.493	22.77	
705.681	18.06	
705.869	24.4	
706.057	12.32	
706.244	11.09	
706.432	18.67	
706.62	26.66	
706.807	-2.22	
706.995	13.55	
707.183	-0.17	
707.37	-5.7	
707.558	-11.43	
707.746	19.69	
707.933	11.71	
708.121	25.63	
708.308	17.44	
708.496	18.47	
708.683	-1.4	
708.871	16.62	
709.058	3.31	
709.246	5.77	
709.433	-12.46	
709.621	3.11	
709.808	-14.92	
709.995	0.85	
710.183	9.05	
710.37	32.8	
710.558	11.5	
710.745	18.67	
710.932	7.41	
711.12	15.39	
711.307	13.76	
711.494	28.09	
711.681	38.33	
711.869	35.05	
712.056	26.66	
712.243	19.08	
712.43	1.67	
712.618	-14.92	
712.805	-17.99	
712.992	-5.7	
713.179	-17.78	
713.366	4.33	
713.553	5.15	
713.74	8.64	
713.928	-8.16	
714.115	8.23	
714.302	-6.52	
714.489	-6.72	
714.676	-8.98	
714.863	-0.99	
715.05	-0.38	
715.237	-6.93	
715.424	-12.05	
715.611	11.09	
715.798	12.73	
715.984	14.57	
716.171	29.73	
716.358	41.81	
716.545	25.22	
716.732	11.3	
716.919	1.67	
717.106	-14.3	
717.293	-16.35	
717.479	0.24	
717.666	1.88	
717.853	13.55	
718.04	21.95	
718.226	23.59	
718.413	-8.16	
718.6	2.29	
718.786	-1.81	
718.973	7.61	
719.16	-6.93	
719.346	-1.19	
719.533	-8.16	
719.72	2.49	
719.906	-1.4	
720.093	13.35	
720.279	11.09	
720.466	19.29	
720.652	9.66	
720.839	16.21	
721.025	13.96	
721.212	29.52	
721.398	24.4	
721.585	27.48	
721.771	20.92	
721.958	21.13	
722.144	19.49	
722.331	2.9	
722.517	-1.6	
722.703	-4.88	
722.89	-12.87	
723.076	-9.59	
723.262	0.85	
723.449	-10.41	
723.635	-22.9	
723.821	-20.45	
724.007	-30.07	
724.194	-22.9	
724.38	-14.1	
724.566	-2.22	
724.752	5.15	
724.938	14.57	
725.125	19.08	
725.311	25.63	
725.497	19.49	
725.683	14.78	
725.869	8.02	
726.055	-2.01	
726.241	-16.55	
726.427	-8.36	
726.613	-18.19	
726.799	-9.39	
726.985	-17.17	
727.171	-1.4	
727.357	8.43	
727.543	27.48	
727.729	24.81	
727.915	31.16	
728.101	31.16	
728.287	19.29	
728.473	15.39	
728.659	3.31	
728.845	-0.17	
729.03	-17.58	
729.216	-24.13	
729.402	-38.67	
729.588	-36.42	
729.774	-37.03	
729.959	-24.34	
730.145	3.72	
730.331	9.05	
730.517	24.4	
730.702	41.2	
730.888	44.27	
731.074	26.25	
731.259	22.77	
731.445	27.89	
731.63	11.09	
731.816	9.05	
732.002	23.59	
732.187	41.2	
732.373	38.33	
732.558	54.31	
732.744	72.94	
732.929	61.68	
733.115	36.28	
733.3	9.45	
733.486	-2.63	
733.671	-33.35	
733.857	-42.15	
734.042	-38.88	
734.227	-21.67	
734.413	-13.07	
734.598	4.33	
734.784	10.27	
734.969	19.49	
735.154	20.92	
735.339	11.09	
735.525	4.95	
735.71	11.3	
735.895	-0.79	
736.081	-1.81	
736.266	8.23	
736.451	-0.99	
736.636	-1.4	
736.821	6.59	
737.007	-19.83	
737.192	-19.83	
737.377	-9.39	
737.562	-20.86	
737.747	-14.1	
737.932	17.65	
738.117	3.93	
738.302	14.57	
738.487	8.23	
738.672	-2.83	
738.857	-16.96	
739.042	-7.13	
739.227	-8.36	
739.412	-12.05	
739.597	-11.64	
739.782	12.53	
739.967	3.52	
740.152	2.49	
740.337	18.88	
740.522	36.28	
740.706	27.68	
740.891	51.85	
741.076	43.45	
741.261	38.13	
741.446	22.77	
741.63	11.3	
741.815	2.29	
742	-6.31	
742.185	0.85	
742.369	11.71	
742.554	14.57	
742.739	9.66	
742.923	13.14	
743.108	10.89	
743.293	18.06	
743.477	5.77	
743.662	13.96	
743.846	23.59	
744.031	22.77	
744.216	12.53	
744.4	23.18	
744.585	21.13	
744.769	27.89	
744.954	24.61	
745.138	24.4	
745.322	47.34	
745.507	28.3	
745.691	8.02	
745.876	8.84	
746.06	6.79	
746.244	-12.87	
746.429	1.88	
746.613	4.74	
746.798	10.07	
746.982	8.64	
747.166	10.89	
747.35	-9.59	
747.535	-7.34	
747.719	-9.18	
747.903	4.13	
748.087	-4.88	
748.272	6.18	
748.456	11.3	
748.64	8.23	
748.824	1.88	
749.008	20.51	
749.192	27.89	
749.376	6.18	
749.56	-5.5	
749.745	-13.28	
749.929	-15.33	
750.113	-20.86	
750.297	-12.87	
750.481	8.23	
750.665	13.55	
750.849	0.44	
751.033	10.27	
751.217	9.86	
751.4	-2.01	
751.584	-16.35	
751.768	-14.51	
751.952	-20.86	
752.136	-13.89	
752.32	-22.7	
752.504	-14.3	
752.688	-13.69	
752.871	-21.88	
753.055	-12.05	
753.239	-13.48	
753.423	-0.17	
753.606	-6.31	
753.79	19.9	
753.974	0.85	
754.157	3.11	
754.341	-16.14	
754.525	-13.48	
754.708	-27.82	
754.892	-15.33	
755.076	6.79	
755.259	28.5	
755.443	17.24	
755.626	16.62	
755.81	15.8	
755.993	-0.99	
756.177	-18.19	
756.36	-5.5	
756.544	-6.72	
756.727	-8.77	
756.911	-2.42	
757.094	10.07	
757.278	9.45	
757.461	-0.58	
757.644	-13.28	
757.828	-30.07	
758.011	-36.21	
758.195	-25.98	
758.378	-15.33	
758.561	-3.04	
758.744	0.85	
758.928	14.37	
759.111	4.33	
759.294	13.35	
759.477	10.27	
759.661	24.81	
759.844	13.55	
760.027	22.36	
760.21	18.06	
760.393	22.36	
760.576	15.6	
760.76	12.94	
760.943	-7.13	
761.126	4.54	
761.309	19.29	
761.492	15.19	
761.675	7.2	
761.858	16.21	
762.041	-7.13	
762.224	-22.7	
762.407	-10.62	
762.59	6.18	
762.773	5.77	
762.956	8.02	
763.139	0.65	
763.321	-3.65	
763.504	-17.99	
763.687	-14.3	
763.87	-16.55	
764.053	-1.19	
764.236	10.89	
764.418	18.06	
764.601	14.98	
764.784	16.42	
764.967	22.36	
765.149	3.72	
765.332	11.91	
765.515	10.07	
765.697	6.59	
765.88	1.88	
766.063	4.13	
766.245	4.95	
766.428	-9.39	
766.611	-13.69	
766.793	-17.58	
766.976	-0.58	
767.158	-15.74	
767.341	11.91	
767.523	28.5	
767.706	34.24	
767.888	25.02	
768.071	51.85	
768.253	30.96	
768.436	27.48	
768.618	16.01	
768.8	18.06	
768.983	7.2	
769.165	20.51	
769.348	5.56	
769.53	8.02	
769.712	-4.27	
769.895	-27.82	
770.077	-30.89	
770.259	-28.02	
770.441	-33.76	
770.624	-20.04	
770.806	16.62	
770.988	17.03	
771.17	19.08	
771.352	32.19	
771.535	35.05	
771.717	10.27	
771.899	8.64	
772.081	29.73	
772.263	20.72	
772.445	22.56	
772.627	1.88	
772.809	0.03	
772.991	-14.92	
773.173	1.88	
773.355	-16.55	
773.537	0.85	
773.719	6.38	
773.901	12.94	
774.083	1.26	
774.265	-6.31	
774.447	-2.63	
774.629	-9.59	
774.811	-4.06	
774.992	-6.11	
775.174	-1.6	
775.356	2.49	
775.538	0.65	
775.72	-10.41	
775.901	-18.6	
776.083	-16.96	
776.265	-15.33	
776.447	0.44	
776.628	-4.27	
776.81	10.48	
776.992	12.32	
777.173	13.55	
777.355	7	
777.537	25.02	
777.718	17.03	
777.9	30.96	
778.081	21.13	
778.263	29.73	
778.444	15.19	
778.626	9.66	
778.807	5.56	
778.989	5.15	
779.17	-20.65	
779.352	-27.41	
779.533	-31.71	
779.715	-16.76	
779.896	-25.98	
780.078	4.13	
780.259	24.61	
780.44	22.36	
780.622	-0.79	
780.803	25.02	
780.984	2.29	
781.166	-15.12	
781.347	-8.77	
781.528	-3.24	
781.709	-21.47	
781.891	-16.55	
782.072	-9.59	
782.253	-13.07	
782.434	-17.58	
782.615	-4.68	
782.796	5.77	
782.978	8.02	
783.159	16.21	
783.34	19.69	
783.521	3.11	
783.702	10.07	
783.883	3.93	
784.064	24.61	
784.245	20.92	
784.426	38.33	
784.607	20.72	
784.788	38.95	
784.969	10.89	
785.15	24.2	
785.331	-3.45	
785.512	6.59	
785.692	-16.55	
785.873	-2.83	
786.054	-12.05	
786.235	7	
786.416	0.65	
786.597	9.45	
786.777	4.13	
786.958	-1.19	
787.139	4.13	
787.32	5.36	
787.5	17.85	
787.681	24.61	
787.862	27.89	
788.042	30.96	
788.223	37.31	
788.404	10.89	
788.584	-4.06	
788.765	-0.79	
788.946	-4.68	
789.126	-5.5	
789.307	6.59	
789.487	30.14	
789.668	10.89	
789.848	7.82	
790.029	-9.39	
790.209	-1.4	
790.39	-17.37	
790.57	0.85	
790.75	9.25	
790.931	34.03	
791.111	20.51	
791.292	36.9	
791.472	38.13	
791.652	40.79	
791.833	18.88	
792.013	21.74	
792.193	-7.34	
792.373	-0.58	
792.554	-3.45	
792.734	9.66	
792.914	2.7	
793.094	16.62	
793.275	14.37	
793.455	8.84	
793.635	7.2	
793.815	26.04	
793.995	26.04	
794.175	21.95	
794.355	26.86	
794.535	27.48	
794.715	20.1	
794.896	19.49	
795.076	6.59	
795.256	11.09	
795.436	8.84	
795.616	19.29	
795.795	26.66	
795.975	36.69	
796.155	32.6	
796.335	33.83	
796.515	35.46	
796.695	37.51	
796.875	49.8	
797.055	48.57	
797.234	52.26	
797.414	50.62	
797.594	40.17	
797.774	42.43	
797.954	38.95	
798.133	36.69	
798.313	25.22	
798.493	37.72	
798.672	18.06	
798.852	21.13	
799.032	9.66	
799.211	9.66	
799.391	-5.09	
799.571	0.85	
799.75	-2.42	
799.93	16.21	
800.109	18.26	
800.289	14.98	
800.468	11.09	
800.648	8.23	
800.827	-10.41	
801.007	-4.68	
801.186	-6.11	
801.366	-5.09	
801.545	-0.17	
801.725	24.81	
801.904	1.67	
802.083	17.65	
802.263	25.43	
802.442	33.42	
802.621	10.48	
802.801	42.43	
802.98	47.75	
803.159	40.38	
803.338	19.08	
803.518	30.14	
803.697	12.73	
803.876	2.08	
804.055	4.13	
804.235	10.89	
804.414	-3.04	
804.593	0.85	
804.772	-3.04	
804.951	0.65	
805.13	-6.31	
805.309	7	
805.488	10.27	
805.667	10.68	
805.846	5.56	
806.025	17.03	
806.204	26.66	
806.383	21.54	
806.562	30.14	
806.741	33.42	
806.92	34.24	
807.099	29.32	
807.278	21.95	
807.457	12.12	
807.636	13.35	
807.814	-3.04	
807.993	-4.88	
808.172	3.52	
808.351	9.05	
808.53	9.05	
808.708	13.14	
808.887	1.06	
809.066	6.59	
809.244	19.08	
809.423	13.14	
809.602	19.49	
809.78	24.61	
809.959	12.12	
810.138	17.85	
810.316	19.69	
810.495	27.07	
810.673	19.9	
810.852	22.97	
811.03	7.61	
811.209	4.33	
811.388	3.11	
811.566	15.8	
811.744	25.43	
811.923	23.59	
812.101	21.95	
812.28	34.85	
812.458	47.14	
812.637	36.69	
812.815	33.21	
812.993	45.09	
813.172	46.32	
813.35	24.81	
813.528	31.98	
813.706	21.74	
813.885	23.79	
814.063	-0.58	
814.241	12.32	
814.419	10.68	
814.598	31.78	
814.776	29.52	
814.954	29.73	
815.132	16.01	
815.31	21.54	
815.488	5.77	
815.666	-4.06	
815.844	-6.31	
816.022	-7.54	
816.201	-24.95	
816.379	-8.36	
816.557	-6.93	
816.735	5.56	
816.913	-4.47	
817.09	8.64	
817.268	-4.88	
817.446	-4.68	
817.624	-18.4	
817.802	17.03	
817.98	19.08	
818.158	12.53	
818.336	2.49	
818.514	5.97	
818.691	-16.14	
818.869	-2.83	
819.047	12.73	
819.225	17.24	
819.402	5.97	
819.58	20.51	
819.758	4.33	
819.935	6.18	
820.113	15.19	
820.291	22.97	
820.468	14.37	
820.646	20.31	
820.824	-5.9	
821.001	6.18	
821.179	16.42	
821.356	18.67	
821.534	-2.42	
821.711	5.97	
821.889	9.45	
822.066	14.98	
822.244	6.79	
822.421	37.1	
822.599	59.83	
822.776	41.2	
822.953	24.61	
823.131	31.78	
823.308	12.32	
823.486	4.95	
823.663	10.27	
823.84	16.42	
824.017	4.74	
824.195	19.49	
824.372	21.95	
824.549	17.24	
824.726	12.94	
824.904	11.71	
825.081	1.67	
825.258	-8.36	
825.435	-13.48	
825.612	2.9	
825.789	6.18	
825.967	1.88	
826.144	8.84	
826.321	28.3	
826.498	8.84	
826.675	9.05	
826.852	3.72	
827.029	14.98	
827.206	8.23	
827.383	18.26	
827.56	30.96	
827.737	38.54	
827.914	21.95	
828.09	16.21	
828.267	14.78	
828.444	10.07	
828.621	-0.17	
828.798	23.38	
828.975	14.98	
829.151	11.5	
829.328	13.14	
829.505	27.07	
829.682	5.77	
829.858	6.18	
830.035	26.66	
830.212	29.12	
830.389	19.49	
830.565	6.38	
830.742	20.92	
830.918	10.89	
831.095	0.44	
831.272	1.88	
831.448	14.98	
831.625	20.51	
831.801	12.12	
831.978	23.18	
832.154	13.14	
832.331	22.97	
832.507	7.61	
832.684	27.07	
832.86	28.09	
833.037	64.95	
833.213	42.22	
833.389	46.52	
833.566	16.42	
833.742	6.18	
833.918	-14.71	
834.095	-18.19	
834.271	-18.4	
834.447	-6.93	
834.624	-2.42	
834.8	-8.16	
834.976	-0.58	
835.152	-11.43	
835.328	-12.66	
835.505	-2.22	
835.681	8.43	
835.857	11.91	
836.033	19.69	
836.209	56.35	
836.385	38.13	
836.561	43.25	
836.737	45.09	
836.913	40.79	
837.089	18.26	
837.265	31.78	
837.441	27.48	
837.617	31.57	
837.793	33.83	
837.969	31.98	
838.145	22.15	
838.321	13.76	
838.497	16.83	
838.673	28.5	
838.849	14.57	
839.025	34.85	
839.2	26.45	
839.376	28.5	
839.552	16.21	
839.728	33.62	
839.903	11.71	
840.079	27.68	
840.255	12.32	
840.431	29.93	
840.606	6.38	
840.782	8.84	
840.958	4.33	
841.133	12.73	
841.309	-3.24	
841.484	11.09	
841.66	9.45	
841.835	-2.83	
842.011	-6.52	
842.186	11.3	
842.362	-1.81	
842.537	6.38	
842.713	18.67	
842.888	24.81	
843.064	-1.6	
843.239	7.41	
843.415	1.06	
843.59	1.88	
843.765	2.7	
843.941	20.51	
844.116	31.37	
844.291	27.48	
844.467	28.09	
844.642	41.81	
844.817	49.59	
844.992	40.79	
845.168	48.78	
845.343	46.73	
845.518	26.66	
845.693	25.63	
845.868	17.65	
846.043	7.82	
846.219	0.24	
846.394	14.78	
846.569	-0.38	
846.744	-2.42	
846.919	0.85	
847.094	35.87	
847.269	22.15	
847.444	26.45	
847.619	40.58	
847.794	54.51	
847.969	33.83	
848.144	23.79	
848.319	11.91	
848.494	25.43	
848.668	27.48	
848.843	35.46	
849.018	51.44	
849.193	53.49	
849.368	39.76	
849.542	53.49	
849.717	45.91	
849.892	45.09	
850.067	72.33	
850.241	76.83	
850.416	59.83	
850.591	63.32	
850.765	50.21	
850.94	49.8	
851.115	35.26	
851.289	17.85	
851.464	9.05	
851.639	16.21	
851.813	-7.13	
851.988	7.82	
852.162	18.06	
852.337	22.77	
852.511	19.69	
852.686	29.52	
852.86	36.69	
853.035	33.83	
853.209	22.56	
853.383	25.02	
853.558	8.64	
853.732	-5.5	
853.906	-14.3	
854.081	-13.28	
854.255	-7.75	
854.429	11.91	
854.604	8.64	
854.778	28.91	
854.952	47.96	
855.126	57.17	
855.301	53.9	
855.475	54.31	
855.649	40.99	
855.823	31.57	
855.997	12.12	
856.171	23.18	
856.345	24.81	
856.52	29.93	
856.694	22.97	
856.868	45.09	
857.042	28.09	
857.216	52.87	
857.39	51.03	
857.564	64.55	
857.738	53.28	
857.912	52.87	
858.085	41.61	
858.259	53.9	
858.433	46.52	
858.607	29.12	
858.781	28.09	
858.955	4.13	
859.129	-18.6	
859.302	-25.77	
859.476	-15.53	
859.65	8.84	
859.824	15.6	
859.997	26.86	
860.171	30.75	
860.345	41.2	
860.519	19.08	
860.692	19.9	
860.866	21.13	
861.039	36.08	
861.213	24.2	
861.387	16.62	
861.56	6.59	
861.734	11.5	
861.907	-3.86	
862.081	6.79	
862.254	22.97	
862.428	38.13	
862.601	24.2	
862.775	29.52	
862.948	42.63	
863.122	47.55	
863.295	44.27	
863.468	47.75	
863.642	38.95	
863.815	18.06	
863.988	11.3	
864.162	10.68	
864.335	-3.86	
864.508	9.86	
864.682	14.37	
864.855	9.05	
865.028	11.5	
865.201	40.99	
865.374	28.5	
865.548	45.09	
865.721	40.79	
865.894	50.62	
866.067	31.57	
866.24	36.69	
866.413	19.9	
866.586	20.72	
866.759	0.65	
866.932	8.64	
867.105	-2.83	
867.278	-13.89	
867.451	-16.96	
867.624	-2.83	
867.797	3.31	
867.97	9.25	
868.143	26.66	
868.316	48.16	
868.489	32.6	
868.661	27.48	
868.834	18.06	
869.007	25.02	
869.18	9.66	
869.353	24.2	
869.525	35.67	
869.698	47.55	
869.871	31.98	
870.044	33.62	
870.216	39.56	
870.389	21.54	
870.562	17.85	
870.734	35.87	
870.907	32.19	
871.079	19.49	
871.252	19.08	
871.425	33.21	
871.597	8.43	
871.77	32.19	
871.942	47.14	
872.115	52.87	
872.287	44.07	
872.459	52.26	
872.632	29.12	
872.804	18.88	
872.977	7.41	
873.149	5.97	
873.321	2.49	
873.494	6.59	
873.666	11.3	
873.838	10.27	
874.011	-6.11	
874.183	-0.38	
874.355	-12.46	
874.528	-1.81	
874.7	10.48	
874.872	53.9	
875.044	70.07	
875.216	93.42	
875.388	77.65	
875.561	80.52	
875.733	41.2	
875.905	12.53	
876.077	-7.34	
876.249	-5.29	
876.421	-8.36	
876.593	-8.57	
876.765	8.02	
876.937	21.95	
877.109	10.27	
877.281	4.74	
877.453	6.79	
877.625	-11.64	
877.797	-23.72	
877.968	-21.88	
878.14	-26.18	
878.312	0.44	
878.484	-0.38	
878.656	4.74	
878.828	6.59	
878.999	31.57	
879.171	1.06	
879.343	0.24	
879.515	6.79	
879.686	11.5	
879.858	-14.71	
880.03	-1.81	
880.201	17.24	
880.373	6.59	
880.545	-4.06	
880.716	11.09	
880.888	29.32	
881.059	38.74	
881.231	42.02	
881.402	58.81	
881.574	62.5	
881.745	56.15	
881.917	40.58	
882.088	43.25	
882.26	38.54	
882.431	36.9	
882.602	15.39	
882.774	15.19	
882.945	9.66	
883.116	2.9	
883.288	-4.06	
883.459	1.67	
883.63	8.43	
883.802	8.43	
883.973	10.89	
884.144	18.88	
884.315	29.52	
884.487	34.44	
884.658	52.26	
884.829	67	
885	49.39	
885.171	51.85	
885.342	23.59	
885.513	12.32	
885.684	5.56	
885.855	12.32	
886.026	8.02	
886.197	26.25	
886.368	16.42	
886.539	18.06	
886.71	18.88	
886.881	18.26	
887.052	21.33	
887.223	19.69	
887.394	7.61	
887.565	26.25	
887.736	11.09	
887.907	18.06	
888.077	16.83	
888.248	12.12	
888.419	-6.52	
888.59	3.11	
888.761	7	
888.931	18.06	
889.102	33.62	
889.273	27.27	
889.443	30.14	
889.614	3.72	
889.785	3.52	
889.955	-6.11	
890.126	-3.86	
890.296	4.13	
890.467	17.24	
890.637	21.13	
890.808	37.51	
890.978	48.37	
891.149	41.81	
891.319	67.21	
891.49	73.76	
891.66	67	
891.831	55.94	
892.001	58.81	
892.172	28.09	
892.342	21.95	
892.512	1.26	
892.683	19.49	
892.853	9.86	
893.023	18.26	
893.193	5.97	
893.364	22.15	
893.534	17.65	
893.704	37.92	
893.874	32.19	
894.044	51.23	
894.215	43.25	
894.385	42.63	
894.555	26.86	
894.725	44.07	
894.895	20.72	
895.065	14.98	
895.235	17.65	
895.405	32.6	
895.575	20.51	
895.745	34.39	
895.915	61.61	
