177.618	-161.79	
177.836	-151.55	
178.054	-148.27	
178.271	-102.81	
178.489	-52.63	
178.706	-24.99	
178.924	-6.76	
179.142	12.49	
179.359	4.3	
179.577	-25.8	
179.794	-27.85	
180.012	-23.14	
180.229	-17.61	
180.447	-20.48	
180.664	-5.12	
180.882	-5.53	
181.1	-1.64	
181.317	-12.49	
181.535	-24.37	
181.752	-24.99	
181.969	-7.58	
182.187	-5.12	
182.404	12.29	
182.622	16.79	
182.839	11.26	
183.057	1.43	
183.274	13.93	
183.492	7.37	
183.709	26.21	
183.926	22.12	
184.144	28.47	
184.361	26.01	
184.579	32.97	
184.796	3.69	
185.013	29.9	
185.231	30.92	
185.448	32.15	
185.666	22.32	
185.883	34.82	
186.1	16.18	
186.317	11.67	
186.535	-2.25	
186.752	8.4	
186.969	4.71	
187.187	32.56	
187.404	21.09	
187.621	39.94	
187.839	41.57	
188.056	53.04	
188.273	23.96	
188.49	53.86	
188.708	37.07	
188.925	41.37	
189.142	45.26	
189.359	56.11	
189.576	28.67	
189.794	22.53	
190.011	28.67	
190.228	28.26	
190.445	22.94	
190.662	45.46	
190.879	57.14	
191.097	40.34	
191.314	42.19	
191.531	32.56	
191.748	8.19	
191.965	7.37	
192.182	11.26	
192.399	13.11	
192.616	38.3	
192.834	54.27	
193.051	49.77	
193.268	53.04	
193.485	43.21	
193.702	29.08	
193.919	24.37	
194.136	30.11	
194.353	17.82	
194.57	22.94	
194.787	10.85	
195.004	24.37	
195.221	17.61	
195.438	40.14	
195.655	37.48	
195.872	66.97	
196.089	37.89	
196.306	53.25	
196.523	36.86	
196.74	51.4	
196.957	25.39	
197.173	26.83	
197.39	7.58	
197.607	19.66	
197.824	2.25	
198.041	9.22	
198.258	20.48	
198.475	40.55	
198.692	36.45	
198.909	30.31	
199.125	22.73	
199.342	32.97	
199.559	18.64	
199.776	26.83	
199.993	32.36	
200.21	27.65	
200.426	10.44	
200.643	7.78	
200.86	7.99	
201.077	20.89	
201.293	34.2	
201.51	45.46	
201.727	16.59	
201.944	-7.37	
202.16	-14.34	
202.377	-23.76	
202.594	-19.05	
202.811	16.59	
203.027	20.68	
203.244	23.35	
203.461	33.79	
203.677	36.86	
203.894	45.87	
204.111	55.7	
204.327	56.11	
204.544	46.49	
204.761	47.92	
204.977	21.5	
205.194	8.19	
205.41	1.84	
205.627	8.19	
205.844	7.99	
206.06	11.47	
206.277	24.37	
206.493	23.35	
206.71	43.83	
206.926	23.76	
207.143	35.84	
207.36	27.65	
207.576	47.72	
207.793	24.58	
208.009	40.96	
208.226	32.36	
208.442	23.96	
208.659	9.42	
208.875	10.85	
209.092	-9.01	
209.308	-3.28	
209.524	2.25	
209.741	17.82	
209.957	32.36	
210.174	49.15	
210.39	46.28	
210.607	42.6	
210.823	22.12	
211.039	6.76	
211.256	3.28	
211.472	-10.44	
211.688	9.01	
211.905	23.35	
212.121	17.2	
212.338	24.37	
212.554	40.55	
212.77	21.3	
212.987	9.42	
213.203	36.45	
213.419	50.79	
213.635	41.78	
213.852	52.63	
214.068	47.72	
214.284	34.2	
214.501	18.84	
214.717	27.24	
214.933	30.51	
215.149	26.01	
215.365	17.41	
215.582	11.67	
215.798	9.22	
216.014	-5.94	
216.23	4.51	
216.447	0.61	
216.663	10.04	
216.879	1.64	
217.095	24.58	
217.311	32.15	
217.527	41.16	
217.743	25.8	
217.96	28.26	
218.176	22.94	
218.392	12.9	
218.608	24.37	
218.824	21.3	
219.04	29.49	
219.256	28.26	
219.472	26.21	
219.688	16.79	
219.904	29.49	
220.12	34.61	
220.336	24.58	
220.552	33.18	
220.768	37.89	
220.984	45.87	
221.2	25.8	
221.416	40.96	
221.632	32.77	
221.848	18.23	
222.064	-5.73	
222.28	-2.46	
222.496	-15.36	
222.712	-12.29	
222.928	-6.76	
223.144	18.64	
223.36	20.48	
223.576	17	
223.792	11.47	
224.008	23.35	
224.224	10.65	
224.439	23.14	
224.655	27.44	
224.871	51.81	
225.087	48.54	
225.303	36.45	
225.519	32.15	
225.734	45.26	
225.95	33.79	
226.166	31.54	
226.382	51.81	
226.598	50.99	
226.813	48.54	
227.029	39.32	
227.245	38.3	
227.461	28.26	
227.677	34.41	
227.892	26.83	
228.108	26.42	
228.324	26.62	
228.539	24.17	
228.755	28.06	
228.971	35.63	
229.186	53.45	
229.402	47.1	
229.618	58.16	
229.833	44.24	
230.049	45.67	
230.265	26.42	
230.48	29.29	
230.696	17	
230.912	29.29	
231.127	27.03	
231.343	28.06	
231.558	11.47	
231.774	31.54	
231.99	49.15	
232.205	47.92	
232.421	36.86	
232.636	55.09	
232.852	31.54	
233.067	18.23	
233.283	18.23	
233.498	30.11	
233.714	23.96	
233.929	23.35	
234.145	9.83	
234.36	22.32	
234.576	28.88	
234.791	42.6	
235.007	66.15	
235.222	77.62	
235.438	70.86	
235.653	88.68	
235.868	82.53	
236.084	84.17	
236.299	97.07	
236.515	87.04	
236.73	65.33	
236.945	55.3	
237.161	36.45	
237.376	11.06	
237.592	14.95	
237.807	20.68	
238.022	28.67	
238.238	37.89	
238.453	35.02	
238.668	33.79	
238.883	3.07	
239.099	-2.25	
239.314	-8.19	
239.529	0.61	
239.745	9.83	
239.96	35.63	
240.175	44.44	
240.39	67.38	
240.605	54.27	
240.821	46.49	
241.036	40.55	
241.251	54.48	
241.466	38.09	
241.681	47.31	
241.897	36.25	
242.112	61.64	
242.327	41.16	
242.542	29.7	
242.757	37.89	
242.972	50.99	
243.188	27.44	
243.403	37.89	
243.618	48.54	
243.833	37.68	
244.048	31.95	
244.263	36.25	
244.478	27.85	
244.693	15.15	
244.908	30.31	
245.123	24.37	
245.338	35.43	
245.553	41.78	
245.768	37.07	
245.983	32.15	
246.198	39.53	
246.413	37.07	
246.628	38.5	
246.843	50.99	
247.058	52.84	
247.273	50.79	
247.488	42.19	
247.703	33.18	
247.918	23.55	
248.133	27.03	
248.348	12.9	
248.563	38.71	
248.778	41.78	
248.993	54.48	
249.207	63.28	
249.422	66.76	
249.637	17.82	
249.852	17.82	
250.067	12.49	
250.282	-12.08	
250.496	-5.53	
250.711	30.51	
250.926	29.08	
251.141	36.25	
251.356	44.65	
251.57	52.84	
251.785	42.19	
252	35.84	
252.215	28.88	
252.43	29.08	
252.644	27.85	
252.859	32.77	
253.074	37.48	
253.288	29.7	
253.503	19.25	
253.718	27.85	
253.932	40.75	
254.147	55.09	
254.362	56.73	
254.576	66.97	
254.791	47.92	
255.006	43.62	
255.22	41.78	
255.435	46.9	
255.65	50.79	
255.864	59.19	
256.079	40.34	
256.293	35.43	
256.508	25.39	
256.723	45.06	
256.937	24.58	
257.152	23.14	
257.366	9.63	
257.581	24.17	
257.795	-1.64	
258.01	34.61	
258.224	41.57	
258.439	51.4	
258.653	36.86	
258.868	41.98	
259.082	22.94	
259.297	20.27	
259.511	14.34	
259.726	10.65	
259.94	-2.46	
260.154	-11.06	
260.369	-18.02	
260.583	-16.79	
260.798	-13.52	
261.012	3.69	
261.226	17.41	
261.441	36.86	
261.655	43.21	
261.869	65.94	
262.084	53.25	
262.298	54.89	
262.512	32.36	
262.727	28.88	
262.941	29.08	
263.155	30.92	
263.37	34.82	
263.584	53.66	
263.798	47.1	
264.012	40.34	
264.227	26.42	
264.441	33.18	
264.655	19.05	
264.869	37.07	
265.084	24.78	
265.298	44.03	
265.512	24.99	
265.726	37.27	
265.94	27.85	
266.155	52.84	
266.369	57.14	
266.583	73.52	
266.797	64.72	
267.011	78.03	
267.225	68.61	
267.439	65.53	
267.654	48.33	
267.868	45.67	
268.082	15.15	
268.296	2.05	
268.51	-10.44	
268.724	12.49	
268.938	-2.05	
269.152	18.64	
269.366	21.09	
269.58	29.29	
269.794	1.43	
270.008	31.95	
270.222	32.97	
270.436	33.18	
270.65	28.67	
270.864	39.94	
271.078	25.8	
271.292	24.78	
271.506	44.65	
271.72	54.07	
271.934	53.45	
272.148	55.3	
272.362	59.8	
272.575	45.26	
272.789	33.38	
273.003	37.68	
273.217	34.82	
273.431	18.23	
273.645	23.14	
273.859	45.67	
274.073	51.61	
274.286	64.51	
274.5	76.59	
274.714	74.34	
274.928	68.2	
275.142	73.73	
275.355	54.07	
275.569	63.28	
275.783	59.6	
275.997	47.1	
276.21	40.55	
276.424	71.88	
276.638	53.25	
276.852	56.73	
277.065	56.73	
277.279	66.15	
277.493	36.66	
277.706	53.86	
277.92	63.08	
278.134	55.09	
278.347	39.53	
278.561	36.86	
278.775	31.33	
278.988	22.32	
279.202	43.42	
279.415	57.55	
279.629	66.56	
279.843	61.85	
280.056	86.01	
280.27	86.42	
280.483	55.91	
280.697	54.68	
280.91	54.07	
281.124	44.85	
281.337	34.2	
281.551	50.79	
281.764	40.96	
281.978	33.18	
282.191	16.18	
282.405	25.19	
282.618	6.96	
282.832	19.66	
283.045	16.38	
283.259	16.59	
283.472	6.35	
283.686	24.78	
283.899	10.44	
284.112	18.84	
284.326	28.47	
284.539	35.63	
284.752	44.24	
284.966	51.61	
285.179	47.31	
285.393	36.25	
285.606	21.5	
285.819	20.27	
286.033	15.56	
286.246	32.77	
286.459	37.27	
286.672	50.79	
286.886	33.38	
287.099	55.09	
287.312	33.18	
287.525	21.09	
287.739	13.31	
287.952	26.62	
288.165	28.06	
288.378	38.91	
288.592	49.36	
288.805	56.73	
289.018	61.03	
289.231	61.23	
289.444	70.04	
289.657	61.44	
289.871	54.48	
290.084	43.62	
290.297	46.9	
290.51	40.14	
290.723	52.43	
290.936	72.5	
291.149	67.99	
291.362	71.27	
291.575	71.47	
291.789	58.37	
292.002	48.54	
292.215	54.07	
292.428	28.67	
292.641	29.08	
292.854	36.66	
293.067	28.88	
293.28	30.11	
293.493	39.32	
293.706	15.56	
293.919	30.51	
294.132	22.12	
294.345	21.3	
294.558	12.9	
294.77	31.33	
294.983	15.56	
295.196	29.7	
295.409	41.98	
295.622	56.93	
295.835	57.34	
296.048	65.13	
296.261	63.49	
296.474	52.22	
296.686	39.94	
296.899	48.95	
297.112	41.78	
297.325	44.85	
297.538	49.36	
297.751	59.19	
297.963	63.69	
298.176	69.02	
298.389	55.91	
298.602	60.21	
298.814	97.07	
299.027	88.47	
299.24	87.04	
299.453	113.05	
299.665	95.23	
299.878	44.44	
300.091	41.16	
300.303	43.62	
300.516	30.72	
300.729	48.33	
300.941	67.79	
301.154	63.69	
301.367	66.15	
301.579	63.9	
301.792	71.68	
302.005	61.23	
302.217	60.21	
302.43	58.57	
302.642	43.42	
302.855	24.78	
303.067	23.96	
303.28	28.88	
303.493	13.52	
303.705	41.57	
303.918	48.33	
304.13	66.35	
304.343	73.93	
304.555	92.57	
304.768	79.67	
304.98	73.11	
305.193	56.93	
305.405	67.38	
305.617	43.21	
305.83	50.18	
306.042	52.22	
306.255	46.69	
306.467	25.6	
306.68	30.92	
306.892	28.06	
307.104	45.67	
307.317	45.46	
307.529	71.68	
307.741	79.67	
307.954	80.08	
308.166	61.23	
308.378	71.06	
308.591	56.32	
308.803	63.28	
309.015	69.63	
309.228	78.44	
309.44	69.02	
309.652	70.04	
309.864	60.01	
310.077	45.46	
310.289	28.06	
310.501	39.53	
310.713	30.31	
310.926	40.96	
311.138	22.12	
311.35	45.06	
311.562	15.97	
311.774	22.53	
311.986	16.59	
312.199	56.52	
312.411	32.36	
312.623	54.07	
312.835	40.96	
313.047	34.61	
313.259	17	
313.471	31.13	
313.683	29.7	
313.895	46.49	
314.108	41.78	
314.32	45.46	
314.532	38.3	
314.744	45.26	
314.956	43.42	
315.168	58.78	
315.38	49.15	
315.592	81.3	
315.804	80.89	
316.016	104.45	
316.228	91.13	
316.44	106.7	
316.651	94.62	
316.863	91.75	
317.075	61.64	
317.287	57.14	
317.499	42.8	
317.711	41.16	
317.923	47.31	
318.135	42.8	
318.347	49.97	
318.559	71.06	
318.77	64.31	
318.982	61.23	
319.194	54.89	
319.406	54.27	
319.618	44.65	
319.83	35.63	
320.041	27.85	
320.253	37.48	
320.465	37.27	
320.677	24.99	
320.888	11.47	
321.1	26.62	
321.312	38.09	
321.524	39.94	
321.735	46.08	
321.947	47.92	
322.159	29.29	
322.37	20.48	
322.582	19.66	
322.794	22.73	
323.005	37.89	
323.217	34.41	
323.429	31.74	
323.64	39.53	
323.852	32.15	
324.063	31.95	
324.275	43.62	
324.487	44.85	
324.698	31.33	
324.91	39.32	
325.121	24.78	
325.333	17.82	
325.544	12.08	
325.756	21.5	
325.967	21.5	
326.179	47.31	
326.39	45.87	
326.602	53.66	
326.813	42.6	
327.025	29.49	
327.236	3.69	
327.448	4.3	
327.659	-4.92	
327.871	2.05	
328.082	18.23	
328.293	33.38	
328.505	36.04	
328.716	43.83	
328.928	53.45	
329.139	54.89	
329.35	50.99	
329.562	64.1	
329.773	85.61	
329.984	88.06	
330.196	77.41	
330.407	91.54	
330.618	79.46	
330.83	53.86	
331.041	41.16	
331.252	44.24	
331.463	39.53	
331.675	43.62	
331.886	53.86	
332.097	64.72	
332.308	53.45	
332.52	49.77	
332.731	56.32	
332.942	48.13	
333.153	56.73	
333.364	67.38	
333.575	61.44	
333.787	61.03	
333.998	54.89	
334.209	59.39	
334.42	41.16	
334.631	40.34	
334.842	34.61	
335.053	50.58	
335.264	32.36	
335.475	48.74	
335.686	44.24	
335.898	50.38	
336.109	31.13	
336.32	29.9	
336.531	36.04	
336.742	47.72	
336.953	35.23	
337.164	33.38	
337.375	32.15	
337.586	20.48	
337.797	8.19	
338.007	31.95	
338.218	41.57	
338.429	42.8	
338.64	47.92	
338.851	47.51	
339.062	23.96	
339.273	31.33	
339.484	28.88	
339.695	26.01	
339.906	38.3	
340.116	52.02	
340.327	47.72	
340.538	47.92	
340.749	39.53	
340.96	24.78	
341.171	4.92	
341.381	11.06	
341.592	19.87	
341.803	21.09	
342.014	36.86	
342.224	48.13	
342.435	36.86	
342.646	26.62	
342.857	34.2	
343.067	25.6	
343.278	41.16	
343.489	49.97	
343.699	60.62	
343.91	52.22	
344.121	41.57	
344.331	19.25	
344.542	14.13	
344.753	18.23	
344.963	29.9	
345.174	56.32	
345.384	70.65	
345.595	83.56	
345.806	75.98	
346.016	60.62	
346.227	47.31	
346.437	43.42	
346.648	33.18	
346.858	28.67	
347.069	35.84	
347.279	44.03	
347.49	37.27	
347.7	35.02	
347.911	24.78	
348.121	32.36	
348.332	30.11	
348.542	16.79	
348.753	6.14	
348.963	28.88	
349.173	23.76	
349.384	33.38	
349.594	48.13	
349.805	85.2	
350.015	64.1	
350.225	68.61	
350.436	75.57	
350.646	90.32	
350.856	59.19	
351.067	65.74	
351.277	45.26	
351.487	29.08	
351.698	5.53	
351.908	21.71	
352.118	24.37	
352.328	43.62	
352.539	52.84	
352.749	61.64	
352.959	41.78	
353.169	50.18	
353.38	44.24	
353.59	37.48	
353.8	39.32	
354.01	44.44	
354.22	44.65	
354.431	77.41	
354.641	73.52	
354.851	79.26	
355.061	92.98	
355.271	106.7	
355.481	80.89	
355.691	76.18	
355.901	59.39	
356.111	55.3	
356.321	33.38	
356.532	31.33	
356.742	25.8	
356.952	33.18	
357.162	22.94	
357.372	30.31	
357.582	24.58	
357.792	11.67	
358.002	15.77	
358.212	23.76	
358.422	21.3	
358.632	23.96	
358.842	38.71	
359.051	57.75	
359.261	49.15	
359.471	47.31	
359.681	65.53	
359.891	63.49	
360.101	48.33	
360.311	58.57	
360.521	52.84	
360.731	53.66	
360.94	49.56	
361.15	52.02	
361.36	47.92	
361.57	69.84	
361.78	69.22	
361.989	78.44	
362.199	87.45	
362.409	96.05	
362.619	65.53	
362.828	74.96	
363.038	69.43	
363.248	68.2	
363.458	69.63	
363.667	88.88	
363.877	69.43	
364.087	84.99	
364.296	73.11	
364.506	74.96	
364.716	68.61	
364.925	69.02	
365.135	52.43	
365.345	54.07	
365.554	48.33	
365.764	68.61	
365.973	70.04	
366.183	96.05	
366.393	87.45	
366.602	90.93	
366.812	58.57	
367.021	74.14	
367.231	46.9	
367.44	49.15	
367.65	60.62	
367.859	81.92	
368.069	61.03	
368.278	78.64	
368.488	97.69	
368.697	72.91	
368.907	71.68	
369.116	104.65	
369.326	100.96	
369.535	97.28	
369.744	109.98	
369.954	114.07	
370.163	90.52	
370.373	100.35	
370.582	97.28	
370.791	96.66	
371.001	83.35	
371.21	91.13	
371.419	75.16	
371.629	67.58	
371.838	71.27	
372.047	93.18	
372.256	82.33	
372.466	107.52	
372.675	109.98	
372.884	114.89	
373.093	108.54	
373.303	140.29	
373.512	129.23	
373.721	154.21	
373.93	144.38	
374.139	166.91	
374.349	151.55	
374.558	177.97	
374.767	172.23	
374.976	194.15	
375.185	200.5	
375.394	208.89	
375.603	212.78	
375.813	231.22	
376.022	245.96	
376.231	248.62	
376.44	271.77	
376.649	291.43	
376.858	311.09	
377.067	321.74	
377.276	338.94	
377.485	371.5	
377.694	374.37	
377.903	397.51	
378.112	418.2	
378.321	456.9	
378.53	462.23	
378.739	498.68	
378.948	505.85	
379.157	534.52	
379.366	552.54	
379.575	592.27	
379.784	611.32	
379.992	656.99	
380.201	728.05	
380.41	759.59	
380.619	794.41	
380.828	851.14	
381.037	892.71	
381.246	897.22	
381.454	944.32	
381.663	1018.86	
381.872	1065.15	
382.081	1143.59	
382.29	1221	
382.498	1282.85	
382.707	1331.38	
382.916	1397.74	
383.125	1416.58	
383.333	1478.84	
383.542	1577.14	
383.751	1653.94	
383.959	1745.28	
384.168	1858.94	
384.377	1965.23	
384.585	2054.93	
384.794	2139.51	
385.003	2244.57	
385.211	2346.15	
385.42	2431.35	
385.628	2545.01	
385.837	2655.6	
386.046	2761.07	
386.254	2899.1	
386.463	3017.48	
386.671	3168.62	
386.88	3310.75	
387.088	3462.71	
387.297	3612.82	
387.505	3811.88	
387.714	3927.59	
387.922	4096.35	
388.131	4289.47	
388.339	4469.08	
388.548	4617.15	
388.756	4800.85	
388.965	5008.92	
389.173	5164.77	
389.381	5384.31	
389.59	5613.48	
389.798	5875.21	
390.007	6119.95	
390.215	6377.37	
390.423	6630.5	
390.632	6886.91	
390.84	7139.42	
391.048	7380.67	
391.257	7669.64	
391.465	7907.21	
391.673	8191.26	
391.882	8459.13	
392.09	8756.7	
392.298	9051.41	
392.506	9366.39	
392.715	9690.17	
392.923	10055.94	
393.131	10387.91	
393.339	10744.46	
393.547	11143	
393.756	11515.73	
393.964	11893.99	
394.172	12296	
394.38	12679.38	
394.588	13042.49	
394.796	13475.02	
395.005	13848.57	
395.213	14303.22	
395.421	14742.51	
395.629	15198.39	
395.837	15624.57	
396.045	16129.39	
396.253	16584.04	
396.461	17115.08	
396.669	17668.44	
396.877	18219.14	
397.085	18777.83	
397.293	19390.99	
397.501	19961.35	
397.709	20591.3	
397.917	21194.02	
398.125	21901.59	
398.333	22573.53	
398.541	23268.2	
398.749	24015.92	
398.957	24756.87	
399.165	25500.9	
399.373	26185.12	
399.581	26964.58	
399.788	27688.33	
399.996	28515.92	
400.204	29345.55	
400.412	30250.14	
400.62	31154.93	
400.828	32169.08	
401.035	33225.63	
401.243	34058.74	
401.451	35004.5	
401.659	35842.93	
401.867	36642.87	
402.074	37441.37	
402.282	38460.03	
402.49	39305.85	
402.697	40296.04	
402.905	41159.46	
403.113	42003.22	
403.321	42723.7	
403.528	43474.08	
403.736	44162.4	
403.944	44864.44	
404.151	45797.91	
404.359	46560.98	
404.566	47276.95	
404.774	47957.49	
404.982	48575.77	
405.189	48921.06	
405.397	49406.84	
405.604	49825.44	
405.812	50115.02	
406.02	50148.2	
406.227	50395.6	
406.435	50345.22	
406.642	50239.54	
406.85	50265.34	
407.057	50358.94	
407.265	50037	
407.472	50017.75	
407.679	49829.33	
407.887	49344.58	
408.094	49015.67	
408.302	48473.99	
408.509	47761.09	
408.717	47247.66	
408.924	46603.58	
409.131	45742	
409.339	45122.49	
409.546	44354.29	
409.753	43485.75	
409.961	42762.41	
410.168	41955.92	
410.375	40958.35	
410.583	39899.96	
410.79	38933.52	
410.997	37782.36	
411.205	36840.5	
411.412	35845.39	
411.619	35020.27	
411.826	33974.37	
412.034	33060.36	
412.241	31942.37	
412.448	30985.97	
412.655	29960.14	
412.862	29035.9	
413.07	28143.8	
413.277	27334.24	
413.484	26502.97	
413.691	25739.28	
413.898	24962.69	
414.105	24206.38	
414.312	23567.61	
414.519	22874.17	
414.727	22255.48	
414.934	21744.92	
415.141	21267.75	
415.348	20697.39	
415.555	20227.38	
415.762	19751.43	
415.969	19188.65	
416.176	18750.59	
416.383	18292.25	
416.59	17875.08	
416.797	17419.41	
417.004	17138.43	
417.211	16723.71	
417.418	16424.3	
417.625	16135.54	
417.831	15802.13	
418.038	15441.89	
418.245	15114.83	
418.452	14798.42	
418.659	14484.46	
418.866	14208.81	
419.073	13922.5	
419.28	13618.99	
419.486	13363.82	
419.693	13062.97	
419.9	12809.43	
420.107	12571.66	
420.314	12320.78	
420.52	12050.04	
420.727	11786.26	
420.934	11509.99	
421.141	11225.94	
421.347	10955.2	
421.554	10671.97	
421.761	10379.92	
421.967	10133.96	
422.174	9836.19	
422.381	9586.75	
422.588	9333.21	
422.794	9099.74	
423.001	8868.52	
423.207	8630.14	
423.414	8379.26	
423.621	8082.1	
423.827	7822.22	
424.034	7538.37	
424.24	7328.25	
424.447	7108.09	
424.654	6956.13	
424.86	6744.99	
425.067	6545.31	
425.273	6340.51	
425.48	6144.32	
425.686	5930.71	
425.893	5772	
426.099	5603.86	
426.306	5460.5	
426.512	5307.52	
426.718	5162.93	
426.925	4993.56	
427.131	4861.47	
427.338	4701.52	
427.544	4570.04	
427.75	4434.47	
427.957	4310.77	
428.163	4213.49	
428.37	4085.9	
428.576	3992.92	
428.782	3883.56	
428.988	3823.76	
429.195	3717.88	
429.401	3626.34	
429.607	3533.57	
429.814	3473.76	
430.02	3386.93	
430.226	3302.35	
430.432	3237.84	
430.639	3158.38	
430.845	3079.33	
431.051	3026.08	
431.257	2979.18	
431.463	2919.17	
431.67	2849.13	
431.876	2795.89	
432.082	2712.74	
432.288	2654.37	
432.494	2592.52	
432.7	2550.34	
432.906	2480.29	
433.112	2442.82	
433.318	2399.4	
433.525	2370.93	
433.731	2305.4	
433.937	2265.05	
434.143	2184.57	
434.349	2125.38	
434.555	2063.94	
434.761	2018.48	
434.967	1968.1	
435.173	1948.85	
435.379	1903.59	
435.585	1865.09	
435.791	1824.94	
435.996	1798.73	
436.202	1755.72	
436.408	1712.51	
436.614	1651.69	
436.82	1623.42	
437.026	1551.95	
437.232	1504.44	
437.438	1459.38	
437.644	1419.86	
437.849	1383.81	
438.055	1360.26	
438.261	1309.47	
438.467	1282.03	
438.673	1244.14	
438.878	1184.14	
439.084	1160.99	
439.29	1150.34	
439.496	1103.45	
439.701	1082.35	
439.907	1055.11	
440.113	1010.88	
440.318	967.87	
440.524	926.91	
440.73	901.52	
440.935	880.42	
441.141	860.56	
441.347	856.67	
441.552	841.51	
441.758	822.67	
441.964	779.66	
442.169	762.87	
442.375	714.74	
442.58	718.84	
442.786	702.25	
442.991	712.49	
443.197	676.44	
443.402	675.42	
443.608	645.52	
443.813	635.48	
444.019	620.53	
444.224	620.12	
444.43	587.15	
444.635	564.62	
444.841	537.18	
445.046	538.62	
445.252	516.7	
445.457	520.18	
445.662	504.41	
445.868	494.58	
446.073	461.2	
446.278	457.52	
446.484	433.15	
446.689	425.98	
446.894	403.65	
447.1	384.61	
447.305	383.79	
447.51	378.26	
447.716	358.8	
447.921	361.88	
448.126	391.98	
448.331	358.19	
448.537	365.36	
448.742	366.38	
448.947	342.22	
449.152	309.24	
449.357	330.13	
449.563	317.64	
449.768	309.65	
449.973	310.06	
450.178	301.26	
450.383	269.51	
450.588	253.13	
450.793	261.73	
450.999	276.48	
451.204	267.46	
451.409	271.36	
451.614	269.51	
451.819	245.14	
452.024	217.29	
452.229	219.75	
452.434	224.87	
452.639	219.95	
452.844	223.43	
453.049	208.89	
453.254	195.79	
453.459	181.65	
453.664	178.58	
453.869	165.07	
454.074	181.86	
454.279	183.29	
454.483	178.99	
454.688	164.66	
454.893	189.23	
455.098	181.45	
455.303	180.02	
455.508	188.21	
455.713	186.37	
455.917	165.07	
456.122	169.16	
456.327	156.26	
456.532	154.21	
456.737	150.94	
456.941	151.55	
457.146	137.62	
457.351	136.39	
457.555	123.08	
457.76	145.82	
457.965	143.97	
458.17	154.62	
458.374	163.84	
458.579	161.58	
458.784	136.6	
458.988	126.36	
459.193	104.04	
459.397	95.23	
459.602	92.77	
459.807	114.28	
460.011	117.35	
460.216	124.11	
460.42	112.64	
460.625	95.44	
460.829	73.11	
461.034	69.43	
461.239	69.63	
461.443	78.03	
461.648	92.77	
461.852	105.68	
462.056	115.71	
462.261	110.18	
462.465	125.75	
462.67	122.47	
462.874	106.08	
463.079	90.11	
463.283	96.46	
463.487	87.24	
463.692	88.88	
463.896	87.86	
464.1	89.7	
464.305	80.69	
464.509	63.49	
464.713	71.06	
464.918	74.75	
465.122	74.34	
465.326	69.43	
465.531	63.49	
465.735	49.36	
465.939	46.49	
466.143	40.75	
466.348	40.75	
466.552	34.82	
466.756	39.53	
466.96	44.44	
467.164	58.16	
467.368	57.96	
467.573	80.69	
467.777	83.97	
467.981	79.26	
468.185	70.65	
468.389	92.77	
468.593	73.11	
468.797	56.11	
469.001	57.96	
469.205	47.51	
469.409	31.95	
469.613	40.14	
469.817	34.2	
470.021	36.66	
470.225	52.63	
470.429	41.57	
470.633	36.86	
470.837	58.98	
471.041	56.11	
471.245	54.89	
471.449	61.85	
471.653	73.52	
471.857	76.18	
472.061	57.34	
472.265	50.18	
472.469	49.77	
472.673	40.75	
472.876	30.31	
473.08	32.97	
473.284	49.77	
473.488	47.51	
473.692	59.6	
473.895	79.87	
474.099	101.37	
474.303	87.45	
474.507	92.77	
474.71	85.81	
474.914	59.19	
475.118	48.95	
475.322	47.31	
475.525	23.96	
475.729	32.77	
475.933	27.44	
476.136	55.7	
476.34	62.87	
476.543	82.74	
476.747	76.18	
476.951	79.26	
477.154	48.95	
477.358	48.54	
477.561	45.46	
477.765	39.94	
477.969	46.69	
478.172	47.1	
478.376	40.14	
478.579	44.03	
478.783	48.13	
478.986	48.74	
479.19	45.67	
479.393	53.25	
479.596	61.64	
479.8	60.01	
480.003	58.98	
480.207	53.45	
480.41	47.92	
480.614	46.08	
480.817	27.24	
481.02	29.08	
481.224	49.15	
481.427	43.83	
481.63	42.6	
481.834	78.03	
482.037	65.33	
482.24	55.91	
482.443	68.61	
482.647	60.42	
482.85	39.53	
483.053	58.16	
483.256	43.42	
483.46	45.67	
483.663	34.61	
483.866	50.18	
484.069	38.09	
484.272	36.04	
484.476	22.94	
484.679	47.1	
484.882	41.37	
485.085	34.2	
485.288	46.49	
485.491	43.83	
485.694	13.72	
485.897	11.26	
486.101	19.87	
486.304	39.94	
486.507	37.48	
486.71	45.26	
486.913	32.97	
487.116	35.43	
487.319	11.47	
487.522	12.7	
487.725	41.16	
487.928	45.87	
488.13	28.26	
488.333	33.79	
488.536	28.06	
488.739	8.81	
488.942	24.37	
489.145	55.5	
489.348	49.36	
489.551	62.05	
489.754	59.39	
489.956	43.01	
490.159	24.78	
490.362	24.58	
490.565	-6.35	
490.768	-9.83	
490.97	1.23	
491.173	13.11	
491.376	21.3	
491.579	32.56	
491.781	36.86	
491.984	38.3	
492.187	43.42	
492.39	29.7	
492.592	35.84	
492.795	48.54	
492.998	27.24	
493.2	21.5	
493.403	35.43	
493.605	62.67	
493.808	33.59	
494.011	33.59	
494.213	17.82	
494.416	15.36	
494.618	-12.49	
494.821	12.9	
495.023	22.73	
495.226	42.6	
495.428	41.78	
495.631	56.11	
495.833	43.01	
496.036	45.67	
496.238	36.04	
496.441	43.83	
496.643	40.75	
496.846	44.85	
497.048	45.26	
497.25	45.87	
497.453	44.44	
497.655	59.6	
497.858	68.4	
498.06	86.01	
498.262	73.93	
498.465	81.3	
498.667	65.94	
498.869	62.46	
499.071	31.95	
499.274	49.36	
499.476	25.8	
499.678	19.25	
499.881	8.6	
500.083	24.58	
500.285	2.05	
500.487	17.82	
500.689	13.72	
500.892	16.18	
501.094	2.25	
501.296	31.74	
501.498	17.82	
501.7	20.48	
501.902	23.96	
502.104	29.9	
502.306	23.35	
502.509	37.89	
502.711	39.12	
502.913	49.97	
503.115	38.91	
503.317	30.72	
503.519	18.64	
503.721	23.35	
503.923	34.41	
504.125	52.43	
504.327	51.81	
504.529	55.3	
504.731	65.13	
504.933	59.6	
505.134	45.67	
505.336	48.54	
505.538	63.9	
505.74	49.77	
505.942	24.78	
506.144	34	
506.346	23.76	
506.548	35.84	
506.749	38.71	
506.951	50.38	
507.153	53.45	
507.355	56.73	
507.557	44.24	
507.758	45.26	
507.96	39.12	
508.162	37.68	
508.363	30.51	
508.565	24.17	
508.767	10.65	
508.969	7.17	
509.17	9.01	
509.372	14.34	
509.574	2.66	
509.775	3.89	
509.977	4.51	
510.178	6.96	
510.38	9.22	
510.582	25.6	
510.783	27.65	
510.985	36.45	
511.186	26.01	
511.388	40.96	
511.589	38.3	
511.791	48.74	
511.992	41.57	
512.194	38.71	
512.395	15.56	
512.597	8.19	
512.798	3.48	
513	8.19	
513.201	20.48	
513.403	37.27	
513.604	35.84	
513.805	25.6	
514.007	24.78	
514.208	-0.61	
514.409	-2.66	
514.611	4.1	
514.812	13.52	
515.013	29.49	
515.215	46.9	
515.416	45.67	
515.617	36.66	
515.819	34.2	
516.02	19.87	
516.221	24.17	
516.422	23.14	
516.623	27.24	
516.825	22.53	
517.026	13.11	
517.227	2.25	
517.428	-9.42	
517.629	-9.42	
517.83	7.99	
518.032	24.17	
518.233	33.79	
518.434	37.89	
518.635	41.16	
518.836	30.72	
519.037	26.83	
519.238	35.02	
519.439	37.48	
519.64	37.07	
519.841	38.91	
520.042	37.27	
520.243	24.78	
520.444	26.21	
520.645	19.87	
520.846	8.19	
521.047	12.08	
521.248	14.95	
521.449	24.58	
521.65	30.51	
521.851	53.86	
522.052	46.28	
522.252	50.99	
522.453	41.78	
522.654	32.77	
522.855	13.52	
523.056	14.75	
523.257	19.05	
523.457	16.59	
523.658	19.25	
523.859	27.85	
524.06	17.2	
524.26	5.94	
524.461	6.96	
524.662	12.29	
524.862	9.01	
525.063	17.41	
525.264	19.25	
525.464	16.79	
525.665	22.73	
525.866	49.15	
526.066	39.53	
526.267	43.42	
526.468	40.14	
526.668	41.37	
526.869	22.73	
527.069	34.41	
527.27	46.69	
527.47	61.03	
527.671	46.9	
527.871	41.57	
528.072	41.57	
528.272	38.71	
528.473	37.07	
528.673	59.6	
528.874	59.8	
529.074	76.39	
529.275	66.97	
529.475	64.31	
529.675	32.15	
529.876	37.89	
530.076	16.38	
530.277	7.78	
530.477	0.2	
530.677	8.19	
530.878	0.82	
531.078	9.83	
531.278	6.76	
531.478	3.69	
531.679	9.01	
531.879	9.22	
532.079	5.53	
532.28	18.64	
532.48	26.21	
532.68	25.39	
532.88	24.37	
533.08	9.01	
533.28	5.12	
533.481	5.12	
533.681	6.96	
533.881	19.87	
534.081	31.74	
534.281	35.23	
534.481	39.32	
534.681	48.54	
534.881	29.49	
535.081	27.44	
535.281	15.36	
535.481	24.17	
535.682	23.35	
535.882	40.75	
536.082	50.58	
536.281	64.1	
536.481	54.68	
536.681	47.72	
536.881	36.25	
537.081	31.13	
537.281	17.2	
537.481	13.11	
537.681	10.24	
537.881	14.13	
538.081	18.84	
538.281	31.95	
538.48	15.36	
538.68	30.11	
538.88	47.72	
539.08	40.75	
539.28	29.7	
539.479	66.15	
539.679	57.96	
539.879	46.08	
540.079	39.12	
540.278	40.96	
540.478	6.35	
540.678	0.61	
540.877	-1.84	
541.077	12.29	
541.277	16.18	
541.476	41.57	
541.676	43.42	
541.876	57.96	
542.075	47.72	
542.275	42.19	
542.474	32.56	
542.674	33.38	
542.874	4.71	
543.073	11.26	
543.273	16.59	
543.472	20.68	
543.672	13.31	
543.871	14.95	
544.071	9.42	
544.27	34.61	
544.47	26.21	
544.669	40.34	
544.868	54.48	
545.068	62.46	
545.267	38.71	
545.467	60.42	
545.666	50.79	
545.865	60.21	
546.065	60.42	
546.264	56.52	
546.463	36.66	
546.663	42.39	
546.862	30.31	
547.061	29.49	
547.261	32.77	
547.46	49.77	
547.659	45.26	
547.858	54.68	
548.058	54.48	
548.257	60.82	
548.456	52.43	
548.655	59.19	
548.854	53.04	
549.053	71.88	
549.253	62.87	
549.452	60.21	
549.651	58.98	
549.85	70.25	
550.049	45.06	
550.248	40.96	
550.447	37.68	
550.646	48.74	
550.845	47.31	
551.044	49.97	
551.243	55.09	
551.442	70.45	
551.641	52.02	
551.84	64.92	
552.039	68.61	
552.238	70.25	
552.437	54.89	
552.636	51.4	
552.835	33.59	
553.034	42.39	
553.233	53.66	
553.432	57.14	
553.63	71.88	
553.829	61.03	
554.028	39.12	
554.227	35.63	
554.426	26.21	
554.625	16.79	
554.823	16.59	
555.022	33.79	
555.221	27.85	
555.42	41.37	
555.618	53.86	
555.817	56.32	
556.016	47.31	
556.214	56.11	
556.413	49.15	
556.612	41.98	
556.81	52.63	
557.009	62.05	
557.208	56.73	
557.406	64.92	
557.605	60.42	
557.803	49.15	
558.002	30.31	
558.201	13.11	
558.399	6.55	
558.598	-1.64	
558.796	-6.96	
558.995	14.95	
559.193	28.67	
559.392	35.02	
559.59	44.03	
559.789	58.37	
559.987	65.33	
560.185	81.71	
560.384	76.8	
560.582	81.3	
560.781	94.62	
560.979	82.74	
561.177	66.97	
561.376	61.23	
561.574	72.7	
561.772	38.5	
561.971	59.39	
562.169	68.81	
562.367	63.69	
562.566	37.07	
562.764	46.28	
562.962	27.03	
563.16	7.17	
563.358	24.37	
563.557	34.2	
563.755	45.46	
563.953	30.72	
564.151	43.21	
564.349	39.12	
564.547	47.31	
564.746	23.55	
564.944	23.35	
565.142	14.95	
565.34	6.55	
565.538	-3.48	
565.736	9.01	
565.934	9.83	
566.132	9.63	
566.33	25.39	
566.528	41.37	
566.726	37.68	
566.924	50.38	
567.122	49.77	
567.32	22.94	
567.518	10.04	
567.716	7.78	
567.914	-2.05	
568.112	10.44	
568.31	26.83	
568.507	30.51	
568.705	19.66	
568.903	15.15	
569.101	2.46	
569.299	5.73	
569.497	5.53	
569.694	19.66	
569.892	21.71	
570.09	44.03	
570.288	32.15	
570.486	42.8	
570.683	51.4	
570.881	50.99	
571.079	35.02	
571.276	47.92	
571.474	32.36	
571.672	29.7	
571.869	40.75	
572.067	40.34	
572.265	38.71	
572.462	47.31	
572.66	45.67	
572.857	52.84	
573.055	59.39	
573.253	63.9	
573.45	53.04	
573.648	59.19	
573.845	46.49	
574.043	38.91	
574.24	35.43	
574.438	33.59	
574.635	28.88	
574.832	18.43	
575.03	27.03	
575.227	58.78	
575.425	52.84	
575.622	50.79	
575.82	56.32	
576.017	60.42	
576.214	33.18	
576.412	48.33	
576.609	33.79	
576.806	36.25	
577.004	29.08	
577.201	31.95	
577.398	37.07	
577.595	69.02	
577.793	81.71	
577.99	82.12	
578.187	66.15	
578.384	49.15	
578.582	30.31	
578.779	37.48	
578.976	41.57	
579.173	60.01	
579.37	69.84	
579.567	86.22	
579.764	73.93	
579.962	67.58	
580.159	64.51	
580.356	72.91	
580.553	73.52	
580.75	71.47	
580.947	65.94	
581.144	67.99	
581.341	46.9	
581.538	44.85	
581.735	45.87	
581.932	57.14	
582.129	31.33	
582.326	50.99	
582.523	24.78	
582.72	13.72	
582.916	10.04	
583.113	26.21	
583.31	18.43	
583.507	36.66	
583.704	58.98	
583.901	66.76	
584.098	55.91	
584.294	56.32	
584.491	46.08	
584.688	35.84	
584.885	17.41	
585.082	43.62	
585.278	41.57	
585.475	26.62	
585.672	19.87	
585.868	24.37	
586.065	0.2	
586.262	-4.92	
586.458	13.31	
586.655	22.53	
586.852	14.34	
587.048	15.56	
587.245	-0.2	
587.442	20.68	
587.638	25.39	
587.835	51.61	
588.031	57.96	
588.228	86.01	
588.424	69.22	
588.621	75.16	
588.817	57.14	
589.014	76.18	
589.21	64.92	
589.407	44.03	
589.603	13.72	
589.8	20.89	
589.996	18.43	
590.192	23.76	
590.389	45.26	
590.585	58.98	
590.782	63.9	
590.978	68.4	
591.174	64.72	
591.371	67.58	
591.567	65.74	
591.763	46.9	
591.959	29.9	
592.156	38.3	
592.352	35.23	
592.548	35.02	
592.744	47.92	
592.941	43.83	
593.137	43.42	
593.333	35.02	
593.529	65.33	
593.725	69.63	
593.922	50.18	
594.118	45.06	
594.314	29.49	
594.51	0.61	
594.706	-10.04	
594.902	10.85	
595.098	17.61	
595.294	41.37	
595.49	24.58	
595.686	34.41	
595.882	22.94	
596.078	32.15	
596.274	28.47	
596.47	49.77	
596.666	36.66	
596.862	38.09	
597.058	20.68	
597.254	24.99	
597.45	10.65	
597.646	22.94	
597.842	28.26	
598.037	43.83	
598.233	39.73	
598.429	62.87	
598.625	40.55	
598.821	42.39	
599.017	17.41	
599.212	17.2	
599.408	16.79	
599.604	23.14	
599.8	26.21	
599.995	29.9	
600.191	39.32	
600.387	27.24	
600.582	45.46	
600.778	47.31	
600.974	50.79	
601.169	44.24	
601.365	56.52	
601.561	45.26	
601.756	31.74	
601.952	40.14	
602.147	23.76	
602.343	15.15	
602.538	16.38	
602.734	28.06	
602.93	33.59	
603.125	49.97	
603.321	51.61	
603.516	48.13	
603.711	43.01	
603.907	33.18	
604.102	28.47	
604.298	31.54	
604.493	37.48	
604.689	41.78	
604.884	40.55	
605.079	43.01	
605.275	33.18	
605.47	24.37	
605.665	20.07	
605.861	31.54	
606.056	22.53	
606.251	2.87	
606.447	10.65	
606.642	16.79	
606.837	3.07	
607.032	23.35	
607.227	36.45	
607.423	36.45	
607.618	22.32	
607.813	24.17	
608.008	5.94	
608.203	34.2	
608.398	47.92	
608.594	51.81	
608.789	44.24	
608.984	60.42	
609.179	40.14	
609.374	22.94	
609.569	32.56	
609.764	30.31	
609.959	24.99	
610.154	26.21	
610.349	35.43	
610.544	37.89	
610.739	47.31	
610.934	36.66	
611.129	45.87	
611.324	56.73	
611.519	44.85	
611.714	48.95	
611.909	43.83	
612.103	52.22	
612.298	34	
612.493	53.66	
612.688	45.46	
612.883	68.2	
613.078	55.91	
613.272	60.01	
613.467	56.93	
613.662	67.58	
613.857	68.4	
614.051	67.79	
614.246	53.86	
614.441	44.03	
614.635	32.97	
614.83	18.43	
615.025	10.65	
615.219	13.31	
615.414	4.3	
615.609	1.84	
615.803	4.1	
615.998	11.88	
616.192	13.72	
616.387	34.82	
616.582	50.99	
616.776	54.27	
616.971	59.8	
617.165	62.46	
617.36	42.8	
617.554	40.14	
617.749	49.15	
617.943	38.91	
618.138	40.75	
618.332	40.96	
618.526	34.61	
618.721	21.91	
618.915	38.91	
619.11	41.78	
619.304	43.62	
619.498	41.57	
619.693	44.03	
619.887	23.35	
620.081	14.54	
620.275	28.26	
620.47	29.7	
620.664	36.66	
620.858	32.97	
621.052	36.66	
621.247	26.83	
621.441	32.15	
621.635	28.67	
621.829	37.07	
622.023	44.24	
622.218	61.64	
622.412	63.28	
622.606	56.11	
622.8	62.46	
622.994	53.66	
623.188	36.25	
623.382	25.6	
623.576	29.29	
623.77	8.4	
623.964	27.03	
624.158	24.58	
624.352	15.15	
624.546	21.91	
624.74	33.59	
624.934	22.94	
625.128	29.29	
625.322	37.68	
625.516	26.21	
625.71	24.99	
625.904	9.22	
626.098	12.49	
626.291	14.13	
626.485	8.81	
626.679	-2.46	
626.873	24.17	
627.067	12.9	
627.26	15.77	
627.454	34	
627.648	59.6	
627.842	40.14	
628.035	49.56	
628.229	47.1	
628.423	41.37	
628.617	17.61	
628.81	25.8	
629.004	18.64	
629.198	38.71	
629.391	32.15	
629.585	54.27	
629.778	43.42	
629.972	53.86	
630.166	41.98	
630.359	40.14	
630.553	24.78	
630.746	32.77	
630.94	34.61	
631.133	8.6	
631.327	11.67	
631.52	14.95	
631.714	12.9	
631.907	0.41	
632.1	36.25	
632.294	37.27	
632.487	35.02	
632.681	44.65	
632.874	43.01	
633.067	44.24	
633.261	41.57	
633.454	54.07	
633.647	46.08	
633.841	36.04	
634.034	28.88	
634.227	28.88	
634.421	10.65	
634.614	10.44	
634.807	14.13	
635	-5.94	
635.193	6.55	
635.387	2.66	
635.58	-4.71	
635.773	2.05	
635.966	17.41	
636.159	7.78	
636.352	4.71	
636.545	10.85	
636.739	7.17	
636.932	4.71	
637.125	0.61	
637.318	3.28	
637.511	5.53	
637.704	10.85	
637.897	17.82	
638.09	12.9	
638.283	22.32	
638.476	26.21	
638.669	33.79	
638.862	32.97	
639.055	35.02	
639.247	38.91	
639.44	21.91	
639.633	21.71	
639.826	7.17	
640.019	20.68	
640.212	20.27	
640.405	40.75	
640.597	28.88	
640.79	31.33	
640.983	18.84	
641.176	20.27	
641.368	24.37	
641.561	41.37	
641.754	30.92	
641.947	57.14	
642.139	54.07	
642.332	41.57	
642.525	32.97	
642.717	46.69	
642.91	17	
643.103	14.13	
643.295	4.92	
643.488	-1.64	
643.68	-3.07	
643.873	13.31	
644.065	11.47	
644.258	14.13	
644.45	18.23	
644.643	14.13	
644.835	-6.76	
645.028	-3.69	
645.22	4.3	
645.413	-0.2	
645.605	-7.78	
645.798	-1.64	
645.99	9.42	
646.182	9.63	
646.375	6.55	
646.567	10.85	
646.76	6.14	
646.952	2.25	
647.144	3.69	
647.337	11.47	
647.529	19.46	
647.721	31.13	
647.913	27.24	
648.106	11.26	
648.298	2.87	
648.49	-0.82	
648.682	-10.85	
648.874	-7.17	
649.067	7.17	
649.259	17.82	
649.451	24.37	
649.643	38.91	
649.835	44.65	
650.027	47.51	
650.219	33.59	
650.411	21.71	
650.603	5.94	
650.796	13.93	
650.988	-3.48	
651.18	16.38	
651.372	42.6	
651.564	54.89	
651.756	22.32	
651.948	38.5	
652.139	19.66	
652.331	4.3	
652.523	-0.2	
652.715	5.53	
652.907	4.1	
653.099	19.25	
653.291	18.64	
653.483	17.41	
653.674	36.66	
653.866	39.32	
654.058	28.67	
654.25	11.67	
654.442	11.88	
654.633	-3.69	
654.825	-10.85	
655.017	-2.66	
655.209	7.58	
655.4	12.9	
655.592	2.05	
655.784	2.87	
655.975	-1.23	
656.167	0.41	
656.359	-9.83	
656.55	3.28	
656.742	-3.48	
656.933	11.67	
657.125	13.31	
657.316	16.38	
657.508	17.82	
657.7	34.2	
657.891	-0	
658.083	6.96	
658.274	4.51	
658.466	-1.02	
658.657	-14.95	
658.848	-3.48	
659.04	-9.42	
659.231	-0.82	
659.423	-6.55	
659.614	-3.28	
659.805	15.77	
659.997	41.16	
660.188	45.87	
660.379	72.29	
660.571	60.21	
660.762	52.43	
660.953	29.7	
661.145	25.6	
661.336	3.07	
661.527	93.59	
661.718	88.27	
661.909	86.83	
662.101	89.7	
662.292	87.24	
662.483	-0.61	
662.674	-0.2	
662.865	-5.94	
663.056	-23.96	
663.247	-24.17	
663.439	0.82	
663.63	7.37	
663.821	6.96	
664.012	15.36	
664.203	39.94	
664.394	20.07	
664.585	11.47	
664.776	0.41	
664.967	13.72	
665.158	4.3	
665.349	25.39	
665.54	33.59	
665.73	58.98	
665.921	30.92	
666.112	31.74	
666.303	6.76	
666.494	21.91	
666.685	2.87	
666.876	20.68	
667.066	4.1	
667.257	15.56	
667.448	-14.34	
667.639	-0.2	
667.83	-1.64	
668.02	4.92	
668.211	4.71	
668.402	14.13	
668.592	-8.19	
668.783	-6.55	
668.974	-8.19	
669.164	-2.87	
669.355	-2.87	
669.546	15.77	
669.736	14.95	
669.927	15.77	
670.117	8.19	
670.308	7.37	
670.499	2.87	
670.689	4.51	
670.88	6.55	
671.07	2.25	
671.261	-4.3	
671.451	0.82	
671.641	1.23	
671.832	-7.78	
672.022	9.22	
672.213	15.77	
672.403	10.44	
672.594	15.36	
672.784	17.61	
672.974	14.95	
673.165	6.76	
673.355	7.37	
673.545	11.26	
673.736	40.34	
673.926	12.9	
674.116	32.15	
674.306	13.52	
674.497	0.61	
674.687	-26.01	
674.877	-19.46	
675.067	-34.82	
675.257	-15.56	
675.448	-15.97	
675.638	-5.94	
675.828	-9.22	
676.018	-4.92	
676.208	-14.34	
676.398	-9.01	
676.588	-15.15	
676.778	0.61	
676.968	8.6	
677.158	20.89	
677.348	2.25	
677.538	-3.48	
677.728	-6.76	
677.918	-14.34	
678.108	-20.48	
678.298	-10.65	
678.488	-12.29	
678.678	-0.82	
678.868	2.87	
679.058	9.01	
679.248	7.99	
679.438	22.94	
679.627	13.72	
679.817	9.01	
680.007	4.51	
680.197	8.81	
680.387	-4.92	
680.576	-4.3	
680.766	4.51	
680.956	21.3	
681.146	37.89	
681.335	45.87	
681.525	40.55	
681.715	34.2	
681.904	27.03	
682.094	2.87	
682.284	-1.64	
682.473	4.71	
682.663	18.43	
682.852	9.01	
683.042	28.26	
683.231	34.41	
683.421	36.04	
683.61	25.8	
683.8	20.89	
683.989	16.18	
684.179	15.56	
684.368	-1.64	
684.558	-14.54	
684.747	-9.22	
684.937	-27.85	
685.126	-23.35	
685.316	-11.67	
685.505	-18.43	
685.694	-5.12	
685.884	22.32	
686.073	9.83	
686.262	3.89	
686.452	20.07	
686.641	11.06	
686.83	4.92	
687.019	14.13	
687.209	30.11	
687.398	47.92	
687.587	42.8	
687.776	36.25	
687.965	24.17	
688.155	14.95	
688.344	-12.29	
688.533	-19.87	
688.722	-31.13	
688.911	-16.18	
689.1	-14.13	
689.289	-1.84	
689.478	4.1	
689.667	11.67	
689.856	-4.1	
690.045	-19.25	
690.234	-28.26	
690.423	-10.04	
690.612	-1.84	
690.801	13.31	
690.99	13.93	
691.179	24.37	
691.368	19.66	
691.557	21.71	
691.746	30.72	
691.935	36.04	
692.124	28.06	
692.312	27.85	
692.501	16.59	
692.69	9.83	
692.879	5.32	
693.068	5.32	
693.256	4.1	
693.445	20.48	
693.634	11.47	
693.823	12.08	
694.011	18.23	
694.2	16.38	
694.389	5.32	
694.577	10.44	
694.766	12.08	
694.955	6.55	
695.143	-18.43	
695.332	-15.56	
695.52	-33.79	
695.709	-22.73	
695.897	-19.46	
696.086	-0.82	
696.275	-10.04	
696.463	3.07	
696.652	3.48	
696.84	1.23	
697.028	5.73	
697.217	3.69	
697.405	21.5	
697.594	22.73	
697.782	19.25	
697.971	14.34	
698.159	18.02	
698.347	2.05	
698.536	-4.51	
698.724	-0.2	
698.912	-4.1	
699.1	-0.2	
699.289	7.99	
699.477	7.58	
699.665	7.99	
699.854	5.73	
700.042	5.53	
700.23	-7.17	
700.418	-0.41	
700.606	-4.51	
700.794	1.43	
700.983	13.31	
701.171	27.65	
701.359	12.29	
701.547	14.75	
701.735	26.42	
701.923	17.41	
702.111	-0.2	
702.299	0.61	
702.487	20.07	
702.675	2.87	
702.863	-0.61	
703.051	-0.2	
703.239	7.17	
703.427	-17.82	
703.615	-25.39	
703.803	-15.77	
703.991	-4.51	
704.179	-8.6	
704.367	7.78	
704.554	29.08	
704.742	5.32	
704.93	8.19	
705.118	29.08	
705.306	11.67	
705.493	5.12	
705.681	4.3	
705.869	8.81	
706.057	6.35	
706.244	18.43	
706.432	16.79	
706.62	30.51	
706.807	5.73	
706.995	2.25	
707.183	-15.77	
707.37	-2.46	
707.558	1.64	
707.746	26.01	
707.933	32.56	
708.121	69.84	
708.308	49.56	
708.496	35.23	
708.683	19.66	
708.871	15.36	
709.058	-17.2	
709.246	-7.58	
709.433	-12.49	
709.621	-8.19	
709.808	-16.18	
709.995	-3.07	
710.183	-5.12	
710.37	22.32	
710.558	13.72	
710.745	10.24	
710.932	-0.82	
711.12	3.48	
711.307	-7.99	
711.494	5.12	
711.681	17.82	
711.869	11.26	
712.056	7.37	
712.243	10.65	
712.43	4.51	
712.618	2.25	
712.805	-2.25	
712.992	1.23	
713.179	-7.99	
713.366	-11.06	
713.553	-12.49	
713.74	1.23	
713.928	-10.85	
714.115	8.4	
714.302	4.51	
714.489	10.04	
714.676	14.13	
714.863	35.02	
715.05	16.38	
715.237	23.96	
715.424	6.76	
715.611	18.64	
715.798	11.26	
715.984	18.84	
716.171	20.89	
716.358	28.06	
716.545	17.2	
716.732	17.82	
716.919	12.29	
717.106	16.38	
717.293	15.77	
717.479	10.44	
717.666	-2.05	
717.853	-13.52	
718.04	-12.7	
718.226	-5.12	
718.413	-28.88	
718.6	-11.88	
718.786	3.48	
718.973	2.05	
719.16	-13.31	
719.346	20.48	
719.533	2.87	
719.72	8.6	
719.906	2.05	
720.093	7.37	
720.279	-4.1	
720.466	-2.87	
720.652	-3.07	
720.839	2.46	
721.025	14.34	
721.212	13.52	
721.398	26.21	
721.585	24.78	
721.771	17.82	
721.958	8.4	
722.144	22.94	
722.331	1.23	
722.517	-4.71	
722.703	-2.66	
722.89	-10.44	
723.076	-8.19	
723.262	8.81	
723.449	19.46	
723.635	12.08	
723.821	14.13	
724.007	-6.55	
724.194	-7.58	
724.38	-17	
724.566	-14.75	
724.752	-2.46	
724.938	14.95	
725.125	24.37	
725.311	29.9	
725.497	26.83	
725.683	23.96	
725.869	10.24	
726.055	4.51	
726.241	0.61	
726.427	2.46	
726.613	4.51	
726.799	19.66	
726.985	-1.64	
727.171	12.9	
727.357	41.98	
727.543	41.78	
727.729	29.49	
727.915	53.66	
728.101	51.2	
728.287	26.21	
728.473	13.93	
728.659	12.08	
728.845	0.61	
729.03	-15.77	
729.216	-13.72	
729.402	-7.37	
729.588	4.71	
729.774	8.81	
729.959	-7.78	
730.145	-1.84	
730.331	-0.82	
730.517	-2.46	
730.702	-6.14	
730.888	16.59	
731.074	2.25	
731.259	4.92	
731.445	2.46	
731.63	11.47	
731.816	2.87	
732.002	32.36	
732.187	28.67	
732.373	26.62	
732.558	24.78	
732.744	41.16	
732.929	17	
733.115	9.63	
733.3	-8.6	
733.486	-6.35	
733.671	-37.27	
733.857	-19.66	
734.042	-8.6	
734.227	4.51	
734.413	3.69	
734.598	37.68	
734.784	16.79	
734.969	16.59	
735.154	25.8	
735.339	20.89	
735.525	21.71	
735.71	45.46	
735.895	33.59	
736.081	27.85	
736.266	30.31	
736.451	10.24	
736.636	6.14	
736.821	6.35	
737.007	-1.84	
737.192	4.71	
737.377	2.87	
737.562	-10.65	
737.747	-4.51	
737.932	9.22	
738.117	-10.85	
738.302	6.55	
738.487	8.81	
738.672	5.94	
738.857	5.53	
739.042	11.26	
739.227	17.2	
739.412	23.14	
739.597	23.55	
739.782	26.62	
739.967	27.44	
740.152	17.41	
740.337	18.02	
740.522	20.27	
740.706	15.15	
740.891	37.27	
741.076	34.2	
741.261	32.97	
741.446	19.25	
741.63	20.68	
741.815	12.29	
742	-2.25	
742.185	-3.07	
742.369	9.22	
742.554	-10.24	
742.739	-12.08	
742.923	4.1	
743.108	12.9	
743.293	11.47	
743.477	23.35	
743.662	24.58	
743.846	17.41	
744.031	13.31	
744.216	16.59	
744.4	33.38	
744.585	25.19	
744.769	44.65	
744.954	37.68	
745.138	34.41	
745.322	29.7	
745.507	15.97	
745.691	0	
745.876	-7.17	
746.06	-0.2	
746.244	-7.58	
746.429	13.72	
746.613	14.13	
746.798	20.27	
746.982	17.41	
747.166	22.53	
747.35	13.31	
747.535	15.77	
747.719	25.8	
747.903	23.35	
748.087	9.83	
748.272	17.61	
748.456	24.78	
748.64	13.72	
748.824	27.85	
749.008	39.73	
749.192	31.13	
749.376	19.87	
749.56	10.65	
749.745	-12.49	
749.929	-14.34	
750.113	-14.54	
750.297	-18.64	
750.481	-9.01	
750.665	-5.12	
750.849	-13.11	
751.033	-10.65	
751.217	-9.42	
751.4	-3.28	
751.584	5.53	
751.768	17.41	
751.952	18.43	
752.136	22.94	
752.32	6.55	
752.504	17.82	
752.688	12.49	
752.871	12.29	
753.055	10.65	
753.239	15.56	
753.423	3.07	
753.606	-0	
753.79	7.99	
753.974	4.71	
754.157	5.73	
754.341	13.72	
754.525	13.31	
754.708	8.81	
754.892	3.28	
755.076	11.06	
755.259	17.41	
755.443	17.82	
755.626	19.25	
755.81	32.36	
755.993	36.86	
756.177	18.84	
756.36	15.77	
756.544	6.55	
756.727	-5.32	
756.911	-7.17	
757.094	-6.35	
757.278	-2.66	
757.461	-4.51	
757.644	1.02	
757.828	-6.96	
758.011	-1.02	
758.195	0	
758.378	-4.1	
758.561	1.64	
758.744	-8.81	
758.928	-7.99	
759.111	-3.69	
759.294	19.66	
759.477	20.89	
759.661	29.08	
759.844	44.44	
760.027	28.06	
760.21	5.73	
760.393	6.55	
760.576	5.32	
760.76	-8.81	
760.943	-9.63	
761.126	19.66	
761.309	20.68	
761.492	28.06	
761.675	21.71	
761.858	44.03	
762.041	15.36	
762.224	-5.73	
762.407	-8.6	
762.59	5.73	
762.773	-15.56	
762.956	-2.87	
763.139	4.3	
763.321	5.53	
763.504	-16.18	
763.687	-8.4	
763.87	-17	
764.053	-1.43	
764.236	7.78	
764.418	25.6	
764.601	32.36	
764.784	38.71	
764.967	46.49	
765.149	44.85	
765.332	44.65	
765.515	47.72	
765.697	37.68	
765.88	25.39	
766.063	19.25	
766.245	12.49	
766.428	3.69	
766.611	6.76	
766.793	-3.48	
766.976	15.15	
767.158	1.23	
767.341	19.46	
767.523	19.46	
767.706	25.8	
767.888	7.78	
768.071	35.84	
768.253	22.73	
768.436	32.36	
768.618	43.21	
768.8	56.93	
768.983	46.69	
769.165	40.14	
769.348	24.58	
769.53	17.2	
769.712	4.92	
769.895	8.4	
770.077	15.77	
770.259	19.87	
770.441	-3.07	
770.624	8.4	
770.806	-4.92	
770.988	-17	
771.17	-18.02	
771.352	25.6	
771.535	23.96	
771.717	29.29	
771.899	24.99	
772.081	50.79	
772.263	27.24	
772.445	7.58	
772.627	0.2	
772.809	11.06	
772.991	0.82	
773.173	12.29	
773.355	27.44	
773.537	29.08	
773.719	30.72	
773.901	23.96	
774.083	6.14	
774.265	-3.28	
774.447	3.28	
774.629	2.87	
774.811	-4.92	
774.992	-0.41	
775.174	-2.05	
775.356	-3.89	
775.538	-11.26	
775.72	-5.53	
775.901	-0	
776.083	1.23	
776.265	-3.28	
776.447	11.26	
776.628	19.46	
776.81	17.41	
776.992	25.39	
777.173	34.2	
777.355	19.25	
777.537	27.85	
777.718	22.73	
777.9	29.08	
778.081	34.61	
778.263	47.72	
778.444	39.12	
778.626	36.86	
778.807	21.71	
778.989	7.37	
779.17	-2.66	
779.352	-18.84	
779.533	-20.68	
779.715	-6.14	
779.896	-13.93	
780.078	1.43	
780.259	12.29	
780.44	14.95	
780.622	5.32	
780.803	45.46	
780.984	42.39	
781.166	35.02	
781.347	33.38	
781.528	30.92	
781.709	2.05	
781.891	-0	
782.072	8.4	
782.253	15.36	
782.434	10.85	
782.615	17.61	
782.796	14.13	
782.978	31.33	
783.159	32.36	
783.34	49.36	
783.521	35.43	
783.702	26.83	
783.883	3.48	
784.064	26.01	
784.245	2.46	
784.426	7.58	
784.607	4.1	
784.788	8.81	
784.969	-19.25	
785.15	-2.87	
785.331	-26.62	
785.512	-3.89	
785.692	-19.25	
785.873	-14.34	
786.054	-21.09	
786.235	11.67	
786.416	3.28	
786.597	12.49	
786.777	1.43	
786.958	2.66	
787.139	-9.01	
787.32	-4.51	
787.5	6.76	
787.681	12.49	
787.862	13.31	
788.042	21.71	
788.223	21.91	
788.404	7.37	
788.584	22.94	
788.765	25.19	
788.946	28.47	
789.126	28.67	
789.307	45.06	
789.487	39.94	
789.668	23.14	
789.848	12.08	
790.029	-7.37	
790.209	-17.2	
790.39	-37.48	
790.57	-25.6	
790.75	-13.72	
790.931	-1.43	
791.111	2.66	
791.292	32.56	
791.472	23.55	
791.652	25.8	
791.833	26.62	
792.013	28.06	
792.193	11.88	
792.373	20.07	
792.554	5.73	
792.734	10.65	
792.914	3.28	
793.094	3.48	
793.275	13.31	
793.455	14.34	
793.635	12.49	
793.815	16.79	
793.995	11.67	
794.175	7.58	
794.355	33.18	
794.535	35.02	
794.715	26.01	
794.896	15.97	
795.076	0.82	
795.256	-12.7	
795.436	-26.62	
795.616	-15.77	
795.795	2.05	
795.975	17.2	
796.155	22.94	
796.335	27.03	
796.515	23.55	
796.695	38.5	
796.875	50.18	
797.055	37.48	
797.234	40.96	
797.414	40.34	
797.594	20.48	
797.774	-0.61	
797.954	5.73	
798.133	2.66	
798.313	-1.64	
798.493	5.53	
798.672	-1.43	
798.852	3.89	
799.032	2.46	
799.211	0.2	
799.391	-6.14	
799.571	2.46	
799.75	-14.54	
799.93	3.28	
800.109	16.59	
800.289	25.19	
800.468	16.18	
800.648	16.38	
800.827	-0.2	
801.007	-6.14	
801.186	-20.89	
801.366	-13.11	
801.545	-11.47	
801.725	11.67	
801.904	0.82	
802.083	13.93	
802.263	20.07	
802.442	43.42	
802.621	19.25	
802.801	40.14	
802.98	38.3	
803.159	33.38	
803.338	9.63	
803.518	31.54	
803.697	16.59	
803.876	25.6	
804.055	29.49	
804.235	33.79	
804.414	9.42	
804.593	26.62	
804.772	17.61	
804.951	17	
805.13	-0.61	
805.309	10.44	
805.488	-12.9	
805.667	-9.22	
805.846	-13.93	
806.025	-3.07	
806.204	1.43	
806.383	8.6	
806.562	-1.43	
806.741	4.92	
806.92	2.46	
807.099	-4.92	
807.278	-5.32	
807.457	-9.22	
807.636	-3.48	
807.814	7.58	
807.993	18.64	
808.172	23.35	
808.351	40.96	
808.53	34.2	
808.708	19.87	
808.887	5.94	
809.066	23.14	
809.244	13.31	
809.423	15.56	
809.602	15.97	
809.78	32.97	
809.959	17.61	
810.138	22.73	
810.316	19.66	
810.495	32.36	
810.673	10.44	
810.852	9.22	
811.03	9.83	
811.209	28.88	
811.388	27.24	
811.566	27.03	
811.744	24.17	
811.923	18.23	
812.101	14.95	
812.28	33.59	
812.458	49.97	
812.637	51.61	
812.815	56.52	
812.993	49.77	
813.172	44.03	
813.35	35.84	
813.528	42.8	
813.706	30.92	
813.885	23.14	
814.063	15.36	
814.241	24.17	
814.419	33.18	
814.598	54.48	
814.776	51.4	
814.954	42.39	
815.132	41.16	
815.31	39.53	
815.488	17.41	
815.666	11.26	
815.844	0.41	
816.022	-10.65	
816.201	-27.24	
816.379	-14.13	
816.557	-0.61	
816.735	10.44	
816.913	8.6	
817.09	14.54	
817.268	7.78	
817.446	-1.64	
817.624	0.41	
817.802	26.42	
817.98	20.68	
818.158	15.15	
818.336	7.78	
818.514	16.59	
818.691	3.89	
818.869	9.83	
819.047	24.58	
819.225	37.27	
819.402	29.08	
819.58	37.07	
819.758	37.07	
819.935	31.74	
820.113	26.01	
820.291	21.09	
820.468	0.41	
820.646	-4.3	
820.824	5.73	
821.001	31.33	
821.179	47.1	
821.356	55.5	
821.534	53.04	
821.711	41.57	
821.889	39.53	
822.066	32.97	
822.244	27.44	
822.421	37.68	
822.599	35.02	
822.776	15.97	
822.953	2.87	
823.131	-1.64	
823.308	1.02	
823.486	5.12	
823.663	-2.66	
823.84	5.94	
824.017	-4.71	
824.195	-8.81	
824.372	-11.47	
824.549	-1.02	
824.726	3.69	
824.904	12.08	
825.081	-1.43	
825.258	5.53	
825.435	-0	
825.612	12.08	
825.789	0.82	
825.967	3.69	
826.144	-8.6	
826.321	3.89	
826.498	-10.65	
826.675	12.9	
826.852	5.53	
827.029	10.44	
827.206	5.12	
827.383	-1.84	
827.56	-1.64	
827.737	9.42	
827.914	32.36	
828.09	37.89	
828.267	44.85	
828.444	35.02	
828.621	28.06	
828.798	22.94	
828.975	9.22	
829.151	-2.66	
829.328	-9.22	
829.505	17.82	
829.682	-16.79	
829.858	-20.48	
830.035	-0.82	
830.212	15.36	
830.389	-0.2	
830.565	8.6	
830.742	24.99	
830.918	17.61	
831.095	9.22	
831.272	22.53	
831.448	31.95	
831.625	35.23	
831.801	33.59	
831.978	36.25	
832.154	9.83	
832.331	12.7	
832.507	-2.87	
832.684	11.26	
832.86	19.25	
833.037	48.74	
833.213	46.49	
833.389	56.73	
833.566	40.96	
833.742	30.11	
833.918	6.55	
834.095	6.14	
834.271	-8.6	
834.447	1.84	
834.624	2.66	
834.8	8.81	
834.976	17.61	
835.152	26.01	
835.328	24.37	
835.505	28.67	
835.681	28.47	
835.857	10.85	
836.033	28.67	
836.209	56.32	
836.385	62.87	
836.561	70.04	
836.737	76.59	
836.913	46.9	
837.089	11.47	
837.265	5.32	
837.441	3.48	
837.617	10.44	
837.793	20.27	
837.969	32.36	
838.145	34.41	
838.321	34.41	
838.497	28.06	
838.673	41.37	
838.849	27.85	
839.025	41.37	
839.2	35.23	
839.376	40.75	
839.552	15.97	
839.728	20.27	
839.903	3.28	
840.079	6.96	
840.255	-12.7	
840.431	19.05	
840.606	14.34	
840.782	34.61	
840.958	16.59	
841.133	19.05	
841.309	-9.01	
841.484	6.76	
841.66	-17.2	
841.835	-12.49	
842.011	-12.9	
842.186	4.1	
842.362	-0.2	
842.537	11.47	
842.713	20.07	
842.888	40.55	
843.064	30.92	
843.239	21.91	
843.415	26.21	
843.59	29.29	
843.765	8.19	
843.941	8.6	
844.116	8.81	
844.291	-9.22	
844.467	-11.47	
844.642	8.19	
844.817	14.95	
844.992	9.63	
845.168	12.29	
845.343	23.55	
845.518	16.79	
845.693	30.72	
845.868	28.47	
846.043	27.24	
846.219	12.08	
846.394	33.38	
846.569	17	
846.744	29.49	
846.919	26.01	
847.094	50.58	
847.269	29.29	
847.444	27.85	
847.619	25.8	
847.794	40.75	
847.969	21.71	
848.144	32.36	
848.319	34	
848.494	40.14	
848.668	46.9	
848.843	71.27	
849.018	54.89	
849.193	59.19	
849.368	63.08	
849.542	64.1	
849.717	48.74	
849.892	53.45	
850.067	50.18	
850.241	62.87	
850.416	52.84	
850.591	52.22	
850.765	53.86	
850.94	60.42	
851.115	34	
851.289	37.89	
851.464	25.6	
851.639	23.14	
851.813	9.63	
851.988	17.61	
852.162	0.2	
852.337	1.43	
852.511	3.48	
852.686	27.44	
852.86	23.35	
853.035	44.65	
853.209	45.87	
853.383	54.48	
853.558	38.3	
853.732	56.93	
853.906	39.12	
854.081	45.46	
854.255	29.7	
854.429	24.78	
854.604	0.61	
854.778	6.76	
854.952	10.85	
855.126	31.74	
855.301	20.68	
855.475	28.06	
855.649	40.96	
855.823	21.71	
855.997	18.84	
856.171	31.33	
856.345	15.56	
856.52	10.85	
856.694	34.82	
856.868	41.57	
857.042	47.51	
857.216	77.21	
857.39	70.04	
857.564	55.7	
857.738	36.04	
857.912	22.73	
858.085	12.08	
858.259	15.15	
858.433	16.59	
858.607	8.6	
858.781	19.66	
858.955	8.6	
859.129	17.61	
859.302	21.09	
859.476	21.71	
859.65	32.56	
859.824	17.82	
859.997	9.22	
860.171	12.29	
860.345	31.13	
860.519	24.37	
860.692	47.31	
860.866	37.48	
861.039	50.99	
861.213	43.21	
861.387	38.09	
861.56	28.06	
861.734	43.83	
861.907	14.75	
862.081	12.29	
862.254	8.81	
862.428	21.71	
862.601	9.22	
862.775	23.14	
862.948	35.02	
863.122	38.5	
863.295	21.3	
863.468	25.6	
863.642	15.15	
863.815	15.36	
863.988	19.87	
864.162	32.77	
864.335	29.29	
864.508	38.3	
864.682	33.79	
864.855	41.57	
865.028	41.16	
865.201	51.4	
865.374	39.94	
865.548	56.32	
865.721	32.36	
865.894	57.14	
866.067	50.58	
866.24	62.67	
866.413	52.22	
866.586	66.35	
866.759	23.76	
866.932	14.34	
867.105	0.2	
867.278	-19.66	
867.451	-32.36	
867.624	-22.32	
867.797	-19.87	
867.97	-14.54	
868.143	-9.42	
868.316	4.92	
868.489	-8.6	
868.661	13.72	
868.834	15.97	
869.007	34.82	
869.18	41.16	
869.353	60.21	
869.525	45.26	
869.698	40.14	
869.871	22.32	
870.044	17.41	
870.216	26.42	
870.389	21.91	
870.562	38.3	
870.734	48.74	
870.907	43.83	
871.079	40.75	
871.252	38.71	
871.425	38.3	
871.597	30.11	
871.77	54.48	
871.942	48.54	
872.115	51.61	
872.287	59.6	
872.459	70.45	
872.632	47.92	
872.804	55.5	
872.977	52.43	
873.149	44.85	
873.321	26.62	
873.494	24.58	
873.666	19.66	
873.838	21.3	
874.011	15.77	
874.183	25.39	
874.355	18.23	
874.528	24.58	
874.7	34.61	
874.872	47.31	
875.044	46.08	
875.216	51.2	
875.388	48.33	
875.561	41.16	
875.733	11.67	
875.905	13.11	
876.077	4.71	
876.249	20.68	
876.421	6.96	
876.593	15.97	
876.765	22.73	
876.937	35.02	
877.109	22.32	
877.281	35.63	
877.453	24.17	
877.625	19.05	
877.797	21.5	
877.968	6.76	
878.14	2.05	
878.312	19.46	
878.484	11.06	
878.656	8.81	
878.828	19.46	
878.999	40.34	
879.171	30.72	
879.343	35.02	
879.515	19.87	
879.686	4.51	
879.858	-7.58	
880.03	6.35	
880.201	6.55	
880.373	15.15	
880.545	16.79	
880.716	26.42	
880.888	46.28	
881.059	54.27	
881.231	64.1	
881.402	81.51	
881.574	69.22	
881.745	51.2	
881.917	55.09	
882.088	52.84	
882.26	31.13	
882.431	48.33	
882.602	29.29	
882.774	16.59	
882.945	-4.71	
883.116	-2.05	
883.288	-22.53	
883.459	-12.9	
883.63	-12.29	
883.802	2.87	
883.973	11.26	
884.144	22.53	
884.315	30.72	
884.487	46.08	
884.658	49.36	
884.829	58.57	
885	45.26	
885.171	46.28	
885.342	35.63	
885.513	28.67	
885.684	13.31	
885.855	22.12	
886.026	11.88	
886.197	7.99	
886.368	6.55	
886.539	15.15	
886.71	3.07	
886.881	7.78	
887.052	19.05	
887.223	34.61	
887.394	29.49	
887.565	52.43	
887.736	39.73	
887.907	35.63	
888.077	16.38	
888.248	22.32	
888.419	10.04	
888.59	9.42	
888.761	14.54	
888.931	25.8	
889.102	23.76	
889.273	14.95	
889.443	9.63	
889.614	6.35	
889.785	4.3	
889.955	10.04	
890.126	4.1	
890.296	35.63	
890.467	30.72	
890.637	43.21	
890.808	43.62	
890.978	53.66	
891.149	47.31	
891.319	64.1	
891.49	64.1	
891.66	54.07	
891.831	58.78	
892.001	41.78	
892.172	16.38	
892.342	19.87	
892.512	21.09	
892.683	24.37	
892.853	26.42	
893.023	30.92	
893.193	14.54	
893.364	14.34	
893.534	12.29	
893.704	30.11	
893.874	32.36	
894.044	42.19	
894.215	50.38	
894.385	58.57	
894.555	51.61	
894.725	63.49	
894.895	40.14	
895.065	43.42	
895.235	23.96	
895.405	42.8	
895.575	26.42	
895.745	46.34	
895.915	41.98	
