177.618	-716.79	
177.836	-757.24	
178.054	-763.89	
178.271	-615.62	
178.489	-398.53	
178.706	-274.43	
178.924	-107.31	
179.142	68.81	
179.359	78.23	
179.577	-33.59	
179.794	-13.93	
180.012	-49.15	
180.229	-112.23	
180.447	-83.97	
180.664	-45.06	
180.882	-55.3	
181.1	13.11	
181.317	24.58	
181.535	-11.88	
181.752	-53.25	
181.969	-20.07	
182.187	-19.66	
182.404	0.82	
182.622	7.37	
182.839	62.67	
183.057	70.04	
183.274	54.89	
183.492	61.03	
183.709	86.01	
183.926	43.83	
184.144	28.67	
184.361	51.61	
184.579	58.98	
184.796	-12.7	
185.013	39.32	
185.231	3.69	
185.448	30.72	
185.666	73.32	
185.883	58.57	
186.1	67.58	
186.317	98.3	
186.535	2.87	
186.752	-23.76	
186.969	47.1	
187.187	90.52	
187.404	11.47	
187.621	140.49	
187.839	152.37	
188.056	126.97	
188.273	52.84	
188.49	161.38	
188.708	114.69	
188.925	149.09	
189.142	146.63	
189.359	140.9	
189.576	66.35	
189.794	43.83	
190.011	9.83	
190.228	28.26	
190.445	34.41	
190.662	149.91	
190.879	134.35	
191.097	98.71	
191.314	93.8	
191.531	87.65	
191.748	-44.24	
191.965	-27.85	
192.182	-53.66	
192.399	-48.74	
192.616	3.28	
192.834	54.89	
193.051	19.25	
193.268	72.5	
193.485	66.35	
193.702	0.41	
193.919	-9.01	
194.136	10.24	
194.353	-22.53	
194.57	-11.06	
194.787	24.17	
195.004	119.19	
195.221	115.92	
195.438	165.48	
195.655	129.43	
195.872	205.62	
196.089	83.56	
196.306	116.73	
196.523	90.93	
196.74	147.45	
196.957	11.88	
197.173	63.49	
197.39	23.35	
197.607	71.68	
197.824	62.26	
198.041	136.39	
198.258	117.14	
198.475	183.5	
198.692	99.12	
198.909	47.51	
199.125	-18.02	
199.342	20.89	
199.559	8.6	
199.776	63.08	
199.993	129.84	
200.21	173.67	
200.426	135.17	
200.643	119.19	
200.86	132.3	
201.077	139.26	
201.293	106.9	
201.51	98.3	
201.727	-15.56	
201.944	-117.96	
202.16	-138.85	
202.377	-148.27	
202.594	-152.78	
202.811	-83.15	
203.027	-26.21	
203.244	-71.27	
203.461	-24.58	
203.677	42.6	
203.894	78.64	
204.111	101.17	
204.327	134.35	
204.544	93.8	
204.761	82.33	
204.977	36.86	
205.194	-13.93	
205.41	13.52	
205.627	38.91	
205.844	14.34	
206.06	15.97	
206.277	61.85	
206.493	47.92	
206.71	51.61	
206.926	47.51	
207.143	117.14	
207.36	63.08	
207.576	136.39	
207.793	130.66	
208.009	163.02	
208.226	111.82	
208.442	130.25	
208.659	34.82	
208.875	33.18	
209.092	-29.9	
209.308	-38.5	
209.524	-28.67	
209.741	58.98	
209.957	107.31	
210.174	123.29	
210.39	129.02	
210.607	111.82	
210.823	-2.05	
211.039	-70.45	
211.256	5.32	
211.472	-42.19	
211.688	24.99	
211.905	77.82	
212.121	80.69	
212.338	12.29	
212.554	51.61	
212.77	6.14	
212.987	18.02	
213.203	79.46	
213.419	111.82	
213.635	88.47	
213.852	65.54	
214.068	20.48	
214.284	-40.14	
214.501	-22.94	
214.717	-10.24	
214.933	35.63	
215.149	-6.96	
215.365	-23.76	
215.582	-108.54	
215.798	-62.67	
216.014	-88.88	
216.23	-46.28	
216.447	-7.37	
216.663	4.1	
216.879	-70.04	
217.095	-30.31	
217.311	-11.06	
217.527	7.37	
217.743	31.13	
217.96	36.04	
218.176	6.14	
218.392	-0.82	
218.608	1.64	
218.824	-13.11	
219.04	9.42	
219.256	40.14	
219.472	26.62	
219.688	-1.23	
219.904	55.3	
220.12	133.12	
220.336	97.48	
220.552	109.36	
220.768	164.66	
220.984	166.7	
221.2	56.93	
221.416	101.58	
221.632	60.62	
221.848	10.65	
222.064	-64.31	
222.28	-22.53	
222.496	-84.79	
222.712	-4.92	
222.928	-19.25	
223.144	34.82	
223.36	39.73	
223.576	73.73	
223.792	45.87	
224.008	112.23	
224.224	100.35	
224.439	132.3	
224.655	82.74	
224.871	100.35	
225.087	48.74	
225.303	3.28	
225.519	-29.49	
225.734	50.79	
225.95	9.83	
226.166	56.52	
226.382	83.15	
226.598	85.61	
226.813	79.87	
227.029	61.85	
227.245	-13.52	
227.461	-1.23	
227.677	9.42	
227.892	-34	
228.108	-16.38	
228.324	79.46	
228.539	20.89	
228.755	56.93	
228.971	75.37	
229.186	124.11	
229.402	76.18	
229.618	141.31	
229.833	63.9	
230.049	94.62	
230.265	9.01	
230.48	70.45	
230.696	67.17	
230.912	104.04	
231.127	81.1	
231.343	124.93	
231.558	14.34	
231.774	65.13	
231.99	135.58	
232.205	135.58	
232.421	113.05	
232.636	147.86	
232.852	67.58	
233.067	-4.51	
233.283	14.75	
233.498	76.59	
233.714	86.01	
233.929	142.54	
234.145	124.11	
234.36	117.96	
234.576	131.89	
234.791	177.76	
235.007	183.5	
235.222	253.54	
235.438	221.18	
235.653	253.13	
235.868	216.27	
236.084	221.18	
236.299	257.22	
236.515	270.74	
236.73	184.73	
236.945	176.94	
237.161	132.3	
237.376	30.72	
237.592	11.88	
237.807	24.58	
238.022	21.71	
238.238	44.65	
238.453	20.07	
238.668	40.55	
238.883	-33.59	
239.099	-29.9	
239.314	-81.92	
239.529	-32.36	
239.745	-0.41	
239.96	79.87	
240.175	62.26	
240.39	183.5	
240.605	179.4	
240.821	126.15	
241.036	124.11	
241.251	218.72	
241.466	113.87	
241.681	117.14	
241.897	144.59	
242.112	185.55	
242.327	79.87	
242.542	109.36	
242.757	131.89	
242.972	110.18	
243.188	36.45	
243.403	72.5	
243.618	74.14	
243.833	47.1	
244.048	68.81	
244.263	98.3	
244.478	87.65	
244.693	66.35	
244.908	80.28	
245.123	67.17	
245.338	117.14	
245.553	115.51	
245.768	96.25	
245.983	86.42	
246.198	66.35	
246.413	19.66	
246.628	9.83	
246.843	11.06	
247.058	18.02	
247.273	37.27	
247.488	44.65	
247.703	82.74	
247.918	107.31	
248.133	120.42	
248.348	94.21	
248.563	149.5	
248.778	115.92	
248.993	136.8	
249.207	199.06	
249.422	218.31	
249.637	80.28	
249.852	70.04	
250.067	31.54	
250.282	-55.3	
250.496	-77	
250.711	40.96	
250.926	36.45	
251.141	64.31	
251.356	46.28	
251.57	110.18	
251.785	63.49	
252	42.19	
252.215	59.8	
252.43	100.76	
252.644	83.56	
252.859	97.48	
253.074	127.38	
253.288	90.52	
253.503	46.69	
253.718	99.94	
253.932	165.07	
254.147	183.91	
254.362	196.2	
254.576	225.28	
254.791	145.41	
255.006	89.29	
255.22	104.45	
255.435	112.23	
255.65	148.27	
255.864	184.32	
256.079	149.91	
256.293	158.1	
256.508	163.02	
256.723	210.53	
256.937	133.53	
257.152	122.06	
257.366	87.24	
257.581	54.07	
257.795	-15.15	
258.01	104.04	
258.224	147.86	
258.439	167.52	
258.653	149.09	
258.868	165.48	
259.082	70.45	
259.297	52.84	
259.511	24.17	
259.726	25.8	
259.94	-22.12	
260.154	-27.85	
260.369	-20.48	
260.583	-19.25	
260.798	-44.65	
261.012	15.97	
261.226	52.43	
261.441	72.5	
261.655	71.68	
261.869	138.85	
262.084	92.98	
262.298	63.49	
262.512	-21.71	
262.727	-10.65	
262.941	-10.24	
263.155	-12.29	
263.37	-18.84	
263.584	69.22	
263.798	43.01	
264.012	97.07	
264.227	86.83	
264.441	162.61	
264.655	110.59	
264.869	197.83	
265.084	99.53	
265.298	118.37	
265.512	58.16	
265.726	102.81	
265.94	49.97	
266.155	107.31	
266.369	126.56	
266.583	179.81	
266.797	162.2	
267.011	201.11	
267.225	228.14	
267.439	215.86	
267.654	171.62	
267.868	147.04	
268.082	45.06	
268.296	-70.86	
268.51	-131.07	
268.724	-93.39	
268.938	-131.07	
269.152	-72.5	
269.366	-23.76	
269.58	28.26	
269.794	-27.44	
270.008	92.16	
270.222	85.61	
270.436	97.89	
270.65	65.94	
270.864	124.93	
271.078	54.07	
271.292	79.87	
271.506	117.55	
271.72	151.96	
271.934	168.75	
272.148	140.9	
272.362	140.9	
272.575	172.44	
272.789	188.41	
273.003	135.58	
273.217	194.15	
273.431	138.85	
273.645	97.89	
273.859	143.77	
274.073	208.89	
274.286	189.64	
274.5	199.47	
274.714	171.62	
274.928	140.9	
275.142	84.38	
275.355	76.18	
275.569	134.35	
275.783	174.9	
275.997	144.18	
276.21	161.38	
276.424	217.08	
276.638	145.82	
276.852	146.63	
277.065	134.35	
277.279	164.25	
277.493	111.82	
277.706	212.17	
277.92	207.66	
278.134	174.9	
278.347	112.64	
278.561	90.11	
278.775	79.05	
278.988	52.43	
279.202	110.18	
279.415	176.53	
279.629	174.08	
279.843	155.65	
280.056	262.14	
280.27	297.37	
280.483	219.13	
280.697	248.62	
280.91	271.56	
281.124	260.5	
281.337	215.45	
281.551	296.14	
281.764	229.78	
281.978	176.94	
282.191	71.27	
282.405	104.86	
282.618	30.72	
282.832	90.52	
283.045	79.46	
283.259	136.8	
283.472	87.24	
283.686	91.75	
283.899	42.6	
284.112	53.25	
284.326	43.01	
284.539	74.14	
284.752	101.58	
284.966	138.03	
285.179	183.5	
285.393	170.39	
285.606	111.82	
285.819	142.13	
286.033	84.79	
286.246	122.88	
286.459	70.45	
286.672	123.7	
286.886	57.75	
287.099	154.42	
287.312	31.54	
287.525	58.98	
287.739	53.25	
287.952	131.89	
288.165	138.44	
288.378	163.02	
288.592	185.55	
288.805	162.2	
289.018	144.59	
289.231	112.64	
289.444	165.89	
289.657	95.03	
289.871	99.12	
290.084	34.41	
290.297	93.8	
290.51	40.14	
290.723	45.46	
290.936	103.22	
291.149	113.87	
291.362	124.11	
291.575	102.4	
291.789	141.31	
292.002	98.3	
292.215	131.48	
292.428	19.66	
292.641	78.64	
292.854	70.45	
293.067	41.78	
293.28	-0.41	
293.493	11.06	
293.706	-49.97	
293.919	23.35	
294.132	1.23	
294.345	25.8	
294.558	21.71	
294.77	38.09	
294.983	-30.31	
295.196	40.14	
295.409	80.69	
295.622	151.96	
295.835	190.87	
296.048	257.63	
296.261	253.95	
296.474	249.03	
296.686	199.47	
296.899	214.22	
297.112	190.46	
297.325	156.46	
297.538	161.38	
297.751	199.47	
297.963	203.98	
298.176	193.74	
298.389	188	
298.602	193.74	
298.814	294.91	
299.027	277.7	
299.24	262.96	
299.453	330.54	
299.665	271.56	
299.878	125.75	
300.091	72.5	
300.303	74.96	
300.516	3.28	
300.729	18.84	
300.941	57.34	
301.154	55.7	
301.367	26.62	
301.579	89.7	
301.792	119.19	
302.005	89.29	
302.217	81.92	
302.43	110.18	
302.642	43.01	
302.855	-10.65	
303.067	-13.93	
303.28	30.72	
303.493	-31.95	
303.705	58.98	
303.918	94.62	
304.13	172.03	
304.343	138.44	
304.555	216.27	
304.768	160.97	
304.98	187.18	
305.193	98.71	
305.405	162.61	
305.617	98.71	
305.83	117.55	
306.042	69.63	
306.255	80.69	
306.467	19.66	
306.68	15.97	
306.892	-6.55	
307.104	16.79	
307.317	15.56	
307.529	82.74	
307.741	141.31	
307.954	159.33	
308.166	148.68	
308.378	199.47	
308.591	186.37	
308.803	203.16	
309.015	273.61	
309.228	317.44	
309.44	244.94	
309.652	213.4	
309.864	138.85	
310.077	17.61	
310.289	-48.33	
310.501	-14.34	
310.713	-15.56	
310.926	27.44	
311.138	7.37	
311.35	63.49	
311.562	18.43	
311.774	108.13	
311.986	96.66	
312.199	203.57	
312.411	113.87	
312.623	153.19	
312.835	37.68	
313.047	26.62	
313.259	3.69	
313.471	61.03	
313.683	29.49	
313.895	47.51	
314.108	41.37	
314.32	4.1	
314.532	-45.06	
314.744	7.37	
314.956	73.73	
315.168	99.12	
315.38	59.39	
315.592	130.66	
315.804	112.64	
316.016	158.51	
316.228	199.88	
316.44	239.2	
316.651	247.8	
316.863	241.25	
317.075	131.48	
317.287	40.14	
317.499	51.61	
317.711	12.29	
317.923	31.95	
318.135	0	
318.347	44.65	
318.559	120.42	
318.77	165.48	
318.982	144.18	
319.194	177.35	
319.406	176.94	
319.618	73.73	
319.83	13.52	
320.041	36.04	
320.253	35.23	
320.465	21.71	
320.677	18.02	
320.888	21.3	
321.1	12.7	
321.312	96.25	
321.524	111	
321.735	106.9	
321.947	78.23	
322.159	42.19	
322.37	-53.66	
322.582	-38.5	
322.794	26.21	
323.005	73.32	
323.217	99.12	
323.429	61.85	
323.64	102.81	
323.852	41.37	
324.063	27.44	
324.275	72.5	
324.487	171.62	
324.698	95.44	
324.91	159.74	
325.121	137.21	
325.333	55.7	
325.544	24.58	
325.756	78.64	
325.967	33.59	
326.179	116.73	
326.39	129.84	
326.602	128.61	
326.813	46.28	
327.025	72.5	
327.236	-22.12	
327.448	-24.99	
327.659	-76.18	
327.871	-24.99	
328.082	-50.38	
328.293	0.82	
328.505	40.14	
328.716	77.41	
328.928	58.16	
329.139	112.64	
329.35	101.17	
329.562	137.62	
329.773	162.61	
329.984	163.02	
330.196	111.41	
330.407	153.6	
330.618	96.25	
330.83	67.99	
331.041	81.51	
331.252	57.75	
331.463	18.43	
331.675	57.34	
331.886	105.27	
332.097	109.36	
332.308	132.3	
332.52	142.54	
332.731	99.94	
332.942	85.2	
333.153	123.7	
333.364	116.32	
333.575	94.62	
333.787	147.04	
333.998	77.82	
334.209	88.06	
334.42	66.35	
334.631	84.38	
334.842	64.72	
335.053	145.41	
335.264	85.61	
335.475	114.69	
335.686	108.54	
335.898	115.1	
336.109	19.25	
336.32	29.08	
336.531	40.14	
336.742	49.97	
336.953	-13.52	
337.164	30.31	
337.375	8.19	
337.586	-5.32	
337.797	-83.97	
338.007	-15.97	
338.218	-31.54	
338.429	4.92	
338.64	0.82	
338.851	71.27	
339.062	40.55	
339.273	112.23	
339.484	74.14	
339.695	9.42	
339.906	0	
340.116	24.99	
340.327	-15.15	
340.538	1.23	
340.749	36.45	
340.96	9.83	
341.171	-34.82	
341.381	-38.5	
341.592	-20.48	
341.803	-2.87	
342.014	45.87	
342.224	117.55	
342.435	95.44	
342.646	54.48	
342.857	41.37	
343.067	-16.79	
343.278	-32.77	
343.489	-8.19	
343.699	9.83	
343.91	39.32	
344.121	51.61	
344.331	-4.1	
344.542	-49.97	
344.753	-11.88	
344.963	-6.14	
345.174	43.83	
345.384	105.68	
345.595	180.63	
345.806	136.39	
346.016	108.54	
346.227	88.06	
346.437	94.62	
346.648	48.74	
346.858	86.42	
347.069	68.4	
347.279	85.2	
347.49	35.23	
347.7	63.49	
347.911	-4.51	
348.121	11.06	
348.332	18.84	
348.542	-17.2	
348.753	-21.71	
348.963	44.65	
349.173	61.85	
349.384	86.01	
349.594	149.91	
349.805	188.82	
350.015	126.15	
350.225	134.35	
350.436	110.59	
350.646	129.02	
350.856	69.22	
351.067	92.57	
351.277	24.99	
351.487	-22.53	
351.698	-94.21	
351.908	-81.92	
352.118	-72.09	
352.328	-43.42	
352.539	48.33	
352.749	58.16	
352.959	50.38	
353.169	40.14	
353.38	52.84	
353.59	9.83	
353.8	47.51	
354.01	66.35	
354.22	65.13	
354.431	163.02	
354.641	109.36	
354.851	111.41	
355.061	106.49	
355.271	190.87	
355.481	94.62	
355.691	138.03	
355.901	105.27	
356.111	121.24	
356.321	55.3	
356.532	61.03	
356.742	7.78	
356.952	12.29	
357.162	-29.49	
357.372	-30.72	
357.582	-34.82	
357.792	-29.9	
358.002	-60.62	
358.212	4.51	
358.422	11.88	
358.632	-2.05	
358.842	-2.05	
359.051	62.26	
359.261	24.17	
359.471	24.58	
359.681	56.11	
359.891	41.37	
360.101	-14.75	
360.311	-30.72	
360.521	-45.87	
360.731	-34	
360.94	22.94	
361.15	72.91	
361.36	82.33	
361.57	81.92	
361.78	74.55	
361.989	67.99	
362.199	50.79	
362.409	73.73	
362.619	64.31	
362.828	188	
363.038	173.67	
363.248	173.67	
363.458	163.43	
363.667	183.09	
363.877	67.99	
364.087	86.01	
364.296	64.31	
364.506	89.29	
364.716	72.5	
364.925	33.59	
365.135	-12.29	
365.345	-25.39	
365.554	-63.08	
365.764	32.36	
365.973	40.55	
366.183	125.75	
366.393	171.62	
366.602	191.69	
366.812	42.6	
367.021	100.76	
367.231	-7.37	
367.44	-42.6	
367.65	-24.99	
367.859	52.84	
368.069	-5.32	
368.278	77.41	
368.488	107.72	
368.697	12.29	
368.907	-41.37	
369.116	88.06	
369.326	44.24	
369.535	31.13	
369.744	98.3	
369.954	134.35	
370.163	32.77	
370.373	54.89	
370.582	50.38	
370.791	21.3	
371.001	4.51	
371.21	-9.42	
371.419	-60.21	
371.629	-77	
371.838	-62.26	
372.047	6.96	
372.256	-10.65	
372.466	49.15	
372.675	3.28	
372.884	-3.28	
373.093	-73.73	
373.303	1.23	
373.512	-24.99	
373.721	33.18	
373.93	1.64	
374.139	99.12	
374.349	20.89	
374.558	83.97	
374.767	46.28	
374.976	84.79	
375.185	42.19	
375.394	30.72	
375.603	2.46	
375.813	9.01	
376.022	-8.19	
376.231	-74.14	
376.44	-57.75	
376.649	-53.25	
376.858	-1.64	
377.067	10.65	
377.276	68.4	
377.485	106.9	
377.694	97.07	
377.903	82.33	
378.112	50.79	
378.321	56.11	
378.53	55.7	
378.739	70.86	
378.948	45.46	
379.157	75.77	
379.366	99.53	
379.575	69.63	
379.784	-13.93	
379.992	14.34	
380.201	71.27	
380.41	31.54	
380.619	9.42	
380.828	61.44	
381.037	21.3	
381.246	-85.61	
381.454	-149.09	
381.663	-55.3	
381.872	-64.31	
382.081	25.39	
382.29	81.51	
382.498	144.18	
382.707	118.78	
382.916	146.22	
383.125	34.41	
383.333	37.27	
383.542	45.46	
383.751	-6.14	
383.959	39.32	
384.168	63.9	
384.377	119.6	
384.585	92.16	
384.794	88.06	
385.003	40.96	
385.211	75.77	
385.42	-22.12	
385.628	-3.69	
385.837	18.02	
386.046	56.11	
386.254	106.9	
386.463	145.82	
386.671	198.65	
386.88	191.69	
387.088	170.39	
387.297	145.82	
387.505	142.54	
387.714	63.9	
387.922	52.43	
388.131	47.92	
388.339	35.23	
388.548	-6.55	
388.756	-2.87	
388.965	8.6	
389.173	-47.92	
389.381	-53.25	
389.59	20.07	
389.798	73.32	
390.007	109.77	
390.215	139.67	
390.423	218.31	
390.632	211.35	
390.84	241.25	
391.048	189.64	
391.257	192.51	
391.465	98.71	
391.673	77	
391.882	27.85	
392.09	13.93	
392.298	21.71	
392.506	6.14	
392.715	13.52	
392.923	58.16	
393.131	134.76	
393.339	131.89	
393.547	123.29	
393.756	128.61	
393.964	70.86	
394.172	27.85	
394.38	-17.61	
394.588	60.62	
394.796	21.3	
395.005	3.69	
395.213	-14.75	
395.421	39.32	
395.629	-39.32	
395.837	-30.72	
396.045	-18.02	
396.253	7.78	
396.461	-39.32	
396.669	6.96	
396.877	45.46	
397.085	81.1	
397.293	54.48	
397.501	88.47	
397.709	77	
397.917	86.01	
398.125	98.71	
398.333	125.34	
398.541	90.11	
398.749	87.24	
398.957	38.5	
399.165	-38.91	
399.373	-51.2	
399.581	-29.49	
399.788	11.06	
399.996	-4.92	
400.204	32.36	
400.412	7.78	
400.62	-22.12	
400.828	-63.08	
401.035	-30.31	
401.243	6.14	
401.451	58.16	
401.659	49.97	
401.867	75.77	
402.074	68.81	
402.282	5.73	
402.49	-69.22	
402.697	72.91	
402.905	26.21	
403.113	54.07	
403.321	21.3	
403.528	45.46	
403.736	-39.32	
403.944	-6.96	
404.151	-66.35	
404.359	-57.75	
404.566	-45.46	
404.774	-42.19	
404.982	-89.7	
405.189	-68.81	
405.397	-70.04	
405.604	-63.9	
405.812	-68.81	
406.02	-68.81	
406.227	-38.5	
406.435	-13.11	
406.642	13.11	
406.85	-8.6	
407.057	47.92	
407.265	67.58	
407.472	95.44	
407.679	54.89	
407.887	48.33	
408.094	1.64	
408.302	-89.7	
408.509	-91.34	
408.717	-73.73	
408.924	-63.49	
409.131	-40.14	
409.339	19.25	
409.546	37.68	
409.753	32.36	
409.961	75.37	
410.168	83.56	
410.375	112.23	
410.583	86.83	
410.79	125.34	
410.997	102.4	
411.205	104.04	
411.412	67.99	
411.619	86.42	
411.826	59.39	
412.034	100.76	
412.241	129.43	
412.448	126.56	
412.655	58.57	
412.862	77.41	
413.07	4.51	
413.277	-42.19	
413.484	-45.87	
413.691	38.5	
413.898	-11.47	
414.105	-27.85	
414.312	-57.75	
414.519	-67.99	
414.727	-136.8	
414.934	-103.63	
415.141	-53.66	
415.348	14.34	
415.555	1.64	
415.762	9.83	
415.969	-45.46	
416.176	-43.42	
416.383	-68.4	
416.59	-90.11	
416.797	-88.47	
417.004	-54.48	
417.211	-86.01	
417.418	-81.92	
417.625	-40.14	
417.831	-35.23	
418.038	-22.53	
418.245	12.7	
418.452	-14.75	
418.659	-52.02	
418.866	-53.25	
419.073	-56.93	
419.28	-108.95	
419.486	-34.82	
419.693	-28.67	
419.9	-7.37	
420.107	12.7	
420.314	73.32	
420.52	56.52	
420.727	156.46	
420.934	144.59	
421.141	97.89	
421.347	73.73	
421.554	49.56	
421.761	-75.37	
421.967	-33.59	
422.174	14.34	
422.381	9.01	
422.588	-36.86	
422.794	-13.93	
423.001	24.58	
423.207	-14.75	
423.414	-44.65	
423.621	-20.89	
423.827	29.9	
424.034	6.55	
424.24	38.5	
424.447	34.82	
424.654	-23.76	
424.86	-57.75	
425.067	-124.52	
425.273	-143.77	
425.48	-50.79	
425.686	61.85	
425.893	113.87	
426.099	105.68	
426.306	133.12	
426.512	105.68	
426.718	118.37	
426.925	67.58	
427.131	68.4	
427.338	54.89	
427.544	40.55	
427.75	-40.96	
427.957	-50.79	
428.163	-5.73	
428.37	-6.55	
428.576	11.88	
428.782	9.42	
428.988	86.83	
429.195	53.66	
429.401	29.08	
429.607	11.06	
429.814	104.04	
430.02	56.52	
430.226	32.77	
430.432	55.3	
430.639	61.03	
430.845	20.48	
431.051	47.1	
431.257	104.04	
431.463	83.56	
431.67	28.67	
431.876	-12.7	
432.082	-56.11	
432.288	-41.37	
432.494	-27.03	
432.7	30.31	
432.906	11.88	
433.112	13.52	
433.318	23.35	
433.525	37.27	
433.731	18.02	
433.937	108.95	
434.143	109.36	
434.349	91.75	
434.555	105.27	
434.761	128.61	
434.967	57.75	
435.173	115.1	
435.379	134.35	
435.585	210.12	
435.791	219.54	
435.996	326.45	
436.202	363.72	
436.408	330.54	
436.614	253.54	
436.82	262.96	
437.026	170.8	
437.232	110.59	
437.438	81.51	
437.644	6.14	
437.849	-18.43	
438.055	-30.31	
438.261	-65.53	
438.467	-91.75	
438.673	-49.15	
438.878	-113.05	
439.084	-89.7	
439.29	-28.26	
439.496	15.56	
439.701	47.1	
439.907	48.74	
440.113	27.44	
440.318	2.05	
440.524	-5.32	
440.73	-26.62	
440.935	33.59	
441.141	-7.37	
441.347	68.81	
441.552	47.92	
441.758	70.04	
441.964	0.82	
442.169	69.63	
442.375	-10.65	
442.58	52.84	
442.786	88.47	
442.991	115.1	
443.197	51.61	
443.402	85.2	
443.608	84.79	
443.813	127.38	
444.019	163.43	
444.224	183.5	
444.43	104.45	
444.635	108.54	
444.841	5.73	
445.046	61.44	
445.252	54.89	
445.457	89.29	
445.662	-4.1	
445.868	-3.69	
446.073	-76.59	
446.278	-69.22	
446.484	-90.93	
446.689	-56.93	
446.894	-69.63	
447.1	-56.52	
447.305	15.56	
447.51	65.54	
447.716	44.24	
447.921	54.89	
448.126	68.4	
448.331	-17.2	
448.537	-21.71	
448.742	22.94	
448.947	-13.93	
449.152	-62.67	
449.357	16.79	
449.563	53.25	
449.768	51.61	
449.973	88.47	
450.178	121.65	
450.383	37.27	
450.588	-5.73	
450.793	-9.01	
450.999	53.66	
451.204	40.14	
451.409	50.79	
451.614	34.41	
451.819	59.8	
452.024	13.93	
452.229	51.2	
452.434	134.76	
452.639	126.56	
452.844	133.53	
453.049	82.33	
453.254	34.82	
453.459	4.1	
453.664	65.13	
453.869	84.79	
454.074	140.49	
454.279	197.01	
454.483	145.41	
454.688	83.56	
454.893	129.02	
455.098	125.75	
455.303	83.15	
455.508	111.41	
455.713	138.03	
455.917	46.28	
456.122	67.99	
456.327	45.87	
456.532	96.66	
456.737	49.97	
456.941	77.82	
457.146	53.25	
457.351	75.37	
457.555	38.91	
457.76	122.47	
457.965	117.96	
458.17	155.65	
458.374	227.73	
458.579	252.31	
458.784	217.9	
458.988	212.58	
459.193	178.58	
459.397	140.08	
459.602	132.3	
459.807	216.68	
460.011	206.84	
460.216	228.14	
460.42	178.17	
460.625	142.13	
460.829	106.08	
461.034	84.38	
461.239	55.7	
461.443	95.44	
461.648	147.86	
461.852	102.81	
462.056	196.2	
462.261	235.52	
462.465	319.89	
462.67	286.72	
462.874	274.84	
463.079	236.34	
463.283	222.82	
463.487	153.19	
463.692	178.99	
463.896	175.31	
464.1	160.56	
464.305	131.89	
464.509	104.86	
464.713	149.5	
464.918	224.05	
465.122	266.65	
465.326	278.11	
465.531	283.03	
465.735	228.96	
465.939	220.77	
466.143	180.22	
466.348	207.66	
466.552	192.1	
466.756	224.87	
466.96	253.95	
467.164	266.24	
467.368	268.69	
467.573	348.56	
467.777	314.16	
467.981	269.92	
468.185	250.67	
468.389	266.65	
468.593	169.98	
468.797	147.04	
469.001	134.35	
469.205	176.94	
469.409	190.05	
469.613	241.25	
469.817	278.11	
470.021	335.46	
470.225	335.46	
470.429	303.1	
470.633	315.8	
470.837	337.1	
471.041	304.74	
471.245	281.8	
471.449	306.38	
471.653	323.58	
471.857	370.27	
472.061	319.07	
472.265	319.48	
472.469	347.34	
472.673	326.04	
472.876	280.57	
473.08	339.96	
473.284	423.52	
473.488	397.72	
473.692	444.41	
473.895	510.76	
474.099	544.76	
474.303	498.89	
474.507	556.23	
474.71	567.7	
474.914	521.41	
475.118	508.31	
475.322	527.56	
475.525	448.1	
475.729	468.98	
475.933	466.12	
476.136	580.39	
476.34	611.11	
476.543	684.84	
476.747	672.96	
476.951	700.41	
477.154	597.19	
477.358	669.28	
477.561	670.5	
477.765	683.2	
477.969	684.43	
478.172	724.57	
478.376	668.05	
478.579	685.66	
478.783	693.03	
478.986	742.59	
479.19	745.05	
479.393	791.34	
479.596	809.77	
479.8	850.73	
480.003	831.88	
480.207	821.65	
480.41	778.23	
480.614	808.54	
480.817	759.8	
481.02	845.4	
481.224	931.01	
481.427	1000.23	
481.63	1042.01	
481.834	1122.7	
482.037	1033.81	
482.24	1029.72	
482.443	1007.19	
482.647	972.38	
482.85	988.76	
483.053	1105.49	
483.256	1057.16	
483.46	1126.79	
483.663	1153.83	
483.866	1225.5	
484.069	1223.46	
484.272	1287.76	
484.476	1300.87	
484.679	1402.86	
484.882	1453.24	
485.085	1465.12	
485.288	1513.45	
485.491	1583.9	
485.694	1544.17	
485.897	1558.09	
486.101	1631.41	
486.304	1739.95	
486.507	1746.51	
486.71	1824.74	
486.913	1841.53	
487.116	1845.22	
487.319	1857.1	
487.522	1932.05	
487.725	2058.21	
487.928	2115.96	
488.13	2171.26	
488.333	2232.29	
488.536	2271.61	
488.739	2245.39	
488.942	2353.94	
489.145	2453.88	
489.348	2502.62	
489.551	2592.73	
489.754	2707.41	
489.956	2745.92	
490.159	2791.79	
490.362	2851.18	
490.565	2851.59	
490.768	2876.17	
490.97	3061.71	
491.173	3194.01	
491.376	3302.14	
491.579	3419.7	
491.781	3574.93	
491.984	3544.21	
492.187	3662.59	
492.39	3778.5	
492.592	3890.73	
492.795	3980.02	
492.998	4107.41	
493.2	4183.18	
493.403	4292.13	
493.605	4530.93	
493.808	4637.83	
494.011	4757.84	
494.213	4892.6	
494.416	5035.55	
494.618	5040.46	
494.821	5165.8	
495.023	5365.27	
495.226	5563.92	
495.428	5756.02	
495.631	5999.32	
495.833	6278.66	
496.036	6398.67	
496.238	6486.74	
496.441	6654.26	
496.643	6814	
496.846	6940.16	
497.048	7151.1	
497.25	7427.16	
497.453	7645.07	
497.655	7939.97	
497.858	8168.12	
498.06	8391.35	
498.262	8550.27	
498.465	8705.51	
498.667	8870.98	
498.869	9070.45	
499.071	9335.87	
499.274	9679.11	
499.476	9996.14	
499.678	10232.47	
499.881	10518.78	
500.083	10817.37	
500.285	11027.08	
500.487	11322.4	
500.689	11612.8	
500.892	11866.34	
501.094	12089.57	
501.296	12552.82	
501.498	12922.68	
501.7	13267.15	
501.902	13722.62	
502.104	14185.05	
502.306	14428.76	
502.509	14780.6	
502.711	15138.18	
502.913	15467.9	
503.115	15727.17	
503.317	16096.22	
503.519	16433.72	
503.721	16914.58	
503.923	17354.49	
504.125	17791.52	
504.327	18206.85	
504.529	18602.11	
504.731	19016.21	
504.933	19444.64	
505.134	19882.5	
505.336	20366.64	
505.538	20837.67	
505.74	21225.15	
505.942	21613.44	
506.144	22050.48	
506.346	22435.09	
506.548	22918.82	
506.749	23423.85	
506.951	23867.85	
507.153	24383.53	
507.355	24819.33	
507.557	25323.13	
507.758	25744.61	
507.96	26135.36	
508.162	26617.45	
508.363	27182.69	
508.565	27669.7	
508.767	28091.17	
508.969	28796.9	
509.17	29210.59	
509.372	29674.66	
509.574	30004.38	
509.775	30482.79	
509.977	30804.73	
510.178	31257.74	
510.38	31612.45	
510.582	32072.01	
510.783	32367.33	
510.985	32670.84	
511.186	33079.61	
511.388	33579.72	
511.589	34004.06	
511.791	34515.24	
511.992	34994.87	
512.194	35342.62	
512.395	35554.79	
512.597	35882.87	
512.798	36244.54	
513	36587.37	
513.201	36915.05	
513.403	37372.15	
513.604	37728.91	
513.805	38000.47	
514.007	38203.22	
514.208	38514.51	
514.409	38760.27	
514.611	39038.38	
514.812	39458.21	
515.013	39837.5	
515.215	40233.57	
515.416	40532.99	
515.617	40804.55	
515.819	40999.52	
516.02	41381.26	
516.221	41645.03	
516.422	41890.79	
516.623	42184.06	
516.825	42491.67	
517.026	42683.36	
517.227	42799.27	
517.428	43050.76	
517.629	43338.3	
517.83	43511.14	
518.032	43766.32	
518.233	44089.08	
518.434	44192.71	
518.635	44275.04	
518.836	44442.15	
519.037	44538	
519.238	44697.33	
519.439	44955.78	
519.64	44981.59	
519.841	45061.05	
520.042	45084.8	
520.243	45126.17	
520.444	45116.75	
520.645	45303.12	
520.846	45484.98	
521.047	45698.37	
521.248	45860.98	
521.449	46119.03	
521.65	46354.54	
521.851	46649.45	
522.052	46752.67	
522.252	46803.05	
522.453	46896.44	
522.654	46828.03	
522.855	46666.24	
523.056	46759.63	
523.257	46757.58	
523.457	46726.86	
523.658	46873.91	
523.859	46951.32	
524.06	47008.26	
524.26	47142.19	
524.461	47350.27	
524.662	47360.1	
524.862	47302.34	
525.063	47235.58	
525.264	47238.04	
525.464	47002.11	
525.665	46866.54	
525.866	46894.39	
526.066	46781.75	
526.267	46708.43	
526.468	46747.34	
526.668	46767	
526.869	46769.05	
527.069	46736.69	
527.27	46695.74	
527.47	46618.73	
527.671	46549.92	
527.871	46463.91	
528.072	46533.54	
528.272	46442.61	
528.473	46363.15	
528.673	46377.89	
528.874	46299.25	
529.074	46115.75	
529.275	46094.86	
529.475	46107.15	
529.675	46046.94	
529.876	46141.56	
530.076	46253.37	
530.277	46225.11	
530.477	46117.39	
530.677	46057.18	
530.878	45858.53	
531.078	45688.95	
531.278	45513.65	
531.478	45540.68	
531.679	45526.35	
531.879	45701.65	
532.079	45717.22	
532.28	45779.47	
532.48	45634.07	
532.68	45524.3	
532.88	45342.03	
533.08	45423.95	
533.28	45504.64	
533.481	45655.37	
533.681	45695.1	
533.881	45688.95	
534.081	45577.13	
534.281	45546.82	
534.481	45555.43	
534.681	45713.94	
534.881	45854.43	
535.081	45841.32	
535.281	45872.86	
535.481	45860.98	
535.682	45846.65	
535.882	45738.51	
536.082	45768.01	
536.281	45701.24	
536.481	45641.44	
536.681	45566.9	
536.881	45571.81	
537.081	45555.84	
537.281	45649.63	
537.481	45548.46	
537.681	45452.62	
537.881	45229.8	
538.081	45158.94	
538.281	44936.53	
538.48	45177.37	
538.68	45215.05	
538.88	45380.53	
539.08	45508.32	
539.28	45615.64	
539.479	45448.52	
539.679	45443.2	
539.879	45476.37	
540.079	45450.57	
540.278	45462.04	
540.478	45475.97	
540.678	45707.8	
540.877	45926.52	
541.077	45985.5	
541.277	46181.7	
541.476	46479.47	
541.676	46404.92	
541.876	46357.82	
542.075	46544.19	
542.275	46488.89	
542.474	46414.34	
542.674	46579.82	
542.874	46473.74	
543.073	46266.07	
543.273	46111.65	
543.472	45950.68	
543.672	45704.11	
543.871	45541.91	
544.071	45427.63	
544.27	45560.34	
544.47	45512.83	
544.669	45448.52	
544.868	45627.11	
545.068	45718.04	
545.267	45634.48	
545.467	45862.62	
545.666	46063.73	
545.865	46125.58	
546.065	46153.02	
546.264	46212.01	
546.463	46094.04	
546.663	46000.65	
546.862	45895.8	
547.061	45806.92	
547.261	45669.7	
547.46	45650.04	
547.659	45478.83	
547.858	45334.66	
548.058	45287.96	
548.257	45278.95	
548.456	45118.8	
548.655	45142.97	
548.854	45222.84	
549.053	45223.66	
549.253	45181.88	
549.452	45225.7	
549.651	45309.26	
549.85	45405.92	
550.049	45436.64	
550.248	45561.16	
550.447	45619.73	
550.646	45616.87	
550.845	45441.56	
551.044	45420.67	
551.243	45224.07	
551.442	45035.24	
551.641	44757.95	
551.84	44578.14	
552.039	44292.65	
552.238	44190.25	
552.437	44013.72	
552.636	43956.37	
552.835	43970.3	
553.034	44212.37	
553.233	44267.25	
553.432	44296.74	
553.63	44320.5	
553.829	44394.64	
554.028	44288.14	
554.227	44282.82	
554.426	44343.44	
554.625	44364.74	
554.823	44192.71	
555.022	44031.74	
555.221	43872.82	
555.42	43705.29	
555.618	43564.8	
555.817	43472.64	
556.016	43383.35	
556.214	43412.43	
556.413	43457.49	
556.612	43517.7	
556.81	43616.41	
557.009	43742.56	
557.208	43658.6	
557.406	43753.21	
557.605	43698.74	
557.803	43680.72	
558.002	43621.32	
558.201	43618.46	
558.399	43535.72	
558.598	43437.42	
558.796	43466.91	
558.995	43382.53	
559.193	43374.34	
559.392	43286.28	
559.59	43419.8	
559.789	43314.13	
559.987	43286.28	
560.185	43334.61	
560.384	43182.24	
560.582	42901.67	
560.781	42796.4	
560.979	42829.99	
561.177	42599.39	
561.376	42576.04	
561.574	42679.26	
561.772	42544.5	
561.971	42420.4	
562.169	42443.74	
562.367	42452.75	
562.566	42373.29	
562.764	42340.93	
562.962	42233.62	
563.16	42035.79	
563.358	41951.82	
563.557	41821.16	
563.755	41788.8	
563.953	41717.53	
564.151	41694.19	
564.349	41597.93	
564.547	41488.57	
564.746	41405.42	
564.944	41229.3	
565.142	41269.44	
565.34	41294.83	
565.538	41413.2	
565.736	41493.89	
565.934	41575.4	
566.132	41405.01	
566.33	41339.07	
566.528	41260.84	
566.726	41129.77	
566.924	41161.3	
567.122	41289.1	
567.32	41217.83	
567.518	41144.51	
567.716	41213.32	
567.914	41189.16	
568.112	41114.2	
568.31	41126.9	
568.507	41190.8	
568.705	40932.75	
568.903	40873.77	
569.101	40853.29	
569.299	40831.99	
569.497	40752.53	
569.694	40843.46	
569.892	40723.45	
570.09	40646.85	
570.288	40609.99	
570.486	40561.25	
570.683	40479.33	
570.881	40451.07	
571.079	40229.89	
571.276	40033.69	
571.474	39823.16	
571.672	39618.37	
571.869	39502.86	
572.067	39437.73	
572.265	39366.87	
572.462	39240.31	
572.66	39375.07	
572.857	39367.28	
573.055	39554.88	
573.253	39551.6	
573.45	39268.16	
573.648	38653.77	
573.845	38173.73	
574.043	37475.78	
574.24	37023.18	
574.438	37045.3	
574.635	37405.74	
574.832	37774.37	
575.03	38278.99	
575.227	38700.47	
575.425	38964.65	
575.622	38988.41	
575.82	38947.04	
576.017	38956.46	
576.214	38954.41	
576.412	38978.99	
576.609	38924.92	
576.806	38899.12	
577.004	38949.91	
577.201	38872.09	
577.398	38709.48	
577.595	38722.99	
577.793	38655.82	
577.99	38455.94	
578.187	38267.12	
578.384	38213.05	
578.582	38132.77	
578.779	38126.62	
578.976	38121.71	
579.173	38259.33	
579.37	38155.3	
579.567	38101.23	
579.764	38048.8	
579.962	38054.54	
580.159	38046.75	
580.356	38262.2	
580.553	38312.58	
580.75	38256.47	
580.947	38110.24	
581.144	37965.65	
581.341	37725.22	
581.538	37684.67	
581.735	37693.68	
581.932	37613.81	
582.129	37469.64	
582.326	37469.23	
582.523	37279.99	
582.72	37130.08	
582.916	37072.74	
583.113	36996.97	
583.31	36832.72	
583.507	36790.94	
583.704	36784.8	
583.901	36633.66	
584.098	36599.66	
584.294	36485.79	
584.491	36388.31	
584.688	36389.13	
584.885	36442.78	
585.082	36586.55	
585.278	36821.66	
585.475	36908.08	
585.672	36812.65	
585.868	36925.29	
586.065	36830.67	
586.262	36672.16	
586.458	36680.76	
586.655	36674.61	
586.852	36476.37	
587.048	36406.74	
587.245	36338.75	
587.442	36339.16	
587.638	36354.72	
587.835	36309.67	
588.031	36177.37	
588.228	36124.12	
588.424	35888.6	
588.621	35702.65	
588.817	35616.63	
589.014	35637.52	
589.21	35537.58	
589.407	35394.22	
589.603	35411.84	
589.8	35424.13	
589.996	35467.95	
590.192	35496.21	
590.389	35593.29	
590.585	35421.67	
590.782	35254.55	
590.978	35068.6	
591.174	34894.52	
591.371	34914.18	
591.567	35045.25	
591.763	35217.28	
591.959	35246.77	
592.156	35372.52	
592.352	35401.19	
592.548	35370.88	
592.744	35346.3	
592.941	35352.86	
593.137	35309.44	
593.333	35216.46	
593.529	35193.11	
593.725	35128.81	
593.922	35112.83	
594.118	35150.11	
594.314	35030.92	
594.51	34977.67	
594.706	34885.92	
594.902	34809.73	
595.098	34763.04	
595.294	34917.46	
595.49	34871.17	
595.686	35040.75	
595.882	34976.44	
596.078	35008.8	
596.274	35003.88	
596.47	35060.82	
596.666	34901.48	
596.862	34853.15	
597.058	34836.77	
597.254	34787.62	
597.45	34756.08	
597.646	34863.8	
597.842	34785.98	
598.037	34714.71	
598.233	34540.22	
598.429	34446.42	
598.625	34191.66	
598.821	34141.69	
599.017	34066.32	
599.212	34248.18	
599.408	34274.81	
599.604	34382.53	
599.8	34534.08	
599.995	34538.17	
600.191	34522.2	
600.387	34538.17	
600.582	34722.49	
600.778	34868.72	
600.974	35005.52	
601.169	34956.78	
601.365	35057.13	
601.561	34785.16	
601.756	34608.21	
601.952	34489.43	
602.147	34290.78	
602.343	34236.71	
602.538	34218.69	
602.734	34324.37	
602.93	34314.95	
603.125	34478.37	
603.321	34290.37	
603.516	34347.71	
603.711	34196.98	
603.907	34196.57	
604.102	34099.09	
604.298	34188.79	
604.493	34243.68	
604.689	34362.05	
604.884	34366.14	
605.079	34303.89	
605.275	34327.23	
605.47	34290.37	
605.665	34282.18	
605.861	34373.11	
606.056	34561.52	
606.251	34463.63	
606.447	34550.05	
606.642	34473.46	
606.837	34369.01	
607.032	34327.64	
607.227	34472.64	
607.423	34481.24	
607.618	34528.34	
607.813	34650.4	
608.008	34733.96	
608.203	34888.38	
608.398	35020.27	
608.594	35182.46	
608.789	35346.71	
608.984	35607.21	
609.179	35865.67	
609.374	36124.53	
609.569	36432.54	
609.764	36702.06	
609.959	37014.17	
610.154	37242.72	
610.349	37645.76	
610.544	37969.75	
610.739	38451.43	
610.934	38682.44	
611.129	38915.91	
611.324	38914.68	
611.519	38978.58	
611.714	38839.32	
611.909	38874.13	
612.103	38964.65	
612.298	39215.73	
612.493	39364.01	
612.688	39558.56	
612.883	39703.15	
613.078	39737.56	
613.272	39728.14	
613.467	39860.03	
613.662	39811.69	
613.857	39817.02	
614.051	39902.62	
614.246	39853.88	
614.441	39727.32	
614.635	39736.74	
614.83	39570.44	
615.025	39376.3	
615.219	39228.84	
615.414	39143.65	
615.609	39136.27	
615.803	39252.6	
615.998	39461.08	
616.192	39649.08	
616.387	39885.42	
616.582	39982.9	
616.776	40012.39	
616.971	39925.97	
617.165	39925.15	
617.36	39737.15	
617.554	39713.39	
617.749	39919.01	
617.943	40017.72	
618.138	40034.51	
618.332	40252.42	
618.526	40310.58	
618.721	40149.2	
618.915	40079.57	
619.11	40000.93	
619.304	39784.66	
619.498	39729.36	
619.693	39676.12	
619.887	39636.8	
620.081	39623.28	
620.275	39624.92	
620.47	39515.56	
620.664	39496.72	
620.858	39425.86	
621.052	39455.35	
621.247	39504.5	
621.441	39503.27	
621.635	39570.44	
621.829	39600.75	
622.023	39572.9	
622.218	39509	
622.412	39474.6	
622.606	39269.39	
622.8	39166.17	
622.994	39084.66	
623.188	38983.09	
623.382	38893.38	
623.576	38912.64	
623.77	38940.08	
623.964	38929.43	
624.158	39024.04	
624.352	38999.88	
624.546	38973.25	
624.74	38883.14	
624.934	38781.16	
625.128	38593.97	
625.322	38634.11	
625.516	38660.73	
625.71	38641.07	
625.904	38671.79	
626.098	38863.48	
626.291	38799.59	
626.485	38847.51	
626.679	39002.75	
626.873	39048.21	
627.067	38962.2	
627.26	38891.75	
627.454	38752.07	
627.648	38485.43	
627.842	38349.03	
628.035	38209.36	
628.229	38258.51	
628.423	38223.7	
628.617	38324.05	
628.81	38305.21	
629.004	38227.79	
629.198	38090.17	
629.391	37930.02	
629.585	37727.27	
629.778	37577.77	
629.972	37638.8	
630.166	37520.43	
630.359	37449.98	
630.553	37406.56	
630.746	37402.87	
630.94	37313.99	
631.133	37261.97	
631.327	37254.6	
631.52	37257.06	
631.714	37225.11	
631.907	37103.46	
632.1	37301.29	
632.294	37376.66	
632.487	37398.37	
632.681	37492.98	
632.874	37535.58	
633.067	37415.16	
633.261	37358.64	
633.454	37257.06	
633.647	37174.73	
633.841	37028.91	
634.034	36910.13	
634.227	36727.04	
634.421	36605.8	
634.614	36499.31	
634.807	36521.43	
635	36446.06	
635.193	36645.53	
635.387	36821.66	
635.58	36931.43	
635.773	37064.96	
635.966	37108.37	
636.159	37029.73	
636.352	36768.82	
636.545	36619.73	
636.739	36398.96	
636.932	36370.7	
637.125	36211.36	
637.318	36321.14	
637.511	36231.02	
637.704	36216.28	
637.897	36285.5	
638.09	36346.94	
638.283	36425.58	
638.476	36450.16	
638.669	36438.28	
638.862	36355.54	
639.055	36224.06	
639.247	36114.29	
639.44	36095.86	
639.633	36218.74	
639.826	36199.49	
640.019	36172.45	
640.212	36154.43	
640.405	36069.64	
640.597	35870.99	
640.79	35811.6	
640.983	35891.88	
641.176	35812.42	
641.368	35974.21	
641.561	36154.02	
641.754	36120.84	
641.947	36133.13	
642.139	36084.39	
642.332	35904.99	
642.525	35662.1	
642.717	35601.89	
642.91	35400.37	
643.103	35308.62	
643.295	35148.47	
643.488	35082.93	
643.68	34933.84	
643.873	34837.59	
644.065	34722.08	
644.258	34695.05	
644.45	34683.99	
644.643	34611.08	
644.835	34602.48	
645.028	34560.29	
645.22	34452.57	
645.413	34404.65	
645.605	34384.99	
645.798	34450.11	
645.99	34484.93	
646.182	34478.78	
646.375	34368.6	
646.567	34359.18	
646.76	34168.72	
646.952	33938.12	
647.144	33885.69	
647.337	33784.52	
647.529	33661.23	
647.721	33583.41	
647.913	33617.82	
648.106	33536.72	
648.298	33376.98	
648.49	33314.31	
648.682	33271.71	
648.874	33267.61	
649.067	33411.79	
649.259	33510.5	
649.451	33489.2	
649.643	33451.52	
649.835	33490.43	
650.027	33237.3	
650.219	33142.28	
650.411	33033.33	
650.603	32985.4	
650.796	32894.88	
650.988	32897.75	
651.18	32886.28	
651.372	32913.32	
651.564	32818.7	
651.756	32582.36	
651.948	32424.67	
652.139	32343.98	
652.331	32352.99	
652.523	32384.12	
652.715	32434.91	
652.907	32396	
653.099	32267.39	
653.291	32104.37	
653.483	31962.24	
653.674	31918	
653.866	31934.39	
654.058	31809.46	
654.25	31702.15	
654.442	31564.93	
654.633	31367.51	
654.825	31230.29	
655.017	31259.79	
655.209	31134.86	
655.4	31070.14	
655.592	31007.48	
655.784	30830.12	
655.975	30667.51	
656.167	30605.25	
656.359	30509	
656.55	30429.13	
656.742	30350.08	
656.933	30419.71	
657.125	30285.36	
657.316	30128.9	
657.508	29947.04	
657.7	29845.05	
657.891	29500.17	
658.083	29387.53	
658.274	29310.12	
658.466	29230.66	
658.657	29161.03	
658.848	28986.13	
659.04	28912.81	
659.231	28750.61	
659.423	28597.02	
659.614	28370.1	
659.805	28582.68	
659.997	28541.31	
660.188	28532.3	
660.379	28563.43	
660.571	28613.81	
660.762	28367.64	
660.953	28189.06	
661.145	28037.51	
661.336	27837.63	
661.527	27853.6	
661.718	27700.83	
661.909	27590.24	
662.101	27568.12	
662.292	27568.53	
662.483	27387.9	
662.674	27426.4	
662.865	27481.28	
663.056	27316.63	
663.247	27168.35	
663.439	27102.41	
663.63	27026.63	
663.821	26868.53	
664.012	26900.89	
664.203	26925.05	
664.394	26831.26	
664.585	26752.21	
664.776	26672.34	
664.967	26561.34	
665.158	26503.99	
665.349	26473.68	
665.54	26364.73	
665.73	26294.28	
665.921	26172.63	
666.112	25928.1	
666.303	25669.24	
666.494	25552.92	
666.685	25373.1	
666.876	25293.23	
667.066	25246.95	
667.257	25276.03	
667.448	25241.62	
667.639	25268.25	
667.83	25285.04	
668.02	25238.76	
668.211	25085.16	
668.402	24960.23	
668.592	24775.51	
668.783	24558.42	
668.974	24508.45	
669.164	24421.62	
669.355	24331.51	
669.546	24294.23	
669.736	24289.73	
669.927	24136.54	
670.117	24050.12	
670.308	23977.21	
670.499	23836.72	
670.689	23716.71	
670.88	23626.6	
671.07	23644.62	
671.261	23507.4	
671.451	23495.94	
671.641	23317.35	
671.832	23350.53	
672.022	23217.82	
672.213	23207.99	
672.403	23287.45	
672.594	23405.01	
672.784	23348.48	
672.974	23303.43	
673.165	23181.37	
673.355	23041.29	
673.545	23023.67	
673.736	22997.87	
673.926	22814.37	
674.116	22718.53	
674.306	22484.24	
674.497	22162.71	
674.687	21836.67	
674.877	21743.28	
675.067	21642.52	
675.257	21586.41	
675.448	21502.85	
675.638	21499.58	
675.828	21361.13	
676.018	21343.11	
676.208	21194.84	
676.398	21080.97	
676.588	20897.47	
676.778	20795.07	
676.968	20635.33	
677.158	20564.88	
677.348	20410.06	
677.538	20285.13	
677.728	20211.81	
677.918	20092.62	
678.108	19998.41	
678.298	19920.59	
678.488	19954.18	
678.678	19943.94	
678.868	19827.61	
679.058	19755.12	
679.248	19748.97	
679.438	19626.5	
679.627	19558.92	
679.817	19520.01	
680.007	19490.11	
680.197	19452.43	
680.387	19412.7	
680.576	19322.99	
680.766	19177.59	
680.956	18995.73	
681.146	18933.88	
681.335	18792.16	
681.525	18718.84	
681.715	18736.87	
681.904	18778.64	
682.094	18675.02	
682.284	18599.24	
682.473	18415.33	
682.663	18316.62	
682.852	18120.43	
683.042	17932.01	
683.231	17834.12	
683.421	17781.28	
683.61	17673.15	
683.8	17585.5	
683.989	17577.72	
684.179	17488.42	
684.368	17303.29	
684.558	17111.6	
684.747	16971.93	
684.937	16749.11	
685.126	16545.54	
685.316	16485.74	
685.505	16414.47	
685.694	16398.9	
685.884	16497.21	
686.073	16504.99	
686.262	16571.34	
686.452	16613.53	
686.641	16610.66	
686.83	16469.36	
687.019	16502.94	
687.209	16389.89	
687.398	16408.74	
687.587	16336.65	
687.776	16333.78	
687.965	16260.46	
688.155	16233.84	
688.344	15993	
688.533	15858.24	
688.722	15713.65	
688.911	15678.43	
689.1	15610.85	
689.289	15529.75	
689.478	15460.53	
689.667	15402.77	
689.856	15141.86	
690.045	14997.28	
690.234	14926.42	
690.423	14973.93	
690.612	14883	
690.801	14875.63	
690.99	14772.82	
691.179	14810.91	
691.368	14625.77	
691.557	14636.83	
691.746	14538.53	
691.935	14475.04	
692.124	14332.5	
692.312	14251.4	
692.501	14074.05	
692.69	14094.53	
692.879	14063.81	
693.068	14036.78	
693.256	13980.66	
693.445	13994.18	
693.634	13796.76	
693.823	13650.53	
694.011	13537.48	
694.2	13453.93	
694.389	13292.96	
694.577	13281.9	
694.766	13247.49	
694.955	13239.71	
695.143	13182.77	
695.332	13176.22	
695.52	13085.29	
695.709	13092.66	
695.897	12944.8	
696.086	12754.34	
696.275	12565.52	
696.463	12497.93	
696.652	12334.92	
696.84	12260.37	
697.028	12307.88	
697.217	12294.78	
697.405	12277.98	
697.594	12288.63	
697.782	12260.78	
697.971	12207.12	
698.159	12211.22	
698.347	12160.43	
698.536	12066.63	
698.724	12004.37	
698.912	11910.99	
699.1	11765.58	
699.289	11707.01	
699.477	11610.75	
699.665	11518.19	
699.854	11368.68	
700.042	11319.12	
700.23	11167.16	
700.418	11136.44	
700.606	11025.44	
700.794	11102.04	
700.983	11132.35	
701.171	11179.45	
701.359	11047.15	
701.547	11057.39	
701.735	10929.19	
701.923	10769.04	
702.111	10657.22	
702.299	10595.37	
702.487	10551.54	
702.675	10471.67	
702.863	10417.61	
703.051	10307.84	
703.239	10342.24	
703.427	10230.01	
703.615	10177.18	
703.803	10116.56	
703.991	10141.54	
704.179	10078.05	
704.367	10080.51	
704.554	10063.31	
704.742	9986.71	
704.93	9935.93	
705.118	9946.17	
705.306	9864.66	
705.493	9810.18	
705.681	9811.41	
705.869	9820.01	
706.057	9728.67	
706.244	9710.24	
706.432	9635.28	
706.62	9580.81	
706.807	9378.88	
706.995	9290.41	
707.183	9119.2	
707.37	9130.25	
707.558	9070.45	
707.746	9106.5	
707.933	9033.59	
708.121	9126.16	
708.308	8970.1	
708.496	8904.16	
708.683	8757.93	
708.871	8778.82	
709.058	8583.04	
709.246	8537.98	
709.433	8441.73	
709.621	8457.7	
709.808	8323.76	
709.995	8381.52	
710.183	8374.96	
710.37	8368	
710.558	8276.66	
710.745	8258.23	
710.932	8136.17	
711.12	8109.55	
711.307	8028.86	
711.494	8037.05	
711.681	7973.56	
711.869	7938.75	
712.056	7876.9	
712.243	7822.01	
712.43	7638.51	
712.618	7587.72	
712.805	7488.6	
712.992	7370.64	
713.179	7310.84	
713.366	7311.25	
713.553	7221.96	
713.74	7170.35	
713.928	7015.11	
714.115	6990.54	
714.302	6912.3	
714.489	6902.88	
714.676	6817.69	
714.863	6945.48	
715.05	6880.36	
715.237	6793.11	
715.424	6652.62	
715.611	6675.56	
715.798	6596.1	
715.984	6500.66	
716.171	6504.35	
716.358	6511.72	
716.545	6443.73	
716.732	6369.59	
716.919	6332.32	
717.106	6246.71	
717.293	6155.78	
717.479	6137.76	
717.666	6009.56	
717.853	5964.5	
718.04	5971.47	
718.226	5965.73	
718.413	5864.97	
718.6	5882.59	
718.786	5842.45	
718.973	5824.01	
719.16	5703.59	
719.346	5682.7	
719.533	5592.59	
719.72	5602.83	
719.906	5489.79	
720.093	5522.55	
720.279	5423.02	
720.466	5481.18	
720.652	5461.93	
720.839	5483.64	
721.025	5471.76	
721.212	5477.09	
721.398	5354.62	
721.585	5313.66	
721.771	5248.12	
721.958	5105.59	
722.144	5083.88	
722.331	4998.68	
722.517	4872.94	
722.703	4806.99	
722.89	4743.51	
723.076	4707.05	
723.262	4778.32	
723.449	4738.59	
723.635	4675.51	
723.821	4689.85	
724.007	4625.54	
724.194	4514.95	
724.38	4534.61	
724.566	4553.45	
724.752	4555.09	
724.938	4532.15	
725.125	4560.83	
725.311	4514.54	
725.497	4432.62	
725.683	4335.14	
725.869	4251.17	
726.055	4168.44	
726.241	4073.41	
726.427	4035.32	
726.613	3978.38	
726.799	4057.85	
726.985	3972.24	
727.171	3999.68	
727.357	4041.87	
727.543	4133.21	
727.729	4002.96	
727.915	4047.61	
728.101	4033.27	
728.287	3945.21	
728.473	3856.33	
728.659	3868.61	
728.845	3800.21	
729.03	3695.35	
729.216	3676.1	
729.402	3628.18	
729.588	3518.41	
729.774	3502.85	
729.959	3497.11	
730.145	3481.55	
730.331	3471.31	
730.517	3474.99	
730.702	3488.1	
730.888	3481.96	
731.074	3407.41	
731.259	3374.64	
731.445	3407	
731.63	3330.41	
731.816	3290.68	
732.002	3322.62	
732.187	3318.12	
732.373	3219	
732.558	3230.88	
732.744	3259.55	
732.929	3212.03	
733.115	3111.27	
733.3	3050.24	
733.486	2966.28	
733.671	2830.29	
733.857	2743.87	
734.042	2741.41	
734.227	2735.68	
734.413	2770.49	
734.598	2804.9	
734.784	2822.51	
734.969	2801.62	
735.154	2830.7	
735.339	2799.16	
735.525	2793.84	
735.71	2808.99	
735.895	2754.11	
736.081	2747.15	
736.266	2707.41	
736.451	2652.12	
736.636	2672.19	
736.821	2658.26	
737.007	2541.12	
737.192	2511.63	
737.377	2469.03	
737.562	2334.27	
737.747	2341.65	
737.932	2394.08	
738.117	2359.26	
738.302	2393.67	
738.487	2400.63	
738.672	2350.25	
738.857	2343.29	
739.042	2353.94	
739.227	2349.84	
739.412	2310.11	
739.597	2283.08	
739.782	2279.8	
739.967	2196.24	
740.152	2166.34	
740.337	2197.88	
740.522	2246.62	
740.706	2222.05	
740.891	2308.88	
741.076	2296.18	
741.261	2318.71	
741.446	2317.48	
741.63	2301.1	
741.815	2258.5	
742	2167.16	
742.185	2096.71	
742.369	2035.27	
742.554	1976.7	
742.739	1934.51	
742.923	1964.41	
743.108	1950.49	
743.293	1973.83	
743.477	1970.56	
743.662	2007.83	
743.846	1994.72	
744.031	2022.98	
744.216	2004.96	
744.4	2038.55	
744.585	1961.13	
744.769	1950.9	
744.954	1901.33	
745.138	1839.08	
745.322	1820.23	
745.507	1772.72	
745.691	1780.09	
745.876	1779.28	
746.06	1808.36	
746.244	1812.86	
746.429	1869.8	
746.613	1839.9	
746.798	1823.92	
746.982	1773.95	
747.166	1755.52	
747.35	1676.47	
747.535	1642.06	
747.719	1617.08	
747.903	1666.64	
748.087	1592.5	
748.272	1592.09	
748.456	1615.03	
748.64	1587.18	
748.824	1515.09	
749.008	1540.48	
749.192	1538.02	
749.376	1504.03	
749.56	1507.71	
749.745	1506.9	
749.929	1501.16	
750.113	1508.94	
750.297	1479.04	
750.481	1512.22	
750.665	1493.38	
750.849	1487.64	
751.033	1482.32	
751.217	1445.87	
751.4	1407.36	
751.584	1385.25	
751.768	1385.66	
751.952	1351.25	
752.136	1384.43	
752.32	1332.82	
752.504	1403.27	
752.688	1372.14	
752.871	1376.64	
753.055	1355.35	
753.239	1366.4	
753.423	1339.78	
753.606	1311.93	
753.79	1347.15	
753.974	1343.06	
754.157	1331.59	
754.341	1285.71	
754.525	1270.56	
754.708	1227.14	
754.892	1224.69	
755.076	1263.19	
755.259	1274.25	
755.443	1255	
755.626	1236.97	
755.81	1256.22	
755.993	1200.93	
756.177	1145.63	
756.36	1187.41	
756.544	1180.45	
756.727	1148.09	
756.911	1152.19	
757.094	1180.45	
757.278	1125.15	
757.461	1083.38	
757.644	1058.39	
757.828	1033.41	
758.011	1039.55	
758.195	1054.7	
758.378	1059.21	
758.561	1061.67	
758.744	1028.9	
758.928	1064.53	
759.111	1041.19	
759.294	1075.18	
759.477	1069.86	
759.661	1107.13	
759.844	1055.11	
760.027	1043.64	
760.21	1008.83	
760.393	1019.07	
760.576	1001.05	
760.76	958.86	
760.943	949.03	
761.126	1011.7	
761.309	1067.81	
761.492	1073.14	
761.675	1058.8	
761.858	1077.64	
762.041	978.93	
762.224	854.41	
762.407	829.84	
762.59	843.76	
762.773	785.6	
762.956	799.94	
763.139	835.57	
763.321	869.16	
763.504	829.43	
763.687	888.41	
763.87	916.26	
764.053	914.21	
764.236	915.44	
764.418	965	
764.601	924.04	
764.784	941.25	
764.967	999.82	
765.149	973.19	
765.332	967.05	
765.515	1007.19	
765.697	919.95	
765.88	864.24	
766.063	865.47	
766.245	869.57	
766.428	814.68	
766.611	868.75	
766.793	873.66	
766.976	895.37	
767.158	854.82	
767.341	904.38	
767.523	899.47	
767.706	917.08	
767.888	876.12	
768.071	994.08	
768.253	938.79	
768.436	947.39	
768.618	939.61	
768.8	1026.03	
768.983	953.94	
769.165	996.95	
769.348	952.31	
769.53	942.88	
769.712	849.5	
769.895	824.1	
770.077	806.49	
770.259	827.79	
770.441	797.89	
770.624	859.74	
770.806	903.15	
770.988	879.81	
771.17	874.07	
771.352	935.1	
771.535	946.16	
771.717	915.44	
771.899	917.08	
772.081	981.8	
772.263	918.31	
772.445	856.87	
772.627	801.98	
772.809	804.03	
772.991	768.81	
773.173	799.53	
773.355	801.57	
773.537	813.86	
773.719	801.57	
773.901	829.84	
774.083	797.48	
774.265	747.51	
774.447	737.27	
774.629	753.65	
774.811	724.16	
774.992	757.34	
775.174	756.11	
775.356	805.26	
775.538	763.89	
775.72	710.65	
775.901	688.53	
776.083	689.35	
776.265	659.86	
776.447	721.29	
776.628	758.57	
776.81	738.5	
776.992	800.35	
777.173	787.24	
777.355	742.18	
777.537	747.51	
777.718	744.64	
777.9	729.49	
778.081	726.62	
778.263	752.42	
778.444	701.22	
778.626	673.78	
778.807	583.67	
778.989	542.3	
779.17	459.56	
779.352	382.15	
779.533	345.29	
779.715	423.52	
779.896	373.55	
780.078	465.3	
780.259	555	
780.44	579.58	
780.622	511.99	
780.803	663.95	
780.984	620.53	
781.166	557.87	
781.347	564.42	
781.528	593.91	
781.709	504.21	
781.891	534.11	
782.072	581.21	
782.253	602.1	
782.434	595.14	
782.615	600.05	
782.796	584.9	
782.978	614.8	
783.159	606.61	
783.34	645.52	
783.521	613.98	
783.702	602.1	
783.883	587.36	
784.064	597.6	
784.245	530.42	
784.426	604.97	
784.607	580.39	
784.788	570.97	
784.969	504.21	
785.15	526.33	
785.331	423.93	
785.512	466.94	
785.692	453.83	
785.873	493.15	
786.054	458.34	
786.235	476.77	
786.416	448.1	
786.597	439.9	
786.777	411.23	
786.958	433.76	
787.139	448.51	
787.32	438.67	
787.5	466.12	
787.681	430.48	
787.862	430.89	
788.042	450.96	
788.223	450.14	
788.404	357.98	
788.584	420.24	
788.765	432.94	
788.946	432.12	
789.126	434.99	
789.307	527.56	
789.487	533.7	
789.668	475.13	
789.848	433.35	
790.029	373.14	
790.209	303.51	
790.39	225.28	
790.57	198.24	
790.75	276.07	
790.931	306.79	
791.111	281.8	
791.292	371.09	
791.472	425.98	
791.652	376.42	
791.833	377.24	
792.013	412.05	
792.193	330.13	
792.373	369.45	
792.554	356.35	
792.734	354.3	
792.914	323.58	
793.094	376.83	
793.275	373.96	
793.455	346.11	
793.635	380.92	
793.815	414.51	
793.995	360.44	
794.175	318.25	
794.355	396.9	
794.535	386.66	
794.715	364.95	
794.896	390.34	
795.076	369.04	
795.256	357.58	
795.436	285.49	
795.616	321.94	
795.795	320.71	
795.975	328.08	
796.155	330.13	
796.335	367	
796.515	387.89	
796.695	418.6	
796.875	462.84	
797.055	434.58	
797.234	449.73	
797.414	405.91	
797.594	373.96	
797.774	336.28	
797.954	263.37	
798.133	259.27	
798.313	237.97	
798.493	261.32	
798.672	208.89	
798.852	258.86	
799.032	205.21	
799.211	216.27	
799.391	197.01	
799.571	234.7	
799.75	199.06	
799.93	280.16	
800.109	288.35	
800.289	297.37	
800.468	283.85	
800.648	287.94	
800.827	235.52	
801.007	217.9	
801.186	154.83	
801.366	171.62	
801.545	202.34	
801.725	280.98	
801.904	243.71	
802.083	298.18	
802.263	276.48	
802.442	310.47	
802.621	235.11	
802.801	340.37	
802.98	355.94	
803.159	311.7	
803.338	242.89	
803.518	289.99	
803.697	190.87	
803.876	203.57	
804.055	259.68	
804.235	301.87	
804.414	236.75	
804.593	276.48	
804.772	235.93	
804.951	226.1	
805.13	159.74	
805.309	185.14	
805.488	183.5	
805.667	202.34	
805.846	224.46	
806.025	267.46	
806.204	305.56	
806.383	290.81	
806.562	239.2	
806.741	225.28	
806.92	251.9	
807.099	208.07	
807.278	147.45	
807.457	155.65	
807.636	199.88	
807.814	190.05	
807.993	203.16	
808.172	253.95	
808.351	267.87	
808.53	224.46	
808.708	182.68	
808.887	166.3	
809.066	235.11	
809.244	231.42	
809.423	212.99	
809.602	210.12	
809.78	241.66	
809.959	169.16	
810.138	203.16	
810.316	222.41	
810.495	244.12	
810.673	158.51	
810.852	184.73	
811.03	183.09	
811.209	193.33	
811.388	212.99	
811.566	262.55	
811.744	273.61	
811.923	249.03	
812.101	240.84	
812.28	287.94	
812.458	326.04	
812.637	285.9	
812.815	292.45	
812.993	305.97	
813.172	304.74	
813.35	203.16	
813.528	256.82	
813.706	230.6	
813.885	223.64	
814.063	133.53	
814.241	230.6	
814.419	214.22	
814.598	278.11	
814.776	243.71	
814.954	260.91	
815.132	205.21	
815.31	202.34	
815.488	113.46	
815.666	107.72	
815.844	81.51	
816.022	87.24	
816.201	32.36	
816.379	101.58	
816.557	123.7	
816.735	138.44	
816.913	109.36	
817.09	157.28	
817.268	77.41	
817.446	62.67	
817.624	57.75	
817.802	151.96	
817.98	112.64	
818.158	133.53	
818.336	95.03	
818.514	99.53	
818.691	71.27	
818.869	120.01	
819.047	172.44	
819.225	204.39	
819.402	213.81	
819.58	256	
819.758	270.33	
819.935	236.34	
820.113	253.95	
820.291	231.01	
820.468	132.71	
820.646	116.32	
820.824	133.12	
821.001	198.65	
821.179	248.21	
821.356	294.91	
821.534	244.53	
821.711	190.87	
821.889	175.31	
822.066	164.66	
822.244	133.53	
822.421	185.96	
822.599	225.28	
822.776	137.62	
822.953	67.99	
823.131	56.52	
823.308	21.3	
823.486	19.66	
823.663	45.46	
823.84	88.47	
824.017	38.09	
824.195	52.84	
824.372	65.13	
824.549	70.04	
824.726	72.91	
824.904	106.08	
825.081	97.48	
825.258	40.96	
825.435	32.36	
825.612	56.52	
825.789	35.63	
825.967	56.11	
826.144	130.66	
826.321	160.97	
826.498	136.8	
826.675	188.41	
826.852	115.92	
827.029	104.86	
827.206	107.31	
827.383	61.85	
827.56	92.57	
827.737	115.1	
827.914	127.79	
828.09	113.87	
828.267	150.32	
828.444	122.88	
828.621	110.18	
828.798	149.91	
828.975	82.74	
829.151	55.7	
829.328	45.46	
829.505	129.02	
829.682	42.6	
829.858	76.59	
830.035	115.92	
830.212	100.35	
830.389	58.57	
830.565	21.3	
830.742	99.94	
830.918	122.47	
831.095	138.03	
831.272	134.76	
831.448	135.99	
831.625	129.43	
831.801	115.1	
831.978	113.46	
832.154	88.06	
832.331	172.03	
832.507	82.33	
832.684	101.58	
832.86	113.46	
833.037	234.7	
833.213	162.2	
833.389	208.48	
833.566	123.29	
833.742	84.79	
833.918	-27.03	
834.095	-60.21	
834.271	-103.63	
834.447	-34	
834.624	-6.55	
834.8	-8.19	
834.976	73.73	
835.152	88.06	
835.328	86.42	
835.505	106.9	
835.681	98.3	
835.857	28.67	
836.033	76.59	
836.209	143.36	
836.385	127.38	
836.561	157.28	
836.737	224.46	
836.913	136.39	
837.089	63.49	
837.265	88.88	
837.441	131.89	
837.617	103.63	
837.793	140.9	
837.969	172.85	
838.145	145.41	
838.321	96.25	
838.497	85.61	
838.673	124.93	
838.849	38.5	
839.025	80.69	
839.2	82.33	
839.376	141.72	
839.552	84.38	
839.728	151.14	
839.903	86.42	
840.079	108.95	
840.255	60.62	
840.431	180.63	
840.606	110.18	
840.782	204.8	
840.958	125.34	
841.133	125.34	
841.309	38.09	
841.484	113.46	
841.66	25.8	
841.835	36.86	
842.011	-2.87	
842.186	64.31	
842.362	14.75	
842.537	71.68	
842.713	75.77	
842.888	99.94	
843.064	29.9	
843.239	28.67	
843.415	-1.23	
843.59	70.04	
843.765	81.92	
843.941	104.86	
844.116	184.73	
844.291	148.27	
844.467	107.31	
844.642	134.76	
844.817	147.86	
844.992	73.73	
845.168	83.15	
845.343	136.39	
845.518	120.83	
845.693	113.87	
845.868	123.29	
846.043	96.25	
846.219	11.47	
846.394	62.26	
846.569	61.85	
846.744	34	
846.919	38.91	
847.094	180.22	
847.269	142.13	
847.444	114.69	
847.619	133.94	
847.794	240.02	
847.969	165.89	
848.144	166.3	
848.319	160.15	
848.494	184.73	
848.668	151.55	
848.843	162.61	
849.018	145.41	
849.193	161.38	
849.368	172.85	
849.542	198.24	
849.717	176.94	
849.892	185.96	
850.067	181.04	
850.241	206.84	
850.416	135.99	
850.591	149.91	
850.765	104.45	
850.94	163.43	
851.115	69.22	
851.289	98.71	
851.464	49.56	
851.639	87.24	
851.813	40.96	
851.988	123.29	
852.162	90.52	
852.337	107.72	
852.511	122.06	
852.686	168.34	
852.86	129.02	
853.035	160.56	
853.209	147.04	
853.383	176.13	
853.558	83.15	
853.732	94.21	
853.906	36.45	
854.081	56.11	
854.255	-7.78	
854.429	37.27	
854.604	22.94	
854.778	91.75	
854.952	77.41	
855.126	121.65	
855.301	116.32	
855.475	83.97	
855.649	33.18	
855.823	2.05	
855.997	-27.03	
856.171	-30.72	
856.345	-19.25	
856.52	20.07	
856.694	77.82	
856.868	124.11	
857.042	122.47	
857.216	201.52	
857.39	182.68	
857.564	166.7	
857.738	104.04	
857.912	120.83	
858.085	71.27	
858.259	72.91	
858.433	79.87	
858.607	61.85	
858.781	49.56	
858.955	41.37	
859.129	33.18	
859.302	34	
859.476	37.68	
859.65	113.46	
859.824	78.23	
859.997	100.76	
860.171	120.01	
860.345	183.91	
860.519	138.44	
860.692	152.78	
860.866	185.14	
861.039	195.38	
861.213	174.49	
861.387	117.55	
861.56	123.7	
861.734	102.4	
861.907	50.38	
862.081	49.97	
862.254	115.51	
862.428	157.28	
862.601	112.64	
862.775	125.34	
862.948	209.71	
863.122	179.4	
863.295	129.43	
863.468	144.18	
863.642	118.37	
863.815	40.55	
863.988	36.86	
864.162	60.21	
864.335	26.62	
864.508	65.54	
864.682	84.79	
864.855	79.05	
865.028	55.7	
865.201	122.47	
865.374	81.1	
865.548	118.78	
865.721	125.75	
865.894	211.35	
866.067	177.35	
866.24	237.97	
866.413	203.98	
866.586	208.89	
866.759	107.72	
866.932	74.96	
867.105	33.18	
867.278	-53.25	
867.451	-83.15	
867.624	-29.9	
867.797	31.13	
867.97	27.44	
868.143	67.17	
868.316	120.01	
868.489	59.39	
868.661	57.75	
868.834	56.11	
869.007	106.9	
869.18	90.11	
869.353	141.72	
869.525	164.66	
869.698	147.45	
869.871	94.62	
870.044	97.07	
870.216	101.17	
870.389	35.63	
870.562	45.46	
870.734	87.65	
870.907	59.8	
871.079	76.59	
871.252	78.23	
871.425	147.45	
871.597	87.65	
871.77	178.99	
871.942	136.8	
872.115	124.52	
872.287	99.12	
872.459	104.45	
872.632	33.18	
872.804	44.65	
872.977	28.26	
873.149	19.25	
873.321	15.56	
873.494	9.01	
873.666	41.37	
873.838	38.5	
874.011	-7.37	
874.183	34.82	
874.355	15.56	
874.528	-27.44	
874.7	-4.92	
874.872	92.57	
875.044	119.19	
875.216	151.14	
875.388	210.12	
875.561	229.78	
875.733	131.07	
875.905	98.71	
876.077	44.65	
876.249	74.55	
876.421	51.61	
876.593	40.14	
876.765	68.4	
876.937	139.26	
877.109	52.84	
877.281	82.74	
877.453	90.52	
877.625	45.06	
877.797	-6.14	
877.968	-17.61	
878.14	-54.07	
878.312	7.37	
878.484	-23.35	
878.656	15.97	
878.828	9.83	
878.999	99.94	
879.171	21.71	
879.343	31.54	
879.515	21.3	
879.686	16.79	
879.858	-45.46	
880.03	7.78	
880.201	38.5	
880.373	1.23	
880.545	34.82	
880.716	74.14	
880.888	164.66	
881.059	176.53	
881.231	222	
881.402	244.94	
881.574	214.22	
881.745	137.62	
881.917	144.59	
882.088	143.77	
882.26	100.35	
882.431	159.33	
882.602	74.96	
882.774	65.54	
882.945	-3.69	
883.116	-31.54	
883.288	-130.66	
883.459	-67.17	
883.63	-61.44	
883.802	-47.92	
883.973	-16.38	
884.144	33.59	
884.315	53.25	
884.487	72.91	
884.658	145.82	
884.829	181.86	
885	154.01	
885.171	172.44	
885.342	97.48	
885.513	65.94	
885.684	49.15	
885.855	90.11	
886.026	36.86	
886.197	105.68	
886.368	64.31	
886.539	90.11	
886.71	44.24	
886.881	68.81	
887.052	78.23	
887.223	133.94	
887.394	86.83	
887.565	161.79	
887.736	110.59	
887.907	131.48	
888.077	84.38	
888.248	94.21	
888.419	45.06	
888.59	57.34	
888.761	45.46	
888.931	67.58	
889.102	106.9	
889.273	82.33	
889.443	72.09	
889.614	-1.23	
889.785	-3.28	
889.955	-45.87	
890.126	-58.16	
890.296	23.76	
890.467	81.51	
890.637	168.34	
890.808	202.75	
890.978	262.14	
891.149	233.06	
891.319	304.74	
891.49	263.37	
891.66	275.25	
891.831	244.94	
892.001	260.09	
892.172	133.12	
892.342	122.47	
892.512	86.42	
892.683	130.25	
892.853	78.23	
893.023	140.08	
893.193	69.63	
893.364	87.65	
893.534	81.1	
893.704	165.89	
893.874	165.07	
894.044	220.36	
894.215	190.87	
894.385	202.75	
894.555	140.9	
894.725	169.16	
894.895	107.72	
895.065	139.67	
895.235	119.19	
895.405	174.08	
895.575	106.49	
895.745	171.52	
895.915	180.22	
