177.618	-805.53	
177.836	-795.81	
178.054	-782.19	
178.271	-597.46	
178.489	-367.68	
178.706	-216.13	
178.924	-73.59	
179.142	64.44	
179.359	49.7	
179.577	-52.29	
179.794	-59.25	
180.012	-87.52	
180.229	-110.04	
180.447	-77.69	
180.664	-40	
180.882	-44.1	
181.1	22.66	
181.317	-1.91	
181.535	-43.28	
181.752	-48.2	
181.969	9.97	
182.187	18.98	
182.404	76.73	
182.622	79.19	
182.839	102.53	
183.057	86.97	
183.274	49.29	
183.492	54.2	
183.709	81.65	
183.926	44.78	
184.144	20.62	
184.361	65.26	
184.579	77.14	
184.796	21.85	
185.013	58.71	
185.231	31.27	
185.448	44.37	
185.666	54.61	
185.883	37	
186.1	24.3	
186.317	57.89	
186.535	-22.8	
186.752	-24.85	
186.969	48.88	
187.187	110.32	
187.404	41.51	
187.621	132.03	
187.839	109.5	
188.056	75.5	
188.273	3.41	
188.49	96.8	
188.708	56.66	
188.925	107.45	
189.142	107.04	
189.359	105.4	
189.576	35.36	
189.794	26.35	
190.011	2.59	
190.228	13.65	
190.445	9.15	
190.662	95.16	
190.879	80.42	
191.097	27.17	
191.314	40.69	
191.531	58.3	
191.748	-28.94	
191.965	2.18	
192.182	2.59	
192.399	-12.15	
192.616	48.06	
192.834	109.91	
193.051	68.54	
193.268	94.75	
193.485	96.8	
193.702	19.8	
193.919	-0.27	
194.136	16.11	
194.353	14.06	
194.57	16.93	
194.787	29.22	
195.004	120.97	
195.221	108.27	
195.438	136.12	
195.655	112.77	
195.872	191.01	
196.089	64.85	
196.306	129.98	
196.523	115.64	
196.74	167.66	
196.957	37	
197.173	81.65	
197.39	23.07	
197.607	63.21	
197.824	34.54	
198.041	98.03	
198.258	98.44	
198.475	174.21	
198.692	107.04	
198.909	61.17	
199.125	3.82	
199.342	53.79	
199.559	18.98	
199.776	44.37	
199.993	131.62	
200.21	169.3	
200.426	91.07	
200.643	72.23	
200.86	84.51	
201.077	67.72	
201.293	53.79	
201.51	72.23	
201.727	-19.93	
201.944	-83.42	
202.16	-81.78	
202.377	-94.07	
202.594	-108.41	
202.811	-55.98	
203.027	-28.54	
203.244	-73.18	
203.461	-22.39	
203.677	52.56	
203.894	99.26	
204.111	135.71	
204.327	162.75	
204.544	132.03	
204.761	98.85	
204.977	59.53	
205.194	0.14	
205.41	50.93	
205.627	30.45	
205.844	17.75	
206.06	15.7	
206.277	77.55	
206.493	21.44	
206.71	62.39	
206.926	41.51	
207.143	96.39	
207.36	15.29	
207.576	92.3	
207.793	105.4	
208.009	163.97	
208.226	142.68	
208.442	180.36	
208.659	128.75	
208.875	120.56	
209.092	41.51	
209.308	14.88	
209.524	0.14	
209.741	43.14	
209.957	84.1	
210.174	111.55	
210.39	111.55	
210.607	127.11	
210.823	9.15	
211.039	-70.31	
211.256	5.87	
211.472	-48.2	
211.688	-6.01	
211.905	73.04	
212.121	80.42	
212.338	12.83	
212.554	70.59	
212.77	39.87	
212.987	29.63	
213.203	85.74	
213.419	113.59	
213.635	96.39	
213.852	71	
214.068	55.43	
214.284	5.46	
214.501	21.44	
214.717	38.23	
214.933	80.83	
215.149	33.31	
215.365	-3.14	
215.582	-78.92	
215.798	-68.68	
216.014	-96.53	
216.23	-51.47	
216.447	-12.56	
216.663	-8.46	
216.879	-46.97	
217.095	7.51	
217.311	50.11	
217.527	76.32	
217.743	111.14	
217.96	100.9	
218.176	64.44	
218.392	30.45	
218.608	37	
218.824	23.48	
219.04	41.92	
219.256	66.9	
219.472	40.28	
219.688	14.88	
219.904	67.31	
220.12	144.72	
220.336	102.13	
220.552	116.46	
220.768	165.61	
220.984	152.51	
221.2	31.27	
221.416	80.83	
221.632	47.65	
221.848	0.96	
222.064	-72.36	
222.28	-38.37	
222.496	-88.34	
222.712	7.51	
222.928	-26.9	
223.144	32.08	
223.36	30.86	
223.576	47.65	
223.792	-10.51	
224.008	71	
224.224	75.09	
224.439	141.45	
224.655	125.88	
224.871	154.55	
225.087	114	
225.303	49.7	
225.519	12.42	
225.734	68.54	
225.95	34.95	
226.166	73.86	
226.382	102.53	
226.598	101.72	
226.813	99.26	
227.029	94.34	
227.245	22.66	
227.461	59.94	
227.677	76.32	
227.892	34.13	
228.108	18.57	
228.324	88.2	
228.539	-4.78	
228.755	37.82	
228.971	60.35	
229.186	145.95	
229.402	114	
229.618	195.1	
229.833	112.37	
230.049	122.61	
230.265	9.97	
230.48	71.41	
230.696	77.55	
230.912	104.17	
231.127	97.21	
231.343	151.69	
231.558	43.96	
231.774	63.21	
231.99	146.77	
232.205	149.64	
232.421	109.91	
232.636	148	
232.852	105.81	
233.067	23.48	
233.283	11.61	
233.498	61.58	
233.714	71.82	
233.929	84.51	
234.145	70.59	
234.36	102.94	
234.576	130.8	
234.791	186.09	
235.007	217.22	
235.222	280.71	
235.438	245.48	
235.653	269.65	
235.868	236.06	
236.084	249.17	
236.299	288.9	
236.515	288.49	
236.73	229.92	
236.945	222.14	
237.161	164.38	
237.376	85.33	
237.592	77.55	
237.807	93.93	
238.022	83.69	
238.238	106.63	
238.453	57.07	
238.668	82.06	
238.883	-8.06	
239.099	-26.08	
239.314	-74.41	
239.529	-26.08	
239.745	-4.78	
239.96	82.87	
240.175	91.89	
240.39	205.75	
240.605	223.37	
240.821	164.79	
241.036	150.05	
241.251	238.11	
241.466	141.86	
241.681	108.27	
241.897	131.62	
242.112	158.65	
242.327	51.34	
242.542	79.6	
242.757	97.21	
242.972	75.09	
243.188	3.41	
243.403	44.78	
243.618	44.37	
243.833	34.95	
244.048	65.26	
244.263	100.9	
244.478	82.06	
244.693	55.02	
244.908	72.23	
245.123	67.31	
245.338	111.96	
245.553	121.38	
245.768	113.59	
245.983	95.57	
246.198	46.01	
246.413	23.48	
246.628	18.57	
246.843	21.44	
247.058	14.88	
247.273	28.81	
247.488	25.94	
247.703	84.1	
247.918	82.06	
248.133	121.38	
248.348	127.11	
248.563	184.04	
248.778	120.97	
248.993	161.52	
249.207	197.97	
249.422	197.97	
249.637	55.02	
249.852	28.4	
250.067	-25.67	
250.282	-89.97	
250.496	-112.09	
250.711	11.2	
250.926	15.7	
251.141	80.83	
251.356	71.41	
251.57	135.3	
251.785	101.72	
252	71.82	
252.215	47.65	
252.43	91.48	
252.644	99.67	
252.859	94.34	
253.074	140.22	
253.288	138.17	
253.503	104.58	
253.718	146.36	
253.932	238.52	
254.147	259.41	
254.362	250.4	
254.576	247.53	
254.791	178.31	
255.006	98.03	
255.22	129.57	
255.435	135.71	
255.65	175.03	
255.864	203.3	
256.079	146.77	
256.293	136.12	
256.508	132.84	
256.723	194.28	
256.937	123.42	
257.152	119.33	
257.366	66.9	
257.581	46.83	
257.795	-19.11	
258.01	82.46	
258.224	144.72	
258.439	172.99	
258.653	169.71	
258.868	162.34	
259.082	84.51	
259.297	61.58	
259.511	47.24	
259.726	23.07	
259.94	-6.83	
260.154	-30.58	
260.369	-25.26	
260.583	-18.3	
260.798	-23.21	
261.012	0.96	
261.226	50.11	
261.441	70.59	
261.655	62.39	
261.869	111.14	
262.084	107.86	
262.298	90.66	
262.512	25.94	
262.727	2.18	
262.941	32.9	
263.155	30.45	
263.37	35.36	
263.584	105.81	
263.798	135.3	
264.012	167.66	
264.227	155.78	
264.441	210.26	
264.655	151.69	
264.869	229.51	
265.084	140.63	
265.298	148.41	
265.512	74.27	
265.726	131.62	
265.94	30.45	
266.155	65.67	
266.369	79.19	
266.583	146.77	
266.797	148	
267.011	221.32	
267.225	277.84	
267.439	252.04	
267.654	194.69	
267.868	144.31	
268.082	34.95	
268.296	-93.25	
268.51	-109.63	
268.724	-63.35	
268.938	-104.72	
269.152	-40.82	
269.366	15.7	
269.58	37.82	
269.794	-16.66	
270.008	100.08	
270.222	106.63	
270.436	96.8	
270.65	91.48	
270.864	138.17	
271.078	76.73	
271.292	87.38	
271.506	140.22	
271.72	165.61	
271.934	173.39	
272.148	156.19	
272.362	138.99	
272.575	154.55	
272.789	168.89	
273.003	147.18	
273.217	191.83	
273.431	159.47	
273.645	109.5	
273.859	152.92	
274.073	204.93	
274.286	203.7	
274.5	214.35	
274.714	193.46	
274.928	175.44	
275.142	113.59	
275.355	82.06	
275.569	134.48	
275.783	180.77	
275.997	141.04	
276.21	172.58	
276.424	242.21	
276.638	186.5	
276.852	186.5	
277.065	179.54	
277.279	193.87	
277.493	133.25	
277.706	227.46	
277.92	248.35	
278.134	196.33	
278.347	124.24	
278.561	90.25	
278.775	52.15	
278.988	4.64	
279.202	68.54	
279.415	145.13	
279.629	164.38	
279.843	154.55	
280.056	251.63	
280.27	283.99	
280.483	195.92	
280.697	206.57	
280.91	213.94	
281.124	229.92	
281.337	197.56	
281.551	285.62	
281.764	254.08	
281.978	240.16	
282.191	132.84	
282.405	158.65	
282.618	77.14	
282.832	101.72	
283.045	74.27	
283.259	98.03	
283.472	49.29	
283.686	80.42	
283.899	52.15	
284.112	46.42	
284.326	67.72	
284.539	114.82	
284.752	147.59	
284.966	193.46	
285.179	255.31	
285.393	246.71	
285.606	174.21	
285.819	192.24	
286.033	127.11	
286.246	168.07	
286.459	129.57	
286.672	179.13	
286.886	90.66	
287.099	205.34	
287.312	71.82	
287.525	74.27	
287.739	57.07	
287.952	134.07	
288.165	118.51	
288.378	166.84	
288.592	143.08	
288.805	118.1	
289.018	112.77	
289.231	66.08	
289.444	91.48	
289.657	82.87	
289.871	85.74	
290.084	25.12	
290.297	104.99	
290.51	61.99	
290.723	64.03	
290.936	132.03	
291.149	146.77	
291.362	132.03	
291.575	129.57	
291.789	150.46	
292.002	110.73	
292.215	144.72	
292.428	36.59	
292.641	102.13	
292.854	95.57	
293.067	65.67	
293.28	35.77	
293.493	69.36	
293.706	-16.25	
293.919	75.91	
294.132	50.11	
294.345	66.49	
294.558	39.05	
294.77	53.79	
294.983	-26.9	
295.196	57.48	
295.409	98.85	
295.622	190.19	
295.835	228.69	
296.048	259.41	
296.261	223.77	
296.474	222.55	
296.686	160.29	
296.899	161.93	
297.112	192.24	
297.325	195.92	
297.538	184.04	
297.751	229.92	
297.963	257.36	
298.176	207.8	
298.389	179.13	
298.602	185.68	
298.814	286.85	
299.027	241.8	
299.24	253.68	
299.453	326.58	
299.665	281.53	
299.878	134.89	
300.091	107.86	
300.303	108.27	
300.516	37.41	
300.729	40.28	
300.941	74.27	
301.154	60.76	
301.367	26.76	
301.579	69.77	
301.792	109.09	
302.005	84.51	
302.217	88.61	
302.43	125.47	
302.642	77.55	
302.855	20.62	
303.067	6.69	
303.28	58.71	
303.493	-3.96	
303.705	104.58	
303.918	134.48	
304.13	206.57	
304.343	172.17	
304.555	259	
304.768	193.87	
304.98	230.33	
305.193	162.34	
305.405	202.48	
305.617	110.73	
305.83	110.32	
306.042	50.11	
306.255	36.18	
306.467	-11.33	
306.68	-12.15	
306.892	-33.04	
307.104	-8.87	
307.317	-2.73	
307.529	65.67	
307.741	134.48	
307.954	171.35	
308.166	172.58	
308.378	218.04	
308.591	202.89	
308.803	225.41	
309.015	271.7	
309.228	320.03	
309.44	252.45	
309.652	232.79	
309.864	175.03	
310.077	90.25	
310.289	10.79	
310.501	61.99	
310.713	60.76	
310.926	91.48	
311.138	46.83	
311.35	107.04	
311.562	48.88	
311.774	77.96	
311.986	56.25	
312.199	154.14	
312.411	47.65	
312.623	111.96	
312.835	57.89	
313.047	40.28	
313.259	8.74	
313.471	67.31	
313.683	32.08	
313.895	70.59	
314.108	54.2	
314.32	41.92	
314.532	10.38	
314.744	23.89	
314.956	51.75	
315.168	89.84	
315.38	54.2	
315.592	129.16	
315.804	150.05	
316.016	220.09	
316.228	231.15	
316.44	261.46	
316.651	252.86	
316.863	227.05	
317.075	110.32	
317.287	50.93	
317.499	37	
317.711	21.03	
317.923	58.71	
318.135	35.77	
318.347	69.36	
318.559	171.76	
318.77	213.94	
318.982	176.26	
319.194	172.58	
319.406	179.95	
319.618	77.96	
319.83	0.96	
320.041	10.38	
320.253	28.4	
320.465	11.61	
320.677	-7.65	
320.888	1.77	
321.1	-9.28	
321.312	73.45	
321.524	100.9	
321.735	100.49	
321.947	76.32	
322.159	41.51	
322.37	-56.8	
322.582	-71.54	
322.794	0.55	
323.005	61.17	
323.217	102.13	
323.429	59.53	
323.64	116.05	
323.852	64.03	
324.063	23.07	
324.275	51.75	
324.487	119.74	
324.698	43.55	
324.91	78.37	
325.121	57.48	
325.333	-14.2	
325.544	-20.75	
325.756	35.36	
325.967	-17.48	
326.179	63.62	
326.39	117.28	
326.602	135.3	
326.813	44.78	
327.025	95.98	
327.236	12.42	
327.448	-44.1	
327.659	-110.04	
327.871	-42.87	
328.082	-50.24	
328.293	-0.68	
328.505	70.18	
328.716	103.35	
328.928	68.95	
329.139	93.52	
329.35	75.5	
329.562	93.52	
329.773	127.11	
329.984	161.93	
330.196	131.62	
330.407	194.28	
330.618	136.94	
330.83	99.67	
331.041	75.91	
331.252	67.31	
331.463	36.18	
331.675	83.28	
331.886	144.72	
332.097	172.99	
332.308	169.71	
332.52	146.77	
332.731	127.11	
332.942	102.94	
333.153	116.46	
333.364	92.3	
333.575	82.87	
333.787	116.46	
333.998	57.07	
334.209	86.56	
334.42	82.87	
334.631	81.65	
334.842	67.72	
335.053	139.81	
335.264	87.38	
335.475	124.65	
335.686	129.57	
335.898	142.68	
336.109	65.67	
336.32	69.77	
336.531	41.1	
336.742	70.59	
336.953	16.93	
337.164	39.05	
337.375	-7.65	
337.586	19.39	
337.797	-60.89	
338.007	-8.87	
338.218	-20.75	
338.429	21.85	
338.64	20.62	
338.851	94.34	
339.062	61.17	
339.273	138.58	
339.484	118.92	
339.695	53.38	
339.906	45.19	
340.116	86.97	
340.327	53.79	
340.538	48.06	
340.749	72.63	
340.96	52.15	
341.171	-7.24	
341.381	-4.78	
341.592	20.21	
341.803	50.93	
342.014	61.58	
342.224	102.94	
342.435	98.85	
342.646	73.04	
342.857	39.46	
343.067	-3.14	
343.278	0.14	
343.489	-10.1	
343.699	-6.83	
343.91	32.49	
344.121	27.17	
344.331	-29.76	
344.542	-60.89	
344.753	15.7	
344.963	14.88	
345.174	88.2	
345.384	161.52	
345.595	228.69	
345.806	154.96	
346.016	125.47	
346.227	116.46	
346.437	129.57	
346.648	102.13	
346.858	122.61	
347.069	104.17	
347.279	98.03	
347.49	30.45	
347.7	49.7	
347.911	9.15	
348.121	35.36	
348.332	50.11	
348.542	19.39	
348.753	-5.19	
348.963	65.67	
349.173	83.69	
349.384	107.86	
349.594	184.86	
349.805	209.44	
350.015	135.71	
350.225	143.49	
350.436	140.22	
350.646	150.87	
350.856	114	
351.067	138.17	
351.277	60.76	
351.487	-22.39	
351.698	-87.52	
351.908	-78.51	
352.118	-84.24	
352.328	-64.17	
352.539	48.06	
352.749	27.58	
352.959	16.52	
353.169	22.66	
353.38	64.03	
353.59	48.06	
353.8	83.28	
354.01	113.18	
354.22	110.32	
354.431	204.93	
354.641	134.89	
354.851	139.4	
355.061	107.45	
355.271	187.32	
355.481	96.8	
355.691	117.28	
355.901	102.53	
356.111	139.4	
356.321	89.02	
356.532	89.43	
356.742	52.15	
356.952	46.42	
357.162	9.97	
357.372	-11.33	
357.582	-41.23	
357.792	-67.45	
358.002	-89.56	
358.212	-13.38	
358.422	0.96	
358.632	17.75	
358.842	52.15	
359.051	140.63	
359.261	64.44	
359.471	56.25	
359.681	89.84	
359.891	72.23	
360.101	-25.26	
360.311	-21.98	
360.521	-31.4	
360.731	-53.93	
360.94	-20.34	
361.15	36.59	
361.36	53.79	
361.57	52.15	
361.78	68.13	
361.989	66.08	
362.199	76.32	
362.409	116.87	
362.619	107.45	
362.828	211.08	
363.038	223.77	
363.248	215.17	
363.458	185.68	
363.667	216.4	
363.877	134.48	
364.087	122.61	
364.296	80.01	
364.506	109.5	
364.716	91.89	
364.925	52.97	
365.135	-2.73	
365.345	16.93	
365.554	-23.21	
365.764	59.53	
365.973	62.8	
366.183	151.28	
366.393	178.31	
366.602	202.07	
366.812	67.72	
367.021	120.97	
367.231	32.08	
367.44	7.51	
367.65	-24.85	
367.859	46.83	
368.069	-35.5	
368.278	30.86	
368.488	37	
368.697	-13.38	
368.907	-53.52	
369.116	93.52	
369.326	55.43	
369.535	45.19	
369.744	118.1	
369.954	129.16	
370.163	18.98	
370.373	73.45	
370.582	64.03	
370.791	43.96	
371.001	22.66	
371.21	8.33	
371.419	-52.7	
371.629	-54.34	
371.838	-49.42	
372.047	35.77	
372.256	25.12	
372.466	52.97	
372.675	7.51	
372.884	-8.87	
373.093	-99.39	
373.303	-3.96	
373.512	-10.1	
373.721	81.24	
373.93	56.25	
374.139	158.65	
374.349	69.77	
374.558	138.17	
374.767	51.34	
374.976	89.02	
375.185	45.6	
375.394	33.31	
375.603	-12.97	
375.813	26.76	
376.022	-1.91	
376.231	-29.76	
376.44	-28.13	
376.649	-11.74	
376.858	3	
377.067	15.7	
377.276	41.51	
377.485	120.56	
377.694	99.67	
377.903	89.84	
378.112	80.42	
378.321	89.02	
378.53	35.77	
378.739	34.95	
378.948	22.25	
379.157	31.68	
379.366	55.43	
379.575	61.99	
379.784	31.27	
379.992	42.32	
380.201	108.68	
380.41	84.1	
380.619	51.75	
380.828	96.8	
381.037	61.58	
381.246	-39.59	
381.454	-113.73	
381.663	-33.86	
381.872	-75.23	
382.081	0.14	
382.29	36.59	
382.498	91.07	
382.707	71.41	
382.916	125.88	
383.125	47.65	
383.333	42.32	
383.542	66.9	
383.751	39.46	
383.959	43.96	
384.168	66.49	
384.377	125.47	
384.585	75.91	
384.794	46.42	
385.003	28.81	
385.211	41.92	
385.42	-25.67	
385.628	-4.78	
385.837	9.15	
386.046	42.32	
386.254	99.67	
386.463	128.34	
386.671	191.01	
386.88	183.22	
387.088	159.47	
387.297	131.62	
387.505	127.11	
387.714	37.41	
387.922	33.72	
388.131	4.64	
388.339	0.96	
388.548	-37.55	
388.756	-28.94	
388.965	-19.52	
389.173	-37.96	
389.381	-42.87	
389.59	21.03	
389.798	80.83	
390.007	110.32	
390.215	100.08	
390.423	182.82	
390.632	155.78	
390.84	197.56	
391.048	159.06	
391.257	194.69	
391.465	99.67	
391.673	109.5	
391.882	38.64	
392.09	7.92	
392.298	28.81	
392.506	19.8	
392.715	14.88	
392.923	60.35	
393.131	157.01	
393.339	141.45	
393.547	129.16	
393.756	117.28	
393.964	60.76	
394.172	-1.09	
394.38	-41.64	
394.588	23.89	
394.796	-0.68	
395.005	-10.92	
395.213	-15.43	
395.421	14.47	
395.629	-50.65	
395.837	-37.55	
396.045	-17.89	
396.253	2.59	
396.461	-15.43	
396.669	23.07	
396.877	71	
397.085	82.46	
397.293	74.68	
397.501	87.38	
397.709	95.57	
397.917	105.4	
398.125	141.45	
398.333	173.39	
398.541	150.87	
398.749	141.45	
398.957	70.59	
399.165	-5.19	
399.373	-10.1	
399.581	-1.09	
399.788	3.41	
399.996	5.46	
400.204	28.4	
400.412	-25.26	
400.62	-57.21	
400.828	-57.62	
401.035	-25.26	
401.243	2.18	
401.451	59.53	
401.659	65.67	
401.867	69.36	
402.074	57.07	
402.282	20.21	
402.49	-35.5	
402.697	87.79	
402.905	59.12	
403.113	87.79	
403.321	43.14	
403.528	97.21	
403.736	76.32	
403.944	138.99	
404.151	163.97	
404.359	229.51	
404.566	229.1	
404.774	201.66	
404.982	132.03	
405.189	92.3	
405.397	50.11	
405.604	20.62	
405.812	12.42	
406.02	-6.01	
406.227	-8.46	
406.435	10.79	
406.642	42.32	
406.85	29.63	
407.057	105.81	
407.265	124.65	
407.472	143.9	
407.679	107.04	
407.887	77.55	
408.094	40.69	
408.302	-12.97	
408.509	-21.16	
408.717	4.23	
408.924	19.39	
409.131	34.54	
409.339	56.66	
409.546	77.96	
409.753	54.61	
409.961	96.8	
410.168	76.32	
410.375	107.86	
410.583	66.9	
410.79	80.83	
410.997	58.3	
411.205	45.6	
411.412	27.17	
411.619	69.36	
411.826	73.04	
412.034	106.63	
412.241	138.17	
412.448	136.94	
412.655	76.73	
412.862	98.44	
413.07	46.42	
413.277	9.97	
413.484	-21.16	
413.691	22.66	
413.898	-30.99	
414.105	-70.31	
414.312	-88.34	
414.519	-84.24	
414.727	-111.68	
414.934	-77.69	
415.141	-3.55	
415.348	67.31	
415.555	66.9	
415.762	75.5	
415.969	37.41	
416.176	27.58	
416.383	18.98	
416.59	6.69	
416.797	25.12	
417.004	48.88	
417.211	17.75	
417.418	1.77	
417.625	21.44	
417.831	10.38	
418.038	28.4	
418.245	50.93	
418.452	18.98	
418.659	1.37	
418.866	3.82	
419.073	-27.72	
419.28	-89.97	
419.486	-19.11	
419.693	-27.31	
419.9	-6.01	
420.107	34.13	
420.314	108.68	
420.52	95.57	
420.727	192.65	
420.934	174.62	
421.141	128.75	
421.347	93.11	
421.554	64.03	
421.761	-49.42	
421.967	-12.56	
422.174	31.27	
422.381	46.42	
422.588	21.84	
422.794	36.18	
423.001	97.21	
423.207	63.21	
423.414	50.11	
423.621	58.3	
423.827	119.33	
424.034	64.44	
424.24	104.17	
424.447	90.25	
424.654	37.82	
424.86	8.74	
425.067	-78.1	
425.273	-101.85	
425.48	-21.98	
425.686	88.61	
425.893	127.52	
426.099	189.37	
426.306	205.34	
426.512	190.19	
426.718	200.43	
426.925	160.7	
427.131	108.27	
427.338	91.89	
427.544	47.65	
427.75	-37.96	
427.957	-37.14	
428.163	10.79	
428.37	17.75	
428.576	34.13	
428.782	37.41	
428.988	74.27	
429.195	47.65	
429.401	29.63	
429.607	21.44	
429.814	127.11	
430.02	100.9	
430.226	81.65	
430.432	96.39	
430.639	119.33	
430.845	58.3	
431.051	80.01	
431.257	127.52	
431.463	107.45	
431.67	57.48	
431.876	41.1	
432.082	4.64	
432.288	28.81	
432.494	39.05	
432.7	87.38	
432.906	71	
433.112	90.25	
433.318	113.18	
433.525	138.58	
433.731	112.37	
433.937	202.07	
434.143	189.37	
434.349	168.07	
434.555	274.97	
434.761	494.52	
434.967	669.82	
435.173	995.45	
435.379	1335.82	
435.585	1581.99	
435.791	1588.54	
435.996	1581.58	
436.202	1424.7	
436.408	1145.77	
436.614	889.77	
436.82	789.83	
437.026	596.91	
437.232	495.34	
437.438	409.73	
437.644	270.47	
437.849	192.24	
438.055	147.18	
438.261	94.34	
438.467	61.17	
438.673	116.05	
438.878	48.47	
439.084	83.69	
439.29	146.36	
439.496	182.82	
439.701	190.6	
439.907	189.78	
440.113	152.92	
440.318	103.35	
440.524	93.11	
440.73	80.01	
440.935	115.23	
441.141	95.57	
441.347	164.79	
441.552	142.68	
441.758	149.64	
441.964	103.76	
442.169	159.88	
442.375	96.8	
442.58	132.84	
442.786	186.5	
442.991	208.21	
443.197	145.13	
443.402	180.77	
443.608	197.97	
443.813	242.62	
444.019	275.38	
444.224	332.73	
444.43	263.91	
444.635	301.6	
444.841	186.5	
445.046	256.13	
445.252	237.7	
445.457	270.47	
445.662	203.3	
445.868	211.9	
446.073	124.24	
446.278	122.2	
446.484	134.48	
446.689	166.02	
446.894	167.66	
447.1	186.91	
447.305	249.17	
447.51	304.46	
447.716	262.28	
447.921	278.66	
448.126	350.75	
448.331	291.36	
448.537	256.95	
448.742	334.37	
448.947	328.63	
449.152	260.64	
449.357	345.83	
449.563	404	
449.768	376.55	
449.973	393.35	
450.178	451.51	
450.383	351.16	
450.588	322.08	
450.793	346.65	
450.999	447	
451.204	446.59	
451.409	501.48	
451.614	507.62	
451.819	546.94	
452.024	485.51	
452.229	513.36	
452.434	597.73	
452.639	591.18	
452.844	626.41	
453.049	596.51	
453.254	595.69	
453.459	570.29	
453.664	617.39	
453.869	623.95	
454.074	737	
454.279	793.52	
454.483	792.29	
454.688	812.36	
454.893	909.43	
455.098	895.51	
455.303	899.19	
455.508	970.87	
455.713	1042.96	
455.917	979.48	
456.122	1056.89	
456.327	1067.13	
456.532	1165.02	
456.737	1123.24	
456.941	1200.25	
457.146	1199.84	
457.351	1257.59	
457.555	1235.88	
457.76	1333.77	
457.965	1363.67	
458.17	1417.74	
458.374	1515.63	
458.579	1597.14	
458.784	1587.72	
458.988	1581.99	
459.193	1611.48	
459.397	1614.35	
459.602	1615.57	
459.807	1741.32	
460.011	1799.89	
460.216	1840.44	
460.42	1816.68	
460.625	1815.05	
460.829	1820.37	
461.034	1857.64	
461.239	1862.97	
461.443	1949.8	
461.648	2026.4	
461.852	2013.7	
462.056	2110.36	
462.261	2187.37	
462.465	2304.1	
462.67	2329.91	
462.874	2423.7	
463.079	2423.29	
463.283	2485.96	
463.487	2463.02	
463.692	2540.03	
463.896	2549.04	
464.1	2575.66	
464.305	2573.2	
464.509	2629.32	
464.713	2671.92	
464.918	2808.31	
465.122	2903.75	
465.326	2972.15	
465.531	2991.4	
465.735	3063.49	
465.939	3104.45	
466.143	3143.36	
466.348	3199.47	
466.552	3288.76	
466.756	3390.34	
466.96	3504.21	
467.164	3625.45	
467.368	3731.13	
467.573	3856.87	
467.777	3907.66	
467.981	3912.58	
468.185	3953.54	
468.389	4095.25	
468.593	4128.43	
468.797	4205.85	
469.001	4366	
469.205	4529.42	
469.409	4647.39	
469.613	4848.09	
469.817	5007.01	
470.021	5122.52	
470.225	5215.49	
470.429	5296.18	
470.633	5430.94	
470.837	5602.56	
471.041	5745.51	
471.245	5878.63	
471.449	6055.57	
471.653	6175.58	
471.857	6361.13	
472.061	6501.21	
472.265	6718.29	
472.469	6922.27	
472.673	7121.74	
472.876	7260.19	
473.08	7467.03	
473.284	7632.1	
473.488	7800.03	
473.692	8019.57	
473.895	8231.74	
474.099	8438.18	
474.303	8636.01	
474.507	8848.18	
474.71	9014.89	
474.914	9161.11	
475.118	9352.39	
475.322	9586.68	
475.525	9732.9	
475.729	9924.18	
475.933	10143.32	
476.136	10370.23	
476.34	10565.61	
476.543	10813.41	
476.747	11067.77	
476.951	11253.32	
477.154	11403.23	
477.358	11607.61	
477.561	11705.51	
477.765	11844.36	
477.969	11959.45	
478.172	12101.17	
478.376	12190.88	
478.579	12459.57	
478.783	12570.16	
478.986	12810.18	
479.19	13002.28	
479.393	13282.03	
479.596	13431.53	
479.8	13693.67	
480.003	13875.53	
480.207	14041.83	
480.41	14158.56	
480.614	14373.6	
480.817	14502.21	
481.02	14722.57	
481.224	14963.01	
481.427	15158.38	
481.63	15326.73	
481.834	15509.81	
482.037	15578.22	
482.24	15710.92	
482.443	15878.04	
482.647	15999.69	
482.85	16143.86	
483.053	16418.29	
483.256	16608.75	
483.46	16864.34	
483.663	17158.84	
483.866	17489.38	
484.069	17727.35	
484.272	18002.19	
484.476	18191.01	
484.679	18437.18	
484.882	18748.06	
485.085	19029.45	
485.288	19281.76	
485.491	19615.99	
485.694	19790.89	
485.897	19881.41	
486.101	20059.17	
486.304	20303.7	
486.507	20393.4	
486.71	20617.45	
486.913	20895.97	
487.116	21112.65	
487.319	21344.89	
487.522	21639.79	
487.725	21944.94	
487.928	22139.09	
488.13	22431.54	
488.333	22697.36	
488.536	22986.13	
488.739	23308.07	
488.942	23691.45	
489.145	24127.67	
489.348	24444.69	
489.551	24871.08	
489.754	25147.55	
489.956	25450.24	
490.159	25532.98	
490.362	25677.57	
490.565	25718.53	
490.768	25869.26	
490.97	26068.73	
491.173	26355.45	
491.376	26712.2	
491.579	27002.19	
491.781	27336.42	
491.984	27592.42	
492.187	27803.77	
492.39	27988.09	
492.592	28263.74	
492.795	28455.84	
492.998	28620.91	
493.2	28950.63	
493.403	29237.35	
493.605	29576.08	
493.808	29830.03	
494.011	30094.63	
494.213	30231.84	
494.416	30523.88	
494.618	30661.51	
494.821	30798.72	
495.023	31039.97	
495.226	31307.03	
495.428	31378.7	
495.631	31516.74	
495.833	31847.28	
496.036	32071.33	
496.238	32195.43	
496.441	32454.3	
496.643	32621	
496.846	32687.36	
497.048	32774.6	
497.25	32982.26	
497.453	33084.25	
497.655	33369.33	
497.858	33582.73	
498.06	33841.59	
498.262	33969.38	
498.465	34087.35	
498.667	34148.38	
498.869	34278.22	
499.071	34388.81	
499.274	34483.42	
499.476	34631.29	
499.678	34686.58	
499.881	34676.34	
500.083	34752.12	
500.285	34902.85	
500.487	34989.27	
500.689	35205.13	
500.892	35417.71	
501.094	35382.07	
501.296	35504.54	
501.498	35651.59	
501.7	35581.55	
501.902	35782.66	
502.104	35966.56	
502.306	36011.62	
502.509	36154.16	
502.711	36347.49	
502.913	36234.44	
503.115	36271.71	
503.317	36419.98	
503.519	36422.85	
503.721	36555.97	
503.923	36704.65	
504.125	36789.85	
504.327	36682.53	
504.529	36675.16	
504.731	36612.9	
504.933	36664.92	
505.134	36701.37	
505.336	36886.51	
505.538	37069.6	
505.74	37046.66	
505.942	37019.22	
506.144	37110.15	
506.346	37084.35	
506.548	37076.97	
506.749	37383.35	
506.951	37497.22	
507.153	37566.44	
507.355	37589.37	
507.557	37691.36	
507.758	37607.81	
507.96	37661.46	
508.162	37703.24	
508.363	37884.69	
508.565	38032.14	
508.767	38110.79	
508.969	38370.06	
509.17	38517.92	
509.372	38685.04	
509.574	38642.85	
509.775	38724.36	
509.977	38703.47	
510.178	38812.01	
510.38	38791.53	
510.582	38837.41	
510.783	38863.62	
510.985	38914.82	
511.186	38961.92	
511.388	39143.78	
511.589	39309.26	
511.791	39455.89	
511.992	39617.68	
512.194	39681.99	
512.395	39661.92	
512.597	39725.41	
512.798	39852.79	
513	39861.8	
513.201	39868.35	
513.403	40058	
513.604	40169.81	
513.805	40087.08	
514.007	40089.94	
514.208	40149.34	
514.409	40125.17	
514.611	40241.49	
514.812	40602.76	
515.013	40739.15	
515.215	41053.31	
515.416	41202.81	
515.617	41286.37	
515.819	41285.96	
516.02	41583.32	
516.221	41699.24	
516.422	41873.32	
516.623	42031.83	
516.825	42268.16	
517.026	42323.05	
517.227	42500.81	
517.428	42560.2	
517.629	42745.75	
517.83	42844.87	
518.032	42993.55	
518.233	43025.91	
518.434	43088.58	
518.635	43085.71	
518.836	43079.16	
519.037	43128.72	
519.238	43270.85	
519.439	43465	
519.64	43627.2	
519.841	43828.31	
520.042	43921.69	
520.243	44069.15	
520.444	44152.29	
520.645	44255.92	
520.846	44390.27	
521.047	44602.85	
521.248	44676.98	
521.449	44911.68	
521.65	45091.08	
521.851	45416.71	
522.052	45492.08	
522.252	45689.09	
522.453	45732.92	
522.654	45697.28	
522.855	45529.76	
523.056	45435.55	
523.257	45319.23	
523.457	45413.84	
523.658	45485.52	
523.859	45482.66	
524.06	45588.74	
524.26	45615.77	
524.461	45728.41	
524.662	45788.62	
524.862	45765.27	
525.063	45773.06	
525.264	45830.81	
525.464	45630.11	
525.665	45583.82	
525.866	45753.81	
526.066	45834.09	
526.267	45785.35	
526.468	45756.26	
526.668	45713.26	
526.869	45587.51	
527.069	45448.25	
527.27	45494.12	
527.47	45570.72	
527.671	45531.4	
527.871	45533.85	
528.072	45543.28	
528.272	45392.54	
528.473	45337.66	
528.673	45497.4	
528.874	45393.36	
529.074	45356.91	
529.275	45439.65	
529.475	45375.34	
529.675	45143.92	
529.876	45126.72	
530.076	45170.14	
530.277	45098.05	
530.477	45003.84	
530.677	44991.96	
530.878	44939.12	
531.078	44761.77	
531.278	44633.57	
531.478	44618.41	
531.679	44613.5	
531.879	44610.22	
532.079	44736.38	
532.28	44803.55	
532.48	44690.91	
532.68	44650.36	
532.88	44705.66	
533.08	44740.06	
533.28	44732.28	
533.481	44741.7	
533.681	44767.1	
533.881	44654.05	
534.081	44557.38	
534.281	44550.42	
534.481	44681.9	
534.681	44746.62	
534.881	44869.9	
535.081	44877.69	
535.281	44916.19	
535.481	45062.41	
535.682	45119.35	
535.882	44922.33	
536.082	44932.16	
536.281	44816.66	
536.481	44740.88	
536.681	44525.03	
536.881	44699.1	
537.081	44581.96	
537.281	44636.84	
537.481	44427.54	
537.681	44461.95	
537.881	44194.07	
538.081	44239.13	
538.281	44119.12	
538.48	44181.79	
538.68	44230.12	
538.88	44389.86	
539.08	44366.51	
539.28	44427.13	
539.479	44443.52	
539.679	44469.32	
539.879	44599.57	
540.079	44721.63	
540.278	44815.02	
540.478	44898.17	
540.678	45034.56	
540.877	45123.44	
541.077	45258.2	
541.277	45411.39	
541.476	45644.44	
541.676	45624.78	
541.876	45597.34	
542.075	45535.49	
542.275	45435.55	
542.474	45251.23	
542.674	45212.32	
542.874	45036.61	
543.073	44790.85	
543.273	44639.3	
543.472	44478.33	
543.672	44325.96	
543.871	44299.75	
544.071	44259.61	
544.27	44348.08	
544.47	44237.08	
544.669	44151.48	
544.868	44153.52	
545.068	44348.9	
545.267	44296.47	
545.467	44535.67	
545.666	44673.3	
545.865	44783.48	
546.065	44633.98	
546.264	44710.16	
546.463	44688.45	
546.663	44616.77	
546.862	44505.36	
547.061	44500.45	
547.261	44265.34	
547.46	44133.45	
547.659	44082.25	
547.858	43927.02	
548.058	43829.53	
548.257	43926.61	
548.456	43775.06	
548.655	43739.01	
548.854	43749.66	
549.053	43712.8	
549.253	43544.46	
549.452	43600.16	
549.651	43548.14	
549.85	43573.95	
550.049	43614.5	
550.248	43719.35	
550.447	43790.21	
550.646	43879.51	
550.845	43860.25	
551.044	43778.34	
551.243	43576.82	
551.442	43326.96	
551.641	43100.46	
551.84	42887.06	
552.039	42686.77	
552.238	42672.84	
552.437	42513.1	
552.636	42445.93	
552.835	42440.19	
553.034	42623.28	
553.233	42627.38	
553.432	42771.96	
553.63	42771.55	
553.829	42896.07	
554.028	42781.79	
554.227	42759.68	
554.426	42767.87	
554.625	42821.12	
554.823	42635.98	
555.022	42528.26	
555.221	42418.07	
555.42	42198.53	
555.618	41948.27	
555.817	41781.16	
556.016	41728.73	
556.214	41724.63	
556.413	41787.3	
556.612	41886.83	
556.81	42085.08	
557.009	42146.51	
557.208	42169.04	
557.406	42145.7	
557.605	42173.55	
557.803	42135.86	
558.002	42102.28	
558.201	41979.81	
558.399	42120.71	
558.598	41962.2	
558.796	41911	
558.995	41926.56	
559.193	41988.41	
559.392	41768.87	
559.59	41879.05	
559.789	41880.69	
559.987	41925.33	
560.185	41849.97	
560.384	41769.69	
560.582	41515.74	
560.781	41412.11	
560.979	41247.05	
561.177	41057.81	
561.376	41098.77	
561.574	41216.74	
561.772	41018.49	
561.971	41016.04	
562.169	41034.88	
562.367	40910.36	
562.566	40803.46	
562.764	40891.93	
562.962	40720.31	
563.16	40619.96	
563.358	40713.76	
563.557	40807.55	
563.755	40796.9	
563.953	40819.84	
564.151	40925.11	
564.349	40727.27	
564.547	40548.28	
564.746	40353.72	
564.944	40239.45	
565.142	40182.1	
565.34	40217.33	
565.538	40229.62	
565.736	40256.24	
565.934	40259.52	
566.132	40166.54	
566.33	40072.33	
566.528	39931.43	
566.726	39928.97	
566.924	39856.48	
567.122	39897.84	
567.32	39828.62	
567.518	39779.88	
567.716	39792.17	
567.914	39879.82	
568.112	39758.17	
568.31	39802	
568.507	39951.5	
568.705	39749.98	
568.903	39637.75	
569.101	39635.7	
569.299	39672.98	
569.497	39573.04	
569.694	39705.34	
569.892	39654.96	
570.09	39513.65	
570.288	39441.15	
570.486	39552.56	
570.683	39497.67	
570.881	39491.12	
571.079	39500.95	
571.276	39247.41	
571.474	38890.65	
571.672	38686.68	
571.869	38569.94	
572.067	38488.43	
572.265	38542.5	
572.462	38511.37	
572.66	38551.1	
572.857	38522.84	
573.055	38627.28	
573.253	38565.44	
573.45	38206.22	
573.648	37695.05	
573.845	37233.44	
574.043	36690.32	
574.24	36383.94	
574.438	36523.61	
574.635	36906.17	
574.832	37357.13	
575.03	37779.02	
575.227	38211.96	
575.425	38467.54	
575.622	38509.73	
575.82	38363.1	
576.017	38375.79	
576.214	38300.43	
576.412	38289.37	
576.609	38229.16	
576.806	38268.07	
577.004	38250.05	
577.201	38172.64	
577.398	38132.5	
577.595	38127.99	
577.793	38067.78	
577.99	37746.66	
578.187	37548.41	
578.384	37400.14	
578.582	37289.14	
578.779	37271.94	
578.976	37414.07	
579.173	37514.83	
579.37	37463.22	
579.567	37474.69	
579.764	37390.72	
579.962	37439.46	
580.159	37439.05	
580.356	37706.93	
580.553	37766.73	
580.75	37817.11	
580.947	37693.41	
581.144	37568.89	
581.341	37165.44	
581.538	36956.96	
581.735	36772.64	
581.932	36720.22	
582.129	36546.14	
582.326	36614.95	
582.523	36614.95	
582.72	36580.14	
582.916	36498.22	
583.113	36475.69	
583.31	36344.21	
583.507	36215.6	
583.704	36231.98	
583.901	36207.81	
584.098	36143.51	
584.294	36019.4	
584.491	35891.61	
584.688	35835.9	
584.885	35694.18	
585.082	35854.74	
585.278	36048.48	
585.475	36230.34	
585.672	36229.52	
585.868	36326.19	
586.065	36360.18	
586.262	36175.87	
586.458	36175.46	
586.655	36142.69	
586.852	36015.71	
587.048	35825.66	
587.245	35838.77	
587.442	35783.48	
587.638	35797.4	
587.835	35805.18	
588.031	35736.78	
588.228	35651.59	
588.424	35458.67	
588.621	35299.34	
588.817	35191.2	
589.014	35133.45	
589.21	35042.11	
589.407	34978.62	
589.603	34977.8	
589.8	35049.48	
589.996	35132.63	
590.192	35232.98	
590.389	35237.49	
590.585	35021.63	
590.782	34779.15	
590.978	34712.8	
591.174	34601.39	
591.371	34562.89	
591.567	34721.4	
591.763	34863.94	
591.959	34819.7	
592.156	34810.69	
592.352	34959.78	
592.548	35004.02	
592.744	35062.18	
592.941	34993.78	
593.137	34951.18	
593.333	34768.09	
593.529	34642.35	
593.725	34474.82	
593.922	34490.8	
594.118	34451.48	
594.314	34270.03	
594.51	34227.84	
594.706	34134.45	
594.902	34082.02	
595.098	34050.89	
595.294	34240.95	
595.49	34169.27	
595.686	34289.69	
595.882	34203.26	
596.078	34164.76	
596.274	34169.27	
596.47	34231.11	
596.666	34182.78	
596.862	34095.54	
597.058	34078.75	
597.254	33996.42	
597.45	33835.45	
597.646	33785.48	
597.842	33732.23	
598.037	33662.6	
598.233	33465.58	
598.429	33470.5	
598.625	33308.3	
598.821	33232.94	
599.017	33239.49	
599.212	33416.84	
599.408	33415.61	
599.604	33407.42	
599.8	33496.3	
599.995	33525.38	
600.191	33551.6	
600.387	33633.11	
600.582	33870.67	
600.778	34030.82	
600.974	34116.02	
601.169	34045.98	
601.365	34078.34	
601.561	33785.07	
601.756	33647.03	
601.952	33517.19	
602.147	33381.21	
602.343	33344.75	
602.538	33431.18	
602.734	33400.46	
602.93	33444.69	
603.125	33526.61	
603.321	33449.61	
603.516	33488.52	
603.711	33440.6	
603.907	33466.81	
604.102	33383.67	
604.298	33352.13	
604.493	33331.24	
604.689	33422.99	
604.884	33278.4	
605.079	33315.67	
605.275	33362.78	
605.47	33361.55	
605.665	33370.56	
605.861	33587.23	
606.056	33672.84	
606.251	33563.48	
606.447	33624.1	
606.642	33644.99	
606.837	33525.38	
607.032	33487.29	
607.227	33569.21	
607.423	33615.91	
607.618	33688.81	
607.813	33771.96	
608.008	33926.38	
608.203	34160.66	
608.398	34339.66	
608.594	34408.88	
608.789	34529.71	
608.984	34746.79	
609.179	34982.72	
609.374	35216.19	
609.569	35604.89	
609.764	35906.76	
609.959	36249.18	
610.154	36593.65	
610.349	37040.52	
610.544	37335.43	
610.739	37869.13	
610.934	38132.09	
611.129	38325.41	
611.324	38271.35	
611.519	38332.79	
611.714	38160.35	
611.909	38164.85	
612.103	38244.31	
612.298	38467.95	
612.493	38595.34	
612.688	38814.47	
612.883	38902.94	
613.078	38897.21	
613.272	38846.42	
613.467	38828.8	
613.662	38750.16	
613.857	38814.88	
614.051	38764.5	
614.246	38744.02	
614.441	38669.47	
614.635	38586.33	
614.83	38556.02	
615.025	38481.88	
615.219	38403.65	
615.414	38380.71	
615.609	38373.75	
615.803	38215.64	
615.998	38407.74	
616.192	38551.1	
616.387	38746.07	
616.582	38924.24	
616.776	39104.05	
616.971	39104.46	
617.165	39073.33	
617.36	38822.25	
617.554	38771.46	
617.749	38898.03	
617.943	38932.84	
618.138	38948	
618.332	39165.08	
618.526	39171.23	
618.721	38970.11	
618.915	38989.78	
619.11	38997.97	
619.304	38894.34	
619.498	38801.36	
619.693	38772.69	
619.887	38622.78	
620.081	38371.29	
620.275	38250.87	
620.47	38177.55	
620.664	38050.17	
620.858	37896.98	
621.052	37935.89	
621.247	38076.38	
621.441	38109.56	
621.635	38122.26	
621.829	38236.53	
622.023	38311.49	
622.218	38214.82	
622.412	38225.88	
622.606	38268.89	
622.8	38250.87	
622.994	38157.07	
623.188	38090.72	
623.382	38034.6	
623.576	37999.79	
623.77	37924.83	
623.964	37913.77	
624.158	37928.11	
624.352	37846.6	
624.546	37815.88	
624.74	37699.96	
624.934	37570.53	
625.128	37478.37	
625.322	37439.46	
625.516	37446.84	
625.71	37503.77	
625.904	37606.17	
626.098	37628.29	
626.291	37643.03	
626.485	37542.68	
626.679	37555.79	
626.873	37523.84	
627.067	37427.58	
627.26	37262.93	
627.454	37138.41	
627.648	36940.99	
627.842	36844.73	
628.035	36827.53	
628.229	36911.91	
628.423	37002.43	
628.617	37081.89	
628.81	37004.47	
629.004	36910.68	
629.198	36746.84	
629.391	36585.46	
629.585	36469.14	
629.778	36312.26	
629.972	36318.4	
630.166	36315.95	
630.359	36228.29	
630.553	36139.41	
630.746	36191.84	
630.94	36261.47	
631.133	36165.22	
631.327	36171.77	
631.52	36188.15	
631.714	36241.81	
631.907	36126.71	
632.1	36256.56	
632.294	36300.79	
632.487	36318	
632.681	36368.78	
632.874	36379.02	
633.067	36343.39	
633.261	36322.5	
633.454	36249.18	
633.647	36204.95	
633.841	35928.47	
634.034	35758.08	
634.227	35610.22	
634.421	35535.67	
634.614	35314.49	
634.807	35298.52	
635	35278.86	
635.193	35366.92	
635.387	35405.42	
635.58	35529.94	
635.773	35738.83	
635.966	35783.88	
636.159	35763	
636.352	35642.58	
636.545	35465.22	
636.739	35258.79	
636.932	35184.24	
637.125	35124.44	
637.318	35108.87	
637.511	35181.37	
637.704	35276.81	
637.897	35399.28	
638.09	35359.55	
638.283	35445.97	
638.476	35542.22	
638.669	35536.9	
638.862	35454.16	
639.055	35398.46	
639.247	35319.41	
639.44	35145.33	
639.633	35190.38	
639.826	35090.03	
640.019	35029.41	
640.212	34941.35	
640.405	34862.3	
640.597	34619	
640.79	34502.27	
640.983	34471.14	
641.176	34442.47	
641.368	34546.5	
641.561	34657.5	
641.754	34718.12	
641.947	34808.64	
642.139	34798.81	
642.332	34644.8	
642.525	34521.11	
642.717	34461.72	
642.91	34154.11	
643.103	34091.85	
643.295	33882.14	
643.488	33864.94	
643.68	33688.4	
643.873	33735.92	
644.065	33599.11	
644.258	33620.82	
644.45	33505.31	
644.643	33449.61	
644.835	33379.98	
645.028	33257.92	
645.22	33256.28	
645.413	33208.77	
645.605	33274.3	
645.798	33296.83	
645.99	33391.86	
646.182	33315.67	
646.375	33253.01	
646.567	33183.37	
646.76	33119.89	
646.952	33029.37	
647.144	33003.15	
647.337	33033.87	
647.529	32985.13	
647.721	32890.92	
647.913	32781.56	
648.106	32568.57	
648.298	32349.44	
648.49	32215.5	
648.682	32098.77	
648.874	32137.68	
649.067	32340.43	
649.259	32376.06	
649.451	32412.93	
649.643	32452.66	
649.835	32438.32	
650.027	32259.33	
650.219	32167.58	
650.411	32069.28	
650.603	32034.87	
650.796	31996.78	
650.988	31904.62	
651.18	31947.63	
651.372	31964.01	
651.564	31827.21	
651.756	31517.97	
651.948	31461.44	
652.139	31337.74	
652.331	31258.28	
652.523	31253.78	
652.715	31355.36	
652.907	31313.17	
653.099	31210.77	
653.291	31139.09	
653.483	31121.89	
653.674	31127.21	
653.866	31062.91	
654.058	30934.29	
654.25	30776.19	
654.442	30653.31	
654.633	30441.96	
654.825	30425.17	
655.017	30475.55	
655.209	30425.58	
655.4	30283.04	
655.592	30179.82	
655.784	30083.57	
655.975	29936.93	
656.167	29783.75	
656.359	29769	
656.55	29681.35	
656.742	29473.27	
656.933	29458.12	
657.125	29447.06	
657.316	29184.1	
657.508	29082.93	
657.7	28970.29	
657.891	28683.58	
658.083	28561.11	
658.274	28501.72	
658.466	28332.97	
658.657	28246.13	
658.848	28081.47	
659.04	27869.71	
659.231	27766.09	
659.423	27693.18	
659.614	27585.05	
659.805	27661.64	
659.997	27665.74	
660.188	27613.31	
660.379	27612.08	
660.571	27598.56	
660.762	27485.52	
660.953	27349.94	
661.145	27332.33	
661.336	27154.15	
661.527	27231.16	
661.718	27254.91	
661.909	27266.38	
662.101	27191.02	
662.292	27207.4	
662.483	26941.98	
662.674	26892.83	
662.865	26809.69	
663.056	26604.48	
663.247	26505.77	
663.439	26411.97	
663.63	26151.06	
663.821	26004.83	
664.012	25991.73	
664.203	25992.96	
664.394	26016.71	
664.585	26095.35	
664.776	26038.83	
664.967	26106.82	
665.158	25990.91	
665.349	25931.52	
665.54	25745.56	
665.73	25689.86	
665.921	25371.6	
666.112	25139.77	
666.303	24771.14	
666.494	24733.05	
666.685	24557.74	
666.876	24436.5	
667.066	24415.61	
667.257	24574.12	
667.448	24495.89	
667.639	24534.8	
667.83	24582.32	
668.02	24563.88	
668.211	24387.35	
668.402	24257.1	
668.592	24039.19	
668.783	23948.26	
668.974	23809.82	
669.164	23775.01	
669.355	23647.62	
669.546	23594.37	
669.736	23582.91	
669.927	23521.06	
670.117	23471.91	
670.308	23461.26	
670.499	23429.31	
670.689	23311.76	
670.88	23245.81	
671.07	23192.97	
671.261	23048.39	
671.451	23052.89	
671.641	22848.1	
671.832	22819.01	
672.022	22726.86	
672.213	22644.53	
672.403	22579.81	
672.594	22683.44	
672.784	22619.95	
672.974	22491.75	
673.165	22429.9	
673.355	22266.06	
673.545	22196.02	
673.736	22064.95	
673.926	21967.06	
674.116	21912.58	
674.306	21717.21	
674.497	21438.27	
674.687	21179	
674.877	21055.3	
675.067	20946.35	
675.257	20961.92	
675.448	21036.87	
675.638	21155.65	
675.828	21071.69	
676.018	20972.16	
676.208	20793.16	
676.398	20580.58	
676.588	20417.98	
676.778	20345.89	
676.968	20302.06	
677.158	20208.67	
677.348	20073.1	
677.538	19939.16	
677.728	19871.17	
677.918	19751.16	
678.108	19743.37	
678.298	19802.36	
678.488	19761.4	
678.678	19722.08	
678.868	19690.13	
679.058	19594.69	
679.248	19510.73	
679.438	19482.05	
679.627	19407.92	
679.817	19257.6	
680.007	19129.39	
680.197	19045.84	
680.387	18892.65	
680.576	18814.01	
680.766	18730.86	
680.956	18677.61	
681.146	18617.4	
681.335	18488.79	
681.525	18405.64	
681.715	18370.42	
681.904	18272.11	
682.094	18099.27	
682.284	18072.64	
682.473	17886.28	
682.663	17790.84	
682.852	17734.32	
683.042	17658.95	
683.231	17530.34	
683.421	17497.98	
683.61	17384.93	
683.8	17211.27	
683.989	17147.37	
684.179	17088.39	
684.368	16900.79	
684.558	16708.28	
684.747	16599.74	
684.937	16340.88	
685.126	16195.06	
685.316	16044.74	
685.505	15971.02	
685.694	16027.54	
685.884	16135.67	
686.073	16163.93	
686.262	16279.85	
686.452	16371.19	
686.641	16273.71	
686.83	16188.1	
687.019	16128.71	
687.209	16071.78	
687.398	16051.3	
687.587	16040.24	
687.776	16010.34	
687.965	15941.12	
688.155	15865.34	
688.344	15663.82	
688.533	15516.78	
688.722	15366.46	
688.911	15379.97	
689.1	15224.74	
689.289	15209.99	
689.478	15155.92	
689.667	15126.43	
689.856	14826.61	
690.045	14799.58	
690.234	14666.87	
690.423	14621.81	
690.612	14471.08	
690.801	14512.86	
690.99	14319.53	
691.179	14300.69	
691.368	14166.76	
691.557	14188.05	
691.746	14067.22	
691.935	14091.8	
692.124	13937.38	
692.312	13933.29	
692.501	13782.97	
692.69	13780.1	
692.879	13732.18	
693.068	13753.07	
693.256	13723.58	
693.445	13746.1	
693.634	13657.22	
693.823	13571.62	
694.011	13473.31	
694.2	13347.57	
694.389	13194.38	
694.577	13077.65	
694.766	12983.85	
694.955	12905.62	
695.143	12865.89	
695.332	12883.09	
695.52	12834.76	
695.709	12839.67	
695.897	12780.28	
696.086	12665.59	
696.275	12530.02	
696.463	12459.57	
696.652	12310.48	
696.84	12221.59	
697.028	12166.71	
697.217	12070.45	
697.405	12010.24	
697.594	11976.25	
697.782	11889.82	
697.971	11793.16	
698.159	11813.23	
698.347	11820.6	
698.536	11794.39	
698.724	11807.09	
698.912	11723.12	
699.1	11597.37	
699.289	11550.68	
699.477	11381.52	
699.665	11249.22	
699.854	11131.26	
700.042	11005.1	
700.23	10859.7	
700.418	10821.19	
700.606	10710.19	
700.794	10748.29	
700.983	10820.37	
701.171	10796.21	
701.359	10721.25	
701.547	10749.92	
701.735	10663.09	
701.923	10500.89	
702.111	10346.47	
702.299	10291.59	
702.487	10275.61	
702.675	10197.79	
702.863	10094.98	
703.051	10099.08	
703.239	10113.01	
703.427	9972.52	
703.615	9891.01	
703.803	9857.42	
703.991	9852.09	
704.179	9795.57	
704.367	9756.25	
704.554	9762.39	
704.742	9742.32	
704.93	9706.69	
705.118	9660.81	
705.306	9601.42	
705.493	9550.22	
705.681	9523.19	
705.869	9477.73	
706.057	9425.3	
706.244	9325.77	
706.432	9229.92	
706.62	9159.06	
706.807	8947.71	
706.995	8871.53	
707.183	8761.76	
707.37	8792.07	
707.558	8754.79	
707.746	8823.2	
707.933	8803.13	
708.121	8874.8	
708.308	8752.75	
708.496	8694.58	
708.683	8582.35	
708.871	8525.83	
709.058	8413.19	
709.246	8388.21	
709.433	8289.49	
709.621	8285.4	
709.808	8176.04	
709.995	8220.68	
710.183	8165.8	
710.37	8164.98	
710.558	8049.06	
710.745	8037.59	
710.932	7918.4	
711.12	7876.62	
711.307	7836.07	
711.494	7842.22	
711.681	7827.06	
711.869	7737.36	
712.056	7723.03	
712.243	7610.39	
712.43	7452.69	
712.618	7317.53	
712.805	7261	
712.992	7130.75	
713.179	7041.05	
713.366	7000.91	
713.553	6957.5	
713.74	6882.54	
713.928	6734.68	
714.115	6735.91	
714.302	6751.47	
714.489	6715.02	
714.676	6710.51	
714.863	6774.82	
715.05	6716.25	
715.237	6576.98	
715.424	6455.74	
715.611	6437.72	
715.798	6374.23	
715.984	6285.35	
716.171	6313.61	
716.358	6330.41	
716.545	6271.84	
716.732	6227.19	
716.919	6193.19	
717.106	6143.22	
717.293	6111.28	
717.479	6044.1	
717.666	5932.69	
717.853	5932.69	
718.04	5899.92	
718.226	5872.89	
718.413	5771.31	
718.6	5765.17	
718.786	5695.95	
718.973	5659.08	
719.16	5502.21	
719.346	5538.25	
719.533	5507.94	
719.72	5503.44	
719.906	5385.88	
720.093	5418.24	
720.279	5324.86	
720.466	5303.56	
720.652	5237.2	
720.839	5217.13	
721.025	5192.97	
721.212	5152.83	
721.398	5090.98	
721.585	5086.06	
721.771	5076.23	
721.958	4973.01	
722.144	4960.73	
722.331	4857.1	
722.517	4739.14	
722.703	4689.17	
722.89	4647.39	
723.076	4604.79	
723.262	4665.41	
723.449	4652.3	
723.635	4578.99	
723.821	4557.69	
724.007	4485.6	
724.194	4382.79	
724.38	4352.48	
724.566	4340.19	
724.752	4334.05	
724.938	4353.3	
725.125	4339.37	
725.311	4327.08	
725.497	4255.41	
725.683	4155.06	
725.869	4060.85	
726.055	4046.1	
726.241	3960.91	
726.427	3944.93	
726.613	3896.6	
726.799	3955.17	
726.985	3856.46	
727.171	3889.64	
727.357	3934.28	
727.543	4002.28	
727.729	3912.58	
727.915	3934.28	
728.101	3856.87	
728.287	3765.12	
728.473	3685.66	
728.659	3629.55	
728.845	3546.81	
729.03	3503.39	
729.216	3478.41	
729.402	3410	
729.588	3367.82	
729.774	3334.64	
729.959	3292.86	
730.145	3297.78	
730.331	3350.2	
730.517	3322.35	
730.702	3345.7	
730.888	3336.28	
731.074	3239.2	
731.259	3183.09	
731.445	3195.38	
731.63	3158.51	
731.816	3109.77	
732.002	3159.33	
732.187	3124.52	
732.373	3080.69	
732.558	3083.56	
732.744	3143.77	
732.929	3080.28	
733.115	2996.72	
733.3	2875.08	
733.486	2830.02	
733.671	2682.16	
733.857	2613.75	
734.042	2648.98	
734.227	2686.25	
734.413	2723.53	
734.598	2786.19	
734.784	2782.92	
734.969	2738.68	
735.154	2775.13	
735.339	2678.88	
735.525	2682.16	
735.71	2708.78	
735.895	2657.58	
736.081	2577.3	
736.266	2552.32	
736.451	2473.67	
736.636	2483.5	
736.821	2446.23	
737.007	2442.54	
737.192	2429.85	
737.377	2392.98	
737.562	2279.12	
737.747	2307.38	
737.932	2273.38	
738.117	2204.57	
738.302	2239.8	
738.487	2223.82	
738.672	2125.52	
738.857	2160.33	
739.042	2195.15	
739.227	2224.64	
739.412	2213.17	
739.597	2241.02	
739.782	2229.96	
739.967	2147.64	
740.152	2072.27	
740.337	2055.89	
740.522	2084.15	
740.706	2064.49	
740.891	2168.12	
741.076	2179.58	
741.261	2212.35	
741.446	2227.1	
741.63	2186.55	
741.815	2139.44	
742	2030.49	
742.185	1950.62	
742.369	1883.86	
742.554	1835.12	
742.739	1790.88	
742.923	1838.39	
743.108	1868.7	
743.293	1884.68	
743.477	1877.71	
743.662	1869.11	
743.846	1848.63	
744.031	1835.12	
744.216	1828.97	
744.4	1845.36	
744.585	1810.13	
744.769	1846.59	
744.954	1807.67	
745.138	1758.52	
745.322	1781.87	
745.507	1753.2	
745.691	1650.39	
745.876	1638.51	
746.06	1669.64	
746.244	1633.6	
746.429	1648.34	
746.613	1666.77	
746.798	1642.2	
746.982	1568.47	
747.166	1554.95	
747.35	1513.18	
747.535	1491.88	
747.719	1500.48	
747.903	1542.67	
748.087	1495.15	
748.272	1517.27	
748.456	1542.26	
748.64	1514.4	
748.824	1505.8	
749.008	1509.49	
749.192	1473.85	
749.376	1416.1	
749.56	1399.72	
749.745	1345.65	
749.929	1369	
750.113	1393.16	
750.297	1369	
750.481	1411.6	
750.665	1455.01	
750.849	1441.09	
751.033	1425.52	
751.217	1432.08	
751.4	1389.48	
751.584	1345.65	
751.768	1318.21	
751.952	1282.98	
752.136	1291.18	
752.32	1246.12	
752.504	1242.02	
752.688	1247.35	
752.871	1260.46	
753.055	1237.11	
753.239	1242.43	
753.423	1239.57	
753.606	1204.75	
753.79	1237.52	
753.974	1228.1	
754.157	1219.09	
754.341	1193.28	
754.525	1173.62	
754.708	1143.72	
754.892	1160.93	
755.076	1194.92	
755.259	1197.79	
755.443	1149.05	
755.626	1110.55	
755.81	1109.73	
755.993	1086.38	
756.177	1048.7	
756.36	1102.76	
756.544	1094.16	
756.727	1043.78	
756.911	1062.62	
757.094	1074.5	
757.278	1031.9	
757.461	1008.97	
757.644	1013.06	
757.828	938.52	
758.011	933.19	
758.195	961.04	
758.378	945.07	
758.561	922.54	
758.744	937.7	
758.928	982.34	
759.111	963.91	
759.294	1002	
759.477	1046.24	
759.661	1060.98	
759.844	1000.36	
760.027	974.56	
760.21	946.71	
760.393	936.47	
760.576	929.5	
760.76	924.59	
760.943	883.22	
761.126	947.53	
761.309	963.5	
761.492	945.48	
761.675	920.9	
761.858	962.68	
762.041	879.53	
762.224	790.65	
762.407	791.06	
762.59	823.83	
762.773	765.67	
762.956	761.16	
763.139	793.52	
763.321	819.73	
763.504	768.94	
763.687	835.71	
763.87	843.49	
764.053	876.67	
764.236	866.84	
764.418	887.73	
764.601	865.61	
764.784	888.14	
764.967	902.47	
765.149	890.18	
765.332	928.28	
765.515	949.57	
765.697	898.79	
765.88	852.5	
766.063	855.78	
766.245	834.89	
766.428	789.83	
766.611	812.36	
766.793	818.1	
766.976	839.8	
767.158	788.6	
767.341	846.36	
767.523	847.59	
767.706	865.2	
767.888	823.83	
768.071	941.38	
768.253	896.33	
768.436	916.81	
768.618	919.67	
768.8	1000.36	
768.983	950.39	
769.165	979.48	
769.348	906.98	
769.53	882.81	
769.712	792.7	
769.895	757.88	
770.077	753.79	
770.259	790.24	
770.441	780.41	
770.624	834.89	
770.806	863.97	
770.988	823.01	
771.17	806.22	
771.352	838.57	
771.535	845.13	
771.717	816.87	
771.899	832.02	
772.081	931.55	
772.263	852.91	
772.445	782.46	
772.627	738.63	
772.809	746.01	
772.991	704.64	
773.173	801.71	
773.355	815.64	
773.537	838.17	
773.719	802.12	
773.901	815.64	
774.083	724.71	
774.265	676.79	
774.447	665.32	
774.629	684.16	
774.811	659.58	
774.992	712.83	
775.174	713.65	
775.356	774.68	
775.538	739.04	
775.72	681.29	
775.901	648.93	
776.083	654.67	
776.265	581.35	
776.447	626.81	
776.628	674.74	
776.81	664.09	
776.992	718.56	
777.173	740.27	
777.355	712.42	
777.537	726.35	
777.718	720.2	
777.9	707.5	
778.081	702.18	
778.263	716.93	
778.444	661.22	
778.626	643.61	
778.807	572.34	
778.989	521.55	
779.17	445.77	
779.352	385.56	
779.533	356.89	
779.715	401.13	
779.896	353.62	
780.078	428.16	
780.259	478.95	
780.44	481.41	
780.622	458.88	
780.803	617.8	
780.984	586.27	
781.166	528.1	
781.347	558	
781.528	547.76	
781.709	449.05	
781.891	492.06	
782.072	545.31	
782.253	556.36	
782.434	521.14	
782.615	524.42	
782.796	489.6	
782.978	534.66	
783.159	523.6	
783.34	589.54	
783.521	580.53	
783.702	590.36	
783.883	538.34	
784.064	569.47	
784.245	524.83	
784.426	579.71	
784.607	534.25	
784.788	546.12	
784.969	472.4	
785.15	470.35	
785.331	363.04	
785.512	426.52	
785.692	428.16	
785.873	444.14	
786.054	433.49	
786.235	444.55	
786.416	410.14	
786.597	391.71	
786.777	378.19	
786.958	381.88	
787.139	412.19	
787.32	425.29	
787.5	445.77	
787.681	412.6	
787.862	419.15	
788.042	433.49	
788.223	408.91	
788.404	324.53	
788.584	380.24	
788.765	393.76	
788.946	360.17	
789.126	345.42	
789.307	431.03	
789.487	456.42	
789.668	420.79	
789.848	403.59	
790.029	352.8	
790.209	302.83	
790.39	226.64	
790.57	211.9	
790.75	293	
790.931	331.91	
791.111	311.02	
791.292	358.94	
791.472	370.82	
791.652	328.63	
791.833	317.16	
792.013	338.87	
792.193	270.06	
792.373	297.09	
792.554	275.79	
792.734	283.17	
792.914	263.1	
793.094	329.04	
793.275	320.03	
793.455	303.65	
793.635	341.33	
793.815	358.94	
793.995	319.62	
794.175	321.67	
794.355	402.36	
794.535	394.58	
794.715	384.34	
794.896	381.06	
795.076	334.37	
795.256	325.35	
795.436	264.73	
795.616	290.54	
795.795	314.7	
795.975	320.03	
796.155	313.48	
796.335	329.45	
796.515	347.47	
796.695	389.66	
796.875	461.34	
797.055	439.22	
797.234	456.83	
797.414	434.31	
797.594	377.78	
797.774	317.16	
797.954	246.3	
798.133	258.18	
798.313	212.72	
798.493	233.2	
798.672	214.35	
798.852	257.36	
799.032	193.06	
799.211	194.28	
799.391	174.62	
799.571	186.91	
799.75	177.9	
799.93	276.2	
800.109	292.18	
800.289	298.73	
800.468	281.12	
800.648	266.37	
800.827	200.02	
801.007	190.6	
801.186	148	
801.366	186.91	
801.545	204.11	
801.725	257.36	
801.904	218.45	
802.083	265.96	
802.263	256.95	
802.442	314.29	
802.621	252.04	
802.801	381.47	
802.98	399.08	
803.159	365.9	
803.338	286.03	
803.518	342.97	
803.697	234.01	
803.876	251.63	
804.055	266.78	
804.235	323.72	
804.414	239.34	
804.593	267.6	
804.772	197.56	
804.951	190.19	
805.13	94.75	
805.309	148	
805.488	137.35	
805.667	169.3	
805.846	195.51	
806.025	248.76	
806.204	272.52	
806.383	235.65	
806.562	217.63	
806.741	197.15	
806.92	222.14	
807.099	197.56	
807.278	182.41	
807.457	162.75	
807.636	194.28	
807.814	184.86	
807.993	162.34	
808.172	214.76	
808.351	238.11	
808.53	222.55	
808.708	193.06	
808.887	180.36	
809.066	247.94	
809.244	226.23	
809.423	195.92	
809.602	187.32	
809.78	236.88	
809.959	162.34	
810.138	201.25	
810.316	223.37	
810.495	253.27	
810.673	188.96	
810.852	191.42	
811.03	197.15	
811.209	210.26	
811.388	204.93	
811.566	239.75	
811.744	249.58	
811.923	215.58	
812.101	195.1	
812.28	275.79	
812.458	297.09	
812.637	260.64	
812.815	276.2	
812.993	297.91	
813.172	263.51	
813.35	171.76	
813.528	222.14	
813.706	186.09	
813.885	158.65	
814.063	68.13	
814.241	182.41	
814.419	199.2	
814.598	258.18	
814.776	248.76	
814.954	242.21	
815.132	199.61	
815.31	168.89	
815.488	62.39	
815.666	52.97	
815.844	28.4	
816.022	-15.84	
816.201	-52.7	
816.379	55.43	
816.557	102.13	
816.735	161.11	
816.913	167.66	
817.09	222.14	
817.268	172.99	
817.446	137.76	
817.624	129.98	
817.802	233.6	
817.98	174.21	
818.158	158.65	
818.336	108.27	
818.514	127.52	
818.691	80.01	
818.869	148	
819.047	206.16	
819.225	243.03	
819.402	194.28	
819.58	222.55	
819.758	202.07	
819.935	156.19	
820.113	149.23	
820.291	157.01	
820.468	74.68	
820.646	68.54	
820.824	92.7	
821.001	187.73	
821.179	242.62	
821.356	279.07	
821.534	240.57	
821.711	197.56	
821.889	193.87	
822.066	171.76	
822.244	151.69	
822.421	197.56	
822.599	241.8	
822.776	159.47	
822.953	100.9	
823.131	66.9	
823.308	30.45	
823.486	23.48	
823.663	22.25	
823.84	64.85	
824.017	46.83	
824.195	59.12	
824.372	62.8	
824.549	63.21	
824.726	67.72	
824.904	78.78	
825.081	91.48	
825.258	46.83	
825.435	53.38	
825.612	91.07	
825.789	57.89	
825.967	65.67	
826.144	121.38	
826.321	165.2	
826.498	125.06	
826.675	183.63	
826.852	96.39	
827.029	74.27	
827.206	64.03	
827.383	23.89	
827.56	72.63	
827.737	115.23	
827.914	116.87	
828.09	82.06	
828.267	107.45	
828.444	77.96	
828.621	54.2	
828.798	100.08	
828.975	63.62	
829.151	46.01	
829.328	29.63	
829.505	131.62	
829.682	57.89	
829.858	70.18	
830.035	133.66	
830.212	134.89	
830.389	59.12	
830.565	34.54	
830.742	103.76	
830.918	84.51	
831.095	89.84	
831.272	123.01	
831.448	157.42	
831.625	150.05	
831.801	157.01	
831.978	160.29	
832.154	112.77	
832.331	145.54	
832.507	104.99	
832.684	123.01	
832.86	137.35	
833.037	266.78	
833.213	203.3	
833.389	225	
833.566	145.54	
833.742	90.25	
833.918	-15.43	
834.095	-38.77	
834.271	-94.48	
834.447	-40.82	
834.624	6.69	
834.8	-3.55	
834.976	59.94	
835.152	83.69	
835.328	95.98	
835.505	97.21	
835.681	93.93	
835.857	22.25	
836.033	57.89	
836.209	130.8	
836.385	140.63	
836.561	164.38	
836.737	239.75	
836.913	183.63	
837.089	136.12	
837.265	132.44	
837.441	188.55	
837.617	172.58	
837.793	182.41	
837.969	156.6	
838.145	149.23	
838.321	98.03	
838.497	89.02	
838.673	140.63	
838.849	77.14	
839.025	114	
839.2	100.08	
839.376	132.44	
839.552	85.74	
839.728	153.73	
839.903	94.75	
840.079	154.96	
840.255	107.04	
840.431	195.92	
840.606	111.55	
840.782	182.82	
840.958	76.32	
841.133	81.24	
841.309	5.46	
841.484	84.1	
841.66	0.14	
841.835	11.2	
842.011	-1.91	
842.186	38.64	
842.362	-12.15	
842.537	50.93	
842.713	47.24	
842.888	72.23	
843.064	13.24	
843.239	46.42	
843.415	3.41	
843.59	78.37	
843.765	80.42	
843.941	150.87	
844.116	213.53	
844.291	216.4	
844.467	176.67	
844.642	205.75	
844.817	181.59	
844.992	93.93	
845.168	71.41	
845.343	120.97	
845.518	100.9	
845.693	108.27	
845.868	132.03	
846.043	95.16	
846.219	21.03	
846.394	74.27	
846.569	48.88	
846.744	20.21	
846.919	45.19	
847.094	174.21	
847.269	123.42	
847.444	105.81	
847.619	120.15	
847.794	226.23	
847.969	169.3	
848.144	164.79	
848.319	166.02	
848.494	181.18	
848.668	143.9	
848.843	163.97	
849.018	163.56	
849.193	166.43	
849.368	165.61	
849.542	195.51	
849.717	161.52	
849.892	152.51	
850.067	182	
850.241	226.23	
850.416	159.06	
850.591	170.53	
850.765	169.3	
850.94	189.37	
851.115	104.99	
851.289	134.07	
851.464	84.51	
851.639	69.36	
851.813	7.1	
851.988	84.92	
852.162	46.01	
852.337	50.52	
852.511	104.17	
852.686	181.59	
852.86	162.75	
853.035	183.63	
853.209	182.41	
853.383	204.11	
853.558	113.59	
853.732	104.58	
853.906	56.25	
854.081	64.03	
854.255	-8.46	
854.429	37	
854.604	27.17	
854.778	104.17	
854.952	103.35	
855.126	157.42	
855.301	167.66	
855.475	139.4	
855.649	83.28	
855.823	64.85	
855.997	27.58	
856.171	6.69	
856.345	-3.55	
856.52	14.06	
856.694	58.3	
856.868	92.7	
857.042	105.4	
857.216	171.76	
857.39	178.72	
857.564	134.48	
857.738	107.86	
857.912	89.84	
858.085	59.12	
858.259	54.61	
858.433	92.3	
858.607	52.15	
858.781	51.75	
858.955	40.28	
859.129	40.69	
859.302	40.69	
859.476	34.95	
859.65	125.88	
859.824	107.86	
859.997	99.67	
860.171	112.37	
860.345	179.13	
860.519	113.18	
860.692	131.62	
860.866	157.83	
861.039	179.54	
861.213	162.34	
861.387	125.47	
861.56	107.45	
861.734	134.89	
861.907	72.63	
862.081	59.94	
862.254	125.06	
862.428	185.68	
862.601	138.58	
862.775	174.62	
862.948	267.6	
863.122	239.34	
863.295	187.32	
863.468	178.72	
863.642	121.38	
863.815	52.97	
863.988	61.17	
864.162	70.59	
864.335	43.96	
864.508	81.65	
864.682	82.46	
864.855	49.29	
865.028	18.16	
865.201	55.84	
865.374	39.46	
865.548	99.26	
865.721	118.92	
865.894	220.91	
866.067	218.86	
866.24	242.21	
866.413	219.68	
866.586	189.37	
866.759	80.83	
866.932	47.65	
867.105	34.54	
867.278	-80.96	
867.451	-49.42	
867.624	7.51	
867.797	60.76	
867.97	48.06	
868.143	97.62	
868.316	120.97	
868.489	80.01	
868.661	67.72	
868.834	57.07	
869.007	103.76	
869.18	83.69	
869.353	118.1	
869.525	140.63	
869.698	129.57	
869.871	128.34	
870.044	127.11	
870.216	134.07	
870.389	83.28	
870.562	89.02	
870.734	88.61	
870.907	41.92	
871.079	55.43	
871.252	50.52	
871.425	138.17	
871.597	91.07	
871.77	217.63	
871.942	184.04	
872.115	207.39	
872.287	174.21	
872.459	184.04	
872.632	110.32	
872.804	120.97	
872.977	66.49	
873.149	51.75	
873.321	30.45	
873.494	14.88	
873.666	47.24	
873.838	73.86	
874.011	37.82	
874.183	94.34	
874.355	78.37	
874.528	33.31	
874.7	48.06	
874.872	143.08	
875.044	148.41	
875.216	193.46	
875.388	232.79	
875.561	247.94	
875.733	143.08	
875.905	97.21	
876.077	5.46	
876.249	68.13	
876.421	42.73	
876.593	37.82	
876.765	76.32	
876.937	148.41	
877.109	58.71	
877.281	77.14	
877.453	91.48	
877.625	54.61	
877.797	23.48	
877.968	-4.37	
878.14	-19.93	
878.312	35.36	
878.484	-17.07	
878.656	-6.42	
878.828	-1.09	
878.999	47.65	
879.171	-26.08	
879.343	6.69	
879.515	1.77	
879.686	-4.37	
879.858	-28.54	
880.03	18.16	
880.201	31.27	
880.373	17.75	
880.545	30.86	
880.716	42.73	
880.888	117.28	
881.059	146.77	
881.231	168.07	
881.402	208.21	
881.574	192.65	
881.745	134.48	
881.917	145.95	
882.088	170.53	
882.26	138.58	
882.431	168.89	
882.602	99.26	
882.774	48.88	
882.945	-4.78	
883.116	-45.33	
883.288	-100.62	
883.459	-75.23	
883.63	-45.33	
883.802	-49.83	
883.973	-17.89	
884.144	24.3	
884.315	53.38	
884.487	85.74	
884.658	168.89	
884.829	206.57	
885	177.08	
885.171	191.83	
885.342	101.72	
885.513	56.66	
885.684	36.18	
885.855	83.28	
886.026	42.32	
886.197	107.86	
886.368	57.89	
886.539	82.06	
886.71	23.89	
886.881	34.54	
887.052	51.34	
887.223	120.15	
887.394	57.48	
887.565	131.21	
887.736	102.53	
887.907	100.49	
888.077	57.89	
888.248	52.15	
888.419	-5.19	
888.59	8.33	
888.761	40.69	
888.931	63.21	
889.102	127.93	
889.273	114.82	
889.443	112.77	
889.614	30.86	
889.785	40.28	
889.955	25.94	
890.126	0.14	
890.296	57.07	
890.467	84.1	
890.637	153.32	
890.808	177.49	
890.978	261.05	
891.149	225.41	
891.319	309.79	
891.49	263.91	
891.66	253.68	
891.831	213.94	
892.001	242.21	
892.172	116.87	
892.342	107.86	
892.512	79.19	
892.683	139.81	
892.853	109.09	
893.023	171.76	
893.193	118.51	
893.364	135.3	
893.534	107.45	
893.704	156.6	
893.874	154.14	
894.044	182.41	
894.215	151.69	
894.385	179.95	
894.555	129.57	
894.725	180.36	
894.895	137.35	
895.065	179.13	
895.235	136.94	
895.405	202.07	
895.575	134.89	
895.745	202.58	
895.915	210.94	
