177.618	-778.4	
177.836	-794.27	
178.054	-789.05	
178.271	-605.55	
178.489	-384.37	
178.706	-251.25	
178.924	-91.51	
179.142	80.11	
179.359	62.09	
179.577	-44.82	
179.794	-35.4	
180.012	-59.56	
180.229	-105.44	
180.447	-89.05	
180.664	-48.5	
180.882	-50.14	
181.1	-0.58	
181.317	-26.79	
181.535	-38.26	
181.752	-38.26	
181.969	-11.64	
182.187	2.7	
182.404	61.68	
182.622	61.27	
182.839	106.73	
183.057	130.49	
183.274	121.89	
183.492	138.68	
183.709	159.57	
183.926	102.23	
184.144	65.77	
184.361	67	
184.579	67.41	
184.796	9.66	
185.013	56.76	
185.231	47.75	
185.448	89.12	
185.666	89.53	
185.883	70.28	
186.1	60.45	
186.317	77.24	
186.535	-7.13	
186.752	-10	
186.969	62.09	
187.187	136.63	
187.404	67.82	
187.621	167.76	
187.839	172.27	
188.056	144.01	
188.273	44.88	
188.49	141.55	
188.708	93.63	
188.925	136.22	
189.142	133.77	
189.359	148.51	
189.576	82.98	
189.794	68.23	
190.011	25.63	
190.228	41.2	
190.445	25.22	
190.662	112.88	
190.879	98.54	
191.097	79.7	
191.314	92.4	
191.531	99.77	
191.748	0.65	
191.965	48.16	
192.182	26.45	
192.399	3.93	
192.616	51.85	
192.834	115.74	
193.051	66.59	
193.268	107.14	
193.485	113.7	
193.702	55.53	
193.919	27.68	
194.136	37.1	
194.353	6.79	
194.57	-1.81	
194.787	19.9	
195.004	120.66	
195.221	110.01	
195.438	156.29	
195.655	143.6	
195.872	234.94	
196.089	96.49	
196.306	148.92	
196.523	152.61	
196.74	202.17	
196.957	57.58	
197.173	116.15	
197.39	71.1	
197.607	85.43	
197.824	79.29	
198.041	153.02	
198.258	138.27	
198.475	195.62	
198.692	132.54	
198.909	64.95	
199.125	7.2	
199.342	81.75	
199.559	49.8	
199.776	89.53	
199.993	186.19	
200.21	201.35	
200.426	108.78	
200.643	113.7	
200.86	114.93	
201.077	103.87	
201.293	107.55	
201.51	123.94	
201.727	30.14	
201.944	-51.37	
202.16	-59.15	
202.377	-77.99	
202.594	-111.58	
202.811	-43.18	
203.027	3.93	
203.244	-45.64	
203.461	-7.54	
203.677	83.8	
203.894	90.35	
204.111	115.33	
204.327	145.64	
204.544	110.83	
204.761	85.43	
204.977	53.49	
205.194	-0.58	
205.41	36.69	
205.627	43.66	
205.844	37.51	
206.06	47.34	
206.277	105.5	
206.493	60.04	
206.71	95.26	
206.926	72.74	
207.143	123.12	
207.36	31.37	
207.576	101.82	
207.793	83.8	
208.009	111.24	
208.226	73.56	
208.442	116.97	
208.659	71.51	
208.875	70.28	
209.092	-0.17	
209.308	-10.82	
209.524	-17.37	
209.741	40.38	
209.957	87.89	
210.174	126.8	
210.39	113.7	
210.607	128.44	
210.823	8.43	
211.039	-58.74	
211.256	30.55	
211.472	-4.27	
211.688	33.01	
211.905	73.15	
212.121	65.36	
212.338	-31.71	
212.554	26.04	
212.77	14.57	
212.987	51.03	
213.203	121.07	
213.419	175.95	
213.635	169.81	
213.852	144.42	
214.068	89.94	
214.284	25.22	
214.501	45.7	
214.717	35.87	
214.933	67	
215.149	42.43	
215.365	39.15	
215.582	-35.4	
215.798	-7.95	
216.014	-36.62	
216.23	6.79	
216.447	40.79	
216.663	41.2	
216.879	-6.72	
217.095	53.49	
217.311	69.05	
217.527	71.51	
217.743	99.77	
217.96	96.49	
218.176	46.93	
218.392	29.73	
218.608	47.75	
218.824	20.72	
219.04	31.37	
219.256	62.09	
219.472	40.79	
219.688	8.84	
219.904	82.57	
220.12	181.28	
220.336	139.91	
220.552	168.58	
220.768	189.47	
220.984	170.63	
221.2	46.11	
221.416	76.42	
221.632	41.61	
221.848	16.21	
222.064	-49.73	
222.28	-2.63	
222.496	-38.26	
222.712	45.7	
222.928	34.24	
223.144	98.95	
223.36	85.84	
223.576	105.09	
223.792	48.98	
224.008	114.52	
224.224	100.18	
224.439	146.46	
224.655	127.21	
224.871	173.5	
225.087	134.59	
225.303	72.74	
225.519	46.11	
225.734	114.93	
225.95	62.91	
226.166	89.53	
226.382	125.98	
226.598	122.3	
226.813	97.31	
227.029	97.72	
227.245	19.9	
227.461	30.55	
227.677	55.53	
227.892	43.25	
228.108	23.18	
228.324	119.43	
228.539	38.74	
228.755	35.46	
228.971	48.98	
229.186	105.09	
229.402	65.36	
229.618	156.7	
229.833	109.19	
230.049	117.38	
230.265	55.94	
230.48	121.89	
230.696	98.13	
230.912	138.68	
231.127	118.2	
231.343	163.26	
231.558	59.22	
231.774	116.56	
231.99	173.5	
232.205	159.98	
232.421	106.73	
232.636	129.26	
232.852	54.71	
233.067	1.88	
233.283	27.27	
233.498	89.53	
233.714	121.89	
233.929	169.4	
234.145	146.46	
234.36	146.87	
234.576	154.25	
234.791	192.75	
235.007	215.69	
235.222	286.14	
235.438	257.05	
235.653	304.98	
235.868	281.63	
236.084	279.99	
236.299	297.6	
236.515	309.48	
236.73	229.61	
236.945	207.49	
237.161	151.79	
237.376	63.73	
237.592	52.67	
237.807	61.68	
238.022	40.79	
238.238	64.55	
238.453	25.22	
238.668	51.44	
238.883	-35.81	
239.099	-7.54	
239.314	-49.32	
239.529	28.09	
239.745	43.25	
239.96	137.45	
240.175	124.76	
240.39	239.44	
240.605	207.49	
240.821	149.74	
241.036	144.01	
241.251	219.37	
241.466	137.04	
241.681	143.19	
241.897	187.42	
242.112	220.19	
242.327	114.52	
242.542	121.89	
242.757	125.98	
242.972	115.74	
243.188	46.11	
243.403	80.11	
243.618	78.47	
243.833	60.86	
244.048	77.24	
244.263	121.48	
244.478	100.18	
244.693	78.06	
244.908	107.14	
245.123	107.96	
245.338	134.59	
245.553	157.93	
245.768	140.73	
245.983	135.4	
246.198	73.15	
246.413	51.44	
246.628	42.84	
246.843	44.07	
247.058	54.31	
247.273	83.39	
247.488	69.05	
247.703	107.14	
247.918	115.74	
248.133	117.38	
248.348	70.28	
248.563	153.84	
248.778	115.33	
248.993	158.75	
249.207	202.58	
249.422	249.27	
249.637	107.55	
249.852	85.43	
250.067	45.29	
250.282	-34.99	
250.496	-57.51	
250.711	46.93	
250.926	39.97	
251.141	98.54	
251.356	102.23	
251.57	178.82	
251.785	126.39	
252	107.96	
252.215	60.45	
252.43	88.3	
252.644	64.95	
252.859	91.99	
253.074	119.84	
253.288	139.91	
253.503	94.86	
253.718	135.4	
253.932	207.49	
254.147	236.98	
254.362	219.78	
254.576	237.8	
254.791	162.85	
255.006	69.05	
255.22	89.12	
255.435	101	
255.65	146.87	
255.864	182.1	
256.079	162.44	
256.293	159.16	
256.508	159.57	
256.723	247.63	
256.937	187.42	
257.152	175.55	
257.366	131.31	
257.581	119.84	
257.795	14.17	
258.01	119.02	
258.224	178	
258.439	202.58	
258.653	160.8	
258.868	175.55	
259.082	94.45	
259.297	61.68	
259.511	33.83	
259.726	30.96	
259.94	-14.51	
260.154	-39.9	
260.369	-21.88	
260.583	-15.33	
260.798	-18.6	
261.012	31.78	
261.226	66.18	
261.441	78.88	
261.655	84.62	
261.869	153.43	
262.084	124.35	
262.298	122.71	
262.512	37.1	
262.727	46.52	
262.941	76.42	
263.155	73.15	
263.37	44.48	
263.584	131.72	
263.798	116.15	
264.012	125.98	
264.227	96.08	
264.441	165.71	
264.655	112.47	
264.869	212.41	
265.084	112.47	
265.298	161.21	
265.512	110.83	
265.726	164.9	
265.94	80.11	
266.155	141.14	
266.369	141.14	
266.583	180.87	
266.797	168.58	
267.011	232.48	
267.225	282.45	
267.439	261.97	
267.654	251.32	
267.868	221.83	
268.082	98.54	
268.296	-39.9	
268.51	-102.16	
268.724	-90.69	
268.938	-126.74	
269.152	-55.47	
269.366	7.2	
269.58	79.29	
269.794	49.8	
270.008	169.4	
270.222	146.05	
270.436	143.6	
270.65	121.89	
270.864	166.94	
271.078	103.05	
271.292	132.54	
271.506	179.64	
271.72	225.52	
271.934	232.89	
272.148	193.98	
272.362	174.32	
272.575	184.15	
272.789	158.34	
273.003	104.28	
273.217	171.04	
273.431	135.4	
273.645	98.95	
273.859	160.8	
274.073	228.38	
274.286	195.62	
274.5	212.41	
274.714	180.87	
274.928	160.8	
275.142	114.52	
275.355	104.28	
275.569	164.49	
275.783	216.09	
275.997	171.04	
276.21	177.59	
276.424	244.77	
276.638	191.93	
276.852	194.8	
277.065	184.97	
277.279	198.48	
277.493	154.25	
277.706	233.71	
277.92	242.31	
278.134	219.78	
278.347	173.91	
278.561	141.55	
278.775	103.87	
278.988	55.94	
279.202	122.71	
279.415	193.16	
279.629	165.71	
279.843	164.08	
280.056	264.84	
280.27	266.07	
280.483	187.83	
280.697	217.32	
280.91	239.85	
281.124	234.12	
281.337	195.62	
281.551	258.28	
281.764	223.47	
281.978	184.97	
282.191	99.36	
282.405	139.91	
282.618	68.23	
282.832	112.47	
283.045	70.69	
283.259	117.79	
283.472	75.6	
283.686	91.17	
283.899	54.31	
284.112	73.56	
284.326	59.22	
284.539	92.81	
284.752	121.89	
284.966	152.61	
285.179	205.04	
285.393	221.01	
285.606	150.56	
285.819	192.34	
286.033	164.49	
286.246	230.43	
286.459	166.12	
286.672	227.15	
286.886	144.42	
287.099	223.47	
287.312	67	
287.525	83.39	
287.739	62.09	
287.952	114.93	
288.165	94.45	
288.378	143.19	
288.592	160.39	
288.805	147.28	
289.018	161.21	
289.231	131.72	
289.444	172.27	
289.657	120.25	
289.871	108.37	
290.084	42.02	
290.297	117.38	
290.51	62.5	
290.723	62.5	
290.936	148.92	
291.149	157.93	
291.362	165.31	
291.575	154.66	
291.789	166.53	
292.002	117.38	
292.215	166.53	
292.428	32.19	
292.641	79.29	
292.854	94.04	
293.067	53.49	
293.28	36.28	
293.493	55.12	
293.706	-39.49	
293.919	34.64	
294.132	10.48	
294.345	-13.69	
294.558	8.43	
294.77	69.87	
294.983	-8.77	
295.196	91.99	
295.409	136.22	
295.622	218.55	
295.835	230.84	
296.048	273.03	
296.261	239.85	
296.474	238.21	
296.686	171.45	
296.899	200.53	
297.112	223.47	
297.325	229.2	
297.538	242.72	
297.751	273.03	
297.963	301.7	
298.176	268.93	
298.389	222.65	
298.602	217.73	
298.814	323.41	
299.027	261.97	
299.24	254.19	
299.453	326.69	
299.665	275.49	
299.878	135.4	
300.091	128.85	
300.303	120.25	
300.516	60.04	
300.729	76.83	
300.941	87.48	
301.154	43.66	
301.367	22.36	
301.579	64.95	
301.792	82.57	
302.005	55.12	
302.217	69.87	
302.43	94.86	
302.642	30.14	
302.855	-23.11	
303.067	-23.11	
303.28	34.64	
303.493	-26.38	
303.705	75.6	
303.918	129.26	
304.13	207.08	
304.343	171.86	
304.555	236.16	
304.768	171.45	
304.98	180.05	
305.193	100.18	
305.405	119.84	
305.617	55.12	
305.83	95.26	
306.042	71.51	
306.255	79.7	
306.467	40.38	
306.68	57.17	
306.892	6.38	
307.104	26.45	
307.317	33.83	
307.529	110.01	
307.741	152.61	
307.954	196.84	
308.166	170.22	
308.378	223.88	
308.591	200.53	
308.803	230.84	
309.015	270.57	
309.228	310.3	
309.44	238.21	
309.652	209.95	
309.864	146.87	
310.077	44.48	
310.289	-21.88	
310.501	2.29	
310.713	17.44	
310.926	61.68	
311.138	43.25	
311.35	111.24	
311.562	58.81	
311.774	127.21	
311.986	91.58	
312.199	192.75	
312.411	96.49	
312.623	161.62	
312.835	60.04	
313.047	56.76	
313.259	31.78	
313.471	96.08	
313.683	85.43	
313.895	118.2	
314.108	97.31	
314.32	70.69	
314.532	15.8	
314.744	38.74	
314.956	95.67	
315.168	126.39	
315.38	95.26	
315.592	197.66	
315.804	177.59	
316.016	224.29	
316.228	255.01	
316.44	298.83	
316.651	277.94	
316.863	287.77	
317.075	176.77	
317.287	96.08	
317.499	107.14	
317.711	76.01	
317.923	101	
318.135	69.87	
318.347	125.57	
318.559	171.45	
318.77	219.37	
318.982	163.67	
319.194	181.28	
319.406	177.18	
319.618	98.54	
319.83	23.59	
320.041	35.87	
320.253	61.68	
320.465	49.8	
320.677	27.68	
320.888	37.51	
321.1	42.43	
321.312	96.9	
321.524	111.65	
321.735	107.14	
321.947	76.42	
322.159	46.11	
322.37	-34.58	
322.582	-29.25	
322.794	52.26	
323.005	120.25	
323.217	132.13	
323.429	83.8	
323.64	128.03	
323.852	67.82	
324.063	33.83	
324.275	92.4	
324.487	177.18	
324.698	101.82	
324.91	131.31	
325.121	97.72	
325.333	0.65	
325.544	-21.88	
325.756	49.39	
325.967	0.24	
326.179	79.7	
326.39	128.03	
326.602	148.1	
326.813	65.36	
327.025	109.6	
327.236	36.69	
327.448	9.66	
327.659	-37.44	
327.871	27.68	
328.082	27.27	
328.293	72.74	
328.505	122.3	
328.716	141.14	
328.928	79.7	
329.139	88.3	
329.35	68.23	
329.562	103.46	
329.773	133.77	
329.984	162.44	
330.196	139.09	
330.407	178	
330.618	118.2	
330.83	73.56	
331.041	65.77	
331.252	70.28	
331.463	49.39	
331.675	96.49	
331.886	166.94	
332.097	190.29	
332.308	196.43	
332.52	198.07	
332.731	147.28	
332.942	154.66	
333.153	193.57	
333.364	191.93	
333.575	175.55	
333.787	222.65	
333.998	125.98	
334.209	150.15	
334.42	112.06	
334.631	119.84	
334.842	115.33	
335.053	184.56	
335.264	113.7	
335.475	130.08	
335.686	128.03	
335.898	137.45	
336.109	54.71	
336.32	56.35	
336.531	60.86	
336.742	77.65	
336.953	35.87	
337.164	78.47	
337.375	47.34	
337.586	48.98	
337.797	-4.68	
338.007	24.81	
338.218	-7.95	
338.429	37.1	
338.64	41.61	
338.851	72.74	
339.062	43.25	
339.273	140.73	
339.484	73.97	
339.695	17.85	
339.906	18.26	
340.116	62.09	
340.327	4.33	
340.538	64.14	
340.749	83.8	
340.96	87.48	
341.171	37.1	
341.381	61.27	
341.592	72.33	
341.803	88.71	
342.014	84.21	
342.224	126.39	
342.435	91.99	
342.646	30.55	
342.857	19.9	
343.067	-0.58	
343.278	18.26	
343.489	42.02	
343.699	69.05	
343.91	109.6	
344.121	103.46	
344.331	35.05	
344.542	14.57	
344.753	77.24	
344.963	87.07	
345.174	120.66	
345.384	173.5	
345.595	222.24	
345.806	191.11	
346.016	150.56	
346.227	166.12	
346.437	177.59	
346.648	150.56	
346.858	146.87	
347.069	118.2	
347.279	130.08	
347.49	63.32	
347.7	73.15	
347.911	12.53	
348.121	39.56	
348.332	32.6	
348.542	18.67	
348.753	6.79	
348.963	87.89	
349.173	106.32	
349.384	122.3	
349.594	187.42	
349.805	238.21	
350.015	165.31	
350.225	155.47	
350.436	135.81	
350.646	149.33	
350.856	78.88	
351.067	97.72	
351.277	55.53	
351.487	-4.68	
351.698	-86.59	
351.908	-78.4	
352.118	-72.26	
352.328	-46.86	
352.539	32.6	
352.749	51.03	
352.959	48.16	
353.169	47.75	
353.38	49.39	
353.59	55.12	
353.8	82.98	
354.01	90.76	
354.22	93.22	
354.431	205.45	
354.641	149.74	
354.851	180.05	
355.061	188.24	
355.271	248.45	
355.481	150.97	
355.691	180.87	
355.901	137.86	
356.111	142.78	
356.321	82.57	
356.532	90.76	
356.742	50.62	
356.952	51.44	
357.162	21.95	
357.372	33.83	
357.582	14.57	
357.792	-17.37	
358.002	-48.09	
358.212	-10	
358.422	3.11	
358.632	10.89	
358.842	28.5	
359.051	85.84	
359.261	54.31	
359.471	41.61	
359.681	55.94	
359.891	71.1	
360.101	3.93	
360.311	-7.54	
360.521	-31.3	
360.731	-20.65	
360.94	3.52	
361.15	83.8	
361.36	94.04	
361.57	102.23	
361.78	90.35	
361.989	57.99	
362.199	18.67	
362.409	48.16	
362.619	34.64	
362.828	150.15	
363.038	176.36	
363.248	189.88	
363.458	180.87	
363.667	215.28	
363.877	114.93	
364.087	129.67	
364.296	96.9	
364.506	126.39	
364.716	107.14	
364.925	68.23	
365.135	-15.74	
365.345	-17.78	
365.554	-48.5	
365.764	38.74	
365.973	55.12	
366.183	150.15	
366.393	189.47	
366.602	205.04	
366.812	71.92	
367.021	130.9	
367.231	54.31	
367.44	34.24	
367.65	50.21	
367.859	107.55	
368.069	36.69	
368.278	130.08	
368.488	123.94	
368.697	36.69	
368.907	11.3	
369.116	150.15	
369.326	89.94	
369.535	113.29	
369.744	172.27	
369.954	191.52	
370.163	96.08	
370.373	137.04	
370.582	101.82	
370.791	92.4	
371.001	45.7	
371.21	37.92	
371.419	-21.47	
371.629	-19.01	
371.838	-37.03	
372.047	67	
372.256	26.45	
372.466	71.51	
372.675	29.32	
372.884	42.43	
373.093	-54.24	
373.303	18.26	
373.512	-15.33	
373.721	37.92	
373.93	6.38	
374.139	118.2	
374.349	54.31	
374.558	141.14	
374.767	87.89	
374.976	89.94	
375.185	60.45	
375.394	68.23	
375.603	12.53	
375.813	46.52	
376.022	48.57	
376.231	-21.06	
376.44	-45.23	
376.649	-14.51	
376.858	23.18	
377.067	39.15	
377.276	96.08	
377.485	163.26	
377.694	135.81	
377.903	127.62	
378.112	104.28	
378.321	111.65	
378.53	101	
378.739	119.43	
378.948	91.58	
379.157	121.89	
379.366	137.04	
379.575	135	
379.784	77.24	
379.992	97.72	
380.201	135	
380.41	103.46	
380.619	63.73	
380.828	91.58	
381.037	57.58	
381.246	-34.99	
381.454	-98.06	
381.663	-23.93	
381.872	-46.45	
382.081	37.1	
382.29	116.15	
382.498	180.87	
382.707	170.22	
382.916	205.85	
383.125	107.55	
383.333	64.55	
383.542	69.87	
383.751	39.15	
383.959	71.92	
384.168	98.54	
384.377	181.69	
384.585	146.05	
384.794	107.14	
385.003	75.6	
385.211	104.69	
385.42	37.1	
385.628	32.19	
385.837	53.9	
386.046	102.64	
386.254	151.79	
386.463	159.16	
386.671	231.66	
386.88	243.95	
387.088	202.58	
387.297	181.69	
387.505	186.19	
387.714	103.05	
387.922	85.02	
388.131	63.32	
388.339	49.39	
388.548	-24.34	
388.756	-0.17	
388.965	-2.63	
389.173	-26.38	
389.381	-37.44	
389.59	42.43	
389.798	76.42	
390.007	121.07	
390.215	158.75	
390.423	216.5	
390.632	205.45	
390.84	264.02	
391.048	221.42	
391.257	200.94	
391.465	114.93	
391.673	132.13	
391.882	55.94	
392.09	39.97	
392.298	51.85	
392.506	58.81	
392.715	60.45	
392.923	111.65	
393.131	176.77	
393.339	195.62	
393.547	171.86	
393.756	171.04	
393.964	114.52	
394.172	70.28	
394.38	31.37	
394.588	114.52	
394.796	75.19	
395.005	69.05	
395.213	62.91	
395.421	72.33	
395.629	-4.68	
395.837	-3.86	
396.045	5.97	
396.253	14.98	
396.461	1.47	
396.669	56.76	
396.877	96.08	
397.085	142.78	
397.293	137.04	
397.501	152.2	
397.709	150.56	
397.917	154.66	
398.125	128.85	
398.333	154.66	
398.541	116.15	
398.749	100.59	
398.957	72.74	
399.165	18.26	
399.373	6.79	
399.581	52.67	
399.788	67	
399.996	12.12	
400.204	50.21	
400.412	33.42	
400.62	-10	
400.828	-19.01	
401.035	29.32	
401.243	65.36	
401.451	107.96	
401.659	91.58	
401.867	105.09	
402.074	130.08	
402.282	78.06	
402.49	-1.4	
402.697	146.05	
402.905	121.48	
403.113	124.35	
403.321	74.38	
403.528	133.36	
403.736	86.66	
403.944	121.07	
404.151	115.74	
404.359	188.24	
404.566	201.35	
404.774	207.9	
404.982	175.55	
405.189	158.34	
405.397	117.79	
405.604	81.34	
405.812	71.51	
406.02	27.27	
406.227	65.77	
406.435	86.66	
406.642	107.96	
406.85	51.85	
407.057	132.54	
407.265	132.54	
407.472	141.14	
407.679	103.46	
407.887	97.31	
408.094	47.34	
408.302	-19.01	
408.509	-33.76	
408.717	-0.58	
408.924	14.98	
409.131	25.22	
409.339	59.63	
409.546	93.63	
409.753	77.24	
409.961	129.67	
410.168	128.85	
410.375	145.24	
410.583	123.94	
410.79	135	
410.997	93.63	
411.205	64.95	
411.412	61.68	
411.619	92.4	
411.826	98.95	
412.034	160.39	
412.241	215.69	
412.448	189.06	
412.655	100.59	
412.862	98.54	
413.07	23.59	
413.277	-24.34	
413.484	-38.67	
413.691	22.77	
413.898	-22.7	
414.105	-58.33	
414.312	-80.86	
414.519	-77.58	
414.727	-88.23	
414.934	-27.2	
415.141	39.56	
415.348	125.17	
415.555	125.98	
415.762	110.42	
415.969	50.62	
416.176	34.64	
416.383	30.14	
416.59	15.39	
416.797	18.67	
417.004	54.31	
417.211	39.15	
417.418	19.08	
417.625	30.14	
417.831	18.26	
418.038	45.7	
418.245	79.29	
418.452	36.28	
418.659	30.14	
418.866	46.93	
419.073	12.12	
419.28	-46.45	
419.486	42.43	
419.693	40.79	
419.9	51.44	
420.107	82.16	
420.314	133.77	
420.52	104.28	
420.727	189.06	
420.934	181.28	
421.141	146.05	
421.347	140.73	
421.554	113.29	
421.761	7.2	
421.967	47.75	
422.174	98.54	
422.381	104.28	
422.588	72.74	
422.794	86.66	
423.001	141.55	
423.207	95.67	
423.414	73.15	
423.621	96.9	
423.827	161.62	
424.034	126.39	
424.24	153.02	
424.447	141.55	
424.654	91.17	
424.86	77.65	
425.067	-3.45	
425.273	-12.05	
425.48	57.17	
425.686	165.71	
425.893	186.6	
426.099	220.6	
426.306	223.88	
426.512	205.45	
426.718	219.78	
426.925	170.22	
427.131	147.28	
427.338	163.26	
427.544	130.9	
427.75	55.94	
427.957	25.63	
428.163	58.4	
428.37	45.29	
428.576	67.41	
428.782	67.41	
428.988	170.22	
429.195	159.98	
429.401	163.26	
429.607	163.26	
429.814	256.24	
430.02	210.36	
430.226	199.3	
430.432	217.32	
430.639	245.18	
430.845	225.11	
431.051	255.83	
431.257	310.3	
431.463	297.19	
431.67	268.11	
431.876	232.48	
432.082	212	
432.288	236.57	
432.494	252.96	
432.7	312.35	
432.906	325.87	
433.112	347.16	
433.318	388.94	
433.525	410.65	
433.731	394.27	
433.937	472.5	
434.143	488.88	
434.349	493.8	
434.555	636.75	
434.761	855.88	
434.967	1024.22	
435.173	1336.74	
435.379	1660.32	
435.585	1880.27	
435.791	1920.82	
435.996	1945.81	
436.202	1818.02	
436.408	1575.54	
436.614	1382.62	
436.82	1297.83	
437.026	1184.37	
437.232	1162.26	
437.438	1125.8	
437.644	1055.76	
437.849	1056.58	
438.055	1062.32	
438.261	1049.62	
438.467	1057.81	
438.673	1119.66	
438.878	1073.37	
439.084	1124.98	
439.29	1246.63	
439.496	1369.1	
439.701	1472.73	
439.907	1557.1	
440.113	1607.89	
440.318	1614.86	
440.524	1637.79	
440.73	1706.61	
440.935	1811.05	
441.141	1849.96	
441.347	1995.78	
441.552	2083.02	
441.758	2172.72	
441.964	2221.88	
442.169	2384.48	
442.375	2415.61	
442.58	2580.27	
442.786	2686.35	
442.991	2814.97	
443.197	2879.68	
443.402	3026.32	
443.608	3140.18	
443.813	3304.84	
444.019	3447.38	
444.224	3579.68	
444.43	3617.77	
444.635	3752.94	
444.841	3771.78	
445.046	3983.13	
445.252	4121.16	
445.457	4334.56	
445.662	4358.73	
445.868	4523.79	
446.073	4600.8	
446.278	4706.47	
446.484	4823.21	
446.689	5071.42	
446.894	5231.57	
447.1	5376.57	
447.305	5675.57	
447.51	5888.56	
447.716	6057.72	
447.921	6295.29	
448.126	6566.03	
448.331	6657.78	
448.537	6903.53	
448.742	7178.37	
448.947	7336.88	
449.152	7508.91	
449.357	7846.42	
449.563	8109.79	
449.768	8301.07	
449.973	8592.7	
450.178	8894.98	
450.383	9008.84	
450.588	9238.63	
450.793	9533.12	
450.999	9895.61	
451.204	10119.25	
451.409	10470.68	
451.614	10687.36	
451.819	10974.48	
452.024	11137.91	
452.229	11487.3	
452.434	11811.28	
452.639	12080.39	
452.844	12410.52	
453.049	12698.46	
453.254	12903.67	
453.459	13144.92	
453.664	13466.04	
453.869	13726.54	
454.074	14086.58	
454.279	14391.32	
454.483	14675.16	
454.688	14942.22	
454.893	15281.77	
455.098	15531.62	
455.303	15699.56	
455.508	15983	
455.713	16163.63	
455.917	16249.23	
456.122	16410.61	
456.327	16730.1	
456.532	16974.62	
456.737	17213.83	
456.941	17483.34	
457.146	17685.27	
457.351	17836	
457.555	17932.25	
457.76	18119.03	
457.965	18136.23	
458.17	18329.15	
458.374	18495.85	
458.579	18605.63	
458.784	18585.96	
458.988	18679.35	
459.193	18584.74	
459.397	18515.92	
459.602	18480.7	
459.807	18672.8	
460.011	18668.7	
460.216	18660.51	
460.42	18569.17	
460.625	18566.71	
460.829	18470.87	
461.034	18425.81	
461.239	18390.18	
461.443	18431.14	
461.648	18424.58	
461.852	18220.2	
462.056	18276.31	
462.261	18228.8	
462.465	18168.59	
462.67	17974.85	
462.874	17923.65	
463.079	17698.38	
463.283	17613.18	
463.487	17418.21	
463.692	17281	
463.896	17128.63	
464.1	16985.27	
464.305	16735.83	
464.509	16669.89	
464.713	16664.97	
464.918	16703.88	
465.122	16709.62	
465.326	16760.41	
465.531	16635.89	
465.735	16685.04	
465.939	16598.62	
466.143	16530.21	
466.348	16488.44	
466.552	16511.78	
466.756	16327.87	
466.96	16369.65	
467.164	16331.15	
467.368	16312.72	
467.573	16306.17	
467.777	16353.27	
467.981	16300.43	
468.185	16389.72	
468.389	16551.51	
468.593	16622.78	
468.797	16711.25	
469.001	16857.07	
469.205	16964.79	
469.409	17000.43	
469.613	17192.12	
469.817	17312.95	
470.021	17364.97	
470.225	17421.9	
470.429	17539.04	
470.633	17632.84	
470.837	17851.56	
471.041	18096.09	
471.245	18323.42	
471.449	18593.75	
471.653	18796.5	
471.857	18982.04	
472.061	19035.29	
472.265	19202.81	
472.469	19301.53	
472.673	19485.84	
472.876	19562.85	
473.08	19778.7	
473.284	19943.36	
473.488	20073.61	
473.692	20308.31	
473.895	20612.23	
474.099	20830.95	
474.303	21006.25	
474.507	21278.22	
474.71	21452.71	
474.914	21536.27	
475.118	21707.89	
475.322	21902.45	
475.525	21931.53	
475.729	22058.09	
475.933	22213.33	
476.136	22484.89	
476.34	22632.34	
476.543	22836.32	
476.747	23039.48	
476.951	23193.08	
477.154	23218.47	
477.358	23439.65	
477.561	23599.8	
477.765	23562.94	
477.969	23567.44	
478.172	23698.51	
478.376	23673.12	
478.579	23725.96	
478.783	23904.95	
478.986	24085.58	
479.19	24250.24	
479.393	24414.07	
479.596	24573	
479.8	24689.73	
480.003	24711.85	
480.207	24620.51	
480.41	24700.79	
480.614	24806.06	
480.817	24901.08	
481.02	25176.33	
481.224	25334.43	
481.427	25461.41	
481.63	25596.16	
481.834	25656.78	
482.037	25584.69	
482.24	25713.72	
482.443	25856.66	
482.647	25907.86	
482.85	26018.04	
483.053	26230.21	
483.256	26263.39	
483.46	26354.73	
483.663	26466.14	
483.866	26647.18	
484.069	26737.29	
484.272	26955.6	
484.476	27040.8	
484.679	27179.24	
484.882	27364.38	
485.085	27508.15	
485.288	27651.09	
485.491	27839.92	
485.694	27934.94	
485.897	27973.85	
486.101	28129.5	
486.304	28356.41	
486.507	28467.41	
486.71	28640.67	
486.913	28848.34	
487.116	29035.93	
487.319	29068.7	
487.522	29169.87	
487.725	29266.12	
487.928	29262.03	
488.13	29211.65	
488.333	29382.45	
488.536	29510.65	
488.739	29513.93	
488.942	29641.72	
489.145	29871.5	
489.348	29864.95	
489.551	29969.39	
489.754	30238.09	
489.956	30335.98	
490.159	30396.19	
490.362	30506.37	
490.565	30564.12	
490.768	30573.14	
490.97	30722.23	
491.173	30821.35	
491.376	30856.16	
491.579	30855.76	
491.781	31064.24	
491.984	31105.61	
492.187	31170.73	
492.39	31269.04	
492.592	31408.3	
492.795	31362.01	
492.998	31373.07	
493.2	31410.35	
493.403	31522.98	
493.605	31751.54	
493.808	31896.94	
494.011	31992.38	
494.213	32025.15	
494.416	32172.6	
494.618	32082.49	
494.821	32117.71	
495.023	32331.52	
495.226	32478.98	
495.428	32511.74	
495.631	32587.11	
495.833	32685.82	
496.036	32651	
496.238	32701.79	
496.441	32810.75	
496.643	32903.72	
496.846	32875.87	
497.048	32864.81	
497.25	32903.72	
497.453	32877.1	
497.655	32934.85	
497.858	33011.45	
498.06	33199.45	
498.262	33233.45	
498.465	33267.85	
498.667	33328.88	
498.869	33335.03	
499.071	33308.4	
499.274	33345.27	
499.476	33349.77	
499.678	33362.88	
499.881	33366.56	
500.083	33391.14	
500.285	33383.77	
500.487	33484.94	
500.689	33486.99	
500.892	33502.55	
501.094	33466.92	
501.296	33689.73	
501.498	33791.72	
501.7	33790.08	
501.902	34123.9	
502.104	34318.46	
502.306	34367.61	
502.509	34442.98	
502.711	34573.64	
502.913	34464.28	
503.115	34462.23	
503.317	34527.76	
503.519	34621.15	
503.721	34739.93	
503.923	34838.64	
504.125	34951.28	
504.327	34944.32	
504.529	34841.1	
504.731	34860.35	
504.933	35025.42	
505.134	35094.64	
505.336	35163.04	
505.538	35359.24	
505.74	35427.64	
505.942	35283.46	
506.144	35226.12	
506.346	35070.47	
506.548	34886.98	
506.749	34961.52	
506.951	35083.17	
507.153	35228.58	
507.355	35451.81	
507.557	35705.35	
507.758	35683.23	
507.96	35742.62	
508.162	35859.35	
508.363	35964.62	
508.565	36007.63	
508.767	36150.98	
508.969	36383.63	
509.17	36363.97	
509.372	36441.39	
509.574	36457.77	
509.775	36434.42	
509.977	36424.18	
510.178	36516.75	
510.38	36558.94	
510.582	36643.72	
510.783	36752.27	
510.985	36715.81	
511.186	36766.6	
511.388	36941.5	
511.589	37012.77	
511.791	37020.96	
511.992	37189.71	
512.194	37293.34	
512.395	37301.94	
512.597	37458	
512.798	37636.17	
513	37730.79	
513.201	37827.45	
513.403	37927.39	
513.604	38030.2	
513.805	38056.41	
514.007	37990.06	
514.208	37927.8	
514.409	37951.97	
514.611	37941.73	
514.812	38083.04	
515.013	38312.41	
515.215	38630.66	
515.416	38793.27	
515.617	38928.85	
515.819	38985.78	
516.02	39155.35	
516.221	39272.09	
516.422	39438.79	
516.623	39640.72	
516.825	39807.02	
517.026	39863.54	
517.227	39889.35	
517.428	39931.12	
517.629	40090.05	
517.83	40265.35	
518.032	40415.26	
518.233	40532	
518.434	40645.87	
518.635	40789.22	
518.836	40817.89	
519.037	40962.89	
519.238	41148.44	
519.439	41306.13	
519.64	41327.02	
519.841	41473.65	
520.042	41381.91	
520.243	41360.2	
520.444	41404.84	
520.645	41440.89	
520.846	41547.79	
521.047	41801.74	
521.248	41982.78	
521.449	42169.55	
521.65	42269.49	
521.851	42506.65	
522.052	42564.4	
522.252	42658.2	
522.453	42527.54	
522.654	42514.84	
522.855	42433.74	
523.056	42372.3	
523.257	42376.4	
523.457	42479.62	
523.658	42657.38	
523.859	42610.69	
524.06	42654.51	
524.26	42532.45	
524.461	42767.56	
524.662	42748.72	
524.862	42711.04	
525.063	42777.39	
525.264	42906.41	
525.464	42792.55	
525.665	42738.07	
525.866	42874.06	
526.066	42826.13	
526.267	42850.71	
526.468	42749.95	
526.668	42820.81	
526.869	42796.23	
527.069	42792.14	
527.27	42838.42	
527.47	42929.35	
527.671	42850.3	
527.871	42786.81	
528.072	42832.69	
528.272	42715.13	
528.473	42633.62	
528.673	42795	
528.874	42772.48	
529.074	42685.23	
529.275	42688.51	
529.475	42708.58	
529.675	42504.19	
529.876	42498.46	
530.076	42496	
530.277	42404.66	
530.477	42194.95	
530.677	42163	
530.878	42034.39	
531.078	41916.02	
531.278	41893.9	
531.478	42010.22	
531.679	41945.1	
531.879	42054.87	
532.079	42086	
532.28	42130.64	
532.48	42026.2	
532.68	41979.09	
532.88	41986.47	
533.08	42124.09	
533.28	42144.57	
533.481	42226.49	
533.681	42293.25	
533.881	42313.73	
534.081	42166.69	
534.281	42261.71	
534.481	42294.89	
534.681	42390.73	
534.881	42365.75	
535.081	42405.89	
535.281	42263.76	
535.481	42376.4	
535.682	42429.65	
535.882	42325.61	
536.082	42357.56	
536.281	42357.56	
536.481	42134.33	
536.681	41994.66	
536.881	42009.4	
537.081	41900.86	
537.281	41901.27	
537.481	41842.7	
537.681	41771.84	
537.881	41617.01	
538.081	41649.37	
538.281	41644.05	
538.48	41694.02	
538.68	41827.54	
538.88	41941.41	
539.08	41953.7	
539.28	41991.38	
539.479	42078.21	
539.679	41988.1	
539.879	42129.41	
540.079	42194.54	
540.278	42362.88	
540.478	42434.56	
540.678	42717.18	
540.877	42927.3	
541.077	43112.85	
541.277	43303.31	
541.476	43595.35	
541.676	43616.24	
541.876	43703.48	
542.075	43789.91	
542.275	43607.64	
542.474	43452.81	
542.674	43442.98	
542.874	43255.8	
543.073	43064.11	
543.273	42962.12	
543.472	42805.24	
543.672	42611.51	
543.871	42414.08	
544.071	42323.56	
544.27	42318.65	
544.47	42196.59	
544.669	42238.37	
544.868	42460.78	
545.068	42604.54	
545.267	42506.65	
545.467	42764.69	
545.666	42661.89	
545.865	42651.24	
546.065	42447.26	
546.264	42517.71	
546.463	42338.72	
546.663	42364.52	
546.862	42208.87	
547.061	42264.99	
547.261	42161.77	
547.46	42199.86	
547.659	42137.2	
547.858	42169.55	
548.058	42002.44	
548.257	42022.92	
548.456	41918.47	
548.655	41965.17	
548.854	41895.95	
549.053	41999.98	
549.253	41935.68	
549.452	41947.96	
549.651	41836.14	
549.85	41925.03	
550.049	41899.22	
550.248	41905.37	
550.447	41894.31	
550.646	41928.3	
550.845	41782.9	
551.044	41690.33	
551.243	41497.41	
551.442	41384.36	
551.641	41204.96	
551.84	41036.21	
552.039	40922.75	
552.238	41009.99	
552.437	40885.89	
552.636	40890.8	
552.835	40920.29	
553.034	40977.64	
553.233	41020.64	
553.432	41047.27	
553.63	41048.5	
553.829	41050.54	
554.028	41062.42	
554.227	40943.23	
554.426	40971.08	
554.625	40964.94	
554.823	40853.53	
555.022	40760.55	
555.221	40702.39	
555.42	40556.57	
555.618	40470.56	
555.817	40400.11	
556.016	40374.3	
556.214	40404.2	
556.413	40493.5	
556.612	40603.68	
556.81	40852.3	
557.009	40958.39	
557.208	40898.58	
557.406	40848.61	
557.605	40782.26	
557.803	40557.39	
558.002	40408.71	
558.201	40332.53	
558.399	40396.42	
558.598	40307.13	
558.796	40337.85	
558.995	40276.82	
559.193	40237.09	
559.392	40009.36	
559.59	39946.69	
559.789	39957.75	
559.987	39966.35	
560.185	40006.49	
560.384	39965.94	
560.582	39859.85	
560.781	39690.69	
560.979	39593.62	
561.177	39456.4	
561.376	39478.52	
561.574	39463.78	
561.772	39235.22	
561.971	39279.87	
562.169	39230.31	
562.367	39252.02	
562.566	39316.73	
562.764	39520.71	
562.962	39504.74	
563.16	39411.76	
563.358	39475.66	
563.557	39402.75	
563.755	39354.83	
563.953	39280.69	
564.151	39448.21	
564.349	39288.47	
564.547	39126.27	
564.746	38999.71	
564.944	38845.29	
565.142	38708.49	
565.34	38596.67	
565.538	38640.9	
565.736	38681.04	
565.934	38683.5	
566.132	38500.41	
566.33	38483.62	
566.528	38400.88	
566.726	38191.17	
566.924	38085.49	
567.122	38119.08	
567.32	37995.79	
567.518	37964.25	
567.716	38025.28	
567.914	38089.18	
568.112	38020.78	
568.31	38051.09	
568.507	37999.89	
568.705	37877.42	
568.903	37787.72	
569.101	37883.56	
569.299	37922.07	
569.497	37857.76	
569.694	37933.54	
569.892	37836.05	
570.09	37738.98	
570.288	37578.83	
570.486	37633.3	
570.683	37451.85	
570.881	37469.06	
571.079	37318.33	
571.276	37276.96	
571.474	37091	
571.672	37063.97	
571.869	36921.43	
572.067	36787.49	
572.265	36702.3	
572.462	36616.28	
572.66	36595.39	
572.857	36575.32	
573.055	36823.95	
573.253	36784.62	
573.45	36413.12	
573.648	35913.01	
573.845	35428.87	
574.043	34893.12	
574.24	34574.46	
574.438	34773.93	
574.635	35199.5	
574.832	35670.12	
575.03	36063.33	
575.227	36421.72	
575.425	36595.8	
575.622	36671.17	
575.82	36556.07	
576.017	36467.19	
576.214	36415.99	
576.412	36384.86	
576.609	36293.52	
576.806	36278.78	
577.004	36300.49	
577.201	36289.84	
577.398	36224.71	
577.595	36185.8	
577.793	36055.96	
577.99	35872.87	
578.187	35620.56	
578.384	35521.85	
578.582	35331.8	
578.779	35371.12	
578.976	35364.56	
579.173	35495.63	
579.37	35449.76	
579.567	35505.87	
579.764	35471.47	
579.962	35529.22	
580.159	35534.54	
580.356	35660.29	
580.553	35671.35	
580.75	35755.32	
580.947	35637.76	
581.144	35565.26	
581.341	35481.71	
581.538	35356.78	
581.735	35250.29	
581.932	35199.91	
582.129	35022.55	
582.326	34939	
582.523	34858.31	
582.72	34671.53	
582.916	34547.42	
583.113	34364.74	
583.31	34142.75	
583.507	34023.55	
583.704	33998.57	
583.901	34013.72	
584.098	34100.15	
584.294	34071.48	
584.491	34031.34	
584.688	34079.26	
584.885	33922.38	
585.082	34028.88	
585.278	34076.39	
585.475	34075.16	
585.672	33931.8	
585.868	34007.17	
586.065	33898.22	
586.262	33853.16	
586.458	33956.79	
586.655	34056.73	
586.852	33898.63	
587.048	33878.56	
587.245	33849.89	
587.442	33755.68	
587.638	33677.86	
587.835	33685.23	
588.031	33522.21	
588.228	33452.99	
588.424	33282.6	
588.621	33159.72	
588.817	33138.01	
589.014	33167.91	
589.21	33117.53	
589.407	33077.39	
589.603	33033.57	
589.8	33038.07	
589.996	32918.06	
590.192	32899.22	
590.389	32759.96	
590.585	32681.31	
590.782	32442.52	
590.978	32460.95	
591.174	32360.19	
591.371	32460.13	
591.567	32387.23	
591.763	32506.01	
591.959	32533.45	
592.156	32537.14	
592.352	32581.37	
592.548	32702.61	
592.744	32771.83	
592.941	32712.03	
593.137	32705.89	
593.333	32652.23	
593.529	32651	
593.725	32586.7	
593.922	32618.65	
594.118	32655.51	
594.314	32563.76	
594.51	32566.63	
594.706	32513.79	
594.902	32404.43	
595.098	32291.79	
595.294	32375.35	
595.49	32287.7	
595.686	32328.24	
595.882	32265.99	
596.078	32337.26	
596.274	32345.86	
596.47	32344.22	
596.666	32322.1	
596.862	32281.96	
597.058	32277.05	
597.254	32246.33	
597.45	32168.91	
597.646	32068.97	
597.842	32079.21	
598.037	31940.77	
598.233	31773.65	
598.429	31701.16	
598.625	31559.44	
598.821	31457.04	
599.017	31486.53	
599.212	31689.28	
599.408	31770.79	
599.604	31862.95	
599.8	31990.33	
599.995	31927.66	
600.191	31775.7	
600.387	31735.15	
600.582	31853.12	
600.778	31868.27	
600.974	32016.54	
601.169	32037.84	
601.365	32039.89	
601.561	31835.5	
601.756	31639.31	
601.952	31523.8	
602.147	31500.05	
602.343	31522.98	
602.538	31519.71	
602.734	31630.3	
602.93	31668.8	
603.125	31669.21	
603.321	31616.78	
603.516	31677.4	
603.711	31645.04	
603.907	31687.23	
604.102	31710.99	
604.298	31753.18	
604.493	31819.53	
604.689	31922.34	
604.884	31788.4	
605.079	31738.43	
605.275	31614.32	
605.47	31550.84	
605.665	31478.75	
605.861	31544.28	
606.056	31582.37	
606.251	31518.48	
606.447	31510.29	
606.642	31599.17	
606.837	31631.94	
607.032	31667.98	
607.227	31867.04	
607.423	32038.25	
607.618	32089.86	
607.813	32219.7	
608.008	32378.22	
608.203	32529.36	
608.398	32626.02	
608.594	32703.02	
608.789	32843.92	
608.984	33020.05	
609.179	33322.74	
609.374	33548.42	
609.569	33931.39	
609.764	34198.86	
609.959	34505.24	
610.154	34777.62	
610.349	35176.15	
610.544	35513.66	
610.739	35947.42	
610.934	36243.55	
611.129	36404.93	
611.324	36441.39	
611.519	36452.85	
611.714	36251.74	
611.909	36192.35	
612.103	36325.06	
612.298	36513.88	
612.493	36597.44	
612.688	36899.72	
612.883	36947.23	
613.078	36906.27	
613.272	36841.15	
613.467	36854.67	
613.662	36707.21	
613.857	36758	
614.051	36824.36	
614.246	36795.68	
614.441	36842.79	
614.635	36767.01	
614.83	36686.32	
615.025	36602.36	
615.219	36513.47	
615.414	36303.76	
615.609	36362.33	
615.803	36348.82	
615.998	36284.51	
616.192	36388.96	
616.387	36621.2	
616.582	36675.26	
616.776	36831.73	
616.971	36877.19	
617.165	36889.48	
617.36	36701.89	
617.554	36658.06	
617.749	36627.75	
617.943	36595.39	
618.138	36495.04	
618.332	36594.57	
618.526	36615.87	
618.721	36572.86	
618.915	36624.47	
619.11	36744.89	
619.304	36669.53	
619.498	36646.59	
619.693	36666.25	
619.887	36639.63	
620.081	36421.72	
620.275	36322.19	
620.47	36217.34	
620.664	35965.44	
620.858	35779.07	
621.052	35718.86	
621.247	35777.43	
621.441	35739.34	
621.635	35812.66	
621.829	35882.29	
622.023	36030.97	
622.218	36040.39	
622.412	36190.3	
622.606	36311.54	
622.8	36348	
622.994	36252.97	
623.188	36174.74	
623.382	36084.22	
623.576	35893.35	
623.77	35737.7	
623.964	35727.87	
624.158	35707.39	
624.352	35636.53	
624.546	35645.54	
624.74	35674.22	
624.934	35667.25	
625.128	35600.49	
625.322	35518.98	
625.516	35461.64	
625.71	35437.06	
625.904	35337.53	
626.098	35401.84	
626.291	35462.05	
626.485	35493.18	
626.679	35525.53	
626.873	35602.54	
627.067	35516.52	
627.26	35356.37	
627.454	35303.94	
627.648	35131.5	
627.842	35001.25	
628.035	34897.63	
628.229	34939.4	
628.423	34938.59	
628.617	35062.28	
628.81	35012.72	
629.004	35036.89	
629.198	34859.12	
629.391	34678.08	
629.585	34538	
629.778	34527.35	
629.972	34466.32	
630.166	34639.17	
630.359	34634.67	
630.553	34511.38	
630.746	34451.17	
630.94	34524.49	
631.133	34257.84	
631.327	34243.91	
631.52	34343.45	
631.714	34436.83	
631.907	34340.17	
632.1	34558.89	
632.294	34746.08	
632.487	34794.82	
632.681	34773.93	
632.874	34817.35	
633.067	34857.49	
633.261	34687.91	
633.454	34605.18	
633.647	34585.11	
633.841	34455.67	
634.034	34305.76	
634.227	34267.67	
634.421	34131.28	
634.614	33929.35	
634.807	33890.84	
635	33764.69	
635.193	33801.14	
635.387	33861.76	
635.58	33981.37	
635.773	34027.24	
635.966	34054.68	
636.159	33933.03	
636.352	33826.13	
636.545	33672.53	
636.739	33547.2	
636.932	33495.18	
637.125	33502.96	
637.318	33648.78	
637.511	33770.01	
637.704	33768.79	
637.897	33967.03	
638.09	33967.44	
638.283	33882.24	
638.476	33827.36	
638.669	33814.25	
638.862	33650.82	
639.055	33588.97	
639.247	33581.6	
639.44	33659.42	
639.633	33782.3	
639.826	33755.68	
640.019	33673.35	
640.212	33640.58	
640.405	33467.33	
640.597	33262.94	
640.79	33143.34	
640.983	33249.01	
641.176	33141.29	
641.368	33163.41	
641.561	33266.62	
641.754	33285.06	
641.947	33299.39	
642.139	33245.33	
642.332	33091.32	
642.525	33008.17	
642.717	32903.31	
642.91	32548.61	
643.103	32456.86	
643.295	32386.82	
643.488	32291.38	
643.68	32154.99	
643.873	32293.84	
644.065	32195.13	
644.258	32086.58	
644.45	31961.25	
644.643	31882.61	
644.835	31754.4	
645.028	31637.67	
645.22	31577.46	
645.413	31520.12	
645.605	31560.67	
645.798	31627.02	
645.99	31751.54	
646.182	31819.94	
646.375	31774.06	
646.567	31760.96	
646.76	31666.75	
646.952	31507.01	
647.144	31296.48	
647.337	31298.12	
647.529	31203.91	
647.721	31040.48	
647.913	30931.12	
648.106	30879.1	
648.298	30689.46	
648.49	30608.36	
648.682	30564.94	
648.874	30607.95	
649.067	30715.26	
649.259	30753.77	
649.451	30659.97	
649.643	30650.96	
649.835	30638.67	
650.027	30516.2	
650.219	30368.34	
650.411	30317.14	
650.603	30257.75	
650.796	30230.72	
650.988	30234.4	
651.18	30305.26	
651.372	30356.05	
651.564	30237.27	
651.756	30030.42	
651.948	29830.54	
652.139	29690.87	
652.331	29535.63	
652.523	29615.92	
652.715	29590.52	
652.907	29601.17	
653.099	29463.55	
653.291	29466	
653.483	29270.63	
653.674	29227.62	
653.866	29203.04	
654.058	29163.72	
654.25	29183.79	
654.442	29136.28	
654.633	29178.06	
654.825	29157.58	
655.017	29187.48	
655.209	29092.04	
655.4	29092.86	
655.592	28933.94	
655.784	28822.94	
655.975	28681.22	
656.167	28518.2	
656.359	28384.27	
656.55	28245.82	
656.742	28089.77	
656.933	28112.71	
657.125	28117.21	
657.316	27979.59	
657.508	27955.42	
657.7	27922.24	
657.891	27816.57	
658.083	27753.9	
658.274	27742.43	
658.466	27622.83	
658.657	27501.18	
658.848	27223.89	
659.04	26937.17	
659.231	26729.92	
659.423	26523.89	
659.614	26284.69	
659.805	26274.45	
659.997	26296.57	
660.188	26141.74	
660.379	26112.25	
660.571	26097.5	
660.762	26003.3	
660.953	25848.88	
661.145	25826.76	
661.336	25688.73	
661.527	25761.23	
661.718	25725.59	
661.909	25622.38	
662.101	25563.8	
662.292	25588.79	
662.483	25378.67	
662.674	25261.11	
662.865	25233.26	
663.056	25110.38	
663.247	24994.47	
663.439	25053.45	
663.63	25001.02	
663.821	24932.21	
664.012	24938.35	
664.203	24912.55	
664.394	24759.77	
664.585	24699.15	
664.776	24627.06	
664.967	24556.61	
665.158	24511.15	
665.349	24548.42	
665.54	24427.59	
665.73	24373.12	
665.921	24160.95	
666.112	23879.14	
666.303	23547.37	
666.494	23502.73	
666.685	23216.01	
666.876	23161.95	
667.066	23199.63	
667.257	23271.72	
667.448	23217.24	
667.639	23319.23	
667.83	23377.39	
668.02	23269.67	
668.211	23131.64	
668.402	23074.29	
668.592	22911.68	
668.783	22822.39	
668.974	22781.02	
669.164	22714.26	
669.355	22545.51	
669.546	22549.6	
669.736	22442.29	
669.927	22377.16	
670.117	22268.21	
670.308	22279.68	
670.499	22140.42	
670.689	22072.02	
670.88	21968.8	
671.07	21990.1	
671.261	21850.02	
671.451	21954.46	
671.641	21841.42	
671.832	21875.82	
672.022	21864.76	
672.213	21775.88	
672.403	21636.62	
672.594	21691.5	
672.784	21642.76	
672.974	21535.04	
673.165	21482.61	
673.355	21374.07	
673.545	21241.36	
673.736	21135.28	
673.926	20823.17	
674.116	20710.94	
674.306	20440.2	
674.497	20185.43	
674.687	19986.78	
674.877	19990.05	
675.067	19954.01	
675.257	19981.04	
675.448	19983.5	
675.638	19945	
675.828	19817.61	
676.018	19723.41	
676.208	19597.66	
676.398	19455.12	
676.588	19336.75	
676.778	19257.7	
676.968	19195.85	
677.158	19160.62	
677.348	19048.81	
677.538	18873.5	
677.728	18835.41	
677.918	18727.27	
678.108	18635.94	
678.298	18595.8	
678.488	18613.41	
678.678	18544.19	
678.868	18411.89	
679.058	18303.75	
679.248	18268.94	
679.438	18253.78	
679.627	18150.57	
679.817	18024.82	
680.007	17901.53	
680.197	17841.73	
680.387	17709.02	
680.576	17734.83	
680.766	17673.8	
680.956	17645.13	
681.146	17604.58	
681.335	17446.48	
681.525	17223.25	
681.715	17192.94	
681.904	17149.52	
682.094	16974.21	
682.284	16914.82	
682.473	16878.37	
682.663	16821.44	
682.852	16687.09	
683.042	16685.04	
683.231	16611.72	
683.421	16546.19	
683.61	16436.42	
683.8	16388.49	
683.989	16269.3	
684.179	16204.18	
684.368	15985.04	
684.558	15796.22	
684.747	15645.08	
684.937	15443.56	
685.126	15344.85	
685.316	15376.8	
685.505	15367.38	
685.694	15365.33	
685.884	15466.5	
686.073	15423.9	
686.262	15367.79	
686.452	15373.93	
686.641	15353.45	
686.83	15192.48	
687.019	15162.58	
687.209	15103.6	
687.398	15040.11	
687.587	14912.73	
687.776	14875.86	
687.965	14732.1	
688.155	14657.96	
688.344	14463.4	
688.533	14417.53	
688.722	14246.73	
688.911	14227.07	
689.1	14148.84	
689.289	14171.36	
689.478	14064.87	
689.667	14046.03	
689.856	13843.28	
690.045	13714.67	
690.234	13543.05	
690.423	13490.62	
690.612	13318.18	
690.801	13339.48	
690.99	13210.87	
691.179	13211.28	
691.368	13111.33	
691.557	13179.74	
691.746	13056.04	
691.935	13026.14	
692.124	12897.53	
692.312	12816.02	
692.501	12637.84	
692.69	12648.49	
692.879	12587.05	
693.068	12626.38	
693.256	12600.16	
693.445	12701.74	
693.634	12540.36	
693.823	12520.7	
694.011	12370.79	
694.2	12286.41	
694.389	12089.81	
694.577	12087.76	
694.766	12060.73	
694.955	12011.17	
695.143	11957.1	
695.332	11962.01	
695.52	11866.99	
695.709	11786.3	
695.897	11727.73	
696.086	11567.99	
696.275	11412.34	
696.463	11387.35	
696.652	11268.57	
696.84	11188.7	
697.028	11198.53	
697.217	11190.34	
697.405	11127.67	
697.594	11105.14	
697.782	11053.54	
697.971	11012.17	
698.159	11019.13	
698.347	11003.57	
698.536	10983.09	
698.724	10932.3	
698.912	10807.37	
699.1	10689.41	
699.289	10625.1	
699.477	10480.92	
699.665	10417.03	
699.854	10356.82	
700.042	10262.61	
700.23	10131.95	
700.418	10053.72	
700.606	9971.39	
700.794	9981.22	
700.983	9981.22	
701.171	9954.6	
701.359	9901.76	
701.547	9884.96	
701.735	9760.86	
701.923	9659.28	
702.111	9580.64	
702.299	9510.19	
702.487	9486.02	
702.675	9416.39	
702.863	9369.7	
703.051	9333.65	
703.239	9406.56	
703.427	9282.86	
703.615	9243.54	
703.803	9132.54	
703.991	9058	
704.179	8912.18	
704.367	8951.09	
704.554	8960.92	
704.742	8915.05	
704.93	8928.97	
705.118	8905.22	
705.306	8808.55	
705.493	8720.49	
705.681	8704.52	
705.869	8691	
706.057	8660.28	
706.244	8560.34	
706.432	8485.79	
706.62	8469.41	
706.807	8260.52	
706.995	8199.49	
707.183	8101.59	
707.37	8102.82	
707.558	8058.59	
707.746	8163.85	
707.933	8124.53	
708.121	8220.38	
708.308	8120.44	
708.496	8047.53	
708.683	7882.05	
708.871	7877.14	
709.058	7766.96	
709.246	7754.67	
709.433	7642.85	
709.621	7641.62	
709.808	7524.07	
709.995	7484.34	
710.183	7436.41	
710.37	7413.89	
710.558	7355.72	
710.745	7318.86	
710.932	7212.37	
711.12	7183.69	
711.307	7167.72	
711.494	7119.39	
711.681	7121.44	
711.869	7083.34	
712.056	7039.52	
712.243	6992.41	
712.43	6843.73	
712.618	6754.03	
712.805	6666.38	
712.992	6536.54	
713.179	6434.96	
713.366	6431.68	
713.553	6391.13	
713.74	6372.29	
713.928	6287.5	
714.115	6266.61	
714.302	6228.52	
714.489	6179.37	
714.676	6135.95	
714.863	6204.77	
715.05	6176.5	
715.237	6119.57	
715.424	5988.09	
715.611	5975.39	
715.798	5886.1	
715.984	5780.84	
716.171	5757.08	
716.358	5759.13	
716.545	5704.65	
716.732	5651.81	
716.919	5590.37	
717.106	5528.53	
717.293	5462.58	
717.479	5397.87	
717.666	5303.25	
717.853	5280.72	
718.04	5283.18	
718.226	5259.83	
718.413	5163.99	
718.6	5196.75	
718.786	5127.94	
718.973	5071.01	
719.16	4941.58	
719.346	4955.91	
719.533	4846.55	
719.72	4890.38	
719.906	4783.47	
720.093	4816.24	
720.279	4689.27	
720.466	4692.95	
720.652	4647.49	
720.839	4677.8	
721.025	4681.08	
721.212	4715.07	
721.398	4656.91	
721.585	4672.88	
721.771	4609.81	
721.958	4506.59	
722.144	4498.81	
722.331	4405.01	
722.517	4245.68	
722.703	4226.02	
722.89	4160.89	
723.076	4085.12	
723.262	4149.01	
723.449	4157.21	
723.635	4070.78	
723.821	4075.7	
724.007	4014.26	
724.194	3911.45	
724.38	3856.97	
724.566	3813.15	
724.752	3805.36	
724.938	3828.71	
725.125	3868.85	
725.311	3877.86	
725.497	3863.53	
725.683	3802.5	
725.869	3705.01	
726.055	3618.18	
726.241	3537.9	
726.427	3529.3	
726.613	3487.93	
726.799	3543.22	
726.985	3469.09	
727.171	3513.32	
727.357	3519.47	
727.543	3552.65	
727.729	3485.88	
727.915	3508	
728.101	3417.89	
728.287	3324.91	
728.473	3258.97	
728.659	3215.55	
728.845	3140.59	
729.03	3113.15	
729.216	3113.97	
729.402	3008.3	
729.588	2955.46	
729.774	2955.87	
729.959	2912.86	
730.145	2938.25	
730.331	2986.18	
730.517	2991.09	
730.702	2975.94	
730.888	2956.69	
731.074	2828.07	
731.259	2812.92	
731.445	2809.64	
731.63	2787.93	
731.816	2771.96	
732.002	2848.96	
732.187	2877.64	
732.373	2832.17	
732.558	2817.02	
732.744	2866.99	
732.929	2791.21	
733.115	2645.4	
733.3	2552.01	
733.486	2513.51	
733.671	2338.2	
733.857	2261.61	
734.042	2302.57	
734.227	2309.53	
734.413	2364.41	
734.598	2424.21	
734.784	2413.97	
734.969	2350.9	
735.154	2373.83	
735.339	2307.07	
735.525	2344.34	
735.71	2370.56	
735.895	2311.58	
736.081	2277.99	
736.266	2253.41	
736.451	2183.78	
736.636	2215.73	
736.821	2229.25	
737.007	2185.42	
737.192	2179.69	
737.377	2133.4	
737.562	1990.05	
737.747	2020.36	
737.932	2038.38	
738.117	1969.98	
738.302	2030.6	
738.487	2051.89	
738.672	1959.74	
738.857	1976.94	
739.042	1981.44	
739.227	1961.78	
739.412	1922.05	
739.597	1927.38	
739.782	1909.76	
739.967	1845.05	
740.152	1800.81	
740.337	1831.94	
740.522	1853.24	
740.706	1843.41	
740.891	1931.47	
741.076	1946.22	
741.261	1961.78	
741.446	1951.54	
741.63	1904.44	
741.815	1858.16	
742	1748.39	
742.185	1692.27	
742.369	1648.44	
742.554	1623.87	
742.739	1596.84	
742.923	1641.48	
743.108	1646.4	
743.293	1680.8	
743.477	1634.93	
743.662	1657.46	
743.846	1642.3	
744.031	1653.77	
744.216	1628.78	
744.4	1699.23	
744.585	1632.88	
744.769	1627.96	
744.954	1577.58	
745.138	1535.81	
745.322	1517.37	
745.507	1495.67	
745.691	1478.05	
745.876	1451.84	
746.06	1484.2	
746.244	1446.1	
746.429	1488.29	
746.613	1469.86	
746.798	1485.02	
746.982	1422.35	
747.166	1441.6	
747.35	1353.13	
747.535	1324.05	
747.719	1312.58	
747.903	1362.14	
748.087	1285.13	
748.272	1324.87	
748.456	1369.51	
748.64	1344.94	
748.824	1335.92	
749.008	1372.79	
749.192	1342.07	
749.376	1297.42	
749.56	1290.46	
749.745	1233.94	
749.929	1231.48	
750.113	1260.15	
750.297	1211.41	
750.481	1229.84	
750.665	1249.91	
750.849	1221.24	
751.033	1190.11	
751.217	1146.69	
751.4	1121.3	
751.584	1095.49	
751.768	1108.6	
751.952	1096.72	
752.136	1146.28	
752.32	1099.59	
752.504	1121.71	
752.688	1111.88	
752.871	1097.54	
753.055	1079.93	
753.239	1088.53	
753.423	1073.37	
753.606	1038.97	
753.79	1072.15	
753.974	1054.94	
754.157	1044.7	
754.341	1000.47	
754.525	971.8	
754.708	960.74	
754.892	961.97	
755.076	999.24	
755.259	1041.84	
755.443	1010.3	
755.626	991.05	
755.81	1024.63	
755.993	980.4	
756.177	933.29	
756.36	1007.43	
756.544	947.22	
756.727	914.86	
756.911	930.84	
757.094	966.06	
757.278	872.67	
757.461	872.26	
757.644	854.24	
757.828	802.63	
758.011	783.38	
758.195	838.68	
758.378	850.97	
758.561	845.23	
758.744	832.53	
758.928	860.39	
759.111	844.82	
759.294	867.76	
759.477	905.03	
759.661	918.96	
759.844	875.95	
760.027	866.12	
760.21	820.25	
760.393	809.19	
760.576	820.66	
760.76	779.7	
760.943	737.51	
761.126	790.75	
761.309	812.05	
761.492	821.88	
761.675	817.79	
761.858	843.59	
762.041	782.97	
762.224	698.19	
762.407	688.77	
762.59	727.68	
762.773	663.37	
762.956	670.74	
763.139	693.68	
763.321	703.1	
763.504	656.82	
763.687	707.61	
763.87	728.5	
764.053	733	
764.236	768.64	
764.418	794.03	
764.601	784.61	
764.784	808.37	
764.967	853.83	
765.149	807.96	
765.332	819.43	
765.515	845.23	
765.697	782.56	
765.88	750.61	
766.063	755.12	
766.245	740.37	
766.428	697.37	
766.611	723.58	
766.793	706.79	
766.976	742.83	
767.158	703.51	
767.341	780.52	
767.523	782.15	
767.706	800.18	
767.888	755.12	
768.071	872.26	
768.253	813.28	
768.436	818.61	
768.618	838.68	
768.8	914.86	
768.983	868.58	
769.165	896.02	
769.348	817.79	
769.53	782.56	
769.712	684.67	
769.895	629.78	
770.077	611.76	
770.259	654.77	
770.441	601.52	
770.624	665.42	
770.806	704.74	
770.988	686.72	
771.17	692.04	
771.352	803.04	
771.535	813.28	
771.717	802.22	
771.899	806.32	
772.081	876.77	
772.263	787.07	
772.445	738.74	
772.627	680.16	
772.809	707.2	
772.991	650.67	
773.173	705.97	
773.355	695.32	
773.537	717.85	
773.719	662.55	
773.901	703.1	
774.083	632.65	
774.265	581.45	
774.447	576.95	
774.629	606.44	
774.811	562.2	
774.992	605.21	
775.174	602.34	
775.356	638.8	
775.538	618.73	
775.72	585.14	
775.901	565.48	
776.083	583.91	
776.265	526.57	
776.447	578.99	
776.628	628.56	
776.81	628.56	
776.992	675.66	
777.173	701.05	
777.355	639.61	
777.537	642.89	
777.718	630.19	
777.9	615.45	
778.081	613.4	
778.263	655.18	
778.444	625.28	
778.626	628.15	
778.807	567.53	
778.989	528.61	
779.17	455.3	
779.352	353.31	
779.533	297.6	
779.715	354.13	
779.896	307.84	
780.078	367.23	
780.259	469.63	
780.44	474.96	
780.622	441.78	
780.803	600.7	
780.984	564.25	
781.166	501.99	
781.347	521.24	
781.528	520.42	
781.709	397.95	
781.891	424.17	
782.072	479.05	
782.253	490.11	
782.434	469.63	
782.615	492.57	
782.796	450.38	
782.978	479.87	
783.159	505.27	
783.34	570.39	
783.521	575.31	
783.702	596.2	
783.883	551.55	
784.064	546.23	
784.245	455.71	
784.426	497.9	
784.607	461.44	
784.788	473.32	
784.969	406.15	
785.15	467.59	
785.331	340.61	
785.512	378.7	
785.692	367.23	
785.873	395.91	
786.054	344.71	
786.235	388.53	
786.416	388.53	
786.597	388.53	
786.777	375.43	
786.958	404.1	
787.139	426.63	
787.32	415.16	
787.5	422.53	
787.681	396.73	
787.862	378.7	
788.042	374.61	
788.223	373.38	
788.404	289.41	
788.584	332.42	
788.765	355.77	
788.946	347.57	
789.126	345.53	
789.307	429.08	
789.487	442.19	
789.668	380.75	
789.848	357.4	
790.029	313.58	
790.209	274.26	
790.39	221.42	
790.57	218.14	
790.75	285.73	
790.931	311.53	
791.111	260.33	
791.292	313.17	
791.472	341.84	
791.652	303.75	
791.833	318.49	
792.013	350.44	
792.193	279.99	
792.373	306.21	
792.554	296.78	
792.734	270.57	
792.914	253.78	
793.094	311.12	
793.275	308.25	
793.455	308.66	
793.635	341.43	
793.815	377.47	
793.995	345.12	
794.175	311.53	
794.355	364.78	
794.535	377.47	
794.715	359.45	
794.896	339.38	
795.076	313.99	
795.256	320.54	
795.436	250.09	
795.616	285.73	
795.795	324.23	
795.975	344.3	
796.155	332.83	
796.335	372.15	
796.515	365.19	
796.695	386.08	
796.875	446.7	
797.055	400.41	
797.234	387.31	
797.414	399.59	
797.594	356.18	
797.774	308.25	
797.954	274.26	
798.133	291.87	
798.313	228.79	
798.493	260.33	
798.672	216.09	
798.852	232.48	
799.032	166.12	
799.211	161.21	
799.391	124.76	
799.571	153.84	
799.75	151.79	
799.93	267.7	
800.109	284.09	
800.289	294.74	
800.468	273.85	
800.648	276.31	
800.827	225.11	
801.007	200.94	
801.186	162.85	
801.366	197.66	
801.545	183.74	
801.725	241.9	
801.904	217.73	
802.083	259.1	
802.263	218.96	
802.442	284.5	
802.621	191.52	
802.801	311.94	
802.98	341.43	
803.159	323.82	
803.338	233.71	
803.518	289.41	
803.697	198.07	
803.876	196.43	
804.055	225.93	
804.235	284.91	
804.414	193.98	
804.593	224.7	
804.772	166.94	
804.951	176.36	
805.13	114.11	
805.309	181.69	
805.488	187.42	
805.667	216.09	
805.846	247.22	
806.025	303.75	
806.204	325.05	
806.383	289.82	
806.562	268.11	
806.741	241.9	
806.92	254.6	
807.099	222.24	
807.278	188.65	
807.457	183.33	
807.636	205.45	
807.814	175.55	
807.993	163.67	
808.172	189.47	
808.351	208.72	
808.53	188.65	
808.708	173.91	
808.887	159.57	
809.066	255.42	
809.244	218.55	
809.423	185.78	
809.602	184.56	
809.78	261.15	
809.959	170.22	
810.138	210.36	
810.316	236.98	
810.495	252.96	
810.673	141.96	
810.852	155.07	
811.03	178.41	
811.209	189.88	
811.388	191.52	
811.566	243.95	
811.744	264.84	
811.923	241.49	
812.101	225.93	
812.28	301.29	
812.458	322.18	
812.637	272.21	
812.815	278.76	
812.993	284.09	
813.172	268.52	
813.35	183.74	
813.528	240.67	
813.706	208.31	
813.885	210.36	
814.063	124.76	
814.241	235.35	
814.419	252.14	
814.598	311.12	
814.776	289	
814.954	247.22	
815.132	187.42	
815.31	155.88	
815.488	45.7	
815.666	29.73	
815.844	41.2	
816.022	34.64	
816.201	11.71	
816.379	119.43	
816.557	159.98	
816.735	198.48	
816.913	176.77	
817.09	217.73	
817.268	143.19	
817.446	102.23	
817.624	80.52	
817.802	193.57	
817.98	130.49	
818.158	144.83	
818.336	125.17	
818.514	175.14	
818.691	122.3	
818.869	185.38	
819.047	231.66	
819.225	249.68	
819.402	198.48	
819.58	239.85	
819.758	222.65	
819.935	190.29	
820.113	203.4	
820.291	198.89	
820.468	119.43	
820.646	116.56	
820.824	144.83	
821.001	243.13	
821.179	290.64	
821.356	304.16	
821.534	278.76	
821.711	225.52	
821.889	192.75	
822.066	175.55	
822.244	159.16	
822.421	190.7	
822.599	236.57	
822.776	159.57	
822.953	125.98	
823.131	94.04	
823.308	60.04	
823.486	37.51	
823.663	52.26	
823.84	94.45	
824.017	80.11	
824.195	117.38	
824.372	128.85	
824.549	114.11	
824.726	84.21	
824.904	109.19	
825.081	96.49	
825.258	53.9	
825.435	56.76	
825.612	94.86	
825.789	61.27	
825.967	78.47	
826.144	144.42	
826.321	190.7	
826.498	163.67	
826.675	227.15	
826.852	141.96	
827.029	139.5	
827.206	131.72	
827.383	93.22	
827.56	103.87	
827.737	161.21	
827.914	139.09	
828.09	134.59	
828.267	148.92	
828.444	136.22	
828.621	95.26	
828.798	145.64	
828.975	64.55	
829.151	66.18	
829.328	58.81	
829.505	143.6	
829.682	76.42	
829.858	110.83	
830.035	173.5	
830.212	162.03	
830.389	106.73	
830.565	80.93	
830.742	157.93	
830.918	116.56	
831.095	108.37	
831.272	135	
831.448	131.31	
831.625	116.15	
831.801	127.62	
831.978	150.56	
832.154	99.36	
832.331	140.32	
832.507	61.27	
832.684	95.67	
832.86	124.76	
833.037	246.4	
833.213	198.07	
833.389	263.2	
833.566	166.12	
833.742	119.43	
833.918	8.02	
834.095	-16.14	
834.271	-82.5	
834.447	-3.04	
834.624	14.17	
834.8	16.62	
834.976	78.06	
835.152	110.83	
835.328	84.62	
835.505	91.17	
835.681	113.7	
835.857	34.64	
836.033	84.62	
836.209	176.36	
836.385	162.03	
836.561	165.71	
836.737	219.78	
836.913	133.77	
837.089	67	
837.265	64.55	
837.441	101.41	
837.617	120.66	
837.793	157.11	
837.969	151.38	
838.145	146.87	
838.321	96.08	
838.497	92.81	
838.673	116.97	
838.849	60.04	
839.025	121.89	
839.2	158.34	
839.376	207.9	
839.552	176.77	
839.728	224.29	
839.903	157.52	
840.079	155.07	
840.255	87.89	
840.431	168.17	
840.606	99.36	
840.782	167.76	
840.958	82.98	
841.133	112.47	
841.309	70.28	
841.484	135.4	
841.66	63.32	
841.835	87.89	
842.011	57.99	
842.186	90.76	
842.362	55.12	
842.537	93.63	
842.713	81.34	
842.888	91.17	
843.064	6.38	
843.239	26.04	
843.415	18.26	
843.59	75.19	
843.765	91.58	
843.941	146.46	
844.116	196.43	
844.291	143.19	
844.467	111.24	
844.642	123.12	
844.817	119.43	
844.992	48.16	
845.168	59.22	
845.343	91.17	
845.518	73.15	
845.693	79.29	
845.868	88.71	
846.043	79.29	
846.219	19.49	
846.394	69.87	
846.569	64.95	
846.744	48.98	
846.919	61.27	
847.094	177.18	
847.269	122.3	
847.444	89.12	
847.619	132.95	
847.794	226.74	
847.969	197.66	
848.144	215.69	
848.319	220.6	
848.494	214.05	
848.668	193.16	
848.843	199.3	
849.018	171.86	
849.193	172.27	
849.368	189.47	
849.542	207.49	
849.717	167.35	
849.892	184.97	
850.067	181.28	
850.241	213.64	
850.416	161.21	
850.591	193.98	
850.765	173.91	
850.94	227.15	
851.115	140.32	
851.289	148.92	
851.464	79.7	
851.639	89.53	
851.813	41.2	
851.988	133.36	
852.162	94.86	
852.337	122.71	
852.511	149.33	
852.686	209.13	
852.86	152.2	
853.035	175.95	
853.209	181.28	
853.383	193.98	
853.558	88.71	
853.732	112.47	
853.906	66.18	
854.081	75.6	
854.255	25.22	
854.429	91.99	
854.604	49.8	
854.778	135	
854.952	115.33	
855.126	163.67	
855.301	147.69	
855.475	133.77	
855.649	69.46	
855.823	56.35	
855.997	20.31	
856.171	32.6	
856.345	55.53	
856.52	85.43	
856.694	132.95	
856.868	176.36	
857.042	177.18	
857.216	231.66	
857.39	219.78	
857.564	163.26	
857.738	120.25	
857.912	96.08	
858.085	60.86	
858.259	68.64	
858.433	99.77	
858.607	52.26	
858.781	48.57	
858.955	6.38	
859.129	-28.02	
859.302	-10.82	
859.476	9.25	
859.65	108.37	
859.824	112.06	
859.997	121.48	
860.171	135.81	
860.345	197.25	
860.519	146.87	
860.692	158.34	
860.866	212	
861.039	228.38	
861.213	199.71	
861.387	142.78	
861.56	108.37	
861.734	112.88	
861.907	50.62	
862.081	44.88	
862.254	125.98	
862.428	191.93	
862.601	159.98	
862.775	194.8	
862.948	289.41	
863.122	232.48	
863.295	191.11	
863.468	178.82	
863.642	131.31	
863.815	79.29	
863.988	85.84	
864.162	99.36	
864.335	55.12	
864.508	101	
864.682	87.07	
864.855	93.63	
865.028	64.95	
865.201	149.33	
865.374	94.04	
865.548	141.14	
865.721	125.17	
865.894	219.37	
866.067	189.88	
866.24	243.54	
866.413	221.42	
866.586	226.74	
866.759	111.65	
866.932	92.81	
867.105	71.1	
867.278	-31.71	
867.451	-53.83	
867.624	8.02	
867.797	26.04	
867.97	5.15	
868.143	43.25	
868.316	87.48	
868.489	32.6	
868.661	37.1	
868.834	74.78	
869.007	150.97	
869.18	125.57	
869.353	148.1	
869.525	175.14	
869.698	123.94	
869.871	87.07	
870.044	104.69	
870.216	135	
870.389	90.76	
870.562	98.13	
870.734	124.35	
870.907	87.07	
871.079	85.43	
871.252	77.24	
871.425	156.7	
871.597	102.23	
871.77	199.71	
871.942	196.84	
872.115	185.78	
872.287	150.56	
872.459	139.91	
872.632	92.4	
872.804	101.41	
872.977	73.15	
873.149	70.69	
873.321	61.68	
873.494	44.88	
873.666	78.88	
873.838	102.64	
874.011	65.36	
874.183	106.32	
874.355	85.02	
874.528	50.21	
874.7	47.75	
874.872	163.26	
875.044	181.28	
875.216	206.67	
875.388	256.24	
875.561	280.81	
875.733	141.55	
875.905	104.69	
876.077	25.63	
876.249	33.42	
876.421	7.61	
876.593	3.11	
876.765	41.2	
876.937	127.62	
877.109	55.94	
877.281	78.47	
877.453	88.3	
877.625	47.75	
877.797	7.61	
877.968	-14.1	
878.14	-12.46	
878.312	56.76	
878.484	22.36	
878.656	48.57	
878.828	51.03	
878.999	128.85	
879.171	68.23	
879.343	61.68	
879.515	32.19	
879.686	38.74	
879.858	-27.2	
880.03	13.76	
880.201	51.44	
880.373	55.94	
880.545	76.42	
880.716	110.01	
880.888	202.99	
881.059	213.64	
881.231	222.24	
881.402	260.74	
881.574	210.77	
881.745	130.9	
881.917	137.86	
882.088	153.02	
882.26	101	
882.431	148.1	
882.602	55.94	
882.774	57.17	
882.945	2.29	
883.116	-41.95	
883.288	-97.24	
883.459	-46.86	
883.63	-45.23	
883.802	-44.82	
883.973	18.26	
884.144	63.32	
884.315	93.63	
884.487	124.35	
884.658	216.91	
884.829	242.72	
885	229.61	
885.171	268.93	
885.342	188.65	
885.513	143.6	
885.684	123.94	
885.855	148.92	
886.026	65.36	
886.197	130.9	
886.368	88.3	
886.539	103.46	
886.71	46.11	
886.881	90.35	
887.052	88.3	
887.223	143.6	
887.394	96.49	
887.565	179.64	
887.736	118.61	
887.907	137.45	
888.077	107.55	
888.248	105.91	
888.419	46.52	
888.59	50.21	
888.761	53.9	
888.931	75.6	
889.102	125.98	
889.273	89.53	
889.443	104.28	
889.614	48.98	
889.785	50.62	
889.955	21.54	
890.126	27.27	
890.296	73.56	
890.467	101	
890.637	168.58	
890.808	184.97	
890.978	232.89	
891.149	204.63	
891.319	296.78	
891.49	252.96	
891.66	263.61	
891.831	236.98	
892.001	277.53	
892.172	133.77	
892.342	103.87	
892.512	78.47	
892.683	122.71	
892.853	76.83	
893.023	137.45	
893.193	121.07	
893.364	130.9	
893.534	116.56	
893.704	174.32	
893.874	182.51	
894.044	192.34	
894.215	149.33	
894.385	164.08	
894.555	124.35	
894.725	155.88	
894.895	114.93	
895.065	174.73	
895.235	149.33	
895.405	214.46	
895.575	143.6	
895.745	207.7	
895.915	206.67	
