177.618	-758.94	
177.836	-752.8	
178.054	-767.95	
178.271	-595.92	
178.489	-367.78	
178.706	-225.24	
178.924	-93.35	
179.142	71.3	
179.359	53.28	
179.577	-73.28	
179.794	-67.14	
180.012	-81.48	
180.229	-111.78	
180.447	-80.66	
180.664	-23.31	
180.882	-54.44	
181.1	11.91	
181.317	14.37	
181.535	-6.52	
181.752	-34.37	
181.969	20.1	
182.187	32.39	
182.404	56.56	
182.622	49.59	
182.839	96.7	
183.057	99.98	
183.274	87.69	
183.492	97.52	
183.709	153.63	
183.926	104.48	
184.144	82.36	
184.361	91.78	
184.579	104.07	
184.796	29.52	
185.013	86.87	
185.231	67.21	
185.448	70.07	
185.666	79.9	
185.883	72.12	
186.1	57.79	
186.317	95.47	
186.535	16.01	
186.752	-5.7	
186.969	42.63	
187.187	110.21	
187.404	22.56	
187.621	138.07	
187.839	163.46	
188.056	110.62	
188.273	2.08	
188.49	110.21	
188.708	62.29	
188.925	88.1	
189.142	94.65	
189.359	109.4	
189.576	36.08	
189.794	29.52	
190.011	-13.48	
190.228	15.6	
190.445	22.97	
190.662	118.82	
190.879	106.53	
191.097	97.11	
191.314	117.18	
191.531	118.41	
191.748	27.48	
191.965	42.63	
192.182	25.02	
192.399	-1.6	
192.616	45.09	
192.834	93.42	
193.051	76.22	
193.268	106.53	
193.485	102.84	
193.702	61.47	
193.919	35.67	
194.136	44.27	
194.353	23.38	
194.57	50.82	
194.787	55.33	
195.004	162.23	
195.221	136.02	
195.438	177.8	
195.655	146.26	
195.872	223.67	
196.089	92.6	
196.306	133.97	
196.523	119.64	
196.74	178.21	
196.957	29.93	
197.173	81.13	
197.39	52.05	
197.607	91.78	
197.824	59.02	
198.041	133.15	
198.258	120.45	
198.475	167.15	
198.692	101.2	
198.909	47.96	
199.125	-4.88	
199.342	46.32	
199.559	13.14	
199.776	44.27	
199.993	127.01	
200.21	164.69	
200.426	82.36	
200.643	97.93	
200.86	88.1	
201.077	85.64	
201.293	81.54	
201.51	100.79	
201.727	2.49	
201.944	-51.17	
202.16	-68.78	
202.377	-103.18	
202.594	-142.91	
202.811	-92.53	
203.027	-60.18	
203.244	-111.38	
203.461	-68.37	
203.677	28.3	
203.894	49.19	
204.111	75.4	
204.327	120.86	
204.544	120.86	
204.761	100.38	
204.977	79.09	
205.194	25.43	
205.41	61.06	
205.627	34.03	
205.844	17.24	
206.06	14.37	
206.277	85.64	
206.493	56.15	
206.71	84.41	
206.926	67.21	
207.143	133.97	
207.36	45.91	
207.576	111.44	
207.793	117.59	
208.009	151.99	
208.226	115.95	
208.442	145.03	
208.659	84	
208.875	72.53	
209.092	33.62	
209.308	20.1	
209.524	26.25	
209.741	80.31	
209.957	130.69	
210.174	138.89	
210.39	131.51	
210.607	129.88	
210.823	2.08	
211.039	-62.22	
211.256	22.97	
211.472	-29.46	
211.688	24.2	
211.905	105.71	
212.121	102.84	
212.338	31.57	
212.554	78.68	
212.77	54.51	
212.987	54.1	
213.203	105.3	
213.419	124.14	
213.635	124.96	
213.852	91.78	
214.068	59.43	
214.284	20.1	
214.501	52.87	
214.717	61.88	
214.933	110.21	
215.149	61.47	
215.365	19.29	
215.582	-80.66	
215.798	-54.03	
216.014	-95.81	
216.23	-32.32	
216.447	24.2	
216.663	59.43	
216.879	0.03	
217.095	37.72	
217.311	27.07	
217.527	26.66	
217.743	31.98	
217.96	36.08	
218.176	43.45	
218.392	63.11	
218.608	85.23	
218.824	67.62	
219.04	86.46	
219.256	86.87	
219.472	34.44	
219.688	10.27	
219.904	83.59	
220.12	149.95	
220.336	109.4	
220.552	165.51	
220.768	196.64	
220.984	180.66	
221.2	85.64	
221.416	124.96	
221.632	64.34	
221.848	19.29	
222.064	-49.94	
222.28	-22.9	
222.496	-68.78	
222.712	13.14	
222.928	-1.6	
223.144	77.04	
223.36	73.76	
223.576	94.24	
223.792	40.99	
224.008	120.45	
224.224	112.26	
224.439	138.48	
224.655	118	
224.871	156.5	
225.087	108.99	
225.303	40.17	
225.519	25.84	
225.734	89.74	
225.95	67.62	
226.166	86.05	
226.382	109.4	
226.598	86.46	
226.813	58.2	
227.029	40.58	
227.245	-12.25	
227.461	15.6	
227.677	50	
227.892	58.61	
228.108	49.19	
228.324	128.65	
228.539	46.73	
228.755	76.63	
228.971	63.11	
229.186	123.73	
229.402	102.84	
229.618	173.29	
229.833	88.92	
230.049	84	
230.265	0.44	
230.48	52.87	
230.696	40.58	
230.912	97.93	
231.127	108.17	
231.343	156.91	
231.558	37.72	
231.774	74.58	
231.99	146.26	
232.205	151.17	
232.421	101.61	
232.636	147.08	
232.852	86.46	
233.067	23.38	
233.283	35.67	
233.498	92.6	
233.714	100.79	
233.929	187.63	
234.145	168.38	
234.36	171.65	
234.576	197.87	
234.791	231.45	
235.007	221.21	
235.222	278.15	
235.438	242.92	
235.653	270.37	
235.868	232.68	
236.084	233.91	
236.299	253.57	
236.515	272	
236.73	204.01	
236.945	199.92	
237.161	131.92	
237.376	50	
237.592	36.08	
237.807	61.06	
238.022	65.16	
238.238	94.65	
238.453	68.85	
238.668	74.17	
238.883	-25.36	
239.099	-16.35	
239.314	-33.55	
239.529	-0.38	
239.745	30.75	
239.96	129.47	
240.175	124.96	
240.39	224.08	
240.605	223.67	
240.821	177.39	
241.036	188.04	
241.251	267.09	
241.466	175.34	
241.681	192.54	
241.897	206.06	
242.112	229.41	
242.327	122.5	
242.542	131.92	
242.757	123.32	
242.972	132.33	
243.188	56.56	
243.403	114.72	
243.618	125.37	
243.833	108.17	
244.048	129.88	
244.263	145.03	
244.478	107.76	
244.693	58.61	
244.908	90.14	
245.123	71.3	
245.338	128.24	
245.553	149.95	
245.768	148.31	
245.983	142.98	
246.198	94.65	
246.413	72.53	
246.628	57.79	
246.843	54.92	
247.058	52.05	
247.273	81.54	
247.488	51.64	
247.703	101.61	
247.918	107.35	
248.133	139.3	
248.348	102.02	
248.563	177.39	
248.778	115.95	
248.993	153.63	
249.207	176.98	
249.422	200.74	
249.637	56.56	
249.852	48.78	
250.067	31.98	
250.282	-38.47	
250.496	-56.08	
250.711	74.58	
250.926	69.67	
251.141	127.83	
251.356	129.88	
251.57	182.3	
251.785	114.31	
252	88.51	
252.215	37.72	
252.43	63.11	
252.644	84	
252.859	114.31	
253.074	147.49	
253.288	146.26	
253.503	113.49	
253.718	130.28	
253.932	207.29	
254.147	244.56	
254.362	231.05	
254.576	238.42	
254.791	184.76	
255.006	128.65	
255.22	124.96	
255.435	131.92	
255.65	168.38	
255.864	193.36	
256.079	140.52	
256.293	147.9	
256.508	161.41	
256.723	233.09	
256.937	183.94	
257.152	189.27	
257.366	153.22	
257.581	128.65	
257.795	34.85	
258.01	121.27	
258.224	148.72	
258.439	155.27	
258.653	141.34	
258.868	174.52	
259.082	104.07	
259.297	79.09	
259.511	62.29	
259.726	32.8	
259.94	-39.7	
260.154	-61.81	
260.369	-48.71	
260.583	-30.28	
260.798	-42.15	
261.012	25.43	
261.226	65.57	
261.441	83.59	
261.655	74.99	
261.869	158.14	
262.084	121.27	
262.298	89.74	
262.512	8.64	
262.727	-16.35	
262.941	9.05	
263.155	5.36	
263.37	-0.38	
263.584	88.92	
263.798	120.45	
264.012	141.34	
264.227	141.34	
264.441	219.58	
264.655	155.27	
264.869	223.67	
265.084	124.14	
265.298	127.01	
265.512	34.44	
265.726	86.05	
265.94	20.1	
266.155	82.36	
266.369	97.11	
266.583	179.44	
266.797	172.06	
267.011	234.32	
267.225	275.69	
267.439	277.33	
267.654	217.53	
267.868	190.5	
268.082	79.5	
268.296	-61	
268.51	-108.92	
268.724	-60.59	
268.938	-108.51	
269.152	-31.91	
269.366	20.92	
269.58	58.61	
269.794	-1.6	
270.008	135.2	
270.222	108.99	
270.436	115.13	
270.65	86.05	
270.864	135.61	
271.078	59.43	
271.292	85.64	
271.506	135.2	
271.72	159.37	
271.934	167.15	
272.148	150.36	
272.362	128.24	
272.575	160.19	
272.789	178.21	
273.003	136.84	
273.217	196.23	
273.431	163.05	
273.645	111.03	
273.859	151.99	
274.073	235.96	
274.286	209.34	
274.5	208.52	
274.714	180.66	
274.928	189.27	
275.142	138.07	
275.355	114.72	
275.569	178.62	
275.783	227.36	
275.997	172.88	
276.21	200.74	
276.424	255.21	
276.638	171.24	
276.852	166.74	
277.065	163.46	
277.279	165.1	
277.493	125.37	
277.706	237.6	
277.92	238.83	
278.134	184.76	
278.347	118	
278.561	86.05	
278.775	63.11	
278.988	30.34	
279.202	123.32	
279.415	188.04	
279.629	193.36	
279.843	179.44	
280.056	299.86	
280.27	298.22	
280.483	210.57	
280.697	226.54	
280.91	244.56	
281.124	226.54	
281.337	156.5	
281.551	257.67	
281.764	218.35	
281.978	176.98	
282.191	83.18	
282.405	147.9	
282.618	46.32	
282.832	84	
283.045	63.52	
283.259	108.17	
283.472	48.78	
283.686	93.42	
283.899	40.99	
284.112	66.39	
284.326	63.52	
284.539	107.35	
284.752	113.9	
284.966	152.81	
285.179	185.17	
285.393	185.17	
285.606	129.88	
285.819	180.66	
286.033	137.25	
286.246	195.82	
286.459	134.79	
286.672	187.22	
286.886	104.89	
287.099	221.21	
287.312	63.52	
287.525	86.05	
287.739	64.75	
287.952	129.88	
288.165	116.77	
288.378	181.48	
288.592	185.17	
288.805	175.34	
289.018	183.53	
289.231	128.65	
289.444	163.05	
289.657	131.1	
289.871	127.42	
290.084	57.38	
290.297	140.93	
290.51	91.78	
290.723	86.05	
290.936	159.37	
291.149	170.02	
291.362	156.91	
291.575	150.76	
291.789	179.03	
292.002	105.71	
292.215	149.13	
292.428	39.76	
292.641	69.26	
292.854	56.97	
293.067	70.89	
293.28	29.12	
293.493	52.87	
293.706	-18.4	
293.919	50	
294.132	21.74	
294.345	18.88	
294.558	16.83	
294.77	45.91	
294.983	-14.3	
295.196	57.38	
295.409	115.54	
295.622	185.17	
295.835	231.05	
296.048	286.75	
296.261	261.35	
296.474	241.28	
296.686	202.37	
296.899	207.7	
297.112	187.22	
297.325	183.12	
297.538	201.55	
297.751	220.4	
297.963	271.59	
298.176	265.45	
298.389	219.17	
298.602	217.53	
298.814	333.85	
299.027	258.49	
299.24	242.92	
299.453	333.03	
299.665	292.07	
299.878	133.97	
300.091	108.58	
300.303	109.81	
300.516	42.63	
300.729	45.09	
300.941	85.64	
301.154	66.39	
301.367	45.09	
301.579	79.5	
301.792	104.07	
302.005	91.37	
302.217	109.81	
302.43	135.2	
302.642	90.14	
302.855	33.21	
303.067	-4.06	
303.28	22.97	
303.493	-28.23	
303.705	64.34	
303.918	113.49	
304.13	190.09	
304.343	181.89	
304.555	252.75	
304.768	196.23	
304.98	221.21	
305.193	164.28	
305.405	188.86	
305.617	113.08	
305.83	163.46	
306.042	113.9	
306.255	111.44	
306.467	68.03	
306.68	58.2	
306.892	2.08	
307.104	50.41	
307.317	70.07	
307.529	126.6	
307.741	190.5	
307.954	208.93	
308.166	195	
308.378	231.86	
308.591	220.4	
308.803	224.49	
309.015	290.03	
309.228	315.01	
309.44	235.55	
309.652	219.58	
309.864	185.99	
310.077	80.31	
310.289	12.32	
310.501	42.63	
310.713	47.14	
310.926	84.82	
311.138	57.79	
311.35	107.35	
311.562	78.68	
311.774	138.89	
311.986	106.12	
312.199	208.11	
312.411	128.24	
312.623	173.29	
312.835	74.17	
313.047	76.63	
313.259	61.47	
313.471	99.16	
313.683	83.59	
313.895	118	
314.108	107.35	
314.32	88.1	
314.532	56.56	
314.744	53.69	
314.956	115.54	
315.168	145.03	
315.38	92.6	
315.592	171.65	
315.804	177.8	
316.016	229	
316.228	238.83	
316.44	294.53	
316.651	296.99	
316.863	295.76	
317.075	182.71	
317.287	111.85	
317.499	82.77	
317.711	35.26	
317.923	66.39	
318.135	27.89	
318.347	63.93	
318.559	149.54	
318.77	207.7	
318.982	156.09	
319.194	185.17	
319.406	187.22	
319.618	102.02	
319.83	15.19	
320.041	30.34	
320.253	21.74	
320.465	20.51	
320.677	-0.38	
320.888	0.03	
321.1	11.5	
321.312	99.57	
321.524	103.66	
321.735	103.66	
321.947	99.57	
322.159	59.83	
322.37	-40.93	
322.582	-37.65	
322.794	28.3	
323.005	97.52	
323.217	124.14	
323.429	87.69	
323.64	143.39	
323.852	84.41	
324.063	38.13	
324.275	64.34	
324.487	141.34	
324.698	66.8	
324.91	128.24	
325.121	108.58	
325.333	49.59	
325.544	33.62	
325.756	104.89	
325.967	23.38	
326.179	87.69	
326.39	127.01	
326.602	163.87	
326.813	78.68	
327.025	128.24	
327.236	52.46	
327.448	22.15	
327.659	-43.38	
327.871	-8.98	
328.082	-5.29	
328.293	54.1	
328.505	97.11	
328.716	107.35	
328.928	75.4	
329.139	90.96	
329.35	60.24	
329.562	63.93	
329.773	101.2	
329.984	130.28	
330.196	99.16	
330.407	163.46	
330.618	111.44	
330.83	73.76	
331.041	64.75	
331.252	65.98	
331.463	12.32	
331.675	99.16	
331.886	142.16	
332.097	171.65	
332.308	174.52	
332.52	201.96	
332.731	161	
332.942	161.41	
333.153	158.96	
333.364	151.99	
333.575	114.72	
333.787	156.91	
333.998	84	
334.209	137.66	
334.42	127.83	
334.631	141.34	
334.842	106.12	
335.053	185.17	
335.264	111.44	
335.475	95.06	
335.686	73.35	
335.898	86.87	
336.109	14.37	
336.32	42.63	
336.531	63.52	
336.742	100.79	
336.953	50.41	
337.164	65.16	
337.375	14.37	
337.586	4.13	
337.797	-51.17	
338.007	4.54	
338.218	-16.76	
338.429	33.62	
338.64	63.93	
338.851	93.83	
339.062	56.56	
339.273	147.08	
339.484	78.68	
339.695	11.5	
339.906	31.16	
340.116	78.27	
340.327	35.67	
340.538	87.28	
340.749	108.17	
340.96	80.31	
341.171	-6.11	
341.381	-4.47	
341.592	-3.24	
341.803	20.92	
342.014	40.99	
342.224	120.05	
342.435	88.92	
342.646	42.22	
342.857	22.97	
343.067	-10.21	
343.278	-6.11	
343.489	32.39	
343.699	68.44	
343.91	88.1	
344.121	98.34	
344.331	36.9	
344.542	11.5	
344.753	69.26	
344.963	83.59	
345.174	119.23	
345.384	171.65	
345.595	225.31	
345.806	177.39	
346.016	154.04	
346.227	155.68	
346.437	179.85	
346.648	137.66	
346.858	133.15	
347.069	113.9	
347.279	123.73	
347.49	51.64	
347.7	68.85	
347.911	9.05	
348.121	29.93	
348.332	33.62	
348.542	15.19	
348.753	7.41	
348.963	88.1	
349.173	99.16	
349.384	116.36	
349.594	190.5	
349.805	242.92	
350.015	164.69	
350.225	163.05	
350.436	136.43	
350.646	154.86	
350.856	97.52	
351.067	151.99	
351.277	93.01	
351.487	44.68	
351.698	-25.36	
351.908	-7.34	
352.118	6.18	
352.328	21.33	
352.539	108.58	
352.749	107.76	
352.959	89.33	
353.169	73.76	
353.38	104.48	
353.59	74.58	
353.8	108.99	
354.01	126.19	
354.22	122.5	
354.431	217.12	
354.641	177.39	
354.851	176.98	
355.061	151.99	
355.271	222.85	
355.481	122.5	
355.691	122.09	
355.901	85.64	
356.111	128.65	
356.321	66.39	
356.532	57.38	
356.742	38.95	
356.952	47.55	
357.162	4.95	
357.372	-11.02	
357.582	-32.73	
357.792	-47.07	
358.002	-67.55	
358.212	-2.42	
358.422	19.29	
358.632	45.91	
358.842	64.75	
359.051	133.56	
359.261	67.62	
359.471	55.74	
359.681	86.46	
359.891	65.16	
360.101	-9.39	
360.311	-20.45	
360.521	-34.37	
360.731	-38.06	
360.94	-7.34	
361.15	53.28	
361.36	97.11	
361.57	102.84	
361.78	87.28	
361.989	102.84	
362.199	84.41	
362.409	86.87	
362.619	89.74	
362.828	207.7	
363.038	200.74	
363.248	208.11	
363.458	210.97	
363.667	238.83	
363.877	156.5	
364.087	174.11	
364.296	139.71	
364.506	154.86	
364.716	136.84	
364.925	101.2	
365.135	52.46	
365.345	52.05	
365.554	17.24	
365.764	82.77	
365.973	96.7	
366.183	170.83	
366.393	202.78	
366.602	224.9	
366.812	99.57	
367.021	142.57	
367.231	58.61	
367.44	32.39	
367.65	25.84	
367.859	103.66	
368.069	29.93	
368.278	81.95	
368.488	104.07	
368.697	38.13	
368.907	-32.32	
369.116	106.94	
369.326	81.95	
369.535	61.06	
369.744	124.96	
369.954	157.73	
370.163	39.36	
370.373	69.26	
370.582	68.85	
370.791	49.59	
371.001	23.79	
371.21	20.92	
371.419	-24.95	
371.629	-36.83	
371.838	-33.96	
372.047	55.74	
372.256	57.38	
372.466	77.04	
372.675	38.13	
372.884	28.3	
373.093	-67.96	
373.303	-8.57	
373.512	-2.01	
373.721	59.02	
373.93	38.13	
374.139	159.78	
374.349	87.28	
374.558	136.02	
374.767	81.95	
374.976	74.99	
375.185	36.08	
375.394	31.16	
375.603	-6.11	
375.813	16.01	
376.022	22.97	
376.231	-51.17	
376.44	-50.76	
376.649	-31.09	
376.858	7.41	
377.067	29.93	
377.276	100.79	
377.485	153.22	
377.694	149.54	
377.903	127.01	
378.112	103.25	
378.321	116.36	
378.53	82.77	
378.739	77.86	
378.948	62.7	
379.157	78.27	
379.366	92.6	
379.575	106.12	
379.784	70.89	
379.992	93.83	
380.201	154.86	
380.41	113.9	
380.619	91.37	
380.828	124.14	
381.037	93.01	
381.246	-7.75	
381.454	-68.37	
381.663	21.74	
381.872	-15.12	
382.081	53.28	
382.29	120.45	
382.498	165.51	
382.707	149.54	
382.916	199.1	
383.125	118.82	
383.333	98.75	
383.542	117.18	
383.751	75.4	
383.959	102.43	
384.168	141.34	
384.377	178.21	
384.585	153.63	
384.794	109.81	
385.003	53.28	
385.211	69.67	
385.42	-15.12	
385.628	-34.37	
385.837	17.65	
386.046	86.05	
386.254	117.59	
386.463	148.31	
386.671	244.15	
386.88	190.09	
387.088	165.1	
387.297	136.02	
387.505	153.63	
387.714	56.15	
387.922	52.87	
388.131	26.66	
388.339	41.81	
388.548	6.59	
388.756	17.24	
388.965	50.41	
389.173	3.31	
389.381	-4.06	
389.59	59.02	
389.798	119.23	
390.007	148.31	
390.215	163.46	
390.423	236.78	
390.632	227.36	
390.84	262.99	
391.048	216.3	
391.257	234.32	
391.465	124.55	
391.673	121.27	
391.882	62.7	
392.09	44.68	
392.298	58.2	
392.506	55.33	
392.715	47.96	
392.923	98.75	
393.131	156.5	
393.339	138.48	
393.547	151.99	
393.756	149.54	
393.964	70.48	
394.172	28.71	
394.38	-5.29	
394.588	56.15	
394.796	24.61	
395.005	25.43	
395.213	25.84	
395.421	72.12	
395.629	9.05	
395.837	2.49	
396.045	13.55	
396.253	31.16	
396.461	-7.75	
396.669	-8.57	
396.877	30.75	
397.085	72.12	
397.293	72.53	
397.501	83.18	
397.709	108.58	
397.917	125.37	
398.125	131.51	
398.333	167.15	
398.541	142.16	
398.749	139.71	
398.957	102.02	
399.165	30.75	
399.373	5.77	
399.581	45.09	
399.788	71.71	
399.996	46.32	
400.204	67.21	
400.412	36.49	
400.62	-12.66	
400.828	-24.13	
401.035	20.1	
401.243	45.5	
401.451	83.59	
401.659	92.19	
401.867	76.22	
402.074	90.96	
402.282	64.34	
402.49	6.59	
402.697	138.48	
402.905	107.35	
403.113	107.76	
403.321	69.67	
403.528	107.35	
403.736	44.27	
403.944	96.7	
404.151	90.55	
404.359	134.38	
404.566	140.12	
404.774	138.07	
404.982	82.77	
405.189	46.73	
405.397	-3.65	
405.604	-31.09	
405.812	-30.69	
406.02	-42.97	
406.227	-19.63	
406.435	26.66	
406.642	62.29	
406.85	36.9	
407.057	104.07	
407.265	135.61	
407.472	147.49	
407.679	127.83	
407.887	108.58	
408.094	65.16	
408.302	-4.88	
408.509	22.15	
408.717	37.72	
408.924	61.47	
409.131	84	
409.339	127.01	
409.546	123.32	
409.753	118	
409.961	161.82	
410.168	150.76	
410.375	183.12	
410.583	133.97	
410.79	141.75	
410.997	109.81	
411.205	123.32	
411.412	90.96	
411.619	165.1	
411.826	161.82	
412.034	213.02	
412.241	247.84	
412.448	260.54	
412.655	172.06	
412.862	179.44	
413.07	107.35	
413.277	53.28	
413.484	12.73	
413.691	60.24	
413.898	18.88	
414.105	-4.47	
414.312	-20.86	
414.519	-12.66	
414.727	-11.02	
414.934	18.88	
415.141	89.74	
415.348	156.91	
415.555	164.28	
415.762	149.54	
415.969	118.41	
416.176	113.49	
416.383	121.27	
416.59	102.43	
416.797	95.06	
417.004	140.52	
417.211	102.43	
417.418	67.21	
417.625	83.18	
417.831	97.11	
418.038	129.88	
418.245	176.16	
418.452	153.22	
418.659	140.52	
418.866	156.09	
419.073	118.82	
419.28	62.29	
419.486	145.03	
419.693	162.23	
419.9	161.82	
420.107	209.34	
420.314	275.69	
420.52	278.15	
420.727	375.63	
420.934	390.79	
421.141	362.52	
421.347	356.79	
421.554	317.88	
421.761	208.11	
421.967	256.44	
422.174	319.11	
422.381	316.24	
422.588	308.05	
422.794	347.37	
423.001	396.11	
423.207	348.6	
423.414	389.56	
423.621	419.46	
423.827	475.16	
424.034	460.83	
424.24	519.81	
424.447	499.74	
424.654	473.93	
424.86	447.31	
425.067	391.2	
425.273	368.26	
425.48	458.78	
425.686	548.07	
425.893	620.57	
426.099	640.23	
426.306	679.55	
426.512	684.47	
426.718	725.02	
426.925	709.86	
427.131	725.02	
427.338	736.07	
427.544	736.89	
427.75	677.09	
427.957	670.54	
428.163	729.52	
428.37	749.18	
428.576	768.84	
428.782	792.6	
428.988	879.84	
429.195	902.37	
429.401	925.72	
429.607	945.79	
429.814	1083.41	
430.02	1099.79	
430.226	1098.15	
430.432	1122.32	
430.639	1193.59	
430.845	1178.44	
431.051	1225.54	
431.257	1332.85	
431.463	1362.34	
431.67	1349.24	
431.876	1357.84	
432.082	1386.1	
432.288	1438.94	
432.494	1529.05	
432.7	1640.05	
432.906	1690.43	
433.112	1762.52	
433.318	1869.42	
433.525	1931.27	
433.731	1963.63	
433.937	2121.32	
434.143	2188.49	
434.349	2231.09	
434.555	2384.28	
434.761	2608.74	
434.967	2754.55	
435.173	3032.67	
435.379	3311.6	
435.585	3583.57	
435.791	3678.6	
435.996	3855.54	
436.202	3896.09	
436.408	3849.81	
436.614	3804.34	
436.82	3886.67	
437.026	3897.73	
437.232	4006.27	
437.438	4111.13	
437.644	4181.58	
437.849	4290.12	
438.055	4413.41	
438.261	4502.7	
438.467	4641.96	
438.673	4786.96	
438.878	4836.11	
439.084	4937.69	
439.29	5148.22	
439.496	5277.65	
439.701	5441.49	
439.907	5615.15	
440.113	5740.49	
440.318	5861.32	
440.524	6008.77	
440.73	6170.97	
440.935	6376.59	
441.141	6555.99	
441.347	6712.46	
441.552	6871.38	
441.758	7076.59	
441.964	7167.92	
442.169	7419.82	
442.375	7531.23	
442.58	7744.63	
442.786	7963.77	
442.991	8177.16	
443.197	8237.78	
443.402	8483.13	
443.608	8667.86	
443.813	8794.42	
444.019	8996.35	
444.224	9169.2	
444.43	9269.96	
444.635	9416.18	
444.841	9538.24	
445.046	9752.05	
445.252	9959.72	
445.457	10162.06	
445.662	10253.8	
445.868	10429.52	
446.073	10587.21	
446.278	10824.78	
446.484	11030.39	
446.689	11390.84	
446.894	11636.18	
447.1	11888.08	
447.305	12173.16	
447.51	12488.96	
447.716	12656.89	
447.921	12930.5	
448.126	13242.61	
448.331	13427.34	
448.537	13695.21	
448.742	14050.74	
448.947	14325.58	
449.152	14521.77	
449.357	14927.68	
449.563	15338.5	
449.768	15686.66	
449.973	15970.91	
450.178	16441.54	
450.383	16706.95	
450.588	16995.31	
450.793	17308.24	
450.999	17857.09	
451.204	18128.24	
451.409	18530.06	
451.614	18754.1	
451.819	19239.88	
452.024	19452.87	
452.229	19959.95	
452.434	20439.17	
452.639	20906.93	
452.844	21351.34	
453.049	21810.9	
453.254	22077.96	
453.459	22434.3	
453.664	22885.27	
453.869	23174.03	
454.074	23536.52	
454.279	24005.1	
454.483	24237.33	
454.688	24605.56	
454.893	25022.12	
455.098	25469.39	
455.303	25743	
455.508	26295.54	
455.713	26576.52	
455.917	26883.72	
456.122	27182.31	
456.327	27573.89	
456.532	27803.26	
456.737	28053.11	
456.941	28330.41	
457.146	28590.09	
457.351	28771.13	
457.555	28924.32	
457.76	29196.7	
457.965	29172.53	
458.17	29227.82	
458.374	29328.59	
458.579	29315.48	
458.784	29163.11	
458.988	29143.86	
459.193	29106.18	
459.397	29108.22	
459.602	29076.28	
459.807	29142.63	
460.011	29123.79	
460.216	29006.23	
460.42	28744.09	
460.625	28651.94	
460.829	28596.23	
461.034	28429.94	
461.239	28225.14	
461.443	28158.38	
461.648	28077.69	
461.852	27826.6	
462.056	27725.03	
462.261	27628.36	
462.465	27563.65	
462.67	27378.51	
462.874	27142.99	
463.079	26882.49	
463.283	26735.04	
463.487	26387.29	
463.692	26052.65	
463.896	25791.33	
464.1	25640.19	
464.305	25283.85	
464.509	25090.93	
464.713	24969.69	
464.918	24872.61	
465.122	24628.09	
465.326	24521.59	
465.531	24250.44	
465.735	24117.73	
465.939	23907.2	
466.143	23689.3	
466.348	23494.74	
466.552	23276.43	
466.756	23010.19	
466.96	23013.88	
467.164	23029.44	
467.368	22989.71	
467.573	23106.86	
467.777	23175.26	
467.981	23088.01	
468.185	22959.81	
468.389	23038.45	
468.593	22991.76	
468.797	22982.34	
469.001	23017.15	
469.205	23178.94	
469.409	23160.1	
469.613	23304.69	
469.817	23327.22	
470.021	23343.19	
470.225	23321.89	
470.429	23332.13	
470.633	23370.22	
470.837	23462.38	
471.041	23555.77	
471.245	23706.91	
471.449	23765.89	
471.653	23723.29	
471.857	23804.8	
472.061	23770.81	
472.265	23788.42	
472.469	23887.54	
472.673	23922.77	
472.876	23954.72	
473.08	24038.68	
473.284	24136.98	
473.488	24155.83	
473.692	24322.12	
473.895	24452.37	
474.099	24626.45	
474.303	24631.77	
474.507	24740.73	
474.71	24813.22	
474.914	24734.17	
475.118	24667.82	
475.322	24711.23	
475.525	24640.78	
475.729	24617.85	
475.933	24683.38	
476.136	24752.19	
476.34	24796.02	
476.543	24834.93	
476.747	24780.46	
476.951	24739.09	
477.154	24669.87	
477.358	24657.58	
477.561	24738.27	
477.765	24803.8	
477.969	24765.3	
478.172	24702.22	
478.376	24642.42	
478.579	24555.18	
478.783	24430.66	
478.986	24445	
479.19	24574.43	
479.393	24536.34	
479.596	24601.05	
479.8	24732.53	
480.003	24717.79	
480.207	24596.14	
480.41	24619.49	
480.614	24531.42	
480.817	24482.27	
481.02	24614.57	
481.224	24679.29	
481.427	24764.07	
481.63	24946.34	
481.834	25014.33	
482.037	24972.97	
482.24	25070.04	
482.443	25066.76	
482.647	24992.63	
482.85	24987.3	
483.053	25148.68	
483.256	25102.81	
483.46	25300.23	
483.663	25428.43	
483.866	25637.33	
484.069	25670.5	
484.272	25826.56	
484.476	25867.52	
484.679	25965	
484.882	26055.52	
485.085	26129.25	
485.288	26279.57	
485.491	26408.18	
485.694	26532.7	
485.897	26569.15	
486.101	26709.64	
486.304	26930.41	
486.507	26991.85	
486.71	27167.57	
486.913	27404.31	
487.116	27560.37	
487.319	27572.66	
487.522	27638.19	
487.725	27725.03	
487.928	27717.24	
488.13	27806.13	
488.333	28045.33	
488.536	28327.95	
488.739	28480.32	
488.942	28795.29	
489.145	28917.35	
489.348	28877.62	
489.551	28953.4	
489.754	29068.08	
489.956	28924.73	
490.159	28941.93	
490.362	28962.82	
490.565	28920.22	
490.768	28839.94	
490.97	29069.31	
491.173	29250.76	
491.376	29475.22	
491.579	29618.58	
491.781	29912.67	
491.984	29954.44	
492.187	30154.33	
492.39	30207.16	
492.592	30380.42	
492.795	30364.45	
492.998	30432.03	
493.2	30395.58	
493.403	30453.33	
493.605	30502.07	
493.808	30456.2	
494.011	30456.2	
494.213	30376.33	
494.416	30457.83	
494.618	30443.09	
494.821	30505.76	
495.023	30683.93	
495.226	30798.21	
495.428	30851.45	
495.631	30857.6	
495.833	31034.54	
496.036	30982.52	
496.238	31104.99	
496.441	31181.18	
496.643	31297.5	
496.846	31304.47	
497.048	31363.45	
497.25	31464.62	
497.453	31405.63	
497.655	31449.87	
497.858	31482.64	
498.06	31565.38	
498.262	31452.33	
498.465	31526.47	
498.667	31579.3	
498.869	31620.26	
499.071	31715.29	
499.274	31824.65	
499.476	31892.64	
499.678	31945.89	
499.881	32068.77	
500.083	32101.53	
500.285	32155.6	
500.487	32283.39	
500.689	32296.5	
500.892	32227.69	
501.094	32156.01	
501.296	32118.33	
501.498	32035.59	
501.7	31967.19	
501.902	32094.98	
502.104	32188.78	
502.306	32248.58	
502.509	32322.31	
502.711	32389.48	
502.913	32263.73	
503.115	32294.04	
503.317	32333.36	
503.519	32287.9	
503.721	32323.12	
503.923	32409.14	
504.125	32403	
504.327	32451.33	
504.529	32523.01	
504.731	32683.57	
504.933	32827.74	
505.134	32874.03	
505.336	32963.73	
505.538	33112	
505.74	33148.05	
505.942	33193.51	
506.144	33286.9	
506.346	33268.06	
506.548	33347.93	
506.749	33348.75	
506.951	33411.42	
507.153	33442.54	
507.355	33458.93	
507.557	33438.86	
507.758	33390.53	
507.96	33280.76	
508.162	33346.29	
508.363	33465.48	
508.565	33464.66	
508.767	33604.74	
508.969	33821.42	
509.17	33777.59	
509.372	33870.57	
509.574	33951.67	
509.775	33897.6	
509.977	33943.07	
510.178	34128.2	
510.38	34231.83	
510.582	34220.36	
510.783	34328.5	
510.985	34291.63	
511.186	34391.57	
511.388	34452.6	
511.589	34609.07	
511.791	34692.62	
511.992	34884.72	
512.194	34839.67	
512.395	34809.77	
512.597	34936.33	
512.798	35051.02	
513	35079.69	
513.201	35135.81	
513.403	35355.35	
513.604	35468.4	
513.805	35559.73	
514.007	35708.01	
514.208	35879.63	
514.409	35943.52	
514.611	36088.52	
514.812	36299.05	
515.013	36384.25	
515.215	36508.76	
515.416	36574.71	
515.617	36546.45	
515.819	36605.84	
516.02	36727.9	
516.221	36891.32	
516.422	37040.83	
516.623	37271.43	
516.825	37395.94	
517.026	37508.99	
517.227	37557.73	
517.428	37577.8	
517.629	37670.78	
517.83	37742.46	
518.032	37663	
518.233	37745.33	
518.434	37894.83	
518.635	38002.96	
518.836	38123.79	
519.037	38473.18	
519.238	38692.31	
519.439	38845.91	
519.64	38876.62	
519.841	39029.81	
520.042	39013.02	
520.243	39145.73	
520.444	39238.3	
520.645	39391.48	
520.846	39476.27	
521.047	39734.72	
521.248	39759.71	
521.449	39853.51	
521.65	40011.61	
521.851	40186.51	
522.052	40109.91	
522.252	40179.95	
522.453	40323.31	
522.654	40278.66	
522.855	40301.6	
523.056	40421.2	
523.257	40507.63	
523.457	40549.41	
523.658	40688.67	
523.859	40684.16	
524.06	40625.59	
524.26	40516.64	
524.461	40542.03	
524.662	40573.57	
524.862	40604.7	
525.063	40703.82	
525.264	40922.14	
525.464	40988.9	
525.665	40940.98	
525.866	41067.13	
526.066	41222.78	
526.267	41365.32	
526.468	41348.11	
526.668	41467.31	
526.869	41459.93	
527.069	41328.86	
527.27	41207.21	
527.47	41168.3	
527.671	41059.76	
527.871	40933.2	
528.072	41014.29	
528.272	40973.74	
528.473	41015.52	
528.673	41147.82	
528.874	41200.66	
529.074	41075.32	
529.275	40934.01	
529.475	40830.8	
529.675	40573.16	
529.876	40419.97	
530.076	40461.75	
530.277	40481.82	
530.477	40349.11	
530.677	40316.76	
530.878	40249.17	
531.078	40179.95	
531.278	40136.94	
531.478	40208.21	
531.679	40318.39	
531.879	40490.83	
532.079	40471.99	
532.28	40581.35	
532.48	40595.69	
532.68	40612.07	
532.88	40623.95	
533.08	40715.29	
533.28	40715.29	
533.481	40748.06	
533.681	40692.76	
533.881	40712.83	
534.081	40687.44	
534.281	40678.02	
534.481	40601.42	
534.681	40695.22	
534.881	40689.08	
535.081	40634.6	
535.281	40642.79	
535.481	40863.56	
535.682	40917.63	
535.882	40768.95	
536.082	40697.68	
536.281	40639.52	
536.481	40473.63	
536.681	40308.16	
536.881	40365.91	
537.081	40407.69	
537.281	40523.6	
537.481	40505.17	
537.681	40589.55	
537.881	40442.91	
538.081	40555.96	
538.281	40433.9	
538.48	40406.46	
538.68	40279.89	
538.88	40391.3	
539.08	40193.06	
539.28	40133.67	
539.479	40150.05	
539.679	40172.17	
539.879	40249.99	
540.079	40398.68	
540.278	40648.94	
540.478	40835.71	
540.678	41061.81	
540.877	41194.93	
541.077	41311.66	
541.277	41298.96	
541.476	41356.72	
541.676	41384.98	
541.876	41446.83	
542.075	41623.77	
542.275	41535.3	
542.474	41423.48	
542.674	41426.76	
542.874	41298.96	
543.073	41004.46	
543.273	41077.37	
543.472	41054.43	
543.672	41024.94	
543.871	40934.01	
544.071	40959.82	
544.27	40995.04	
544.47	41025.35	
544.669	41014.7	
544.868	41301.83	
545.068	41550.04	
545.267	41505.4	
545.467	41747.06	
545.666	41818.74	
545.865	41844.13	
546.065	41660.63	
546.264	41596.33	
546.463	41302.24	
546.663	41129.39	
546.862	40871.35	
547.061	40714.06	
547.261	40635.83	
547.46	40707.51	
547.659	40639.11	
547.858	40715.7	
548.058	40782.46	
548.257	40764.85	
548.456	40634.19	
548.655	40581.76	
548.854	40379.01	
549.053	40422.43	
549.253	40391.3	
549.452	40301.19	
549.651	40333.55	
549.85	40316.35	
550.049	40020.21	
550.248	39801.08	
550.447	39764.21	
550.646	39595.87	
550.845	39464.39	
551.044	39497.98	
551.243	39550.41	
551.442	39523.78	
551.641	39582.35	
551.84	39664.27	
552.039	39641.75	
552.238	39708.92	
552.437	39640.93	
552.636	39657.31	
552.835	39649.53	
553.034	39686.39	
553.233	39670.01	
553.432	39602.02	
553.63	39439	
553.829	39315.3	
554.028	39281.3	
554.227	39088.79	
554.426	39093.3	
554.625	39074.87	
554.823	39031.04	
555.022	38996.64	
555.221	39108.86	
555.42	39165.39	
555.618	39216.59	
555.817	39240.34	
556.016	39101.9	
556.214	39042.92	
556.413	38918.4	
556.612	38781.6	
556.81	38599.33	
557.009	38578.03	
557.208	38510.04	
557.406	38461.71	
557.605	38440.82	
557.803	38467.85	
558.002	38450.65	
558.201	38288.45	
558.399	38221.27	
558.598	38043.51	
558.796	37977.98	
558.995	37751.88	
559.193	37826.02	
559.392	37722.39	
559.59	37841.99	
559.789	37978.39	
559.987	38178.27	
560.185	38124.61	
560.384	38110.68	
560.582	37970.6	
560.781	37742.05	
560.979	37641.29	
561.177	37484.83	
561.376	37419.7	
561.574	37403.32	
561.772	37275.11	
561.971	37222.28	
562.169	37218.18	
562.367	37117.42	
562.566	36974.06	
562.764	37048.2	
562.962	37018.3	
563.16	36976.11	
563.358	37026.08	
563.557	37054.75	
563.755	36948.67	
563.953	36820.05	
564.151	36759.43	
564.349	36747.97	
564.547	36787.29	
564.746	36794.66	
564.944	36742.23	
565.142	36796.3	
565.34	36669.73	
565.538	36490.33	
565.736	36469.85	
565.934	36571.84	
566.132	36461.66	
566.33	36507.94	
566.528	36696.36	
566.726	36625.5	
566.924	36478.04	
567.122	36430.53	
567.32	36265.46	
567.518	35994.31	
567.716	35879.63	
567.914	35810	
568.112	35709.65	
568.31	35658.45	
568.507	35714.56	
568.705	35602.74	
568.903	35602.74	
569.101	35687.94	
569.299	35793.61	
569.497	35843.17	
569.694	36035.68	
569.892	36011.52	
570.09	35973.01	
570.288	35960.73	
570.486	35835.39	
570.683	35697.36	
570.881	35589.64	
571.079	35351.66	
571.276	35145.64	
571.474	35010.88	
571.672	34894.55	
571.869	34888	
572.067	34952.31	
572.265	34967.46	
572.462	34911.76	
572.66	34934.29	
572.857	34872.03	
573.055	34919.54	
573.253	34704.5	
573.45	34412.05	
573.648	33879.17	
573.845	33401.99	
574.043	32837.57	
574.24	32557.82	
574.438	32626.22	
574.635	33093.57	
574.832	33456.88	
575.03	33996.72	
575.227	34440.32	
575.425	34593.5	
575.622	34530.02	
575.82	34483.73	
576.017	34361.67	
576.214	34338.33	
576.412	34427.21	
576.609	34433.35	
576.806	34509.13	
577.004	34532.06	
577.201	34422.29	
577.398	34296.96	
577.595	34252.72	
577.793	34135.99	
577.99	34117.15	
578.187	34074.96	
578.384	34014.34	
578.582	33834.94	
578.779	33717.79	
578.976	33534.7	
579.173	33569.52	
579.37	33442.14	
579.567	33451.15	
579.764	33486.78	
579.962	33484.32	
580.159	33402.4	
580.356	33524.87	
580.553	33557.64	
580.75	33524.87	
580.947	33386.84	
581.144	33354.89	
581.341	33245.53	
581.538	33221.36	
581.735	33250.45	
581.932	33277.48	
582.129	33148.87	
582.326	33101.35	
582.523	32981.75	
582.72	32893.28	
582.916	32827.33	
583.113	32765.49	
583.31	32711.01	
583.507	32712.24	
583.704	32729.85	
583.901	32736.81	
584.098	32901.06	
584.294	32835.12	
584.491	32803.58	
584.688	32785.56	
584.885	32670.87	
585.082	32595.91	
585.278	32597.96	
585.475	32439.45	
585.672	32221.14	
585.868	32218.27	
586.065	32105.22	
586.262	32007.33	
586.458	32088.43	
586.655	32205.98	
586.852	32139.63	
587.048	32069.59	
587.245	32117.51	
587.442	32193.28	
587.638	32227.69	
587.835	32323.12	
588.031	32393.98	
588.228	32354.25	
588.424	32198.61	
588.621	32074.5	
588.817	31976.61	
589.014	31915.99	
589.21	31897.15	
589.407	31772.63	
589.603	31707.1	
589.8	31708.73	
589.996	31664.09	
590.192	31574.8	
590.389	31640.74	
590.585	31666.55	
590.782	31626.41	
590.978	31689.48	
591.174	31726.76	
591.371	31805.81	
591.567	31804.17	
591.763	31806.63	
591.959	31674.74	
592.156	31626	
592.352	31527.69	
592.548	31498.61	
592.744	31403.18	
592.941	31319.21	
593.137	31304.87	
593.333	31231.97	
593.529	31150.05	
593.725	31183.23	
593.922	31224.18	
594.118	31236.06	
594.314	31216.4	
594.51	31175.85	
594.706	31117.28	
594.902	31048.06	
595.098	30946.07	
595.294	30873.98	
595.49	30838.76	
595.686	30874.8	
595.882	30704.41	
596.078	30627.82	
596.274	30633.55	
596.47	30700.31	
596.666	30611.84	
596.862	30699.09	
597.058	30792.47	
597.254	30831.79	
597.45	30704	
597.646	30751.92	
597.842	30848.59	
598.037	30931.33	
598.233	30964.5	
598.429	31031.68	
598.625	30894.05	
598.821	30668.37	
599.017	30390.25	
599.212	30346.02	
599.408	30224.37	
599.604	30152.69	
599.8	30162.11	
599.995	30140.4	
600.191	30022.44	
600.387	30014.24	
600.582	30122.79	
600.778	30261.64	
600.974	30302.6	
601.169	30283.35	
601.365	30265.74	
601.561	30091.25	
601.756	29885.63	
601.952	29795.52	
602.147	29655.85	
602.343	29598.92	
602.538	29548.95	
602.734	29563.69	
602.93	29646.02	
603.125	29777.5	
603.321	29809.45	
603.516	29986.39	
603.711	30019.57	
603.907	29998.27	
604.102	29992.95	
604.298	30029.81	
604.493	30006.05	
604.689	30051.11	
604.884	30105.99	
605.079	30083.06	
605.275	29960.59	
605.47	29906.52	
605.665	29911.85	
605.861	29925.36	
606.056	29941.34	
606.251	29895.87	
606.447	29871.3	
606.642	29866.79	
606.837	29802.48	
607.032	29940.11	
607.227	30084.29	
607.423	30261.64	
607.618	30378.78	
607.813	30513.13	
608.008	30486.92	
608.203	30649.93	
608.398	30799.44	
608.594	30741.27	
608.789	30785.1	
608.984	30919.86	
609.179	31034.54	
609.374	31044.78	
609.569	31328.63	
609.764	31598.96	
609.959	31972.1	
610.154	32362.45	
610.349	32936.29	
610.544	33404.04	
610.739	33877.12	
610.934	34282.62	
611.129	34462.02	
611.324	34367	
611.519	34348.16	
611.714	34223.64	
611.909	33834.12	
612.103	33822.65	
612.298	33855.01	
612.493	33849.27	
612.688	33861.15	
612.883	34036.87	
613.078	33999.18	
613.272	34072.91	
613.467	34193.74	
613.662	34314.57	
613.857	34430.08	
614.051	34478	
614.246	34446.46	
614.441	34351.84	
614.635	34219.95	
614.83	34107.72	
615.025	33998.77	
615.219	33824.29	
615.414	33708.78	
615.609	33786.19	
615.803	33730.49	
615.998	33820.6	
616.192	33963.14	
616.387	34088.47	
616.582	34095.44	
616.776	34170.8	
616.971	34045.47	
617.165	34092.57	
617.36	33966.42	
617.554	33899.24	
617.749	33956.99	
617.943	34026.22	
618.138	33844.77	
618.332	33814.05	
618.526	33699.77	
618.721	33428.62	
618.915	33371.28	
619.11	33345.47	
619.304	33222.18	
619.498	33182.86	
619.693	33290.99	
619.887	33196.38	
620.081	33100.53	
620.275	33142.31	
620.47	33046.88	
620.664	32826.93	
620.858	32676.19	
621.052	32487.37	
621.247	32322.72	
621.441	32175.26	
621.635	32062.21	
621.829	32039.28	
622.023	32083.92	
622.218	32062.62	
622.412	32119.97	
622.606	32057.3	
622.8	31923.77	
622.994	31793.52	
623.188	31688.25	
623.382	31562.92	
623.576	31592.41	
623.77	31520.73	
623.964	31594.87	
624.158	31599.37	
624.352	31590.77	
624.546	31564.15	
624.74	31724.3	
624.934	31659.58	
625.128	31690.3	
625.322	31630.91	
625.516	31499.02	
625.71	31302.01	
625.904	31139.81	
626.098	30975.56	
626.291	30821.55	
626.485	30848.18	
626.679	30756.02	
626.873	30847.77	
627.067	30845.72	
627.26	30876.85	
627.454	30770.36	
627.648	30720.38	
627.842	30606.11	
628.035	30480.77	
628.229	30365.68	
628.423	30203.07	
628.617	30133.44	
628.81	29972.88	
629.004	29838.12	
629.198	29834.43	
629.391	29857.78	
629.585	29897.1	
629.778	29860.24	
629.972	29945.02	
630.166	29789.38	
630.359	29632.09	
630.553	29380.19	
630.746	29239.29	
630.94	29114.37	
631.133	28957.9	
631.327	28932.1	
631.52	28991.08	
631.714	29026.71	
631.907	28974.29	
632.1	29170.89	
632.294	29322.03	
632.487	29342.1	
632.681	29374.05	
632.874	29306.06	
633.067	29165.98	
633.261	28891.14	
633.454	28654.39	
633.647	28462.29	
633.841	28307.06	
634.034	28241.93	
634.227	28198.52	
634.421	28205.07	
634.614	28282.48	
634.807	28314.02	
635	28278.8	
635.193	28366.45	
635.387	28367.68	
635.58	28243.57	
635.773	28201.79	
635.966	28002.32	
636.159	27773.77	
636.352	27503.44	
636.545	27345.74	
636.739	27106.13	
636.932	27013.56	
637.125	26948.85	
637.318	26953.76	
637.511	27003.32	
637.704	27006.6	
637.897	27070.49	
638.09	26969.73	
638.283	26972.19	
638.476	26857.51	
638.669	26935.74	
638.862	26873.07	
639.055	26873.89	
639.247	26872.25	
639.44	26815.73	
639.633	26756.34	
639.826	26667.04	
640.019	26578.16	
640.212	26514.68	
640.405	26465.12	
640.597	26306.19	
640.79	26330.36	
640.983	26460.2	
641.176	26394.26	
641.368	26502.39	
641.561	26593.73	
641.754	26540.48	
641.947	26482.32	
642.139	26475.76	
642.332	26223.05	
642.525	26118.19	
642.717	26013.33	
642.91	25824.1	
643.103	25692.21	
643.295	25589.4	
643.488	25398.53	
643.68	25164.65	
643.873	25027.85	
644.065	24942.25	
644.258	24997.54	
644.45	25100.76	
644.643	25194.56	
644.835	25274.43	
645.028	25201.93	
645.22	25012.7	
645.413	24841.9	
645.605	24742.36	
645.798	24608.02	
645.99	24597.78	
646.182	24605.97	
646.375	24485.96	
646.567	24425.34	
646.76	24246.76	
646.952	24069.81	
647.144	23892.87	
647.337	23905.97	
647.529	23881.4	
647.721	23972.33	
647.913	23967.41	
648.106	23989.12	
648.298	23917.85	
648.49	23871.98	
648.682	23807.67	
648.874	23846.17	
649.067	23971.92	
649.259	23925.22	
649.451	23827.74	
649.643	23897.37	
649.835	23864.6	
650.027	23675.78	
650.219	23525.46	
650.411	23439.45	
650.603	23281.34	
650.796	23260.86	
650.988	23235.47	
651.18	23347.29	
651.372	23517.27	
651.564	23360.39	
651.756	23123.24	
651.948	22989.71	
652.139	22861.92	
652.331	22688.66	
652.523	22700.54	
652.715	22671.87	
652.907	22607.15	
653.099	22529.33	
653.291	22447.41	
653.483	22395.39	
653.674	22404.81	
653.866	22454.37	
654.058	22290.54	
654.25	22165.2	
654.442	22025.94	
654.633	21808.44	
654.825	21513.13	
655.017	21414.82	
655.209	21295.63	
655.4	21169.07	
655.592	21121.56	
655.784	21195.69	
655.975	21171.12	
656.167	21048.65	
656.359	21004.82	
656.55	20890.54	
656.742	20809.85	
656.933	20901.6	
657.125	20994.17	
657.316	20965.09	
657.508	21013.42	
657.7	20972.05	
657.891	20811.49	
658.083	20696.4	
658.274	20645.61	
658.466	20555.5	
658.657	20488.32	
658.848	20285.57	
659.04	20136.07	
659.231	19983.7	
659.423	19831.74	
659.614	19668.32	
659.805	19769.9	
659.997	19836.66	
660.188	19758.84	
660.379	19777.68	
660.571	19742.04	
660.762	19549.53	
660.953	19350.88	
661.145	19368.08	
661.336	19235.38	
661.527	19299.68	
661.718	19321.8	
661.909	19195.24	
662.101	19110.86	
662.292	19085.87	
662.483	18873.7	
662.674	18763.11	
662.865	18809.81	
663.056	18733.21	
663.247	18606.65	
663.439	18650.89	
663.63	18644.33	
663.821	18626.31	
664.012	18592.72	
664.203	18613.61	
664.394	18540.3	
664.585	18467.8	
664.776	18308.87	
664.967	18203.61	
665.158	18046.33	
665.349	17937.78	
665.54	17763.71	
665.73	17771.9	
665.921	17660.9	
666.112	17655.98	
666.303	17553.58	
666.494	17680.97	
666.685	17557.68	
666.876	17625.67	
667.066	17534.33	
667.257	17514.67	
667.448	17351.65	
667.639	17227.14	
667.83	17061.66	
668.02	17037.09	
668.211	16835.98	
668.402	16778.63	
668.592	16666.81	
668.783	16512.81	
668.974	16413.68	
669.164	16479.63	
669.355	16344.46	
669.546	16332.99	
669.736	16336.27	
669.927	16259.68	
670.117	16106.49	
670.308	16078.64	
670.499	16013.92	
670.689	15927.5	
670.88	15859.09	
671.07	15867.7	
671.261	15800.93	
671.451	15836.16	
671.641	15783.32	
671.832	15780.45	
672.022	15720.65	
672.213	15594.5	
672.403	15508.89	
672.594	15536.33	
672.784	15483.5	
672.974	15377.41	
673.165	15319.66	
673.355	15212.76	
673.545	15113.63	
673.736	15089.88	
673.926	15033.35	
674.116	15065.71	
674.306	14944.06	
674.497	14810.12	
674.687	14602.87	
674.877	14480.4	
675.067	14380.05	
675.257	14376.77	
675.448	14330.9	
675.638	14295.68	
675.828	14159.69	
676.018	14160.1	
676.208	14076.13	
676.398	14045.41	
676.588	14049.1	
676.778	14085.14	
676.968	13979.47	
677.158	13932.78	
677.348	13827.1	
677.538	13661.62	
677.728	13586.67	
677.918	13463.38	
678.108	13379.41	
678.298	13292.17	
678.488	13237.28	
678.678	13208.61	
678.868	13193.87	
679.058	13153.73	
679.248	13117.68	
679.438	13070.99	
679.627	13007.09	
679.817	12957.94	
680.007	12897.32	
680.197	12899.78	
680.387	12893.64	
680.576	12894.86	
680.766	12840.8	
680.956	12860.05	
681.146	12889.95	
681.335	12756.83	
681.525	12584.39	
681.715	12502.06	
681.904	12373.45	
682.094	12190.36	
682.284	12192.82	
682.473	12181.35	
682.663	12171.93	
682.852	12131.79	
683.042	12168.25	
683.231	12153.09	
683.421	12135.89	
683.61	12075.68	
683.8	11999.49	
683.989	11879.48	
684.179	11761.93	
684.368	11647.24	
684.558	11540.75	
684.747	11503.88	
684.937	11428.93	
685.126	11411.32	
685.316	11383.46	
685.505	11281.47	
685.694	11287.21	
685.884	11280.25	
686.073	11184.4	
686.262	11116	
686.452	11063.98	
686.641	10952.98	
686.83	10856.32	
687.019	10853.45	
687.209	10799.79	
687.398	10810.03	
687.587	10722.79	
687.776	10636.77	
687.965	10516.35	
688.155	10395.11	
688.344	10262	
688.533	10204.65	
688.722	10155.09	
688.911	10203.01	
689.1	10250.12	
689.289	10264.04	
689.478	10228	
689.667	10204.24	
689.856	10024.02	
690.045	9956.85	
690.234	9817.18	
690.423	9804.48	
690.612	9699.21	
690.801	9708.63	
690.99	9656.62	
691.179	9763.52	
691.368	9714.37	
691.557	9772.53	
691.746	9722.97	
691.935	9661.94	
692.124	9521.45	
692.312	9458.78	
692.501	9369.9	
692.69	9390.38	
692.879	9316.24	
693.068	9278.97	
693.256	9206.47	
693.445	9181.9	
693.634	9081.55	
693.823	9024.61	
694.011	8943.92	
694.2	8870.2	
694.389	8778.45	
694.577	8711.68	
694.766	8706.77	
694.955	8693.66	
695.143	8669.5	
695.332	8674	
695.52	8629.36	
695.709	8613.79	
695.897	8516.72	
696.086	8430.7	
696.275	8307.82	
696.463	8259.49	
696.652	8180.03	
696.84	8174.71	
697.028	8183.31	
697.217	8175.53	
697.405	8082.55	
697.594	8031.76	
697.782	7988.75	
697.971	7897.41	
698.159	7835.15	
698.347	7826.55	
698.536	7781.5	
698.724	7750.37	
698.912	7689.75	
699.1	7619.3	
699.289	7658.21	
699.477	7613.15	
699.665	7517.31	
699.854	7497.65	
700.042	7444.4	
700.23	7346.51	
700.418	7272.78	
700.606	7242.06	
700.794	7217.9	
700.983	7222.4	
701.171	7172.84	
701.359	7101.57	
701.547	7104.85	
701.735	7037.26	
701.923	6891.04	
702.111	6821.82	
702.299	6796.83	
702.487	6766.11	
702.675	6699.35	
702.863	6731.3	
703.051	6712.05	
703.239	6714.5	
703.427	6615.79	
703.615	6590.81	
703.803	6605.14	
703.991	6596.54	
704.179	6533.46	
704.367	6565.82	
704.554	6625.21	
704.742	6527.73	
704.93	6505.61	
705.118	6579.34	
705.306	6510.53	
705.493	6429.02	
705.681	6399.94	
705.869	6382.32	
706.057	6272.55	
706.244	6233.23	
706.432	6173.43	
706.62	6157.46	
706.807	6014.92	
706.995	6024.34	
707.183	5923.58	
707.37	5915.8	
707.558	5888.76	
707.746	5953.48	
707.933	5908.01	
708.121	5972.32	
708.308	5948.15	
708.496	5953.48	
708.683	5851.9	
708.871	5886.31	
709.058	5785.96	
709.246	5720.01	
709.433	5623.76	
709.621	5643.83	
709.808	5500.88	
709.995	5547.16	
710.183	5506.2	
710.37	5477.53	
710.558	5417.32	
710.745	5412.82	
710.932	5372.68	
711.12	5394.38	
711.307	5393.16	
711.494	5395.2	
711.681	5396.84	
711.869	5317.38	
712.056	5251.44	
712.243	5220.31	
712.43	5125.69	
712.618	5092.92	
712.805	5033.53	
712.992	5008.96	
713.179	4950.38	
713.366	4939.33	
713.553	4918.03	
713.74	4908.2	
713.928	4813.17	
714.115	4785.32	
714.302	4707.5	
714.489	4621.48	
714.676	4553.9	
714.863	4554.31	
715.05	4523.59	
715.237	4466.65	
715.424	4340.91	
715.611	4340.5	
715.798	4343.37	
715.984	4274.55	
716.171	4286.43	
716.358	4337.63	
716.545	4313.88	
716.732	4247.11	
716.919	4195.91	
717.106	4138.98	
717.293	4107.44	
717.479	4128.33	
717.666	4077.54	
717.853	4084.91	
718.04	4123	
718.226	4129.56	
718.413	3995.62	
718.6	4021.43	
718.786	4000.54	
718.973	3998.9	
719.16	3855.54	
719.346	3848.58	
719.533	3749.05	
719.72	3734.3	
719.906	3600.77	
720.093	3672.45	
720.279	3620.02	
720.466	3647.88	
720.652	3627.4	
720.839	3673.27	
721.025	3609.37	
721.212	3610.6	
721.398	3547.12	
721.585	3522.95	
721.771	3493.46	
721.958	3438.98	
722.144	3457.41	
722.331	3366.49	
722.517	3275.96	
722.703	3244.02	
722.89	3175.2	
723.076	3122.37	
723.262	3208.79	
723.449	3183.4	
723.635	3074.85	
723.821	3108.03	
724.007	3049.87	
724.194	2971.64	
724.38	2975.73	
724.566	3007.68	
724.752	3016.28	
724.938	3039.22	
725.125	3089.19	
725.311	3110.9	
725.497	3043.73	
725.683	2966.31	
725.869	2870.88	
726.055	2780.36	
726.241	2706.63	
726.427	2698.85	
726.613	2666.08	
726.799	2749.23	
726.985	2696.39	
727.171	2708.27	
727.357	2713.59	
727.543	2755.37	
727.729	2658.71	
727.915	2675.5	
728.101	2653.79	
728.287	2607.51	
728.473	2535.01	
728.659	2525.59	
728.845	2464.97	
729.03	2415	
729.216	2422.78	
729.402	2379.77	
729.588	2320.79	
729.774	2335.54	
729.959	2294.58	
730.145	2291.71	
730.331	2357.25	
730.517	2377.32	
730.702	2377.32	
730.888	2399.84	
731.074	2331.03	
731.259	2293.76	
731.445	2343.32	
731.63	2325.3	
731.816	2270.82	
732.002	2347.83	
732.187	2364.21	
732.373	2273.69	
732.558	2282.7	
732.744	2326.94	
732.929	2260.99	
733.115	2145.9	
733.3	2059.88	
733.486	2008.27	
733.671	1880.89	
733.857	1820.27	
734.042	1817.81	
734.227	1827.23	
734.413	1858.77	
734.598	1943.15	
734.784	1909.15	
734.969	1885.39	
735.154	1920.62	
735.339	1849.76	
735.525	1848.94	
735.71	1909.15	
735.895	1873.93	
736.081	1860.82	
736.266	1873.11	
736.451	1823.14	
736.636	1854.67	
736.821	1897.68	
737.007	1850.17	
737.192	1832.56	
737.377	1765.79	
737.562	1638	
737.747	1642.91	
737.932	1668.31	
738.117	1610.97	
738.302	1678.96	
738.487	1693.29	
738.672	1610.97	
738.857	1606.87	
739.042	1642.51	
739.227	1656.84	
739.412	1612.6	
739.597	1631.45	
739.782	1646.19	
739.967	1581.48	
740.152	1543.79	
740.337	1580.25	
740.522	1590.08	
740.706	1551.17	
740.891	1631.04	
741.076	1638.41	
741.261	1644.55	
741.446	1617.93	
741.63	1591.72	
741.815	1551.58	
742	1472.52	
742.185	1415.59	
742.369	1435.66	
742.554	1405.76	
742.739	1370.53	
742.923	1369.31	
743.108	1375.45	
743.293	1375.04	
743.477	1373.81	
743.662	1387.33	
743.846	1369.31	
744.031	1388.56	
744.216	1343.91	
744.4	1406.99	
744.585	1360.7	
744.769	1397.57	
744.954	1354.56	
745.138	1327.12	
745.322	1259.94	
745.507	1216.94	
745.691	1188.68	
745.876	1188.27	
746.06	1210.79	
746.244	1215.71	
746.429	1302.95	
746.613	1269.37	
746.798	1300.49	
746.982	1279.2	
747.166	1282.88	
747.35	1192.77	
747.535	1207.52	
747.719	1167.38	
747.903	1205.06	
748.087	1142.8	
748.272	1166.15	
748.456	1183.35	
748.64	1168.2	
748.824	1131.33	
749.008	1163.69	
749.192	1141.57	
749.376	1124.37	
749.56	1078.9	
749.745	1038.76	
749.929	1073.99	
750.113	1086.28	
750.297	1012.55	
750.481	1058.01	
750.665	1112.9	
750.849	1053.92	
751.033	1050.64	
751.217	1042.45	
751.4	1046.14	
751.584	965.86	
751.768	976.92	
751.952	944.56	
752.136	990.02	
752.32	942.92	
752.504	1011.32	
752.688	1022.38	
752.871	1018.69	
753.055	1004.36	
753.239	1016.24	
753.423	987.56	
753.606	913.02	
753.79	928.99	
753.974	915.48	
754.157	902.78	
754.341	861	
754.525	858.95	
754.708	845.03	
754.892	848.3	
755.076	880.66	
755.259	924.9	
755.443	924.08	
755.626	915.07	
755.81	912.61	
755.993	879.84	
756.177	802.84	
756.36	827	
756.544	809.39	
756.727	788.5	
756.911	806.93	
757.094	861	
757.278	840.11	
757.461	821.68	
757.644	804.48	
757.828	752.87	
758.011	767.61	
758.195	781.95	
758.378	793.01	
758.561	779.49	
758.744	765.97	
758.928	760.65	
759.111	754.1	
759.294	785.23	
759.477	812.26	
759.661	827	
759.844	802.43	
760.027	760.24	
760.21	703.72	
760.393	691.43	
760.576	721.33	
760.76	695.93	
760.943	668.9	
761.126	760.24	
761.309	791.78	
761.492	762.29	
761.675	760.65	
761.858	820.04	
762.041	723.38	
762.224	634.9	
762.407	617.29	
762.59	635.31	
762.773	561.59	
762.956	558.72	
763.139	607.05	
763.321	629.58	
763.504	575.1	
763.687	641.87	
763.87	672.18	
764.053	666.85	
764.236	682.83	
764.418	736.89	
764.601	718.87	
764.784	719.28	
764.967	756.96	
765.149	746.31	
765.332	738.53	
765.515	776.62	
765.697	737.71	
765.88	697.57	
766.063	708.22	
766.245	678.73	
766.428	632.45	
766.611	665.21	
766.793	682.83	
766.976	692.25	
767.158	674.64	
767.341	711.91	
767.523	695.93	
767.706	720.1	
767.888	682.01	
768.071	817.58	
768.253	777.03	
768.436	827	
768.618	826.59	
768.8	908.1	
768.983	838.47	
769.165	833.56	
769.348	774.58	
769.53	743.45	
769.712	639.41	
769.895	591.9	
770.077	628.35	
770.259	643.51	
770.441	622.21	
770.624	706.99	
770.806	734.44	
770.988	703.31	
771.17	680.37	
771.352	746.31	
771.535	723.38	
771.717	729.11	
771.899	719.69	
772.081	821.27	
772.263	767.2	
772.445	748.36	
772.627	695.93	
772.809	714.78	
772.991	643.92	
773.173	672.59	
773.355	641.46	
773.537	661.53	
773.719	636.95	
773.901	698.8	
774.083	643.92	
774.265	615.65	
774.447	615.65	
774.629	632.45	
774.811	600.09	
774.992	639.41	
775.174	618.52	
775.356	646.37	
775.538	603.37	
775.72	546.43	
775.901	542.34	
776.083	569.78	
776.265	526.77	
776.447	598.86	
776.628	621.8	
776.81	575.51	
776.992	628.35	
777.173	652.93	
777.355	609.92	
777.537	639.82	
777.718	670.54	
777.9	649.65	
778.081	642.28	
778.263	667.67	
778.444	636.54	
778.626	613.2	
778.807	562.41	
778.989	537.01	
779.17	464.51	
779.352	363.75	
779.533	328.94	
779.715	380.14	
779.896	312.55	
780.078	376.45	
780.259	460.42	
780.44	469.43	
780.622	440.35	
780.803	581.25	
780.984	549.3	
781.166	503.83	
781.347	530.46	
781.528	547.66	
781.709	459.6	
781.891	495.64	
782.072	539.47	
782.253	556.26	
782.434	527.59	
782.615	537.83	
782.796	515.3	
782.978	553.4	
783.159	552.58	
783.34	577.56	
783.521	558.31	
783.702	564.04	
783.883	518.99	
784.064	521.04	
784.245	453.86	
784.426	515.3	
784.607	475.16	
784.788	485.81	
784.969	413.72	
785.15	435.84	
785.331	312.96	
785.512	353.92	
785.692	349.01	
785.873	390.38	
786.054	368.26	
786.235	446.9	
786.416	438.3	
786.597	435.43	
786.777	419.05	
786.958	443.21	
787.139	419.46	
787.32	423.14	
787.5	438.3	
787.681	397.34	
787.862	405.53	
788.042	413.31	
788.223	401.03	
788.404	302.31	
788.584	349.42	
788.765	391.61	
788.946	394.88	
789.126	369.9	
789.307	442.4	
789.487	458.37	
789.668	380.55	
789.848	362.12	
790.029	316.24	
790.209	289.62	
790.39	236.37	
790.57	219.99	
790.75	283.47	
790.931	315.83	
791.111	297.81	
791.292	362.12	
791.472	398.57	
791.652	354.33	
791.833	356.79	
792.013	347.37	
792.193	276.92	
792.373	315.42	
792.554	289.62	
792.734	291.66	
792.914	296.99	
793.094	352.69	
793.275	349.01	
793.455	340	
793.635	359.25	
793.815	389.97	
793.995	353.92	
794.175	314.19	
794.355	387.1	
794.535	395.29	
794.715	379.32	
794.896	362.52	
795.076	330.58	
795.256	340.82	
795.436	291.66	
795.616	300.68	
795.795	351.47	
795.975	368.67	
796.155	352.28	
796.335	379.32	
796.515	405.12	
796.695	436.66	
796.875	481.31	
797.055	427.24	
797.234	429.29	
797.414	433.79	
797.594	365.39	
797.774	328.94	
797.954	289.62	
798.133	281.43	
798.313	221.62	
798.493	256.85	
798.672	220.4	
798.852	262.99	
799.032	215.07	
799.211	188.04	
799.391	151.58	
799.571	197.87	
799.75	163.87	
799.93	253.98	
800.109	298.22	
800.289	296.17	
800.468	256.85	
800.648	267.5	
800.827	217.53	
801.007	192.13	
801.186	157.73	
801.366	178.21	
801.545	199.51	
801.725	274.05	
801.904	222.44	
802.083	258.08	
802.263	259.72	
802.442	304.36	
802.621	219.58	
802.801	351.88	
802.98	394.06	
803.159	344.5	
803.338	255.62	
803.518	300.27	
803.697	199.51	
803.876	192.95	
804.055	225.31	
804.235	284.29	
804.414	199.1	
804.593	232.68	
804.772	193.36	
804.951	204.83	
805.13	111.03	
805.309	173.7	
805.488	179.03	
805.667	202.78	
805.846	214.66	
806.025	307.23	
806.204	339.18	
806.383	298.63	
806.562	290.44	
806.741	279.79	
806.92	249.89	
807.099	199.92	
807.278	168.38	
807.457	138.07	
807.636	143.39	
807.814	156.91	
807.993	161	
808.172	217.94	
808.351	244.15	
808.53	244.15	
808.708	215.48	
808.887	206.88	
809.066	252.75	
809.244	233.5	
809.423	207.29	
809.602	190.9	
809.78	221.21	
809.959	177.39	
810.138	204.01	
810.316	230.64	
810.495	291.66	
810.673	204.83	
810.852	196.23	
811.03	217.53	
811.209	220.4	
811.388	186.81	
811.566	251.52	
811.744	278.97	
811.923	229	
812.101	238.83	
812.28	311.33	
812.458	331.4	
812.637	294.12	
812.815	316.24	
812.993	311.33	
813.172	300.27	
813.35	226.13	
813.528	256.85	
813.706	238.42	
813.885	210.57	
814.063	127.42	
814.241	233.09	
814.419	251.12	
814.598	299.45	
814.776	299.45	
814.954	299.45	
815.132	228.59	
815.31	232.27	
815.488	126.19	
815.666	105.3	
815.844	89.74	
816.022	79.5	
816.201	11.09	
816.379	104.89	
816.557	138.89	
816.735	172.47	
816.913	164.69	
817.09	225.31	
817.268	149.54	
817.446	105.71	
817.624	90.96	
817.802	196.64	
817.98	147.08	
818.158	172.88	
818.336	147.08	
818.514	177.39	
818.691	113.08	
818.869	157.73	
819.047	205.65	
819.225	251.93	
819.402	219.99	
819.58	252.75	
819.758	256.85	
819.935	199.51	
820.113	192.13	
820.291	192.95	
820.468	118.41	
820.646	106.12	
820.824	150.36	
821.001	222.44	
821.179	265.45	
821.356	293.71	
821.534	250.71	
821.711	195.82	
821.889	206.88	
822.066	169.61	
822.244	159.78	
822.421	210.57	
822.599	247.84	
822.776	145.44	
822.953	87.69	
823.131	54.92	
823.308	14.78	
823.486	16.01	
823.663	27.89	
823.84	92.6	
824.017	60.65	
824.195	61.47	
824.372	73.76	
824.549	88.51	
824.726	76.22	
824.904	94.65	
825.081	114.72	
825.258	61.47	
825.435	62.7	
825.612	84.41	
825.789	50	
825.967	52.87	
826.144	106.94	
826.321	129.06	
826.498	117.59	
826.675	200.33	
826.852	117.59	
827.029	126.19	
827.206	128.24	
827.383	84.82	
827.56	115.95	
827.737	176.57	
827.914	157.32	
828.09	141.75	
828.267	161.82	
828.444	115.95	
828.621	72.94	
828.798	119.64	
828.975	47.55	
829.151	31.57	
829.328	25.43	
829.505	123.32	
829.682	51.64	
829.858	78.68	
830.035	145.03	
830.212	154.86	
830.389	76.22	
830.565	52.05	
830.742	124.96	
830.918	117.59	
831.095	105.71	
831.272	142.98	
831.448	142.16	
831.625	149.95	
831.801	142.57	
831.978	145.44	
832.154	101.61	
832.331	149.54	
832.507	78.68	
832.684	113.49	
832.86	130.28	
833.037	238.83	
833.213	205.65	
833.389	246.2	
833.566	148.31	
833.742	122.91	
833.918	27.48	
834.095	-6.52	
834.271	-70.42	
834.447	-7.34	
834.624	20.51	
834.8	28.3	
834.976	76.22	
835.152	104.07	
835.328	84.82	
835.505	85.23	
835.681	101.61	
835.857	33.62	
836.033	74.58	
836.209	168.79	
836.385	177.8	
836.561	186.4	
836.737	265.04	
836.913	197.05	
837.089	137.25	
837.265	142.98	
837.441	182.71	
837.617	154.86	
837.793	205.24	
837.969	191.72	
838.145	163.05	
838.321	113.9	
838.497	122.5	
838.673	161.41	
838.849	83.59	
839.025	138.89	
839.2	152.81	
839.376	184.35	
839.552	125.78	
839.728	196.23	
839.903	133.97	
840.079	149.54	
840.255	97.93	
840.431	178.62	
840.606	112.67	
840.782	174.52	
840.958	73.35	
841.133	69.26	
841.309	20.92	
841.484	78.68	
841.66	11.91	
841.835	41.4	
842.011	47.55	
842.186	62.7	
842.362	26.25	
842.537	50.41	
842.713	54.51	
842.888	67.21	
843.064	8.23	
843.239	17.24	
843.415	18.06	
843.59	69.26	
843.765	87.28	
843.941	131.1	
844.116	185.58	
844.291	148.72	
844.467	136.43	
844.642	150.36	
844.817	160.59	
844.992	105.3	
845.168	111.85	
845.343	129.06	
845.518	105.71	
845.693	105.71	
845.868	101.2	
846.043	72.53	
846.219	16.83	
846.394	65.98	
846.569	55.33	
846.744	41.81	
846.919	66.8	
847.094	195	
847.269	143.8	
847.444	121.68	
847.619	156.91	
847.794	242.1	
847.969	191.72	
848.144	215.07	
848.319	201.96	
848.494	217.94	
848.668	167.97	
848.843	167.15	
849.018	142.16	
849.193	127.42	
849.368	120.45	
849.542	174.52	
849.717	149.95	
849.892	163.87	
850.067	214.66	
850.241	244.56	
850.416	170.43	
850.591	182.3	
850.765	163.87	
850.94	190.5	
851.115	121.68	
851.289	136.84	
851.464	73.76	
851.639	83.59	
851.813	25.43	
851.988	95.47	
852.162	79.5	
852.337	99.57	
852.511	114.31	
852.686	182.71	
852.86	126.19	
853.035	110.62	
853.209	118	
853.383	136.43	
853.558	43.04	
853.732	101.61	
853.906	84	
854.081	92.6	
854.255	34.44	
854.429	90.55	
854.604	58.2	
854.778	146.26	
854.952	157.73	
855.126	190.9	
855.301	174.93	
855.475	147.9	
855.649	110.62	
855.823	56.56	
855.997	43.86	
856.171	71.71	
856.345	60.65	
856.52	50	
856.694	112.67	
856.868	161.41	
857.042	148.31	
857.216	229	
857.39	234.73	
857.564	177.39	
857.738	118	
857.912	108.17	
858.085	63.52	
858.259	83.18	
858.433	118.82	
858.607	111.03	
858.781	103.25	
858.955	70.89	
859.129	24.61	
859.302	36.08	
859.476	24.61	
859.65	102.43	
859.824	90.14	
859.997	124.14	
860.171	144.21	
860.345	185.17	
860.519	134.79	
860.692	158.14	
860.866	183.53	
861.039	194.18	
861.213	215.89	
861.387	169.61	
861.56	170.83	
861.734	187.22	
861.907	137.66	
862.081	77.04	
862.254	139.71	
862.428	191.31	
862.601	120.05	
862.775	136.84	
862.948	258.08	
863.122	226.95	
863.295	167.15	
863.468	183.94	
863.642	141.34	
863.815	61.88	
863.988	66.39	
864.162	100.79	
864.335	60.24	
864.508	117.59	
864.682	145.44	
864.855	115.54	
865.028	88.92	
865.201	172.47	
865.374	121.68	
865.548	150.76	
865.721	165.1	
865.894	235.96	
866.067	190.09	
866.24	221.62	
866.413	194.18	
866.586	188.04	
866.759	75.4	
866.932	42.22	
867.105	17.65	
867.278	-75.33	
867.451	-68.78	
867.624	1.26	
867.797	38.54	
867.97	41.4	
868.143	88.51	
868.316	107.35	
868.489	39.36	
868.661	54.92	
868.834	59.02	
869.007	110.21	
869.18	100.38	
869.353	149.54	
869.525	185.99	
869.698	170.43	
869.871	130.28	
870.044	138.48	
870.216	126.19	
870.389	63.11	
870.562	59.02	
870.734	87.69	
870.907	55.33	
871.079	60.24	
871.252	13.96	
871.425	104.07	
871.597	51.23	
871.77	154.04	
871.942	144.62	
872.115	192.54	
872.287	147.49	
872.459	163.46	
872.632	90.55	
872.804	113.49	
872.977	80.31	
873.149	72.94	
873.321	52.87	
873.494	44.68	
873.666	68.85	
873.838	72.12	
874.011	44.27	
874.183	74.17	
874.355	49.59	
874.528	7	
874.7	17.24	
874.872	111.44	
875.044	139.71	
875.216	169.2	
875.388	226.95	
875.561	266.68	
875.733	154.86	
875.905	122.91	
876.077	47.96	
876.249	78.27	
876.421	29.12	
876.593	20.51	
876.765	43.45	
876.937	133.15	
877.109	54.92	
877.281	91.37	
877.453	108.99	
877.625	56.15	
877.797	0.44	
877.968	-15.53	
878.14	-23.72	
878.312	15.6	
878.484	15.6	
878.656	53.69	
878.828	33.21	
878.999	102.02	
879.171	55.33	
879.343	34.03	
879.515	25.84	
879.686	34.03	
879.858	-43.79	
880.03	-4.88	
880.201	49.19	
880.373	31.57	
880.545	54.1	
880.716	111.44	
880.888	191.72	
881.059	201.96	
881.231	199.92	
881.402	249.89	
881.574	217.12	
881.745	165.51	
881.917	194.18	
882.088	225.31	
882.26	184.35	
882.431	220.4	
882.602	139.3	
882.774	102.02	
882.945	39.76	
883.116	-20.86	
883.288	-86.39	
883.459	-52.39	
883.63	-52.8	
883.802	-49.53	
883.973	0.44	
884.144	37.31	
884.315	54.1	
884.487	76.63	
884.658	163.05	
884.829	180.66	
885	158.96	
885.171	186.81	
885.342	124.14	
885.513	99.98	
885.684	93.01	
885.855	132.33	
886.026	90.96	
886.197	147.9	
886.368	101.2	
886.539	113.08	
886.71	75.4	
886.881	101.2	
887.052	118	
887.223	168.79	
887.394	124.14	
887.565	175.34	
887.736	113.9	
887.907	133.97	
888.077	84.41	
888.248	74.99	
888.419	20.92	
888.59	14.37	
888.761	3.31	
888.931	36.49	
889.102	102.02	
889.273	72.12	
889.443	92.19	
889.614	41.4	
889.785	54.92	
889.955	26.66	
890.126	27.48	
890.296	97.11	
890.467	100.38	
890.637	161.82	
890.808	185.17	
890.978	213.43	
891.149	155.68	
891.319	250.71	
891.49	206.47	
891.66	209.34	
891.831	199.1	
892.001	244.97	
892.172	122.5	
892.342	108.17	
892.512	59.02	
892.683	110.21	
892.853	62.29	
893.023	113.08	
893.193	83.18	
893.364	108.17	
893.534	99.98	
893.704	157.73	
893.874	158.14	
894.044	167.56	
894.215	149.95	
894.385	163.05	
894.555	127.01	
894.725	174.52	
894.895	131.92	
895.065	163.87	
895.235	130.69	
895.405	192.95	
895.575	121.68	
895.745	182.1	
895.915	200.87	
