177.618	-821.58	
177.836	-808.78	
178.054	-795.36	
178.271	-609	
178.489	-369.39	
178.706	-223.98	
178.924	-86.36	
179.142	91	
179.359	86.08	
179.577	-45.4	
179.794	-27.37	
180.012	-44.99	
180.229	-125.68	
180.447	-99.87	
180.664	-51.95	
180.882	-58.09	
181.1	6.62	
181.317	25.87	
181.535	-9.76	
181.752	-4.44	
181.969	29.15	
182.187	42.67	
182.404	57.41	
182.622	41.44	
182.839	70.11	
183.057	68.06	
183.274	32.02	
183.492	42.26	
183.709	88.54	
183.926	37.34	
184.144	-2.8	
184.361	28.74	
184.579	50.45	
184.796	7.44	
185.013	58.64	
185.231	44.3	
185.448	49.22	
185.666	48.81	
185.883	16.04	
186.1	19.32	
186.317	75.43	
186.535	1.71	
186.752	4.98	
186.969	66.83	
187.187	112.3	
187.404	20.55	
187.621	117.62	
187.839	116.39	
188.056	81.17	
188.273	2.53	
188.49	100.01	
188.708	48.4	
188.925	95.09	
189.142	94.27	
189.359	97.96	
189.576	21.37	
189.794	47.58	
190.011	4.16	
190.228	28.74	
190.445	25.05	
190.662	109.84	
190.879	81.17	
191.097	55.77	
191.314	83.63	
191.531	94.68	
191.748	23.82	
191.965	53.73	
192.182	67.24	
192.399	18.5	
192.616	63.56	
192.834	124.99	
193.051	88.95	
193.268	100.42	
193.485	118.85	
193.702	65.19	
193.919	31.61	
194.136	42.67	
194.353	-10.99	
194.57	10.72	
194.787	37.75	
195.004	110.25	
195.221	69.7	
195.438	133.19	
195.655	81.58	
195.872	148.34	
196.089	44.71	
196.306	100.01	
196.523	86.9	
196.74	143.02	
196.957	23.42	
197.173	74.2	
197.39	29.15	
197.607	65.19	
197.824	61.92	
198.041	108.2	
198.258	84.85	
198.475	154.89	
198.692	110.66	
198.909	45.94	
199.125	-11.4	
199.342	48.81	
199.559	25.87	
199.776	58.64	
199.993	143.84	
200.21	180.7	
200.426	103.7	
200.643	115.57	
200.86	107.79	
201.077	95.91	
201.293	93.46	
201.51	91.41	
201.727	-22.05	
201.944	-98.23	
202.16	-126.5	
202.377	-139.6	
202.594	-146.16	
202.811	-72.02	
203.027	-40.48	
203.244	-59.32	
203.461	-41.3	
203.677	27.92	
203.894	38.16	
204.111	74.61	
204.327	111.48	
204.544	90.59	
204.761	100.83	
204.977	73.8	
205.194	17.27	
205.41	45.53	
205.627	55.77	
205.844	30.38	
206.06	34.47	
206.277	89.77	
206.493	34.06	
206.71	54.95	
206.926	27.1	
207.143	85.26	
207.36	21.78	
207.576	84.44	
207.793	91.82	
208.009	136.46	
208.226	82.4	
208.442	82.4	
208.659	50.04	
208.875	34.06	
209.092	-26.96	
209.308	-30.65	
209.524	8.26	
209.741	63.96	
209.957	108.2	
210.174	134.01	
210.39	145.06	
210.607	145.06	
210.823	27.51	
211.039	-42.94	
211.256	13.18	
211.472	-36.8	
211.688	-4.85	
211.905	58.23	
212.121	46.76	
212.338	-10.17	
212.554	40.62	
212.77	0.89	
212.987	6.21	
213.203	83.63	
213.419	111.48	
213.635	74.61	
213.852	71.75	
214.068	46.76	
214.284	-6.89	
214.501	8.26	
214.717	8.67	
214.933	28.74	
215.149	-38.43	
215.365	-67.51	
215.582	-137.56	
215.798	-90.86	
216.014	-111.34	
216.23	-54.41	
216.447	2.53	
216.663	2.94	
216.879	-50.31	
217.095	-0.75	
217.311	36.93	
217.527	36.11	
217.743	64.78	
217.96	59.46	
218.176	34.06	
218.392	17.68	
218.608	23.42	
218.824	16.04	
219.04	41.44	
219.256	72.98	
219.472	39.8	
219.688	19.32	
219.904	73.39	
220.12	158.17	
220.336	118.85	
220.552	139.74	
220.768	187.66	
220.984	188.07	
221.2	67.65	
221.416	92.64	
221.632	62.33	
221.848	24.23	
222.064	-67.92	
222.28	-34.75	
222.496	-95.37	
222.712	-14.27	
222.928	-50.72	
223.144	46.76	
223.36	53.73	
223.576	96.32	
223.792	58.64	
224.008	143.02	
224.224	115.98	
224.439	144.65	
224.655	134.42	
224.871	159.81	
225.087	109.02	
225.303	64.78	
225.519	46.35	
225.734	83.22	
225.95	55.36	
226.166	63.56	
226.382	68.88	
226.598	54.13	
226.813	47.58	
227.029	13.58	
227.245	-30.65	
227.461	13.58	
227.677	54.95	
227.892	40.21	
228.108	48.4	
228.324	132.78	
228.539	28.74	
228.755	55.77	
228.971	44.71	
229.186	89.36	
229.402	35.7	
229.618	139.33	
229.833	87.31	
230.049	116.39	
230.265	46.76	
230.48	111.48	
230.696	106.97	
230.912	127.86	
231.127	103.29	
231.343	157.76	
231.558	84.44	
231.774	128.68	
231.99	187.25	
232.205	199.95	
232.421	152.44	
232.636	161.45	
232.852	75.84	
233.067	4.98	
233.283	-0.75	
233.498	60.69	
233.714	66.83	
233.929	120.08	
234.145	96.73	
234.36	126.63	
234.576	142.2	
234.791	192.99	
235.007	197.9	
235.222	268.76	
235.438	228.21	
235.653	258.93	
235.868	222.07	
236.084	238.04	
236.299	254.84	
236.515	269.58	
236.73	186.84	
236.945	207.73	
237.161	126.22	
237.376	44.71	
237.592	26.28	
237.807	25.87	
238.022	-12.22	
238.238	31.61	
238.453	-1.16	
238.668	15.63	
238.883	-40.07	
239.099	-33.52	
239.314	-70.38	
239.529	-16.73	
239.745	-0.75	
239.96	103.7	
240.175	100.83	
240.39	190.12	
240.605	181.52	
240.821	126.63	
241.036	113.53	
241.251	193.81	
241.466	109.43	
241.681	116.39	
241.897	163.5	
242.112	183.98	
242.327	89.77	
242.542	117.62	
242.757	124.58	
242.972	124.58	
243.188	33.25	
243.403	49.63	
243.618	33.65	
243.833	27.1	
244.048	45.94	
244.263	106.15	
244.478	102.06	
244.693	98.37	
244.908	118.85	
245.123	104.92	
245.338	151.62	
245.553	169.64	
245.768	161.86	
245.983	144.65	
246.198	85.67	
246.413	56.59	
246.628	43.08	
246.843	30.79	
247.058	47.58	
247.273	90.18	
247.488	62.74	
247.703	98.78	
247.918	106.56	
248.133	129.09	
248.348	66.42	
248.563	133.6	
248.778	92.64	
248.993	141.38	
249.207	168.82	
249.422	201.18	
249.637	74.61	
249.852	87.72	
250.067	36.52	
250.282	-43.35	
250.496	-50.72	
250.711	72.16	
250.926	37.75	
251.141	83.22	
251.356	97.96	
251.57	155.3	
251.785	84.85	
252	71.75	
252.215	63.15	
252.43	106.56	
252.644	106.56	
252.859	120.08	
253.074	152.85	
253.288	134.42	
253.503	59.87	
253.718	102.47	
253.932	193.81	
254.147	224.94	
254.362	228.62	
254.576	251.15	
254.791	174.15	
255.006	111.89	
255.22	117.21	
255.435	102.06	
255.65	129.5	
255.864	188.48	
256.079	120.49	
256.293	109.84	
256.508	138.92	
256.723	220.84	
256.937	127.86	
257.152	130.73	
257.366	87.31	
257.581	58.64	
257.795	-31.06	
258.01	91.82	
258.224	126.22	
258.439	165.54	
258.653	150.8	
258.868	163.09	
259.082	47.99	
259.297	27.1	
259.511	-6.08	
259.726	-20	
259.94	-61.37	
260.154	-59.32	
260.369	-40.48	
260.583	-10.58	
260.798	-31.06	
261.012	11.95	
261.226	62.74	
261.441	74.61	
261.655	52.09	
261.869	121.72	
262.084	103.7	
262.298	72.98	
262.512	4.16	
262.727	-3.21	
262.941	22.6	
263.155	25.46	
263.37	12.77	
263.584	106.97	
263.798	88.13	
264.012	112.3	
264.227	91.41	
264.441	173.74	
264.655	98.37	
264.869	205.68	
265.084	105.33	
265.298	122.95	
265.512	35.7	
265.726	89.36	
265.94	7.44	
266.155	86.49	
266.369	86.9	
266.583	156.53	
266.797	164.32	
267.011	241.32	
267.225	270.4	
267.439	258.52	
267.654	206.09	
267.868	165.95	
268.082	38.98	
268.296	-95.78	
268.51	-139.6	
268.724	-76.53	
268.938	-121.99	
269.152	-37.61	
269.366	24.23	
269.58	70.11	
269.794	0.07	
270.008	127.86	
270.222	120.9	
270.436	113.94	
270.65	82.81	
270.864	132.78	
271.078	44.71	
271.292	36.52	
271.506	91.82	
271.72	147.52	
271.934	154.49	
272.148	164.32	
272.362	179.47	
272.575	192.17	
272.789	183.16	
273.003	147.52	
273.217	188.48	
273.431	134.42	
273.645	94.27	
273.859	122.13	
274.073	181.11	
274.286	181.93	
274.5	219.61	
274.714	171.69	
274.928	169.64	
275.142	127.45	
275.355	88.95	
275.569	109.02	
275.783	184.39	
275.997	126.63	
276.21	160.63	
276.424	233.13	
276.638	173.74	
276.852	173.74	
277.065	177.42	
277.279	161.45	
277.493	80.35	
277.706	177.01	
277.92	179.88	
278.134	157.35	
278.347	115.57	
278.561	110.66	
278.775	81.58	
278.988	56.59	
279.202	111.07	
279.415	153.26	
279.629	156.53	
279.843	158.17	
280.056	235.18	
280.27	235.58	
280.483	162.27	
280.697	178.65	
280.91	190.12	
281.124	197.49	
281.337	175.37	
281.551	267.53	
281.764	220.02	
281.978	186.84	
282.191	87.31	
282.405	123.77	
282.618	45.12	
282.832	103.29	
283.045	82.4	
283.259	121.72	
283.472	85.67	
283.686	119.26	
283.899	75.84	
284.112	97.96	
284.326	107.38	
284.539	130.32	
284.752	153.67	
284.966	180.29	
285.179	200.36	
285.393	205.27	
285.606	132.37	
285.819	164.32	
286.033	110.25	
286.246	145.88	
286.459	75.84	
286.672	145.47	
286.886	48.4	
287.099	133.6	
287.312	16.45	
287.525	43.49	
287.739	27.92	
287.952	102.06	
288.165	103.29	
288.378	145.88	
288.592	121.72	
288.805	119.26	
289.018	112.3	
289.231	81.99	
289.444	118.85	
289.657	109.02	
289.871	99.19	
290.084	46.76	
290.297	106.15	
290.51	60.69	
290.723	48.4	
290.936	112.71	
291.149	132.37	
291.362	141.38	
291.575	134.42	
291.789	175.78	
292.002	137.28	
292.215	158.58	
292.428	47.99	
292.641	99.6	
292.854	90.18	
293.067	83.63	
293.28	41.03	
293.493	54.95	
293.706	-4.03	
293.919	69.29	
294.132	20.55	
294.345	27.51	
294.558	22.6	
294.77	26.28	
294.983	-27.78	
295.196	64.37	
295.409	118.44	
295.622	210.6	
295.835	246.64	
296.048	257.29	
296.261	234.77	
296.474	222.89	
296.686	175.37	
296.899	183.16	
297.112	199.13	
297.325	165.54	
297.538	182.75	
297.751	197.08	
297.963	234.36	
298.176	213.88	
298.389	219.2	
298.602	211.83	
298.814	324.47	
299.027	281.46	
299.24	274.09	
299.453	341.67	
299.665	303.99	
299.878	157.35	
300.091	123.36	
300.303	124.99	
300.516	54.95	
300.729	58.23	
300.941	79.53	
301.154	61.92	
301.367	29.97	
301.579	48.81	
301.792	80.35	
302.005	68.88	
302.217	73.8	
302.43	106.15	
302.642	55.77	
302.855	9.49	
303.067	2.12	
303.28	47.58	
303.493	0.07	
303.705	97.96	
303.918	161.86	
304.13	222.89	
304.343	196.67	
304.555	269.17	
304.768	217.97	
304.98	215.1	
305.193	121.31	
305.405	159.4	
305.617	73.39	
305.83	106.15	
306.042	68.47	
306.255	88.13	
306.467	28.74	
306.68	31.61	
306.892	-9.76	
307.104	3.75	
307.317	2.12	
307.529	100.01	
307.741	137.69	
307.954	151.62	
308.166	139.74	
308.378	199.13	
308.591	150.39	
308.803	179.47	
309.015	243.37	
309.228	291.7	
309.44	213.47	
309.652	193.4	
309.864	163.09	
310.077	54.95	
310.289	-20	
310.501	2.12	
310.713	1.3	
310.926	28.74	
311.138	15.22	
311.35	85.26	
311.562	51.68	
311.774	113.53	
311.986	94.68	
312.199	182.75	
312.411	72.16	
312.623	125.81	
312.835	43.89	
313.047	29.15	
313.259	24.23	
313.471	65.19	
313.683	52.09	
313.895	88.54	
314.108	66.01	
314.32	14.4	
314.532	-15.09	
314.744	7.44	
314.956	47.17	
315.168	86.08	
315.38	42.26	
315.592	123.36	
315.804	115.16	
316.016	177.01	
316.228	207.32	
316.44	281.87	
316.651	270.4	
316.863	274.09	
317.075	159.4	
317.287	71.34	
317.499	43.49	
317.711	29.56	
317.923	47.58	
318.135	9.49	
318.347	68.47	
318.559	152.44	
318.77	196.26	
318.982	144.65	
319.194	171.69	
319.406	162.68	
319.618	70.11	
319.83	11.13	
320.041	27.92	
320.253	33.65	
320.465	8.67	
320.677	7.03	
320.888	-1.16	
321.1	-0.75	
321.312	57	
321.524	82.81	
321.735	84.85	
321.947	68.88	
322.159	65.6	
322.37	2.94	
322.582	6.21	
322.794	78.3	
323.005	136.87	
323.217	126.63	
323.429	89.77	
323.64	148.75	
323.852	67.24	
324.063	25.05	
324.275	66.83	
324.487	132.78	
324.698	39.8	
324.91	93.87	
325.121	88.13	
325.333	25.46	
325.544	2.53	
325.756	67.24	
325.967	3.35	
326.179	45.12	
326.39	74.2	
326.602	88.13	
326.813	4.98	
327.025	60.28	
327.236	-18.36	
327.448	-27.37	
327.659	-87.58	
327.871	-51.54	
328.082	-72.84	
328.293	-2.8	
328.505	18.91	
328.716	70.52	
328.928	61.51	
329.139	105.74	
329.35	71.34	
329.562	95.5	
329.773	117.21	
329.984	120.08	
330.196	57.41	
330.407	116.8	
330.618	85.67	
330.83	50.86	
331.041	59.05	
331.252	72.98	
331.463	56.18	
331.675	85.26	
331.886	136.05	
332.097	164.72	
332.308	163.5	
332.52	143.84	
332.731	130.32	
332.942	134.42	
333.153	153.67	
333.364	143.43	
333.575	115.16	
333.787	152.03	
333.998	39.8	
334.209	68.06	
334.42	38.16	
334.631	61.51	
334.842	44.71	
335.053	156.12	
335.264	88.54	
335.475	140.97	
335.686	140.15	
335.898	120.08	
336.109	32.02	
336.32	30.38	
336.531	4.57	
336.742	4.16	
336.953	-25.33	
337.164	-4.03	
337.375	-28.19	
337.586	-22.46	
337.797	-81.03	
338.007	9.08	
338.218	-0.75	
338.429	58.23	
338.64	72.98	
338.851	137.69	
339.062	64.37	
339.273	157.76	
339.484	93.05	
339.695	14.4	
339.906	3.35	
340.116	38.98	
340.327	-13.86	
340.538	-4.44	
340.749	43.89	
340.96	33.25	
341.171	7.44	
341.381	-0.75	
341.592	32.43	
341.803	53.73	
342.014	72.57	
342.224	91.41	
342.435	74.61	
342.646	21.37	
342.857	14.4	
343.067	-8.12	
343.278	1.71	
343.489	7.44	
343.699	45.94	
343.91	43.89	
344.121	35.29	
344.331	-13.04	
344.542	-12.63	
344.753	42.67	
344.963	59.46	
345.174	89.77	
345.384	157.76	
345.595	210.19	
345.806	174.15	
346.016	152.85	
346.227	169.64	
346.437	150.8	
346.648	109.43	
346.858	104.92	
347.069	83.63	
347.279	86.08	
347.49	45.53	
347.7	71.34	
347.911	3.75	
348.121	23.82	
348.332	18.91	
348.542	-24.1	
348.753	-62.19	
348.963	21.37	
349.173	37.75	
349.384	68.88	
349.594	170.46	
349.805	216.74	
350.015	129.91	
350.225	121.72	
350.436	94.68	
350.646	87.72	
350.856	64.78	
351.067	123.77	
351.277	71.34	
351.487	32.02	
351.698	-29.01	
351.908	-31.88	
352.118	-26.56	
352.328	-3.21	
352.539	80.35	
352.749	79.53	
352.959	61.1	
353.169	54.95	
353.38	81.17	
353.59	61.1	
353.8	91	
354.01	104.92	
354.22	90.18	
354.431	179.88	
354.641	134.01	
354.851	131.96	
355.061	140.15	
355.271	199.95	
355.481	109.02	
355.691	139.74	
355.901	113.12	
356.111	130.32	
356.321	84.44	
356.532	98.37	
356.742	58.23	
356.952	60.69	
357.162	31.2	
357.372	23.01	
357.582	-8.53	
357.792	-40.89	
358.002	-81.03	
358.212	-16.73	
358.422	23.42	
358.632	34.88	
358.842	67.24	
359.051	157.35	
359.261	66.42	
359.471	32.84	
359.681	57.82	
359.891	34.06	
360.101	-46.22	
360.311	-28.6	
360.521	-60.96	
360.731	-53.59	
360.94	-22.05	
361.15	52.91	
361.36	88.13	
361.57	104.92	
361.78	99.6	
361.989	92.64	
362.199	78.3	
362.409	70.11	
362.619	70.52	
362.828	171.69	
363.038	200.36	
363.248	201.59	
363.458	219.61	
363.667	253.2	
363.877	150.8	
364.087	141.38	
364.296	97.55	
364.506	95.91	
364.716	78.3	
364.925	54.95	
365.135	2.94	
365.345	8.26	
365.554	-21.23	
365.764	61.1	
365.973	80.35	
366.183	171.69	
366.393	206.5	
366.602	229.85	
366.812	91.41	
367.021	136.46	
367.231	24.64	
367.44	-8.53	
367.65	-4.44	
367.859	66.83	
368.069	9.9	
368.278	81.58	
368.488	102.47	
368.697	31.61	
368.907	-27.37	
369.116	90.18	
369.326	46.76	
369.535	45.53	
369.744	124.99	
369.954	172.92	
370.163	59.46	
370.373	88.13	
370.582	52.5	
370.791	-9.35	
371.001	-58.91	
371.21	-54.82	
371.419	-69.56	
371.629	-66.7	
371.838	-54	
372.047	39.8	
372.256	12.36	
372.466	35.7	
372.675	4.57	
372.884	8.26	
373.093	-84.31	
373.303	2.53	
373.512	-4.03	
373.721	50.45	
373.93	7.44	
374.139	109.02	
374.349	40.21	
374.558	93.87	
374.767	49.63	
374.976	88.54	
375.185	74.61	
375.394	51.68	
375.603	10.31	
375.813	55.36	
376.022	56.18	
376.231	-12.63	
376.44	-11.4	
376.649	-2.39	
376.858	1.71	
377.067	-6.08	
377.276	29.97	
377.485	91	
377.694	84.44	
377.903	76.25	
378.112	61.1	
378.321	66.01	
378.53	32.02	
378.739	52.09	
378.948	41.03	
379.157	77.07	
379.366	113.53	
379.575	143.02	
379.784	73.8	
379.992	86.49	
380.201	138.51	
380.41	105.33	
380.619	61.1	
380.828	97.55	
381.037	52.91	
381.246	-55.23	
381.454	-148.2	
381.663	-78.98	
381.872	-87.58	
382.081	-1.16	
382.29	76.66	
382.498	184.8	
382.707	188.48	
382.916	227.39	
383.125	137.28	
383.333	83.63	
383.542	68.88	
383.751	26.28	
383.959	44.71	
384.168	63.96	
384.377	141.79	
384.585	118.85	
384.794	73.8	
385.003	6.62	
385.211	47.17	
385.42	-43.76	
385.628	-58.5	
385.837	-14.68	
386.046	70.52	
386.254	106.56	
386.463	147.52	
386.671	238.86	
386.88	219.2	
387.088	167.59	
387.297	141.79	
387.505	147.11	
387.714	35.7	
387.922	29.97	
388.131	41.44	
388.339	34.88	
388.548	-13.45	
388.756	25.87	
388.965	31.61	
389.173	-28.6	
389.381	-5.26	
389.59	68.47	
389.798	88.13	
390.007	111.07	
390.215	147.52	
390.423	195.85	
390.632	160.63	
390.84	220.02	
391.048	197.49	
391.257	197.08	
391.465	108.61	
391.673	110.66	
391.882	50.04	
392.09	45.12	
392.298	46.76	
392.506	30.79	
392.715	48.4	
392.923	98.78	
393.131	162.68	
393.339	168.41	
393.547	154.08	
393.756	144.65	
393.964	72.98	
394.172	15.22	
394.38	-25.74	
394.588	57.82	
394.796	45.94	
395.005	42.26	
395.213	45.94	
395.421	90.18	
395.629	23.42	
395.837	16.86	
396.045	41.85	
396.253	38.16	
396.461	18.91	
396.669	53.73	
396.877	95.5	
397.085	131.55	
397.293	139.33	
397.501	138.51	
397.709	136.46	
397.917	138.92	
398.125	151.62	
398.333	188.48	
398.541	156.94	
398.749	148.75	
398.957	108.2	
399.165	0.07	
399.373	-4.03	
399.581	28.33	
399.788	61.1	
399.996	19.73	
400.204	59.46	
400.412	15.63	
400.62	-40.48	
400.828	-50.31	
401.035	2.53	
401.243	39.8	
401.451	72.98	
401.659	99.19	
401.867	94.27	
402.074	90.18	
402.282	46.35	
402.49	-1.98	
402.697	111.48	
402.905	86.9	
403.113	112.3	
403.321	75.02	
403.528	106.15	
403.736	56.18	
403.944	54.54	
404.151	37.75	
404.359	79.94	
404.566	72.16	
404.774	47.99	
404.982	20.96	
405.189	-8.53	
405.397	-43.35	
405.604	-63.42	
405.812	-51.13	
406.02	-44.99	
406.227	-7.71	
406.435	24.64	
406.642	75.84	
406.85	59.05	
407.057	128.68	
407.265	143.43	
407.472	177.83	
407.679	142.2	
407.887	143.02	
408.094	93.87	
408.302	30.79	
408.509	29.97	
408.717	63.56	
408.924	47.58	
409.131	84.44	
409.339	128.68	
409.546	132.37	
409.753	122.95	
409.961	208.14	
410.168	179.47	
410.375	213.06	
410.583	204.05	
410.79	207.32	
410.997	169.64	
411.205	186.43	
411.412	181.93	
411.619	206.91	
411.826	210.6	
412.034	258.52	
412.241	294.16	
412.448	260.57	
412.655	207.32	
412.862	221.66	
413.07	170.46	
413.277	106.15	
413.484	103.7	
413.691	151.62	
413.898	109.84	
414.105	80.35	
414.312	90.18	
414.519	93.05	
414.727	88.54	
414.934	126.22	
415.141	173.74	
415.348	263.85	
415.555	264.67	
415.762	263.44	
415.969	231.9	
416.176	244.6	
416.383	217.56	
416.59	225.75	
416.797	231.9	
417.004	286.78	
417.211	275.32	
417.418	256.88	
417.625	295.79	
417.831	324.88	
418.038	362.97	
418.245	408.43	
418.452	412.94	
418.659	390.82	
418.866	384.68	
419.073	363.38	
419.28	311.77	
419.486	423.59	
419.693	437.51	
419.9	473.15	
420.107	536.64	
420.314	618.55	
420.52	594.39	
420.727	704.98	
420.934	715.22	
421.141	659.92	
421.347	661.15	
421.554	630.02	
421.761	561.21	
421.967	605.04	
422.174	694.74	
422.381	689.82	
422.588	681.63	
422.794	694.33	
423.001	783.62	
423.207	771.74	
423.414	816.39	
423.621	853.66	
423.827	950.33	
424.034	938.45	
424.24	973.67	
424.447	997.84	
424.654	1012.17	
424.86	983.91	
425.067	951.14	
425.273	970.4	
425.48	1046.99	
425.686	1189.53	
425.893	1298.07	
426.099	1343.95	
426.306	1410.71	
426.512	1450.03	
426.718	1479.93	
426.925	1436.92	
427.131	1427.5	
427.338	1474.2	
427.544	1486.07	
427.75	1447.16	
427.957	1491.81	
428.163	1585.61	
428.37	1616.73	
428.576	1677.35	
428.782	1731.83	
428.988	1868.63	
429.195	1964.48	
429.401	1996.02	
429.607	2023.87	
429.814	2173.78	
430.02	2167.23	
430.226	2179.52	
430.432	2246.28	
430.639	2352.77	
430.845	2412.58	
431.051	2549.38	
431.257	2628.84	
431.463	2693.56	
431.67	2716.9	
431.876	2703.39	
432.082	2707.48	
432.288	2854.12	
432.494	2919.65	
432.7	3056.87	
432.906	3164.59	
433.112	3264.12	
433.318	3354.64	
433.525	3498.82	
433.731	3559.44	
433.937	3683.95	
434.143	3775.29	
434.349	3815.02	
434.555	3942	
434.761	4103.38	
434.967	4269.67	
435.173	4510.51	
435.379	4737.84	
435.585	4926.25	
435.791	5060.6	
435.996	5197.4	
436.202	5263.35	
436.408	5321.92	
436.614	5355.92	
436.82	5455.45	
437.026	5476.75	
437.232	5568.09	
437.438	5655.74	
437.644	5728.24	
437.849	5877.74	
438.055	5984.64	
438.261	6110.8	
438.467	6280.37	
438.673	6437.24	
438.878	6490.49	
439.084	6688.32	
439.29	6928.76	
439.496	7042.62	
439.701	7235.95	
439.907	7384.63	
440.113	7549.7	
440.318	7600.49	
440.524	7751.22	
440.73	7926.12	
440.935	8168.19	
441.141	8277.96	
441.347	8523.71	
441.552	8698.2	
441.758	8882.93	
441.964	8995.98	
442.169	9270.4	
442.375	9438.75	
442.58	9725.46	
442.786	9948.69	
442.991	10174.38	
443.197	10334.12	
443.402	10573.73	
443.608	10770.75	
443.813	11044.35	
444.019	11301.17	
444.224	11550.2	
444.43	11733.7	
444.635	11959.39	
444.841	12142.47	
445.046	12494.32	
445.252	12711.4	
445.457	13019.42	
445.662	13206.19	
445.868	13368.39	
446.073	13523.63	
446.278	13841.47	
446.484	14118.36	
446.689	14494.36	
446.894	14858.08	
447.1	15202.14	
447.305	15590.44	
447.51	15968.08	
447.716	16315.83	
447.921	16709.85	
448.126	17148.12	
448.331	17409.85	
448.537	17764.97	
448.742	18140.57	
448.947	18446.53	
449.152	18747.17	
449.357	19283.74	
449.563	19738.39	
449.768	20160.27	
449.973	20613.69	
450.178	21112.99	
450.383	21453.77	
450.588	21973.54	
450.793	22485.54	
450.999	23222.81	
451.204	23761.01	
451.409	24427.83	
451.614	24825.14	
451.819	25457.14	
452.024	25778.67	
452.229	26300.9	
452.434	26752.68	
452.639	27304.82	
452.844	27766.02	
453.049	28319.79	
453.254	28762.15	
453.459	29293.39	
453.664	29907.38	
453.869	30536.51	
454.074	31121.82	
454.279	31772.67	
454.483	32264.18	
454.688	32764.29	
454.893	33313.97	
455.098	33803.02	
455.303	34226.13	
455.508	34806.53	
455.713	35169.84	
455.917	35457.37	
456.122	35896.86	
456.327	36425.24	
456.532	36848.35	
456.737	37250.16	
456.941	37661.8	
457.146	37952.21	
457.351	38094.74	
457.555	38273.33	
457.76	38603.46	
457.965	38571.92	
458.17	38855.36	
458.374	39032.71	
458.579	39135.11	
458.784	39082.68	
458.988	39251.03	
459.193	39135.52	
459.397	39249.8	
459.602	39340.32	
459.807	39404.63	
460.011	39304.68	
460.216	39252.26	
460.42	38900.01	
460.625	38722.65	
460.829	38598.95	
461.034	38465.02	
461.239	38199.6	
461.443	38158.64	
461.648	37987.84	
461.852	37648.7	
462.056	37522.95	
462.261	37340.27	
462.465	37104.35	
462.67	36681.65	
462.874	36341.27	
463.079	35841.57	
463.283	35642.1	
463.487	35332.85	
463.692	35066.62	
463.896	34876.16	
464.1	34731.57	
464.305	34262.18	
464.509	33940.24	
464.713	33672.36	
464.918	33375.41	
465.122	33142.35	
465.326	33016.6	
465.531	32706.54	
465.735	32596.36	
465.939	32438.25	
466.143	32273.6	
466.348	32009	
466.552	31736.21	
466.756	31393.79	
466.96	31302.86	
467.164	31091.92	
467.368	31005.09	
467.573	31089.87	
467.777	31105.85	
467.981	30991.57	
468.185	30926.44	
468.389	31112.4	
468.593	31126.74	
468.797	31152.54	
469.001	31236.1	
469.205	31347.51	
469.409	31310.23	
469.613	31427.79	
469.817	31428.2	
470.021	31327.85	
470.225	31380.68	
470.429	31324.98	
470.633	31343	
470.837	31434.34	
471.041	31608.42	
471.245	31688.7	
471.449	31795.6	
471.653	31796.83	
471.857	31947.56	
472.061	31877.93	
472.265	31965.17	
472.469	32048.32	
472.673	31999.58	
472.876	31918.89	
473.08	32009.41	
473.284	31864.41	
473.488	31803.38	
473.692	31922.58	
473.895	32015.55	
474.099	32065.11	
474.303	32121.64	
474.507	32220.76	
474.71	32255.17	
474.914	32099.93	
475.118	32045.04	
475.322	32179.8	
475.525	32040.54	
475.729	31985.65	
475.933	32120	
476.136	32266.23	
476.34	32204.79	
476.543	32283.43	
476.747	32399.75	
476.951	32368.21	
477.154	32253.94	
477.358	32289.57	
477.561	32255.17	
477.765	32070.85	
477.969	31849.67	
478.172	31748.5	
478.376	31572.37	
478.579	31533.87	
478.783	31420.41	
478.986	31447.45	
479.19	31443.35	
479.393	31397.07	
479.596	31311.05	
479.8	31440.89	
480.003	31476.12	
480.207	31379.05	
480.41	31409.36	
480.614	31471.61	
480.817	31449.09	
481.02	31544.93	
481.224	31673.54	
481.427	31652.65	
481.63	31626.03	
481.834	31528.14	
482.037	31398.3	
482.24	31313.92	
482.443	31327.03	
482.647	31282.38	
482.85	31316.38	
483.053	31376.59	
483.256	31391.33	
483.46	31534.28	
483.663	31701.81	
483.866	31903.33	
484.069	32073.31	
484.272	32290.8	
484.476	32426.38	
484.679	32596.77	
484.882	32822.04	
485.085	32942.87	
485.288	33059.61	
485.491	33150.13	
485.694	33123.51	
485.897	33069.85	
486.101	33164.87	
486.304	33264.41	
486.507	33334.45	
486.71	33591.67	
486.913	33861.18	
487.116	34062.29	
487.319	34232.69	
487.522	34469.43	
487.725	34575.92	
487.928	34607.46	
488.13	34669.72	
488.333	34770.48	
488.536	34838.06	
488.739	34911.38	
488.942	35154.68	
489.145	35372.99	
489.348	35550.35	
489.551	35793.24	
489.754	36063.57	
489.956	36141.39	
490.159	36161.46	
490.362	36206.93	
490.565	36157.78	
490.768	36073.81	
490.97	36202.42	
491.173	36345.78	
491.376	36534.19	
491.579	36628.81	
491.781	36819.68	
491.984	36849.17	
492.187	36985.56	
492.39	36977.37	
492.592	37145.31	
492.795	37177.66	
492.998	37301.77	
493.2	37280.88	
493.403	37393.52	
493.605	37527.87	
493.808	37679.01	
494.011	37708.09	
494.213	37848.58	
494.416	37975.14	
494.618	37978.42	
494.821	38020.61	
495.023	38162.33	
495.226	38212.71	
495.428	38240.97	
495.631	38246.7	
495.833	38377.77	
496.036	38336.81	
496.238	38497.38	
496.441	38630.08	
496.643	38812.35	
496.846	38869.29	
497.048	38957.76	
497.25	39028.62	
497.453	39124.05	
497.655	39162.56	
497.858	39223.18	
498.06	39418.14	
498.262	39363.26	
498.465	39345.23	
498.667	39417.32	
498.869	39463.2	
499.071	39427.97	
499.274	39483.68	
499.476	39506.61	
499.678	39456.23	
499.881	39415.27	
500.083	39403.4	
500.285	39437.8	
500.487	39432.07	
500.689	39473.03	
500.892	39612.29	
501.094	39672.91	
501.296	39892.45	
501.498	40150.91	
501.7	40258.22	
501.902	40372.09	
502.104	40546.98	
502.306	40442.95	
502.509	40411	
502.711	40443.36	
502.913	40524.05	
503.115	40478.58	
503.317	40685.83	
503.519	40760.38	
503.721	40958.21	
503.923	40917.26	
504.125	40964.36	
504.327	40904.56	
504.529	40844.35	
504.731	40827.96	
504.933	41017.2	
505.134	41194.14	
505.336	41377.64	
505.538	41548.44	
505.74	41614.38	
505.942	41527.14	
506.144	41456.69	
506.346	41252.71	
506.548	41308.01	
506.749	41386.65	
506.951	41543.52	
507.153	41695.89	
507.355	41861.78	
507.557	42008	
507.758	42098.11	
507.96	42022.34	
508.162	42084.6	
508.363	42385.24	
508.565	42515.08	
508.767	42653.52	
508.969	43074.18	
509.17	43221.22	
509.372	43282.25	
509.574	43382.19	
509.775	43407.18	
509.977	43318.7	
510.178	43298.63	
510.38	43253.99	
510.582	43194.6	
510.783	43149.13	
510.985	43186.81	
511.186	43356.8	
511.388	43503.43	
511.589	43616.89	
511.791	43729.12	
511.992	43855.68	
512.194	43926.54	
512.395	43917.94	
512.597	43992.08	
512.798	44131.34	
513	44175.98	
513.201	44223.09	
513.403	44435.26	
513.604	44527.41	
513.805	44439.35	
514.007	44443.45	
514.208	44482.36	
514.409	44508.57	
514.611	44655.21	
514.812	45022.61	
515.013	45279.84	
515.215	45541.98	
515.416	45673.46	
515.617	45797.56	
515.819	45846.72	
516.02	46019.97	
516.221	46129.34	
516.422	46380.83	
516.623	46556.95	
516.825	46762.16	
517.026	46914.94	
517.227	46969.41	
517.428	47014.88	
517.629	47144.72	
517.83	47302	
518.032	47305.69	
518.233	47543.25	
518.434	47594.45	
518.635	47685.38	
518.836	47743.95	
519.037	48042.14	
519.238	48246.94	
519.439	48512.76	
519.64	48553.31	
519.841	48700.77	
520.042	48500.06	
520.243	48420.6	
520.444	48391.52	
520.645	48532.42	
520.846	48627.45	
521.047	48978.47	
521.248	49161.97	
521.449	49437.21	
521.65	49694.44	
521.851	50000.82	
522.052	50073.31	
522.252	50261.32	
522.453	50231.01	
522.654	50162.2	
522.855	50008.19	
523.056	49967.64	
523.257	49870.16	
523.457	49860.73	
523.658	50015.97	
523.859	50012.28	
524.06	50104.85	
524.26	50147.86	
524.461	50400.99	
524.662	50289.58	
524.862	50273.61	
525.063	50264.59	
525.264	50264.18	
525.464	50066.76	
525.665	50048.74	
525.866	50121.65	
526.066	50084.78	
526.267	50088.06	
526.468	50035.22	
526.668	50081.1	
526.869	50101.17	
527.069	50011.87	
527.27	49974.19	
527.47	50053.24	
527.671	49977.88	
527.871	49886.13	
528.072	49913.16	
528.272	49852.54	
528.473	49736.63	
528.673	49764.07	
528.874	49669.45	
529.074	49647.75	
529.275	49750.55	
529.475	49669.04	
529.675	49529.37	
529.876	49548.62	
530.076	49492.1	
530.277	49370.45	
530.477	49271.33	
530.677	49228.73	
530.878	49021.89	
531.078	48883.03	
531.278	48722.88	
531.478	48801.53	
531.679	48781.05	
531.879	48897.78	
532.079	49007.55	
532.28	49073.5	
532.48	49033.36	
532.68	48984.2	
532.88	48995.67	
533.08	49107.08	
533.28	49055.47	
533.481	49024.34	
533.681	49156.23	
533.881	49123.06	
534.081	48960.45	
534.281	48998.54	
534.481	49002.64	
534.681	48934.23	
534.881	48991.17	
535.081	49012.06	
535.281	49167.7	
535.481	49361.44	
535.682	49514.22	
535.882	49472.03	
536.082	49467.12	
536.281	49290.17	
536.481	49131.25	
536.681	48938.33	
536.881	48861.74	
537.081	48794.97	
537.281	48825.69	
537.481	48670.05	
537.681	48609.02	
537.881	48368.99	
538.081	48351.38	
538.281	48196.56	
538.48	48325.99	
538.68	48309.19	
538.88	48473.44	
539.08	48415.69	
539.28	48425.93	
539.479	48311.24	
539.679	48394.39	
539.879	48642.19	
540.079	48796.2	
540.278	48979.29	
540.478	49138.21	
540.678	49327.03	
540.877	49430.25	
541.077	49540.43	
541.277	49574.84	
541.476	49862.78	
541.676	49753.01	
541.876	49657.99	
542.075	49699.76	
542.275	49696.08	
542.474	49456.88	
542.674	49391.75	
542.874	49272.15	
543.073	48982.98	
543.273	48693.39	
543.472	48422.24	
543.672	48252.26	
543.871	48008.96	
544.071	47983.98	
544.27	48036.4	
544.47	48068.76	
544.669	48077.36	
544.868	48234.65	
545.068	48287.49	
545.267	48292.4	
545.467	48510.3	
545.666	48657.35	
545.865	48697.08	
546.065	48665.95	
546.264	48729.85	
546.463	48632.77	
546.663	48578.3	
546.862	48526.69	
547.061	48545.12	
547.261	48457.06	
547.46	48376.37	
547.659	48227.68	
547.858	48150.27	
548.058	48021.25	
548.257	47981.11	
548.456	47925.81	
548.655	47971.69	
548.854	47936.46	
549.053	48038.04	
549.253	47905.74	
549.452	47842.67	
549.651	47881.17	
549.85	47959.4	
550.049	47856.18	
550.248	48101.94	
550.447	48207.61	
550.646	48119.55	
550.845	47979.47	
551.044	47877.48	
551.243	47559.64	
551.442	47331.08	
551.641	47240.15	
551.84	47072.22	
552.039	46843.67	
552.238	46714.65	
552.437	46551.63	
552.636	46360.76	
552.835	46389.43	
553.034	46544.66	
553.233	46706.45	
553.432	46782.23	
553.63	46875.62	
553.829	46886.26	
554.028	46815.81	
554.227	46820.32	
554.426	46899.78	
554.625	46897.73	
554.823	46813.77	
555.022	46713.83	
555.221	46573.74	
555.42	46364.85	
555.618	46091.65	
555.817	45935.19	
556.016	45922.9	
556.214	45877.44	
556.413	45933.96	
556.612	46146.13	
556.81	46305.05	
557.009	46328.4	
557.208	46332.08	
557.406	46318.98	
557.605	46177.26	
557.803	46079.37	
558.002	46091.24	
558.201	45952.39	
558.399	45930.27	
558.598	45818.86	
558.796	45849.17	
558.995	45606.69	
559.193	45649.7	
559.392	45468.25	
559.59	45503.07	
559.789	45419.1	
559.987	45514.13	
560.185	45455.96	
560.384	45392.89	
560.582	45251.99	
560.781	45125.42	
560.979	45162.28	
561.177	45077.5	
561.376	45020.16	
561.574	45094.29	
561.772	44900.14	
561.971	44727.71	
562.169	44629.4	
562.367	44565.51	
562.566	44463.11	
562.764	44566.33	
562.962	44508.16	
563.16	44401.67	
563.358	44511.03	
563.557	44406.99	
563.755	44403.31	
563.953	44404.95	
564.151	44480.31	
564.349	44418.46	
564.547	44340.23	
564.746	44182.95	
564.944	44021.98	
565.142	43919.58	
565.34	43808.58	
565.538	43847.9	
565.736	43788.1	
565.934	43765.98	
566.132	43601.73	
566.33	43478.85	
566.528	43443.22	
566.726	43462.88	
566.924	43467.39	
567.122	43558.73	
567.32	43536.61	
567.518	43522.27	
567.716	43495.65	
567.914	43437.49	
568.112	43418.64	
568.31	43478.44	
568.507	43523.91	
568.705	43351.47	
568.903	43388.74	
569.101	43299.04	
569.299	43252.76	
569.497	43102.03	
569.694	43214.26	
569.892	43071.31	
570.09	43011.1	
570.288	42944.74	
570.486	42971.78	
570.683	42952.53	
570.881	43011.1	
571.079	43050.83	
571.276	42873.07	
571.474	42667.04	
571.672	42385.65	
571.869	42100.98	
572.067	41850.31	
572.265	41706.54	
572.462	41584.89	
572.66	41686.06	
572.857	41718.01	
573.055	41833.52	
573.253	41863.83	
573.45	41447.27	
573.648	40851.72	
573.845	40387.65	
574.043	39867.88	
574.24	39508.66	
574.438	39670.86	
574.635	40141.07	
574.832	40583.44	
575.03	41013.51	
575.227	41401.8	
575.425	41613.56	
575.622	41467.34	
575.82	41291.62	
576.017	41206.43	
576.214	41086.01	
576.412	41077	
576.609	41041.77	
576.806	41032.35	
577.004	41053.24	
577.201	41106.9	
577.398	40979.1	
577.595	41081.09	
577.793	41056.93	
577.99	40855	
578.187	40606.37	
578.384	40512.99	
578.582	40318.02	
578.779	40266.82	
578.976	40218.9	
579.173	40281.98	
579.37	40134.93	
579.567	40050.15	
579.764	40016.15	
579.962	40104.62	
580.159	40181.62	
580.356	40500.29	
580.553	40665.76	
580.75	40657.16	
580.947	40569.92	
581.144	40455.64	
581.341	40212.34	
581.538	40078.82	
581.735	40002.22	
581.932	39932.59	
582.129	39738.44	
582.326	39650.38	
582.523	39508.25	
582.72	39375.54	
582.916	39216.62	
583.113	39070.4	
583.31	38947.11	
583.507	38868.88	
583.704	38843.07	
583.901	38727.98	
584.098	38784.5	
584.294	38668.18	
584.491	38435.12	
584.688	38360.57	
584.885	38274.97	
585.082	38405.22	
585.278	38574.38	
585.475	38681.69	
585.672	38655.07	
585.868	38861.91	
586.065	38728.39	
586.262	38596.5	
586.458	38702.99	
586.655	38733.71	
586.852	38539.15	
587.048	38449.86	
587.245	38374.5	
587.442	38354.43	
587.638	38275.38	
587.835	38197.55	
588.031	38069.76	
588.228	38018.56	
588.424	37828.51	
588.621	37808.44	
588.817	37824.41	
589.014	37853.08	
589.21	37877.25	
589.407	37757.24	
589.603	37638.87	
589.8	37642.14	
589.996	37659.76	
590.192	37554.08	
590.389	37612.24	
590.585	37564.73	
590.782	37357.07	
590.978	37248.93	
591.174	37226.82	
591.371	37160.87	
591.567	37094.93	
591.763	37212.89	
591.959	37218.21	
592.156	37129.74	
592.352	37198.55	
592.548	37272.69	
592.744	37257.53	
592.941	37151.45	
593.137	37201.83	
593.333	37040.45	
593.529	36991.71	
593.725	36820.09	
593.922	36881.12	
594.118	36790.6	
594.314	36673.04	
594.51	36532.14	
594.706	36528.46	
594.902	36439.99	
595.098	36397.39	
595.294	36528.05	
595.49	36566.14	
595.686	36625.94	
595.882	36503.47	
596.078	36574.33	
596.274	36548.94	
596.47	36549.76	
596.666	36492.82	
596.862	36536.65	
597.058	36440.81	
597.254	36459.24	
597.45	36335.95	
597.646	36208.97	
597.842	36063.16	
598.037	35955.44	
598.233	35779.72	
598.429	35787.09	
598.625	35751.05	
598.821	35703.95	
599.017	35704.77	
599.212	35853.45	
599.408	35881.3	
599.604	35932.91	
599.8	36052.1	
599.995	36172.93	
600.191	36170.88	
600.387	36152.45	
600.582	36417.87	
600.778	36594.4	
600.974	36648.47	
601.169	36551.4	
601.365	36561.64	
601.561	36276.97	
601.756	36005.41	
601.952	35796.51	
602.147	35783.82	
602.343	35795.29	
602.538	35798.15	
602.734	35908.74	
602.93	35991.48	
603.125	35927.17	
603.321	35939.46	
603.516	35996.4	
603.711	35976.33	
603.907	35968.13	
604.102	35982.06	
604.298	35912.02	
604.493	35940.69	
604.689	35954.21	
604.884	35921.44	
605.079	35976.74	
605.275	36045.55	
605.47	35995.99	
605.665	36032.85	
605.861	36084.87	
606.056	36160.23	
606.251	36031.62	
606.447	36044.73	
606.642	36014.42	
606.837	36032.44	
607.032	36032.85	
607.227	36082	
607.423	36227.82	
607.618	36289.26	
607.813	36355.2	
608.008	36495.69	
608.203	36770.53	
608.398	36902.83	
608.594	37008.09	
608.789	37194.87	
608.984	37438.98	
609.179	37659.76	
609.374	37851.86	
609.569	38225.81	
609.764	38525.64	
609.959	38788.19	
610.154	39088.01	
610.349	39532.83	
610.544	39902.69	
610.739	40368.4	
610.934	40599.41	
611.129	40751.78	
611.324	40762.84	
611.519	40733.76	
611.714	40583.03	
611.909	40597.77	
612.103	40795.2	
612.298	40977.06	
612.493	41210.93	
612.688	41502.15	
612.883	41558.27	
613.078	41538.61	
613.272	41530.42	
613.467	41501.75	
613.662	41363.71	
613.857	41549.67	
614.051	41610.7	
614.246	41583.25	
614.441	41634.04	
614.635	41591.86	
614.83	41407.13	
615.025	41256.81	
615.219	41251.89	
615.414	41006.14	
615.609	41099.52	
615.803	41062.66	
615.998	41239.2	
616.192	41397.71	
616.387	41584.48	
616.582	41575.06	
616.776	41712.28	
616.971	41579.16	
617.165	41457.1	
617.36	41357.16	
617.554	41356.34	
617.749	41479.22	
617.943	41585.71	
618.138	41635.68	
618.332	41869.15	
618.526	41959.67	
618.721	41897.41	
618.915	41801.98	
619.11	41801.98	
619.304	41627.08	
619.498	41557.86	
619.693	41495.19	
619.887	41493.14	
620.081	41267.46	
620.275	41235.51	
620.47	41094.2	
620.664	40966.41	
620.858	40902.51	
621.052	40936.1	
621.247	40930.77	
621.441	40866.06	
621.635	40886.13	
621.829	40826.33	
622.023	40831.24	
622.218	40786.19	
622.412	40827.55	
622.606	40869.33	
622.8	40969.27	
622.994	40950.84	
623.188	40907.42	
623.382	40862.37	
623.576	40691.98	
623.77	40574.83	
623.964	40485.54	
624.158	40502.34	
624.352	40472.85	
624.546	40594.9	
624.74	40473.26	
624.934	40453.19	
625.128	40281.16	
625.322	40261.5	
625.516	40168.52	
625.71	40242.65	
625.904	40305.73	
626.098	40365.12	
626.291	40304.5	
626.485	40320.48	
626.679	40345.46	
626.873	40310.24	
627.067	40283.61	
627.26	40232.41	
627.454	40078	
627.648	39842.07	
627.842	39643.42	
628.035	39593.86	
628.229	39528.73	
628.423	39492.69	
628.617	39572.56	
628.81	39628.26	
629.004	39516.03	
629.198	39434.94	
629.391	39293.63	
629.585	39205.15	
629.778	39102.75	
629.972	39045	
630.166	39092.92	
630.359	39086.37	
630.553	38985.61	
630.746	38950.8	
630.94	39008.96	
631.133	38895.09	
631.327	38925.4	
631.52	38945.06	
631.714	38964.72	
631.907	38964.31	
632.1	38996.67	
632.294	39042.95	
632.487	38984.79	
632.681	39013.46	
632.874	38936.46	
633.067	38935.64	
633.261	38863.55	
633.454	38906.97	
633.647	38785.32	
633.841	38595.68	
634.034	38457.24	
634.227	38222.95	
634.421	38119.32	
634.614	38109.49	
634.807	38211.07	
635	38192.64	
635.193	38304.87	
635.387	38271.28	
635.58	38318.79	
635.773	38325.76	
635.966	38355.25	
636.159	38326.98	
636.352	38229.5	
636.545	38085.73	
636.739	38020.61	
636.932	37939.1	
637.125	37858.41	
637.318	37934.59	
637.511	37957.94	
637.704	37882.58	
637.897	38063.21	
638.09	38106.21	
638.283	38174.62	
638.476	38215.98	
638.669	38258.58	
638.862	38123.42	
639.055	38071.4	
639.247	38088.6	
639.44	37980.47	
639.633	38013.24	
639.826	37958.76	
640.019	37953.84	
640.212	37780.18	
640.405	37719.56	
640.597	37524.59	
640.79	37335.36	
640.983	37209.2	
641.176	37137.93	
641.368	37174.39	
641.561	37246.48	
641.754	37390.24	
641.947	37511.07	
642.139	37575.79	
642.332	37466.84	
642.525	37417.69	
642.717	37362.39	
642.91	37102.3	
643.103	36911.02	
643.295	36744.72	
643.488	36519.04	
643.68	36286.39	
643.873	36240.51	
644.065	36106.58	
644.258	35986.98	
644.45	35932.5	
644.643	35882.94	
644.835	35850.99	
645.028	35734.67	
645.22	35693.71	
645.413	35682.24	
645.605	35671.59	
645.798	35691.25	
645.99	35873.11	
646.182	35948.88	
646.375	35978.78	
646.567	35924.72	
646.76	35848.94	
646.952	35646.6	
647.144	35526.59	
647.337	35442.63	
647.529	35376.27	
647.721	35235.37	
647.913	35142.39	
648.106	34926.13	
648.298	34763.52	
648.49	34740.58	
648.682	34654.57	
648.874	34660.3	
649.067	34912.2	
649.259	34883.53	
649.451	34841.34	
649.643	34909.33	
649.835	34947.43	
650.027	34667.26	
650.219	34585.75	
650.411	34430.93	
650.603	34239.65	
650.796	34148.31	
650.988	34173.29	
651.18	34173.7	
651.372	34163.87	
651.564	34109.4	
651.756	33876.34	
651.948	33794.42	
652.139	33697.35	
652.331	33570.37	
652.523	33491.32	
652.715	33449.95	
652.907	33313.97	
653.099	33165.69	
653.291	33090.33	
653.483	33000.22	
653.674	32967.04	
653.866	32906.83	
654.058	32720.06	
654.25	32661.48	
654.442	32559.49	
654.633	32480.85	
654.825	32550.07	
655.017	32706.95	
655.209	32655.75	
655.4	32618.89	
655.592	32487.82	
655.784	32298.17	
655.975	32080.68	
656.167	31941.01	
656.359	31918.07	
656.55	31840.25	
656.742	31741.54	
656.933	31863.19	
657.125	31723.92	
657.316	31517.9	
657.508	31409.36	
657.7	31234.87	
657.891	30925.22	
658.083	30860.09	
658.274	30735.98	
658.466	30600.82	
658.657	30521.77	
658.848	30374.72	
659.04	30198.19	
659.231	30046.64	
659.423	29897.54	
659.614	29683.33	
659.805	29693.16	
659.997	29593.63	
660.188	29536.69	
660.379	29526.04	
660.571	29576.01	
660.762	29437.16	
660.953	29455.18	
661.145	29470.34	
661.336	29310.6	
661.527	29368.35	
661.718	29367.12	
661.909	29274.14	
662.101	29238.92	
662.292	29240.56	
662.483	29041.08	
662.674	28887.08	
662.865	28830.14	
663.056	28595.86	
663.247	28437.75	
663.439	28370.58	
663.63	28286.61	
663.821	28196.91	
664.012	28237.05	
664.203	28305.86	
664.394	28162.51	
664.585	28161.69	
664.776	28058.88	
664.967	28048.23	
665.158	27904.46	
665.349	27920.44	
665.54	27768.07	
665.73	27622.25	
665.921	27295.81	
666.112	27058.65	
666.303	26685.92	
666.494	26548.3	
666.685	26232.09	
666.876	26175.98	
667.066	26160.82	
667.257	26301.31	
667.448	26250.11	
667.639	26436.48	
667.83	26454.09	
668.02	26352.92	
668.211	26178.84	
668.402	26080.13	
668.592	25858.54	
668.783	25620.57	
668.974	25557.08	
669.164	25488.27	
669.355	25410.04	
669.546	25408.4	
669.736	25445.26	
669.927	25422.32	
670.117	25369.49	
670.308	25333.85	
670.499	25208.52	
670.689	25066.8	
670.88	24997.57	
671.07	24942.28	
671.261	24773.94	
671.451	24792.37	
671.641	24670.72	
671.832	24551.94	
672.022	24451.18	
672.213	24363.11	
672.403	24269.32	
672.594	24311.1	
672.784	24267.27	
672.974	24161.59	
673.165	23971.54	
673.355	23852.35	
673.545	23777.4	
673.736	23695.89	
673.926	23519.76	
674.116	23509.11	
674.306	23267.04	
674.497	22992.2	
674.687	22787	
674.877	22675.59	
675.067	22596.13	
675.257	22671.08	
675.448	22623.98	
675.638	22583.02	
675.828	22459.73	
676.018	22354.47	
676.208	22182.44	
676.398	22041.95	
676.588	21915.79	
676.778	21828.14	
676.968	21770.8	
677.158	21708.13	
677.348	21618.84	
677.538	21449.67	
677.728	21397.25	
677.918	21283.79	
678.108	21227.26	
678.298	21187.53	
678.488	21189.58	
678.678	21208.83	
678.868	21086.36	
679.058	20927.85	
679.248	20873.78	
679.438	20749.27	
679.627	20608.78	
679.817	20523.58	
680.007	20435.52	
680.197	20347.05	
680.387	20236.46	
680.576	20206.97	
680.766	20086.14	
680.956	20005.04	
681.146	19907.96	
681.335	19771.16	
681.525	19625.34	
681.715	19607.32	
681.904	19553.66	
682.094	19471.34	
682.284	19439.8	
682.473	19249.75	
682.663	19170.69	
682.852	19025.29	
683.042	18970.4	
683.231	18846.3	
683.421	18804.52	
683.61	18692.29	
683.8	18570.23	
683.989	18450.22	
684.179	18344.54	
684.368	18115.99	
684.558	17919.39	
684.747	17739.16	
684.937	17476.2	
685.126	17405.75	
685.316	17375.85	
685.505	17327.93	
685.694	17359.88	
685.884	17464.33	
686.073	17421.32	
686.262	17450.4	
686.452	17454.5	
686.641	17475.39	
686.83	17344.73	
687.019	17284.92	
687.209	17202.6	
687.398	17198.5	
687.587	17085.04	
687.776	17005.17	
687.965	16949.06	
688.155	16849.94	
688.344	16629.57	
688.533	16520.21	
688.722	16435.02	
688.911	16355.15	
689.1	16309.68	
689.289	16272	
689.478	16212.61	
689.667	16163.46	
689.856	15920.57	
690.045	15813.25	
690.234	15714.13	
690.423	15635.49	
690.612	15476.16	
690.801	15521.62	
690.99	15349.59	
691.179	15264.81	
691.368	15134.15	
691.557	15164.87	
691.746	15118.99	
691.935	15069.02	
692.124	14948.6	
692.312	14890.44	
692.501	14700.39	
692.69	14582.42	
692.879	14567.27	
693.068	14515.25	
693.256	14455.04	
693.445	14487.81	
693.634	14436.2	
693.823	14360.43	
694.011	14301.03	
694.2	14226.08	
694.389	14099.51	
694.577	14030.7	
694.766	13962.71	
694.955	13927.48	
695.143	13854.99	
695.332	13848.02	
695.52	13804.61	
695.709	13776.75	
695.897	13694.43	
696.086	13574.41	
696.275	13462.19	
696.463	13282.78	
696.652	13146.39	
696.84	13028.43	
697.028	12968.63	
697.217	12900.63	
697.405	12932.17	
697.594	12872.78	
697.782	12866.64	
697.971	12819.53	
698.159	12794.96	
698.347	12724.1	
698.536	12690.1	
698.724	12673.72	
698.912	12563.13	
699.1	12406.25	
699.289	12332.94	
699.477	12229.31	
699.665	12082.67	
699.854	11986.01	
700.042	11914.74	
700.23	11829.55	
700.418	11742.3	
700.606	11664.89	
700.794	11682.09	
700.983	11664.07	
701.171	11647.69	
701.359	11559.21	
701.547	11526.86	
701.735	11435.93	
701.923	11291.75	
702.111	11096.78	
702.299	11001.35	
702.487	10955.06	
702.675	10878.47	
702.863	10835.46	
703.051	10824.81	
703.239	10876.83	
703.427	10789.18	
703.615	10749.04	
703.803	10697.02	
703.991	10631.89	
704.179	10538.51	
704.367	10461.09	
704.554	10408.66	
704.742	10313.23	
704.93	10315.69	
705.118	10240.32	
705.306	10202.23	
705.493	10123.18	
705.681	10127.68	
705.869	10098.19	
706.057	10029.79	
706.244	9969.58	
706.432	9897.08	
706.62	9833.19	
706.807	9663.2	
706.995	9652.96	
707.183	9522.71	
707.37	9505.51	
707.558	9465.37	
707.746	9496.91	
707.933	9479.3	
708.121	9530.91	
708.308	9449.4	
708.496	9384.68	
708.683	9233.13	
708.871	9180.7	
709.058	9020.96	
709.246	8973.45	
709.433	8824.36	
709.621	8864.91	
709.808	8762.51	
709.995	8804.7	
710.183	8754.73	
710.37	8758.82	
710.558	8656.83	
710.745	8615.87	
710.932	8484.8	
711.12	8449.99	
711.307	8411.49	
711.494	8352.91	
711.681	8295.98	
711.869	8237.82	
712.056	8218.57	
712.243	8150.16	
712.43	8021.14	
712.618	7921.61	
712.805	7846.25	
712.992	7698.38	
713.179	7618.1	
713.366	7589.43	
713.553	7520.62	
713.74	7483.76	
713.928	7392.42	
714.115	7360.47	
714.302	7314.59	
714.489	7284.69	
714.676	7229.81	
714.863	7276.5	
715.05	7220.39	
715.237	7141.74	
715.424	7036.07	
715.611	7012.31	
715.798	6917.7	
715.984	6869.37	
716.171	6830.86	
716.358	6809.15	
716.545	6724.37	
716.732	6675.63	
716.919	6579.37	
717.106	6517.93	
717.293	6495	
717.479	6456.49	
717.666	6350	
717.853	6345.49	
718.04	6338.12	
718.226	6319.28	
718.413	6224.66	
718.6	6237.36	
718.786	6184.93	
718.973	6124.31	
719.16	5951.47	
719.346	5946.55	
719.533	5856.03	
719.72	5837.6	
719.906	5794.18	
720.093	5844.97	
720.279	5731.92	
720.466	5727.83	
720.652	5683.59	
720.839	5643.86	
721.025	5627.48	
721.212	5663.93	
721.398	5602.08	
721.585	5608.64	
721.771	5568.5	
721.958	5453.4	
722.144	5425.14	
722.331	5311.68	
722.517	5176.51	
722.703	5140.06	
722.89	5045.03	
723.076	4969.26	
723.262	5044.62	
723.449	5004.08	
723.635	4921.75	
723.821	4913.96	
724.007	4854.98	
724.194	4748.08	
724.38	4665.34	
724.566	4613.32	
724.752	4623.56	
724.938	4654.28	
725.125	4651.41	
725.311	4691.96	
725.497	4675.99	
725.683	4577.69	
725.869	4419.58	
726.055	4345.04	
726.241	4265.17	
726.427	4220.11	
726.613	4177.11	
726.799	4259.84	
726.985	4209.87	
727.171	4244.28	
727.357	4253.29	
727.543	4324.97	
727.729	4212.33	
727.915	4203.73	
728.101	4107.06	
728.287	4042.35	
728.473	3949.78	
728.659	3898.58	
728.845	3833.46	
729.03	3780.21	
729.216	3751.13	
729.402	3672.08	
729.588	3614.73	
729.774	3588.93	
729.959	3585.24	
730.145	3604.49	
730.331	3634.39	
730.517	3679.04	
730.702	3687.23	
730.888	3674.53	
731.074	3535.27	
731.259	3475.88	
731.445	3441.88	
731.63	3375.94	
731.816	3297.3	
732.002	3393.55	
732.187	3411.98	
732.373	3374.3	
732.558	3393.14	
732.744	3438.2	
732.929	3352.18	
733.115	3241.59	
733.3	3154.76	
733.486	3061.37	
733.671	2937.67	
733.857	2865.59	
734.042	2865.59	
734.227	2865.18	
734.413	2919.24	
734.598	2966.35	
734.784	2942.59	
734.969	2936.45	
735.154	3004.03	
735.339	2947.91	
735.525	2927.84	
735.71	2965.53	
735.895	2866.81	
736.081	2742.3	
736.266	2709.94	
736.451	2636.21	
736.636	2631.3	
736.821	2643.18	
737.007	2613.28	
737.192	2615.73	
737.377	2594.84	
737.562	2505.14	
737.747	2509.65	
737.932	2524.8	
738.117	2436.74	
738.302	2499.82	
738.487	2465	
738.672	2426.91	
738.857	2453.53	
739.042	2484.66	
739.227	2458.86	
739.412	2424.45	
739.597	2399.88	
739.782	2373.25	
739.967	2297.89	
740.152	2207.78	
740.337	2253.65	
740.522	2249.15	
740.706	2214.33	
740.891	2308.13	
741.076	2349.91	
741.261	2361.38	
741.446	2379.4	
741.63	2382.68	
741.815	2325.33	
742	2233.99	
742.185	2159.04	
742.369	2119.31	
742.554	2047.22	
742.739	2018.55	
742.923	2045.58	
743.108	2064.42	
743.293	2082.44	
743.477	2079.17	
743.662	2123.81	
743.846	2100.06	
744.031	2055.82	
744.216	1997.66	
744.4	2031.65	
744.585	1952.19	
744.769	1967.76	
744.954	1951.37	
745.138	1927.62	
745.322	1917.38	
745.507	1875.19	
745.691	1818.66	
745.876	1796.55	
746.06	1809.65	
746.244	1804.33	
746.429	1828.09	
746.613	1809.65	
746.798	1845.7	
746.982	1798.59	
747.166	1764.6	
747.35	1715.86	
747.535	1718.31	
747.719	1708.48	
747.903	1771.97	
748.087	1708.89	
748.272	1709.71	
748.456	1724.46	
748.64	1674.08	
748.824	1640.49	
749.008	1647.45	
749.192	1642.13	
749.376	1612.23	
749.56	1600.76	
749.745	1549.56	
749.929	1597.07	
750.113	1592.16	
750.297	1531.95	
750.481	1565.95	
750.665	1600.35	
750.849	1548.33	
751.033	1553.25	
751.217	1536.45	
751.4	1481.98	
751.584	1416.85	
751.768	1428.32	
751.952	1390.23	
752.136	1454.13	
752.32	1408.25	
752.504	1454.95	
752.688	1424.23	
752.871	1404.97	
753.055	1358.69	
753.239	1398.42	
753.423	1402.52	
753.606	1375.48	
753.79	1421.36	
753.974	1422.18	
754.157	1396.37	
754.341	1313.64	
754.525	1293.16	
754.708	1239.09	
754.892	1215.33	
755.076	1249.74	
755.259	1288.65	
755.443	1279.23	
755.626	1267.35	
755.81	1297.25	
755.993	1269.4	
756.177	1221.48	
756.36	1242.37	
756.544	1233.36	
756.727	1199.36	
756.911	1210.42	
757.094	1237.86	
757.278	1208.78	
757.461	1188.3	
757.644	1176.42	
757.828	1109.25	
758.011	1102.69	
758.195	1121.54	
758.378	1118.26	
758.561	1083.85	
758.744	1076.48	
758.928	1109.66	
759.111	1110.48	
759.294	1138.33	
759.477	1168.23	
759.661	1170.28	
759.844	1135.87	
760.027	1094.91	
760.21	1074.43	
760.393	1069.93	
760.576	1060.51	
760.76	1010.54	
760.943	990.88	
761.126	1023.23	
761.309	1035.11	
761.492	1052.72	
761.675	1051.5	
761.858	1064.6	
762.041	990.47	
762.224	906.5	
762.407	885.61	
762.59	928.21	
762.773	883.97	
762.956	888.07	
763.139	942.13	
763.321	960.57	
763.504	891.75	
763.687	942.95	
763.87	972.03	
764.053	971.62	
764.236	1001.12	
764.418	1019.55	
764.601	999.48	
764.784	1011.36	
764.967	1046.58	
765.149	997.02	
765.332	1014.22	
765.515	1031.02	
765.697	973.67	
765.88	929.44	
766.063	939.68	
766.245	922.47	
766.428	873.32	
766.611	899.54	
766.793	911.82	
766.976	932.3	
767.158	887.66	
767.341	956.06	
767.523	958.93	
767.706	985.14	
767.888	951.14	
768.071	1080.99	
768.253	1028.15	
768.436	1068.29	
768.618	1065.83	
768.8	1147.34	
768.983	1123.17	
769.165	1139.15	
769.348	1068.29	
769.53	1003.57	
769.712	918.38	
769.895	853.25	
770.077	882.33	
770.259	903.22	
770.441	912.64	
770.624	956.88	
770.806	995.38	
770.988	944.59	
771.17	921.24	
771.352	988.42	
771.535	996.61	
771.717	966.71	
771.899	956.47	
772.081	1028.15	
772.263	942.95	
772.445	900.76	
772.627	858.17	
772.809	872.91	
772.991	810.24	
773.173	869.64	
773.355	865.13	
773.537	861.85	
773.719	832.77	
773.901	894.21	
774.083	810.65	
774.265	758.23	
774.447	737.34	
774.629	771.33	
774.811	744.71	
774.992	793.04	
775.174	779.53	
775.356	838.92	
775.538	790.17	
775.72	715.22	
775.901	699.24	
776.083	718.5	
776.265	686.55	
776.447	742.66	
776.628	793.45	
776.81	773.79	
776.992	818.85	
777.173	804.1	
777.355	763.55	
777.537	772.56	
777.718	777.89	
777.9	756.18	
778.081	764.37	
778.263	801.23	
778.444	757.82	
778.626	741.02	
778.807	677.54	
778.989	641.08	
779.17	566.95	
779.352	500.59	
779.533	448.16	
779.715	501.82	
779.896	458.4	
780.078	499.36	
780.259	550.56	
780.44	571.45	
780.622	528.44	
780.803	671.8	
780.984	642.31	
781.166	626.75	
781.347	634.53	
781.528	677.95	
781.709	593.16	
781.891	621.01	
782.072	642.31	
782.253	656.65	
782.434	623.47	
782.615	605.86	
782.796	574.73	
782.978	594.39	
783.159	605.86	
783.34	653.78	
783.521	641.49	
783.702	657.47	
783.883	638.22	
784.064	652.96	
784.245	573.5	
784.426	636.99	
784.607	608.31	
784.788	607.91	
784.969	551.38	
785.15	580.05	
785.331	457.99	
785.512	507.96	
785.692	488.71	
785.873	513.29	
786.054	467.82	
786.235	504.69	
786.416	480.52	
786.597	482.98	
786.777	425.23	
786.958	437.51	
787.139	458.81	
787.32	469.87	
787.5	484.62	
787.681	488.3	
787.862	498.13	
788.042	493.22	
788.223	469.46	
788.404	389.18	
788.584	427.27	
788.765	446.94	
788.946	423.18	
789.126	422.77	
789.307	483.8	
789.487	509.19	
789.668	463.32	
789.848	442.43	
790.029	396.56	
790.209	368.29	
790.39	285.56	
790.57	261.39	
790.75	341.26	
790.931	319.55	
791.111	293.75	
791.292	371.16	
791.472	392.46	
791.652	374.85	
791.833	410.07	
792.013	444.48	
792.193	365.84	
792.373	387.54	
792.554	366.25	
792.734	363.79	
792.914	320.37	
793.094	361.74	
793.275	392.46	
793.455	372.39	
793.635	398.6	
793.815	432.19	
793.995	396.56	
794.175	374.85	
794.355	417.44	
794.535	421.95	
794.715	416.22	
794.896	419.49	
795.076	360.1	
795.256	385.5	
795.436	331.43	
795.616	353.55	
795.795	382.22	
795.975	382.63	
796.155	369.93	
796.335	388.36	
796.515	408.43	
796.695	430.14	
796.875	538.27	
797.055	509.6	
797.234	517.39	
797.414	491.17	
797.594	440.79	
797.774	369.52	
797.954	303.17	
798.133	303.58	
798.313	273.68	
798.493	298.66	
798.672	251.97	
798.852	280.23	
799.032	227.8	
799.211	221.66	
799.391	195.44	
799.571	217.15	
799.75	215.51	
799.93	294.57	
800.109	287.19	
800.289	290.06	
800.468	268.35	
800.648	278.59	
800.827	220.43	
801.007	225.34	
801.186	185.61	
801.366	220.02	
801.545	219.61	
801.725	284.33	
801.904	239.27	
802.083	294.16	
802.263	277.36	
802.442	331.02	
802.621	258.93	
802.801	380.99	
802.98	404.34	
803.159	370.34	
803.338	274.09	
803.518	318.73	
803.697	214.7	
803.876	208.96	
804.055	240.09	
804.235	294.57	
804.414	245.41	
804.593	274.5	
804.772	229.85	
804.951	218.79	
805.13	145.47	
805.309	183.16	
805.488	209.78	
805.667	248.69	
805.846	287.19	
806.025	344.95	
806.204	366.25	
806.383	312.59	
806.562	258.52	
806.741	242.96	
806.92	279.82	
807.099	235.18	
807.278	188.07	
807.457	198.72	
807.636	208.14	
807.814	173.33	
807.993	170.05	
808.172	231.9	
808.351	247.05	
808.53	243.78	
808.708	215.92	
808.887	226.16	
809.066	294.98	
809.244	278.59	
809.423	250.33	
809.602	247.05	
809.78	254.84	
809.959	173.74	
810.138	204.87	
810.316	216.33	
810.495	238.04	
810.673	157.35	
810.852	158.58	
811.03	175.37	
811.209	195.44	
811.388	190.53	
811.566	271.22	
811.744	296.2	
811.923	263.85	
812.101	248.69	
812.28	331.02	
812.458	341.67	
812.637	303.17	
812.815	304.81	
812.993	328.15	
813.172	302.76	
813.35	217.15	
813.528	248.69	
813.706	233.54	
813.885	195.03	
814.063	108.61	
814.241	198.31	
814.419	223.71	
814.598	296.2	
814.776	293.34	
814.954	287.19	
815.132	238.86	
815.31	224.53	
815.488	100.42	
815.666	76.66	
815.844	66.83	
816.022	66.01	
816.201	27.92	
816.379	134.82	
816.557	173.33	
816.735	194.63	
816.913	165.13	
817.09	201.18	
817.268	111.48	
817.446	94.27	
817.624	69.29	
817.802	197.08	
817.98	135.64	
818.158	147.52	
818.336	100.01	
818.514	154.49	
818.691	92.64	
818.869	170.87	
819.047	222.48	
819.225	258.93	
819.402	242.55	
819.58	283.92	
819.758	271.63	
819.935	240.09	
820.113	232.72	
820.291	209.37	
820.468	122.13	
820.646	129.91	
820.824	155.3	
821.001	232.72	
821.179	293.34	
821.356	317.91	
821.534	260.57	
821.711	203.23	
821.889	204.46	
822.066	179.88	
822.244	168	
822.421	222.89	
822.599	250.74	
822.776	162.68	
822.953	85.67	
823.131	69.7	
823.308	49.22	
823.486	75.84	
823.663	62.74	
823.84	110.66	
824.017	64.37	
824.195	50.04	
824.372	33.25	
824.549	72.57	
824.726	79.12	
824.904	89.77	
825.081	99.6	
825.258	44.71	
825.435	36.11	
825.612	65.6	
825.789	38.98	
825.967	53.32	
826.144	116.39	
826.321	140.15	
826.498	108.61	
826.675	169.64	
826.852	108.2	
827.029	114.75	
827.206	119.67	
827.383	79.12	
827.56	137.28	
827.737	162.27	
827.914	156.94	
828.09	128.27	
828.267	167.59	
828.444	132.37	
828.621	98.78	
828.798	140.97	
828.975	91.82	
829.151	71.34	
829.328	41.03	
829.505	138.51	
829.682	62.33	
829.858	92.23	
830.035	136.87	
830.212	145.47	
830.389	79.53	
830.565	54.95	
830.742	132.37	
830.918	131.55	
831.095	127.04	
831.272	139.74	
831.448	139.33	
831.625	136.87	
831.801	134.42	
831.978	132.37	
832.154	73.8	
832.331	129.5	
832.507	52.91	
832.684	56.18	
832.86	92.23	
833.037	247.87	
833.213	186.43	
833.389	222.07	
833.566	161.45	
833.742	102.06	
833.918	-27.37	
834.095	-49.9	
834.271	-100.69	
834.447	-27.37	
834.624	23.82	
834.8	51.68	
834.976	127.45	
835.152	137.28	
835.328	108.2	
835.505	97.96	
835.681	100.42	
835.857	10.72	
836.033	66.83	
836.209	136.87	
836.385	143.43	
836.561	149.57	
836.737	214.7	
836.913	167.18	
837.089	118.85	
837.265	130.32	
837.441	152.44	
837.617	161.86	
837.793	168.41	
837.969	165.95	
838.145	122.13	
838.321	108.2	
838.497	75.84	
838.673	121.72	
838.849	61.1	
839.025	120.08	
839.2	119.26	
839.376	179.47	
839.552	136.87	
839.728	199.13	
839.903	160.63	
840.079	196.26	
840.255	131.14	
840.431	219.61	
840.606	144.65	
840.782	214.7	
840.958	106.97	
841.133	125.4	
841.309	52.09	
841.484	113.12	
841.66	-5.26	
841.835	9.9	
842.011	-4.03	
842.186	27.92	
842.362	-13.45	
842.537	77.48	
842.713	75.84	
842.888	96.32	
843.064	23.01	
843.239	31.2	
843.415	-8.94	
843.59	71.34	
843.765	72.98	
843.941	128.68	
844.116	204.05	
844.291	165.95	
844.467	128.27	
844.642	144.65	
844.817	159.4	
844.992	84.03	
845.168	100.83	
845.343	114.34	
845.518	94.27	
845.693	76.25	
845.868	78.71	
846.043	48.4	
846.219	20.14	
846.394	62.74	
846.569	53.73	
846.744	42.26	
846.919	62.74	
847.094	154.49	
847.269	113.94	
847.444	99.6	
847.619	115.57	
847.794	222.89	
847.969	176.19	
848.144	214.7	
848.319	206.91	
848.494	216.74	
848.668	169.23	
848.843	171.69	
849.018	149.16	
849.193	150.39	
849.368	154.89	
849.542	176.19	
849.717	174.56	
849.892	150.8	
850.067	160.63	
850.241	199.95	
850.416	138.92	
850.591	148.75	
850.765	126.22	
850.94	170.87	
851.115	93.87	
851.289	130.73	
851.464	63.15	
851.639	91	
851.813	26.69	
851.988	79.12	
852.162	1.3	
852.337	14.81	
852.511	33.25	
852.686	108.61	
852.86	89.36	
853.035	136.46	
853.209	129.09	
853.383	147.93	
853.558	53.73	
853.732	60.69	
853.906	11.54	
854.081	31.2	
854.255	-4.85	
854.429	32.02	
854.604	23.01	
854.778	104.92	
854.952	110.66	
855.126	140.97	
855.301	131.55	
855.475	122.54	
855.649	72.57	
855.823	43.08	
855.997	7.44	
856.171	22.6	
856.345	6.62	
856.52	32.02	
856.694	68.88	
856.868	122.13	
857.042	128.27	
857.216	199.13	
857.39	185.2	
857.564	140.15	
857.738	92.64	
857.912	67.65	
858.085	13.18	
858.259	17.68	
858.433	46.76	
858.607	19.32	
858.781	25.05	
858.955	18.5	
859.129	-8.94	
859.302	13.58	
859.476	4.98	
859.65	104.51	
859.824	76.25	
859.997	97.96	
860.171	89.36	
860.345	157.76	
860.519	94.27	
860.692	129.09	
860.866	161.45	
861.039	173.74	
861.213	159.81	
861.387	100.42	
861.56	85.67	
861.734	114.34	
861.907	69.29	
862.081	51.68	
862.254	116.39	
862.428	149.98	
862.601	80.76	
862.775	119.26	
862.948	240.09	
863.122	221.66	
863.295	197.49	
863.468	195.44	
863.642	135.64	
863.815	36.11	
863.988	45.53	
864.162	55.36	
864.335	28.33	
864.508	81.99	
864.682	91.82	
864.855	78.71	
865.028	52.5	
865.201	126.22	
865.374	77.89	
865.548	123.77	
865.721	120.08	
865.894	212.24	
866.067	194.22	
866.24	243.37	
866.413	208.96	
866.586	197.08	
866.759	98.37	
866.932	64.78	
867.105	46.35	
867.278	-55.23	
867.451	-62.6	
867.624	-17.13	
867.797	13.99	
867.97	22.19	
868.143	74.61	
868.316	109.84	
868.489	48.4	
868.661	45.53	
868.834	67.65	
869.007	119.26	
869.18	102.06	
869.353	143.02	
869.525	175.78	
869.698	115.98	
869.871	72.16	
870.044	81.17	
870.216	104.11	
870.389	34.88	
870.562	43.08	
870.734	84.44	
870.907	59.05	
871.079	55.77	
871.252	56.59	
871.425	129.5	
871.597	86.9	
871.77	190.94	
871.942	159.81	
872.115	161.04	
872.287	127.45	
872.459	125.81	
872.632	49.22	
872.804	77.89	
872.977	56.59	
873.149	82.4	
873.321	59.05	
873.494	61.92	
873.666	72.16	
873.838	80.35	
874.011	9.08	
874.183	60.28	
874.355	31.2	
874.528	1.3	
874.7	29.15	
874.872	136.87	
875.044	148.34	
875.216	182.34	
875.388	237.22	
875.561	258.52	
875.733	145.88	
875.905	111.48	
876.077	56.18	
876.249	87.31	
876.421	58.23	
876.593	54.54	
876.765	100.42	
876.937	164.72	
877.109	72.98	
877.281	69.7	
877.453	90.18	
877.625	68.88	
877.797	16.45	
877.968	-11.4	
878.14	-4.85	
878.312	30.38	
878.484	-32.29	
878.656	2.12	
878.828	18.5	
878.999	85.26	
879.171	29.56	
879.343	34.06	
879.515	27.51	
879.686	29.15	
879.858	-23.28	
880.03	16.86	
880.201	48.81	
880.373	17.27	
880.545	38.98	
880.716	68.88	
880.888	157.76	
881.059	144.65	
881.231	148.34	
881.402	185.2	
881.574	151.21	
881.745	78.71	
881.917	118.03	
882.088	147.11	
882.26	104.11	
882.431	144.25	
882.602	74.2	
882.774	69.29	
882.945	32.43	
883.116	-24.1	
883.288	-68.74	
883.459	-32.29	
883.63	-29.01	
883.802	-24.1	
883.973	27.1	
884.144	77.07	
884.315	102.47	
884.487	123.36	
884.658	188.07	
884.829	252.79	
885	198.72	
885.171	194.22	
885.342	100.01	
885.513	66.83	
885.684	21.78	
885.855	54.13	
886.026	28.33	
886.197	106.97	
886.368	53.73	
886.539	88.13	
886.71	47.58	
886.881	89.77	
887.052	108.2	
887.223	149.57	
887.394	76.25	
887.565	155.71	
887.736	88.54	
887.907	86.08	
888.077	72.57	
888.248	83.63	
888.419	12.36	
888.59	20.55	
888.761	36.52	
888.931	61.92	
889.102	109.02	
889.273	97.14	
889.443	97.14	
889.614	12.77	
889.785	-3.21	
889.955	-28.19	
890.126	-27.78	
890.296	38.98	
890.467	71.75	
890.637	199.95	
890.808	223.3	
890.978	265.08	
891.149	245.82	
891.319	324.47	
891.49	240.91	
891.66	242.55	
891.831	223.71	
892.001	217.56	
892.172	109.02	
892.342	86.08	
892.512	56.59	
892.683	100.83	
892.853	85.67	
893.023	121.31	
893.193	91.82	
893.364	100.42	
893.534	72.57	
893.704	122.95	
893.874	126.63	
894.044	165.95	
894.215	157.35	
894.385	183.98	
894.555	128.68	
894.725	194.22	
894.895	127.86	
895.065	148.75	
895.235	137.28	
895.405	229.85	
895.575	140.15	
895.745	209.58	
895.915	235.18	
