177.618	-99.16	
177.836	-114	
178.054	-124.14	
178.271	-109.6	
178.489	-76.63	
178.706	-60.24	
178.924	-38.33	
179.142	6.72	
179.359	12.66	
179.577	-6.18	
179.794	2.83	
180.012	5.09	
180.229	-24.4	
180.447	-18.67	
180.664	-1.67	
180.882	-1.47	
181.1	17.37	
181.317	35.4	
181.535	33.55	
181.752	20.04	
181.969	16.55	
182.187	32.12	
182.404	27.41	
182.622	27	
182.839	29.05	
183.057	38.67	
183.274	16.14	
183.492	16.96	
183.709	25.36	
183.926	36.01	
184.144	30.07	
184.361	29.05	
184.579	37.03	
184.796	25.16	
185.013	22.9	
185.231	3.86	
185.448	25.98	
185.666	30.07	
185.883	20.45	
186.1	19.01	
186.317	44.82	
186.535	30.69	
186.752	28.43	
186.969	45.23	
187.187	62.63	
187.404	44.2	
187.621	52.6	
187.839	58.33	
188.056	51.98	
188.273	27.61	
188.49	47.48	
188.708	47.89	
188.925	62.22	
189.142	66.52	
189.359	75.13	
189.576	55.47	
189.794	26.38	
190.011	15.94	
190.228	11.02	
190.445	14.3	
190.662	34.99	
190.879	49.12	
191.097	31.71	
191.314	43.18	
191.531	44.61	
191.748	14.3	
191.965	15.74	
192.182	15.12	
192.399	8.36	
192.616	8.57	
192.834	30.28	
193.051	19.42	
193.268	21.06	
193.485	25.36	
193.702	19.42	
193.919	15.12	
194.136	24.34	
194.353	28.64	
194.57	31.71	
194.787	28.84	
195.004	47.89	
195.221	48.91	
195.438	56.29	
195.655	40.93	
195.872	51.78	
196.089	24.13	
196.306	31.09	
196.523	28.43	
196.74	44.41	
196.957	17.78	
197.173	33.14	
197.39	29.46	
197.607	33.96	
197.824	30.89	
198.041	54.44	
198.258	62.02	
198.475	71.24	
198.692	58.74	
198.909	46.05	
199.125	28.64	
199.342	32.53	
199.559	20.65	
199.776	40.52	
199.993	59.15	
200.21	66.52	
200.426	52.8	
200.643	62.02	
200.86	47.07	
201.077	47.68	
201.293	41.54	
201.51	37.44	
201.727	13.07	
201.944	8.36	
202.16	14.3	
202.377	16.35	
202.594	10.62	
202.811	28.64	
203.027	27.2	
203.244	5.29	
203.461	14.51	
203.677	33.96	
203.894	32.94	
204.111	36.01	
204.327	32.53	
204.544	37.85	
204.761	35.6	
204.977	23.72	
205.194	17.78	
205.41	39.08	
205.627	32.32	
205.844	20.45	
206.06	22.29	
206.277	41.33	
206.493	35.6	
206.71	39.08	
206.926	45.84	
207.143	63.66	
207.36	26.59	
207.576	42.15	
207.793	36.01	
208.009	35.81	
208.226	28.84	
208.442	38.06	
208.659	24.75	
208.875	23.31	
209.092	11.02	
209.308	4.27	
209.524	15.74	
209.741	14.71	
209.957	30.48	
210.174	46.45	
210.39	49.53	
210.607	37.24	
210.823	26.79	
211.039	7.13	
211.256	3.04	
211.472	-7	
211.688	8.77	
211.905	19.22	
212.121	7.95	
212.338	5.5	
212.554	10.82	
212.77	7.54	
212.987	4.27	
213.203	31.09	
213.419	33.55	
213.635	28.84	
213.852	25.77	
214.068	3.65	
214.284	-2.49	
214.501	-5.56	
214.717	8.36	
214.933	23.52	
215.149	23.31	
215.365	13.07	
215.582	2.83	
215.798	-3.72	
216.014	-5.15	
216.23	13.69	
216.447	17.78	
216.663	27.41	
216.879	24.13	
217.095	26.79	
217.311	30.28	
217.527	32.32	
217.743	32.73	
217.96	34.37	
218.176	26.18	
218.392	23.11	
218.608	36.62	
218.824	35.6	
219.04	35.6	
219.256	41.95	
219.472	30.69	
219.688	16.35	
219.904	28.64	
220.12	37.65	
220.336	24.95	
220.552	35.4	
220.768	33.96	
220.984	28.02	
221.2	13.07	
221.416	22.9	
221.632	8.57	
221.848	5.9	
222.064	-4.54	
222.28	1.19	
222.496	-4.54	
222.712	14.3	
222.928	10.21	
223.144	34.99	
223.36	32.73	
223.576	39.49	
223.792	23.72	
224.008	53.01	
224.224	26.38	
224.439	45.02	
224.655	40.52	
224.871	54.44	
225.087	43.38	
225.303	59.56	
225.519	38.47	
225.734	43.59	
225.95	35.4	
226.166	36.42	
226.382	24.34	
226.598	38.67	
226.813	38.06	
227.029	45.64	
227.245	28.64	
227.461	32.12	
227.677	27.61	
227.892	25.77	
228.108	12.46	
228.324	37.03	
228.539	23.93	
228.755	22.7	
228.971	23.72	
229.186	47.27	
229.402	28.23	
229.618	45.23	
229.833	41.54	
230.049	51.78	
230.265	24.95	
230.48	46.05	
230.696	48.5	
230.912	58.54	
231.127	47.27	
231.343	54.85	
231.558	37.85	
231.774	38.47	
231.99	46.25	
232.205	45.23	
232.421	36.21	
232.636	35.19	
232.852	21.47	
233.067	12.25	
233.283	15.74	
233.498	34.58	
233.714	27.41	
233.929	49.94	
234.145	38.67	
234.36	42.77	
234.576	36.01	
234.791	48.3	
235.007	34.17	
235.222	46.05	
235.438	31.09	
235.653	48.3	
235.868	50.35	
236.084	63.25	
236.299	76.15	
236.515	71.44	
236.73	49.94	
236.945	42.56	
237.161	32.94	
237.376	11.64	
237.592	26.79	
237.807	33.96	
238.022	38.88	
238.238	37.24	
238.453	34.58	
238.668	38.88	
238.883	34.37	
239.099	40.52	
239.314	35.19	
239.529	51.17	
239.745	48.09	
239.96	57.51	
240.175	55.06	
240.39	75.33	
240.605	72.46	
240.821	64.07	
241.036	61.2	
241.251	72.46	
241.466	45.23	
241.681	33.14	
241.897	46.86	
242.112	54.24	
242.327	40.11	
242.542	60.38	
242.757	88.64	
242.972	85.37	
243.188	73.49	
243.403	77.58	
243.618	73.49	
243.833	47.27	
244.048	43.59	
244.263	55.47	
244.478	43.79	
244.693	32.73	
244.908	39.08	
245.123	38.47	
245.338	40.11	
245.553	46.45	
245.768	48.71	
245.983	37.24	
246.198	29.46	
246.413	18.81	
246.628	18.4	
246.843	20.04	
247.058	31.5	
247.273	38.06	
247.488	31.09	
247.703	46.05	
247.918	37.24	
248.133	38.47	
248.348	20.65	
248.563	46.45	
248.778	23.93	
248.993	39.49	
249.207	51.98	
249.422	69.6	
249.637	37.03	
249.852	42.97	
250.067	25.36	
250.282	11.43	
250.496	5.5	
250.711	45.84	
250.926	35.4	
251.141	45.02	
251.356	44	
251.57	68.78	
251.785	42.36	
252	51.57	
252.215	48.91	
252.43	50.14	
252.644	42.56	
252.859	42.97	
253.074	45.64	
253.288	47.89	
253.503	51.17	
253.718	62.22	
253.932	86.8	
254.147	89.67	
254.362	88.64	
254.576	93.97	
254.791	61	
255.006	36.62	
255.22	39.7	
255.435	36.62	
255.65	29.05	
255.864	32.53	
256.079	29.87	
256.293	16.14	
256.508	24.95	
256.723	51.57	
256.937	45.84	
257.152	32.12	
257.366	36.01	
257.581	27.61	
257.795	-6.18	
258.01	21.88	
258.224	46.05	
258.439	55.06	
258.653	60.59	
258.868	83.52	
259.082	67.14	
259.297	47.27	
259.511	24.34	
259.726	13.48	
259.94	-16.01	
260.154	-25.43	
260.369	-15.19	
260.583	-5.36	
260.798	-1.47	
261.012	15.12	
261.226	26.18	
261.441	34.37	
261.655	32.12	
261.869	53.21	
262.084	47.27	
262.298	42.15	
262.512	28.43	
262.727	29.05	
262.941	26.79	
263.155	23.93	
263.37	29.25	
263.584	39.49	
263.798	40.72	
264.012	45.64	
264.227	53.21	
264.441	74.31	
264.655	59.15	
264.869	88.03	
265.084	49.12	
265.298	52.8	
265.512	12.05	
265.726	38.06	
265.94	11.43	
266.155	47.68	
266.369	56.49	
266.583	85.57	
266.797	80.45	
267.011	100.32	
267.225	97.65	
267.439	89.46	
267.654	75.95	
267.868	65.91	
268.082	29.46	
268.296	4.68	
268.51	-11.5	
268.724	-0.03	
268.938	-14.78	
269.152	13.48	
269.366	25.57	
269.58	37.85	
269.794	21.26	
270.008	55.67	
270.222	44.41	
270.436	41.95	
270.65	27.2	
270.864	39.49	
271.078	19.83	
271.292	27.2	
271.506	35.81	
271.72	44.41	
271.934	47.48	
272.148	45.84	
272.362	37.24	
272.575	36.83	
272.789	51.78	
273.003	51.37	
273.217	52.39	
273.431	51.78	
273.645	41.54	
273.859	46.05	
274.073	47.68	
274.286	46.66	
274.5	52.19	
274.714	55.67	
274.928	37.44	
275.142	32.12	
275.355	23.52	
275.569	26.18	
275.783	30.28	
275.997	32.53	
276.21	42.56	
276.424	75.33	
276.638	66.52	
276.852	81.88	
277.065	69.19	
277.279	60.79	
277.493	44.41	
277.706	71.44	
277.92	62.43	
278.134	63.86	
278.347	65.09	
278.561	57.1	
278.775	43.18	
278.988	34.99	
279.202	59.36	
279.415	63.66	
279.629	63.04	
279.843	59.36	
280.056	86.39	
280.27	75.74	
280.483	62.22	
280.697	75.95	
280.91	86.59	
281.124	80.86	
281.337	80.04	
281.551	93.76	
281.764	82.91	
281.978	73.49	
282.191	46.86	
282.405	49.32	
282.618	20.45	
282.832	10	
283.045	-5.97	
283.259	6.93	
283.472	-2.29	
283.686	12.87	
283.899	11.43	
284.112	22.08	
284.326	9.8	
284.539	13.89	
284.752	23.52	
284.966	35.6	
285.179	36.42	
285.393	51.57	
285.606	34.17	
285.819	50.76	
286.033	45.43	
286.246	63.66	
286.459	48.5	
286.672	77.58	
286.886	47.68	
287.099	57.1	
287.312	26.79	
287.525	33.35	
287.739	20.65	
287.952	31.5	
288.165	44.61	
288.378	58.33	
288.592	55.26	
288.805	47.07	
289.018	52.39	
289.231	34.58	
289.444	35.81	
289.657	32.12	
289.871	38.06	
290.084	23.93	
290.297	40.31	
290.51	35.6	
290.723	35.81	
290.936	55.47	
291.149	54.65	
291.362	53.83	
291.575	39.49	
291.789	51.98	
292.002	40.52	
292.215	49.32	
292.428	30.48	
292.641	54.65	
292.854	50.14	
293.067	38.67	
293.28	18.6	
293.493	11.02	
293.706	-5.97	
293.919	14.71	
294.132	11.02	
294.345	31.91	
294.558	42.15	
294.77	46.25	
294.983	19.63	
295.196	44.2	
295.409	54.65	
295.622	54.24	
295.835	55.26	
296.048	74.31	
296.261	72.46	
296.474	66.12	
296.686	67.34	
296.899	72.05	
297.112	54.65	
297.325	46.86	
297.538	50.76	
297.751	65.91	
297.963	71.03	
298.176	73.9	
298.389	68.16	
298.602	62.02	
298.814	101.34	
299.027	100.93	
299.24	96.43	
299.453	116.29	
299.665	106.05	
299.878	36.01	
300.091	36.21	
300.303	40.72	
300.516	3.04	
300.729	6.72	
300.941	28.43	
301.154	16.14	
301.367	13.69	
301.579	37.24	
301.792	50.55	
302.005	38.67	
302.217	23.72	
302.43	36.83	
302.642	18.19	
302.855	-2.49	
303.067	0.17	
303.28	23.93	
303.493	0.79	
303.705	37.03	
303.918	48.5	
304.13	59.15	
304.343	52.19	
304.555	68.57	
304.768	42.77	
304.98	53.01	
305.193	38.88	
305.405	53.21	
305.617	43.79	
305.83	41.95	
306.042	23.52	
306.255	33.96	
306.467	7.13	
306.68	1.6	
306.892	-0.65	
307.104	7.95	
307.317	3.65	
307.529	35.81	
307.741	39.7	
307.954	61.81	
308.166	63.86	
308.378	65.3	
308.591	58.13	
308.803	63.45	
309.015	66.32	
309.228	83.93	
309.44	87.21	
309.652	82.5	
309.864	81.27	
310.077	59.56	
310.289	45.23	
310.501	42.97	
310.713	39.49	
310.926	50.14	
311.138	34.99	
311.35	38.88	
311.562	27.41	
311.774	40.93	
311.986	32.32	
312.199	58.95	
312.411	33.14	
312.623	34.58	
312.835	14.3	
313.047	14.92	
313.259	7.95	
313.471	10.82	
313.683	18.6	
313.895	31.91	
314.108	14.51	
314.32	17.99	
314.532	17.99	
314.744	34.37	
314.956	28.43	
315.168	44.2	
315.38	30.48	
315.592	53.62	
315.804	33.76	
316.016	65.3	
316.228	61.61	
316.44	71.85	
316.651	65.09	
316.863	68.57	
317.075	35.19	
317.287	20.65	
317.499	15.94	
317.711	-4.13	
317.923	-0.03	
318.135	-8.23	
318.347	8.77	
318.559	22.7	
318.77	45.02	
318.982	41.13	
319.194	49.94	
319.406	52.8	
319.618	36.21	
319.83	22.08	
320.041	14.71	
320.253	13.07	
320.465	8.77	
320.677	16.35	
320.888	23.72	
321.1	25.77	
321.312	45.64	
321.524	46.86	
321.735	44.2	
321.947	25.98	
322.159	22.9	
322.37	3.04	
322.582	2.42	
322.794	16.96	
323.005	39.7	
323.217	56.9	
323.429	53.62	
323.64	66.52	
323.852	45.84	
324.063	31.91	
324.275	35.6	
324.487	48.09	
324.698	33.35	
324.91	35.19	
325.121	39.29	
325.333	19.42	
325.544	12.25	
325.756	20.45	
325.967	25.36	
326.179	34.58	
326.39	37.85	
326.602	35.4	
326.813	27.2	
327.025	25.98	
327.236	13.69	
327.448	15.94	
327.659	9.18	
327.871	26.18	
328.082	40.11	
328.293	49.73	
328.505	54.03	
328.716	71.24	
328.928	52.6	
329.139	45.84	
329.35	47.07	
329.562	61	
329.773	63.86	
329.984	69.8	
330.196	56.49	
330.407	66.12	
330.618	41.74	
330.83	41.95	
331.041	36.42	
331.252	55.67	
331.463	33.96	
331.675	54.24	
331.886	56.08	
332.097	58.13	
332.308	53.01	
332.52	70.83	
332.731	64.48	
332.942	67.34	
333.153	66.73	
333.364	60.38	
333.575	49.32	
333.787	48.5	
333.998	25.36	
334.209	36.21	
334.42	32.32	
334.631	35.19	
334.842	36.83	
335.053	54.24	
335.264	57.92	
335.475	76.76	
335.686	74.31	
335.898	88.85	
336.109	66.12	
336.32	46.25	
336.531	26.79	
336.742	25.77	
336.953	-10.89	
337.164	2.63	
337.375	7.75	
337.586	18.4	
337.797	12.05	
338.007	41.13	
338.218	25.16	
338.429	18.6	
338.64	19.63	
338.851	33.35	
339.062	23.52	
339.273	47.89	
339.484	62.22	
339.695	57.92	
339.906	54.03	
340.116	58.54	
340.327	55.06	
340.538	41.95	
340.749	35.4	
340.96	40.93	
341.171	22.9	
341.381	27.2	
341.592	35.6	
341.803	35.4	
342.014	19.42	
342.224	35.6	
342.435	27.41	
342.646	15.33	
342.857	19.63	
343.067	21.26	
343.278	26.38	
343.489	27.82	
343.699	30.28	
343.91	24.75	
344.121	29.87	
344.331	17.37	
344.542	11.84	
344.753	32.73	
344.963	43.18	
345.174	58.74	
345.384	60.38	
345.595	82.7	
345.806	68.37	
346.016	60.38	
346.227	62.02	
346.437	73.49	
346.648	41.33	
346.858	44.41	
347.069	46.86	
347.279	42.56	
347.49	33.96	
347.7	41.95	
347.911	40.11	
348.121	31.71	
348.332	30.28	
348.542	22.49	
348.753	20.24	
348.963	21.06	
349.173	30.48	
349.384	27.2	
349.594	35.81	
349.805	47.07	
350.015	49.32	
350.225	60.59	
350.436	64.07	
350.646	71.24	
350.856	73.69	
351.067	69.6	
351.277	37.44	
351.487	25.57	
351.698	3.04	
351.908	-1.26	
352.118	4.27	
352.328	22.49	
352.539	38.47	
352.749	52.39	
352.959	48.71	
353.169	46.25	
353.38	38.06	
353.59	35.6	
353.8	31.71	
354.01	28.23	
354.22	30.69	
354.431	55.47	
354.641	49.73	
354.851	55.88	
355.061	65.71	
355.271	83.32	
355.481	79.63	
355.691	68.78	
355.901	59.97	
356.111	62.22	
356.321	42.97	
356.532	24.34	
356.742	21.47	
356.952	27.61	
357.162	22.9	
357.372	12.25	
357.582	7.54	
357.792	10.21	
358.002	-2.7	
358.212	7.95	
358.422	25.77	
358.632	33.55	
358.842	38.26	
359.051	54.24	
359.261	37.85	
359.471	26.38	
359.681	31.71	
359.891	29.66	
360.101	17.58	
360.311	31.71	
360.521	34.17	
360.731	34.99	
360.94	44	
361.15	63.66	
361.36	51.57	
361.57	52.6	
361.78	51.98	
361.989	40.72	
362.199	42.15	
362.409	35.6	
362.619	20.45	
362.828	46.66	
363.038	53.21	
363.248	41.74	
363.458	54.85	
363.667	79.84	
363.877	55.88	
364.087	60.79	
364.296	59.15	
364.506	62.02	
364.716	48.09	
364.925	39.29	
365.135	33.76	
365.345	35.19	
365.554	31.5	
365.764	52.39	
365.973	54.65	
366.183	72.05	
366.393	75.74	
366.602	83.11	
366.812	65.71	
367.021	78.2	
367.231	48.3	
367.44	42.97	
367.65	44.2	
367.859	49.94	
368.069	28.02	
368.278	41.95	
368.488	40.11	
368.697	23.72	
368.907	11.84	
369.116	56.69	
369.326	56.9	
369.535	51.57	
369.744	71.24	
369.954	79.84	
370.163	49.32	
370.373	47.89	
370.582	50.14	
370.791	32.53	
371.001	14.92	
371.21	18.81	
371.419	12.46	
371.629	25.57	
371.838	26.59	
372.047	57.1	
372.256	32.94	
372.466	39.49	
372.675	15.74	
372.884	14.3	
373.093	-18.67	
373.303	18.81	
373.512	16.96	
373.721	38.26	
373.93	11.43	
374.139	42.15	
374.349	21.06	
374.558	27.61	
374.767	4.68	
374.976	30.28	
375.185	29.05	
375.394	23.31	
375.603	16.96	
375.813	36.42	
376.022	36.42	
376.231	29.05	
376.44	37.44	
376.649	60.38	
376.858	45.64	
377.067	40.31	
377.276	48.3	
377.485	54.85	
377.694	40.31	
377.903	62.02	
378.112	63.86	
378.321	57.51	
378.53	49.53	
378.739	43.59	
378.948	35.81	
379.157	24.34	
379.366	36.01	
379.575	35.19	
379.784	24.13	
379.992	19.22	
380.201	51.17	
380.41	35.19	
380.619	24.95	
380.828	32.73	
381.037	29.05	
381.246	9.39	
381.454	0.79	
381.663	19.01	
381.872	19.83	
382.081	32.12	
382.29	39.7	
382.498	43.79	
382.707	34.99	
382.916	38.88	
383.125	25.36	
383.333	31.91	
383.542	38.88	
383.751	44.41	
383.959	61	
384.168	64.48	
384.377	62.63	
384.585	68.78	
384.794	65.91	
385.003	59.77	
385.211	71.24	
385.42	50.76	
385.628	46.86	
385.837	51.98	
386.046	67.75	
386.254	65.5	
386.463	73.69	
386.671	82.5	
386.88	79.43	
387.088	58.13	
387.297	54.85	
387.505	59.56	
387.714	39.49	
387.922	38.47	
388.131	46.05	
388.339	44.82	
388.548	35.19	
388.756	44.61	
388.965	42.97	
389.173	22.29	
389.381	32.73	
389.59	58.33	
389.798	66.32	
390.007	73.69	
390.215	76.15	
390.423	100.52	
390.632	75.95	
390.84	73.08	
391.048	61.2	
391.257	75.54	
391.465	40.31	
391.673	66.12	
391.882	68.78	
392.09	73.28	
392.298	71.64	
392.506	74.1	
392.715	65.5	
392.923	75.13	
393.131	77.58	
393.339	75.33	
393.547	75.54	
393.756	70.42	
393.964	53.62	
394.172	48.71	
394.38	25.77	
394.588	25.16	
394.796	23.72	
395.005	24.75	
395.213	27.82	
395.421	54.24	
395.629	41.13	
395.837	39.29	
396.045	39.49	
396.253	51.78	
396.461	41.33	
396.669	60.38	
396.877	70.21	
397.085	80.66	
397.293	64.07	
397.501	66.32	
397.709	64.48	
397.917	66.12	
398.125	44.2	
398.333	66.93	
398.541	44.82	
398.749	53.01	
398.957	44.2	
399.165	43.59	
399.373	31.09	
399.581	46.45	
399.788	36.42	
399.996	32.94	
400.204	41.13	
400.412	39.29	
400.62	25.36	
400.828	33.14	
401.035	50.96	
401.243	48.71	
401.451	59.56	
401.659	79.02	
401.867	72.05	
402.074	57.92	
402.282	56.9	
402.49	31.09	
402.697	50.76	
402.905	41.33	
403.113	44.61	
403.321	36.83	
403.528	40.52	
403.736	25.36	
403.944	36.42	
404.151	27.2	
404.359	38.88	
404.566	50.55	
404.774	59.97	
404.982	57.31	
405.189	73.69	
405.397	66.12	
405.604	62.02	
405.812	54.65	
406.02	53.42	
406.227	56.29	
406.435	68.16	
406.642	81.07	
406.85	86.39	
407.057	104.62	
407.265	94.17	
407.472	103.18	
407.679	107.07	
407.887	108.92	
408.094	97.24	
408.302	101.55	
408.509	93.35	
408.717	97.86	
408.924	94.79	
409.131	108.3	
409.339	116.09	
409.546	136.97	
409.753	132.26	
409.961	143.12	
410.168	133.49	
410.375	142.3	
410.583	130.83	
410.79	125.92	
410.997	123.46	
411.205	138.82	
411.412	129.4	
411.619	146.4	
411.826	164.62	
412.034	179.37	
412.241	186.13	
412.448	194.93	
412.655	190.22	
412.862	182.24	
413.07	181.21	
413.277	172.4	
413.484	173.43	
413.691	186.54	
413.898	195.96	
414.105	206.2	
414.312	221.56	
414.519	231.18	
414.727	234.05	
414.934	241.42	
415.141	252.69	
415.348	262.52	
415.555	267.64	
415.762	278.08	
415.969	283.81	
416.176	296.1	
416.383	302.45	
416.59	320.88	
416.797	325.59	
417.004	341.98	
417.211	329.07	
417.418	355.49	
417.625	369.21	
417.831	390.51	
418.038	428.2	
418.245	466.08	
418.452	463.83	
418.659	465.67	
418.866	473.25	
419.073	468.75	
419.28	466.7	
419.486	504.38	
419.693	525.88	
419.9	549.03	
420.107	562.34	
420.314	599.61	
420.52	603.09	
420.727	658.39	
420.934	685.01	
421.141	710.82	
421.347	724.54	
421.554	754.03	
421.761	745.84	
421.967	765.91	
422.174	798.67	
422.381	823.25	
422.588	835.13	
422.794	869.74	
423.001	924.42	
423.207	950.22	
423.414	991.8	
423.621	1022.93	
423.827	1058.36	
424.034	1072.28	
424.24	1118.36	
424.447	1143.55	
424.654	1190.25	
424.86	1209.29	
425.067	1237.96	
425.273	1254.96	
425.48	1293.26	
425.686	1346.1	
425.893	1393.81	
426.099	1430.47	
426.306	1488.84	
426.512	1543.32	
426.718	1594.1	
426.925	1652.88	
427.131	1716.57	
427.338	1767.77	
427.544	1805.46	
427.75	1837.2	
427.957	1889.42	
428.163	1942.87	
428.37	1992.23	
428.576	2071.9	
428.782	2123.71	
428.988	2193.75	
429.195	2256.42	
429.401	2321.75	
429.607	2361.07	
429.814	2453.02	
430.02	2513.23	
430.226	2584.3	
430.432	2643.07	
430.639	2737.9	
430.845	2821.45	
431.051	2918.73	
431.257	3011.09	
431.463	3134.18	
431.67	3220.4	
431.876	3301.09	
432.082	3382.6	
432.288	3476.6	
432.494	3538.65	
432.7	3657.02	
432.906	3739.35	
433.112	3830.08	
433.318	3944.76	
433.525	4086.07	
433.731	4164.72	
433.937	4289.23	
434.143	4395.73	
434.349	4495.46	
434.555	4594.38	
434.761	4734.66	
434.967	4864.1	
435.173	5016.87	
435.379	5157.98	
435.585	5315.26	
435.791	5448.59	
435.996	5618.36	
436.202	5760.29	
436.408	5890.33	
436.614	6047.21	
436.82	6207.36	
437.026	6324.91	
437.232	6488.14	
437.438	6666.72	
437.644	6788.98	
437.849	6952.21	
438.055	7134.27	
438.261	7307.53	
438.467	7462.76	
438.673	7638.48	
438.878	7788.39	
439.084	7947.31	
439.29	8111.15	
439.496	8290.96	
439.701	8492.48	
439.907	8664.92	
440.113	8822.41	
440.318	8990.75	
440.524	9163.81	
440.73	9330.31	
440.935	9525.89	
441.141	9740.11	
441.347	9972.14	
441.552	10243.09	
441.758	10473.89	
441.964	10735.62	
442.169	10969.91	
442.375	11192.32	
442.58	11435.21	
442.786	11689.16	
442.991	11891.29	
443.197	12153.43	
443.402	12433.39	
443.608	12625.49	
443.813	12852.61	
444.019	13067.44	
444.224	13289.24	
444.43	13551.38	
444.635	13817	
444.841	14081.8	
445.046	14455.55	
445.252	14722.2	
445.457	15009.53	
445.662	15236.03	
445.868	15502.68	
446.073	15762.77	
446.278	16131	
446.484	16416.48	
446.689	16917.21	
446.894	17338.27	
447.1	17764.05	
447.305	18162.17	
447.51	18584.26	
447.716	18938.97	
447.921	19380.51	
448.126	19835.98	
448.331	20207.27	
448.537	20648	
448.742	21092	
448.947	21542.34	
449.152	21972.83	
449.357	22508.17	
449.563	23055.38	
449.768	23557.96	
449.973	23971.24	
450.178	24522.14	
450.383	25051.33	
450.588	25570.29	
450.793	26174.24	
450.999	26912.73	
451.204	27449.51	
451.409	28120.42	
451.614	28656.78	
451.819	29375.62	
452.024	29906.25	
452.229	30600.51	
452.434	31095.09	
452.639	31805.13	
452.844	32363.81	
453.049	32976.56	
453.254	33569.25	
453.459	34226.44	
453.664	34817.07	
453.869	35340.74	
454.074	36006.33	
454.279	36606.59	
454.483	37133.53	
454.688	37594.32	
454.893	38011.49	
455.098	38409.41	
455.303	38755.73	
455.508	39388.75	
455.713	39937.81	
455.917	40500.8	
456.122	40982.89	
456.327	41571.68	
456.532	41900.79	
456.737	42288.68	
456.941	42715.68	
457.146	43082.67	
457.351	43368.78	
457.555	43586.27	
457.76	43861.72	
457.965	43925.21	
458.17	44263.53	
458.374	44551.89	
458.579	44949.6	
458.784	45086.41	
458.988	45280.76	
459.193	45220.75	
459.397	45187.37	
459.602	45003.67	
459.807	44966.81	
460.011	44845.36	
460.216	44735.18	
460.42	44373.51	
460.625	44205.17	
460.829	43990.13	
461.034	43829.16	
461.239	43566.81	
461.443	43471.99	
461.648	43250.61	
461.852	43020.62	
462.056	42801.9	
462.261	42627.62	
462.465	42414.01	
462.67	42122.18	
462.874	41679.61	
463.079	41329.61	
463.283	40993.95	
463.487	40549.13	
463.692	40046.77	
463.896	39793.43	
464.1	39521.46	
464.305	39123.54	
464.509	38882.7	
464.713	38734.22	
464.918	38454.27	
465.122	38036.89	
465.326	37741.37	
465.531	37322.35	
465.735	37183.09	
465.939	36891.26	
466.143	36631.57	
466.348	36496.41	
466.552	36350.59	
466.756	35953.9	
466.96	35965.57	
467.164	35952.06	
467.368	35874.44	
467.573	35945.91	
467.777	36082.31	
467.981	35986.87	
468.185	35920.93	
468.389	35928.51	
468.593	35810.75	
468.797	35706.51	
469.001	35705.48	
469.205	35757.5	
469.409	35708.55	
469.613	35891.03	
469.817	35979.09	
470.021	35944.27	
470.225	35929.53	
470.429	35906.18	
470.633	35803.37	
470.837	35765.49	
471.041	35682.75	
471.245	35723.71	
471.449	35671.08	
471.653	35597.96	
471.857	35597.96	
472.061	35703.02	
472.265	35843.31	
472.469	36063.47	
472.673	36230.79	
472.876	36344.24	
473.08	36462	
473.284	36308.2	
473.488	36195.15	
473.692	36160.75	
473.895	36079.44	
474.099	35956.15	
474.303	36010.83	
474.507	36100.13	
474.71	36063.06	
474.914	36055.48	
475.118	36128.39	
475.322	36169.76	
475.525	36142.31	
475.729	36178.97	
475.933	36093.37	
476.136	36049.13	
476.34	36032.95	
476.543	35952.26	
476.747	35893.08	
476.951	35961.48	
477.154	35921.13	
477.358	35833.28	
477.561	35687.46	
477.765	35525.47	
477.969	35400.95	
478.172	35295.48	
478.376	35182.64	
478.579	35242.64	
478.783	35188.98	
478.986	35170.76	
479.19	35187.76	
479.393	35073.48	
479.596	34913.74	
479.8	34877.49	
480.003	34643.41	
480.207	34419.36	
480.41	34409.94	
480.614	34403.79	
480.817	34401.34	
481.02	34489.6	
481.224	34510.7	
481.427	34521.96	
481.63	34472.4	
481.834	34356.48	
482.037	34343.58	
482.24	34410.14	
482.443	34391.51	
482.647	34454.99	
482.85	34525.65	
483.053	34502.71	
483.256	34376.55	
483.46	34392.53	
483.663	34350.14	
483.866	34426.73	
484.069	34535.89	
484.272	34727.58	
484.476	34716.11	
484.679	34685.8	
484.882	34744.57	
485.085	34710.37	
485.288	34672.28	
485.491	34763.21	
485.694	34865.2	
485.897	34697.68	
486.101	34586.06	
486.304	34498	
486.507	34279.69	
486.71	34184.46	
486.913	34239.96	
487.116	34274.36	
487.319	34312.86	
487.522	34430.83	
487.725	34438.81	
487.928	34489.19	
488.13	34530.15	
488.333	34527.49	
488.536	34493.08	
488.739	34394.37	
488.942	34158.86	
489.145	33946.28	
489.348	33627.41	
489.551	33426.5	
489.754	33262.87	
489.956	33156.78	
490.159	32996.84	
490.362	32880.51	
490.565	32638.03	
490.768	32352.75	
490.97	32053.13	
491.173	31780.14	
491.376	31487.69	
491.579	31158.38	
491.781	30889.48	
491.984	30536.61	
492.187	30161.43	
492.39	29758.59	
492.592	29439.93	
492.795	28951.28	
492.998	28542.1	
493.2	28109.98	
493.403	27716.97	
493.605	27254.95	
493.808	26868.91	
494.011	26516.86	
494.213	26139.01	
494.416	25826.69	
494.618	25412.19	
494.821	25069.97	
495.023	24553.27	
495.226	24083.26	
495.428	23531.33	
495.631	23029.58	
495.833	22553.43	
496.036	22115.78	
496.238	21684.27	
496.441	21274.06	
496.643	20826.37	
496.846	20379.71	
497.048	19952.71	
497.25	19562.16	
497.453	19138.44	
497.655	18788.65	
497.858	18355.7	
498.06	17969.87	
498.262	17556.79	
498.465	17097.64	
498.667	16684.36	
498.869	16268.21	
499.071	15857.39	
499.274	15395.37	
499.476	15092.88	
499.678	14687.79	
499.881	14360.94	
500.083	14060.5	
500.285	13800.61	
500.487	13439.35	
500.689	13167.38	
500.892	12842.78	
501.094	12472.51	
501.296	12154.87	
501.498	11851.56	
501.7	11490.91	
501.902	11234.71	
502.104	10985.68	
502.306	10670.91	
502.509	10418.6	
502.711	10191.68	
502.913	9894.32	
503.115	9608.83	
503.317	9385.81	
503.519	9132.68	
503.721	8885.69	
503.923	8650.18	
504.125	8418.14	
504.327	8150.47	
504.529	7900.41	
504.731	7646.88	
504.933	7455.6	
505.134	7286.23	
505.336	7149.83	
505.538	6998.08	
505.74	6898.96	
505.942	6733.28	
506.144	6579.88	
506.346	6416.87	
506.548	6260.61	
506.749	6089.81	
506.951	5947.88	
507.153	5797.56	
507.355	5624.92	
507.557	5490.77	
507.758	5344.75	
507.96	5196.28	
508.162	5057.63	
508.363	4943.35	
508.565	4789.55	
508.767	4667.08	
508.969	4560.79	
509.17	4452.25	
509.372	4361.93	
509.574	4258.1	
509.775	4173.11	
509.977	4068.26	
510.178	3986.95	
510.38	3897.86	
510.582	3848.1	
510.783	3734.23	
510.985	3659.69	
511.186	3571.21	
511.388	3489.5	
511.589	3403.08	
511.791	3334.06	
511.992	3264.43	
512.194	3192.54	
512.395	3116.97	
512.597	3056.15	
512.798	3001.47	
513	2939.21	
513.201	2885.14	
513.403	2847.46	
513.604	2768.21	
513.805	2710.86	
514.007	2637.75	
514.208	2560.13	
514.409	2492.75	
514.611	2463.26	
514.812	2418	
515.013	2381.55	
515.215	2351.85	
515.416	2302.7	
515.617	2239.42	
515.819	2203.99	
516.02	2150.54	
516.221	2116.75	
516.422	2094.42	
516.623	2066.98	
516.825	2022.54	
517.026	2002.47	
517.227	1951.68	
517.428	1892.08	
517.629	1859.11	
517.83	1818.97	
518.032	1801.15	
518.233	1781.08	
518.434	1760.4	
518.635	1735.82	
518.836	1699.98	
519.037	1641.82	
519.238	1623.8	
519.439	1608.03	
519.64	1568.71	
519.841	1567.28	
520.042	1551.92	
520.243	1505.63	
520.444	1473.27	
520.645	1449.31	
520.846	1420.44	
521.047	1397.91	
521.248	1388.28	
521.449	1385.21	
521.65	1369.65	
521.851	1366.78	
522.052	1335.65	
522.252	1310.46	
522.453	1266.84	
522.654	1236.53	
522.855	1191.88	
523.056	1187.99	
523.257	1177.96	
523.457	1153.38	
523.658	1148.06	
523.859	1125.94	
524.06	1099.11	
524.26	1057.33	
524.461	1040.33	
524.662	1003.88	
524.862	986.27	
525.063	968.45	
525.264	978.89	
525.464	958.01	
525.665	954.32	
525.866	963.94	
526.066	935.48	
526.267	906.81	
526.468	899.23	
526.668	886.94	
526.869	859.91	
527.069	857.86	
527.27	857.45	
527.47	865.23	
527.671	834.1	
527.871	801.95	
528.072	808.3	
528.272	782.7	
528.473	747.68	
528.673	762.22	
528.874	767.54	
529.074	729.86	
529.275	702.62	
529.475	711.43	
529.675	667.6	
529.876	668.63	
530.076	657.16	
530.277	648.15	
530.477	619.07	
530.677	632.79	
530.878	611.69	
531.078	623.78	
531.278	624.8	
531.478	621.32	
531.679	600.43	
531.879	585.48	
532.079	575.85	
532.28	568.28	
532.48	548.41	
532.68	549.03	
532.88	537.97	
533.08	534.9	
533.28	540.22	
533.481	549.44	
533.681	535.51	
533.881	533.46	
534.081	517.69	
534.281	499.67	
534.481	484.72	
534.681	491.89	
534.881	495.37	
535.081	488.61	
535.281	486.56	
535.481	492.71	
535.682	472.43	
535.882	464.24	
536.082	448.47	
536.281	429.63	
536.481	412.02	
536.681	419.19	
536.881	413.25	
537.081	399.52	
537.281	398.09	
537.481	387.65	
537.681	374.33	
537.881	364.71	
538.081	387.65	
538.281	397.68	
538.48	387.03	
538.68	385.8	
538.88	391.54	
539.08	382.53	
539.28	365.53	
539.479	383.35	
539.679	374.33	
539.879	365.12	
540.079	357.75	
540.278	356.72	
540.478	345.25	
540.678	344.64	
540.877	340.75	
541.077	322.73	
541.277	327.03	
541.476	349.76	
541.676	353.85	
541.876	359.18	
542.075	360.2	
542.275	347.1	
542.474	320.06	
542.674	316.99	
542.874	297.33	
543.073	296.51	
543.273	298.56	
543.472	304.29	
543.672	291.19	
543.871	292.01	
544.071	290.37	
544.27	306.34	
544.47	293.03	
544.669	298.76	
544.868	300.61	
545.068	296.92	
545.267	271.73	
545.467	298.97	
545.666	292.83	
545.865	290.37	
546.065	281.15	
546.264	286.07	
546.463	254.32	
546.663	260.47	
546.862	256.78	
547.061	267.02	
547.261	262.11	
547.46	273.37	
547.659	269.48	
547.858	277.26	
548.058	283	
548.257	283.2	
548.456	270.91	
548.655	269.48	
548.854	253.5	
549.053	243.06	
549.253	229.13	
549.452	241.63	
549.651	232	
549.85	250.23	
550.049	263.13	
550.248	260.67	
550.447	258.01	
550.646	273.37	
550.845	276.24	
551.044	271.12	
551.243	273.98	
551.442	263.95	
551.641	247.16	
551.84	235.89	
552.039	230.57	
552.238	243.67	
552.437	233.64	
552.636	233.23	
552.835	212.14	
553.034	206.61	
553.233	207.02	
553.432	196.16	
553.63	194.73	
553.829	204.35	
554.028	189.61	
554.227	181.01	
554.426	198.21	
554.625	205.79	
554.823	195.96	
555.022	210.09	
555.221	213.36	
555.42	210.29	
555.618	192.88	
555.817	191.25	
556.016	183.26	
556.214	182.24	
556.413	178.96	
556.612	186.13	
556.81	185.72	
557.009	178.34	
557.208	166.47	
557.406	158.48	
557.605	142.09	
557.803	131.65	
558.002	143.94	
558.201	132.88	
558.399	129.81	
558.598	128.17	
558.796	152.13	
558.995	146.4	
559.193	170.36	
559.392	176.3	
559.59	199.03	
559.789	202.31	
559.987	226.47	
560.185	233.43	
560.384	232	
560.582	229.54	
560.781	231.39	
560.979	215.82	
561.177	185.72	
561.376	181.42	
561.574	190.63	
561.772	163.8	
561.971	164.01	
562.169	163.19	
562.367	144.35	
562.566	131.24	
562.764	137.59	
562.962	131.24	
563.16	138	
563.358	167.28	
563.557	165.24	
563.755	172.61	
563.953	166.26	
564.151	169.74	
564.349	175.48	
564.547	185.72	
564.746	186.54	
564.944	175.07	
565.142	178.14	
565.34	163.19	
565.538	149.47	
565.736	134.52	
565.934	130.42	
566.132	128.37	
566.33	135.54	
566.528	142.5	
566.726	144.55	
566.924	169.95	
567.122	155.41	
567.32	149.88	
567.518	137.18	
567.716	137.38	
567.914	126.53	
568.112	139.84	
568.31	144.35	
568.507	133.7	
568.705	118.54	
568.903	120.18	
569.101	112.6	
569.299	119.57	
569.497	140.25	
569.694	158.48	
569.892	156.64	
570.09	177.32	
570.288	158.48	
570.486	167.9	
570.683	183.46	
570.881	171.38	
571.079	145.99	
571.276	152.95	
571.474	131.04	
571.672	108.51	
571.869	118.13	
572.067	115.06	
572.265	122.43	
572.462	156.43	
572.66	162.78	
572.857	165.44	
573.055	180.8	
573.253	155.61	
573.45	126.33	
573.648	128.99	
573.845	133.9	
574.043	127.76	
574.24	127.55	
574.438	119.36	
574.635	113.01	
574.832	104	
575.03	110.15	
575.227	146.81	
575.425	144.76	
575.622	135.75	
575.82	118.75	
576.017	109.12	
576.214	89.05	
576.412	97.24	
576.609	103.18	
576.806	108.3	
577.004	113.22	
577.201	108.1	
577.398	110.35	
577.595	126.53	
577.793	144.96	
577.99	132.06	
578.187	118.95	
578.384	117.31	
578.582	103.18	
578.779	117.52	
578.976	127.76	
579.173	150.7	
579.37	144.14	
579.567	146.6	
579.764	122.84	
579.962	126.12	
580.159	123.46	
580.356	139.23	
580.553	143.94	
580.75	163.39	
580.947	167.9	
581.144	171.59	
581.341	158.48	
581.538	161.14	
581.735	137.38	
581.932	137.59	
582.129	117.11	
582.326	116.9	
582.523	106.26	
582.72	109.94	
582.916	98.47	
583.113	102.57	
583.31	92.53	
583.507	94.58	
583.704	100.93	
583.901	115.06	
584.098	125.92	
584.294	134.93	
584.491	131.04	
584.688	126.12	
584.885	111.99	
585.082	121.21	
585.278	132.47	
585.475	140.66	
585.672	135.75	
585.868	128.17	
586.065	103.18	
586.262	85.57	
586.458	89.05	
586.655	96.63	
586.852	99.29	
587.048	98.88	
587.245	98.68	
587.442	113.22	
587.638	113.22	
587.835	117.11	
588.031	132.88	
588.228	143.12	
588.424	118.95	
588.621	110.56	
588.817	102.36	
589.014	109.33	
589.21	110.15	
589.407	97.45	
589.603	91.92	
589.8	120.18	
589.996	120.59	
590.192	105.85	
590.389	123.87	
590.585	140.25	
590.782	119.77	
590.978	126.53	
591.174	131.24	
591.371	119.16	
591.567	110.97	
591.763	107.07	
591.959	80.86	
592.156	93.97	
592.352	105.64	
592.548	104.62	
592.744	121.82	
592.941	127.14	
593.137	114.45	
593.333	108.1	
593.529	124.69	
593.725	123.87	
593.922	98.88	
594.118	116.09	
594.314	116.7	
594.51	103.8	
594.706	87.21	
594.902	114.45	
595.098	102.57	
595.294	101.95	
595.49	83.52	
595.686	108.92	
595.882	92.33	
596.078	109.74	
596.274	117.52	
596.47	138	
596.666	122.43	
596.862	133.7	
597.058	120.59	
597.254	121	
597.45	108.71	
597.646	116.7	
597.842	117.72	
598.037	124.07	
598.233	119.98	
598.429	138	
598.625	118.13	
598.821	117.52	
599.017	102.36	
599.212	112.4	
599.408	112.19	
599.604	112.81	
599.8	126.33	
599.995	125.71	
600.191	119.77	
600.387	101.34	
600.582	106.05	
600.778	91.1	
600.974	89.26	
601.169	69.39	
601.365	86.19	
601.561	81.48	
601.756	75.74	
601.952	88.44	
602.147	96.22	
602.343	84.96	
602.538	99.91	
602.734	117.11	
602.93	112.4	
603.125	115.68	
603.321	121.41	
603.516	119.98	
603.711	104.41	
603.907	106.67	
604.102	107.28	
604.298	107.07	
604.493	97.65	
604.689	109.74	
604.884	115.68	
605.079	113.42	
605.275	109.12	
605.47	107.07	
605.665	99.7	
605.861	104.21	
606.056	111.99	
606.251	106.05	
606.447	105.85	
606.642	121.41	
606.837	101.95	
607.032	104	
607.227	111.78	
607.423	113.63	
607.618	101.34	
607.813	119.16	
608.008	108.92	
608.203	122.23	
608.398	146.81	
608.594	134.93	
608.789	116.5	
608.984	132.88	
609.179	131.45	
609.374	102.77	
609.569	119.77	
609.764	121.41	
609.959	110.35	
610.154	89.67	
610.349	99.09	
610.544	84.75	
610.739	91.92	
610.934	105.85	
611.129	122.23	
611.324	138.2	
611.519	149.47	
611.714	154.18	
611.909	136.57	
612.103	141.28	
612.298	131.24	
612.493	146.81	
612.688	166.26	
612.883	189.81	
613.078	174.66	
613.272	194.73	
613.467	176.5	
613.662	154.38	
613.857	141.48	
614.051	160.12	
614.246	138.61	
614.441	142.09	
614.635	131.86	
614.83	125.51	
615.025	121.62	
615.219	123.05	
615.414	126.12	
615.609	135.34	
615.803	137.79	
615.998	143.73	
616.192	146.4	
616.387	151.52	
616.582	162.16	
616.776	157.25	
616.971	146.81	
617.165	147.21	
617.36	132.88	
617.554	126.33	
617.749	141.89	
617.943	143.94	
618.138	135.13	
618.332	144.55	
618.526	141.69	
618.721	129.81	
618.915	155	
619.11	163.39	
619.304	146.6	
619.498	152.13	
619.693	161.55	
619.887	138.2	
620.081	122.64	
620.275	135.13	
620.47	131.65	
620.664	127.35	
620.858	123.87	
621.052	136.97	
621.247	138.82	
621.441	144.76	
621.635	142.3	
621.829	151.93	
622.023	149.26	
622.218	163.39	
622.412	150.9	
622.606	140.87	
622.8	129.6	
622.994	135.54	
623.188	123.25	
623.382	125.92	
623.576	142.5	
623.77	153.15	
623.964	153.77	
624.158	157.66	
624.352	151.11	
624.546	161.35	
624.74	156.43	
624.934	143.12	
625.128	139.84	
625.322	163.39	
625.516	153.36	
625.71	147.21	
625.904	146.81	
626.098	151.52	
626.291	141.89	
626.485	144.35	
626.679	135.13	
626.873	162.37	
627.067	151.31	
627.26	163.19	
627.454	148.85	
627.648	169.54	
627.842	139.23	
628.035	156.23	
628.229	142.91	
628.423	156.02	
628.617	149.06	
628.81	157.45	
629.004	153.77	
629.198	162.78	
629.391	155.82	
629.585	170.97	
629.778	165.85	
629.972	163.8	
630.166	156.23	
630.359	157.66	
630.553	145.99	
630.746	159.91	
630.94	175.89	
631.133	170.77	
631.327	166.67	
631.52	159.71	
631.714	149.47	
631.907	139.02	
632.1	161.35	
632.294	175.07	
632.487	193.5	
632.681	208.04	
632.874	201.9	
633.067	194.93	
633.261	179.16	
633.454	166.67	
633.647	177.93	
633.841	173.22	
634.034	175.07	
634.227	179.16	
634.421	180.6	
634.614	177.93	
634.807	182.24	
635	170.77	
635.193	179.98	
635.387	166.47	
635.58	147.01	
635.773	157.66	
635.966	165.24	
636.159	167.28	
636.352	164.62	
636.545	174.86	
636.739	165.03	
636.932	166.26	
637.125	163.19	
637.318	170.97	
637.511	174.25	
637.704	170.56	
637.897	172.2	
638.09	160.73	
638.283	179.16	
638.476	179.78	
638.669	187.76	
638.862	201.69	
639.055	205.99	
639.247	201.69	
639.44	191.45	
639.633	204.15	
639.826	174.86	
640.019	175.48	
640.212	167.28	
640.405	177.32	
640.597	157.25	
640.79	188.99	
640.983	194.32	
641.176	200.67	
641.368	213.77	
641.561	230.36	
641.754	204.15	
641.947	215.62	
642.139	214.59	
642.332	199.85	
642.525	197.39	
642.717	225.04	
642.91	201.69	
643.103	201.28	
643.295	202.1	
643.488	204.56	
643.68	182.03	
643.873	210.91	
644.065	215.82	
644.258	219.1	
644.45	218.89	
644.643	226.47	
644.835	216.85	
645.028	214.39	
645.22	202.71	
645.413	196.57	
645.605	194.11	
645.798	185.31	
645.99	212.55	
646.182	223.6	
646.375	229.54	
646.567	227.7	
646.76	237.33	
646.952	210.29	
647.144	218.48	
647.337	226.27	
647.529	228.52	
647.721	250.02	
647.913	267.84	
648.106	259.44	
648.298	248.59	
648.49	243.67	
648.682	212.95	
648.874	213.16	
649.067	207.43	
649.259	208.65	
649.451	215.82	
649.643	235.89	
649.835	239.99	
650.027	249.61	
650.219	254.94	
650.411	255.76	
650.603	245.93	
650.796	243.06	
650.988	247.36	
651.18	259.85	
651.372	275.62	
651.564	270.09	
651.756	261.49	
651.948	266	
652.139	254.32	
652.331	249.2	
652.523	270.09	
652.715	274.19	
652.907	287.91	
653.099	291.39	
653.291	280.74	
653.483	260.88	
653.674	268.66	
653.866	267.43	
654.058	274.19	
654.25	282.59	
654.442	297.13	
654.633	280.95	
654.825	254.73	
655.017	250.43	
655.209	256.37	
655.4	265.38	
655.592	265.59	
655.784	298.56	
655.975	298.56	
656.167	302.25	
656.359	292.83	
656.55	300.81	
656.742	285.25	
656.933	286.07	
657.125	287.5	
657.316	301.43	
657.508	308.19	
657.7	321.29	
657.891	331.33	
658.083	342.59	
658.274	325.39	
658.466	333.17	
658.657	340.95	
658.848	329.28	
659.04	320.06	
659.231	336.65	
659.423	324.77	
659.614	316.58	
659.805	351.6	
659.997	366.55	
660.188	371.26	
660.379	393.79	
660.571	395.43	
660.762	373.72	
660.953	360.82	
661.145	361.64	
661.336	347.71	
661.527	432.5	
661.718	455.64	
661.909	465.47	
662.101	475.71	
662.292	494.55	
662.483	404.85	
662.674	395.84	
662.865	386.01	
663.056	383.14	
663.247	368.4	
663.439	383.55	
663.63	384.98	
663.821	395.22	
664.012	401.16	
664.203	424.92	
664.394	424.92	
664.585	435.16	
664.776	435.57	
664.967	433.52	
665.158	424.92	
665.349	437.41	
665.54	425.53	
665.73	452.98	
665.921	446.01	
666.112	442.53	
666.303	441.71	
666.494	470.18	
666.685	454.41	
666.876	466.49	
667.066	474.48	
667.257	491.27	
667.448	460.14	
667.639	464.85	
667.83	460.96	
668.02	469.77	
668.211	438.44	
668.402	458.3	
668.592	452.36	
668.783	470.38	
668.974	475.3	
669.164	501.31	
669.355	497.21	
669.546	515.44	
669.736	520.15	
669.927	508.89	
670.117	489.84	
670.308	505.81	
670.499	500.49	
670.689	491.68	
670.88	503.77	
671.07	534.69	
671.261	535.3	
671.451	553.53	
671.641	546.57	
671.832	553.74	
672.022	551.48	
672.213	550.46	
672.403	540.22	
672.594	560.09	
672.784	568.07	
672.974	573.81	
673.165	568.07	
673.355	586.3	
673.545	595.11	
673.736	615.18	
673.926	600.84	
674.116	634.43	
674.306	613.13	
674.497	598.59	
674.687	578.11	
674.877	587.73	
675.067	575.24	
675.257	608.01	
675.448	638.73	
675.638	646.71	
675.828	657.77	
676.018	677.64	
676.208	658.59	
676.398	661.66	
676.588	675.18	
676.778	699.35	
676.968	700.78	
677.158	720.24	
677.348	713.89	
677.538	723.31	
677.728	721.06	
677.918	734.98	
678.108	748.09	
678.298	762.02	
678.488	748.91	
678.678	766.73	
678.868	755.67	
679.058	771.44	
679.248	777.58	
679.438	800.72	
679.627	797.04	
679.817	789.05	
680.007	785.36	
680.197	799.08	
680.387	798.47	
680.576	811.58	
680.766	830.83	
680.956	846.8	
681.146	875.06	
681.335	882.64	
681.525	880.8	
681.715	901.28	
681.904	900.87	
682.094	898.61	
682.284	918.07	
682.473	933.02	
682.663	970.91	
682.852	976.85	
683.042	986.68	
683.231	993.64	
683.421	1003.47	
683.61	996.51	
683.8	1007.57	
683.989	1012.48	
684.179	1029.68	
684.368	1034.39	
684.558	1042.18	
684.747	1058.97	
684.937	1070.64	
685.126	1073.1	
685.316	1089.89	
685.505	1091.74	
685.694	1132.49	
685.884	1169.15	
686.073	1193.32	
686.262	1215.03	
686.452	1228.13	
686.641	1219.94	
686.83	1216.87	
687.019	1240.83	
687.209	1262.95	
687.398	1294.08	
687.587	1294.08	
687.776	1308.62	
687.965	1302.27	
688.155	1304.32	
688.344	1315.17	
688.533	1334.63	
688.722	1337.7	
688.911	1390.13	
689.1	1420.03	
689.289	1442.76	
689.478	1470.41	
689.667	1517.92	
689.856	1485.77	
690.045	1487.61	
690.234	1501.33	
690.423	1541.27	
690.612	1549.66	
690.801	1609.87	
690.99	1647.15	
691.179	1684.01	
691.368	1704.9	
691.557	1750.16	
691.746	1762.86	
691.935	1781.9	
692.124	1792.55	
692.312	1809.14	
692.501	1819.59	
692.69	1865.87	
692.879	1909.29	
693.068	1943.69	
693.256	1981.58	
693.445	2014.55	
693.634	2007.59	
693.823	2020.9	
694.011	2055.31	
694.2	2078.65	
694.389	2113.26	
694.577	2161.39	
694.766	2200.3	
694.955	2223.45	
695.143	2246.59	
695.332	2286.11	
695.52	2337.52	
695.709	2372.95	
695.897	2424.56	
696.086	2454.46	
696.275	2488.45	
696.463	2530.64	
696.652	2573.24	
696.84	2617.68	
697.028	2679.53	
697.217	2714.96	
697.405	2755.3	
697.594	2821.45	
697.782	2877.77	
697.971	2943.72	
698.159	3024	
698.347	3083.59	
698.536	3133.56	
698.724	3175.75	
698.912	3202.58	
699.1	3220.4	
699.289	3282.25	
699.477	3308.46	
699.665	3350.44	
699.854	3409.22	
700.042	3481.92	
700.23	3533.74	
700.418	3636.13	
700.606	3701.87	
700.794	3788.3	
700.983	3866.94	
701.171	3958.08	
701.359	4007.84	
701.547	4128.88	
701.735	4208.34	
701.923	4283.5	
702.111	4319.75	
702.299	4384.05	
702.487	4443.65	
702.675	4475.8	
702.863	4523.31	
703.051	4594.17	
703.239	4702.51	
703.427	4760.67	
703.615	4848.94	
703.803	4940.9	
703.991	5048.21	
704.179	5112.72	
704.367	5195.05	
704.554	5301.34	
704.742	5387.35	
704.93	5468.86	
705.118	5548.12	
705.306	5619.18	
705.493	5728.75	
705.681	5815.79	
705.869	5951.77	
706.057	6084.69	
706.244	6202.03	
706.432	6293.37	
706.62	6433.66	
706.807	6502.06	
706.995	6570.46	
707.183	6677.16	
707.37	6786.12	
707.558	6860.25	
707.746	6995.01	
707.933	7101.71	
708.121	7213.94	
708.308	7277.42	
708.496	7361.18	
708.683	7392.11	
708.871	7490.62	
709.058	7540.18	
709.246	7636.23	
709.433	7718.15	
709.621	7821.98	
709.808	7844.91	
709.995	7901.85	
710.183	7968.2	
710.37	7991.14	
710.558	8038.65	
710.745	8123.03	
710.932	8209.45	
711.12	8231.16	
711.307	8322.5	
711.494	8341.96	
711.681	8373.5	
711.869	8362.03	
712.056	8408.31	
712.243	8426.95	
712.43	8447.63	
712.618	8480.19	
712.805	8513.78	
712.992	8496.17	
713.179	8458.28	
713.366	8444.77	
713.553	8415.27	
713.74	8396.64	
713.928	8412.61	
714.115	8409.74	
714.302	8379.23	
714.489	8374.72	
714.676	8308.58	
714.863	8266.18	
715.05	8219.69	
715.237	8165.01	
715.424	8060.36	
715.611	8042.54	
715.798	7951.2	
715.984	7859.25	
716.171	7764.84	
716.358	7661.83	
716.545	7506.8	
716.732	7379.82	
716.919	7239.33	
717.106	7109.08	
717.293	6992.35	
717.479	6911.04	
717.666	6785.3	
717.853	6719.15	
718.04	6668.97	
718.226	6635.59	
718.413	6534.42	
718.6	6451.27	
718.786	6331.47	
718.973	6228.86	
719.16	6056.63	
719.346	5964.88	
719.533	5888.7	
719.72	5841.59	
719.906	5717.08	
720.093	5667.31	
720.279	5569.01	
720.466	5489.75	
720.652	5407.42	
720.839	5362.16	
721.025	5266.52	
721.212	5169.24	
721.398	5062.34	
721.585	4943.97	
721.771	4863.48	
721.958	4793.65	
722.144	4729.14	
722.331	4650.7	
722.517	4569.19	
722.703	4468.63	
722.89	4362.14	
723.076	4262.4	
723.262	4182.74	
723.449	4105.94	
723.635	4031.39	
723.821	4003.95	
724.007	3981.22	
724.194	3928.58	
724.38	3869.6	
724.566	3802.22	
724.752	3707.2	
724.938	3646.78	
725.125	3601.93	
725.311	3573.47	
725.497	3520.42	
725.683	3453.46	
725.869	3365.39	
726.055	3289.82	
726.241	3201.56	
726.427	3140.32	
726.613	3104.89	
726.799	3080.73	
726.985	3013.35	
727.171	3009.25	
727.357	2988.77	
727.543	2944.94	
727.729	2891.7	
727.915	2890.47	
728.101	2812.65	
728.287	2753.87	
728.473	2708.4	
728.659	2688.74	
728.845	2635.5	
729.03	2598.02	
729.216	2567.3	
729.402	2536.99	
729.588	2474.12	
729.774	2450.57	
729.959	2423.12	
730.145	2391.58	
730.331	2363.12	
730.517	2339.97	
730.702	2310.89	
730.888	2282.22	
731.074	2234.71	
731.259	2217.51	
731.445	2187.61	
731.63	2147.88	
731.816	2088.07	
732.002	2080.29	
732.187	2051.62	
732.373	2027.86	
732.558	2008	
732.744	2014.96	
732.929	1997.14	
733.115	1960.28	
733.3	1906.62	
733.486	1876.72	
733.671	1842.32	
733.857	1796.85	
734.042	1778.01	
734.227	1773.92	
734.413	1751.39	
734.598	1727.02	
734.784	1702.44	
734.969	1661.89	
735.154	1647.76	
735.339	1619.09	
735.525	1606.8	
735.71	1603.53	
735.895	1592.47	
736.081	1562.57	
736.266	1557.65	
736.451	1543.32	
736.636	1530.21	
736.821	1504.4	
737.007	1473.89	
737.192	1453.41	
737.377	1423.51	
737.562	1388.49	
737.747	1361.66	
737.932	1369.44	
738.117	1333.81	
738.302	1329.3	
738.487	1315.38	
738.672	1297.97	
738.857	1278.92	
739.042	1279.33	
739.227	1273.8	
739.412	1259.67	
739.597	1261.51	
739.782	1254.55	
739.967	1211.75	
740.152	1173.45	
740.337	1166.9	
740.522	1163.42	
740.706	1140.07	
740.891	1161.37	
741.076	1164.24	
741.261	1148.47	
741.446	1129.42	
741.63	1120.82	
741.815	1109.15	
742	1109.96	
742.185	1104.23	
742.369	1095.63	
742.554	1068.19	
742.739	1054.26	
742.923	1025.18	
743.108	1004.49	
743.293	1004.49	
743.477	1007.77	
743.662	992	
743.846	985.86	
744.031	992.21	
744.216	972.55	
744.4	980.74	
744.585	961.49	
744.769	953.5	
744.954	938.14	
745.138	939.16	
745.322	936.09	
745.507	946.54	
745.691	931.79	
745.876	916.84	
746.06	903.32	
746.244	881.41	
746.429	868.51	
746.613	853.76	
746.798	858.88	
746.982	853.15	
747.166	840.04	
747.35	814.65	
747.535	824.07	
747.719	810.35	
747.903	798.47	
748.087	791.3	
748.272	805.23	
748.456	807.07	
748.64	799.08	
748.824	808.71	
749.008	802.56	
749.192	792.73	
749.376	764.06	
749.56	759.15	
749.745	733.75	
749.929	739.49	
750.113	740.31	
750.297	732.11	
750.481	727.4	
750.665	728.63	
750.849	713.48	
751.033	710	
751.217	716.96	
751.4	712.25	
751.584	706.11	
751.768	709.18	
751.952	691.97	
752.136	690.13	
752.32	688.49	
752.504	697.3	
752.688	695.66	
752.871	690.75	
753.055	683.99	
753.239	675.8	
753.423	676.61	
753.606	664.94	
753.79	666.17	
753.974	659	
754.157	650.2	
754.341	619.68	
754.525	613.74	
754.708	611.9	
754.892	605.14	
755.076	611.28	
755.259	627.67	
755.443	612.72	
755.626	601.86	
755.81	616.61	
755.993	601.66	
756.177	573.4	
756.36	581.79	
756.544	580.77	
756.727	554.15	
756.911	563.57	
757.094	575.24	
757.278	567.66	
757.461	553.94	
757.644	552.71	
757.828	547.39	
758.011	544.32	
758.195	545.95	
758.378	548.82	
758.561	540.22	
758.744	519.95	
758.928	523.22	
759.111	511.75	
759.294	495.98	
759.477	505.81	
759.661	518.1	
759.844	501.92	
760.027	499.26	
760.21	509.3	
760.393	507.45	
760.576	488.82	
760.76	482.47	
760.943	466.49	
761.126	487.38	
761.309	503.97	
761.492	518.31	
761.675	513.6	
761.858	534.28	
762.041	510.73	
762.224	486.15	
762.407	479.19	
762.59	491.68	
762.773	482.67	
762.956	500.69	
763.139	496.19	
763.321	508.27	
763.504	510.73	
763.687	515.64	
763.87	501.92	
764.053	515.03	
764.236	512.98	
764.418	506.43	
764.601	505.4	
764.784	504.59	
764.967	503.15	
765.149	489.84	
765.332	510.32	
765.515	515.23	
765.697	513.19	
765.88	511.75	
766.063	529.98	
766.245	513.39	
766.428	512.16	
766.611	517.49	
766.793	516.46	
766.976	513.8	
767.158	504.59	
767.341	509.5	
767.523	511.34	
767.706	521.17	
767.888	517.49	
768.071	557.83	
768.253	551.48	
768.436	561.31	
768.618	554.97	
768.8	572.17	
768.983	553.74	
769.165	556.6	
769.348	543.91	
769.53	531.62	
769.712	510.73	
769.895	504.99	
770.077	501.31	
770.259	495.98	
770.441	493.32	
770.624	506.63	
770.806	509.5	
770.988	515.03	
771.17	531.82	
771.352	552.3	
771.535	559.06	
771.717	563.36	
771.899	562.34	
772.081	565	
772.263	554.97	
772.445	539.2	
772.627	515.44	
772.809	502.33	
772.991	497.42	
773.173	509.71	
773.355	500.9	
773.537	515.03	
773.719	509.71	
773.901	513.6	
774.083	505.2	
774.265	503.56	
774.447	492.5	
774.629	508.48	
774.811	497.01	
774.992	485.54	
775.174	474.28	
775.356	490.25	
775.538	476.32	
775.72	472.84	
775.901	481.03	
776.083	494.55	
776.265	477.55	
776.447	495.98	
776.628	499.47	
776.81	497.21	
776.992	497.42	
777.173	498.44	
777.355	481.65	
777.537	483.7	
777.718	472.02	
777.9	477.76	
778.081	491.07	
778.263	492.71	
778.444	480.01	
778.626	481.03	
778.807	464.85	
778.989	446.22	
779.17	426.97	
779.352	411.2	
779.533	418.78	
779.715	430.04	
779.896	417.96	
780.078	443.97	
780.259	460.35	
780.44	453.8	
780.622	441.1	
780.803	467.93	
780.984	453.8	
781.166	440.48	
781.347	437.62	
781.528	438.23	
781.709	409.76	
781.891	427.79	
782.072	424.92	
782.253	434.54	
782.434	426.15	
782.615	437.21	
782.796	426.97	
782.978	449.7	
783.159	427.38	
783.34	433.73	
783.521	416.32	
783.702	415.29	
783.883	407.72	
784.064	416.52	
784.245	401.78	
784.426	421.64	
784.607	409.97	
784.788	416.93	
784.969	416.11	
785.15	420.62	
785.331	409.35	
785.512	418.16	
785.692	402.8	
785.873	398.09	
786.054	397.07	
786.235	387.44	
786.416	381.09	
786.597	383.76	
786.777	384.78	
786.958	396.86	
787.139	409.35	
787.32	407.1	
787.5	410.79	
787.681	400.34	
787.862	402.8	
788.042	405.67	
788.223	410.79	
788.404	391.13	
788.584	405.87	
788.765	405.05	
788.946	399.93	
789.126	398.91	
789.307	416.32	
789.487	417.75	
789.668	399.32	
789.848	397.89	
790.029	387.24	
790.209	374.33	
790.39	359.18	
790.57	353.24	
790.75	361.64	
790.931	370.44	
791.111	354.67	
791.292	357.34	
791.472	369.01	
791.652	363.28	
791.833	358.36	
792.013	382.73	
792.193	378.02	
792.373	376.79	
792.554	372.9	
792.734	365.94	
792.914	343.62	
793.094	346.69	
793.275	339.52	
793.455	326	
793.635	338.7	
793.815	358.57	
793.995	344.43	
794.175	345.66	
794.355	378.64	
794.535	350.58	
794.715	337.06	
794.896	348.94	
795.076	341.36	
795.256	330.71	
795.436	344.02	
795.616	350.58	
795.795	344.23	
795.975	347.51	
796.155	339.31	
796.335	330.3	
796.515	332.56	
796.695	341.16	
796.875	352.42	
797.055	348.53	
797.234	352.22	
797.414	342.8	
797.594	329.89	
797.774	325.39	
797.954	300.61	
798.133	298.97	
798.313	286.68	
798.493	299.79	
798.672	295.08	
798.852	304.91	
799.032	299.99	
799.211	305.32	
799.391	302.66	
799.571	299.79	
799.75	294.67	
799.93	309.21	
800.109	304.09	
800.289	302.25	
800.468	283.61	
800.648	289.14	
800.827	270.91	
801.007	269.27	
801.186	255.14	
801.366	283	
801.545	292.21	
801.725	311.05	
801.904	297.74	
802.083	298.97	
802.263	274.6	
802.442	269.07	
802.621	248.18	
802.801	287.09	
802.98	306.14	
803.159	316.38	
803.338	329.07	
803.518	353.24	
803.697	330.3	
803.876	328.26	
804.055	328.87	
804.235	314.94	
804.414	294.87	
804.593	307.98	
804.772	292.21	
804.951	299.99	
805.13	282.18	
805.309	285.86	
805.488	266	
805.667	268.86	
805.846	256.58	
806.025	270.09	
806.204	267.43	
806.383	270.3	
806.562	251.25	
806.741	243.88	
806.92	245.31	
807.099	243.67	
807.278	218.69	
807.457	222.17	
807.636	231.39	
807.814	216.03	
807.993	215.41	
808.172	243.26	
808.351	244.7	
808.53	236.71	
808.708	250.23	
808.887	238.55	
809.066	237.74	
809.244	244.08	
809.423	243.06	
809.602	235.07	
809.78	246.75	
809.959	231.8	
810.138	234.25	
810.316	240.4	
810.495	239.99	
810.673	225.65	
810.852	230.57	
811.03	230.36	
811.209	223.4	
811.388	217.05	
811.566	220.74	
811.744	232.41	
811.923	240.19	
812.101	238.55	
812.28	250.64	
812.458	258.83	
812.637	244.08	
812.815	239.58	
812.993	242.45	
813.172	241.83	
813.35	224.63	
813.528	236.3	
813.706	218.28	
813.885	223.81	
814.063	213.77	
814.241	242.04	
814.419	235.48	
814.598	260.88	
814.776	252.69	
814.954	240.19	
815.132	231.18	
815.31	239.37	
815.488	203.94	
815.666	203.94	
815.844	198.21	
816.022	184.9	
816.201	166.06	
816.379	192.27	
816.557	188.38	
816.735	196.57	
816.913	198.62	
817.09	201.49	
817.268	181.83	
817.446	180.19	
817.624	172.2	
817.802	196.16	
817.98	182.64	
818.158	181.83	
818.336	150.9	
818.514	164.83	
818.691	136.16	
818.869	163.19	
819.047	168.51	
819.225	190.43	
819.402	180.39	
819.58	196.57	
819.758	190.22	
819.935	174.66	
820.113	170.77	
820.291	174.66	
820.468	140.05	
820.646	126.94	
820.824	147.83	
821.001	168.51	
821.179	160.12	
821.356	164.21	
821.534	169.54	
821.711	147.42	
821.889	147.62	
822.066	163.19	
822.244	176.09	
822.421	181.62	
822.599	199.85	
822.776	182.03	
822.953	158.48	
823.131	150.08	
823.308	136.36	
823.486	128.99	
823.663	119.77	
823.84	136.36	
824.017	125.71	
824.195	132.88	
824.372	133.29	
824.549	132.67	
824.726	120.39	
824.904	124.89	
825.081	113.63	
825.258	108.51	
825.435	108.1	
825.612	129.19	
825.789	119.98	
825.967	132.47	
826.144	130.22	
826.321	149.88	
826.498	124.89	
826.675	144.55	
826.852	124.28	
827.029	128.58	
827.206	129.19	
827.383	126.12	
827.56	130.63	
827.737	137.59	
827.914	151.31	
828.09	114.86	
828.267	112.19	
828.444	101.95	
828.621	102.77	
828.798	98.06	
828.975	109.94	
829.151	117.31	
829.328	109.12	
829.505	122.02	
829.682	104.41	
829.858	104.82	
830.035	123.25	
830.212	122.43	
830.389	105.85	
830.565	103.8	
830.742	122.64	
830.918	118.95	
831.095	115.68	
831.272	127.35	
831.448	116.09	
831.625	108.3	
831.801	100.93	
831.978	114.04	
832.154	89.26	
832.331	109.94	
832.507	96.02	
832.684	112.19	
832.86	111.78	
833.037	159.71	
833.213	151.31	
833.389	162.78	
833.566	129.81	
833.742	112.4	
833.918	72.67	
834.095	57.31	
834.271	49.12	
834.447	53.83	
834.624	76.56	
834.8	77.58	
834.976	94.38	
835.152	105.64	
835.328	116.9	
835.505	105.44	
835.681	101.34	
835.857	85.57	
836.033	93.35	
836.209	119.77	
836.385	116.9	
836.561	119.77	
836.737	124.28	
836.913	96.83	
837.089	75.13	
837.265	75.95	
837.441	93.97	
837.617	96.63	
837.793	103.18	
837.969	98.47	
838.145	95.81	
838.321	81.27	
838.497	77.99	
838.673	80.04	
838.849	70.83	
839.025	96.22	
839.2	94.99	
839.376	105.03	
839.552	92.94	
839.728	104	
839.903	76.15	
840.079	79.43	
840.255	67.55	
840.431	82.91	
840.606	60.18	
840.782	89.46	
840.958	75.13	
841.133	79.43	
841.309	61	
841.484	74.72	
841.66	36.01	
841.835	36.62	
842.011	21.47	
842.186	37.65	
842.362	21.67	
842.537	35.6	
842.713	36.42	
842.888	44.41	
843.064	38.26	
843.239	50.14	
843.415	45.84	
843.59	59.77	
843.765	65.71	
843.941	76.36	
844.116	80.45	
844.291	80.25	
844.467	65.5	
844.642	67.96	
844.817	58.33	
844.992	55.88	
845.168	53.21	
845.343	63.86	
845.518	70.21	
845.693	85.37	
845.868	68.98	
846.043	73.28	
846.219	60.59	
846.394	62.43	
846.569	42.15	
846.744	66.73	
846.919	59.97	
847.094	81.48	
847.269	65.5	
847.444	74.1	
847.619	63.04	
847.794	78.81	
847.969	77.58	
848.144	81.48	
848.319	74.72	
848.494	82.5	
848.668	81.07	
848.843	64.27	
849.018	57.51	
849.193	61.4	
849.368	64.27	
849.542	70.01	
849.717	70.83	
849.892	75.74	
850.067	67.55	
850.241	51.57	
850.416	31.71	
850.591	38.47	
850.765	42.56	
850.94	57.31	
851.115	50.96	
851.289	71.64	
851.464	76.56	
851.639	79.22	
851.813	64.07	
851.988	84.96	
852.162	56.29	
852.337	49.53	
852.511	54.85	
852.686	70.01	
852.86	58.33	
853.035	69.39	
853.209	61.4	
853.383	58.95	
853.558	48.3	
853.732	49.12	
853.906	36.01	
854.081	47.48	
854.255	36.62	
854.429	36.01	
854.604	34.17	
854.778	53.01	
854.952	43.38	
855.126	60.38	
855.301	66.12	
855.475	72.46	
855.649	57.92	
855.823	49.53	
855.997	32.53	
856.171	35.19	
856.345	11.02	
856.52	16.96	
856.694	36.62	
856.868	52.8	
857.042	51.98	
857.216	92.12	
857.39	95.2	
857.564	89.26	
857.738	80.45	
857.912	82.5	
858.085	63.04	
858.259	67.14	
858.433	64.68	
858.607	54.65	
858.781	41.13	
858.955	35.19	
859.129	22.08	
859.302	44.82	
859.476	52.39	
859.65	73.9	
859.824	71.24	
859.997	74.92	
860.171	63.04	
860.345	58.54	
860.519	56.69	
860.692	58.13	
860.866	82.29	
861.039	79.43	
861.213	78.2	
861.387	51.37	
861.56	52.39	
861.734	41.13	
861.907	24.54	
862.081	16.76	
862.254	34.99	
862.428	39.08	
862.601	23.93	
862.775	30.07	
862.948	61.81	
863.122	55.06	
863.295	40.93	
863.468	44.61	
863.642	37.03	
863.815	18.19	
863.988	29.87	
864.162	51.17	
864.335	48.71	
864.508	64.07	
864.682	65.71	
864.855	53.83	
865.028	36.62	
865.201	50.14	
865.374	31.3	
865.548	32.53	
865.721	32.53	
865.894	49.12	
866.067	35.81	
866.24	56.69	
866.413	57.1	
866.586	59.36	
866.759	37.65	
866.932	31.3	
867.105	10.82	
867.278	-18.26	
867.451	-19.08	
867.624	-1.47	
867.797	10.41	
867.97	23.72	
868.143	46.45	
868.316	56.49	
868.489	43.59	
868.661	41.13	
868.834	49.32	
869.007	57.51	
869.18	41.74	
869.353	36.01	
869.525	43.18	
869.698	30.28	
869.871	22.49	
870.044	32.73	
870.216	50.76	
870.389	35.6	
870.562	31.71	
870.734	38.26	
870.907	40.72	
871.079	31.71	
871.252	47.89	
871.425	67.96	
871.597	55.88	
871.77	70.21	
871.942	73.49	
872.115	64.89	
872.287	66.12	
872.459	77.58	
872.632	60.79	
872.804	55.47	
872.977	38.88	
873.149	35.19	
873.321	21.26	
873.494	18.4	
873.666	31.91	
873.838	42.36	
874.011	19.42	
874.183	29.05	
874.355	25.16	
874.528	15.94	
874.7	14.3	
874.872	41.74	
875.044	58.74	
875.216	64.27	
875.388	83.73	
875.561	99.09	
875.733	74.51	
875.905	54.85	
876.077	52.19	
876.249	58.54	
876.421	46.66	
876.593	48.3	
876.765	44.61	
876.937	52.6	
877.109	28.64	
877.281	27.61	
877.453	20.65	
877.625	29.66	
877.797	8.36	
877.968	6.72	
878.14	6.72	
878.312	24.13	
878.484	9.18	
878.656	21.67	
878.828	17.37	
878.999	40.52	
879.171	29.87	
879.343	36.83	
879.515	27.2	
879.686	26.38	
879.858	11.84	
880.03	23.11	
880.201	18.81	
880.373	13.48	
880.545	19.83	
880.716	16.96	
880.888	33.55	
881.059	51.37	
881.231	61.81	
881.402	73.9	
881.574	75.74	
881.745	65.09	
881.917	79.43	
882.088	85.37	
882.26	72.05	
882.431	74.1	
882.602	45.64	
882.774	38.47	
882.945	30.69	
883.116	11.02	
883.288	1.81	
883.459	17.17	
883.63	3.65	
883.802	6.72	
883.973	30.89	
884.144	41.54	
884.315	41.95	
884.487	44	
884.658	58.74	
884.829	69.19	
885	51.98	
885.171	59.36	
885.342	48.91	
885.513	39.08	
885.684	29.05	
885.855	46.05	
886.026	38.88	
886.197	50.14	
886.368	34.37	
886.539	41.74	
886.71	37.03	
886.881	39.29	
887.052	31.71	
887.223	40.52	
887.394	26.59	
887.565	42.77	
887.736	40.11	
887.907	51.78	
888.077	44.82	
888.248	40.31	
888.419	22.08	
888.59	30.07	
888.761	28.23	
888.931	41.95	
889.102	53.42	
889.273	48.09	
889.443	45.02	
889.614	40.31	
889.785	33.96	
889.955	23.72	
890.126	33.96	
890.296	39.08	
890.467	40.72	
890.637	66.32	
890.808	86.59	
890.978	87	
891.149	82.5	
891.319	99.09	
891.49	83.32	
891.66	73.08	
891.831	61.61	
892.001	52.39	
892.172	19.83	
892.342	13.89	
892.512	11.02	
892.683	24.54	
892.853	30.28	
893.023	45.64	
893.193	38.67	
893.364	43.59	
893.534	52.39	
893.704	62.22	
893.874	57.31	
894.044	62.02	
894.215	51.37	
894.385	46.25	
894.555	27	
894.725	47.07	
894.895	32.32	
895.065	47.68	
895.235	44.61	
895.405	71.85	
895.575	52.19	
895.745	76.97	
895.915	76.97	
