177.618	-130.47	
177.836	-139.43	
178.054	-141.94	
178.271	-113.68	
178.489	-58.38	
178.706	-41.39	
178.924	-13.12	
179.142	18.41	
179.359	12.68	
179.577	-23.57	
179.794	-10.67	
180.012	-14.97	
180.229	-28.89	
180.447	-22.95	
180.664	-7.8	
180.882	-12.3	
181.1	7.56	
181.317	12.68	
181.535	9.81	
181.752	1.42	
181.969	6.74	
182.187	-2.47	
182.404	4.08	
182.622	-8.82	
182.839	0.6	
183.057	3.67	
183.274	7.97	
183.492	9.4	
183.709	38.89	
183.926	20.26	
184.144	5.72	
184.361	18.62	
184.579	18.62	
184.796	-5.14	
185.013	12.27	
185.231	21.08	
185.448	19.44	
185.666	30.7	
185.883	39.71	
186.1	56.92	
186.317	57.94	
186.535	38.89	
186.752	39.92	
186.969	49.13	
187.187	48.11	
187.404	45.86	
187.621	71.46	
187.839	72.89	
188.056	70.23	
188.273	53.03	
188.49	75.35	
188.708	54.25	
188.925	61.01	
189.142	57.74	
189.359	50.57	
189.576	13.7	
189.794	12.27	
190.011	9.4	
190.228	16.16	
190.445	20.26	
190.662	45.45	
190.879	47.7	
191.097	38.08	
191.314	41.97	
191.531	37.87	
191.748	25.38	
191.965	37.87	
192.182	29.88	
192.399	23.74	
192.616	42.58	
192.834	62.65	
193.051	46.06	
193.268	52.21	
193.485	48.31	
193.702	38.28	
193.919	29.06	
194.136	25.99	
194.353	11.86	
194.57	23.33	
194.787	17.8	
195.004	23.12	
195.221	26.4	
195.438	50.36	
195.655	38.08	
195.872	52.62	
196.089	29.68	
196.306	35.62	
196.523	24.56	
196.74	35.82	
196.957	15.14	
197.173	29.06	
197.39	33.77	
197.607	40.33	
197.824	33.57	
198.041	55.48	
198.258	47.91	
198.475	64.9	
198.692	50.36	
198.909	39.92	
199.125	16.16	
199.342	38.89	
199.559	21.49	
199.776	32.34	
199.993	52.21	
200.21	63.27	
200.426	33.98	
200.643	32.75	
200.86	37.46	
201.077	36.85	
201.293	35.62	
201.51	55.69	
201.727	34.18	
201.944	18.62	
202.16	19.44	
202.377	20.26	
202.594	3.87	
202.811	14.32	
203.027	17.6	
203.244	-5.96	
203.461	-8.21	
203.677	18.01	
203.894	33.36	
204.111	37.26	
204.327	44.63	
204.544	47.29	
204.761	34.18	
204.977	23.53	
205.194	7.36	
205.41	19.85	
205.627	1.42	
205.844	1.62	
206.06	2.65	
206.277	20.67	
206.493	17.6	
206.71	26.4	
206.926	23.74	
207.143	30.91	
207.36	20.05	
207.576	32.75	
207.793	39.1	
208.009	42.99	
208.226	42.17	
208.442	55.48	
208.659	33.36	
208.875	40.12	
209.092	28.86	
209.308	15.75	
209.524	9.4	
209.741	26.81	
209.957	33.57	
210.174	32.14	
210.39	35	
210.607	30.7	
210.823	-3.91	
211.039	-4.32	
211.256	13.09	
211.472	10.22	
211.688	19.44	
211.905	57.33	
212.121	39.1	
212.338	29.68	
212.554	37.87	
212.77	38.08	
212.987	21.9	
213.203	52	
213.419	65.93	
213.635	57.74	
213.852	44.22	
214.068	50.36	
214.284	20.87	
214.501	29.88	
214.717	36.44	
214.933	55.69	
215.149	42.17	
215.365	33.16	
215.582	-1.66	
215.798	-0.84	
216.014	-11.69	
216.23	5.31	
216.447	21.28	
216.663	27.84	
216.879	9.4	
217.095	22.92	
217.311	24.15	
217.527	31.93	
217.743	39.51	
217.96	41.76	
218.176	44.22	
218.392	37.05	
218.608	31.52	
218.824	28.04	
219.04	40.12	
219.256	32.96	
219.472	23.12	
219.688	12.48	
219.904	28.24	
220.12	53.43	
220.336	57.74	
220.552	58.35	
220.768	72.48	
220.984	65.93	
221.2	28.65	
221.416	18.01	
221.632	9.61	
221.848	7.36	
222.064	-6.98	
222.28	8.79	
222.496	8.17	
222.712	24.76	
222.928	9.2	
223.144	20.26	
223.36	11.25	
223.576	18.01	
223.792	12.89	
224.008	38.08	
224.224	33.98	
224.439	57.12	
224.655	38.28	
224.871	43.2	
225.087	27.22	
225.303	24.35	
225.519	14.93	
225.734	31.32	
225.95	37.67	
226.166	39.92	
226.382	30.7	
226.598	21.08	
226.813	21.28	
227.029	5.51	
227.245	11.66	
227.461	36.64	
227.677	41.35	
227.892	48.31	
228.108	51.59	
228.324	64.49	
228.539	34.39	
228.755	48.11	
228.971	45.65	
229.186	49.34	
229.402	30.5	
229.618	56.1	
229.833	52.21	
230.049	46.47	
230.265	29.88	
230.48	43.2	
230.696	24.76	
230.912	12.48	
231.127	14.52	
231.343	34.8	
231.558	19.23	
231.774	42.79	
231.99	58.15	
232.205	57.33	
232.421	43.4	
232.636	55.69	
232.852	32.96	
233.067	34.59	
233.283	34.8	
233.498	52.82	
233.714	44.42	
233.929	60.4	
234.145	46.27	
234.36	49.75	
234.576	48.93	
234.791	50.16	
235.007	45.24	
235.222	65.72	
235.438	56.1	
235.653	74.32	
235.868	63.27	
236.084	87.43	
236.299	82.72	
236.515	92.76	
236.73	60.4	
236.945	63.88	
237.161	43.81	
237.376	43.2	
237.592	40.94	
237.807	49.13	
238.022	60.4	
238.238	56.51	
238.453	21.9	
238.668	22.31	
238.883	1.83	
239.099	2.03	
239.314	-19.88	
239.529	5.31	
239.745	1.21	
239.96	32.75	
240.175	28.86	
240.39	71.25	
240.605	71.66	
240.821	73.91	
241.036	63.88	
241.251	85.59	
241.466	64.7	
241.681	51.18	
241.897	54.46	
242.112	69.41	
242.327	32.55	
242.542	47.91	
242.757	60.6	
242.972	61.42	
243.188	36.03	
243.403	53.43	
243.618	36.64	
243.833	30.09	
244.048	33.98	
244.263	47.5	
244.478	47.5	
244.693	44.01	
244.908	56.92	
245.123	48.31	
245.338	51.18	
245.553	50.98	
245.768	48.93	
245.983	37.46	
246.198	29.47	
246.413	22.92	
246.628	16.16	
246.843	18.82	
247.058	23.53	
247.273	29.06	
247.488	28.65	
247.703	44.42	
247.918	27.22	
248.133	25.79	
248.348	22.92	
248.563	31.93	
248.778	22.31	
248.993	48.93	
249.207	56.1	
249.422	56.92	
249.637	30.5	
249.852	19.23	
250.067	-6.16	
250.282	-17.83	
250.496	-20.5	
250.711	-0.43	
250.926	2.03	
251.141	21.9	
251.356	11.86	
251.57	19.64	
251.785	11.04	
252	15.96	
252.215	12.27	
252.43	39.71	
252.644	44.83	
252.859	54.05	
253.074	57.94	
253.288	63.67	
253.503	47.91	
253.718	46.68	
253.932	67.16	
254.147	65.72	
254.362	56.51	
254.576	55.07	
254.791	44.42	
255.006	18.01	
255.22	21.69	
255.435	26.81	
255.65	34.39	
255.864	43.2	
256.079	44.63	
256.293	45.65	
256.508	46.68	
256.723	72.89	
256.937	62.65	
257.152	52.41	
257.366	53.43	
257.581	47.7	
257.795	11.25	
258.01	39.92	
258.224	52.82	
258.439	55.48	
258.653	55.28	
258.868	63.06	
259.082	39.51	
259.297	33.36	
259.511	21.28	
259.726	19.03	
259.94	11.86	
260.154	15.75	
260.369	32.34	
260.583	39.51	
260.798	32.75	
261.012	37.87	
261.226	36.64	
261.441	30.91	
261.655	19.23	
261.869	36.64	
262.084	35.41	
262.298	35.82	
262.512	25.17	
262.727	27.02	
262.941	25.38	
263.155	27.43	
263.37	25.38	
263.584	34.18	
263.798	34.8	
264.012	48.31	
264.227	49.95	
264.441	65.93	
264.655	55.48	
264.869	81.08	
265.084	58.76	
265.298	61.22	
265.512	43.6	
265.726	59.37	
265.94	36.64	
266.155	52	
266.369	44.42	
266.583	63.88	
266.797	60.81	
267.011	87.43	
267.225	89.68	
267.439	91.53	
267.654	60.81	
267.868	46.88	
268.082	12.07	
268.296	-10.46	
268.51	-26.85	
268.724	-13.33	
268.938	-20.7	
269.152	-2.47	
269.366	5.92	
269.58	19.44	
269.794	1.01	
270.008	31.32	
270.222	26.81	
270.436	35.82	
270.65	35.41	
270.864	52.62	
271.078	40.74	
271.292	42.38	
271.506	54.66	
271.72	64.29	
271.934	76.17	
272.148	58.96	
272.362	58.35	
272.575	59.58	
272.789	60.19	
273.003	48.93	
273.217	66.95	
273.431	56.3	
273.645	26.61	
273.859	37.46	
274.073	50.16	
274.286	45.45	
274.5	50.57	
274.714	58.96	
274.928	45.86	
275.142	33.16	
275.355	28.45	
275.569	37.05	
275.783	38.69	
275.997	38.89	
276.21	44.42	
276.424	65.93	
276.638	44.83	
276.852	38.89	
277.065	39.92	
277.279	30.5	
277.493	25.17	
277.706	48.72	
277.92	67.57	
278.134	53.03	
278.347	50.98	
278.561	30.7	
278.775	29.06	
278.988	18.01	
279.202	26.61	
279.415	39.92	
279.629	41.56	
279.843	32.55	
280.056	47.09	
280.27	58.15	
280.483	28.04	
280.697	23.94	
280.91	28.65	
281.124	23.53	
281.337	22.51	
281.551	47.91	
281.764	45.86	
281.978	40.74	
282.191	27.22	
282.405	33.57	
282.618	30.7	
282.832	45.24	
283.045	38.89	
283.259	51.59	
283.472	31.93	
283.686	34.8	
283.899	24.56	
284.112	32.75	
284.326	34.39	
284.539	43.6	
284.752	60.81	
284.966	81.9	
285.179	86.82	
285.393	83.34	
285.606	75.35	
285.819	64.7	
286.033	43.6	
286.246	57.94	
286.459	51.8	
286.672	58.35	
286.886	37.05	
287.099	60.6	
287.312	20.46	
287.525	24.76	
287.739	15.14	
287.952	32.34	
288.165	30.5	
288.378	56.92	
288.592	49.54	
288.805	52.62	
289.018	56.71	
289.231	48.11	
289.444	48.31	
289.657	47.7	
289.871	49.95	
290.084	45.04	
290.297	64.29	
290.51	56.51	
290.723	53.43	
290.936	84.15	
291.149	75.55	
291.362	61.63	
291.575	66.13	
291.789	58.35	
292.002	31.93	
292.215	39.92	
292.428	29.06	
292.641	40.12	
292.854	43.2	
293.067	48.93	
293.28	43.81	
293.493	37.67	
293.706	11.25	
293.919	29.47	
294.132	14.32	
294.345	7.97	
294.558	-2.27	
294.77	9.4	
294.983	9.2	
295.196	42.17	
295.409	46.27	
295.622	65.31	
295.835	69	
296.048	70.84	
296.261	53.84	
296.474	62.04	
296.686	74.12	
296.899	74.94	
297.112	64.7	
297.325	57.12	
297.538	71.46	
297.751	71.87	
297.963	93.58	
298.176	91.94	
298.389	84.77	
298.602	72.07	
298.814	114.46	
299.027	95.01	
299.24	105.04	
299.453	129.21	
299.665	112.62	
299.878	56.1	
300.091	36.03	
300.303	22.31	
300.516	2.85	
300.729	18.82	
300.941	23.33	
301.154	36.44	
301.367	41.35	
301.579	45.24	
301.792	51.39	
302.005	49.95	
302.217	29.88	
302.43	24.97	
302.642	14.52	
302.855	1.42	
303.067	-6.78	
303.28	28.86	
303.493	23.94	
303.705	50.77	
303.918	53.84	
304.13	68.39	
304.343	45.86	
304.555	70.23	
304.768	43.6	
304.98	52.41	
305.193	40.74	
305.405	45.24	
305.617	17.19	
305.83	36.03	
306.042	25.38	
306.255	17.19	
306.467	15.34	
306.68	16.78	
306.892	-4.32	
307.104	-4.93	
307.317	-4.11	
307.529	0.8	
307.741	22.31	
307.954	44.63	
308.166	38.89	
308.378	59.78	
308.591	78.62	
308.803	72.07	
309.015	80.06	
309.228	101.97	
309.44	83.54	
309.652	68.18	
309.864	71.87	
310.077	43.2	
310.289	22.72	
310.501	32.34	
310.713	33.16	
310.926	35.41	
311.138	30.7	
311.35	47.7	
311.562	36.03	
311.774	44.63	
311.986	30.91	
312.199	46.88	
312.411	14.93	
312.623	30.7	
312.835	15.55	
313.047	19.64	
313.259	21.49	
313.471	41.97	
313.683	31.73	
313.895	31.73	
314.108	33.36	
314.32	25.99	
314.532	12.48	
314.744	10.22	
314.956	26.4	
315.168	30.5	
315.38	25.17	
315.592	52.21	
315.804	56.51	
316.016	69.41	
316.228	81.9	
316.44	93.17	
316.651	84.56	
316.863	81.08	
317.075	54.66	
317.287	18.21	
317.499	11.66	
317.711	6.95	
317.923	24.35	
318.135	22.72	
318.347	36.85	
318.559	55.69	
318.77	65.72	
318.982	49.54	
319.194	42.79	
319.406	42.38	
319.618	28.24	
319.83	12.07	
320.041	11.66	
320.253	3.26	
320.465	6.33	
320.677	1.01	
320.888	7.77	
321.1	7.77	
321.312	39.1	
321.524	50.77	
321.735	44.42	
321.947	40.53	
322.159	36.85	
322.37	26.4	
322.582	25.79	
322.794	53.84	
323.005	54.05	
323.217	58.76	
323.429	39.71	
323.64	41.76	
323.852	12.68	
324.063	7.36	
324.275	14.73	
324.487	31.93	
324.698	13.91	
324.91	24.35	
325.121	24.35	
325.333	10.43	
325.544	-5.14	
325.756	8.99	
325.967	0.6	
326.179	13.5	
326.39	26.61	
326.602	51.59	
326.813	41.76	
327.025	48.52	
327.236	27.63	
327.448	18.41	
327.659	-10.26	
327.871	-4.11	
328.082	-2.88	
328.293	14.52	
328.505	18.82	
328.716	31.73	
328.928	10.22	
329.139	33.16	
329.35	30.09	
329.562	40.12	
329.773	50.36	
329.984	69.41	
330.196	33.16	
330.407	45.45	
330.618	22.92	
330.83	19.03	
331.041	20.67	
331.252	34.39	
331.463	22.31	
331.675	48.52	
331.886	62.04	
332.097	54.46	
332.308	51.8	
332.52	48.31	
332.731	38.69	
332.942	25.38	
333.153	43.4	
333.364	49.75	
333.575	49.75	
333.787	51.59	
333.998	29.27	
334.209	26.81	
334.42	18.62	
334.631	24.97	
334.842	39.71	
335.053	59.17	
335.264	37.67	
335.475	44.63	
335.686	42.17	
335.898	20.26	
336.109	19.23	
336.32	26.81	
336.531	30.7	
336.742	41.97	
336.953	42.99	
337.164	36.85	
337.375	44.42	
337.586	25.38	
337.797	2.65	
338.007	10.63	
338.218	-7.39	
338.429	-6.16	
338.64	5.31	
338.851	20.87	
339.062	19.03	
339.273	54.25	
339.484	42.99	
339.695	31.52	
339.906	22.1	
340.116	17.6	
340.327	2.24	
340.538	13.91	
340.749	19.44	
340.96	16.78	
341.171	10.22	
341.381	24.35	
341.592	18.21	
341.803	21.69	
342.014	8.38	
342.224	18.01	
342.435	-2.68	
342.646	-1.45	
342.857	-5.96	
343.067	7.56	
343.278	23.33	
343.489	36.44	
343.699	30.91	
343.91	43.81	
344.121	44.42	
344.331	31.73	
344.542	25.17	
344.753	38.89	
344.963	41.35	
345.174	45.65	
345.384	54.25	
345.595	65.31	
345.806	65.31	
346.016	50.77	
346.227	60.19	
346.437	45.86	
346.648	37.67	
346.858	41.15	
347.069	38.69	
347.279	33.16	
347.49	24.15	
347.7	25.38	
347.911	3.26	
348.121	5.1	
348.332	13.29	
348.542	5.51	
348.753	-2.07	
348.963	9.61	
349.173	15.14	
349.384	15.14	
349.594	39.51	
349.805	58.35	
350.015	42.99	
350.225	49.75	
350.436	52.41	
350.646	56.3	
350.856	42.58	
351.067	48.72	
351.277	32.75	
351.487	12.07	
351.698	0.19	
351.908	3.05	
352.118	6.33	
352.328	16.37	
352.539	34.8	
352.749	30.5	
352.959	30.29	
353.169	33.98	
353.38	17.39	
353.59	22.51	
353.8	28.24	
354.01	22.51	
354.22	15.14	
354.431	48.11	
354.641	30.91	
354.851	25.79	
355.061	36.23	
355.271	55.89	
355.481	33.57	
355.691	40.33	
355.901	38.28	
356.111	38.89	
356.321	23.94	
356.532	23.53	
356.742	11.25	
356.952	8.17	
357.162	-0.84	
357.372	-10.26	
357.582	-16.61	
357.792	-20.29	
358.002	-23.57	
358.212	2.85	
358.422	24.76	
358.632	34.8	
358.842	39.3	
359.051	58.15	
359.261	29.27	
359.471	21.9	
359.681	29.27	
359.891	30.7	
360.101	17.39	
360.311	22.31	
360.521	18.41	
360.731	23.53	
360.94	37.46	
361.15	50.77	
361.36	48.72	
361.57	46.27	
361.78	40.94	
361.989	27.63	
362.199	18.82	
362.409	27.63	
362.619	23.74	
362.828	58.35	
363.038	60.6	
363.248	68.18	
363.458	70.02	
363.667	76.58	
363.877	31.73	
364.087	33.77	
364.296	24.97	
364.506	29.68	
364.716	28.45	
364.925	30.91	
365.135	24.97	
365.345	18.62	
365.554	13.91	
365.764	43.6	
365.973	55.07	
366.183	71.05	
366.393	88.05	
366.602	87.84	
366.812	51.39	
367.021	55.28	
367.231	22.1	
367.44	7.97	
367.65	5.92	
367.859	27.43	
368.069	2.24	
368.278	28.45	
368.488	37.46	
368.697	26.81	
368.907	2.24	
369.116	41.76	
369.326	37.26	
369.535	28.65	
369.744	37.46	
369.954	43.81	
370.163	18.01	
370.373	22.51	
370.582	22.92	
370.791	15.96	
371.001	17.8	
371.21	23.12	
371.419	5.72	
371.629	1.21	
371.838	4.49	
372.047	22.1	
372.256	11.04	
372.466	36.03	
372.675	31.32	
372.884	33.77	
373.093	6.13	
373.303	23.94	
373.512	7.36	
373.721	21.49	
373.93	8.38	
374.139	44.42	
374.349	28.45	
374.558	44.63	
374.767	44.83	
374.976	44.22	
375.185	23.12	
375.394	11.66	
375.603	-1.25	
375.813	-1.25	
376.022	2.65	
376.231	-0.22	
376.44	-1.66	
376.649	13.7	
376.858	7.15	
377.067	23.33	
377.276	27.84	
377.485	57.74	
377.694	43.4	
377.903	49.54	
378.112	49.13	
378.321	46.47	
378.53	33.16	
378.739	34.59	
378.948	38.08	
379.157	21.9	
379.366	47.5	
379.575	51.59	
379.784	44.83	
379.992	31.52	
380.201	49.34	
380.41	24.56	
380.619	28.86	
380.828	45.45	
381.037	52.82	
381.246	29.68	
381.454	18.21	
381.663	19.44	
381.872	6.74	
382.081	11.86	
382.29	22.72	
382.498	30.29	
382.707	26.2	
382.916	30.29	
383.125	20.26	
383.333	19.85	
383.542	32.14	
383.751	34.18	
383.959	43.2	
384.168	36.64	
384.377	39.51	
384.585	33.98	
384.794	20.05	
385.003	24.97	
385.211	43.6	
385.42	33.36	
385.628	23.94	
385.837	24.76	
386.046	19.85	
386.254	31.32	
386.463	41.35	
386.671	63.06	
386.88	66.54	
387.088	68.59	
387.297	54.05	
387.505	57.33	
387.714	34.8	
387.922	38.89	
388.131	30.29	
388.339	30.91	
388.548	18.41	
388.756	19.64	
388.965	12.89	
389.173	6.33	
389.381	1.01	
389.59	10.22	
389.798	22.51	
390.007	19.64	
390.215	13.7	
390.423	30.5	
390.632	34.18	
390.84	38.48	
391.048	41.15	
391.257	55.69	
391.465	38.89	
391.673	30.29	
391.882	13.91	
392.09	19.03	
392.298	5.31	
392.506	13.7	
392.715	33.57	
392.923	50.36	
393.131	55.48	
393.339	62.24	
393.547	52.62	
393.756	39.3	
393.964	22.72	
394.172	10.43	
394.38	0.39	
394.588	1.62	
394.796	-8.82	
395.005	-13.53	
395.213	-8.41	
395.421	9.2	
395.629	6.33	
395.837	14.11	
396.045	16.98	
396.253	12.68	
396.461	4.69	
396.669	5.92	
396.877	10.43	
397.085	29.47	
397.293	35.62	
397.501	45.24	
397.709	50.36	
397.917	47.91	
398.125	47.5	
398.333	63.06	
398.541	42.38	
398.749	55.48	
398.957	46.06	
399.165	25.58	
399.373	13.91	
399.581	22.72	
399.788	17.19	
399.996	19.85	
400.204	26.2	
400.412	13.7	
400.62	3.67	
400.828	-6.16	
401.035	-7.39	
401.243	4.69	
401.451	12.89	
401.659	18.01	
401.867	25.79	
402.074	35.82	
402.282	29.68	
402.49	26.81	
402.697	62.65	
402.905	62.24	
403.113	55.28	
403.321	38.69	
403.528	37.05	
403.736	22.51	
403.944	17.8	
404.151	16.98	
404.359	28.86	
404.566	39.1	
404.774	24.35	
404.982	24.76	
405.189	24.56	
405.397	25.79	
405.604	13.29	
405.812	16.98	
406.02	7.56	
406.227	19.64	
406.435	26.81	
406.642	45.65	
406.85	40.94	
407.057	66.34	
407.265	73.51	
407.472	78.01	
407.679	75.76	
407.887	79.03	
408.094	64.08	
408.302	42.58	
408.509	38.89	
408.717	48.11	
408.924	58.35	
409.131	62.24	
409.339	76.17	
409.546	87.64	
409.753	79.65	
409.961	90.91	
410.168	97.26	
410.375	107.5	
410.583	97.47	
410.79	93.78	
410.997	91.53	
411.205	99.51	
411.412	99.1	
411.619	100.95	
411.826	105.25	
412.034	118.15	
412.241	113.44	
412.448	107.71	
412.655	99.72	
412.862	109.75	
413.07	85.18	
413.277	81.08	
413.484	78.62	
413.691	105.04	
413.898	100.33	
414.105	107.5	
414.312	110.37	
414.519	119.17	
414.727	103.81	
414.934	109.34	
415.141	121.63	
415.348	133.92	
415.555	134.74	
415.762	136.58	
415.969	115.49	
416.176	118.15	
416.383	128.6	
416.59	130.03	
416.797	139.04	
417.004	175.49	
417.211	171.81	
417.418	164.03	
417.625	176.11	
417.831	193.31	
418.038	201.09	
418.245	215.84	
418.452	213.59	
418.659	216.45	
418.866	212.97	
419.073	210.92	
419.28	212.36	
419.486	249.84	
419.693	254.55	
419.9	272.16	
420.107	281.58	
420.314	298.78	
420.52	296.32	
420.727	329.5	
420.934	336.67	
421.141	330.12	
421.347	338.51	
421.554	345.27	
421.761	323.56	
421.967	345.88	
422.174	379.06	
422.381	376.4	
422.588	373.74	
422.794	384.18	
423.001	406.71	
423.207	409.37	
423.414	432.92	
423.621	450.95	
423.827	483.51	
424.034	487.4	
424.24	494.77	
424.447	499.28	
424.654	522.21	
424.86	544.74	
425.067	543.1	
425.273	564.4	
425.48	592.05	
425.686	621.95	
425.893	645.09	
426.099	668.03	
426.306	698.95	
426.512	727.22	
426.718	739.3	
426.925	744.01	
427.131	759.78	
427.338	770.84	
427.544	794.39	
427.75	803.61	
427.957	814.26	
428.163	849.69	
428.37	889.83	
428.576	906.82	
428.782	943.28	
428.988	1001.23	
429.195	1031.34	
429.401	1056.12	
429.607	1075.37	
429.814	1134.97	
430.02	1162.21	
430.226	1186.99	
430.432	1209.51	
430.639	1249.45	
430.845	1263.17	
431.051	1300.03	
431.257	1341.4	
431.463	1386.25	
431.67	1427.21	
431.876	1453.22	
432.082	1478.82	
432.288	1535.96	
432.494	1588.39	
432.7	1659.25	
432.906	1715.77	
433.112	1779.46	
433.318	1814.89	
433.525	1843.56	
433.731	1887.6	
433.937	1938.18	
434.143	1977.3	
434.349	2018.05	
434.555	2063.31	
434.761	2077.85	
434.967	2097.51	
435.173	2151.78	
435.379	2188.24	
435.585	2238.82	
435.791	2280.19	
435.996	2342.04	
436.202	2346.55	
436.408	2391.6	
436.614	2411.88	
436.82	2463.69	
437.026	2476.18	
437.232	2528	
437.438	2550.32	
437.644	2588.82	
437.849	2626.3	
438.055	2655.99	
438.261	2672.58	
438.467	2682.21	
438.673	2697.57	
438.878	2696.75	
439.084	2729.52	
439.29	2768.84	
439.496	2803.45	
439.701	2831.09	
439.907	2823.72	
440.113	2830.28	
440.318	2848.5	
440.524	2846.45	
440.73	2834.37	
440.935	2870.42	
441.141	2887.82	
441.347	2883.93	
441.552	2891.1	
441.758	2944.14	
441.964	2948.03	
442.169	2931.85	
442.375	2931.85	
442.58	2941.48	
442.786	2923.05	
442.991	2909.33	
443.197	2925.71	
443.402	2931.24	
443.608	2938	
443.813	2957.05	
444.019	2974.04	
444.224	2984.49	
444.43	2968.51	
444.635	2983.67	
444.841	2942.91	
445.046	2969.74	
445.252	2927.35	
445.457	2938.61	
445.662	2906.87	
445.868	2914.45	
446.073	2880.45	
446.278	2910.56	
446.484	2903.39	
446.689	2919.57	
446.894	2928.58	
447.1	2937.18	
447.305	2941.28	
447.51	2927.55	
447.716	2911.78	
447.921	2898.47	
448.126	2887.21	
448.331	2865.91	
448.537	2873.49	
448.742	2899.7	
448.947	2913.63	
449.152	2929.19	
449.357	2979.37	
449.563	3002.71	
449.768	3004.56	
449.973	3003.94	
450.178	3007.83	
450.383	2964.01	
450.588	2951.52	
450.793	2954.18	
450.999	2979.98	
451.204	2976.09	
451.409	3004.15	
451.614	3007.22	
451.819	3029.34	
452.024	3016.23	
452.229	3023.6	
452.434	3034.87	
452.639	3041.83	
452.844	3026.68	
453.049	3024.22	
453.254	3046.54	
453.459	3047.57	
453.664	3055.96	
453.869	3031.8	
454.074	3051.66	
454.279	3036.1	
454.483	3003.53	
454.688	2994.93	
454.893	3031.39	
455.098	2996.16	
455.303	2975.89	
455.508	2984.28	
455.713	2967.69	
455.917	2926.94	
456.122	2925.71	
456.327	2930.83	
456.532	2941.07	
456.737	2951.31	
456.941	2951.72	
457.146	2936.36	
457.351	2891.92	
457.555	2826.59	
457.76	2806.31	
457.965	2744.67	
458.17	2720.3	
458.374	2720.1	
458.579	2697.77	
458.784	2638.59	
458.988	2609.5	
459.193	2555.03	
459.397	2504.65	
459.602	2478.03	
459.807	2453.24	
460.011	2444.23	
460.216	2436.66	
460.42	2394.47	
460.625	2341.84	
460.829	2285.93	
461.034	2218.55	
461.239	2154.65	
461.443	2117.99	
461.648	2087.68	
461.852	2053.89	
462.056	2029.93	
462.261	2000.23	
462.465	1975.25	
462.67	1940.43	
462.874	1888.21	
463.079	1837.22	
463.283	1802.61	
463.487	1748.33	
463.692	1706.76	
463.896	1673.99	
464.1	1649.01	
464.305	1600.68	
464.509	1560.74	
464.713	1538.62	
464.918	1512.2	
465.122	1480.46	
465.326	1471.24	
465.531	1439.5	
465.735	1420.25	
465.939	1401.41	
466.143	1386.66	
466.348	1358.61	
466.552	1344.68	
466.756	1317.65	
466.96	1321.33	
467.164	1312.73	
467.368	1287.54	
467.573	1269.31	
467.777	1251.7	
467.981	1210.13	
468.185	1165.89	
468.389	1163.84	
468.593	1137.02	
468.797	1109.16	
469.001	1121.04	
469.205	1130.05	
469.409	1120.63	
469.613	1147.26	
469.817	1155.04	
470.021	1133.53	
470.225	1124.52	
470.429	1122.68	
470.633	1101.18	
470.837	1094.21	
471.041	1088.68	
471.245	1066.16	
471.449	1046.49	
471.653	1033.18	
471.857	1026.63	
472.061	1006.35	
472.265	1012.7	
472.469	1003.69	
472.673	991.4	
472.876	984.65	
473.08	978.5	
473.284	978.09	
473.488	976.86	
473.692	998.16	
473.895	1008.2	
474.099	1013.32	
474.303	992.43	
474.507	1005.13	
474.71	970.52	
474.914	933.86	
475.118	921.57	
475.322	925.05	
475.525	888.19	
475.729	892.49	
475.933	894.74	
476.136	922.59	
476.34	918.7	
476.543	923.21	
476.747	900.07	
476.951	902.11	
477.154	843.95	
477.358	856.65	
477.561	855.62	
477.765	864.84	
477.969	844.77	
478.172	853.37	
478.376	824.7	
478.579	825.11	
478.783	810.77	
478.986	807.09	
479.19	815.48	
479.393	827.57	
479.596	817.74	
479.8	817.53	
480.003	817.74	
480.207	806.06	
480.41	780.67	
480.614	782.51	
480.817	778.62	
481.02	790.7	
481.224	794.8	
481.427	801.35	
481.63	794.59	
481.834	797.26	
482.037	769	
482.24	752	
482.443	751.59	
482.647	729.88	
482.85	725.78	
483.053	739.09	
483.256	729.47	
483.46	724.35	
483.663	729.67	
483.866	740.12	
484.069	732.75	
484.272	738.89	
484.476	726.81	
484.679	747.29	
484.882	747.08	
485.085	758.35	
485.288	765.1	
485.491	779.85	
485.694	731.11	
485.897	719.84	
486.101	708.38	
486.304	723.33	
486.507	713.09	
486.71	729.88	
486.913	730.08	
487.116	724.55	
487.319	702.03	
487.522	720.25	
487.725	755.68	
487.928	752.61	
488.13	761.42	
488.333	780.26	
488.536	775.96	
488.739	756.71	
488.942	783.74	
489.145	792.75	
489.348	795.62	
489.551	798.69	
489.754	809.75	
489.956	793.16	
490.159	791.52	
490.362	776.16	
490.565	765.51	
490.768	758.14	
490.97	763.47	
491.173	781.08	
491.376	785.99	
491.579	800.94	
491.781	815.28	
491.984	820.81	
492.187	798.69	
492.39	806.06	
492.592	799.1	
492.795	794.39	
492.998	786.61	
493.2	791.32	
493.403	787.02	
493.605	808.93	
493.808	816.51	
494.011	821.63	
494.213	818.97	
494.416	837.81	
494.618	811.39	
494.821	797.87	
495.023	809.54	
495.226	818.76	
495.428	820.4	
495.631	834.94	
495.833	840.88	
496.036	845.59	
496.238	844.97	
496.441	841.29	
496.643	829.41	
496.846	840.47	
497.048	819.38	
497.25	822.45	
497.453	831.66	
497.655	864.02	
497.858	866.89	
498.06	879.38	
498.262	896.58	
498.465	900.68	
498.667	898.84	
498.869	912.56	
499.071	919.32	
499.274	919.73	
499.476	907.64	
499.678	899.66	
499.881	887.16	
500.083	879.18	
500.285	859.11	
500.487	866.68	
500.689	875.69	
500.892	877.54	
501.094	873.03	
501.296	896.58	
501.498	887.78	
501.7	877.54	
501.902	878.97	
502.104	897.4	
502.306	889.42	
502.509	899.86	
502.711	901.7	
502.913	910.31	
503.115	899.45	
503.317	910.31	
503.519	912.56	
503.721	927.92	
503.923	945.94	
504.125	951.26	
504.327	950.45	
504.529	957.82	
504.731	963.96	
504.933	953.52	
505.134	972.56	
505.336	988.54	
505.538	997.34	
505.74	985.67	
505.942	971.95	
506.144	961.71	
506.346	950.45	
506.548	959.25	
506.749	965.19	
506.951	983.42	
507.153	991	
507.355	994.89	
507.557	998.57	
507.758	1026.83	
507.96	1023.56	
508.162	1041.17	
508.363	1062.88	
508.565	1047.72	
508.767	1023.56	
508.969	1039.94	
509.17	1040.76	
509.372	1044.86	
509.574	1052.84	
509.775	1072.91	
509.977	1058.17	
510.178	1077.01	
510.38	1087.04	
510.582	1103.02	
510.783	1102.61	
510.985	1126.57	
511.186	1122.07	
511.388	1113.26	
511.589	1125.96	
511.791	1133.12	
511.992	1155.04	
512.194	1176.13	
512.395	1173.88	
512.597	1190.26	
512.798	1192.52	
513	1192.11	
513.201	1188.42	
513.403	1224.67	
513.604	1207.06	
513.805	1220.37	
514.007	1215.45	
514.208	1215.45	
514.409	1210.13	
514.611	1231.84	
514.812	1258.46	
515.013	1300.44	
515.215	1320.72	
515.416	1309.45	
515.617	1316.62	
515.819	1329.32	
516.02	1308.23	
516.221	1322.97	
516.422	1353.28	
516.623	1368.64	
516.825	1370.48	
517.026	1394.04	
517.227	1398.95	
517.428	1406.32	
517.629	1421.89	
517.83	1443.6	
518.032	1473.29	
518.233	1488.24	
518.434	1514.46	
518.635	1533.09	
518.836	1525.11	
519.037	1505.85	
519.238	1546.81	
519.439	1573.85	
519.64	1595.56	
519.841	1640.2	
520.042	1676.86	
520.243	1672.15	
520.444	1675.63	
520.645	1684.03	
520.846	1684.64	
521.047	1699.59	
521.248	1711.27	
521.449	1724.17	
521.65	1747.51	
521.851	1779.67	
522.052	1790.11	
522.252	1820.42	
522.453	1844.38	
522.654	1833.94	
522.855	1819.81	
523.056	1840.7	
523.257	1851.35	
523.457	1857.7	
523.658	1867.12	
523.859	1906.23	
524.06	1908.69	
524.26	1894.56	
524.461	1926.1	
524.662	1952.52	
524.862	1960.91	
525.063	1996.34	
525.264	2023.99	
525.464	2010.06	
525.665	2037.71	
525.866	2056.55	
526.066	2055.12	
526.267	2070.89	
526.468	2100.79	
526.668	2107.75	
526.869	2105.5	
527.069	2125.77	
527.27	2136.63	
527.47	2148.92	
527.671	2153.42	
527.871	2174.72	
528.072	2186.8	
528.272	2198.89	
528.473	2216.91	
528.673	2251.11	
528.874	2234.52	
529.074	2233.29	
529.275	2250.5	
529.475	2224.08	
529.675	2195.61	
529.876	2220.6	
530.076	2235.14	
530.277	2244.76	
530.477	2279.17	
530.677	2303.13	
530.878	2300.67	
531.078	2351.87	
531.278	2396.52	
531.478	2405.12	
531.679	2432.56	
531.879	2472.91	
532.079	2432.77	
532.28	2406.76	
532.48	2422.12	
532.68	2447.92	
532.88	2449.15	
533.08	2482.94	
533.28	2496.05	
533.481	2528	
533.681	2535.37	
533.881	2586.36	
534.081	2610.12	
534.281	2645.34	
534.481	2660.91	
534.681	2681.18	
534.881	2679.14	
535.081	2687.33	
535.281	2703.1	
535.481	2726.44	
535.682	2746.51	
535.882	2757.98	
536.082	2783.38	
536.281	2814.71	
536.481	2816.14	
536.681	2830.69	
536.881	2836.01	
537.081	2852.6	
537.281	2863.45	
537.481	2889.87	
537.681	2910.15	
537.881	2937.38	
538.081	2990.43	
538.281	3016.64	
538.48	3021.76	
538.68	3053.71	
538.88	3110.03	
539.08	3100.81	
539.28	3126	
539.479	3181.91	
539.679	3210.99	
539.879	3243.76	
540.079	3269.36	
540.278	3294.14	
540.478	3300.49	
540.678	3318.1	
540.877	3307.45	
541.077	3317.28	
541.277	3332.23	
541.476	3377.49	
541.676	3410.26	
541.876	3451.42	
542.075	3497.5	
542.275	3529.86	
542.474	3565.91	
542.674	3611.99	
542.874	3662.37	
543.073	3710.08	
543.273	3738.14	
543.472	3769.47	
543.672	3787.5	
543.871	3799.58	
544.071	3827.02	
544.27	3882.52	
544.47	3910.37	
544.669	3955.22	
544.868	3988.4	
545.068	4023.22	
545.267	4032.23	
545.467	4078.31	
545.666	4091.01	
545.865	4130.53	
546.065	4155.11	
546.264	4199.34	
546.463	4210.4	
546.663	4245.22	
546.862	4290.48	
547.061	4336.97	
547.261	4376.7	
547.46	4440.18	
547.659	4489.34	
547.858	4548.93	
548.058	4573.1	
548.257	4647.44	
548.456	4687.78	
548.655	4735.3	
548.854	4740.21	
549.053	4803.9	
549.253	4830.12	
549.452	4893.4	
549.651	4950.74	
549.85	5028.97	
550.049	5060.1	
550.248	5071.57	
550.447	5086.11	
550.646	5113.97	
550.845	5159.23	
551.044	5208.99	
551.243	5269.2	
551.442	5334.53	
551.641	5367.91	
551.84	5393.72	
552.039	5451.27	
552.238	5529.29	
552.437	5578.85	
552.636	5680.84	
552.835	5780.78	
553.034	5854.51	
553.233	5921.68	
553.432	5965.92	
553.63	5991.73	
553.829	6019.99	
554.028	6062.38	
554.227	6125.46	
554.426	6194.88	
554.625	6279.87	
554.823	6322.06	
555.022	6385.55	
555.221	6435.72	
555.42	6493.27	
555.618	6533	
555.817	6617.79	
556.016	6659.36	
556.214	6724.28	
556.413	6790.64	
556.612	6850.03	
556.81	6904.91	
557.009	6973.93	
557.208	6992.16	
557.406	7053.8	
557.605	7129.17	
557.803	7218.87	
558.002	7322.5	
558.201	7412.61	
558.399	7496.16	
558.598	7530.77	
558.796	7594.47	
558.995	7647.51	
559.193	7695.64	
559.392	7743.97	
559.59	7861.93	
559.789	7940.16	
559.987	8016.14	
560.185	8147.21	
560.384	8213.98	
560.582	8273.57	
560.781	8334.81	
560.979	8390.72	
561.177	8439.66	
561.376	8520.56	
561.574	8576.47	
561.772	8614.35	
561.971	8730.06	
562.169	8831.23	
562.367	8906.8	
562.566	9055.49	
562.764	9194.54	
562.962	9262.13	
563.16	9306.98	
563.358	9389.92	
563.557	9445.42	
563.755	9514.44	
563.953	9610.9	
564.151	9696.71	
564.349	9813.23	
564.547	9887.58	
564.746	9981.58	
564.944	10058.17	
565.142	10180.64	
565.34	10279.15	
565.538	10388.3	
565.736	10489.27	
565.934	10588.19	
566.132	10667.03	
566.33	10771.27	
566.528	10866.51	
566.726	10918.11	
566.924	10955.18	
567.122	11011.5	
567.32	11043.65	
567.518	11146.05	
567.716	11277.53	
567.914	11398.16	
568.112	11514.28	
568.31	11629.78	
568.507	11699.21	
568.705	11747.75	
568.903	11852.6	
569.101	11980.19	
569.299	12134.4	
569.497	12271.41	
569.694	12469.66	
569.892	12641.89	
570.09	12740.4	
570.288	12821.29	
570.486	12937.62	
570.683	12989.02	
570.881	13077.9	
571.079	13137.09	
571.276	13223.31	
571.474	13319.77	
571.672	13469.47	
571.869	13581.91	
572.067	13771.14	
572.265	13899.14	
572.462	13967.95	
572.66	14057.65	
572.857	14172.54	
573.055	14317.54	
573.253	14446.76	
573.45	14466.63	
573.648	14372.83	
573.845	14269.61	
574.043	14137.32	
574.24	14039.83	
574.438	14101.07	
574.635	14342.32	
574.832	14667.13	
575.03	15006.47	
575.227	15330.87	
575.425	15587.89	
575.622	15741.29	
575.82	15741.08	
576.017	15778.76	
576.214	15863.75	
576.412	15978.44	
576.609	16113.81	
576.806	16283.38	
577.004	16435.96	
577.201	16522.38	
577.398	16565.39	
577.595	16588.33	
577.793	16632.15	
577.99	16676.39	
578.187	16734.96	
578.384	16897.16	
578.582	17042.77	
578.779	17258.63	
578.976	17414.27	
579.173	17589.78	
579.37	17670.47	
579.567	17708.97	
579.764	17737.03	
579.962	17800.11	
580.159	17856.84	
580.356	17975.21	
580.553	18159.32	
580.75	18234.07	
580.947	18288.75	
581.144	18352.45	
581.341	18339.13	
581.538	18331.35	
581.735	18329.71	
581.932	18355.52	
582.129	18332.38	
582.326	18395.86	
582.523	18474.91	
582.72	18668.24	
582.916	18810.17	
583.113	18958.03	
583.31	19062.89	
583.507	19169.18	
583.704	19190.68	
583.901	19234.1	
584.098	19324.62	
584.294	19375.41	
584.491	19350.63	
584.688	19352.88	
584.885	19301.27	
585.082	19305.16	
585.278	19308.03	
585.475	19418.21	
585.672	19493.37	
585.868	19612.77	
586.065	19632.84	
586.262	19646.15	
586.458	19642.05	
586.655	19624.44	
586.852	19639.8	
587.048	19703.9	
587.245	19845.82	
587.442	19984.47	
587.638	20182.51	
587.835	20405.12	
588.031	20597.02	
588.228	20740.17	
588.424	20763.11	
588.621	20754.1	
588.817	20681.4	
589.014	20626.92	
589.21	20516.94	
589.407	20417	
589.603	20355.97	
589.8	20284.7	
589.996	20235.55	
590.192	20263.61	
590.389	20360.89	
590.585	20422.94	
590.782	20472.5	
590.978	20512.44	
591.174	20551.96	
591.371	20527.59	
591.567	20477.21	
591.763	20524.52	
591.959	20462.67	
592.156	20410.04	
592.352	20427.86	
592.548	20511.41	
592.744	20488.48	
592.941	20549.1	
593.137	20578.38	
593.333	20573.67	
593.529	20509.16	
593.725	20503.84	
593.922	20504.45	
594.118	20495.23	
594.314	20482.33	
594.51	20496.46	
594.706	20445.26	
594.902	20362.94	
595.098	20328.94	
595.294	20305.18	
595.49	20300.68	
595.686	20316.04	
595.882	20327.1	
596.078	20329.55	
596.274	20415.77	
596.47	20453.87	
596.666	20440.14	
596.862	20425.81	
597.058	20408.61	
597.254	20268.32	
597.45	20187.02	
597.646	20268.52	
597.842	20318.9	
598.037	20393.45	
598.233	20394.68	
598.429	20363.14	
598.625	20225.93	
598.821	20091.99	
599.017	19950.48	
599.212	19957.23	
599.408	19930.61	
599.604	19892.93	
599.8	19930.61	
599.995	19890.67	
600.191	19840.91	
600.387	19838.45	
600.582	19876.75	
600.778	19873.68	
600.974	19878.8	
601.169	19843.16	
601.365	19772.51	
601.561	19689.56	
601.756	19588.8	
601.952	19602.73	
602.147	19570.78	
602.343	19650.65	
602.538	19685.67	
602.734	19736.05	
602.93	19657.62	
603.125	19614.4	
603.321	19428.24	
603.516	19301.88	
603.711	19176.55	
603.907	19155.25	
604.102	19121.25	
604.298	19061.25	
604.493	19020.49	
604.689	18957.82	
604.884	18860.55	
605.079	18787.23	
605.275	18775.35	
605.47	18757.53	
605.665	18809.55	
605.861	18813.65	
606.056	18849.9	
606.251	18893.11	
606.447	18959.05	
606.642	19041.18	
606.837	19118.8	
607.032	19155.66	
607.227	19115.52	
607.423	19088.08	
607.618	18995.51	
607.813	18966.02	
608.008	18996.33	
608.203	19167.54	
608.398	19280.18	
608.594	19404.69	
608.789	19471.46	
608.984	19512.82	
609.179	19463.06	
609.374	19461.22	
609.569	19488.45	
609.764	19549.07	
609.959	19594.54	
610.154	19654.34	
610.349	19688.54	
610.544	19630.17	
610.739	19528.18	
610.934	19483.74	
611.129	19509.34	
611.324	19529.41	
611.519	19654.54	
611.714	19789.91	
611.909	19899.48	
612.103	20006.38	
612.298	20112.88	
612.493	20198.89	
612.688	20276.72	
612.883	20364.16	
613.078	20420.07	
613.272	20443.83	
613.467	20539.68	
613.662	20609.31	
613.857	20636.34	
614.051	20608.28	
614.246	20592.1	
614.441	20511.62	
614.635	20473.32	
614.83	20485.61	
615.025	20556.88	
615.219	20627.33	
615.414	20779.7	
615.609	20958.49	
615.803	20989.21	
615.998	21038.56	
616.192	21103.48	
616.387	21072.76	
616.582	21110.65	
616.776	21184.79	
616.971	21236.19	
617.165	21238.65	
617.36	21156.11	
617.554	21039.18	
617.749	21104.1	
617.943	21144.44	
618.138	21204.24	
618.332	21396.34	
618.526	21450.2	
618.721	21371.36	
618.915	21189.91	
619.11	21003.75	
619.304	20773.14	
619.498	20660.71	
619.693	20495.23	
619.887	20424.99	
620.081	20353.11	
620.275	20346.55	
620.47	20303.75	
620.664	20395.7	
620.858	20477.01	
621.052	20559.95	
621.247	20549.3	
621.441	20543.57	
621.635	20404.71	
621.829	20360.07	
622.023	20252.96	
622.218	20174.93	
622.412	20061.68	
622.606	20023.79	
622.8	19900.1	
622.994	19872.65	
623.188	19776.4	
623.382	19726.63	
623.576	19677.28	
623.77	19599.86	
623.964	19501.77	
624.158	19467.56	
624.352	19488.66	
624.546	19418.62	
624.74	19408.38	
624.934	19453.64	
625.128	19457.12	
625.322	19366.19	
625.516	19300.45	
625.71	19242.49	
625.904	19090.94	
626.098	18981.17	
626.291	18890.24	
626.485	18949.43	
626.679	18968.88	
626.873	19040.97	
627.067	19062.68	
627.26	19055.31	
627.454	18962.74	
627.648	18838.43	
627.842	18731.73	
628.035	18639.98	
628.229	18612.74	
628.423	18600.86	
628.617	18616.63	
628.81	18621.75	
629.004	18679.3	
629.198	18730.3	
629.391	18726.2	
629.585	18737.26	
629.778	18719.24	
629.972	18639.37	
630.166	18576.49	
630.359	18552.53	
630.553	18483.11	
630.746	18417.16	
630.94	18404.67	
631.133	18319.47	
631.327	18296.95	
631.52	18346.1	
631.714	18484.33	
631.907	18619.3	
632.1	18824.91	
632.294	18971.34	
632.487	19045.07	
632.681	19062.07	
632.874	19000.63	
633.067	18929.97	
633.261	18929.97	
633.454	18986.5	
633.647	19046.3	
633.841	19156.48	
634.034	19311.51	
634.227	19348.99	
634.421	19354.52	
634.614	19395.89	
634.807	19463.26	
635	19533.51	
635.193	19721.31	
635.387	19950.48	
635.58	20099.77	
635.773	20262.18	
635.966	20389.56	
636.159	20512.03	
636.352	20657.23	
636.545	20853.83	
636.739	20950.7	
636.932	21037.54	
637.125	21025.04	
637.318	21083.82	
637.511	21144.24	
637.704	21351.29	
637.897	21637.18	
638.09	21961.38	
638.283	22186.45	
638.476	22502.24	
638.669	22792.44	
638.862	23099.02	
639.055	23443.7	
639.247	23878.48	
639.44	24241.99	
639.633	24665.31	
639.826	25032.92	
640.019	25352.2	
640.212	25612.9	
640.405	25897.78	
640.597	26071.65	
640.79	26218.49	
640.983	26323.55	
641.176	26364.1	
641.368	26336.66	
641.561	26314.74	
641.754	26210.91	
641.947	26168.93	
642.139	26047.69	
642.332	25955.53	
642.525	25848.22	
642.717	25746.43	
642.91	25525.66	
643.103	25401.96	
643.295	25186.93	
643.488	24900.62	
643.68	24607.35	
643.873	24442.9	
644.065	24164.99	
644.258	23920.46	
644.45	23725.5	
644.643	23460.28	
644.835	23127.69	
645.028	22841.39	
645.22	22550.17	
645.413	22295.19	
645.605	22090.4	
645.798	21899.94	
645.99	21711.32	
646.182	21465.77	
646.375	21219.19	
646.567	20998.42	
646.76	20722.97	
646.952	20448.54	
647.144	20290.64	
647.337	20121.69	
647.529	19926.1	
647.721	19804.86	
647.913	19700.62	
648.106	19528.8	
648.298	19386.06	
648.49	19289.8	
648.682	19167.33	
648.874	19028.48	
649.067	19024.18	
649.259	19009.43	
649.451	18997.56	
649.643	18953.52	
649.835	18963.76	
650.027	18842.52	
650.219	18705.31	
650.411	18481.67	
650.603	18353.67	
650.796	18239.19	
650.988	18079.86	
651.18	17968.25	
651.372	17983.61	
651.564	17929.95	
651.756	17823.05	
651.948	17811.17	
652.139	17706.52	
652.331	17601.66	
652.523	17508.27	
652.715	17410.17	
652.907	17265.79	
653.099	17135.34	
653.291	17072.87	
653.483	17011.23	
653.674	17011.23	
653.866	16986.86	
654.058	16985.22	
654.25	16937.71	
654.442	16880.77	
654.633	16848.83	
654.825	16789.44	
655.017	16770.18	
655.209	16700.76	
655.4	16658.78	
655.592	16568.05	
655.784	16569.69	
655.975	16583	
656.167	16578.9	
656.359	16589.55	
656.55	16551.05	
656.742	16457.05	
656.933	16349.74	
657.125	16237.92	
657.316	16133.06	
657.508	16094.15	
657.7	16100.5	
657.891	16091.08	
658.083	16048.89	
658.274	15998.92	
658.466	15961.24	
658.657	15963.69	
658.848	15896.11	
659.04	15903.89	
659.231	15878.29	
659.423	15853.72	
659.614	15786.34	
659.805	15802.31	
659.997	15825.25	
660.188	15813.78	
660.379	15744.97	
660.571	15678.82	
660.762	15581.34	
660.953	15514.17	
661.145	15484.47	
661.336	15483.45	
661.527	15550.41	
661.718	15575.4	
661.909	15563.73	
662.101	15591.37	
662.292	15569.67	
662.483	15482.83	
662.674	15408.7	
662.865	15300.56	
663.056	15130.38	
663.247	15031.46	
663.439	14951.59	
663.63	14920.25	
663.821	14872.54	
664.012	14894.45	
664.203	14897.11	
664.394	14843.25	
664.585	14817.04	
664.776	14808.44	
664.967	14766.25	
665.158	14703.37	
665.349	14646.44	
665.54	14521.72	
665.73	14459.26	
665.921	14387.58	
666.112	14345.18	
666.303	14327.78	
666.494	14348.87	
666.685	14308.73	
666.876	14308.12	
667.066	14218.01	
667.257	14175.82	
667.448	14191.79	
667.639	14185.24	
667.83	14130.76	
668.02	14163.73	
668.211	14148.38	
668.402	14095.74	
668.592	14056.63	
668.783	14050.48	
668.974	14056.42	
669.164	14056.42	
669.355	14040.65	
669.546	14026.73	
669.736	13992.52	
669.927	13930.88	
670.117	13831.96	
670.308	13779.95	
670.499	13697.21	
670.689	13633.52	
670.88	13585.18	
671.07	13584.77	
671.261	13498.55	
671.451	13503.26	
671.641	13515.96	
671.832	13501.83	
672.022	13450.02	
672.213	13373.63	
672.403	13277.58	
672.594	13187.06	
672.784	13117.02	
672.974	13052.92	
673.165	13036.53	
673.355	13069.51	
673.545	13046.16	
673.736	13098.38	
673.926	13131.15	
674.116	13187.67	
674.306	13166.37	
674.497	13183.58	
674.687	13126.64	
674.877	13071.35	
675.067	12986.15	
675.257	12954	
675.448	12875.77	
675.638	12863.48	
675.828	12860.82	
676.018	12863.07	
676.208	12827.84	
676.398	12805.73	
676.588	12711.32	
676.778	12624.69	
676.968	12563.04	
677.158	12461.26	
677.348	12435.45	
677.538	12459.62	
677.728	12492.8	
677.918	12519.83	
678.108	12504.27	
678.298	12473.34	
678.488	12397.57	
678.678	12376.88	
678.868	12335.31	
679.058	12388.76	
679.248	12380.98	
679.438	12390.81	
679.627	12361.32	
679.817	12302.13	
680.007	12165.94	
680.197	12086.07	
680.387	11993.3	
680.576	11903.19	
680.766	11833.76	
680.956	11836.01	
681.146	11832.12	
681.335	11779.28	
681.525	11754.5	
681.715	11762.9	
681.904	11765.36	
682.094	11752.66	
682.284	11797.51	
682.473	11766.38	
682.663	11701.87	
682.852	11617.09	
683.042	11558.31	
683.231	11469.84	
683.421	11427.24	
683.61	11380.34	
683.8	11336.51	
683.989	11262.17	
684.179	11200.73	
684.368	11149.12	
684.558	11075.81	
684.747	11027.27	
684.937	10948.42	
685.126	10884.73	
685.316	10820.22	
685.505	10808.96	
685.694	10827.18	
685.884	10891.08	
686.073	10897.02	
686.262	10887.39	
686.452	10928.15	
686.641	10898.25	
686.83	10854.83	
687.019	10904.6	
687.209	10902.96	
687.398	10875.11	
687.587	10832.92	
687.776	10798.92	
687.965	10722.74	
688.155	10679.12	
688.344	10582.45	
688.533	10562.79	
688.722	10498.28	
688.911	10446.26	
689.1	10386.67	
689.289	10375.2	
689.478	10311.71	
689.667	10306.18	
689.856	10235.12	
690.045	10194.36	
690.234	10122.89	
690.423	10105.28	
690.612	10047.73	
690.801	10072.51	
690.99	10063.91	
691.179	10119.61	
691.368	10104.05	
691.557	10102	
691.746	10021.31	
691.935	9952.91	
692.124	9849.28	
692.312	9796.85	
692.501	9735.82	
692.69	9737.05	
692.879	9770.23	
693.068	9816.31	
693.256	9845.39	
693.445	9862.59	
693.634	9871.6	
693.823	9841.91	
694.011	9761.63	
694.2	9710.84	
694.389	9716.98	
694.577	9707.56	
694.766	9707.35	
694.955	9725.79	
695.143	9712.47	
695.332	9628.1	
695.52	9583.04	
695.709	9564.41	
695.897	9521.19	
696.086	9431.29	
696.275	9388.49	
696.463	9285.68	
696.652	9148.67	
696.84	9031.53	
697.028	8962.3	
697.217	8903.12	
697.405	8874.24	
697.594	8885.3	
697.782	8858.27	
697.971	8856.42	
698.159	8827.75	
698.347	8831.23	
698.536	8774.51	
698.724	8748.91	
698.912	8719.82	
699.1	8676.82	
699.289	8656.34	
699.477	8645.89	
699.665	8642.41	
699.854	8615.38	
700.042	8600.02	
700.23	8538.78	
700.418	8523.01	
700.606	8484.51	
700.794	8456.87	
700.983	8469.15	
701.171	8491.07	
701.359	8460.96	
701.547	8500.49	
701.735	8485.74	
701.923	8420.41	
702.111	8325.59	
702.299	8253.5	
702.487	8181.82	
702.675	8144.55	
702.863	8108.71	
703.051	8105.84	
703.239	8107.07	
703.427	8068.98	
703.615	8054.44	
703.803	8071.23	
703.991	8063.66	
704.179	8059.35	
704.367	8094.58	
704.554	8091.71	
704.742	8093.15	
704.93	8093.97	
705.118	8094.17	
705.306	8005.08	
705.493	7930.54	
705.681	7832.23	
705.869	7776.73	
706.057	7698.5	
706.244	7671.26	
706.432	7678.02	
706.62	7697.89	
706.807	7686.42	
706.995	7735.16	
707.183	7772.43	
707.37	7798.44	
707.558	7768.13	
707.746	7735.78	
707.933	7683.14	
708.121	7649.56	
708.308	7587.71	
708.496	7565.79	
708.683	7526.47	
708.871	7510.09	
709.058	7445.99	
709.246	7406.05	
709.433	7366.32	
709.621	7357.93	
709.808	7289.11	
709.995	7259.83	
710.183	7250.82	
710.37	7243.85	
710.558	7233.41	
710.745	7240.17	
710.932	7233.2	
711.12	7209.45	
711.307	7207.6	
711.494	7138.38	
711.681	7127.94	
711.869	7078.79	
712.056	7068.55	
712.243	7028.41	
712.43	7026.36	
712.618	7032.3	
712.805	7025.95	
712.992	7007.52	
713.179	6980.07	
713.366	6975.77	
713.553	6951.4	
713.74	6958.16	
713.928	6929.29	
714.115	6916.79	
714.302	6879.52	
714.489	6820.95	
714.676	6772.21	
714.863	6693.97	
715.05	6629.87	
715.237	6556.35	
715.424	6503.51	
715.611	6451.49	
715.798	6429.79	
715.984	6381.66	
716.171	6365.48	
716.358	6335.99	
716.545	6325.95	
716.732	6326.57	
716.919	6317.76	
717.106	6288.68	
717.293	6259.8	
717.479	6227.24	
717.666	6137.54	
717.853	6103.54	
718.04	6051.53	
718.226	6012	
718.413	5941.75	
718.6	5920.66	
718.786	5850.21	
718.973	5833.42	
719.16	5800.65	
719.346	5799.42	
719.533	5768.7	
719.72	5760.92	
719.906	5691.7	
720.093	5634.15	
720.279	5555.92	
720.466	5517.01	
720.652	5465.19	
720.839	5427.51	
721.025	5376.92	
721.212	5343.75	
721.398	5284.56	
721.585	5242.78	
721.771	5229.27	
721.958	5211.45	
722.144	5152.26	
722.331	5093.69	
722.517	5022.01	
722.703	4961.19	
722.89	4890.12	
723.076	4844.66	
723.262	4807.59	
723.449	4767.24	
723.635	4728.95	
723.821	4694.34	
724.007	4658.29	
724.194	4619.38	
724.38	4617.54	
724.566	4598.49	
724.752	4577.6	
724.938	4573.51	
725.125	4564.7	
725.311	4521.08	
725.497	4463.12	
725.683	4406.8	
725.869	4358.27	
726.055	4311.78	
726.241	4271.64	
726.427	4227.81	
726.613	4181.53	
726.799	4131.96	
726.985	4077.9	
727.171	4021.99	
727.357	3966.28	
727.543	3929.42	
727.729	3909.56	
727.915	3897.47	
728.101	3867.37	
728.287	3837.06	
728.473	3775	
728.659	3713.77	
728.845	3655.4	
729.03	3620.59	
729.216	3612.8	
729.402	3648.03	
729.588	3622.84	
729.774	3620.18	
729.959	3599.9	
730.145	3567.34	
730.331	3505.29	
730.517	3481.53	
730.702	3435.86	
730.888	3411.9	
731.074	3364.39	
731.259	3321.99	
731.445	3295.16	
731.63	3285.95	
731.816	3250.31	
732.002	3260.55	
732.187	3266.08	
732.373	3232.7	
732.558	3186.83	
732.744	3169.62	
732.929	3144.02	
733.115	3076.65	
733.3	3041.83	
733.486	3019.92	
733.671	2948.44	
733.857	2900.93	
734.042	2891.31	
734.227	2862.22	
734.413	2828.84	
734.598	2851.57	
734.784	2824.75	
734.969	2798.33	
735.154	2795.87	
735.339	2774.16	
735.525	2752.04	
735.71	2743.85	
735.895	2698.8	
736.081	2645.55	
736.266	2603.77	
736.451	2552.78	
736.636	2518.57	
736.821	2521.44	
737.007	2507.93	
737.192	2503.42	
737.377	2480.07	
737.562	2445.46	
737.747	2423.55	
737.932	2397.74	
738.117	2380.34	
738.302	2361.5	
738.487	2337.33	
738.672	2315.01	
738.857	2313.57	
739.042	2315.83	
739.227	2317.87	
739.412	2306.81	
739.597	2298.01	
739.782	2289.82	
739.967	2244.15	
740.152	2211.58	
740.337	2192.54	
740.522	2153.83	
740.706	2124.14	
740.891	2111.23	
741.076	2106.11	
741.261	2100.79	
741.446	2099.15	
741.63	2090.14	
741.815	2087.68	
742	2066.79	
742.185	2066.18	
742.369	2034.44	
742.554	2002.49	
742.739	1971.77	
742.923	1959.68	
743.108	1924.46	
743.293	1945.35	
743.477	1937.98	
743.662	1942.28	
743.846	1919.54	
744.031	1916.88	
744.216	1874.28	
744.4	1851.55	
744.585	1804.24	
744.769	1779.26	
744.954	1755.91	
745.138	1733.79	
745.322	1730.52	
745.507	1731.54	
745.691	1720.48	
745.876	1684.23	
746.06	1684.64	
746.244	1664.57	
746.429	1670.51	
746.613	1667.64	
746.798	1686.08	
746.982	1672.56	
747.166	1684.03	
747.35	1645.12	
747.535	1620.75	
747.719	1577.33	
747.903	1585.11	
748.087	1543.13	
748.272	1532.89	
748.456	1525.72	
748.64	1517.12	
748.824	1485.58	
749.008	1485.17	
749.192	1462.44	
749.376	1445.23	
749.56	1449.54	
749.745	1426.8	
749.929	1412.47	
750.113	1413.29	
750.297	1395.88	
750.481	1391.99	
750.665	1400.79	
750.849	1365.57	
751.033	1346.32	
751.217	1337.92	
751.4	1320.51	
751.584	1289.38	
751.768	1301.88	
751.952	1291.64	
752.136	1294.5	
752.32	1284.06	
752.504	1276.69	
752.688	1260.1	
752.871	1258.05	
753.055	1236.55	
753.239	1217.09	
753.423	1212.79	
753.606	1200.91	
753.79	1205.42	
753.974	1194.36	
754.157	1184.94	
754.341	1161.39	
754.525	1142.95	
754.708	1128.62	
754.892	1133.33	
755.076	1123.91	
755.259	1134.15	
755.443	1129.64	
755.626	1101.79	
755.81	1087.66	
755.993	1081.52	
756.177	1054.69	
756.36	1055.51	
756.544	1050.18	
756.727	1037.07	
756.911	1033.59	
757.094	1021.3	
757.278	989.77	
757.461	977.68	
757.644	968.67	
757.828	963.55	
758.011	970.52	
758.195	976.86	
758.378	971.33	
758.561	966.83	
758.744	929.15	
758.928	920.75	
759.111	921.98	
759.294	918.7	
759.477	911.94	
759.661	924.03	
759.844	928.53	
760.027	907.44	
760.21	894.74	
760.393	891.05	
760.576	873.65	
760.76	842.93	
760.943	831.05	
761.126	848.05	
761.309	848.25	
761.492	852.35	
761.675	876.1	
761.858	896.58	
762.041	873.85	
762.224	844.36	
762.407	856.03	
762.59	849.69	
762.773	836.58	
762.956	829.82	
763.139	846	
763.321	835.76	
763.504	814.46	
763.687	806.47	
763.87	812.82	
764.053	821.01	
764.236	849.28	
764.418	869.55	
764.601	890.85	
764.784	909.08	
764.967	916.86	
765.149	904.78	
765.332	904.16	
765.515	915.63	
765.697	883.27	
765.88	865.45	
766.063	878.97	
766.245	869.14	
766.428	861.97	
766.611	879.59	
766.793	902.93	
766.976	904.16	
767.158	908.26	
767.341	913.17	
767.523	925.26	
767.706	925.87	
767.888	909.49	
768.071	937.34	
768.253	918.91	
768.436	917.68	
768.618	909.69	
768.8	911.12	
768.983	889.42	
769.165	902.32	
769.348	888.19	
769.53	883.07	
769.712	877.74	
769.895	861.97	
770.077	858.08	
770.259	857.88	
770.441	861.36	
770.624	867.5	
770.806	887.57	
770.988	876.1	
771.17	876.51	
771.352	880.81	
771.535	871.39	
771.717	867.5	
771.899	859.11	
772.081	870.57	
772.263	846.82	
772.445	852.14	
772.627	840.47	
772.809	852.35	
772.991	829.62	
773.173	826.13	
773.355	788.86	
773.537	780.05	
773.719	771.86	
773.901	796.03	
774.083	793.57	
774.265	805.24	
774.447	798.08	
774.629	795.41	
774.811	763.26	
774.992	767.97	
775.174	765.51	
775.356	778.83	
775.538	763.88	
775.72	773.3	
775.901	760.8	
776.083	763.88	
776.265	733.57	
776.447	740.73	
776.628	716.36	
776.81	706.53	
776.992	705.51	
777.173	701.82	
777.355	679.29	
777.537	683.19	
777.718	685.64	
777.9	671.1	
778.081	679.91	
778.263	680.52	
778.444	663.52	
778.626	653.9	
778.807	636.08	
778.989	616.42	
779.17	601.27	
779.352	587.55	
779.533	579.35	
779.715	593.28	
779.896	580.79	
780.078	597.58	
780.259	611.92	
780.44	602.7	
780.622	579.15	
780.803	600.86	
780.984	585.7	
781.166	569.93	
781.347	574.23	
781.528	567.88	
781.709	533.68	
781.891	540.03	
782.072	546.18	
782.253	528.36	
782.434	529.79	
782.615	539.42	
782.796	527.95	
782.978	541.88	
783.159	550.07	
783.34	559.28	
783.521	550.48	
783.702	541.67	
783.883	511.98	
784.064	524.47	
784.245	489.24	
784.426	503.58	
784.607	497.43	
784.788	517.5	
784.969	485.76	
785.15	498.46	
785.331	470.4	
785.512	469.99	
785.692	439.07	
785.873	443.16	
786.054	433.13	
786.235	434.36	
786.416	428.01	
786.597	440.91	
786.777	437.22	
786.958	438.25	
787.139	440.5	
787.32	463.03	
787.5	455.04	
787.681	446.44	
787.862	454.63	
788.042	446.44	
788.223	413.06	
788.404	398.11	
788.584	402.41	
788.765	405.69	
788.946	408.35	
789.126	419	
789.307	428.83	
789.487	433.33	
789.668	411.01	
789.848	409.17	
790.029	377.22	
790.209	361.04	
790.39	340.76	
790.57	331.34	
790.75	341.58	
790.931	356.33	
791.111	354.49	
791.292	366.57	
791.472	381.72	
791.652	369.03	
791.833	364.73	
792.013	369.23	
792.193	353.67	
792.373	344.66	
792.554	343.84	
792.734	350.6	
792.914	340.76	
793.094	340.15	
793.275	347.93	
793.455	339.74	
793.635	337.28	
793.815	340.36	
793.995	332.57	
794.175	319.06	
794.355	332.98	
794.535	320.69	
794.715	315.17	
794.896	331.55	
795.076	330.32	
795.256	329.91	
795.436	328.27	
795.616	335.44	
795.795	333.19	
795.975	340.56	
796.155	315.37	
796.335	321.1	
796.515	320.69	
796.695	316.6	
796.875	311.89	
797.055	314.76	
797.234	315.98	
797.414	307.38	
797.594	295.1	
797.774	289.98	
797.954	282.6	
798.133	277.89	
798.313	272.57	
798.493	274	
798.672	260.48	
798.852	261.71	
799.032	256.39	
799.211	250.65	
799.391	247.17	
799.571	269.5	
799.75	270.31	
799.93	282.19	
800.109	300.01	
800.289	295.1	
800.468	275.03	
800.648	268.06	
800.827	257.21	
801.007	236.11	
801.186	228.54	
801.366	232.63	
801.545	237.14	
801.725	240.62	
801.904	232.22	
802.083	242.46	
802.263	226.49	
802.442	235.09	
802.621	225.26	
802.801	235.5	
802.98	239.6	
803.159	237.96	
803.338	220.55	
803.518	228.74	
803.697	223.42	
803.876	221.78	
804.055	215.63	
804.235	226.69	
804.414	222.39	
804.593	233.04	
804.772	225.26	
804.951	246.15	
805.13	217.89	
805.309	215.63	
805.488	198.43	
805.667	206.83	
805.846	204.17	
806.025	226.9	
806.204	233.86	
806.383	238.37	
806.562	220.34	
806.741	215.63	
806.92	218.71	
807.099	212.56	
807.278	202.73	
807.457	202.73	
807.636	207.65	
807.814	197.2	
807.993	183.07	
808.172	186.35	
808.351	188.19	
808.53	176.31	
808.708	176.72	
808.887	191.47	
809.066	211.13	
809.244	203.35	
809.423	199.05	
809.602	190.65	
809.78	178.77	
809.959	168.94	
810.138	177.54	
810.316	175.49	
810.495	179.18	
810.673	172.22	
810.852	166.89	
811.03	185.73	
811.209	200.48	
811.388	206.01	
811.566	212.77	
811.744	222.19	
811.923	203.14	
812.101	184.5	
812.28	202.12	
812.458	211.54	
812.637	187.58	
812.815	186.76	
812.993	203.35	
813.172	195.56	
813.35	167.92	
813.528	189.01	
813.706	182.66	
813.885	180.82	
814.063	166.89	
814.241	190.44	
814.419	182.87	
814.598	203.55	
814.776	187.78	
814.954	173.04	
815.132	163.82	
815.31	166.69	
815.488	132.69	
815.666	132.69	
815.844	131.05	
816.022	129	
816.201	111.6	
816.379	132.49	
816.557	142.73	
816.735	158.29	
816.913	155.22	
817.09	167.92	
817.268	155.01	
817.446	152.56	
817.624	152.76	
817.802	180.2	
817.98	167.51	
818.158	160.75	
818.336	141.91	
818.514	141.29	
818.691	115.08	
818.869	128.39	
819.047	161.16	
819.225	165.87	
819.402	158.91	
819.58	157.68	
819.758	162.59	
819.935	142.32	
820.113	155.42	
820.291	149.08	
820.468	139.65	
820.646	145.39	
820.824	153.58	
821.001	169.35	
821.179	177.54	
821.356	182.87	
821.534	164.03	
821.711	150.3	
821.889	140.68	
822.066	137.61	
822.244	132.9	
822.421	147.85	
822.599	143.96	
822.776	118.36	
822.953	103.61	
823.131	99.92	
823.308	88.46	
823.486	87.23	
823.663	93.78	
823.84	110.37	
824.017	112.21	
824.195	111.19	
824.372	120.2	
824.549	122.04	
824.726	114.46	
824.904	119.58	
825.081	119.38	
825.258	110.16	
825.435	107.3	
825.612	129.82	
825.789	124.7	
825.967	119.38	
826.144	134.94	
826.321	144.36	
826.498	127.78	
826.675	138.63	
826.852	130.23	
827.029	128.19	
827.206	127.98	
827.383	115.49	
827.56	121.63	
827.737	121.22	
827.914	116.31	
828.09	117.13	
828.267	130.64	
828.444	114.87	
828.621	104.63	
828.798	112.42	
828.975	100.74	
829.151	87.02	
829.328	93.58	
829.505	117.33	
829.682	96.85	
829.858	101.15	
830.035	112.83	
830.212	92.14	
830.389	78.42	
830.565	67.98	
830.742	83.34	
830.918	88.46	
831.095	101.77	
831.272	113.65	
831.448	127.98	
831.625	116.51	
831.801	112.21	
831.978	112.42	
832.154	105.86	
832.331	103.81	
832.507	96.03	
832.684	84.77	
832.86	93.78	
833.037	122.86	
833.213	131.87	
833.389	141.29	
833.566	136.79	
833.742	127.37	
833.918	95.42	
834.095	72.69	
834.271	58.76	
834.447	70.64	
834.624	76.17	
834.8	88.25	
834.976	88.46	
835.152	100.33	
835.328	85.18	
835.505	82.72	
835.681	74.53	
835.857	68.79	
836.033	68.79	
836.209	109.34	
836.385	105.04	
836.561	97.88	
836.737	118.77	
836.913	103.2	
837.089	72.48	
837.265	71.66	
837.441	85.79	
837.617	81.7	
837.793	82.72	
837.969	106.89	
838.145	102.79	
838.321	96.65	
838.497	104.22	
838.673	120.2	
838.849	87.43	
839.025	95.62	
839.2	97.47	
839.376	95.01	
839.552	78.83	
839.728	101.56	
839.903	107.71	
840.079	104.84	
840.255	110.78	
840.431	124.91	
840.606	88.46	
840.782	90.09	
840.958	82.11	
841.133	66.34	
841.309	58.96	
841.484	81.7	
841.66	68.59	
841.835	63.27	
842.011	56.71	
842.186	60.19	
842.362	45.86	
842.537	47.09	
842.713	52.62	
842.888	52.21	
843.064	40.74	
843.239	58.55	
843.415	56.1	
843.59	54.05	
843.765	66.75	
843.941	73.91	
844.116	83.95	
844.291	76.99	
844.467	85.38	
844.642	92.76	
844.817	99.72	
844.992	83.95	
845.168	79.65	
845.343	83.95	
845.518	65.72	
845.693	59.99	
845.868	75.96	
846.043	81.7	
846.219	63.27	
846.394	80.47	
846.569	80.88	
846.744	57.53	
846.919	56.1	
847.094	83.13	
847.269	65.93	
847.444	74.73	
847.619	75.35	
847.794	96.03	
847.969	92.76	
848.144	94.39	
848.319	89.68	
848.494	92.76	
848.668	88.66	
848.843	86.2	
849.018	91.53	
849.193	80.67	
849.368	82.52	
849.542	76.78	
849.717	68.59	
849.892	72.07	
850.067	81.49	
850.241	90.71	
850.416	99.31	
850.591	103.2	
850.765	92.35	
850.94	103.41	
851.115	79.44	
851.289	68.79	
851.464	44.42	
851.639	40.94	
851.813	18.41	
851.988	50.36	
852.162	46.47	
852.337	56.92	
852.511	74.94	
852.686	99.72	
852.86	83.34	
853.035	83.74	
853.209	89.68	
853.383	96.24	
853.558	64.29	
853.732	79.85	
853.906	73.51	
854.081	71.46	
854.255	53.64	
854.429	69.2	
854.604	41.97	
854.778	44.83	
854.952	57.12	
855.126	62.24	
855.301	62.04	
855.475	69	
855.649	68.79	
855.823	52.62	
855.997	52	
856.171	60.6	
856.345	59.99	
856.52	69.2	
856.694	84.15	
856.868	91.94	
857.042	77.81	
857.216	96.85	
857.39	85.59	
857.564	71.87	
857.738	57.33	
857.912	62.24	
858.085	57.12	
858.259	74.73	
858.433	81.9	
858.607	90.91	
858.781	93.17	
858.955	73.3	
859.129	54.87	
859.302	51.59	
859.476	44.63	
859.65	55.28	
859.824	61.22	
859.997	84.77	
860.171	87.02	
860.345	101.15	
860.519	89.07	
860.692	91.94	
860.866	77.81	
861.039	88.86	
861.213	74.73	
861.387	71.05	
861.56	66.54	
861.734	70.02	
861.907	48.52	
862.081	58.76	
862.254	65.72	
862.428	67.16	
862.601	65.31	
862.775	69.82	
862.948	83.13	
863.122	70.43	
863.295	67.36	
863.468	63.47	
863.642	71.66	
863.815	62.45	
863.988	69.41	
864.162	72.48	
864.335	57.33	
864.508	60.4	
864.682	59.58	
864.855	60.81	
865.028	49.54	
865.201	62.24	
865.374	43.6	
865.548	44.83	
865.721	46.68	
865.894	67.77	
866.067	63.47	
866.24	84.36	
866.413	76.17	
866.586	66.75	
866.759	38.48	
866.932	40.74	
867.105	33.98	
867.278	25.58	
867.451	41.15	
867.624	64.08	
867.797	68.18	
867.97	64.49	
868.143	64.7	
868.316	58.15	
868.489	42.58	
868.661	37.87	
868.834	30.7	
869.007	38.28	
869.18	38.28	
869.353	49.13	
869.525	65.52	
869.698	69.2	
869.871	56.92	
870.044	51.8	
870.216	62.45	
870.389	39.51	
870.562	44.01	
870.734	61.63	
870.907	51.18	
871.079	44.63	
871.252	51.59	
871.425	62.65	
871.597	48.72	
871.77	82.93	
871.942	76.17	
872.115	67.98	
872.287	54.87	
872.459	52	
872.632	28.45	
872.804	32.34	
872.977	13.7	
873.149	32.55	
873.321	42.17	
873.494	47.29	
873.666	56.51	
873.838	78.01	
874.011	48.72	
874.183	41.76	
874.355	19.23	
874.528	10.22	
874.7	5.1	
874.872	23.94	
875.044	36.03	
875.216	52	
875.388	55.69	
875.561	65.31	
875.733	33.98	
875.905	18.62	
876.077	6.74	
876.249	16.37	
876.421	16.57	
876.593	36.64	
876.765	39.92	
876.937	50.57	
877.109	33.36	
877.281	43.4	
877.453	36.23	
877.625	35.62	
877.797	33.16	
877.968	34.39	
878.14	23.53	
878.312	28.04	
878.484	19.85	
878.656	21.28	
878.828	30.7	
878.999	39.1	
879.171	28.65	
879.343	32.55	
879.515	36.23	
879.686	22.51	
879.858	9.2	
880.03	28.04	
880.201	34.8	
880.373	25.79	
880.545	26.2	
880.716	43.4	
880.888	58.76	
881.059	63.47	
881.231	71.25	
881.402	81.49	
881.574	72.28	
881.745	69	
881.917	84.15	
882.088	79.65	
882.26	72.89	
882.431	91.12	
882.602	63.88	
882.774	52.62	
882.945	49.95	
883.116	52.41	
883.288	38.28	
883.459	41.76	
883.63	40.74	
883.802	49.95	
883.973	50.77	
884.144	53.43	
884.315	62.24	
884.487	58.76	
884.658	65.11	
884.829	77.81	
885	59.78	
885.171	51.8	
885.342	30.09	
885.513	25.79	
885.684	8.99	
885.855	15.75	
886.026	20.26	
886.197	46.47	
886.368	36.64	
886.539	41.76	
886.71	45.65	
886.881	49.13	
887.052	50.57	
887.223	66.75	
887.394	62.45	
887.565	89.07	
887.736	82.11	
887.907	86.82	
888.077	82.31	
888.248	94.39	
888.419	67.77	
888.59	68.79	
888.761	68.39	
888.931	66.54	
889.102	63.67	
889.273	60.81	
889.443	56.3	
889.614	39.92	
889.785	37.26	
889.955	32.34	
890.126	14.52	
890.296	34.18	
890.467	30.09	
890.637	47.7	
890.808	56.92	
890.978	71.25	
891.149	52.21	
891.319	79.24	
891.49	62.04	
891.66	49.54	
891.831	54.05	
892.001	60.81	
892.172	35.41	
892.342	44.83	
892.512	38.48	
892.683	49.13	
892.853	35	
893.023	47.5	
893.193	25.79	
893.364	37.87	
893.534	36.44	
893.704	59.37	
893.874	58.15	
894.044	70.02	
894.215	57.53	
894.385	64.7	
894.555	53.64	
894.725	56.3	
894.895	39.3	
895.065	49.75	
895.235	41.97	
895.405	64.9	
895.575	57.53	
895.745	78.68	
895.915	85.59	
