177.618	-207.95	
177.836	-194.39	
178.054	-184.4	
178.271	-134.84	
178.489	-75.66	
178.706	-41.86	
178.924	-16.88	
179.142	12.82	
179.359	6.88	
179.577	-22.61	
179.794	-11.35	
180.012	-21.38	
180.229	-33.06	
180.447	-24.05	
180.664	-2.95	
180.882	-15.04	
181.1	1.35	
181.317	5.03	
181.535	1.14	
181.752	-1.93	
181.969	11.38	
182.187	23.47	
182.404	28.59	
182.622	12.82	
182.839	9.34	
183.057	18.55	
183.274	13.02	
183.492	3.19	
183.709	24.7	
183.926	18.96	
184.144	6.26	
184.361	-0.9	
184.579	20.19	
184.796	5.03	
185.013	16.71	
185.231	12.61	
185.448	18.76	
185.666	17.94	
185.883	14.66	
186.1	7.9	
186.317	10.77	
186.535	-1.72	
186.752	-10.53	
186.969	3.19	
187.187	30.02	
187.404	22.24	
187.621	45.38	
187.839	57.67	
188.056	45.79	
188.273	12.2	
188.49	37.39	
188.708	18.14	
188.925	27.15	
189.142	40.05	
189.359	44.15	
189.576	24.7	
189.794	24.7	
190.011	2.37	
190.228	-1.93	
190.445	-2.95	
190.662	18.55	
190.879	21.62	
191.097	22.65	
191.314	25.1	
191.531	24.08	
191.748	-7.87	
191.965	1.55	
192.182	6.26	
192.399	2.99	
192.616	14.46	
192.834	41.08	
193.051	27.56	
193.268	29.2	
193.485	31.25	
193.702	30.02	
193.919	17.94	
194.136	29.61	
194.353	26.74	
194.57	26.54	
194.787	27.77	
195.004	45.17	
195.221	36.98	
195.438	44.36	
195.655	30.84	
195.872	40.46	
196.089	12.41	
196.306	18.76	
196.523	13.43	
196.74	41.08	
196.957	21.42	
197.173	29.82	
197.39	28.18	
197.607	30.84	
197.824	17.94	
198.041	31.45	
198.258	40.26	
198.475	53.98	
198.692	44.97	
198.909	27.15	
199.125	5.03	
199.342	22.03	
199.559	12.2	
199.776	25.31	
199.993	56.85	
200.21	76.1	
200.426	46.81	
200.643	50.09	
200.86	45.79	
201.077	41.9	
201.293	32.89	
201.51	35.55	
201.727	13.23	
201.944	-6.64	
202.16	-12.37	
202.377	-10.94	
202.594	-24.05	
202.811	-7.05	
203.027	14.86	
203.244	5.65	
203.461	9.34	
203.677	39.85	
203.894	52.96	
204.111	48.45	
204.327	46.61	
204.544	29.2	
204.761	18.14	
204.977	-7.25	
205.194	-17.29	
205.41	14.05	
205.627	32.27	
205.844	38.21	
206.06	46.61	
206.277	64.02	
206.493	23.06	
206.71	16.71	
206.926	6.88	
207.143	13.84	
207.36	-9.92	
207.576	23.88	
207.793	30.22	
208.009	43.95	
208.226	36.57	
208.442	49.27	
208.659	43.13	
208.875	50.5	
209.092	29.82	
209.308	26.74	
209.524	29.82	
209.741	38.21	
209.957	31.04	
210.174	45.58	
210.39	46.4	
210.607	41.9	
210.823	9.13	
211.039	5.44	
211.256	14.46	
211.472	1.76	
211.688	13.02	
211.905	26.54	
212.121	25.72	
212.338	14.66	
212.554	30.43	
212.77	20.8	
212.987	20.8	
213.203	40.67	
213.419	42.31	
213.635	35.75	
213.852	39.03	
214.068	34.53	
214.284	1.14	
214.501	21.01	
214.717	22.65	
214.933	26.13	
215.149	13.43	
215.365	11.59	
215.582	-16.47	
215.798	-15.65	
216.014	-25.07	
216.23	-9.51	
216.447	1.55	
216.663	0.94	
216.879	-0.29	
217.095	10.36	
217.311	18.14	
217.527	17.32	
217.743	29.82	
217.96	34.53	
218.176	33.5	
218.392	23.67	
218.608	36.78	
218.824	19.17	
219.04	7.49	
219.256	18.76	
219.472	11.79	
219.688	7.08	
219.904	29.82	
220.12	58.9	
220.336	33.71	
220.552	39.03	
220.768	40.67	
220.984	38.42	
221.2	19.17	
221.416	38.21	
221.632	39.24	
221.848	29.41	
222.064	5.85	
222.28	2.17	
222.496	-23.02	
222.712	-13.19	
222.928	-20.77	
223.144	-7.87	
223.36	-19.13	
223.576	-4.18	
223.792	-7.87	
224.008	24.9	
224.224	22.03	
224.439	40.87	
224.655	34.93	
224.871	32.68	
225.087	13.02	
225.303	7.7	
225.519	7.49	
225.734	29.82	
225.95	18.14	
226.166	23.26	
226.382	19.78	
226.598	18.96	
226.813	7.29	
227.029	13.23	
227.245	12	
227.461	22.44	
227.677	28.79	
227.892	24.29	
228.108	17.12	
228.324	20.6	
228.539	12.2	
228.755	22.65	
228.971	30.02	
229.186	62.38	
229.402	57.67	
229.618	67.29	
229.833	45.38	
230.049	42.31	
230.265	9.54	
230.48	21.42	
230.696	24.49	
230.912	38.62	
231.127	32.27	
231.343	40.05	
231.558	11.38	
231.774	19.98	
231.99	24.08	
232.205	31.45	
232.421	33.91	
232.636	60.74	
232.852	47.02	
233.067	45.17	
233.283	40.87	
233.498	53.98	
233.714	39.85	
233.929	57.46	
234.145	32.27	
234.36	39.24	
234.576	35.55	
234.791	48.86	
235.007	39.65	
235.222	67.09	
235.438	60.33	
235.653	64.02	
235.868	53.78	
236.084	70.57	
236.299	84.5	
236.515	82.86	
236.73	70.36	
236.945	73.85	
237.161	40.05	
237.376	7.7	
237.592	6.47	
237.807	17.53	
238.022	23.47	
238.238	31.86	
238.453	22.44	
238.668	33.09	
238.883	9.13	
239.099	15.27	
239.314	17.32	
239.529	31.25	
239.745	28.38	
239.96	52.75	
240.175	38.62	
240.39	61.35	
240.605	58.9	
240.821	40.46	
241.036	34.93	
241.251	51.52	
241.466	25.31	
241.681	33.5	
241.897	60.53	
242.112	63.4	
242.327	30.63	
242.542	40.05	
242.757	40.05	
242.972	28.59	
243.188	15.48	
243.403	35.55	
243.618	35.55	
243.833	37.6	
244.048	42.51	
244.263	52.55	
244.478	47.22	
244.693	50.29	
244.908	50.7	
245.123	41.49	
245.338	47.22	
245.553	50.29	
245.768	29.2	
245.983	24.29	
246.198	18.55	
246.413	10.56	
246.628	9.95	
246.843	15.27	
247.058	22.65	
247.273	31.86	
247.488	33.91	
247.703	44.77	
247.918	42.72	
248.133	24.08	
248.348	11.18	
248.563	32.07	
248.778	20.19	
248.993	34.53	
249.207	53.37	
249.422	72.62	
249.637	26.74	
249.852	29.2	
250.067	27.77	
250.282	19.37	
250.496	-0.29	
250.711	38.21	
250.926	39.44	
251.141	65.04	
251.356	66.68	
251.57	84.29	
251.785	64.43	
252	59.1	
252.215	26.33	
252.43	26.54	
252.644	32.68	
252.859	38.42	
253.074	37.39	
253.288	36.98	
253.503	32.07	
253.718	35.34	
253.932	57.46	
254.147	61.76	
254.362	65.45	
254.576	62.99	
254.791	41.69	
255.006	30.63	
255.22	44.15	
255.435	35.14	
255.65	45.58	
255.864	56.44	
256.079	33.71	
256.293	26.13	
256.508	34.12	
256.723	61.76	
256.937	46.2	
257.152	49.27	
257.366	47.84	
257.581	48.45	
257.795	18.14	
258.01	42.31	
258.224	46.61	
258.439	57.46	
258.653	57.87	
258.868	54.19	
259.082	40.87	
259.297	37.19	
259.511	13.02	
259.726	15.68	
259.94	4.83	
260.154	6.88	
260.369	16.71	
260.583	18.76	
260.798	0.73	
261.012	14.05	
261.226	13.64	
261.441	8.52	
261.655	16.5	
261.869	31.04	
262.084	35.34	
262.298	30.43	
262.512	22.03	
262.727	23.06	
262.941	33.09	
263.155	22.65	
263.37	23.67	
263.584	33.09	
263.798	29.2	
264.012	39.85	
264.227	51.11	
264.441	85.93	
264.655	74.26	
264.869	95.35	
265.084	67.09	
265.298	68.52	
265.512	37.6	
265.726	55.62	
265.94	37.39	
266.155	54.6	
266.369	47.02	
266.583	63.61	
266.797	74.26	
267.011	80.6	
267.225	93.92	
267.439	101.08	
267.654	84.7	
267.868	65.24	
268.082	45.79	
268.296	9.54	
268.51	-4.8	
268.724	5.65	
268.938	-9.71	
269.152	-1.52	
269.366	4.83	
269.58	9.74	
269.794	-11.76	
270.008	29.82	
270.222	40.67	
270.436	46.4	
270.65	39.85	
270.864	64.43	
271.078	38.83	
271.292	28.59	
271.506	32.68	
271.72	39.85	
271.934	41.28	
272.148	54.39	
272.362	61.76	
272.575	72.41	
272.789	64.22	
273.003	54.19	
273.217	45.58	
273.431	41.9	
273.645	32.07	
273.859	59.92	
274.073	75.08	
274.286	73.23	
274.5	68.32	
274.714	60.33	
274.928	51.93	
275.142	45.99	
275.355	47.84	
275.569	58.28	
275.783	65.45	
275.997	61.35	
276.21	44.36	
276.424	55.41	
276.638	42.31	
276.852	50.5	
277.065	43.74	
277.279	50.5	
277.493	33.5	
277.706	51.52	
277.92	58.28	
278.134	54.19	
278.347	56.44	
278.561	60.94	
278.775	61.56	
278.988	46.4	
279.202	52.14	
279.415	54.19	
279.629	50.09	
279.843	45.79	
280.056	72.41	
280.27	81.01	
280.483	54.6	
280.697	62.99	
280.91	52.75	
281.124	43.54	
281.337	38.21	
281.551	65.65	
281.764	56.03	
281.978	53.16	
282.191	33.09	
282.405	46.4	
282.618	29.82	
282.832	40.26	
283.045	38.83	
283.259	63.81	
283.472	55.82	
283.686	58.49	
283.899	48.25	
284.112	58.49	
284.326	47.84	
284.539	53.16	
284.752	63.2	
284.966	75.28	
285.179	81.22	
285.393	81.83	
285.606	71.8	
285.819	82.45	
286.033	73.44	
286.246	86.13	
286.459	77.12	
286.672	83.68	
286.886	56.64	
287.099	59.31	
287.312	26.54	
287.525	29.61	
287.739	20.19	
287.952	35.55	
288.165	41.28	
288.378	59.31	
288.592	58.08	
288.805	59.51	
289.018	73.64	
289.231	66.06	
289.444	54.39	
289.657	52.14	
289.871	42.51	
290.084	19.58	
290.297	35.34	
290.51	33.3	
290.723	24.49	
290.936	48.04	
291.149	47.84	
291.362	51.73	
291.575	64.84	
291.789	65.24	
292.002	48.04	
292.215	60.94	
292.428	17.32	
292.641	17.32	
292.854	18.76	
293.067	14.05	
293.28	11.18	
293.493	47.22	
293.706	36.16	
293.919	54.19	
294.132	50.91	
294.345	42.1	
294.558	25.51	
294.77	27.77	
294.983	13.64	
295.196	32.68	
295.409	38.83	
295.622	58.08	
295.835	77.53	
296.048	93.3	
296.261	82.45	
296.474	85.93	
296.686	65.86	
296.899	48.04	
297.112	45.99	
297.325	58.9	
297.538	66.88	
297.751	74.87	
297.963	92.28	
298.176	89.21	
298.389	76.51	
298.602	78.76	
298.814	124.43	
299.027	119.93	
299.24	114.6	
299.453	130.58	
299.665	112.76	
299.878	56.85	
300.091	35.14	
300.303	29.61	
300.516	15.07	
300.729	8.72	
300.941	31.66	
301.154	51.11	
301.367	47.84	
301.579	51.52	
301.792	65.04	
302.005	62.38	
302.217	43.13	
302.43	42.31	
302.642	37.39	
302.855	32.68	
303.067	12.82	
303.28	18.14	
303.493	19.98	
303.705	35.34	
303.918	40.26	
304.13	56.44	
304.343	59.51	
304.555	84.5	
304.768	77.12	
304.98	82.24	
305.193	71.59	
305.405	77.94	
305.617	57.46	
305.83	64.43	
306.042	55.21	
306.255	59.31	
306.467	54.39	
306.68	48.66	
306.892	33.5	
307.104	44.97	
307.317	38.62	
307.529	40.46	
307.741	42.51	
307.954	54.6	
308.166	41.9	
308.378	64.63	
308.591	64.84	
308.803	74.67	
309.015	84.7	
309.228	92.89	
309.44	61.76	
309.652	59.1	
309.864	49.68	
310.077	25.31	
310.289	14.05	
310.501	23.26	
310.713	23.47	
310.926	31.86	
311.138	21.62	
311.35	42.31	
311.562	39.65	
311.774	53.16	
311.986	45.58	
312.199	86.75	
312.411	66.88	
312.623	77.33	
312.835	53.57	
313.047	52.34	
313.259	36.98	
313.471	52.34	
313.683	43.33	
313.895	47.02	
314.108	46.2	
314.32	35.75	
314.532	22.03	
314.744	22.24	
314.956	45.79	
315.168	46.81	
315.38	45.38	
315.592	57.67	
315.804	65.04	
316.016	66.06	
316.228	77.94	
316.44	81.42	
316.651	69.14	
316.863	69.96	
317.075	57.26	
317.287	29.2	
317.499	28.59	
317.711	30.63	
317.923	34.93	
318.135	29.82	
318.347	57.26	
318.559	87.36	
318.77	99.45	
318.982	90.84	
319.194	90.03	
319.406	81.42	
319.618	47.43	
319.83	30.63	
320.041	38.21	
320.253	39.24	
320.465	35.75	
320.677	34.93	
320.888	31.66	
321.1	21.01	
321.312	32.27	
321.524	29.2	
321.735	36.37	
321.947	48.66	
322.159	48.45	
322.37	41.28	
322.582	47.02	
322.794	65.86	
323.005	62.17	
323.217	72.82	
323.429	59.31	
323.64	75.28	
323.852	48.04	
324.063	34.93	
324.275	33.5	
324.487	56.23	
324.698	36.37	
324.91	51.73	
325.121	55.01	
325.333	50.29	
325.544	38.83	
325.756	54.39	
325.967	47.02	
326.179	61.76	
326.39	69.14	
326.602	86.95	
326.813	65.24	
327.025	64.22	
327.236	39.85	
327.448	36.57	
327.659	9.54	
327.871	25.72	
328.082	30.02	
328.293	61.76	
328.505	55.62	
328.716	58.69	
328.928	43.74	
329.139	51.93	
329.35	38.83	
329.562	40.87	
329.773	51.11	
329.984	52.34	
330.196	36.16	
330.407	49.68	
330.618	59.51	
330.83	56.44	
331.041	60.94	
331.252	55.21	
331.463	52.75	
331.675	49.89	
331.886	51.52	
332.097	65.65	
332.308	76.92	
332.52	78.76	
332.731	72.21	
332.942	76.1	
333.153	80.2	
333.364	94.53	
333.575	77.33	
333.787	82.65	
333.998	66.27	
334.209	72.41	
334.42	45.58	
334.631	47.43	
334.842	50.91	
335.053	68.93	
335.264	43.95	
335.475	53.37	
335.686	55.21	
335.898	50.91	
336.109	26.54	
336.32	36.98	
336.531	31.86	
336.742	44.36	
336.953	38.62	
337.164	51.11	
337.375	38.83	
337.586	37.19	
337.797	17.73	
338.007	24.49	
338.218	9.13	
338.429	18.96	
338.64	18.96	
338.851	29	
339.062	23.26	
339.273	51.52	
339.484	40.67	
339.695	41.08	
339.906	43.13	
340.116	59.31	
340.327	50.5	
340.538	50.7	
340.749	54.19	
340.96	43.54	
341.171	15.27	
341.381	21.42	
341.592	20.39	
341.803	22.44	
342.014	21.42	
342.224	50.7	
342.435	43.13	
342.646	41.49	
342.857	37.19	
343.067	31.86	
343.278	29.61	
343.489	37.19	
343.699	57.05	
343.91	66.27	
344.121	80.6	
344.331	63.4	
344.542	41.69	
344.753	48.25	
344.963	38.62	
345.174	46.2	
345.384	51.32	
345.595	87.36	
345.806	74.67	
346.016	84.7	
346.227	76.51	
346.437	90.43	
346.648	70.77	
346.858	68.93	
347.069	52.34	
347.279	62.79	
347.49	41.49	
347.7	49.68	
347.911	47.43	
348.121	48.04	
348.332	41.69	
348.542	31.04	
348.753	20.8	
348.963	23.88	
349.173	43.95	
349.384	52.14	
349.594	82.24	
349.805	97.4	
350.015	81.22	
350.225	70.57	
350.436	63.2	
350.646	56.03	
350.856	52.96	
351.067	69.34	
351.277	60.12	
351.487	64.84	
351.698	55.62	
351.908	57.26	
352.118	46.81	
352.328	47.63	
352.539	52.34	
352.749	48.04	
352.959	31.86	
353.169	43.33	
353.38	59.31	
353.59	62.58	
353.8	74.87	
354.01	82.04	
354.22	75.48	
354.431	88.18	
354.641	78.56	
354.851	74.26	
355.061	67.29	
355.271	92.07	
355.481	72.62	
355.691	61.97	
355.901	61.56	
356.111	74.67	
356.321	62.17	
356.532	67.5	
356.742	53.37	
356.952	57.46	
357.162	52.75	
357.372	40.87	
357.582	41.69	
357.792	53.78	
358.002	43.13	
358.212	58.49	
358.422	64.02	
358.632	63.4	
358.842	67.7	
359.051	85.72	
359.261	66.68	
359.471	51.73	
359.681	43.54	
359.891	33.91	
360.101	14.46	
360.311	16.3	
360.521	21.83	
360.731	31.86	
360.94	39.85	
361.15	59.51	
361.36	65.24	
361.57	87.16	
361.78	91.66	
361.989	90.84	
362.199	76.92	
362.409	75.89	
362.619	52.96	
362.828	70.57	
363.038	74.05	
363.248	77.33	
363.458	81.83	
363.667	85.52	
363.877	54.19	
364.087	59.1	
364.296	61.56	
364.506	58.9	
364.716	57.87	
364.925	51.32	
365.135	28.79	
365.345	25.92	
365.554	22.24	
365.764	54.8	
365.973	75.28	
366.183	102.31	
366.393	105.59	
366.602	94.12	
366.812	58.08	
367.021	51.52	
367.231	30.02	
367.44	23.88	
367.65	27.77	
367.859	38.62	
368.069	38.21	
368.278	51.73	
368.488	50.91	
368.697	43.54	
368.907	39.24	
369.116	72.41	
369.326	59.1	
369.535	59.51	
369.744	79.58	
369.954	80.81	
370.163	48.25	
370.373	63.81	
370.582	68.52	
370.791	56.64	
371.001	53.57	
371.21	45.17	
371.419	42.31	
371.629	53.98	
371.838	62.99	
372.047	79.17	
372.256	91.66	
372.466	89.21	
372.675	68.52	
372.884	64.22	
373.093	42.72	
373.303	54.39	
373.512	54.39	
373.721	66.47	
373.93	55.21	
374.139	86.75	
374.349	61.97	
374.558	74.46	
374.767	50.91	
374.976	58.28	
375.185	55.01	
375.394	56.23	
375.603	48.86	
375.813	58.08	
376.022	48.45	
376.231	27.56	
376.44	26.13	
376.649	41.28	
376.858	52.55	
377.067	58.69	
377.276	57.46	
377.485	79.99	
377.694	70.16	
377.903	74.26	
378.112	85.52	
378.321	98.42	
378.53	81.42	
378.739	82.24	
378.948	74.87	
379.157	60.94	
379.366	65.04	
379.575	75.69	
379.784	60.74	
379.992	60.33	
380.201	88.59	
380.41	81.22	
380.619	64.63	
380.828	72	
381.037	78.56	
381.246	50.5	
381.454	43.13	
381.663	61.35	
381.872	61.97	
382.081	63.81	
382.29	72.21	
382.498	78.15	
382.707	87.77	
382.916	100.47	
383.125	84.5	
383.333	91.66	
383.542	98.42	
383.751	88.39	
383.959	97.81	
384.168	113.17	
384.377	117.88	
384.585	110.1	
384.794	109.69	
385.003	90.64	
385.211	89.82	
385.42	71.8	
385.628	70.77	
385.837	56.64	
386.046	69.75	
386.254	76.71	
386.463	84.5	
386.671	106.41	
386.88	103.95	
387.088	89.62	
387.297	81.63	
387.505	85.31	
387.714	62.38	
387.922	63.4	
388.131	70.77	
388.339	80.6	
388.548	70.98	
388.756	78.56	
388.965	79.38	
389.173	74.05	
389.381	64.22	
389.59	78.56	
389.798	77.94	
390.007	93.1	
390.215	86.75	
390.423	106.82	
390.632	89.62	
390.84	97.4	
391.048	80.81	
391.257	79.99	
391.465	56.03	
391.673	66.88	
391.882	64.02	
392.09	55.82	
392.298	49.48	
392.506	44.97	
392.715	46.2	
392.923	54.39	
393.131	76.92	
393.339	100.06	
393.547	94.12	
393.756	94.53	
393.964	77.74	
394.172	67.09	
394.38	48.25	
394.588	56.03	
394.796	49.68	
395.005	49.89	
395.213	52.96	
395.421	55.82	
395.629	56.64	
395.837	54.8	
396.045	47.84	
396.253	42.51	
396.461	47.84	
396.669	55.82	
396.877	72.62	
397.085	95.15	
397.293	109.48	
397.501	110.1	
397.709	117.06	
397.917	117.67	
398.125	111.73	
398.333	118.29	
398.541	106.41	
398.749	102.52	
398.957	92.48	
399.165	95.55	
399.373	76.1	
399.581	90.84	
399.788	97.19	
399.996	93.51	
400.204	91.05	
400.412	96.37	
400.62	94.74	
400.828	85.72	
401.035	79.17	
401.243	86.54	
401.451	100.47	
401.659	94.94	
401.867	92.69	
402.074	115.62	
402.282	85.11	
402.49	68.52	
402.697	99.04	
402.905	108.05	
403.113	100.06	
403.321	101.9	
403.528	101.29	
403.736	79.79	
403.944	75.89	
404.151	65.45	
404.359	72	
404.566	72.82	
404.774	69.34	
404.982	57.05	
405.189	65.04	
405.397	66.06	
405.604	71.8	
405.812	79.79	
406.02	86.34	
406.227	92.28	
406.435	105.59	
406.642	115.62	
406.85	115.62	
407.057	127.3	
407.265	130.17	
407.472	137.13	
407.679	134.88	
407.887	129.55	
408.094	121.36	
408.302	115.42	
408.509	110.91	
408.717	127.09	
408.924	135.29	
409.131	151.67	
409.339	161.5	
409.546	172.76	
409.753	159.25	
409.961	165.19	
410.168	161.91	
410.375	171.94	
410.583	168.26	
410.79	180.96	
410.997	193.04	
411.205	206.35	
411.412	214.13	
411.619	232.97	
411.826	233.18	
412.034	241.17	
412.241	248.54	
412.448	248.95	
412.655	238.09	
412.862	252.02	
413.07	239.73	
413.277	245.26	
413.484	240.55	
413.691	265.33	
413.898	253.45	
414.105	260.83	
414.312	255.91	
414.519	262.26	
414.727	249.77	
414.934	270.04	
415.141	288.68	
415.348	321.65	
415.555	334.35	
415.762	356.26	
415.969	357.9	
416.176	370.39	
416.383	366.71	
416.59	383.5	
416.797	396.4	
417.004	419.95	
417.211	423.64	
417.418	443.3	
417.625	462.14	
417.831	473.81	
418.038	490.61	
418.245	505.76	
418.452	518.26	
418.659	520.71	
418.866	545.7	
419.073	550.2	
419.28	574.37	
419.486	593.21	
419.693	620.45	
419.9	640.72	
420.107	680.45	
420.314	704.21	
420.52	725.71	
420.727	765.24	
420.934	771.59	
421.141	791.25	
421.347	822.79	
421.554	861.29	
421.761	866.21	
421.967	897.54	
422.174	922.73	
422.381	930.72	
422.588	933.99	
422.794	949.97	
423.001	995.84	
423.207	1021.03	
423.414	1060.76	
423.621	1084.31	
423.827	1137.56	
424.034	1164.39	
424.24	1195.72	
424.447	1249.18	
424.654	1308.98	
424.86	1341.95	
425.067	1377.58	
425.273	1424.07	
425.48	1466.06	
425.686	1514.39	
425.893	1578.28	
426.099	1616.38	
426.306	1671.67	
426.512	1723.49	
426.718	1770.18	
426.925	1798.65	
427.131	1852.71	
427.338	1918.66	
427.544	1957.57	
427.75	2002.21	
427.957	2076.76	
428.163	2155.2	
428.37	2188.78	
428.576	2264.97	
428.782	2320.06	
428.988	2365.93	
429.195	2414.06	
429.401	2495.98	
429.607	2548	
429.814	2660.43	
430.02	2751.16	
430.226	2826.32	
430.432	2896.77	
430.639	3001.01	
430.845	3073.71	
431.051	3177.54	
431.257	3284.86	
431.463	3402.21	
431.67	3482.69	
431.876	3553.35	
432.082	3629.53	
432.288	3752	
432.494	3829.41	
432.7	3971.13	
432.906	4058.78	
433.112	4162.21	
433.318	4252.73	
433.525	4390.35	
433.731	4472.47	
433.937	4628.32	
434.143	4730.72	
434.349	4837.42	
434.555	4926.51	
434.761	5057.17	
434.967	5180.25	
435.173	5367.64	
435.379	5489.7	
435.585	5651.08	
435.791	5812.66	
435.996	6005.17	
436.202	6136.65	
436.408	6327.52	
436.614	6481.53	
436.82	6643.93	
437.026	6759.44	
437.232	6920.82	
437.438	7119.06	
437.644	7277.78	
437.849	7427.9	
438.055	7609.35	
438.261	7797.15	
438.467	7934.77	
438.673	8132.6	
438.878	8328.8	
439.084	8515.16	
439.29	8706.65	
439.496	8882.36	
439.701	9056.85	
439.907	9205.74	
440.113	9367.32	
440.318	9552.66	
440.524	9757.87	
440.73	9977.41	
440.935	10237.51	
441.141	10521.35	
441.347	10725.74	
441.552	10988.29	
441.758	11252.89	
441.964	11458.71	
442.169	11688.9	
442.375	11942.44	
442.58	12202.12	
442.786	12398.32	
442.991	12625.85	
443.197	12861.57	
443.402	13147.46	
443.608	13390.35	
443.813	13691.81	
444.019	13973	
444.224	14256.23	
444.43	14545	
444.635	14848.3	
444.841	15147.92	
445.046	15516.15	
445.252	15801.02	
445.457	16133.2	
445.662	16366.05	
445.868	16610.78	
446.073	16845.28	
446.278	17184.42	
446.484	17515.78	
446.689	18009.75	
446.894	18476.07	
447.1	18952.23	
447.305	19362.84	
447.51	19742.95	
447.716	20148.24	
447.921	20651.43	
448.126	21075.56	
448.331	21502.15	
448.537	22004.93	
448.742	22411.45	
448.947	22768.21	
449.152	23275.9	
449.357	23920.8	
449.563	24503.25	
449.768	25089.38	
449.973	25673.87	
450.178	26245.66	
450.383	26711.78	
450.588	27297.29	
450.793	27943.42	
450.999	28710.8	
451.204	29370.86	
451.409	30050.37	
451.614	30603.33	
451.819	31317.86	
452.024	31795.65	
452.229	32559.75	
452.434	33214.08	
452.639	33955.65	
452.844	34605.67	
453.049	35337	
453.254	35909	
453.459	36565.99	
453.664	37234.24	
453.869	37786.17	
454.074	38519.13	
454.279	39164.86	
454.483	39694.67	
454.688	40233.28	
454.893	40753.88	
455.098	41138.49	
455.303	41463.5	
455.508	42136.87	
455.713	42672.42	
455.917	43228.23	
456.122	43793.68	
456.327	44507.81	
456.532	44870.09	
456.737	45257.77	
456.941	45564.97	
457.146	45848.2	
457.351	46071.22	
457.555	46317.6	
457.76	46564.17	
457.965	46687.46	
458.17	47044.83	
458.374	47354.07	
458.579	47695.67	
458.784	47885.52	
458.988	48153.6	
459.193	48104.04	
459.397	48077.01	
459.602	47823.06	
459.807	47675.19	
460.011	47401.38	
460.216	47292.22	
460.42	46798.46	
460.625	46672.3	
460.829	46453.99	
461.034	46316.37	
461.239	45954.7	
461.443	45851.27	
461.648	45605.31	
461.852	45315.93	
462.056	45029.42	
462.261	44805.99	
462.465	44572.32	
462.67	44254.68	
462.874	43833	
463.079	43416.65	
463.283	42980.43	
463.487	42464.96	
463.692	41968.12	
463.896	41802.44	
464.1	41635.73	
464.305	41308.67	
464.509	41109.41	
464.713	40889.66	
464.918	40444.64	
465.122	40028.49	
465.326	39879.19	
465.531	39492.74	
465.735	39376.41	
465.939	39203.57	
466.143	39027.85	
466.348	38758.34	
466.552	38563.17	
466.756	38109.34	
466.96	37985.84	
467.164	37798.05	
467.368	37610.66	
467.573	37593.66	
467.777	37676.19	
467.981	37587.72	
468.185	37542.46	
468.389	37611.07	
468.593	37538.98	
468.797	37503.14	
469.001	37426.95	
469.205	37516.65	
469.409	37473.85	
469.613	37665.13	
469.817	37728.41	
470.021	37754.63	
470.225	37675.99	
470.429	37737.63	
470.633	37728.21	
470.837	37802.96	
471.041	37870.34	
471.245	38027.21	
471.449	37987.89	
471.653	37901.67	
471.857	37898.4	
472.061	37985.64	
472.265	38144.36	
472.469	38335.84	
472.673	38451.76	
472.876	38533.06	
473.08	38602.28	
473.284	38389.91	
473.488	38258.84	
473.692	38272.35	
473.895	38124.49	
474.099	37989.94	
474.303	38051.79	
474.507	38199.04	
474.71	38242.25	
474.914	38374.55	
475.118	38498.66	
475.322	38540.84	
475.525	38468.55	
475.729	38400.15	
475.933	38328.88	
476.136	38239.38	
476.34	38279.93	
476.543	38276.04	
476.747	38324.78	
476.951	38335.64	
477.154	38317.21	
477.358	38204.77	
477.561	38015.13	
477.765	37730.67	
477.969	37508.05	
478.172	37353.64	
478.376	37142.08	
478.579	37066.1	
478.783	36970.05	
478.986	37009.37	
479.19	37074.7	
479.393	37051.36	
479.596	37018.59	
479.8	37140.24	
480.003	36962.68	
480.207	36656.71	
480.41	36613.7	
480.614	36594.04	
480.817	36576.23	
481.02	36664.49	
481.224	36887.52	
481.427	36993.19	
481.63	37110.54	
481.834	37177.72	
482.037	37264.55	
482.24	37336.64	
482.443	37333.16	
482.647	37292.4	
482.85	37294.65	
483.053	37320.25	
483.256	37288.92	
483.46	37484.09	
483.663	37578.71	
483.866	37732.71	
484.069	37839.21	
484.272	37993.42	
484.476	37990.96	
484.679	38064.9	
484.882	38142.1	
485.085	38269.69	
485.288	38343.42	
485.491	38463.02	
485.694	38587.95	
485.897	38638.12	
486.101	38672.32	
486.304	38723.11	
486.507	38725.37	
486.71	38768.37	
486.913	38895.96	
487.116	39076.59	
487.319	39362.28	
487.522	39659.85	
487.725	40006.17	
487.928	40250.49	
488.13	40536.59	
488.333	40737.9	
488.536	40945.77	
488.739	41062.3	
488.942	41206.89	
489.145	41324.44	
489.348	41414.55	
489.551	41595.18	
489.754	41785.65	
489.956	41976.93	
490.159	42151.82	
490.362	42372.59	
490.565	42446.93	
490.768	42512.47	
490.97	42617.53	
491.173	42755.15	
491.376	42752.29	
491.579	42783.42	
491.781	42935.78	
491.984	43039	
492.187	43050.27	
492.39	43180.93	
492.592	43308.11	
492.795	43330.22	
492.998	43452.08	
493.2	43602.4	
493.403	43641.51	
493.605	43750.88	
493.808	43781.39	
494.011	43794.09	
494.213	43784.46	
494.416	43966.32	
494.618	44116.23	
494.821	44368.54	
495.023	44492.24	
495.226	44615.12	
495.428	44679.83	
495.631	44694.38	
495.833	44741.48	
496.036	44783.67	
496.238	44864.56	
496.441	44953.44	
496.643	44972.9	
496.846	45020	
497.048	45051.75	
497.25	45189.16	
497.453	45239.13	
497.655	45373.28	
497.858	45452.33	
498.06	45734.33	
498.262	45877.08	
498.465	46008.35	
498.667	46133.28	
498.869	46256.77	
499.071	46312.07	
499.274	46186.73	
499.476	46163.18	
499.678	46216.02	
499.881	46305.72	
500.083	46294.04	
500.285	46551.27	
500.487	46760.98	
500.689	47059.57	
500.892	47220.13	
501.094	47332.77	
501.296	47442.13	
501.498	47526.31	
501.7	47307.79	
501.902	47294.68	
502.104	47359.6	
502.306	47278.71	
502.509	47268.47	
502.711	47451.35	
502.913	47474.08	
503.115	47560.3	
503.317	47737.25	
503.519	47810.77	
503.721	47740.52	
503.923	47671.3	
504.125	47530.4	
504.327	47316.18	
504.529	47092.14	
504.731	47071.66	
504.933	47139.44	
505.134	47262.12	
505.336	47494.56	
505.538	47848.04	
505.74	48070.04	
505.942	48119.6	
506.144	48177.97	
506.346	48114.69	
506.548	48030.52	
506.749	47984.44	
506.951	48173.26	
507.153	48263.17	
507.355	48464.89	
507.557	48833.12	
507.758	48984.87	
507.96	49029.52	
508.162	49198.27	
508.363	49244.35	
508.565	49090.34	
508.767	49129.66	
508.969	49237.59	
509.17	49138.06	
509.372	49225.92	
509.574	49293.09	
509.775	49401.22	
509.977	49489.28	
510.178	49656.19	
510.38	49746.3	
510.582	49911.58	
510.783	49991.04	
510.985	50108.18	
511.186	50255.02	
511.388	50448.96	
511.589	50545.01	
511.791	50674.24	
511.992	50778.69	
512.194	50749.81	
512.395	50753.7	
512.597	50815.55	
512.798	50992.7	
513	51050.04	
513.201	51211.01	
513.403	51378.54	
513.604	51542.78	
513.805	51578.21	
514.007	51841.38	
514.208	51995.59	
514.409	52178.88	
514.611	52320.81	
514.812	52479.11	
515.013	52477.89	
515.215	52734.09	
515.416	52871.91	
515.617	53009.13	
515.819	53236.45	
516.02	53493.47	
516.221	53627.21	
516.422	53745.58	
516.623	53908.8	
516.825	53945.25	
517.026	53955.9	
517.227	53915.97	
517.428	53902.86	
517.629	53970.04	
517.83	54159.06	
518.032	54307.13	
518.233	54546.95	
518.434	54680.89	
518.635	54879.33	
518.836	54977.84	
519.037	55267.63	
519.238	55541.44	
519.439	55790.88	
519.64	55842.08	
519.841	55918.27	
520.042	55792.11	
520.243	55809.93	
520.444	55893.69	
520.645	56103.61	
520.846	56377.63	
521.047	56736.02	
521.248	56873.44	
521.449	57061.03	
521.65	57192.31	
521.851	57255.8	
522.052	57190.47	
522.252	57251.5	
522.453	57248.42	
522.654	57236.55	
522.855	57229.38	
523.056	57288.15	
523.257	57232.45	
523.457	57228.15	
523.658	57239.21	
523.859	57209.1	
524.06	57083.15	
524.26	57004.1	
524.461	57041.99	
524.662	56952.9	
524.862	56794.39	
525.063	56764.08	
525.264	56813.84	
525.464	56696.09	
525.665	56647.34	
525.866	56790.5	
526.066	56967.24	
526.267	57100.76	
526.468	57119.2	
526.668	57238.59	
526.869	57303.31	
527.069	57208.49	
527.27	57130.87	
527.47	57224.67	
527.671	57146.84	
527.871	57086.63	
528.072	57121.04	
528.272	56933.24	
528.473	56698.54	
528.673	56547.61	
528.874	56339.74	
529.074	56080.26	
529.275	56139.24	
529.475	56153.58	
529.675	56278.71	
529.876	56315.37	
530.076	56392.99	
530.277	56322.13	
530.477	56203.14	
530.677	56031.52	
530.878	55945.1	
531.078	55814.23	
531.278	55681.32	
531.478	55829.39	
531.679	55909.67	
531.879	56027.63	
532.079	56106.27	
532.28	56122.66	
532.48	55891.44	
532.68	55733.95	
532.88	55594.48	
533.08	55647.32	
533.28	55713.27	
533.481	55906.39	
533.681	55907.82	
533.881	55952.47	
534.081	55841.67	
534.281	55659.61	
534.481	55366.34	
534.681	55264.97	
534.881	55054.23	
535.081	54937.91	
535.281	54947.12	
535.481	54995.45	
535.682	55023.72	
535.882	54982.55	
536.082	54930.74	
536.281	54893.87	
536.481	54819.53	
536.681	54695.02	
536.881	54740.69	
537.081	54672.9	
537.281	54741.3	
537.481	54793.32	
537.681	54820.15	
537.881	54590.36	
538.081	54524.01	
538.281	54388.64	
538.48	54428.98	
538.68	54547.36	
538.88	54863.56	
539.08	55080.85	
539.28	55263.94	
539.479	55298.35	
539.679	55214.38	
539.879	55193.7	
540.079	55143.11	
540.278	55043.38	
540.478	54897.36	
540.678	54886.91	
540.877	54691.74	
541.077	54499.64	
541.277	54346.66	
541.476	54434.92	
541.676	54411.78	
541.876	54390.48	
542.075	54486.94	
542.275	54385.77	
542.474	54141.25	
542.674	54048.68	
542.874	54069.57	
543.073	54000.55	
543.273	54141.65	
543.472	54238.73	
543.672	54227.87	
543.871	54074.07	
544.071	53934.61	
544.27	53691.92	
544.47	53450.06	
544.669	53327.59	
544.868	53508.63	
545.068	53764.01	
545.267	53983.96	
545.467	54288.08	
545.666	54472.2	
545.865	54474.04	
546.065	54289.31	
546.264	54133.67	
546.463	53920.68	
546.663	53667.14	
546.862	53430.4	
547.061	53403.77	
547.261	53338.65	
547.46	53388.21	
547.659	53440.43	
547.858	53502.48	
548.058	53373.67	
548.257	53390.66	
548.456	53270.45	
548.655	53190.78	
548.854	53040.26	
549.053	52994.18	
549.253	52813.96	
549.452	52793.68	
549.651	52842.63	
549.85	52860.04	
550.049	52855.33	
550.248	52959.36	
550.447	52841.6	
550.646	52663.02	
550.845	52553.86	
551.044	52468.26	
551.243	52436.72	
551.442	52504.1	
551.641	52569.84	
551.84	52603.43	
552.039	52570.45	
552.238	52563.69	
552.437	52497.14	
552.636	52491.61	
552.835	52542.6	
553.034	52652.17	
553.233	52649.71	
553.432	52698.04	
553.63	52648.07	
553.829	52727.74	
554.028	52690.87	
554.227	52690.05	
554.426	52720.16	
554.625	52611.82	
554.823	52308.72	
555.022	52171.92	
555.221	51912.03	
555.42	51678.15	
555.618	51689.42	
555.817	51767.24	
556.016	51730.79	
556.214	51802.26	
556.413	51893.19	
556.612	52000.71	
556.81	52110.68	
557.009	52239.09	
557.208	52322.03	
557.406	52203.87	
557.605	51878.65	
557.803	51653.99	
558.002	51458.41	
558.201	51228.01	
558.399	51174.76	
558.598	51219.82	
558.796	51268.35	
558.995	51249.72	
559.193	51378.54	
559.392	51352.32	
559.59	51447.55	
559.789	51293.75	
559.987	51173.33	
560.185	51016.45	
560.384	50994.95	
560.582	50804.69	
560.781	50862.24	
560.979	50887.64	
561.177	50835.82	
561.376	50675.26	
561.574	50624.47	
561.772	50471.08	
561.971	50278.98	
562.169	50061.28	
562.367	49940.66	
562.566	49706.37	
562.764	49436.86	
562.962	49330.77	
563.16	49401.02	
563.358	49500.96	
563.557	49538.64	
563.755	49504.03	
563.953	49431.94	
564.151	49194.38	
564.349	48986.92	
564.547	48949.85	
564.746	48959.47	
564.944	48916.67	
565.142	48953.33	
565.34	48842.95	
565.538	48778.23	
565.736	48854.62	
565.934	49059.21	
566.132	49119.63	
566.33	49236.77	
566.528	49232.06	
566.726	49094.23	
566.924	48819.39	
567.122	48746.69	
567.32	48668.87	
567.518	48705.12	
567.716	48857.28	
567.914	49023.58	
568.112	49090.14	
568.31	49099.35	
568.507	49045.9	
568.705	48681.16	
568.903	48494.59	
569.101	48228.35	
569.299	48035.84	
569.497	47890.64	
569.694	48008.4	
569.892	47959.04	
570.09	47913.17	
570.288	47847.63	
570.486	47704.68	
570.683	47471.42	
570.881	47375.99	
571.079	47295.5	
571.276	47253.93	
571.474	47323.56	
571.672	47449.51	
571.869	47387.66	
572.067	47316.59	
572.265	47124.9	
572.462	46816.07	
572.66	46644.04	
572.857	46468.12	
573.055	46441.7	
573.253	46577.28	
573.45	46435.56	
573.648	45957.15	
573.845	45376.96	
574.043	44847.36	
574.24	44294	
574.438	44081.83	
574.635	44207.16	
574.832	44710.96	
575.03	45265.35	
575.227	45689.07	
575.425	46056.89	
575.622	46304.28	
575.82	46222.98	
576.017	45999.55	
576.214	45761.98	
576.412	45558.21	
576.609	45334.16	
576.806	45301.39	
577.004	45343.79	
577.201	45427.75	
577.398	45447.62	
577.595	45425.5	
577.793	45276.2	
577.99	45080.21	
578.187	44857.19	
578.384	44713.22	
578.582	44570.27	
578.779	44386.57	
578.976	44245.46	
579.173	44385.95	
579.37	44413.6	
579.567	44555.93	
579.764	44854.73	
579.962	44964.3	
580.159	44767.49	
580.356	44734.11	
580.553	44484.46	
580.75	44195.69	
580.947	44001.75	
581.144	43950.55	
581.341	43877.03	
581.538	43914.1	
581.735	43971.85	
581.932	43976.36	
582.129	43816.82	
582.326	43658.51	
582.523	43407.43	
582.72	43229.87	
582.916	43040.23	
583.113	43058.46	
583.31	42938.65	
583.507	42973.67	
583.704	42938.45	
583.901	42918.17	
584.098	42891.55	
584.294	42780.34	
584.491	42745.12	
584.688	42879.87	
584.885	42932.92	
585.082	43137.71	
585.278	43301.55	
585.475	43264.48	
585.672	43028.56	
585.868	42917.56	
586.065	42521.07	
586.262	42268.15	
586.458	42087.52	
586.655	41927.57	
586.852	41781.96	
587.048	41817.59	
587.245	41926.55	
587.442	42046.35	
587.638	42186.64	
587.835	42250.12	
588.031	42149.36	
588.228	42086.29	
588.424	41950.1	
588.621	41815.75	
588.817	41631.43	
589.014	41498.32	
589.21	41453.67	
589.407	41443.63	
589.603	41512.45	
589.8	41678.13	
589.996	41814.73	
590.192	41791.38	
590.389	41705.77	
590.585	41445.48	
590.782	41147.5	
590.978	40854.64	
591.174	40696.54	
591.371	40738.52	
591.567	40826.17	
591.763	41003.12	
591.959	41219.79	
592.156	41263.21	
592.352	41242.32	
592.548	41258.29	
592.744	41156.71	
592.941	41093.43	
593.137	40973.01	
593.333	40909.73	
593.529	40810.4	
593.725	40907.27	
593.922	41001.89	
594.118	41065.58	
594.314	41035.88	
594.51	41081.55	
594.706	40903.99	
594.902	40641.04	
595.098	40549.9	
595.294	40577.55	
595.49	40448.12	
595.686	40416.37	
595.882	40398.15	
596.078	40395.07	
596.274	40455.9	
596.47	40616.66	
596.666	40753.06	
596.862	40876.35	
597.058	41037.52	
597.254	41033.63	
597.45	41012.74	
597.646	41008.03	
597.842	40979.36	
598.037	40933.69	
598.233	40827.81	
598.429	40714.97	
598.625	40586.15	
598.821	40432.14	
599.017	40323.19	
599.212	40353.3	
599.408	40360.87	
599.604	40404.7	
599.8	40548.88	
599.995	40620.35	
600.191	40591.88	
600.387	40589.02	
600.582	40722.34	
600.778	40788.49	
600.974	40872.05	
601.169	40864.88	
601.365	40858.53	
601.561	40730.94	
601.756	40632.64	
601.952	40580.62	
602.147	40568.33	
602.343	40732.37	
602.538	40740.98	
602.734	40887.82	
602.93	40889.45	
603.125	41025.44	
603.321	40977.31	
603.516	41036.09	
603.711	40850.75	
603.907	40724.18	
604.102	40462.86	
604.298	40186.8	
604.493	39930.8	
604.689	39853.18	
604.884	39669.07	
605.079	39560.53	
605.275	39552.54	
605.47	39643.06	
605.665	39686.07	
605.861	39830.65	
606.056	40087.67	
606.251	40265.44	
606.447	40311.93	
606.642	40443.61	
606.837	40561.37	
607.032	40546.62	
607.227	40519.8	
607.423	40639.6	
607.618	40667.04	
607.813	40787.67	
608.008	40916.28	
608.203	41058.21	
608.398	41152.41	
608.594	41271.6	
608.789	41276.93	
608.984	41367.45	
609.179	41518.79	
609.374	41637.58	
609.569	41765.17	
609.764	41944.16	
609.959	42028.74	
610.154	42052.9	
610.349	42103.49	
610.544	42220.63	
610.739	42356	
610.934	42458.61	
611.129	42701.09	
611.324	42851.2	
611.519	42924.11	
611.714	42853.46	
611.909	42896.46	
612.103	42897.08	
612.298	42939.47	
612.493	42899.74	
612.688	43152.05	
612.883	43352.75	
613.078	43474.6	
613.272	43550.99	
613.467	43640.7	
613.662	43502.05	
613.857	43506.55	
614.051	43580.08	
614.246	43779.14	
614.441	44050.9	
614.635	44359.12	
614.83	44622.49	
615.025	44929.07	
615.219	45063.01	
615.414	45235.24	
615.609	45441.27	
615.803	45479.16	
615.998	45363.24	
616.192	45430.62	
616.387	45442.5	
616.582	45397.85	
616.776	45429.39	
616.971	45481.2	
617.165	45557.8	
617.36	45550.84	
617.554	45587.7	
617.749	45723.89	
617.943	45807.65	
618.138	45662.65	
618.332	45636.03	
618.526	45528.1	
618.721	45380.04	
618.915	45308.36	
619.11	45372.05	
619.304	45322.69	
619.498	45437.79	
619.693	45474.04	
619.887	45519.91	
620.081	45523.39	
620.275	45612.27	
620.47	45496.97	
620.664	45495.75	
620.858	45510.08	
621.052	45562.71	
621.247	45603.67	
621.441	45701.16	
621.635	45633.57	
621.829	45636.24	
622.023	45567.01	
622.218	45561.49	
622.412	45561.49	
622.606	45630.91	
622.8	45576.64	
622.994	45578.89	
623.188	45462.36	
623.382	45430.62	
623.576	45279.68	
623.77	45109.29	
623.964	44890.98	
624.158	44786.53	
624.352	44673.49	
624.546	44732.88	
624.74	44810.09	
624.934	44993.79	
625.128	45107.04	
625.322	45132.64	
625.516	45120.35	
625.71	45198.99	
625.904	45196.33	
626.098	45127.52	
626.291	45049.9	
626.485	45009.15	
626.679	44946.68	
626.873	44763.39	
627.067	44788.79	
627.26	44715.67	
627.454	44545.28	
627.648	44355.03	
627.842	44319.6	
628.035	44175.42	
628.229	44125.65	
628.423	44167.84	
628.617	44215.36	
628.81	44193.85	
629.004	44159.04	
629.198	44167.84	
629.391	44104.15	
629.585	44054.18	
629.778	44055.2	
629.972	44157.4	
630.166	44256.93	
630.359	44446.37	
630.553	44457.02	
630.746	44449.23	
630.94	44296.45	
631.133	44024.28	
631.327	43658.51	
631.52	43452.08	
631.714	43283.53	
631.907	43137.51	
632.1	43113.96	
632.294	43055.8	
632.487	42906.91	
632.681	42874.35	
632.874	42836.46	
633.067	42857.55	
633.261	43018.11	
633.454	43253.63	
633.647	43422.79	
633.841	43458.63	
634.034	43368.72	
634.227	43164.54	
634.421	42919.61	
634.614	42643.95	
634.807	42421.74	
635	42289.45	
635.193	42113.12	
635.387	41940.06	
635.58	41748.78	
635.773	41765.57	
635.966	41722.16	
636.159	41964.64	
636.352	42283.3	
636.545	42638.21	
636.739	42828.88	
636.932	43056.82	
637.125	43043.51	
637.318	42935.78	
637.511	42684.29	
637.704	42433.42	
637.897	42357.03	
638.09	42155.71	
638.283	42157.15	
638.476	42250.33	
638.669	42371.98	
638.862	42274.09	
639.055	42260.57	
639.247	42215.51	
639.44	42083.01	
639.633	41932.89	
639.826	41732.4	
640.019	41574.29	
640.212	41381.99	
640.405	41242.73	
640.597	41173.71	
640.79	41202.18	
640.983	41250.51	
641.176	41144.43	
641.368	41065.37	
641.561	40966.66	
641.754	40787.06	
641.947	40552.56	
642.139	40296.57	
642.332	40116.96	
642.525	39887.59	
642.717	39826.56	
642.91	39694.05	
643.103	39846.83	
643.295	39839.26	
643.488	39894.55	
643.68	39856.87	
643.873	40101.4	
644.065	40198.26	
644.258	40261.55	
644.45	40298.82	
644.643	40154.64	
644.835	39971.35	
645.028	39775.56	
645.22	39765.12	
645.413	39748.33	
645.605	39864.86	
645.798	39873.05	
645.99	39834.14	
646.182	39663.34	
646.375	39504	
646.567	39500.52	
646.76	39394.85	
646.952	39271.76	
647.144	39204.18	
647.337	39267.26	
647.529	39205.61	
647.721	39274.02	
647.913	39272.99	
648.106	39211.14	
648.298	38973.78	
648.49	38702.84	
648.682	38397.08	
648.874	38215.63	
649.067	38300.41	
649.259	38251.47	
649.451	38189.62	
649.643	38109.54	
649.835	37948.16	
650.027	37525.87	
650.219	37377.8	
650.411	37265.78	
650.603	37258.2	
650.796	37235.47	
650.988	37268.24	
651.18	37205.36	
651.372	37150.07	
651.564	37074.91	
651.756	37038.86	
651.948	37013.67	
652.139	37076.96	
652.331	37177.31	
652.523	37204.13	
652.715	37207	
652.907	37224.2	
653.099	37062.62	
653.291	36955.31	
653.483	36833.25	
653.674	36801.91	
653.866	36696.85	
654.058	36600.39	
654.25	36476.29	
654.442	36228.28	
654.633	35970.23	
654.825	35707.89	
655.017	35643.58	
655.209	35427.11	
655.4	35421.99	
655.592	35423.02	
655.784	35370.38	
655.975	35238.9	
656.167	35189.34	
656.359	35145.11	
656.55	34984.96	
656.742	34943.38	
656.933	34870.27	
657.125	34844.67	
657.316	34683.7	
657.508	34588.26	
657.7	34450.03	
657.891	34414.39	
658.083	34327.35	
658.274	34227.21	
658.466	34152.87	
658.657	34144.67	
658.848	33974.28	
659.04	33902.4	
659.231	33817.41	
659.423	33769.49	
659.614	33533.97	
659.805	33394.09	
659.997	33149.77	
660.188	32906.27	
660.379	32658.67	
660.571	32623.44	
660.762	32560.16	
660.953	32583.92	
661.145	32678.74	
661.336	32747.75	
661.527	32835	
661.718	32816.36	
661.909	32706.79	
662.101	32604.6	
662.292	32496.26	
662.483	32324.85	
662.674	32212.82	
662.865	32059.43	
663.056	31811.22	
663.247	31471.46	
663.439	31126.99	
663.63	30810.17	
663.821	30544.34	
664.012	30411.23	
664.203	30344.46	
664.394	30303.91	
664.585	30306.78	
664.776	30320.09	
664.967	30408.36	
665.158	30369.65	
665.349	30296.75	
665.54	30186.97	
665.73	30118.78	
665.921	30037.27	
666.112	30097.07	
666.303	30189.43	
666.494	30264.8	
666.685	30235.51	
666.876	30064.51	
667.066	29875.07	
667.257	29649.59	
667.448	29366.35	
667.639	29078.2	
667.83	28893.27	
668.02	28673.93	
668.211	28516.86	
668.402	28606.15	
668.592	28731.07	
668.783	28693.6	
668.974	28659.6	
669.164	28495.15	
669.355	28084.94	
669.546	27791.06	
669.736	27690.5	
669.927	27622.51	
670.117	27570.08	
670.308	27541	
670.499	27543.05	
670.689	27512.94	
670.88	27510.07	
671.07	27533.22	
671.261	27469.32	
671.451	27260.22	
671.641	26990.09	
671.832	26778.54	
672.022	26518.86	
672.213	26344.58	
672.403	26286.41	
672.594	26196.92	
672.784	25985.57	
672.974	25879.28	
673.165	25843.85	
673.355	25762.75	
673.545	25709.09	
673.736	25717.28	
673.926	25600.96	
674.116	25425.86	
674.306	25295.81	
674.497	25121.73	
674.687	24906.7	
674.877	24825.8	
675.067	24695.14	
675.257	24517.17	
675.448	24438.33	
675.638	24433	
675.828	24361.53	
676.018	24396.96	
676.208	24444.88	
676.398	24446.52	
676.588	24469.05	
676.778	24462.29	
676.968	24373.81	
677.158	24236.81	
677.348	24080.14	
677.538	23845.85	
677.728	23651.91	
677.918	23614.63	
678.108	23578.18	
678.298	23623.44	
678.488	23641.05	
678.678	23612.58	
678.868	23471.68	
679.058	23289.42	
679.248	23052.87	
679.438	22903.78	
679.627	22770.87	
679.817	22676.05	
680.007	22624.85	
680.197	22616.45	
680.387	22457.33	
680.576	22419.85	
680.766	22262.97	
680.956	22181.87	
681.146	22031.14	
681.335	21855.02	
681.525	21605.17	
681.715	21452.39	
681.904	21235.71	
682.094	21047.5	
682.284	21056.72	
682.473	21032.96	
682.663	20999.38	
682.852	21014.74	
683.042	21009.82	
683.231	20905.17	
683.421	20774.1	
683.61	20673.95	
683.8	20490.05	
683.989	20310.85	
684.179	20136.57	
684.368	20101.55	
684.558	20001.4	
684.747	19923.37	
684.937	19853.13	
685.126	19807.66	
685.316	19633.79	
685.505	19486.54	
685.694	19423.67	
685.884	19375.75	
686.073	19269.05	
686.262	19247.75	
686.452	19204.54	
686.641	19069.78	
686.83	18908.2	
687.019	18841.64	
687.209	18762.99	
687.398	18714.87	
687.587	18705.86	
687.776	18697.87	
687.965	18719.17	
688.155	18608.37	
688.344	18455.59	
688.533	18330.26	
688.722	18249.98	
688.911	18162.53	
689.1	18111.74	
689.289	18069.14	
689.478	17973.5	
689.667	17854.11	
689.856	17628.42	
690.045	17451.48	
690.234	17322.04	
690.423	17274.94	
690.612	17205.92	
690.801	17182.99	
690.99	17125.03	
691.179	17107.83	
691.368	17054.17	
691.557	17036.97	
691.746	16964.26	
691.935	16914.09	
692.124	16801.45	
692.312	16666.08	
692.501	16501.83	
692.69	16473.16	
692.879	16448.99	
693.068	16435.68	
693.256	16389.19	
693.445	16334.72	
693.634	16165.15	
693.823	16038.58	
694.011	15910.79	
694.2	15831.53	
694.389	15744.29	
694.577	15670.36	
694.766	15536.42	
694.955	15444.67	
695.143	15320.97	
695.332	15267.52	
695.52	15169.83	
695.709	15116.79	
695.897	15066.62	
696.086	14988.59	
696.275	14853.01	
696.463	14790.96	
696.652	14742.63	
696.84	14620.16	
697.028	14521.24	
697.217	14432.56	
697.405	14327.09	
697.594	14218.96	
697.782	14149.95	
697.971	14074.38	
698.159	14068.64	
698.347	14059.22	
698.536	13995.12	
698.724	13901.73	
698.912	13791.14	
699.1	13629.56	
699.289	13456.3	
699.477	13314.99	
699.665	13186.99	
699.854	13076.6	
700.042	13020.29	
700.23	12975.03	
700.418	12982.6	
700.606	13007.59	
700.794	13083.16	
700.983	13065.14	
701.171	13116.54	
701.359	13052.85	
701.547	13031.34	
701.735	12989.98	
701.923	12962.53	
702.111	12868.74	
702.299	12808.73	
702.487	12727.84	
702.675	12645.1	
702.863	12558.47	
703.051	12485.15	
703.239	12417.57	
703.427	12343.43	
703.615	12250.45	
703.803	12162.8	
703.991	12049.14	
704.179	11959.85	
704.367	11843.93	
704.554	11721.05	
704.742	11574.21	
704.93	11540.83	
705.118	11510.93	
705.306	11447.45	
705.493	11403.62	
705.681	11401.16	
705.869	11355.49	
706.057	11269.27	
706.244	11236.1	
706.432	11216.64	
706.62	11181.82	
706.807	11106.66	
706.995	11062.22	
707.183	10939.34	
707.37	10828.14	
707.558	10718.78	
707.746	10615.15	
707.933	10491.66	
708.121	10480.19	
708.308	10417.32	
708.496	10350.35	
708.683	10270.27	
708.871	10285.84	
709.058	10221.53	
709.246	10184.05	
709.433	10167.67	
709.621	10157.02	
709.808	10088	
709.995	10064.25	
710.183	10038.44	
710.37	9927.85	
710.558	9827.3	
710.745	9750.5	
710.932	9679.64	
711.12	9589.53	
711.307	9577.24	
711.494	9574.99	
711.681	9561.88	
711.869	9535.46	
712.056	9546.52	
712.243	9540.58	
712.43	9467.26	
712.618	9404.8	
712.805	9291.96	
712.992	9183.62	
713.179	9076.51	
713.366	9000.53	
713.553	8960.8	
713.74	8936.23	
713.928	8921.69	
714.115	8879.5	
714.302	8840.18	
714.489	8788.77	
714.676	8720.98	
714.863	8648.9	
715.05	8613.26	
715.237	8576.4	
715.424	8504.1	
715.611	8480.96	
715.798	8443.69	
715.984	8359.93	
716.171	8276.58	
716.358	8195.68	
716.545	8135.06	
716.732	8067.89	
716.919	8007.27	
717.106	7951.56	
717.293	7881.52	
717.479	7797.56	
717.666	7658.09	
717.853	7619.79	
718.04	7583.95	
718.226	7565.11	
718.413	7538.49	
718.6	7572.69	
718.786	7513.09	
718.973	7460.66	
719.16	7376.9	
719.346	7311.16	
719.533	7257.71	
719.72	7241.53	
719.906	7211.63	
720.093	7201.8	
720.279	7165.76	
720.466	7103.7	
720.652	7044.93	
720.839	6972.43	
721.025	6920.82	
721.212	6887.23	
721.398	6839.72	
721.585	6813.3	
721.771	6788.93	
721.958	6733.64	
722.144	6657.04	
722.331	6594.37	
722.517	6541.54	
722.703	6481.74	
722.89	6409.44	
723.076	6359.47	
723.262	6329.78	
723.449	6227.79	
723.635	6149.56	
723.821	6119.86	
724.007	6078.7	
724.194	6045.31	
724.38	6070.5	
724.566	6085.86	
724.752	6059.24	
724.938	6028.32	
725.125	5972.82	
725.311	5927.15	
725.497	5882.09	
725.683	5824.34	
725.869	5778.26	
726.055	5744.67	
726.241	5663.78	
726.427	5621.38	
726.613	5598.65	
726.799	5610.12	
726.985	5595.78	
727.171	5585.14	
727.357	5558.92	
727.543	5526.56	
727.729	5431.13	
727.915	5377.88	
728.101	5342.86	
728.287	5303.13	
728.473	5269.13	
728.659	5259.1	
728.845	5249.47	
729.03	5232.27	
729.216	5232.27	
729.402	5223.46	
729.588	5190.9	
729.774	5159.16	
729.959	5142.57	
730.145	5100.38	
730.331	5072.32	
730.517	5055.94	
730.702	5012.93	
730.888	4974.43	
731.074	4921.8	
731.259	4882.48	
731.445	4850.12	
731.63	4822.47	
731.816	4750.79	
732.002	4729.29	
732.187	4685.87	
732.373	4632.01	
732.558	4609.28	
732.744	4622.59	
732.929	4595.76	
733.115	4592.07	
733.3	4570.37	
733.486	4500.33	
733.671	4413.49	
733.857	4350.21	
734.042	4295.12	
734.227	4244.94	
734.413	4253.55	
734.598	4261.94	
734.784	4243.31	
734.969	4239.21	
735.154	4244.74	
735.339	4202.14	
735.525	4202.55	
735.71	4189.65	
735.895	4129.23	
736.081	4091.35	
736.266	4044.86	
736.451	3980.96	
736.636	3967.24	
736.821	3933.65	
737.007	3902.52	
737.192	3888.8	
737.377	3863.41	
737.562	3800.74	
737.747	3796.64	
737.932	3761.01	
738.117	3721.89	
738.302	3676.02	
738.487	3642.23	
738.672	3595.94	
738.857	3577.92	
739.042	3576.9	
739.227	3577.92	
739.412	3563.38	
739.597	3549.45	
739.782	3521.81	
739.967	3489.86	
740.152	3448.9	
740.337	3416.34	
740.522	3393.4	
740.706	3396.27	
740.891	3399.54	
741.076	3405.48	
741.261	3413.06	
741.446	3402.61	
741.63	3390.53	
741.815	3350.39	
742	3306.97	
742.185	3270.52	
742.369	3250.25	
742.554	3185.53	
742.739	3151.12	
742.923	3132.69	
743.108	3125.93	
743.293	3090.3	
743.477	3102.59	
743.662	3076.78	
743.846	3059.17	
744.031	3033.57	
744.216	3025.99	
744.4	2999.98	
744.585	2988.31	
744.769	2982.58	
744.954	2970.7	
745.138	2954.72	
745.322	2935.27	
745.507	2912.95	
745.691	2888.16	
745.876	2845.36	
746.06	2821.61	
746.244	2809.52	
746.429	2796.21	
746.613	2753.61	
746.798	2740.71	
746.982	2711.02	
747.166	2689.31	
747.35	2645.28	
747.535	2647.73	
747.719	2619.47	
747.903	2597.15	
748.087	2568.89	
748.272	2566.22	
748.456	2540.42	
748.64	2569.3	
748.824	2576.87	
749.008	2555.37	
749.192	2568.68	
749.376	2555.78	
749.56	2537.35	
749.745	2490.24	
749.929	2477.34	
750.113	2438.64	
750.297	2397.06	
750.481	2364.09	
750.665	2370.44	
750.849	2354.87	
751.033	2351.8	
751.217	2328.86	
751.4	2281.56	
751.584	2254.93	
751.768	2229.74	
751.952	2181.82	
752.136	2185.71	
752.32	2158.27	
752.504	2147.82	
752.688	2138.81	
752.871	2125.71	
753.055	2102.77	
753.239	2115.88	
753.423	2109.12	
753.606	2103.79	
753.79	2116.08	
753.974	2122.02	
754.157	2123.25	
754.341	2082.49	
754.525	2053	
754.708	2025.36	
754.892	2004.67	
755.076	1980.51	
755.259	1971.49	
755.443	1948.97	
755.626	1949.99	
755.81	1936.47	
755.993	1923.78	
756.177	1883.84	
756.36	1881.59	
756.544	1844.93	
756.727	1823.43	
756.911	1799.87	
757.094	1805.4	
757.278	1790.45	
757.461	1774.68	
757.644	1759.94	
757.828	1732.09	
758.011	1721.03	
758.195	1689.08	
758.378	1658.36	
758.561	1643.61	
758.744	1622.11	
758.928	1616.79	
759.111	1605.52	
759.294	1626.82	
759.477	1624.16	
759.661	1632.56	
759.844	1639.72	
760.027	1660.82	
760.21	1641.98	
760.393	1618.83	
760.576	1619.65	
760.76	1584.43	
760.943	1550.64	
761.126	1553.09	
761.309	1567.02	
761.492	1553.71	
761.675	1553.09	
761.858	1567.84	
762.041	1549.82	
762.224	1526.88	
762.407	1535.48	
762.59	1536.71	
762.773	1511.32	
762.956	1483.46	
763.139	1478.55	
763.321	1475.27	
763.504	1456.43	
763.687	1468.72	
763.87	1492.27	
764.053	1500.26	
764.236	1499.44	
764.418	1521.15	
764.601	1522.37	
764.784	1530.98	
764.967	1545.72	
765.149	1542.65	
765.332	1542.85	
765.515	1549.82	
765.697	1535.48	
765.88	1522.58	
766.063	1509.27	
766.245	1505.17	
766.428	1474.86	
766.611	1473.84	
766.793	1477.11	
766.976	1467.69	
767.158	1433.9	
767.341	1436.16	
767.523	1433.7	
767.706	1430.42	
767.888	1435.75	
768.071	1461.35	
768.253	1461.55	
768.436	1486.54	
768.618	1492.27	
768.8	1526.27	
768.983	1532	
769.165	1535.69	
769.348	1509.27	
769.53	1499.85	
769.712	1458.27	
769.895	1445.99	
770.077	1435.34	
770.259	1429.81	
770.441	1407.69	
770.624	1424.07	
770.806	1410.15	
770.988	1418.75	
771.17	1403.8	
771.352	1399.29	
771.535	1390.49	
771.717	1399.7	
771.899	1383.73	
772.081	1409.12	
772.263	1393.56	
772.445	1374.1	
772.627	1341.33	
772.809	1327	
772.991	1300.17	
773.173	1318.81	
773.355	1305.9	
773.537	1298.74	
773.719	1293	
773.901	1286.86	
774.083	1239.55	
774.265	1213.13	
774.447	1199.21	
774.629	1197.98	
774.811	1196.54	
774.992	1218.05	
775.174	1219.28	
775.356	1222.14	
775.538	1194.29	
775.72	1168.28	
775.901	1152.31	
776.083	1146.98	
776.265	1127.73	
776.447	1153.13	
776.628	1161.73	
776.81	1157.02	
776.992	1152.31	
777.173	1157.02	
777.355	1113.6	
777.537	1097.22	
777.718	1077.56	
777.9	1063.22	
778.081	1045.2	
778.263	1049.5	
778.444	1039.46	
778.626	1035.78	
778.807	1020.62	
778.989	1003.83	
779.17	976.18	
779.352	938.09	
779.533	920.68	
779.715	922.73	
779.896	901.43	
780.078	919.04	
780.259	927.44	
780.44	921.3	
780.622	906.55	
780.803	928.05	
780.984	916.38	
781.166	898.15	
781.347	885.05	
781.528	875.42	
781.709	852.89	
781.891	851.05	
782.072	860.06	
782.253	867.43	
782.434	863.75	
782.615	862.93	
782.796	842.65	
782.978	846.75	
783.159	824.22	
783.34	820.54	
783.521	799.24	
783.702	794.53	
783.883	776.3	
784.064	795.76	
784.245	777.73	
784.426	800.67	
784.607	782.03	
784.788	776.5	
784.969	748.04	
785.15	754.39	
785.331	720.59	
785.512	720.8	
785.692	718.75	
785.873	725.71	
786.054	699.71	
786.235	704.01	
786.416	709.95	
786.597	697.86	
786.777	679.64	
786.958	701.75	
787.139	715.27	
787.32	708.51	
787.5	705.03	
787.681	698.68	
787.862	664.89	
788.042	659.57	
788.223	645.23	
788.404	615.74	
788.584	618.81	
788.765	629.05	
788.946	613.08	
789.126	615.74	
789.307	634.17	
789.487	628.03	
789.668	614.92	
789.848	592.19	
790.029	585.22	
790.209	582.77	
790.39	563.52	
790.57	562.49	
790.75	582.36	
790.931	562.29	
791.111	538.12	
791.292	558.81	
791.472	544.88	
791.652	531.16	
791.833	530.54	
792.013	539.14	
792.193	505.15	
792.373	523.38	
792.554	503.31	
792.734	509.65	
792.914	497.37	
793.094	508.43	
793.275	509.86	
793.455	512.73	
793.635	505.97	
793.815	519.28	
793.995	511.7	
794.175	505.56	
794.355	528.5	
794.535	528.09	
794.715	507.2	
794.896	513.34	
795.076	497.57	
795.256	497.98	
795.436	496.55	
795.616	512.52	
795.795	511.5	
795.975	503.51	
796.155	479.75	
796.335	469.31	
796.515	457.23	
796.695	455.59	
796.875	458.86	
797.055	461.32	
797.234	459.68	
797.414	453.95	
797.594	433.47	
797.774	428.76	
797.954	418.11	
798.133	415.04	
798.313	411.35	
798.493	431.01	
798.672	425.48	
798.852	418.52	
799.032	412.17	
799.211	408.89	
799.391	394.35	
799.571	391.9	
799.75	399.68	
799.93	410.33	
800.109	412.17	
800.289	413.81	
800.468	402.55	
800.648	391.49	
800.827	376.54	
801.007	365.27	
801.186	348.68	
801.366	357.69	
801.545	367.93	
801.725	386.78	
801.904	374.69	
802.083	379.61	
802.263	365.27	
802.442	352.37	
802.621	321.45	
802.801	333.73	
802.98	330.66	
803.159	339.47	
803.338	321.24	
803.518	339.67	
803.697	333.32	
803.876	332.91	
804.055	321.65	
804.235	330.05	
804.414	312.43	
804.593	321.65	
804.772	308.95	
804.951	304.04	
805.13	297.69	
805.309	296.87	
805.488	285.81	
805.667	284.58	
805.846	307.52	
806.025	312.43	
806.204	333.73	
806.383	325.34	
806.562	329.43	
806.741	305.88	
806.92	301.38	
807.099	287.04	
807.278	282.12	
807.457	274.14	
807.636	295.64	
807.814	304.86	
807.993	294.41	
808.172	300.97	
808.351	310.18	
808.53	286.84	
808.708	277.21	
808.887	267.17	
809.066	285.81	
809.244	270.45	
809.423	269.02	
809.602	256.32	
809.78	267.99	
809.959	248.74	
810.138	267.38	
810.316	259.6	
810.495	266.36	
810.673	251.81	
810.852	251.2	
811.03	252.84	
811.209	267.58	
811.388	275.98	
811.566	278.85	
811.744	277.62	
811.923	263.69	
812.101	256.73	
812.28	262.87	
812.458	276.39	
812.637	252.02	
812.815	261.65	
812.993	268.61	
813.172	260.42	
813.35	240.14	
813.528	251.61	
813.706	244.24	
813.885	234	
814.063	221.1	
814.241	234.41	
814.419	236.05	
814.598	234.61	
814.776	227.03	
814.954	222.12	
815.132	213.93	
815.31	223.35	
815.488	209.22	
815.666	205.53	
815.844	204.51	
816.022	198.16	
816.201	187.3	
816.379	193.24	
816.557	198.98	
816.735	201.84	
816.913	199.39	
817.09	198.98	
817.268	182.39	
817.446	176.45	
817.624	167.44	
817.802	191.4	
817.98	190.79	
818.158	198.36	
818.336	169.49	
818.514	178.09	
818.691	167.03	
818.869	160.89	
819.047	163.55	
819.225	185.26	
819.402	172.76	
819.58	172.35	
819.758	200.62	
819.935	213.31	
820.113	219.05	
820.291	212.08	
820.468	200	
820.646	179.93	
820.824	172.76	
821.001	175.63	
821.179	204.3	
821.356	197.75	
821.534	189.97	
821.711	181.57	
821.889	191.6	
822.066	181.36	
822.244	186.48	
822.421	194.27	
822.599	207.78	
822.776	180.14	
822.953	163.14	
823.131	161.5	
823.308	162.73	
823.486	151.26	
823.663	164.98	
823.84	169.9	
824.017	153.31	
824.195	135.49	
824.372	138.15	
824.549	130.37	
824.726	121.77	
824.904	127.71	
825.081	137.13	
825.258	123.2	
825.435	121.56	
825.612	143.89	
825.789	137.74	
825.967	127.71	
826.144	153.92	
826.321	164.98	
826.498	147.98	
826.675	153.31	
826.852	151.46	
827.029	129.96	
827.206	126.27	
827.383	119.11	
827.56	130.78	
827.737	128.53	
827.914	136.31	
828.09	134.47	
828.267	134.47	
828.444	127.91	
828.621	130.37	
828.798	131.39	
828.975	120.54	
829.151	124.43	
829.328	120.54	
829.505	137.33	
829.682	131.19	
829.858	127.71	
830.035	145.73	
830.212	147.98	
830.389	125.05	
830.565	110.71	
830.742	123	
830.918	107.64	
831.095	98.42	
831.272	108.87	
831.448	114.81	
831.625	128.94	
831.801	137.95	
831.978	152.69	
832.154	143.68	
832.331	156.99	
832.507	125.86	
832.684	115.42	
832.86	114.4	
833.037	134.47	
833.213	119.72	
833.389	132.01	
833.566	126.89	
833.742	123	
833.918	97.6	
834.095	85.11	
834.271	68.73	
834.447	82.86	
834.624	82.86	
834.8	86.54	
834.976	100.27	
835.152	111.32	
835.328	104.16	
835.505	104.98	
835.681	118.08	
835.857	99.86	
836.033	117.47	
836.209	142.86	
836.385	135.49	
836.561	129.55	
836.737	152.9	
836.913	126.89	
837.089	105.18	
837.265	123	
837.441	127.5	
837.617	112.96	
837.793	110.91	
837.969	111.53	
838.145	98.01	
838.321	87.57	
838.497	90.84	
838.673	113.17	
838.849	110.1	
839.025	110.3	
839.2	125.46	
839.376	132.83	
839.552	120.74	
839.728	127.91	
839.903	122.18	
840.079	115.42	
840.255	99.65	
840.431	118.08	
840.606	87.16	
840.782	115.01	
840.958	95.15	
841.133	95.96	
841.309	91.25	
841.484	107.43	
841.66	62.58	
841.835	61.15	
842.011	59.92	
842.186	55.01	
842.362	49.48	
842.537	73.03	
842.713	79.79	
842.888	86.34	
843.064	72.62	
843.239	82.45	
843.415	74.67	
843.59	98.42	
843.765	101.08	
843.941	105.59	
844.116	108.66	
844.291	112.14	
844.467	84.09	
844.642	88.18	
844.817	107.02	
844.992	91.25	
845.168	84.7	
845.343	95.55	
845.518	85.72	
845.693	62.17	
845.868	73.64	
846.043	72.82	
846.219	62.58	
846.394	79.17	
846.569	79.58	
846.744	67.5	
846.919	63.2	
847.094	86.54	
847.269	76.92	
847.444	87.98	
847.619	100.27	
847.794	115.83	
847.969	116.65	
848.144	112.14	
848.319	103.13	
848.494	104.16	
848.668	95.96	
848.843	101.7	
849.018	107.02	
849.193	104.57	
849.368	102.93	
849.542	107.43	
849.717	91.87	
849.892	80.4	
850.067	83.27	
850.241	86.34	
850.416	73.44	
850.591	84.09	
850.765	85.31	
850.94	84.91	
851.115	77.12	
851.289	95.15	
851.464	81.42	
851.639	89	
851.813	89	
851.988	101.29	
852.162	84.7	
852.337	84.91	
852.511	82.86	
852.686	90.03	
852.86	74.87	
853.035	80.81	
853.209	81.83	
853.383	91.05	
853.558	72.62	
853.732	86.13	
853.906	71.59	
854.081	70.77	
854.255	51.73	
854.429	69.14	
854.604	64.63	
854.778	78.15	
854.952	77.33	
855.126	87.36	
855.301	86.34	
855.475	71.18	
855.649	78.76	
855.823	66.47	
855.997	59.51	
856.171	49.27	
856.345	57.46	
856.52	50.7	
856.694	57.87	
856.868	67.29	
857.042	77.33	
857.216	92.48	
857.39	98.42	
857.564	99.45	
857.738	88.59	
857.912	72.82	
858.085	58.9	
858.259	57.67	
858.433	61.35	
858.607	56.85	
858.781	63.4	
858.955	58.9	
859.129	48.25	
859.302	50.29	
859.476	55.41	
859.65	65.24	
859.824	61.35	
859.997	68.11	
860.171	59.72	
860.345	72.21	
860.519	66.27	
860.692	64.02	
860.866	66.47	
861.039	77.53	
861.213	70.36	
861.387	65.45	
861.56	62.79	
861.734	63.81	
861.907	57.67	
862.081	47.43	
862.254	61.76	
862.428	77.94	
862.601	64.84	
862.775	65.65	
862.948	93.92	
863.122	91.25	
863.295	75.89	
863.468	92.07	
863.642	75.28	
863.815	61.76	
863.988	56.03	
864.162	67.91	
864.335	50.5	
864.508	59.72	
864.682	62.99	
864.855	67.7	
865.028	54.19	
865.201	60.53	
865.374	52.34	
865.548	52.34	
865.721	42.72	
865.894	71.59	
866.067	67.09	
866.24	72.62	
866.413	60.12	
866.586	62.99	
866.759	22.85	
866.932	23.06	
867.105	20.19	
867.278	15.68	
867.451	5.03	
867.624	30.84	
867.797	45.79	
867.97	55.21	
868.143	49.48	
868.316	53.57	
868.489	34.12	
868.661	22.24	
868.834	18.35	
869.007	43.54	
869.18	29.61	
869.353	46.81	
869.525	53.57	
869.698	42.31	
869.871	22.03	
870.044	53.78	
870.216	50.7	
870.389	40.67	
870.562	56.03	
870.734	69.14	
870.907	58.49	
871.079	62.99	
871.252	67.09	
871.425	70.77	
871.597	61.76	
871.77	82.45	
871.942	69.96	
872.115	63.81	
872.287	61.35	
872.459	64.84	
872.632	41.69	
872.804	50.29	
872.977	30.22	
873.149	23.47	
873.321	12.2	
873.494	15.68	
873.666	20.19	
873.838	48.25	
874.011	52.96	
874.183	61.76	
874.355	64.84	
874.528	66.88	
874.7	55.21	
874.872	71.39	
875.044	89.21	
875.216	91.66	
875.388	86.75	
875.561	96.37	
875.733	64.02	
875.905	47.43	
876.077	20.19	
876.249	35.75	
876.421	33.91	
876.593	37.39	
876.765	54.39	
876.937	73.44	
877.109	50.5	
877.281	46.81	
877.453	45.99	
877.625	12.41	
877.797	6.67	
877.968	5.24	
878.14	10.97	
878.312	32.89	
878.484	36.37	
878.656	37.19	
878.828	33.09	
878.999	27.36	
879.171	5.24	
879.343	2.99	
879.515	10.36	
879.686	4.83	
879.858	5.85	
880.03	16.5	
880.201	32.89	
880.373	17.32	
880.545	40.46	
880.716	51.11	
880.888	68.52	
881.059	75.08	
881.231	95.76	
881.402	87.16	
881.574	69.55	
881.745	60.33	
881.917	66.68	
882.088	51.32	
882.26	43.13	
882.431	65.86	
882.602	52.75	
882.774	42.72	
882.945	42.1	
883.116	31.45	
883.288	18.14	
883.459	21.83	
883.63	10.97	
883.802	1.14	
883.973	12	
884.144	19.78	
884.315	14.05	
884.487	24.7	
884.658	46.4	
884.829	66.68	
885	54.8	
885.171	69.34	
885.342	53.98	
885.513	48.04	
885.684	30.22	
885.855	29.2	
886.026	12.41	
886.197	24.7	
886.368	14.86	
886.539	24.08	
886.71	27.36	
886.881	22.03	
887.052	20.8	
887.223	26.54	
887.394	17.73	
887.565	26.54	
887.736	27.56	
887.907	43.13	
888.077	49.89	
888.248	35.34	
888.419	26.74	
888.59	27.15	
888.761	28.59	
888.931	25.92	
889.102	60.74	
889.273	43.74	
889.443	42.92	
889.614	18.96	
889.785	14.66	
889.955	4.22	
890.126	24.9	
890.296	54.39	
890.467	68.93	
890.637	100.88	
890.808	100.88	
890.978	101.29	
891.149	86.75	
891.319	103.34	
891.49	83.27	
891.66	78.35	
891.831	71.59	
892.001	77.12	
892.172	54.39	
892.342	49.07	
892.512	44.56	
892.683	50.91	
892.853	41.9	
893.023	36.78	
893.193	26.33	
893.364	28.79	
893.534	33.09	
893.704	50.09	
893.874	52.96	
894.044	67.91	
894.215	60.53	
894.385	55.62	
894.555	52.34	
894.725	71.8	
894.895	60.74	
895.065	65.45	
895.235	59.1	
895.405	51.93	
895.575	28.18	
895.745	28.84	
895.915	31.32	
