177.618	-72.19	
177.836	-72.19	
178.054	-72.19	
178.271	-143.87	
178.489	-162.3	
178.706	-14.85	
178.924	5.63	
179.142	-4.61	
179.359	24.06	
179.577	3.58	
179.794	-14.85	
180.012	32.26	
180.229	83.45	
180.447	-0.51	
180.664	-41.47	
180.882	3.58	
181.1	-76.29	
181.317	-14.85	
181.535	36.35	
181.752	-29.18	
181.969	32.26	
182.187	-20.99	
182.404	52.74	
182.622	110.08	
182.839	-0.51	
183.057	60.93	
183.274	-4.61	
183.492	-6.66	
183.709	24.06	
183.926	9.73	
184.144	62.98	
184.361	58.88	
184.579	-4.61	
184.796	93.69	
185.013	75.26	
185.231	38.4	
185.448	75.26	
185.666	-18.94	
185.883	75.26	
186.1	44.54	
186.317	28.16	
186.535	1.54	
186.752	36.35	
186.969	3.58	
187.187	91.65	
187.404	13.82	
187.621	89.6	
187.839	-61.95	
188.056	132.61	
188.273	-6.66	
188.49	26.11	
188.708	-10.75	
188.925	75.26	
189.142	85.5	
189.359	99.84	
189.576	62.98	
189.794	13.82	
190.011	-12.8	
190.228	17.92	
190.445	-0.51	
190.662	-18.94	
190.879	-96.77	
191.097	17.92	
191.314	50.69	
191.531	-20.99	
191.748	-64	
191.965	48.64	
192.182	-98.81	
192.399	73.21	
192.616	-27.14	
192.834	-0.51	
193.051	93.69	
193.268	34.3	
193.485	15.87	
193.702	50.69	
193.919	1.54	
194.136	-23.04	
194.353	50.69	
194.57	-0.51	
194.787	9.73	
195.004	79.36	
195.221	40.45	
195.438	62.98	
195.655	-16.9	
195.872	95.74	
196.089	-8.7	
196.306	85.5	
196.523	-98.81	
196.74	15.87	
196.957	99.84	
197.173	32.26	
197.39	1.54	
197.607	32.26	
197.824	-12.8	
198.041	22.02	
198.258	24.06	
198.475	-29.18	
198.692	-0.51	
198.909	83.45	
199.125	-8.7	
199.342	-92.67	
199.559	-39.42	
199.776	108.03	
199.993	19.97	
200.21	48.64	
200.426	65.02	
200.643	-55.81	
200.86	26.11	
201.077	36.35	
201.293	73.21	
201.51	-20.99	
201.727	77.31	
201.944	-43.52	
202.16	-49.66	
202.377	-31.23	
202.594	75.26	
202.811	46.59	
203.027	-18.94	
203.244	-45.57	
203.461	-8.7	
203.677	75.26	
203.894	50.69	
204.111	-0.51	
204.327	101.89	
204.544	-76.29	
204.761	1.54	
204.977	-41.47	
205.194	122.37	
205.41	-66.05	
205.627	-8.7	
205.844	81.41	
206.06	-64	
206.277	65.02	
206.493	44.54	
206.71	-64	
206.926	81.41	
207.143	36.35	
207.36	38.4	
207.576	-0.51	
207.793	-121.34	
208.009	116.22	
208.226	15.87	
208.442	44.54	
208.659	-20.99	
208.875	-82.43	
209.092	48.64	
209.308	65.02	
209.524	-74.24	
209.741	-12.8	
209.957	-27.14	
210.174	130.56	
210.39	34.3	
210.607	19.97	
210.823	-6.66	
211.039	15.87	
211.256	-23.04	
211.472	-41.47	
211.688	15.87	
211.905	-0.51	
212.121	138.75	
212.338	114.17	
212.554	-10.75	
212.77	28.16	
212.987	-109.05	
213.203	-25.09	
213.419	15.87	
213.635	130.56	
213.852	30.21	
214.068	11.78	
214.284	-61.95	
214.501	48.64	
214.717	-37.38	
214.933	48.64	
215.149	-39.42	
215.365	48.64	
215.582	-31.23	
215.798	-104.96	
216.014	-70.14	
216.23	56.83	
216.447	-8.7	
216.663	73.21	
216.879	32.26	
217.095	9.73	
217.311	-23.04	
217.527	97.79	
217.743	77.31	
217.96	-10.75	
218.176	-4.61	
218.392	-8.7	
218.608	71.17	
218.824	36.35	
219.04	34.3	
219.256	-29.18	
219.472	-64	
219.688	-6.66	
219.904	-14.85	
220.12	22.02	
220.336	83.45	
220.552	89.6	
220.768	48.64	
220.984	34.3	
221.2	71.17	
221.416	3.58	
221.632	-123.39	
221.848	42.5	
222.064	-82.43	
222.28	-39.42	
222.496	24.06	
222.712	-8.7	
222.928	-66.05	
223.144	46.59	
223.36	40.45	
223.576	87.55	
223.792	-41.47	
224.008	24.06	
224.224	38.4	
224.439	114.17	
224.655	-57.86	
224.871	9.73	
225.087	11.78	
225.303	69.12	
225.519	-14.85	
225.734	-49.66	
225.95	42.5	
226.166	48.64	
226.382	9.73	
226.598	26.11	
226.813	-2.56	
227.029	15.87	
227.245	67.07	
227.461	24.06	
227.677	11.78	
227.892	91.65	
228.108	-25.09	
228.324	54.78	
228.539	-25.09	
228.755	26.11	
228.971	-31.23	
229.186	118.27	
229.402	-16.9	
229.618	30.21	
229.833	24.06	
230.049	110.08	
230.265	-6.66	
230.48	5.63	
230.696	5.63	
230.912	58.88	
231.127	-25.09	
231.343	-31.23	
231.558	9.73	
231.774	24.06	
231.99	-127.49	
232.205	67.07	
232.421	124.41	
232.636	-0.51	
232.852	-6.66	
233.067	48.64	
233.283	40.45	
233.498	73.21	
233.714	60.93	
233.929	-12.8	
234.145	34.3	
234.36	50.69	
234.576	5.63	
234.791	138.75	
235.007	-6.66	
235.222	79.36	
235.438	69.12	
235.653	75.26	
235.868	17.92	
236.084	122.37	
236.299	13.82	
236.515	175.61	
236.73	110.08	
236.945	77.31	
237.161	26.11	
237.376	73.21	
237.592	30.21	
237.807	19.97	
238.022	44.54	
238.238	81.41	
238.453	-4.61	
238.668	87.55	
238.883	-102.91	
239.099	77.31	
239.314	-104.96	
239.529	-10.75	
239.745	60.93	
239.96	-27.14	
240.175	-39.42	
240.39	24.06	
240.605	1.54	
240.821	122.37	
241.036	17.92	
241.251	-8.7	
241.466	46.59	
241.681	32.26	
241.897	28.16	
242.112	56.83	
242.327	116.22	
242.542	179.71	
242.757	3.58	
242.972	81.41	
243.188	-12.8	
243.403	1.54	
243.618	7.68	
243.833	11.78	
244.048	11.78	
244.263	-23.04	
244.478	11.78	
244.693	28.16	
244.908	17.92	
245.123	-37.38	
245.338	1.54	
245.553	-31.23	
245.768	58.88	
245.983	83.45	
246.198	-20.99	
246.413	48.64	
246.628	-23.04	
246.843	-64	
247.058	-4.61	
247.273	-25.09	
247.488	15.87	
247.703	-82.43	
247.918	-4.61	
248.133	118.27	
248.348	-84.48	
248.563	26.11	
248.778	-51.71	
248.993	95.74	
249.207	-57.86	
249.422	91.65	
249.637	91.65	
249.852	50.69	
250.067	-18.94	
250.282	75.26	
250.496	-64	
250.711	-37.38	
250.926	1.54	
251.141	34.3	
251.356	24.06	
251.57	28.16	
251.785	-66.05	
252	17.92	
252.215	42.5	
252.43	-57.86	
252.644	7.68	
252.859	-16.9	
253.074	122.37	
253.288	58.88	
253.503	-51.71	
253.718	-14.85	
253.932	19.97	
254.147	91.65	
254.362	118.27	
254.576	67.07	
254.791	7.68	
255.006	-16.9	
255.22	5.63	
255.435	79.36	
255.65	42.5	
255.864	19.97	
256.079	48.64	
256.293	13.82	
256.508	99.84	
256.723	118.27	
256.937	17.92	
257.152	171.52	
257.366	-92.67	
257.581	19.97	
257.795	-14.85	
258.01	-51.71	
258.224	85.5	
258.439	165.37	
258.653	99.84	
258.868	30.21	
259.082	-18.94	
259.297	112.13	
259.511	91.65	
259.726	48.64	
259.94	-82.43	
260.154	-74.24	
260.369	-16.9	
260.583	5.63	
260.798	17.92	
261.012	62.98	
261.226	-90.62	
261.441	85.5	
261.655	28.16	
261.869	26.11	
262.084	30.21	
262.298	83.45	
262.512	-25.09	
262.727	73.21	
262.941	-59.9	
263.155	-25.09	
263.37	32.26	
263.584	-18.94	
263.798	42.5	
264.012	81.41	
264.227	26.11	
264.441	140.8	
264.655	-4.61	
264.869	46.59	
265.084	-6.66	
265.298	110.08	
265.512	-45.57	
265.726	44.54	
265.94	-25.09	
266.155	67.07	
266.369	1.54	
266.583	34.3	
266.797	97.79	
267.011	105.98	
267.225	93.69	
267.439	159.23	
267.654	65.02	
267.868	24.06	
268.082	40.45	
268.296	19.97	
268.51	-45.57	
268.724	-61.95	
268.938	-27.14	
269.152	42.5	
269.366	-16.9	
269.58	108.03	
269.794	-18.94	
270.008	38.4	
270.222	-33.28	
270.436	91.65	
270.65	-6.66	
270.864	-25.09	
271.078	-6.66	
271.292	75.26	
271.506	-4.61	
271.72	-0.51	
271.934	48.64	
272.148	44.54	
272.362	44.54	
272.575	48.64	
272.789	32.26	
273.003	36.35	
273.217	-16.9	
273.431	9.73	
273.645	87.55	
273.859	-41.47	
274.073	24.06	
274.286	77.31	
274.5	101.89	
274.714	91.65	
274.928	79.36	
275.142	-25.09	
275.355	77.31	
275.569	56.83	
275.783	9.73	
275.997	60.93	
276.21	40.45	
276.424	-45.57	
276.638	24.06	
276.852	73.21	
277.065	-23.04	
277.279	83.45	
277.493	-6.66	
277.706	34.3	
277.92	83.45	
278.134	105.98	
278.347	91.65	
278.561	-37.38	
278.775	-12.8	
278.988	99.84	
279.202	15.87	
279.415	-20.99	
279.629	54.78	
279.843	-55.81	
280.056	11.78	
280.27	52.74	
280.483	218.62	
280.697	65.02	
280.91	-0.51	
281.124	24.06	
281.337	65.02	
281.551	112.13	
281.764	52.74	
281.978	85.5	
282.191	-80.38	
282.405	50.69	
282.618	22.02	
282.832	19.97	
283.045	-113.15	
283.259	-0.51	
283.472	32.26	
283.686	99.84	
283.899	-0.51	
284.112	54.78	
284.326	1.54	
284.539	-23.04	
284.752	52.74	
284.966	91.65	
285.179	54.78	
285.393	-57.86	
285.606	22.02	
285.819	73.21	
286.033	-66.05	
286.246	46.59	
286.459	-37.38	
286.672	118.27	
286.886	17.92	
287.099	77.31	
287.312	24.06	
287.525	48.64	
287.739	-70.14	
287.952	83.45	
288.165	7.68	
288.378	42.5	
288.592	99.84	
288.805	75.26	
289.018	-14.85	
289.231	-16.9	
289.444	-10.75	
289.657	58.88	
289.871	81.41	
290.084	28.16	
290.297	-31.23	
290.51	-0.51	
290.723	110.08	
290.936	-23.04	
291.149	-31.23	
291.362	155.13	
291.575	65.02	
291.789	95.74	
292.002	24.06	
292.215	1.54	
292.428	-49.66	
292.641	81.41	
292.854	-84.48	
293.067	85.5	
293.28	-47.62	
293.493	73.21	
293.706	-0.51	
293.919	-0.51	
294.132	-55.81	
294.345	34.3	
294.558	-53.76	
294.77	50.69	
294.983	-29.18	
295.196	71.17	
295.409	62.98	
295.622	144.89	
295.835	15.87	
296.048	132.61	
296.261	22.02	
296.474	132.61	
296.686	32.26	
296.899	97.79	
297.112	40.45	
297.325	81.41	
297.538	28.16	
297.751	81.41	
297.963	24.06	
298.176	73.21	
298.389	73.21	
298.602	-43.52	
298.814	-10.75	
299.027	93.69	
299.24	222.72	
299.453	7.68	
299.665	9.73	
299.878	105.98	
300.091	-29.18	
300.303	-0.51	
300.516	30.21	
300.729	32.26	
300.941	9.73	
301.154	-0.51	
301.367	42.5	
301.579	-23.04	
301.792	30.21	
302.005	26.11	
302.217	19.97	
302.43	56.83	
302.642	15.87	
302.855	-6.66	
303.067	-47.62	
303.28	-57.86	
303.493	-39.42	
303.705	19.97	
303.918	7.68	
304.13	5.63	
304.343	1.54	
304.555	73.21	
304.768	32.26	
304.98	116.22	
305.193	77.31	
305.405	24.06	
305.617	-2.56	
305.83	-0.51	
306.042	-41.47	
306.255	77.31	
306.467	-25.09	
306.68	138.75	
306.892	7.68	
307.104	-4.61	
307.317	22.02	
307.529	34.3	
307.741	26.11	
307.954	97.79	
308.166	13.82	
308.378	69.12	
308.591	-25.09	
308.803	48.64	
309.015	26.11	
309.228	110.08	
309.44	97.79	
309.652	81.41	
309.864	-8.7	
310.077	19.97	
310.289	32.26	
310.501	1.54	
310.713	9.73	
310.926	7.68	
311.138	-25.09	
311.35	36.35	
311.562	-43.52	
311.774	32.26	
311.986	9.73	
312.199	48.64	
312.411	48.64	
312.623	97.79	
312.835	-12.8	
313.047	52.74	
313.259	-31.23	
313.471	26.11	
313.683	9.73	
313.895	73.21	
314.108	-31.23	
314.32	44.54	
314.532	71.17	
314.744	-2.56	
314.956	32.26	
315.168	7.68	
315.38	134.65	
315.592	93.69	
315.804	-4.61	
316.016	48.64	
316.228	81.41	
316.44	103.93	
316.651	36.35	
316.863	75.26	
317.075	114.17	
317.287	9.73	
317.499	9.73	
317.711	34.3	
317.923	9.73	
318.135	50.69	
318.347	32.26	
318.559	-14.85	
318.77	75.26	
318.982	132.61	
319.194	91.65	
319.406	-59.9	
319.618	-61.95	
319.83	32.26	
320.041	-45.57	
320.253	32.26	
320.465	-6.66	
320.677	22.02	
320.888	40.45	
321.1	-29.18	
321.312	-8.7	
321.524	85.5	
321.735	116.22	
321.947	42.5	
322.159	65.02	
322.37	-10.75	
322.582	73.21	
322.794	-18.94	
323.005	-8.7	
323.217	83.45	
323.429	-12.8	
323.64	65.02	
323.852	-55.81	
324.063	24.06	
324.275	9.73	
324.487	15.87	
324.698	56.83	
324.91	42.5	
325.121	-20.99	
325.333	108.03	
325.544	-123.39	
325.756	-16.9	
325.967	9.73	
326.179	75.26	
326.39	67.07	
326.602	34.3	
326.813	-16.9	
327.025	-33.28	
327.236	-92.67	
327.448	54.78	
327.659	34.3	
327.871	1.54	
328.082	32.26	
328.293	28.16	
328.505	44.54	
328.716	24.06	
328.928	58.88	
329.139	54.78	
329.35	5.63	
329.562	169.47	
329.773	1.54	
329.984	165.37	
330.196	28.16	
330.407	40.45	
330.618	3.58	
330.83	32.26	
331.041	7.68	
331.252	58.88	
331.463	19.97	
331.675	58.88	
331.886	58.88	
332.097	83.45	
332.308	38.4	
332.52	22.02	
332.731	44.54	
332.942	93.69	
333.153	38.4	
333.364	101.89	
333.575	77.31	
333.787	-14.85	
333.998	83.45	
334.209	79.36	
334.42	-8.7	
334.631	38.4	
334.842	34.3	
335.053	46.59	
335.264	44.54	
335.475	126.46	
335.686	-14.85	
335.898	71.17	
336.109	-14.85	
336.32	-31.23	
336.531	-2.56	
336.742	79.36	
336.953	15.87	
337.164	81.41	
337.375	22.02	
337.586	89.6	
337.797	-0.51	
338.007	9.73	
338.218	-25.09	
338.429	38.4	
338.64	-41.47	
338.851	85.5	
339.062	-12.8	
339.273	38.4	
339.484	42.5	
339.695	11.78	
339.906	-41.47	
340.116	-4.61	
340.327	116.22	
340.538	44.54	
340.749	89.6	
340.96	52.74	
341.171	-49.66	
341.381	46.59	
341.592	-37.38	
341.803	108.03	
342.014	48.64	
342.224	9.73	
342.435	46.59	
342.646	56.83	
342.857	-39.42	
343.067	-23.04	
343.278	-25.09	
343.489	17.92	
343.699	87.55	
343.91	60.93	
344.121	-4.61	
344.331	-0.51	
344.542	-4.61	
344.753	-16.9	
344.963	81.41	
345.174	108.03	
345.384	65.02	
345.595	130.56	
345.806	38.4	
346.016	38.4	
346.227	60.93	
346.437	-25.09	
346.648	17.92	
346.858	48.64	
347.069	-12.8	
347.279	56.83	
347.49	1.54	
347.7	79.36	
347.911	-33.28	
348.121	124.41	
348.332	42.5	
348.542	1.54	
348.753	17.92	
348.963	-72.19	
349.173	56.83	
349.384	79.36	
349.594	-16.9	
349.805	97.79	
350.015	110.08	
350.225	81.41	
350.436	-27.14	
350.646	48.64	
350.856	58.88	
351.067	97.79	
351.277	56.83	
351.487	-39.42	
351.698	-16.9	
351.908	-2.56	
352.118	79.36	
352.328	65.02	
352.539	24.06	
352.749	75.26	
352.959	93.69	
353.169	22.02	
353.38	-16.9	
353.59	73.21	
353.8	-78.33	
354.01	134.65	
354.22	42.5	
354.431	40.45	
354.641	-10.75	
354.851	65.02	
355.061	-23.04	
355.271	42.5	
355.481	42.5	
355.691	128.51	
355.901	-14.85	
356.111	50.69	
356.321	36.35	
356.532	62.98	
356.742	73.21	
356.952	73.21	
357.162	34.3	
357.372	108.03	
357.582	30.21	
357.792	28.16	
358.002	-29.18	
358.212	-96.77	
358.422	75.26	
358.632	26.11	
358.842	-6.66	
359.051	5.63	
359.261	-6.66	
359.471	116.22	
359.681	81.41	
359.891	114.17	
360.101	32.26	
360.311	1.54	
360.521	-6.66	
360.731	11.78	
360.94	-6.66	
361.15	50.69	
361.36	89.6	
361.57	97.79	
361.78	44.54	
361.989	32.26	
362.199	146.94	
362.409	65.02	
362.619	50.69	
362.828	105.98	
363.038	34.3	
363.248	251.39	
363.458	44.54	
363.667	124.41	
363.877	-29.18	
364.087	28.16	
364.296	56.83	
364.506	71.17	
364.716	11.78	
364.925	11.78	
365.135	83.45	
365.345	93.69	
365.554	48.64	
365.764	58.88	
365.973	30.21	
366.183	177.66	
366.393	67.07	
366.602	165.37	
366.812	65.02	
367.021	144.89	
367.231	-8.7	
367.44	167.42	
367.65	83.45	
367.859	67.07	
368.069	71.17	
368.278	65.02	
368.488	1.54	
368.697	97.79	
368.907	38.4	
369.116	161.28	
369.326	93.69	
369.535	286.2	
369.744	62.98	
369.954	89.6	
370.163	126.46	
370.373	44.54	
370.582	146.94	
370.791	62.98	
371.001	87.55	
371.21	148.99	
371.419	81.41	
371.629	99.84	
371.838	138.75	
372.047	126.46	
372.256	181.76	
372.466	171.52	
372.675	105.98	
372.884	216.57	
373.093	71.17	
373.303	171.52	
373.512	230.91	
373.721	253.44	
373.93	286.2	
374.139	218.62	
374.349	177.66	
374.558	394.75	
374.767	216.57	
374.976	321.02	
375.185	312.83	
375.394	318.97	
375.603	415.23	
375.813	450.04	
376.022	429.56	
376.231	470.52	
376.44	501.24	
376.649	497.14	
376.858	513.53	
377.067	558.58	
377.276	560.63	
377.485	613.88	
377.694	634.36	
377.903	667.13	
378.112	740.85	
378.321	675.32	
378.53	785.91	
378.739	835.06	
378.948	861.68	
379.157	941.55	
379.366	873.97	
379.575	914.93	
379.784	1164.78	
379.992	1144.3	
380.201	994.8	
380.41	1302	
380.619	1273.32	
380.828	1369.58	
381.037	1285.61	
381.246	1633.77	
381.454	1523.18	
381.663	1648.1	
381.872	1541.61	
382.081	1908.19	
382.29	1871.33	
382.498	2147.81	
382.707	2110.94	
382.916	2301.4	
383.125	2385.37	
383.333	2414.04	
383.542	2606.55	
383.751	2694.61	
383.959	2772.44	
384.168	2936.28	
384.377	2997.71	
384.585	3149.26	
384.794	3235.28	
385.003	3501.51	
385.211	3585.48	
385.42	3909.06	
385.628	3931.59	
385.837	4142.53	
386.046	4208.06	
386.254	4611.51	
386.463	4619.71	
386.671	4767.16	
386.88	4955.57	
387.088	5223.86	
387.297	5281.2	
387.505	5692.84	
387.714	5676.46	
387.922	6022.56	
388.131	6143.39	
388.339	6362.53	
388.548	6671.77	
388.756	6751.64	
388.965	7077.27	
389.173	7153.04	
389.381	7306.64	
389.59	7425.42	
389.798	7845.26	
390.007	8119.68	
390.215	7855.5	
390.423	8510.85	
390.632	8275.33	
390.84	9024.89	
391.048	9076.09	
391.257	9457.01	
391.465	9563.5	
391.673	10038.63	
391.882	10077.54	
392.09	10210.66	
392.298	10317.15	
392.506	11031.9	
392.715	11132.25	
392.923	11648.33	
393.131	11646.29	
393.339	12584.26	
393.547	12375.36	
393.756	13131.06	
393.964	13059.38	
394.172	13696.3	
394.38	13802.8	
394.588	14714.14	
394.796	14632.22	
395.005	15543.57	
395.213	16295.18	
395.421	16655.62	
395.629	17171.71	
395.837	17493.24	
396.045	18101.48	
396.253	18521.32	
396.461	18738.4	
396.669	19188.96	
396.877	19367.13	
397.085	19743.95	
397.293	19938.51	
397.501	19879.12	
397.709	20282.57	
397.917	20294.86	
398.125	20272.33	
398.333	20688.07	
398.541	21347.51	
398.749	22086.83	
398.957	21871.79	
399.165	22150.32	
399.373	22058.16	
399.581	22746.28	
399.788	22471.85	
399.996	22961.31	
400.204	23403.67	
400.412	23620.76	
400.62	24900.74	
400.828	24724.61	
401.035	25330.81	
401.243	25648.25	
401.451	26240.11	
401.659	26569.83	
401.867	26772.58	
402.074	27223.14	
402.282	27167.84	
402.49	27257.95	
402.697	27389.02	
402.905	27679.83	
403.113	27849.82	
403.321	28613.71	
403.528	28433.49	
403.736	29074.5	
403.944	28742.73	
404.151	29037.64	
404.359	28329.04	
404.566	29180.99	
404.774	27685.98	
404.982	28300.37	
405.189	27468.89	
405.397	27393.12	
405.604	27561.05	
405.812	27649.11	
406.02	27065.44	
406.227	26942.56	
406.435	26154.1	
406.642	26666.09	
406.85	25988.21	
407.057	25394.3	
407.265	25572.47	
407.472	25062.53	
407.679	24368.27	
407.887	24577.16	
408.094	24030.35	
408.302	23551.13	
408.509	23053.47	
408.717	22695.08	
408.924	21632.18	
409.131	21879.99	
409.339	21124.29	
409.546	20798.66	
409.753	20620.49	
409.961	20657.35	
410.168	19420.38	
410.375	19674.32	
410.583	18549.99	
410.79	18439.4	
410.997	17779.95	
411.205	17825.01	
411.412	17042.68	
411.619	17378.55	
411.826	16813.31	
412.034	16719.1	
412.241	15609.11	
412.448	15185.18	
412.655	14613.79	
412.862	14454.05	
413.07	13716.78	
413.277	13212.98	
413.484	12705.09	
413.691	12324.16	
413.898	11908.43	
414.105	11486.54	
414.312	11001.18	
414.519	10894.68	
414.727	10480.99	
414.934	10313.06	
415.141	9999.72	
415.348	9774.44	
415.555	9876.84	
415.762	9737.58	
415.969	9493.87	
416.176	9483.63	
416.383	9104.76	
416.59	8844.67	
416.797	8617.34	
417.004	8533.37	
417.211	8248.71	
417.418	8146.31	
417.625	8205.7	
417.831	8138.12	
418.038	7695.75	
418.245	7632.27	
418.452	7298.45	
418.659	7439.76	
418.866	7060.88	
419.073	6983.06	
419.28	6692.25	
419.486	6716.83	
419.693	6559.13	
419.9	6673.82	
420.107	6522.27	
420.314	6299.04	
420.52	6057.38	
420.727	5948.84	
420.934	5637.55	
421.141	5373.36	
421.347	5270.96	
421.554	4914.61	
421.761	4931	
421.967	4832.69	
422.174	4472.25	
422.381	4591.03	
422.588	4339.13	
422.794	4380.09	
423.001	4087.23	
423.207	3986.88	
423.414	3988.93	
423.621	3821	
423.827	3833.29	
424.034	3614.15	
424.24	3493.32	
424.447	3524.04	
424.654	3431.88	
424.86	3321.29	
425.067	3300.81	
425.273	3177.94	
425.48	2977.23	
425.686	3104.21	
425.893	2971.09	
426.099	2895.32	
426.306	2772.44	
426.512	2749.91	
426.718	2758.1	
426.925	2719.19	
427.131	2672.09	
427.338	2409.95	
427.544	2299.36	
427.75	2379.23	
427.957	2346.46	
428.163	2344.41	
428.37	2250.21	
428.576	2317.79	
428.782	2203.1	
428.988	2170.33	
429.195	2014.69	
429.401	2086.37	
429.607	1981.92	
429.814	1850.85	
430.02	1877.48	
430.226	1818.08	
430.432	1883.62	
430.639	1721.83	
430.845	1752.55	
431.051	1721.83	
431.257	1674.73	
431.463	1656.29	
431.67	1703.4	
431.876	1467.88	
432.082	1457.64	
432.288	1474.03	
432.494	1318.38	
432.7	1506.79	
432.906	1441.26	
433.112	1349.1	
433.318	1320.43	
433.525	1189.36	
433.731	1326.57	
433.937	1273.32	
434.143	1029.62	
434.349	1205.74	
434.555	1041.9	
434.761	1078.77	
434.967	1033.71	
435.173	1060.34	
435.379	1007.09	
435.585	1046	
435.791	1121.77	
435.996	1058.29	
436.202	990.7	
436.408	1031.66	
436.614	949.75	
436.82	910.83	
437.026	1000.94	
437.232	935.41	
437.438	886.26	
437.644	876.02	
437.849	851.44	
438.055	757.24	
438.261	806.39	
438.467	720.37	
438.673	679.41	
438.878	609.78	
439.084	673.27	
439.29	644.6	
439.496	611.83	
439.701	542.2	
439.907	615.93	
440.113	599.54	
440.318	503.29	
440.524	466.42	
440.73	534.01	
440.935	509.43	
441.141	536.06	
441.347	439.8	
441.552	433.66	
441.758	523.77	
441.964	491	
442.169	562.68	
442.375	435.71	
442.58	441.85	
442.786	394.75	
442.991	376.31	
443.197	376.31	
443.402	392.7	
443.608	288.25	
443.813	339.45	
444.019	396.79	
444.224	458.23	
444.43	368.12	
444.635	327.16	
444.841	222.72	
445.046	374.27	
445.252	329.21	
445.457	298.49	
445.662	198.14	
445.868	286.2	
446.073	310.78	
446.278	278.01	
446.484	218.62	
446.689	318.97	
446.894	232.96	
447.1	286.2	
447.305	218.62	
447.51	230.91	
447.716	278.01	
447.921	212.48	
448.126	220.67	
448.331	327.16	
448.537	228.86	
448.742	214.52	
448.947	222.72	
449.152	296.44	
449.357	110.08	
449.563	196.09	
449.768	251.39	
449.973	259.58	
450.178	220.67	
450.383	196.09	
450.588	185.85	
450.793	128.51	
450.999	200.19	
451.204	181.76	
451.409	310.78	
451.614	148.99	
451.819	93.69	
452.024	196.09	
452.229	179.71	
452.434	212.48	
452.639	165.37	
452.844	171.52	
453.049	44.54	
453.254	144.89	
453.459	118.27	
453.664	97.79	
453.869	148.99	
454.074	165.37	
454.279	148.99	
454.483	83.45	
454.688	114.17	
454.893	114.17	
455.098	200.19	
455.303	171.52	
455.508	146.94	
455.713	136.7	
455.917	124.41	
456.122	105.98	
456.327	91.65	
456.532	144.89	
456.737	44.54	
456.941	159.23	
457.146	83.45	
457.351	175.61	
457.555	22.02	
457.76	110.08	
457.965	17.92	
458.17	122.37	
458.374	91.65	
458.579	83.45	
458.784	105.98	
458.988	114.17	
459.193	15.87	
459.397	81.41	
459.602	105.98	
459.807	73.21	
460.011	83.45	
460.216	212.48	
460.42	198.14	
460.625	87.55	
460.829	52.74	
461.034	38.4	
461.239	48.64	
461.443	67.07	
461.648	56.83	
461.852	42.5	
462.056	97.79	
462.261	34.3	
462.465	105.98	
462.67	79.36	
462.874	58.88	
463.079	144.89	
463.283	36.35	
463.487	56.83	
463.692	126.46	
463.896	122.37	
464.1	116.22	
464.305	79.36	
464.509	26.11	
464.713	105.98	
464.918	34.3	
465.122	56.83	
465.326	5.63	
465.531	83.45	
465.735	-16.9	
465.939	46.59	
466.143	-8.7	
466.348	-2.56	
466.552	32.26	
466.756	11.78	
466.96	40.45	
467.164	56.83	
467.368	87.55	
467.573	34.3	
467.777	54.78	
467.981	128.51	
468.185	65.02	
468.389	91.65	
468.593	-27.14	
468.797	42.5	
469.001	-57.86	
469.205	-18.94	
469.409	48.64	
469.613	42.5	
469.817	71.17	
470.021	56.83	
470.225	73.21	
470.429	9.73	
470.633	-33.28	
470.837	13.82	
471.041	93.69	
471.245	26.11	
471.449	40.45	
471.653	30.21	
471.857	52.74	
472.061	26.11	
472.265	99.84	
472.469	32.26	
472.673	71.17	
472.876	42.5	
473.08	17.92	
473.284	-0.51	
473.488	65.02	
473.692	146.94	
473.895	-25.09	
474.099	69.12	
474.303	116.22	
474.507	15.87	
474.71	60.93	
474.914	95.74	
475.118	34.3	
475.322	-55.81	
475.525	5.63	
475.729	142.85	
475.933	-66.05	
476.136	40.45	
476.34	17.92	
476.543	126.46	
476.747	32.26	
476.951	17.92	
477.154	-6.66	
477.358	11.78	
477.561	17.92	
477.765	126.46	
477.969	-23.04	
478.172	5.63	
478.376	17.92	
478.579	40.45	
478.783	32.26	
478.986	58.88	
479.19	-72.19	
479.393	99.84	
479.596	34.3	
479.8	-25.09	
480.003	-47.62	
480.207	89.6	
480.41	24.06	
480.614	-18.94	
480.817	28.16	
481.02	77.31	
481.224	13.82	
481.427	138.75	
481.63	120.32	
481.834	87.55	
482.037	13.82	
482.24	79.36	
482.443	5.63	
482.647	34.3	
482.85	73.21	
483.053	148.99	
483.256	9.73	
483.46	114.17	
483.663	-70.14	
483.866	71.17	
484.069	11.78	
484.272	54.78	
484.476	-25.09	
484.679	-4.61	
484.882	5.63	
485.085	24.06	
485.288	79.36	
485.491	58.88	
485.694	-31.23	
485.897	124.41	
486.101	-74.24	
486.304	40.45	
486.507	67.07	
486.71	79.36	
486.913	99.84	
487.116	24.06	
487.319	34.3	
487.522	30.21	
487.725	-41.47	
487.928	34.3	
488.13	101.89	
488.333	-14.85	
488.536	-0.51	
488.739	99.84	
488.942	19.97	
489.145	34.3	
489.348	108.03	
489.551	118.27	
489.754	26.11	
489.956	9.73	
490.159	9.73	
490.362	81.41	
490.565	-43.52	
490.768	-31.23	
490.97	-8.7	
491.173	46.59	
491.376	101.89	
491.579	71.17	
491.781	-0.51	
491.984	-0.51	
492.187	91.65	
492.39	-27.14	
492.592	40.45	
492.795	-64	
492.998	-18.94	
493.2	17.92	
493.403	-94.72	
493.605	87.55	
493.808	-31.23	
494.011	83.45	
494.213	-33.28	
494.416	-47.62	
494.618	-33.28	
494.821	9.73	
495.023	-94.72	
495.226	-6.66	
495.428	-4.61	
495.631	-14.85	
495.833	-31.23	
496.036	75.26	
496.238	3.58	
496.441	13.82	
496.643	40.45	
496.846	65.02	
497.048	-49.66	
497.25	15.87	
497.453	24.06	
497.655	22.02	
497.858	11.78	
498.06	138.75	
498.262	42.5	
498.465	3.58	
498.667	-61.95	
498.869	-25.09	
499.071	24.06	
499.274	15.87	
499.476	81.41	
499.678	17.92	
499.881	130.56	
500.083	7.68	
500.285	-25.09	
500.487	118.27	
500.689	-61.95	
500.892	34.3	
501.094	-10.75	
501.296	56.83	
501.498	-47.62	
501.7	42.5	
501.902	19.97	
502.104	-16.9	
502.306	-4.61	
502.509	97.79	
502.711	-33.28	
502.913	-0.51	
503.115	-47.62	
503.317	97.79	
503.519	-27.14	
503.721	-0.51	
503.923	-4.61	
504.125	97.79	
504.327	116.22	
504.529	7.68	
504.731	56.83	
504.933	17.92	
505.134	-45.57	
505.336	93.69	
505.538	-12.8	
505.74	79.36	
505.942	56.83	
506.144	-14.85	
506.346	34.3	
506.548	7.68	
506.749	24.06	
506.951	24.06	
507.153	65.02	
507.355	157.18	
507.557	-88.57	
507.758	42.5	
507.96	-2.56	
508.162	-18.94	
508.363	40.45	
508.565	34.3	
508.767	-14.85	
508.969	89.6	
509.17	-47.62	
509.372	48.64	
509.574	26.11	
509.775	54.78	
509.977	-6.66	
510.178	46.59	
510.38	-27.14	
510.582	24.06	
510.783	26.11	
510.985	-33.28	
511.186	-47.62	
511.388	105.98	
511.589	-14.85	
511.791	36.35	
511.992	28.16	
512.194	-12.8	
512.395	48.64	
512.597	32.26	
512.798	-33.28	
513	19.97	
513.201	-49.66	
513.403	38.4	
513.604	7.68	
513.805	17.92	
514.007	17.92	
514.208	24.06	
514.409	5.63	
514.611	-53.76	
514.812	-14.85	
515.013	1.54	
515.215	81.41	
515.416	44.54	
515.617	22.02	
515.819	-61.95	
516.02	-0.51	
516.221	-20.99	
516.422	22.02	
516.623	65.02	
516.825	-16.9	
517.026	-18.94	
517.227	-49.66	
517.428	44.54	
517.629	22.02	
517.83	-2.56	
518.032	77.31	
518.233	58.88	
518.434	7.68	
518.635	7.68	
518.836	38.4	
519.037	67.07	
519.238	-14.85	
519.439	-6.66	
519.64	95.74	
519.841	71.17	
520.042	-43.52	
520.243	56.83	
520.444	5.63	
520.645	81.41	
520.846	40.45	
521.047	-14.85	
521.248	-61.95	
521.449	36.35	
521.65	-10.75	
521.851	56.83	
522.052	9.73	
522.252	87.55	
522.453	-82.43	
522.654	-25.09	
522.855	19.97	
523.056	-64	
523.257	-8.7	
523.457	22.02	
523.658	26.11	
523.859	75.26	
524.06	-31.23	
524.26	15.87	
524.461	-64	
524.662	-8.7	
524.862	24.06	
525.063	38.4	
525.264	-41.47	
525.464	67.07	
525.665	-25.09	
525.866	114.17	
526.066	52.74	
526.267	130.56	
526.468	-25.09	
526.668	5.63	
526.869	-12.8	
527.069	3.58	
527.27	81.41	
527.47	5.63	
527.671	56.83	
527.871	105.98	
528.072	7.68	
528.272	-35.33	
528.473	-27.14	
528.673	-90.62	
528.874	85.5	
529.074	34.3	
529.275	9.73	
529.475	48.64	
529.675	-45.57	
529.876	60.93	
530.076	28.16	
530.277	65.02	
530.477	-49.66	
530.677	34.3	
530.878	-23.04	
531.078	38.4	
531.278	-35.33	
531.478	105.98	
531.679	-82.43	
531.879	54.78	
532.079	-18.94	
532.28	42.5	
532.48	17.92	
532.68	13.82	
532.88	-25.09	
533.08	62.98	
533.28	32.26	
533.481	9.73	
533.681	-16.9	
533.881	32.26	
534.081	-74.24	
534.281	60.93	
534.481	-39.42	
534.681	50.69	
534.881	9.73	
535.081	75.26	
535.281	15.87	
535.481	28.16	
535.682	138.75	
535.882	-51.71	
536.082	56.83	
536.281	-47.62	
536.481	-64	
536.681	11.78	
536.881	52.74	
537.081	40.45	
537.281	-61.95	
537.481	13.82	
537.681	42.5	
537.881	-96.77	
538.081	-82.43	
538.281	89.6	
538.48	103.93	
538.68	36.35	
538.88	-49.66	
539.08	34.3	
539.28	24.06	
539.479	-8.7	
539.679	75.26	
539.879	32.26	
540.079	77.31	
540.278	-4.61	
540.478	50.69	
540.678	1.54	
540.877	34.3	
541.077	40.45	
541.277	105.98	
541.476	50.69	
541.676	134.65	
541.876	73.21	
542.075	54.78	
542.275	118.27	
542.474	22.02	
542.674	48.64	
542.874	-49.66	
543.073	118.27	
543.273	-16.9	
543.472	-10.75	
543.672	62.98	
543.871	22.02	
544.071	105.98	
544.27	13.82	
544.47	-2.56	
544.669	112.13	
544.868	58.88	
545.068	56.83	
545.267	7.68	
545.467	108.03	
545.666	116.22	
545.865	198.14	
546.065	-6.66	
546.264	83.45	
546.463	48.64	
546.663	9.73	
546.862	28.16	
547.061	32.26	
547.261	46.59	
547.46	73.21	
547.659	-0.51	
547.858	24.06	
548.058	-64	
548.257	79.36	
548.456	26.11	
548.655	75.26	
548.854	-27.14	
549.053	48.64	
549.253	79.36	
549.452	69.12	
549.651	62.98	
549.85	7.68	
550.049	19.97	
550.248	50.69	
550.447	34.3	
550.646	-45.57	
550.845	17.92	
551.044	89.6	
551.243	73.21	
551.442	-14.85	
551.641	58.88	
551.84	67.07	
552.039	26.11	
552.238	65.02	
552.437	11.78	
552.636	-14.85	
552.835	-23.04	
553.034	-6.66	
553.233	-18.94	
553.432	9.73	
553.63	32.26	
553.829	-33.28	
554.028	-35.33	
554.227	-74.24	
554.426	-33.28	
554.625	15.87	
554.823	11.78	
555.022	81.41	
555.221	-16.9	
555.42	99.84	
555.618	95.74	
555.817	-39.42	
556.016	-14.85	
556.214	9.73	
556.413	-16.9	
556.612	56.83	
556.81	22.02	
557.009	69.12	
557.208	-23.04	
557.406	-41.47	
557.605	-8.7	
557.803	155.13	
558.002	52.74	
558.201	-6.66	
558.399	87.55	
558.598	-12.8	
558.796	48.64	
558.995	-31.23	
559.193	-0.51	
559.392	22.02	
559.59	26.11	
559.789	-51.71	
559.987	11.78	
560.185	62.98	
560.384	26.11	
560.582	52.74	
560.781	-68.09	
560.979	-45.57	
561.177	58.88	
561.376	3.58	
561.574	-61.95	
561.772	87.55	
561.971	22.02	
562.169	-100.86	
562.367	138.75	
562.566	-55.81	
562.764	-55.81	
562.962	30.21	
563.16	-37.38	
563.358	5.63	
563.557	-41.47	
563.755	24.06	
563.953	1.54	
564.151	44.54	
564.349	32.26	
564.547	34.3	
564.746	-27.14	
564.944	32.26	
565.142	-102.91	
565.34	-37.38	
565.538	26.11	
565.736	13.82	
565.934	9.73	
566.132	73.21	
566.33	77.31	
566.528	9.73	
566.726	-2.56	
566.924	114.17	
567.122	9.73	
567.32	44.54	
567.518	-0.51	
567.716	-27.14	
567.914	32.26	
568.112	-64	
568.31	-6.66	
568.507	-10.75	
568.705	22.02	
568.903	-14.85	
569.101	-66.05	
569.299	42.5	
569.497	67.07	
569.694	40.45	
569.892	48.64	
570.09	-61.95	
570.288	15.87	
570.486	-14.85	
570.683	-68.09	
570.881	-0.51	
571.079	81.41	
571.276	103.93	
571.474	24.06	
571.672	-18.94	
571.869	91.65	
572.067	-33.28	
572.265	-33.28	
572.462	-6.66	
572.66	7.68	
572.857	-6.66	
573.055	-45.57	
573.253	-33.28	
573.45	116.22	
573.648	28.16	
573.845	-6.66	
574.043	32.26	
574.24	46.59	
574.438	56.83	
574.635	-16.9	
574.832	-82.43	
575.03	13.82	
575.227	-86.53	
575.425	-66.05	
575.622	138.75	
575.82	-27.14	
576.017	-4.61	
576.214	48.64	
576.412	-31.23	
576.609	97.79	
576.806	67.07	
577.004	-111.1	
577.201	7.68	
577.398	40.45	
577.595	-49.66	
577.793	-2.56	
577.99	36.35	
578.187	11.78	
578.384	9.73	
578.582	-20.99	
578.779	-12.8	
578.976	40.45	
579.173	48.64	
579.37	-6.66	
579.567	15.87	
579.764	9.73	
579.962	1.54	
580.159	30.21	
580.356	7.68	
580.553	148.99	
580.75	81.41	
580.947	-8.7	
581.144	17.92	
581.341	65.02	
581.538	60.93	
581.735	-23.04	
581.932	58.88	
582.129	-16.9	
582.326	48.64	
582.523	-78.33	
582.72	52.74	
582.916	15.87	
583.113	-20.99	
583.31	-131.58	
583.507	-51.71	
583.704	-23.04	
583.901	9.73	
584.098	60.93	
584.294	46.59	
584.491	3.58	
584.688	62.98	
584.885	1.54	
585.082	83.45	
585.278	-57.86	
585.475	132.61	
585.672	77.31	
585.868	54.78	
586.065	-57.86	
586.262	34.3	
586.458	65.02	
586.655	71.17	
586.852	60.93	
587.048	42.5	
587.245	-115.2	
587.442	89.6	
587.638	-33.28	
587.835	126.46	
588.031	15.87	
588.228	62.98	
588.424	-18.94	
588.621	122.37	
588.817	-12.8	
589.014	-0.51	
589.21	-35.33	
589.407	15.87	
589.603	38.4	
589.8	-2.56	
589.996	-14.85	
590.192	89.6	
590.389	105.98	
590.585	28.16	
590.782	52.74	
590.978	56.83	
591.174	-57.86	
591.371	103.93	
591.567	-43.52	
591.763	-14.85	
591.959	-25.09	
592.156	15.87	
592.352	-4.61	
592.548	42.5	
592.744	42.5	
592.941	-10.75	
593.137	-4.61	
593.333	17.92	
593.529	83.45	
593.725	-10.75	
593.922	134.65	
594.118	122.37	
594.314	-0.51	
594.51	34.3	
594.706	9.73	
594.902	75.26	
595.098	-72.19	
595.294	11.78	
595.49	-49.66	
595.686	13.82	
595.882	-80.38	
596.078	30.21	
596.274	-20.99	
596.47	83.45	
596.666	32.26	
596.862	52.74	
597.058	3.58	
597.254	-25.09	
597.45	22.02	
597.646	87.55	
597.842	40.45	
598.037	58.88	
598.233	-6.66	
598.429	116.22	
598.625	7.68	
598.821	69.12	
599.017	93.69	
599.212	30.21	
599.408	3.58	
599.604	91.65	
599.8	54.78	
599.995	-12.8	
600.191	58.88	
600.387	83.45	
600.582	-25.09	
600.778	67.07	
600.974	65.02	
601.169	-8.7	
601.365	56.83	
601.561	-31.23	
601.756	65.02	
601.952	-86.53	
602.147	-86.53	
602.343	-8.7	
602.538	-31.23	
602.734	-8.7	
602.93	-66.05	
603.125	97.79	
603.321	75.26	
603.516	24.06	
603.711	-53.76	
603.907	38.4	
604.102	-20.99	
604.298	-57.86	
604.493	19.97	
604.689	87.55	
604.884	-4.61	
605.079	89.6	
605.275	-33.28	
605.47	65.02	
605.665	-25.09	
605.861	-37.38	
606.056	32.26	
606.251	62.98	
606.447	34.3	
606.642	-2.56	
606.837	9.73	
607.032	9.73	
607.227	-41.47	
607.423	42.5	
607.618	-31.23	
607.813	-41.47	
608.008	-57.86	
608.203	-18.94	
608.398	-20.99	
608.594	105.98	
608.789	15.87	
608.984	3.58	
609.179	32.26	
609.374	28.16	
609.569	3.58	
609.764	-119.29	
609.959	-14.85	
610.154	-25.09	
610.349	60.93	
610.544	87.55	
610.739	177.66	
610.934	17.92	
611.129	146.94	
611.324	69.12	
611.519	71.17	
611.714	101.89	
611.909	105.98	
612.103	83.45	
612.298	24.06	
612.493	77.31	
612.688	9.73	
612.883	177.66	
613.078	48.64	
613.272	67.07	
613.467	-57.86	
613.662	54.78	
613.857	108.03	
614.051	79.36	
614.246	118.27	
614.441	83.45	
614.635	75.26	
614.83	46.59	
615.025	9.73	
615.219	46.59	
615.414	-25.09	
615.609	3.58	
615.803	-41.47	
615.998	-20.99	
616.192	-31.23	
616.387	122.37	
616.582	-80.38	
616.776	48.64	
616.971	17.92	
617.165	114.17	
617.36	-2.56	
617.554	28.16	
617.749	-33.28	
617.943	67.07	
618.138	112.13	
618.332	17.92	
618.526	48.64	
618.721	44.54	
618.915	-70.14	
619.11	22.02	
619.304	95.74	
619.498	60.93	
619.693	-31.23	
619.887	28.16	
620.081	17.92	
620.275	58.88	
620.47	15.87	
620.664	11.78	
620.858	95.74	
621.052	56.83	
621.247	24.06	
621.441	-18.94	
621.635	32.26	
621.829	-37.38	
622.023	56.83	
622.218	17.92	
622.412	-14.85	
622.606	69.12	
622.8	7.68	
622.994	-47.62	
623.188	83.45	
623.382	5.63	
623.576	-45.57	
623.77	56.83	
623.964	-2.56	
624.158	-55.81	
624.352	26.11	
624.546	-94.72	
624.74	9.73	
624.934	56.83	
625.128	26.11	
625.322	-35.33	
625.516	67.07	
625.71	30.21	
625.904	-37.38	
626.098	1.54	
626.291	1.54	
626.485	9.73	
626.679	48.64	
626.873	9.73	
627.067	44.54	
627.26	118.27	
627.454	15.87	
627.648	81.41	
627.842	19.97	
628.035	58.88	
628.229	-53.76	
628.423	11.78	
628.617	32.26	
628.81	40.45	
629.004	-27.14	
629.198	-18.94	
629.391	26.11	
629.585	26.11	
629.778	-109.05	
629.972	48.64	
630.166	-59.9	
630.359	67.07	
630.553	11.78	
630.746	9.73	
630.94	62.98	
631.133	30.21	
631.327	1.54	
631.52	-8.7	
631.714	38.4	
631.907	-10.75	
632.1	24.06	
632.294	-47.62	
632.487	48.64	
632.681	19.97	
632.874	-0.51	
633.067	-14.85	
633.261	48.64	
633.454	48.64	
633.647	-8.7	
633.841	95.74	
634.034	-14.85	
634.227	-80.38	
634.421	17.92	
634.614	-35.33	
634.807	-70.14	
635	26.11	
635.193	15.87	
635.387	56.83	
635.58	34.3	
635.773	-41.47	
635.966	24.06	
636.159	26.11	
636.352	11.78	
636.545	9.73	
636.739	-119.29	
636.932	60.93	
637.125	-68.09	
637.318	110.08	
637.511	-18.94	
637.704	15.87	
637.897	101.89	
638.09	30.21	
638.283	52.74	
638.476	-57.86	
638.669	24.06	
638.862	50.69	
639.055	-41.47	
639.247	87.55	
639.44	3.58	
639.633	105.98	
639.826	7.68	
640.019	83.45	
640.212	-111.1	
640.405	-27.14	
640.597	67.07	
640.79	34.3	
640.983	-16.9	
641.176	67.07	
641.368	7.68	
641.561	-39.42	
641.754	67.07	
641.947	85.5	
642.139	1.54	
642.332	19.97	
642.525	-25.09	
642.717	7.68	
642.91	-39.42	
643.103	5.63	
643.295	7.68	
643.488	-16.9	
643.68	-0.51	
643.873	34.3	
644.065	26.11	
644.258	60.93	
644.45	-33.28	
644.643	24.06	
644.835	-20.99	
645.028	-55.81	
645.22	-33.28	
645.413	13.82	
645.605	-55.81	
645.798	-0.51	
645.99	17.92	
646.182	-59.9	
646.375	67.07	
646.567	-31.23	
646.76	-57.86	
646.952	-47.62	
647.144	-111.1	
647.337	34.3	
647.529	26.11	
647.721	32.26	
647.913	108.03	
648.106	-25.09	
648.298	-68.09	
648.49	-37.38	
648.682	-61.95	
648.874	-2.56	
649.067	-45.57	
649.259	132.61	
649.451	17.92	
649.643	15.87	
649.835	32.26	
650.027	60.93	
650.219	17.92	
650.411	5.63	
650.603	38.4	
650.796	28.16	
650.988	-12.8	
651.18	52.74	
651.372	-64	
651.564	34.3	
651.756	-0.51	
651.948	-35.33	
652.139	-33.28	
652.331	28.16	
652.523	-18.94	
652.715	-25.09	
652.907	13.82	
653.099	-43.52	
653.291	-25.09	
653.483	-55.81	
653.674	-14.85	
653.866	-8.7	
654.058	-10.75	
654.25	-8.7	
654.442	7.68	
654.633	-29.18	
654.825	-49.66	
655.017	-57.86	
655.209	-49.66	
655.4	-0.51	
655.592	-14.85	
655.784	13.82	
655.975	5.63	
656.167	38.4	
656.359	-31.23	
656.55	19.97	
656.742	24.06	
656.933	-0.51	
657.125	28.16	
657.316	89.6	
657.508	15.87	
657.7	60.93	
657.891	-82.43	
658.083	34.3	
658.274	-84.48	
658.466	52.74	
658.657	40.45	
658.848	5.63	
659.04	75.26	
659.231	17.92	
659.423	15.87	
659.614	38.4	
659.805	-31.23	
659.997	9.73	
660.188	77.31	
660.379	24.06	
660.571	40.45	
660.762	7.68	
660.953	7.68	
661.145	-2.56	
661.336	15.87	
661.527	-90.62	
661.718	-100.86	
661.909	331.26	
662.101	-16.9	
662.292	-51.71	
662.483	-53.76	
662.674	-25.09	
662.865	-94.72	
663.056	11.78	
663.247	-8.7	
663.439	-61.95	
663.63	-4.61	
663.821	-33.28	
664.012	15.87	
664.203	-35.33	
664.394	48.64	
664.585	87.55	
664.776	17.92	
664.967	77.31	
665.158	-74.24	
665.349	75.26	
665.54	52.74	
665.73	48.64	
665.921	-49.66	
666.112	69.12	
666.303	65.02	
666.494	44.54	
666.685	7.68	
666.876	99.84	
667.066	-31.23	
667.257	-2.56	
667.448	56.83	
667.639	3.58	
667.83	-88.57	
668.02	-55.81	
668.211	-49.66	
668.402	-4.61	
668.592	5.63	
668.783	75.26	
668.974	-37.38	
669.164	-41.47	
669.355	-64	
669.546	42.5	
669.736	42.5	
669.927	40.45	
670.117	9.73	
670.308	-61.95	
670.499	28.16	
670.689	-16.9	
670.88	-66.05	
671.07	-4.61	
671.261	-10.75	
671.451	1.54	
671.641	83.45	
671.832	69.12	
672.022	-102.91	
672.213	50.69	
672.403	-57.86	
672.594	-37.38	
672.784	-45.57	
672.974	-2.56	
673.165	-41.47	
673.355	-14.85	
673.545	-25.09	
673.736	-8.7	
673.926	75.26	
674.116	42.5	
674.306	-66.05	
674.497	75.26	
674.687	-25.09	
674.877	32.26	
675.067	-4.61	
675.257	-41.47	
675.448	-35.33	
675.638	-41.47	
675.828	-14.85	
676.018	-0.51	
676.208	-84.48	
676.398	91.65	
676.588	-10.75	
676.778	28.16	
676.968	-57.86	
677.158	32.26	
677.348	-37.38	
677.538	-2.56	
677.728	-39.42	
677.918	15.87	
678.108	15.87	
678.298	1.54	
678.488	-18.94	
678.678	-20.99	
678.868	-29.18	
679.058	17.92	
679.248	13.82	
679.438	24.06	
679.627	32.26	
679.817	-23.04	
680.007	-33.28	
680.197	40.45	
680.387	67.07	
680.576	-8.7	
680.766	-61.95	
680.956	-23.04	
681.146	-41.47	
681.335	-8.7	
681.525	67.07	
681.715	-47.62	
681.904	-82.43	
682.094	34.3	
682.284	40.45	
682.473	40.45	
682.663	-88.57	
682.852	91.65	
683.042	17.92	
683.231	-47.62	
683.421	103.93	
683.61	3.58	
683.8	-0.51	
683.989	-31.23	
684.179	-98.81	
684.368	38.4	
684.558	19.97	
684.747	-33.28	
684.937	-31.23	
685.126	-27.14	
685.316	1.54	
685.505	-29.18	
685.694	-88.57	
685.884	-74.24	
686.073	-61.95	
686.262	103.93	
686.452	-90.62	
686.641	-33.28	
686.83	-57.86	
687.019	15.87	
687.209	67.07	
687.398	-31.23	
687.587	-41.47	
687.776	7.68	
687.965	-49.66	
688.155	-59.9	
688.344	-47.62	
688.533	-14.85	
688.722	-57.86	
688.911	-0.51	
689.1	-4.61	
689.289	30.21	
689.478	-37.38	
689.667	32.26	
689.856	-43.52	
690.045	15.87	
690.234	-76.29	
690.423	-20.99	
690.612	-12.8	
690.801	169.47	
690.99	-23.04	
691.179	99.84	
691.368	-47.62	
691.557	-49.66	
691.746	-53.76	
691.935	97.79	
692.124	-59.9	
692.312	34.3	
692.501	-64	
692.69	67.07	
692.879	-39.42	
693.068	42.5	
693.256	-8.7	
693.445	-31.23	
693.634	-10.75	
693.823	5.63	
694.011	-80.38	
694.2	-72.19	
694.389	73.21	
694.577	56.83	
694.766	-66.05	
694.955	22.02	
695.143	-39.42	
695.332	34.3	
695.52	-104.96	
695.709	22.02	
695.897	-55.81	
696.086	-14.85	
696.275	24.06	
696.463	-49.66	
696.652	-35.33	
696.84	-6.66	
697.028	-53.76	
697.217	71.17	
697.405	-10.75	
697.594	40.45	
697.782	108.03	
697.971	-37.38	
698.159	3.58	
698.347	-0.51	
698.536	-94.72	
698.724	1.54	
698.912	28.16	
699.1	40.45	
699.289	-43.52	
699.477	-20.99	
699.665	40.45	
699.854	-41.47	
700.042	38.4	
700.23	9.73	
700.418	-39.42	
700.606	5.63	
700.794	24.06	
700.983	-35.33	
701.171	-0.51	
701.359	62.98	
701.547	11.78	
701.735	-41.47	
701.923	-10.75	
702.111	17.92	
702.299	24.06	
702.487	-88.57	
702.675	-94.72	
702.863	34.3	
703.051	-8.7	
703.239	-41.47	
703.427	-41.47	
703.615	1.54	
703.803	-64	
703.991	-8.7	
704.179	-66.05	
704.367	69.12	
704.554	60.93	
704.742	93.69	
704.93	75.26	
705.118	13.82	
705.306	118.27	
705.493	67.07	
705.681	26.11	
705.869	-39.42	
706.057	-72.19	
706.244	118.27	
706.432	34.3	
706.62	24.06	
706.807	-18.94	
706.995	48.64	
707.183	42.5	
707.37	46.59	
707.558	-107.01	
707.746	46.59	
707.933	-2.56	
708.121	71.17	
708.308	-2.56	
708.496	48.64	
708.683	42.5	
708.871	15.87	
709.058	-66.05	
709.246	83.45	
709.433	-2.56	
709.621	-37.38	
709.808	-37.38	
709.995	24.06	
710.183	26.11	
710.37	87.55	
710.558	-14.85	
710.745	56.83	
710.932	-43.52	
711.12	46.59	
711.307	-43.52	
711.494	-8.7	
711.681	-41.47	
711.869	-4.61	
712.056	-23.04	
712.243	-57.86	
712.43	81.41	
712.618	26.11	
712.805	-78.33	
712.992	-64	
713.179	-80.38	
713.366	-29.18	
713.553	-66.05	
713.74	-10.75	
713.928	11.78	
714.115	-0.51	
714.302	-39.42	
714.489	19.97	
714.676	-33.28	
714.863	34.3	
715.05	-25.09	
715.237	65.02	
715.424	30.21	
715.611	-64	
715.798	-47.62	
715.984	110.08	
716.171	108.03	
716.358	24.06	
716.545	34.3	
716.732	32.26	
716.919	-29.18	
717.106	-27.14	
717.293	-45.57	
717.479	-31.23	
717.666	-82.43	
717.853	97.79	
718.04	-88.57	
718.226	1.54	
718.413	15.87	
718.6	58.88	
718.786	-115.2	
718.973	9.73	
719.16	-53.76	
719.346	48.64	
719.533	-14.85	
719.72	19.97	
719.906	38.4	
720.093	26.11	
720.279	-33.28	
720.466	9.73	
720.652	-64	
720.839	-31.23	
721.025	-10.75	
721.212	42.5	
721.398	75.26	
721.585	-6.66	
721.771	36.35	
721.958	24.06	
722.144	-82.43	
722.331	13.82	
722.517	50.69	
722.703	-64	
722.89	-55.81	
723.076	11.78	
723.262	-27.14	
723.449	-0.51	
723.635	1.54	
723.821	-59.9	
724.007	-35.33	
724.194	-10.75	
724.38	-23.04	
724.566	-82.43	
724.752	-12.8	
724.938	-88.57	
725.125	26.11	
725.311	79.36	
725.497	48.64	
725.683	32.26	
725.869	-88.57	
726.055	9.73	
726.241	-43.52	
726.427	-4.61	
726.613	-102.91	
726.799	-35.33	
726.985	24.06	
727.171	99.84	
727.357	-45.57	
727.543	-70.14	
727.729	15.87	
727.915	50.69	
728.101	-74.24	
728.287	48.64	
728.473	44.54	
728.659	44.54	
728.845	42.5	
729.03	-0.51	
729.216	-80.38	
729.402	22.02	
729.588	-10.75	
729.774	-43.52	
729.959	-14.85	
730.145	32.26	
730.331	-14.85	
730.517	65.02	
730.702	48.64	
730.888	-23.04	
731.074	32.26	
731.259	77.31	
731.445	-82.43	
731.63	-53.76	
731.816	91.65	
732.002	1.54	
732.187	-6.66	
732.373	58.88	
732.558	67.07	
732.744	5.63	
732.929	-49.66	
733.115	11.78	
733.3	89.6	
733.486	-10.75	
733.671	-53.76	
733.857	-37.38	
734.042	-14.85	
734.227	-88.57	
734.413	-18.94	
734.598	-6.66	
734.784	99.84	
734.969	30.21	
735.154	-25.09	
735.339	-16.9	
735.525	-43.52	
735.71	77.31	
735.895	-4.61	
736.081	38.4	
736.266	-96.77	
736.451	-33.28	
736.636	32.26	
736.821	-4.61	
737.007	99.84	
737.192	-0.51	
737.377	-70.14	
737.562	-47.62	
737.747	-166.4	
737.932	-61.95	
738.117	-27.14	
738.302	60.93	
738.487	-0.51	
738.672	-4.61	
738.857	42.5	
739.042	-35.33	
739.227	-6.66	
739.412	15.87	
739.597	130.56	
739.782	-55.81	
739.967	-23.04	
740.152	60.93	
740.337	-39.42	
740.522	38.4	
740.706	-35.33	
740.891	24.06	
741.076	17.92	
741.261	42.5	
741.446	75.26	
741.63	60.93	
741.815	19.97	
742	48.64	
742.185	-70.14	
742.369	-74.24	
742.554	-41.47	
742.739	-47.62	
742.923	-39.42	
743.108	56.83	
743.293	26.11	
743.477	65.02	
743.662	38.4	
743.846	-47.62	
744.031	79.36	
744.216	-8.7	
744.4	7.68	
744.585	19.97	
744.769	-16.9	
744.954	22.02	
745.138	-4.61	
745.322	108.03	
745.507	-70.14	
745.691	15.87	
745.876	-68.09	
746.06	-27.14	
746.244	-49.66	
746.429	-18.94	
746.613	36.35	
746.798	30.21	
746.982	-57.86	
747.166	22.02	
747.35	9.73	
747.535	-37.38	
747.719	-29.18	
747.903	89.6	
748.087	32.26	
748.272	95.74	
748.456	-16.9	
748.64	-31.23	
748.824	97.79	
749.008	-6.66	
749.192	40.45	
749.376	-35.33	
749.56	-18.94	
749.745	-39.42	
749.929	32.26	
750.113	-61.95	
750.297	3.58	
750.481	52.74	
750.665	-76.29	
750.849	54.78	
751.033	-49.66	
751.217	-0.51	
751.4	-6.66	
751.584	-53.76	
751.768	22.02	
751.952	32.26	
752.136	-12.8	
752.32	-45.57	
752.504	26.11	
752.688	-66.05	
752.871	-49.66	
753.055	15.87	
753.239	-31.23	
753.423	11.78	
753.606	7.68	
753.79	24.06	
753.974	89.6	
754.157	105.98	
754.341	7.68	
754.525	5.63	
754.708	-10.75	
754.892	-47.62	
755.076	7.68	
755.259	5.63	
755.443	15.87	
755.626	-29.18	
755.81	-72.19	
755.993	3.58	
756.177	38.4	
756.36	24.06	
756.544	40.45	
756.727	-33.28	
756.911	-53.76	
757.094	-29.18	
757.278	69.12	
757.461	30.21	
757.644	-39.42	
757.828	-31.23	
758.011	-14.85	
758.195	-86.53	
758.378	-16.9	
758.561	62.98	
758.744	-55.81	
758.928	44.54	
759.111	-35.33	
759.294	-8.7	
759.477	54.78	
759.661	-16.9	
759.844	40.45	
760.027	-57.86	
760.21	36.35	
760.393	40.45	
760.576	-55.81	
760.76	54.78	
760.943	48.64	
761.126	26.11	
761.309	-23.04	
761.492	17.92	
761.675	79.36	
761.858	9.73	
762.041	-23.04	
762.224	-18.94	
762.407	97.79	
762.59	-121.34	
762.773	19.97	
762.956	40.45	
763.139	-125.44	
763.321	-27.14	
763.504	-29.18	
763.687	28.16	
763.87	-31.23	
764.053	-23.04	
764.236	97.79	
764.418	-0.51	
764.601	48.64	
764.784	40.45	
764.967	34.3	
765.149	-4.61	
765.332	50.69	
765.515	65.02	
765.697	-72.19	
765.88	-20.99	
766.063	-107.01	
766.245	-25.09	
766.428	-80.38	
766.611	-70.14	
766.793	-33.28	
766.976	22.02	
767.158	-16.9	
767.341	85.5	
767.523	24.06	
767.706	28.16	
767.888	-10.75	
768.071	-0.51	
768.253	-37.38	
768.436	-49.66	
768.618	-82.43	
768.8	7.68	
768.983	67.07	
769.165	83.45	
769.348	19.97	
769.53	-14.85	
769.712	1.54	
769.895	-18.94	
770.077	42.5	
770.259	11.78	
770.441	15.87	
770.624	3.58	
770.806	-55.81	
770.988	-14.85	
771.17	-0.51	
771.352	46.59	
771.535	-51.71	
771.717	-14.85	
771.899	118.27	
772.081	44.54	
772.263	-29.18	
772.445	71.17	
772.627	1.54	
772.809	-27.14	
772.991	-2.56	
773.173	48.64	
773.355	48.64	
773.537	5.63	
773.719	42.5	
773.901	-12.8	
774.083	-0.51	
774.265	52.74	
774.447	-135.68	
774.629	-16.9	
774.811	-33.28	
774.992	46.59	
775.174	1.54	
775.356	-66.05	
775.538	-88.57	
775.72	9.73	
775.901	-20.99	
776.083	-49.66	
776.265	3.58	
776.447	-29.18	
776.628	26.11	
776.81	-2.56	
776.992	-6.66	
777.173	-6.66	
777.355	36.35	
777.537	-70.14	
777.718	-0.51	
777.9	85.5	
778.081	-31.23	
778.263	-10.75	
778.444	22.02	
778.626	108.03	
778.807	54.78	
778.989	3.58	
779.17	-20.99	
779.352	1.54	
779.533	-57.86	
779.715	-16.9	
779.896	-80.38	
780.078	11.78	
780.259	-137.73	
780.44	-10.75	
780.622	52.74	
780.803	-29.18	
780.984	11.78	
781.166	91.65	
781.347	-16.9	
781.528	-29.18	
781.709	5.63	
781.891	9.73	
782.072	-10.75	
782.253	112.13	
782.434	26.11	
782.615	44.54	
782.796	-27.14	
782.978	-25.09	
783.159	15.87	
783.34	87.55	
783.521	28.16	
783.702	22.02	
783.883	-10.75	
784.064	-55.81	
784.245	58.88	
784.426	48.64	
784.607	-100.86	
784.788	122.37	
784.969	17.92	
785.15	9.73	
785.331	-39.42	
785.512	54.78	
785.692	-68.09	
785.873	-0.51	
786.054	-0.51	
786.235	54.78	
786.416	-47.62	
786.597	-66.05	
786.777	34.3	
786.958	24.06	
787.139	-47.62	
787.32	17.92	
787.5	-76.29	
787.681	-29.18	
787.862	24.06	
788.042	-41.47	
788.223	-4.61	
788.404	-45.57	
788.584	-76.29	
788.765	7.68	
788.946	56.83	
789.126	75.26	
789.307	-23.04	
789.487	-27.14	
789.668	116.22	
789.848	7.68	
790.029	-41.47	
790.209	-82.43	
790.39	-51.71	
790.57	19.97	
790.75	-68.09	
790.931	-31.23	
791.111	48.64	
791.292	-49.66	
791.472	-119.29	
791.652	15.87	
791.833	-8.7	
792.013	-72.19	
792.193	-10.75	
792.373	26.11	
792.554	-8.7	
792.734	34.3	
792.914	24.06	
793.094	28.16	
793.275	-57.86	
793.455	-59.9	
793.635	52.74	
793.815	7.68	
793.995	73.21	
794.175	-51.71	
794.355	-33.28	
794.535	22.02	
794.715	56.83	
794.896	56.83	
795.076	9.73	
795.256	26.11	
795.436	-45.57	
795.616	118.27	
795.795	-35.33	
795.975	26.11	
796.155	-14.85	
796.335	5.63	
796.515	91.65	
796.695	34.3	
796.875	-2.56	
797.055	11.78	
797.234	-18.94	
797.414	48.64	
797.594	22.02	
797.774	50.69	
797.954	-39.42	
798.133	7.68	
798.313	-115.2	
798.493	-16.9	
798.672	-23.04	
798.852	19.97	
799.032	-57.86	
799.211	-119.29	
799.391	-68.09	
799.571	-47.62	
799.75	56.83	
799.93	73.21	
800.109	-4.61	
800.289	56.83	
800.468	32.26	
800.648	34.3	
800.827	-98.81	
801.007	1.54	
801.186	1.54	
801.366	-8.7	
801.545	-66.05	
801.725	-41.47	
801.904	60.93	
802.083	128.51	
802.263	-45.57	
802.442	-6.66	
802.621	-14.85	
802.801	50.69	
802.98	73.21	
803.159	167.42	
803.338	108.03	
803.518	1.54	
803.697	-39.42	
803.876	77.31	
804.055	7.68	
804.235	67.07	
804.414	56.83	
804.593	40.45	
804.772	-53.76	
804.951	-33.28	
805.13	42.5	
805.309	-20.99	
805.488	-64	
805.667	95.74	
805.846	58.88	
806.025	54.78	
806.204	26.11	
806.383	22.02	
806.562	48.64	
806.741	30.21	
806.92	-74.24	
807.099	48.64	
807.278	-31.23	
807.457	62.98	
807.636	-25.09	
807.814	22.02	
807.993	52.74	
808.172	24.06	
808.351	-64	
808.53	-16.9	
808.708	112.13	
808.887	17.92	
809.066	-14.85	
809.244	5.63	
809.423	89.6	
809.602	40.45	
809.78	-16.9	
809.959	-61.95	
810.138	56.83	
810.316	36.35	
810.495	-0.51	
810.673	65.02	
810.852	60.93	
811.03	-43.52	
811.209	-23.04	
811.388	103.93	
811.566	-2.56	
811.744	56.83	
811.923	-25.09	
812.101	52.74	
812.28	48.64	
812.458	19.97	
812.637	81.41	
812.815	17.92	
812.993	-0.51	
813.172	-35.33	
813.35	40.45	
813.528	155.13	
813.706	3.58	
813.885	85.5	
814.063	-12.8	
814.241	7.68	
814.419	-33.28	
814.598	-70.14	
814.776	-8.7	
814.954	77.31	
815.132	22.02	
815.31	-0.51	
815.488	36.35	
815.666	103.93	
815.844	-23.04	
816.022	-16.9	
816.201	5.63	
816.379	46.59	
816.557	-68.09	
816.735	34.3	
816.913	67.07	
817.09	91.65	
817.268	-18.94	
817.446	13.82	
817.624	-45.57	
817.802	-16.9	
817.98	22.02	
818.158	130.56	
818.336	87.55	
818.514	42.5	
818.691	32.26	
818.869	5.63	
819.047	97.79	
819.225	28.16	
819.402	105.98	
819.58	9.73	
819.758	-39.42	
819.935	83.45	
820.113	56.83	
820.291	-55.81	
820.468	7.68	
820.646	-29.18	
820.824	-8.7	
821.001	97.79	
821.179	118.27	
821.356	93.69	
821.534	60.93	
821.711	30.21	
821.889	-23.04	
822.066	-33.28	
822.244	32.26	
822.421	40.45	
822.599	-43.52	
822.776	99.84	
822.953	-6.66	
823.131	-35.33	
823.308	17.92	
823.486	-78.33	
823.663	38.4	
823.84	60.93	
824.017	-43.52	
824.195	75.26	
824.372	-72.19	
824.549	71.17	
824.726	40.45	
824.904	-2.56	
825.081	19.97	
825.258	-41.47	
825.435	24.06	
825.612	-55.81	
825.789	-111.1	
825.967	11.78	
826.144	-104.96	
826.321	19.97	
826.498	-2.56	
826.675	71.17	
826.852	-6.66	
827.029	58.88	
827.206	-4.61	
827.383	-16.9	
827.56	-25.09	
827.737	-49.66	
827.914	3.58	
828.09	-14.85	
828.267	-45.57	
828.444	32.26	
828.621	-59.9	
828.798	19.97	
828.975	24.06	
829.151	101.89	
829.328	-6.66	
829.505	-27.14	
829.682	50.69	
829.858	28.16	
830.035	-57.86	
830.212	-100.86	
830.389	-33.28	
830.565	9.73	
830.742	24.06	
830.918	1.54	
831.095	77.31	
831.272	77.31	
831.448	54.78	
831.625	7.68	
831.801	-41.47	
831.978	163.33	
832.154	58.88	
832.331	77.31	
832.507	17.92	
832.684	-2.56	
832.86	22.02	
833.037	73.21	
833.213	38.4	
833.389	163.33	
833.566	-37.38	
833.742	34.3	
833.918	-64	
834.095	-80.38	
834.271	52.74	
834.447	-4.61	
834.624	30.21	
834.8	30.21	
834.976	32.26	
835.152	-20.99	
835.328	-16.9	
835.505	58.88	
835.681	5.63	
835.857	-20.99	
836.033	48.64	
836.209	-53.76	
836.385	73.21	
836.561	110.08	
836.737	13.82	
836.913	42.5	
837.089	65.02	
837.265	-72.19	
837.441	77.31	
837.617	7.68	
837.793	40.45	
837.969	40.45	
838.145	15.87	
838.321	67.07	
838.497	91.65	
838.673	7.68	
838.849	15.87	
839.025	26.11	
839.2	9.73	
839.376	13.82	
839.552	-33.28	
839.728	-20.99	
839.903	9.73	
840.079	22.02	
840.255	17.92	
840.431	19.97	
840.606	-90.62	
840.782	85.5	
840.958	5.63	
841.133	58.88	
841.309	-66.05	
841.484	5.63	
841.66	-6.66	
841.835	42.5	
842.011	-18.94	
842.186	11.78	
842.362	-96.77	
842.537	101.89	
842.713	-6.66	
842.888	7.68	
843.064	-41.47	
843.239	-25.09	
843.415	17.92	
843.59	83.45	
843.765	67.07	
843.941	52.74	
844.116	5.63	
844.291	50.69	
844.467	69.12	
844.642	13.82	
844.817	38.4	
844.992	108.03	
845.168	-4.61	
845.343	17.92	
845.518	-16.9	
845.693	75.26	
845.868	-61.95	
846.043	73.21	
846.219	-0.51	
846.394	9.73	
846.569	-49.66	
846.744	54.78	
846.919	-41.47	
847.094	-35.33	
847.269	24.06	
847.444	101.89	
847.619	50.69	
847.794	17.92	
847.969	34.3	
848.144	171.52	
848.319	81.41	
848.494	60.93	
848.668	-20.99	
848.843	-0.51	
849.018	5.63	
849.193	71.17	
849.368	40.45	
849.542	32.26	
849.717	-70.14	
849.892	97.79	
850.067	60.93	
850.241	7.68	
850.416	5.63	
850.591	24.06	
850.765	7.68	
850.94	-6.66	
851.115	11.78	
851.289	89.6	
851.464	-51.71	
851.639	-10.75	
851.813	-41.47	
851.988	13.82	
852.162	-64	
852.337	-14.85	
852.511	-31.23	
852.686	-39.42	
852.86	26.11	
853.035	75.26	
853.209	15.87	
853.383	30.21	
853.558	9.73	
853.732	22.02	
853.906	-20.99	
854.081	34.3	
854.255	58.88	
854.429	65.02	
854.604	-6.66	
854.778	85.5	
854.952	7.68	
855.126	48.64	
855.301	1.54	
855.475	26.11	
855.649	40.45	
855.823	38.4	
855.997	-4.61	
856.171	11.78	
856.345	48.64	
856.52	42.5	
856.694	3.58	
856.868	-0.51	
857.042	71.17	
857.216	105.98	
857.39	56.83	
857.564	54.78	
857.738	1.54	
857.912	-51.71	
858.085	26.11	
858.259	-41.47	
858.433	-14.85	
858.607	122.37	
858.781	32.26	
858.955	-55.81	
859.129	9.73	
859.302	30.21	
859.476	40.45	
859.65	60.93	
859.824	-123.39	
859.997	140.8	
860.171	-76.29	
860.345	58.88	
860.519	75.26	
860.692	89.6	
860.866	46.59	
861.039	-55.81	
861.213	65.02	
861.387	58.88	
861.56	108.03	
861.734	-0.51	
861.907	-25.09	
862.081	40.45	
862.254	-8.7	
862.428	-57.86	
862.601	44.54	
862.775	-16.9	
862.948	52.74	
863.122	38.4	
863.295	56.83	
863.468	-35.33	
863.642	-111.1	
863.815	-51.71	
863.988	-31.23	
864.162	-8.7	
864.335	-51.71	
864.508	-14.85	
864.682	44.54	
864.855	-4.61	
865.028	-37.38	
865.201	1.54	
865.374	-8.7	
865.548	120.32	
865.721	69.12	
865.894	101.89	
866.067	-8.7	
866.24	105.98	
866.413	9.73	
866.586	-20.99	
866.759	28.16	
866.932	-16.9	
867.105	-68.09	
867.278	50.69	
867.451	17.92	
867.624	-33.28	
867.797	-25.09	
867.97	42.5	
868.143	9.73	
868.316	-41.47	
868.489	15.87	
868.661	36.35	
868.834	-6.66	
869.007	11.78	
869.18	-8.7	
869.353	7.68	
869.525	24.06	
869.698	15.87	
869.871	-4.61	
870.044	24.06	
870.216	15.87	
870.389	3.58	
870.562	-33.28	
870.734	3.58	
870.907	-20.99	
871.079	89.6	
871.252	40.45	
871.425	26.11	
871.597	-33.28	
871.77	58.88	
871.942	-45.57	
872.115	148.99	
872.287	40.45	
872.459	15.87	
872.632	-16.9	
872.804	28.16	
872.977	32.26	
873.149	-12.8	
873.321	-25.09	
873.494	38.4	
873.666	-27.14	
873.838	42.5	
874.011	83.45	
874.183	24.06	
874.355	-47.62	
874.528	-4.61	
874.7	-57.86	
874.872	-33.28	
875.044	-16.9	
875.216	91.65	
875.388	50.69	
875.561	62.98	
875.733	58.88	
875.905	19.97	
876.077	-16.9	
876.249	-31.23	
876.421	-66.05	
876.593	71.17	
876.765	-53.76	
876.937	-72.19	
877.109	24.06	
877.281	28.16	
877.453	15.87	
877.625	75.26	
877.797	5.63	
877.968	-16.9	
878.14	9.73	
878.312	-35.33	
878.484	11.78	
878.656	73.21	
878.828	-2.56	
878.999	52.74	
879.171	24.06	
879.343	15.87	
879.515	-74.24	
879.686	-2.56	
879.858	9.73	
880.03	-55.81	
880.201	-18.94	
880.373	-2.56	
880.545	42.5	
880.716	-4.61	
880.888	34.3	
881.059	95.74	
881.231	85.5	
881.402	-23.04	
881.574	15.87	
881.745	-25.09	
881.917	15.87	
882.088	105.98	
882.26	24.06	
882.431	-14.85	
882.602	-12.8	
882.774	71.17	
882.945	-84.48	
883.116	-20.99	
883.288	-74.24	
883.459	-43.52	
883.63	-10.75	
883.802	19.97	
883.973	-16.9	
884.144	-80.38	
884.315	-23.04	
884.487	-6.66	
884.658	32.26	
884.829	38.4	
885	-6.66	
885.171	24.06	
885.342	15.87	
885.513	40.45	
885.684	73.21	
885.855	34.3	
886.026	40.45	
886.197	42.5	
886.368	17.92	
886.539	-8.7	
886.71	-45.57	
886.881	-59.9	
887.052	-6.66	
887.223	36.35	
887.394	42.5	
887.565	-12.8	
887.736	91.65	
887.907	67.07	
888.077	-98.81	
888.248	28.16	
888.419	-0.51	
888.59	-121.34	
888.761	-14.85	
888.931	-37.38	
889.102	56.83	
889.273	132.61	
889.443	105.98	
889.614	-8.7	
889.785	1.54	
889.955	-0.51	
890.126	67.07	
890.296	24.06	
890.467	-25.09	
890.637	34.3	
890.808	-55.81	
890.978	114.17	
891.149	56.83	
891.319	-12.8	
891.49	83.45	
891.66	105.98	
891.831	79.36	
892.001	120.32	
892.172	-16.9	
892.342	-39.42	
892.512	-76.29	
892.683	34.3	
892.853	-8.7	
893.023	5.63	
893.193	3.58	
893.364	62.98	
893.534	73.21	
893.704	91.65	
893.874	87.55	
894.044	32.26	
894.215	26.11	
894.385	-39.42	
894.555	-2.56	
894.725	38.4	
894.895	26.11	
895.065	81.41	
895.235	-14.85	
895.405	-0.51	
895.575	-12.8	
895.745	79.36	
895.915	9.73	
