177.618	-200.02	
177.836	-200.02	
178.054	-200.02	
178.271	-228.69	
178.489	-173.39	
178.706	-21.85	
178.924	160.42	
179.142	-50.52	
179.359	-99.67	
179.577	19.11	
179.794	31.4	
180.012	-62.8	
180.229	8.87	
180.447	19.11	
180.664	-134.48	
180.882	96.94	
181.1	33.45	
181.317	39.59	
181.535	-32.08	
181.752	-54.61	
181.969	-56.66	
182.187	27.31	
182.404	39.59	
182.622	-48.47	
182.839	-46.42	
183.057	-46.42	
183.274	-52.56	
183.492	-23.89	
183.709	21.16	
183.926	29.35	
184.144	51.88	
184.361	-97.62	
184.579	-38.23	
184.796	-3.41	
185.013	25.26	
185.231	-83.28	
185.448	33.45	
185.666	-1.37	
185.883	72.36	
186.1	8.87	
186.317	-64.85	
186.535	-7.51	
186.752	-42.32	
186.969	-54.61	
187.187	19.11	
187.404	-36.18	
187.621	70.31	
187.839	-30.04	
188.056	4.78	
188.273	43.69	
188.49	-42.32	
188.708	-56.66	
188.925	17.07	
189.142	17.07	
189.359	125.61	
189.576	-64.85	
189.794	-64.85	
190.011	-56.66	
190.228	103.08	
190.445	-15.7	
190.662	-15.7	
190.879	-17.75	
191.097	41.64	
191.314	25.26	
191.531	-36.18	
191.748	21.16	
191.965	-5.46	
192.182	-32.08	
192.399	-42.32	
192.616	-23.89	
192.834	-62.8	
193.051	0.68	
193.268	-27.99	
193.485	51.88	
193.702	19.11	
193.919	6.83	
194.136	0.68	
194.353	-3.41	
194.57	-9.56	
194.787	-21.85	
195.004	19.11	
195.221	2.73	
195.438	43.69	
195.655	-71	
195.872	123.56	
196.089	29.35	
196.306	45.74	
196.523	-62.8	
196.74	-7.51	
196.957	-66.9	
197.173	17.07	
197.39	-89.43	
197.607	-64.85	
197.824	-46.42	
198.041	-85.33	
198.258	-23.89	
198.475	-21.85	
198.692	-30.04	
198.909	41.64	
199.125	-89.43	
199.342	-97.62	
199.559	-161.11	
199.776	96.94	
199.993	103.08	
200.21	117.42	
200.426	6.83	
200.643	-68.95	
200.86	-118.1	
201.077	17.07	
201.293	55.98	
201.51	-30.04	
201.727	-62.8	
201.944	-50.52	
202.16	-77.14	
202.377	-79.19	
202.594	47.79	
202.811	-60.76	
203.027	-23.89	
203.244	29.35	
203.461	0.68	
203.677	-9.56	
203.894	74.41	
204.111	119.46	
204.327	-7.51	
204.544	25.26	
204.761	-11.61	
204.977	35.5	
205.194	25.26	
205.41	-46.42	
205.627	-38.23	
205.844	33.45	
206.06	-64.85	
206.277	-40.28	
206.493	-56.66	
206.71	68.27	
206.926	17.07	
207.143	-7.51	
207.36	-7.51	
207.576	2.73	
207.793	-68.95	
208.009	41.64	
208.226	-105.81	
208.442	6.83	
208.659	19.11	
208.875	-91.48	
209.092	33.45	
209.308	-91.48	
209.524	-23.89	
209.741	-19.8	
209.957	-71	
210.174	144.04	
210.39	-5.46	
210.607	78.51	
210.823	-34.13	
211.039	39.59	
211.256	-54.61	
211.472	21.16	
211.688	53.93	
211.905	-97.62	
212.121	-64.85	
212.338	121.51	
212.554	39.59	
212.77	-11.61	
212.987	-27.99	
213.203	-56.66	
213.419	-54.61	
213.635	-52.56	
213.852	88.75	
214.068	-21.85	
214.284	-62.8	
214.501	25.26	
214.717	-7.51	
214.933	33.45	
215.149	-54.61	
215.365	-13.65	
215.582	-1.37	
215.798	-19.8	
216.014	-64.85	
216.23	12.97	
216.447	2.73	
216.663	4.78	
216.879	17.07	
217.095	-23.89	
217.311	-56.66	
217.527	-19.8	
217.743	29.35	
217.96	35.5	
218.176	-1.37	
218.392	-5.46	
218.608	21.16	
218.824	0.68	
219.04	-95.57	
219.256	0.68	
219.472	-89.43	
219.688	-1.37	
219.904	-32.08	
220.12	51.88	
220.336	-15.7	
220.552	-9.56	
220.768	-1.37	
220.984	33.45	
221.2	-38.23	
221.416	84.65	
221.632	-15.7	
221.848	19.11	
222.064	-62.8	
222.28	33.45	
222.496	-111.96	
222.712	-79.19	
222.928	4.78	
223.144	-7.51	
223.36	39.59	
223.576	29.35	
223.792	-46.42	
224.008	10.92	
224.224	17.07	
224.439	41.64	
224.655	-19.8	
224.871	-32.08	
225.087	-19.8	
225.303	-62.8	
225.519	-7.51	
225.734	-38.23	
225.95	-32.08	
226.166	101.03	
226.382	-5.46	
226.598	-3.41	
226.813	-64.85	
227.029	-27.99	
227.245	6.83	
227.461	-5.46	
227.677	-42.32	
227.892	17.07	
228.108	72.36	
228.324	21.16	
228.539	-38.23	
228.755	35.5	
228.971	-81.24	
229.186	19.11	
229.402	68.27	
229.618	60.07	
229.833	60.07	
230.049	43.69	
230.265	-140.63	
230.48	33.45	
230.696	-5.46	
230.912	37.55	
231.127	129.7	
231.343	-19.8	
231.558	12.97	
231.774	-13.65	
231.99	-50.52	
232.205	125.61	
232.421	51.88	
232.636	39.59	
232.852	-62.8	
233.067	-89.43	
233.283	10.92	
233.498	53.93	
233.714	-25.94	
233.929	49.83	
234.145	70.31	
234.36	-19.8	
234.576	33.45	
234.791	-11.61	
235.007	6.83	
235.222	-5.46	
235.438	15.02	
235.653	17.07	
235.868	8.87	
236.084	121.51	
236.299	6.83	
236.515	158.38	
236.73	27.31	
236.945	55.98	
237.161	19.11	
237.376	15.02	
237.592	-89.43	
237.807	-56.66	
238.022	-21.85	
238.238	47.79	
238.453	-62.8	
238.668	29.35	
238.883	-126.29	
239.099	-32.08	
239.314	-48.47	
239.529	33.45	
239.745	-32.08	
239.96	-17.75	
240.175	-23.89	
240.39	39.59	
240.605	-48.47	
240.821	139.94	
241.036	-38.23	
241.251	-71	
241.466	60.07	
241.681	121.51	
241.897	-58.71	
242.112	6.83	
242.327	35.5	
242.542	2.73	
242.757	-11.61	
242.972	19.11	
243.188	-1.37	
243.403	-48.47	
243.618	-62.8	
243.833	8.87	
244.048	60.07	
244.263	12.97	
244.478	-19.8	
244.693	41.64	
244.908	74.41	
245.123	8.87	
245.338	6.83	
245.553	47.79	
245.768	80.55	
245.983	39.59	
246.198	-40.28	
246.413	-120.15	
246.628	-3.41	
246.843	4.78	
247.058	-34.13	
247.273	-48.47	
247.488	41.64	
247.703	15.02	
247.918	25.26	
248.133	58.03	
248.348	-40.28	
248.563	76.46	
248.778	-9.56	
248.993	31.4	
249.207	-56.66	
249.422	17.07	
249.637	107.18	
249.852	35.5	
250.067	-32.08	
250.282	-21.85	
250.496	-68.95	
250.711	-32.08	
250.926	-107.86	
251.141	66.22	
251.356	-56.66	
251.57	35.5	
251.785	58.03	
252	49.83	
252.215	-27.99	
252.43	-58.71	
252.644	35.5	
252.859	96.94	
253.074	-1.37	
253.288	66.22	
253.503	76.46	
253.718	-34.13	
253.932	53.93	
254.147	115.37	
254.362	76.46	
254.576	8.87	
254.791	-30.04	
255.006	17.07	
255.22	10.92	
255.435	51.88	
255.65	10.92	
255.864	-42.32	
256.079	29.35	
256.293	-58.71	
256.508	-81.24	
256.723	21.16	
256.937	17.07	
257.152	80.55	
257.366	-75.09	
257.581	19.11	
257.795	-21.85	
258.01	55.98	
258.224	17.07	
258.439	156.33	
258.653	64.17	
258.868	80.55	
259.082	-30.04	
259.297	35.5	
259.511	17.07	
259.726	-15.7	
259.94	-75.09	
260.154	-7.51	
260.369	-68.95	
260.583	10.92	
260.798	29.35	
261.012	15.02	
261.226	-120.15	
261.441	43.69	
261.655	-32.08	
261.869	27.31	
262.084	62.12	
262.298	-38.23	
262.512	27.31	
262.727	-19.8	
262.941	-54.61	
263.155	-38.23	
263.37	47.79	
263.584	12.97	
263.798	-3.41	
264.012	37.55	
264.227	-50.52	
264.441	8.87	
264.655	-52.56	
264.869	105.13	
265.084	-21.85	
265.298	92.84	
265.512	-32.08	
265.726	35.5	
265.94	-46.42	
266.155	-3.41	
266.369	-38.23	
266.583	107.18	
266.797	74.41	
267.011	-25.94	
267.225	21.16	
267.439	98.99	
267.654	21.16	
267.868	37.55	
268.082	-93.52	
268.296	-95.57	
268.51	-32.08	
268.724	-105.81	
268.938	10.92	
269.152	-1.37	
269.366	-40.28	
269.58	-56.66	
269.794	-58.71	
270.008	-23.89	
270.222	2.73	
270.436	94.89	
270.65	4.78	
270.864	62.12	
271.078	37.55	
271.292	17.07	
271.506	-54.61	
271.72	-3.41	
271.934	-21.85	
272.148	45.74	
272.362	51.88	
272.575	2.73	
272.789	55.98	
273.003	27.31	
273.217	31.4	
273.431	-60.76	
273.645	60.07	
273.859	0.68	
274.073	-5.46	
274.286	172.71	
274.5	78.51	
274.714	15.02	
274.928	76.46	
275.142	10.92	
275.355	2.73	
275.569	2.73	
275.783	-13.65	
275.997	8.87	
276.21	45.74	
276.424	64.17	
276.638	-13.65	
276.852	17.07	
277.065	-19.8	
277.279	80.55	
277.493	33.45	
277.706	55.98	
277.92	-5.46	
278.134	68.27	
278.347	45.74	
278.561	-83.28	
278.775	-171.35	
278.988	64.17	
279.202	94.89	
279.415	19.11	
279.629	62.12	
279.843	8.87	
280.056	-23.89	
280.27	-1.37	
280.483	66.22	
280.697	115.37	
280.91	-89.43	
281.124	58.03	
281.337	-5.46	
281.551	115.37	
281.764	41.64	
281.978	53.93	
282.191	-122.2	
282.405	8.87	
282.618	35.5	
282.832	39.59	
283.045	10.92	
283.259	-23.89	
283.472	-21.85	
283.686	19.11	
283.899	-23.89	
284.112	-75.09	
284.326	33.45	
284.539	-21.85	
284.752	-11.61	
284.966	74.41	
285.179	15.02	
285.393	-3.41	
285.606	43.69	
285.819	70.31	
286.033	-9.56	
286.246	55.98	
286.459	-44.37	
286.672	58.03	
286.886	23.21	
287.099	33.45	
287.312	6.83	
287.525	70.31	
287.739	-73.04	
287.952	60.07	
288.165	25.26	
288.378	-17.75	
288.592	101.03	
288.805	43.69	
289.018	-21.85	
289.231	-17.75	
289.444	60.07	
289.657	43.69	
289.871	-89.43	
290.084	-124.24	
290.297	-89.43	
290.51	-23.89	
290.723	119.46	
290.936	-42.32	
291.149	-83.28	
291.362	41.64	
291.575	-27.99	
291.789	113.32	
292.002	-21.85	
292.215	-50.52	
292.428	-5.46	
292.641	25.26	
292.854	-36.18	
293.067	41.64	
293.28	-38.23	
293.493	51.88	
293.706	-9.56	
293.919	-64.85	
294.132	-32.08	
294.345	29.35	
294.558	-3.41	
294.77	-1.37	
294.983	25.26	
295.196	-13.65	
295.409	33.45	
295.622	47.79	
295.835	29.35	
296.048	19.11	
296.261	31.4	
296.474	68.27	
296.686	-34.13	
296.899	96.94	
297.112	23.21	
297.325	53.93	
297.538	53.93	
297.751	70.31	
297.963	49.83	
298.176	47.79	
298.389	86.7	
298.602	12.97	
298.814	-71	
299.027	141.99	
299.24	318.12	
299.453	4.78	
299.665	2.73	
299.878	43.69	
300.091	-60.76	
300.303	-40.28	
300.516	-64.85	
300.729	33.45	
300.941	-118.1	
301.154	-1.37	
301.367	60.07	
301.579	-15.7	
301.792	21.16	
302.005	19.11	
302.217	45.74	
302.43	-32.08	
302.642	-32.08	
302.855	76.46	
303.067	-23.89	
303.28	-3.41	
303.493	64.17	
303.705	62.12	
303.918	-50.52	
304.13	68.27	
304.343	37.55	
304.555	70.31	
304.768	-9.56	
304.98	37.55	
305.193	0.68	
305.405	31.4	
305.617	-15.7	
305.83	60.07	
306.042	12.97	
306.255	-54.61	
306.467	19.11	
306.68	74.41	
306.892	4.78	
307.104	-66.9	
307.317	70.31	
307.529	60.07	
307.741	-32.08	
307.954	31.4	
308.166	72.36	
308.378	66.22	
308.591	17.07	
308.803	47.79	
309.015	66.22	
309.228	33.45	
309.44	98.99	
309.652	70.31	
309.864	21.16	
310.077	10.92	
310.289	-25.94	
310.501	-48.47	
310.713	-30.04	
310.926	19.11	
311.138	29.35	
311.35	43.69	
311.562	-79.19	
311.774	133.8	
311.986	-103.76	
312.199	27.31	
312.411	33.45	
312.623	17.07	
312.835	-111.96	
313.047	0.68	
313.259	-15.7	
313.471	21.16	
313.683	82.6	
313.895	4.78	
314.108	-25.94	
314.32	2.73	
314.532	82.6	
314.744	39.59	
314.956	35.5	
315.168	47.79	
315.38	55.98	
315.592	17.07	
315.804	-54.61	
316.016	53.93	
316.228	55.98	
316.44	137.9	
316.651	-54.61	
316.863	-36.18	
317.075	8.87	
317.287	31.4	
317.499	66.22	
317.711	12.97	
317.923	33.45	
318.135	-48.47	
318.347	111.27	
318.559	0.68	
318.77	33.45	
318.982	58.03	
319.194	72.36	
319.406	10.92	
319.618	-52.56	
319.83	-9.56	
320.041	68.27	
320.253	60.07	
320.465	2.73	
320.677	31.4	
320.888	-58.71	
321.1	-17.75	
321.312	-13.65	
321.524	-21.85	
321.735	129.7	
321.947	70.31	
322.159	29.35	
322.37	-132.44	
322.582	-7.51	
322.794	15.02	
323.005	-27.99	
323.217	27.31	
323.429	-66.9	
323.64	-19.8	
323.852	-71	
324.063	49.83	
324.275	-17.75	
324.487	-73.04	
324.698	0.68	
324.91	-7.51	
325.121	-97.62	
325.333	35.5	
325.544	15.02	
325.756	-66.9	
325.967	47.79	
326.179	45.74	
326.39	-71	
326.602	101.03	
326.813	17.07	
327.025	-25.94	
327.236	-46.42	
327.448	66.22	
327.659	-11.61	
327.871	-23.89	
328.082	-23.89	
328.293	25.26	
328.505	27.31	
328.716	43.69	
328.928	49.83	
329.139	17.07	
329.35	-23.89	
329.562	37.55	
329.773	-27.99	
329.984	-38.23	
330.196	60.07	
330.407	-50.52	
330.618	27.31	
330.83	33.45	
331.041	-107.86	
331.252	33.45	
331.463	17.07	
331.675	27.31	
331.886	-42.32	
332.097	-38.23	
332.308	92.84	
332.52	-25.94	
332.731	19.11	
332.942	-7.51	
333.153	49.83	
333.364	131.75	
333.575	107.18	
333.787	-62.8	
333.998	-13.65	
334.209	55.98	
334.42	-130.39	
334.631	33.45	
334.842	-68.95	
335.053	45.74	
335.264	80.55	
335.475	98.99	
335.686	15.02	
335.898	66.22	
336.109	-17.75	
336.32	-13.65	
336.531	-103.76	
336.742	27.31	
336.953	10.92	
337.164	68.27	
337.375	-15.7	
337.586	-1.37	
337.797	-46.42	
338.007	84.65	
338.218	-5.46	
338.429	60.07	
338.64	-13.65	
338.851	15.02	
339.062	-23.89	
339.273	-58.71	
339.484	72.36	
339.695	23.21	
339.906	76.46	
340.116	45.74	
340.327	27.31	
340.538	-42.32	
340.749	47.79	
340.96	8.87	
341.171	49.83	
341.381	19.11	
341.592	-48.47	
341.803	39.59	
342.014	29.35	
342.224	74.41	
342.435	-5.46	
342.646	64.17	
342.857	33.45	
343.067	4.78	
343.278	-50.52	
343.489	-23.89	
343.699	60.07	
343.91	10.92	
344.121	74.41	
344.331	33.45	
344.542	10.92	
344.753	-54.61	
344.963	-1.37	
345.174	82.6	
345.384	-5.46	
345.595	29.35	
345.806	62.12	
346.016	98.99	
346.227	23.21	
346.437	-34.13	
346.648	49.83	
346.858	41.64	
347.069	-66.9	
347.279	47.79	
347.49	-13.65	
347.7	62.12	
347.911	37.55	
348.121	58.03	
348.332	-66.9	
348.542	-1.37	
348.753	39.59	
348.963	-79.19	
349.173	-32.08	
349.384	6.83	
349.594	12.97	
349.805	19.11	
350.015	162.47	
350.225	115.37	
350.436	-21.85	
350.646	25.26	
350.856	74.41	
351.067	123.56	
351.277	-27.99	
351.487	-23.89	
351.698	-81.24	
351.908	-71	
352.118	4.78	
352.328	-40.28	
352.539	-44.37	
352.749	15.02	
352.959	96.94	
353.169	25.26	
353.38	-60.76	
353.59	51.88	
353.8	-19.8	
354.01	109.22	
354.22	19.11	
354.431	17.07	
354.641	12.97	
354.851	64.17	
355.061	2.73	
355.271	53.93	
355.481	12.97	
355.691	41.64	
355.901	25.26	
356.111	96.94	
356.321	53.93	
356.532	33.45	
356.742	-7.51	
356.952	121.51	
357.162	68.27	
357.372	19.11	
357.582	-17.75	
357.792	8.87	
358.002	-44.37	
358.212	45.74	
358.422	58.03	
358.632	60.07	
358.842	-1.37	
359.051	47.79	
359.261	8.87	
359.471	58.03	
359.681	55.98	
359.891	53.93	
360.101	111.27	
360.311	15.02	
360.521	-23.89	
360.731	43.69	
360.94	-11.61	
361.15	2.73	
361.36	66.22	
361.57	64.17	
361.78	10.92	
361.989	-17.75	
362.199	31.4	
362.409	47.79	
362.619	70.31	
362.828	68.27	
363.038	35.5	
363.248	189.1	
363.458	107.18	
363.667	107.18	
363.877	115.37	
364.087	107.18	
364.296	35.5	
364.506	10.92	
364.716	19.11	
364.925	133.8	
365.135	27.31	
365.345	25.26	
365.554	27.31	
365.764	21.16	
365.973	117.42	
366.183	195.24	
366.393	8.87	
366.602	74.41	
366.812	58.03	
367.021	109.22	
367.231	-32.08	
367.44	92.84	
367.65	-40.28	
367.859	10.92	
368.069	51.88	
368.278	131.75	
368.488	33.45	
368.697	152.23	
368.907	90.79	
369.116	-36.18	
369.326	-11.61	
369.535	180.9	
369.744	-21.85	
369.954	117.42	
370.163	74.41	
370.373	72.36	
370.582	10.92	
370.791	125.61	
371.001	131.75	
371.21	82.6	
371.419	10.92	
371.629	66.22	
371.838	86.7	
372.047	137.9	
372.256	125.61	
372.466	182.95	
372.675	131.75	
372.884	109.22	
373.093	21.16	
373.303	154.28	
373.512	205.48	
373.721	256.68	
373.93	180.9	
374.139	238.25	
374.349	260.77	
374.558	318.12	
374.767	295.59	
374.976	275.11	
375.185	234.15	
375.394	303.78	
375.603	418.47	
375.813	271.01	
376.022	375.46	
376.231	299.69	
376.44	424.61	
376.649	436.9	
376.858	459.43	
377.067	533.15	
377.276	549.54	
377.485	500.39	
377.694	666.27	
377.903	674.46	
378.112	688.8	
378.321	811.68	
378.53	682.66	
378.739	815.77	
378.948	807.58	
379.157	905.88	
379.366	893.6	
379.575	934.56	
379.784	1043.1	
379.992	1237.66	
380.201	1120.92	
380.41	1188.5	
380.619	1329.81	
380.828	1372.82	
381.037	1346.2	
381.246	1555.09	
381.454	1581.71	
381.663	1577.62	
381.872	1706.64	
382.081	1856.14	
382.29	1903.25	
382.498	2083.47	
382.707	2026.12	
382.916	2187.91	
383.125	2415.24	
383.333	2466.44	
383.542	2419.33	
383.751	2640.51	
383.959	2804.35	
384.168	2964.09	
384.377	3003	
384.585	3035.77	
384.794	3351.16	
385.003	3404.41	
385.211	3496.57	
385.42	3842.67	
385.628	3832.43	
385.837	4080.24	
386.046	4246.12	
386.254	4354.66	
386.463	4668	
386.671	4729.44	
386.88	4954.72	
387.088	5163.61	
387.297	5153.37	
387.505	5470.81	
387.714	5552.73	
387.922	5737.04	
388.131	5882.45	
388.339	6113.87	
388.548	6378.06	
388.756	6541.89	
388.965	6584.9	
389.173	6570.57	
389.381	6822.47	
389.59	7086.65	
389.798	7619.13	
390.007	7809.59	
390.215	7860.79	
390.423	8081.97	
390.632	8102.45	
390.84	8667.69	
391.048	9003.55	
391.257	9394.72	
391.465	9302.56	
391.673	10005.01	
391.882	10379.79	
392.09	10789.38	
392.298	10865.16	
392.506	11536.89	
392.715	11682.3	
392.923	12018.16	
393.131	12065.27	
393.339	12710.38	
393.547	12927.46	
393.756	13734.36	
393.964	13797.85	
394.172	14328.27	
394.38	14207.44	
394.588	15229.38	
394.796	15147.46	
395.005	15614.4	
395.213	15849.91	
395.421	15917.5	
395.629	16353.71	
395.837	16939.43	
396.045	17316.26	
396.253	17271.2	
396.461	18037.14	
396.669	17838.49	
396.877	18436.5	
397.085	18141.59	
397.293	18747.79	
397.501	19116.42	
397.709	19591.55	
397.917	19720.57	
398.125	19509.63	
398.333	20027.77	
398.541	20681.07	
398.749	21746.01	
398.957	21383.52	
399.165	23238.98	
399.373	22790.48	
399.581	23624	
399.788	23238.98	
399.996	24113.47	
400.204	24334.65	
400.412	24414.52	
400.62	25815.33	
400.828	25764.13	
401.035	26310.94	
401.243	26759.44	
401.451	27232.52	
401.659	27455.75	
401.867	27969.79	
402.074	28416.25	
402.282	28610.81	
402.49	28819.7	
402.697	28520.7	
402.905	27881.73	
403.113	28340.47	
403.321	28236.03	
403.528	27238.67	
403.736	27871.49	
403.944	27584.77	
404.151	27629.83	
404.359	27281.67	
404.566	28084.48	
404.774	26716.43	
404.982	27035.92	
405.189	26698	
405.397	27074.83	
405.604	26808.59	
405.812	26519.83	
406.02	26329.37	
406.227	25968.93	
406.435	25289	
406.642	26052.89	
406.85	25309.48	
407.057	24564.02	
407.265	24897.84	
407.472	24744.24	
407.679	24326.46	
407.887	24531.25	
408.094	23658.82	
408.302	22944.08	
408.509	22792.53	
408.717	22190.42	
408.924	21903.71	
409.131	21651.81	
409.339	20924.78	
409.546	20369.78	
409.753	19777.92	
409.961	20011.39	
410.168	19118.47	
410.375	19136.9	
410.583	18215.32	
410.79	18219.41	
410.997	16959.91	
411.205	16781.74	
411.412	16097.72	
411.619	15835.58	
411.826	15047.11	
412.034	14959.05	
412.241	13976.02	
412.448	13965.78	
412.655	13660.63	
412.862	13455.84	
413.07	12898.79	
413.277	12890.6	
413.484	12421.61	
413.691	11981.3	
413.898	11471.36	
414.105	11276.8	
414.312	11330.05	
414.519	11051.52	
414.727	11102.72	
414.934	10676.74	
415.141	10697.22	
415.348	10392.08	
415.555	9964.05	
415.762	9853.46	
415.969	9548.31	
416.176	9638.42	
416.383	9353.76	
416.59	9433.63	
416.797	9269.79	
417.004	8950.31	
417.211	8657.45	
417.418	8600.1	
417.625	8342.06	
417.831	8180.27	
418.038	8004.14	
418.245	7479.86	
418.452	7449.14	
418.659	7459.38	
418.866	6842.95	
419.073	7000.64	
419.28	6562.37	
419.486	6255.18	
419.693	6120.01	
419.9	6083.15	
420.107	5954.13	
420.314	5968.46	
420.52	5749.33	
420.727	5665.36	
420.934	5239.39	
421.141	5370.46	
421.347	4842.08	
421.554	4665.96	
421.761	4764.26	
421.967	4674.15	
422.174	4612.71	
422.381	4584.04	
422.588	4268.65	
422.794	4143.72	
423.001	3945.07	
423.207	4205.16	
423.414	4268.65	
423.621	4016.75	
423.827	3809.9	
424.034	3707.51	
424.24	3641.97	
424.447	3449.46	
424.654	3650.16	
424.86	3494.52	
425.067	3371.64	
425.273	3185.27	
425.48	3156.6	
425.686	3259	
425.893	3148.41	
426.099	2970.24	
426.306	2841.22	
426.512	2757.25	
426.718	2740.86	
426.925	2587.27	
427.131	2685.57	
427.338	2495.11	
427.544	2450.05	
427.75	2296.46	
427.957	2290.31	
428.163	2259.59	
428.37	2171.53	
428.576	2298.5	
428.782	2015.88	
428.988	2130.57	
429.195	2056.84	
429.401	2083.47	
429.607	1835.66	
429.814	1909.39	
430.02	1802.9	
430.226	2009.74	
430.432	1665.68	
430.639	1661.59	
430.845	1698.45	
431.051	1763.98	
431.257	1727.12	
431.463	1704.59	
431.67	1591.95	
431.876	1477.27	
432.082	1544.85	
432.288	1352.34	
432.494	1372.82	
432.7	1467.03	
432.906	1243.8	
433.112	1378.97	
433.318	1135.26	
433.525	1231.51	
433.731	1194.65	
433.937	1319.57	
434.143	1221.27	
434.349	1270.42	
434.555	1155.74	
434.761	1125.02	
434.967	1084.06	
435.173	996	
435.379	969.37	
435.585	1036.95	
435.791	1008.28	
435.996	1034.91	
436.202	961.18	
436.408	948.89	
436.614	893.6	
436.82	889.5	
437.026	905.88	
437.232	893.6	
437.438	803.49	
437.644	834.21	
437.849	696.99	
438.055	662.18	
438.261	780.96	
438.467	641.7	
438.673	641.7	
438.878	696.99	
439.084	494.24	
439.29	649.89	
439.496	639.65	
439.701	594.59	
439.907	508.58	
440.113	584.35	
440.318	481.96	
440.524	512.67	
440.73	393.89	
440.935	520.87	
441.141	424.61	
441.347	518.82	
441.552	516.77	
441.758	484	
441.964	379.56	
442.169	486.05	
442.375	316.07	
442.58	418.47	
442.786	371.36	
442.991	416.42	
443.197	428.71	
443.402	430.76	
443.608	344.74	
443.813	404.13	
444.019	275.11	
444.224	379.56	
444.43	379.56	
444.635	357.03	
444.841	342.69	
445.046	326.31	
445.252	307.88	
445.457	379.56	
445.662	180.9	
445.868	230.06	
446.073	250.53	
446.278	303.78	
446.484	336.55	
446.689	199.34	
446.894	240.29	
447.1	180.9	
447.305	244.39	
447.51	238.25	
447.716	182.95	
447.921	234.15	
448.126	139.94	
448.331	189.1	
448.537	191.14	
448.742	164.52	
448.947	141.99	
449.152	152.23	
449.357	98.99	
449.563	154.28	
449.768	191.14	
449.973	150.18	
450.178	109.22	
450.383	92.84	
450.588	174.76	
450.793	141.99	
450.999	172.71	
451.204	141.99	
451.409	289.45	
451.614	135.85	
451.819	164.52	
452.024	146.09	
452.229	156.33	
452.434	166.57	
452.639	162.47	
452.844	187.05	
453.049	90.79	
453.254	144.04	
453.459	150.18	
453.664	101.03	
453.869	125.61	
454.074	166.57	
454.279	113.32	
454.483	68.27	
454.688	66.22	
454.893	58.03	
455.098	107.18	
455.303	215.72	
455.508	158.38	
455.713	127.66	
455.917	131.75	
456.122	109.22	
456.327	45.74	
456.532	90.79	
456.737	6.83	
456.941	168.62	
457.146	76.46	
457.351	137.9	
457.555	21.16	
457.76	123.56	
457.965	58.03	
458.17	123.56	
458.374	53.93	
458.579	123.56	
458.784	187.05	
458.988	109.22	
459.193	78.51	
459.397	49.83	
459.602	41.64	
459.807	84.65	
460.011	39.59	
460.216	82.6	
460.42	76.46	
460.625	25.26	
460.829	33.45	
461.034	51.88	
461.239	17.07	
461.443	107.18	
461.648	-62.8	
461.852	53.93	
462.056	41.64	
462.261	-38.23	
462.465	31.4	
462.67	43.69	
462.874	185	
463.079	62.12	
463.283	23.21	
463.487	-32.08	
463.692	41.64	
463.896	133.8	
464.1	58.03	
464.305	-23.89	
464.509	111.27	
464.713	55.98	
464.918	-73.04	
465.122	62.12	
465.326	6.83	
465.531	74.41	
465.735	17.07	
465.939	6.83	
466.143	-1.37	
466.348	53.93	
466.552	51.88	
466.756	25.26	
466.96	66.22	
467.164	15.02	
467.368	45.74	
467.573	8.87	
467.777	2.73	
467.981	-27.99	
468.185	-32.08	
468.389	-5.46	
468.593	-13.65	
468.797	105.13	
469.001	-36.18	
469.205	-32.08	
469.409	21.16	
469.613	-34.13	
469.817	51.88	
470.021	-73.04	
470.225	68.27	
470.429	94.89	
470.633	58.03	
470.837	-21.85	
471.041	4.78	
471.245	39.59	
471.449	51.88	
471.653	-30.04	
471.857	-38.23	
472.061	-9.56	
472.265	-15.7	
472.469	4.78	
472.673	0.68	
472.876	-23.89	
473.08	117.42	
473.284	60.07	
473.488	10.92	
473.692	74.41	
473.895	-5.46	
474.099	37.55	
474.303	111.27	
474.507	51.88	
474.71	41.64	
474.914	96.94	
475.118	-7.51	
475.322	-13.65	
475.525	-38.23	
475.729	-32.08	
475.933	8.87	
476.136	-3.41	
476.34	-30.04	
476.543	127.66	
476.747	47.79	
476.951	98.99	
477.154	6.83	
477.358	8.87	
477.561	-66.9	
477.765	139.94	
477.969	-62.8	
478.172	-19.8	
478.376	43.69	
478.579	2.73	
478.783	8.87	
478.986	43.69	
479.19	35.5	
479.393	23.21	
479.596	-64.85	
479.8	80.55	
480.003	-1.37	
480.207	-38.23	
480.41	-64.85	
480.614	88.75	
480.817	-13.65	
481.02	45.74	
481.224	0.68	
481.427	19.11	
481.63	76.46	
481.834	60.07	
482.037	62.12	
482.24	96.94	
482.443	-44.37	
482.647	21.16	
482.85	86.7	
483.053	6.83	
483.256	-23.89	
483.46	25.26	
483.663	-56.66	
483.866	64.17	
484.069	-25.94	
484.272	74.41	
484.476	43.69	
484.679	-32.08	
484.882	-48.47	
485.085	43.69	
485.288	98.99	
485.491	-27.99	
485.694	-103.76	
485.897	107.18	
486.101	-19.8	
486.304	-54.61	
486.507	31.4	
486.71	-17.75	
486.913	8.87	
487.116	-7.51	
487.319	-38.23	
487.522	78.51	
487.725	-38.23	
487.928	47.79	
488.13	162.47	
488.333	2.73	
488.536	8.87	
488.739	70.31	
488.942	74.41	
489.145	47.79	
489.348	-11.61	
489.551	0.68	
489.754	31.4	
489.956	82.6	
490.159	21.16	
490.362	92.84	
490.565	-38.23	
490.768	-40.28	
490.97	-71	
491.173	17.07	
491.376	88.75	
491.579	-30.04	
491.781	-48.47	
491.984	-15.7	
492.187	-9.56	
492.39	58.03	
492.592	23.21	
492.795	-87.38	
492.998	17.07	
493.2	-19.8	
493.403	-44.37	
493.605	-9.56	
493.808	19.11	
494.011	125.61	
494.213	-21.85	
494.416	4.78	
494.618	39.59	
494.821	60.07	
495.023	-9.56	
495.226	12.97	
495.428	4.78	
495.631	70.31	
495.833	-36.18	
496.036	25.26	
496.238	-19.8	
496.441	-13.65	
496.643	-38.23	
496.846	-17.75	
497.048	19.11	
497.25	15.02	
497.453	101.03	
497.655	123.56	
497.858	10.92	
498.06	103.08	
498.262	121.51	
498.465	66.22	
498.667	-87.38	
498.869	45.74	
499.071	51.88	
499.274	43.69	
499.476	-58.71	
499.678	117.42	
499.881	-42.32	
500.083	-48.47	
500.285	-46.42	
500.487	-42.32	
500.689	-48.47	
500.892	60.07	
501.094	31.4	
501.296	-58.71	
501.498	-7.51	
501.7	2.73	
501.902	-25.94	
502.104	-23.89	
502.306	-66.9	
502.509	66.22	
502.711	-77.14	
502.913	10.92	
503.115	74.41	
503.317	-64.85	
503.519	-27.99	
503.721	-19.8	
503.923	-11.61	
504.125	53.93	
504.327	121.51	
504.529	-11.61	
504.731	74.41	
504.933	15.02	
505.134	-11.61	
505.336	78.51	
505.538	35.5	
505.74	64.17	
505.942	-17.75	
506.144	-81.24	
506.346	-54.61	
506.548	10.92	
506.749	-7.51	
506.951	123.56	
507.153	-15.7	
507.355	17.07	
507.557	29.35	
507.758	6.83	
507.96	2.73	
508.162	37.55	
508.363	-97.62	
508.565	4.78	
508.767	-40.28	
508.969	-25.94	
509.17	-23.89	
509.372	-23.89	
509.574	35.5	
509.775	-38.23	
509.977	-83.28	
510.178	-46.42	
510.38	21.16	
510.582	82.6	
510.783	27.31	
510.985	51.88	
511.186	-58.71	
511.388	21.16	
511.589	-3.41	
511.791	66.22	
511.992	-15.7	
512.194	-3.41	
512.395	-44.37	
512.597	51.88	
512.798	-79.19	
513	-1.37	
513.201	-30.04	
513.403	25.26	
513.604	27.31	
513.805	47.79	
514.007	-40.28	
514.208	-27.99	
514.409	-40.28	
514.611	-38.23	
514.812	-30.04	
515.013	64.17	
515.215	-46.42	
515.416	49.83	
515.617	0.68	
515.819	-5.46	
516.02	-30.04	
516.221	-81.24	
516.422	-38.23	
516.623	17.07	
516.825	-52.56	
517.026	17.07	
517.227	51.88	
517.428	-36.18	
517.629	27.31	
517.83	35.5	
518.032	-1.37	
518.233	-44.37	
518.434	0.68	
518.635	0.68	
518.836	-40.28	
519.037	45.74	
519.238	-68.95	
519.439	29.35	
519.64	0.68	
519.841	8.87	
520.042	0.68	
520.243	-38.23	
520.444	-7.51	
520.645	10.92	
520.846	2.73	
521.047	41.64	
521.248	-13.65	
521.449	66.22	
521.65	12.97	
521.851	27.31	
522.052	-25.94	
522.252	121.51	
522.453	-27.99	
522.654	-11.61	
522.855	90.79	
523.056	-79.19	
523.257	4.78	
523.457	8.87	
523.658	-30.04	
523.859	-7.51	
524.06	-13.65	
524.26	2.73	
524.461	-81.24	
524.662	-27.99	
524.862	23.21	
525.063	33.45	
525.264	25.26	
525.464	66.22	
525.665	-71	
525.866	19.11	
526.066	-40.28	
526.267	47.79	
526.468	-38.23	
526.668	-23.89	
526.869	15.02	
527.069	-9.56	
527.27	10.92	
527.47	-27.99	
527.671	12.97	
527.871	17.07	
528.072	-34.13	
528.272	23.21	
528.473	103.08	
528.673	144.04	
528.874	47.79	
529.074	55.98	
529.275	-54.61	
529.475	45.74	
529.675	-56.66	
529.876	37.55	
530.076	21.16	
530.277	-21.85	
530.477	-30.04	
530.677	51.88	
530.878	19.11	
531.078	-107.86	
531.278	-5.46	
531.478	51.88	
531.679	-56.66	
531.879	10.92	
532.079	-32.08	
532.28	37.55	
532.48	-9.56	
532.68	-7.51	
532.88	-7.51	
533.08	-17.75	
533.28	29.35	
533.481	12.97	
533.681	-50.52	
533.881	33.45	
534.081	-5.46	
534.281	47.79	
534.481	-27.99	
534.681	-32.08	
534.881	-17.75	
535.081	55.98	
535.281	-40.28	
535.481	55.98	
535.682	-52.56	
535.882	51.88	
536.082	25.26	
536.281	-42.32	
536.481	49.83	
536.681	33.45	
536.881	43.69	
537.081	35.5	
537.281	23.21	
537.481	-21.85	
537.681	-52.56	
537.881	-3.41	
538.081	-101.72	
538.281	17.07	
538.48	-25.94	
538.68	41.64	
538.88	-13.65	
539.08	66.22	
539.28	72.36	
539.479	-25.94	
539.679	19.11	
539.879	131.75	
540.079	-64.85	
540.278	21.16	
540.478	17.07	
540.678	121.51	
540.877	-97.62	
541.077	-21.85	
541.277	70.31	
541.476	-52.56	
541.676	78.51	
541.876	84.65	
542.075	72.36	
542.275	53.93	
542.474	-50.52	
542.674	-38.23	
542.874	-21.85	
543.073	-21.85	
543.273	29.35	
543.472	33.45	
543.672	37.55	
543.871	49.83	
544.071	2.73	
544.27	17.07	
544.47	12.97	
544.669	62.12	
544.868	-48.47	
545.068	-13.65	
545.267	6.83	
545.467	27.31	
545.666	66.22	
545.865	148.14	
546.065	-15.7	
546.264	-48.47	
546.463	-23.89	
546.663	21.16	
546.862	10.92	
547.061	82.6	
547.261	78.51	
547.46	-9.56	
547.659	29.35	
547.858	25.26	
548.058	-9.56	
548.257	53.93	
548.456	-1.37	
548.655	-44.37	
548.854	-56.66	
549.053	17.07	
549.253	88.75	
549.452	41.64	
549.651	-40.28	
549.85	25.26	
550.049	41.64	
550.248	35.5	
550.447	17.07	
550.646	-52.56	
550.845	35.5	
551.044	27.31	
551.243	137.9	
551.442	39.59	
551.641	-122.2	
551.84	-87.38	
552.039	25.26	
552.238	47.79	
552.437	92.84	
552.636	-71	
552.835	-13.65	
553.034	-1.37	
553.233	2.73	
553.432	19.11	
553.63	74.41	
553.829	-19.8	
554.028	-54.61	
554.227	98.99	
554.426	-15.7	
554.625	-44.37	
554.823	-3.41	
555.022	37.55	
555.221	31.4	
555.42	53.93	
555.618	92.84	
555.817	-27.99	
556.016	107.18	
556.214	-40.28	
556.413	-19.8	
556.612	29.35	
556.81	4.78	
557.009	2.73	
557.208	8.87	
557.406	-5.46	
557.605	2.73	
557.803	-13.65	
558.002	-60.76	
558.201	60.07	
558.399	2.73	
558.598	-13.65	
558.796	-40.28	
558.995	-103.76	
559.193	31.4	
559.392	-3.41	
559.59	39.59	
559.789	-27.99	
559.987	12.97	
560.185	68.27	
560.384	64.17	
560.582	-25.94	
560.781	-109.91	
560.979	-38.23	
561.177	12.97	
561.376	21.16	
561.574	-64.85	
561.772	19.11	
561.971	90.79	
562.169	-89.43	
562.367	23.21	
562.566	19.11	
562.764	-75.09	
562.962	-48.47	
563.16	-56.66	
563.358	-38.23	
563.557	-40.28	
563.755	64.17	
563.953	49.83	
564.151	-15.7	
564.349	-60.76	
564.547	-52.56	
564.746	2.73	
564.944	82.6	
565.142	-5.46	
565.34	31.4	
565.538	4.78	
565.736	-32.08	
565.934	-52.56	
566.132	0.68	
566.33	-105.81	
566.528	-58.71	
566.726	-11.61	
566.924	19.11	
567.122	-27.99	
567.32	-27.99	
567.518	-56.66	
567.716	-95.57	
567.914	-3.41	
568.112	-19.8	
568.31	-7.51	
568.507	-71	
568.705	-30.04	
568.903	-25.94	
569.101	-34.13	
569.299	-7.51	
569.497	-15.7	
569.694	78.51	
569.892	29.35	
570.09	6.83	
570.288	-27.99	
570.486	-1.37	
570.683	35.5	
570.881	0.68	
571.079	-46.42	
571.276	-25.94	
571.474	-46.42	
571.672	58.03	
571.869	-48.47	
572.067	-50.52	
572.265	43.69	
572.462	-71	
572.66	109.22	
572.857	60.07	
573.055	0.68	
573.253	17.07	
573.45	84.65	
573.648	-25.94	
573.845	-40.28	
574.043	-13.65	
574.24	-15.7	
574.438	-40.28	
574.635	-62.8	
574.832	-122.2	
575.03	-62.8	
575.227	-46.42	
575.425	-11.61	
575.622	164.52	
575.82	-32.08	
576.017	-54.61	
576.214	-32.08	
576.412	21.16	
576.609	10.92	
576.806	80.55	
577.004	-116.05	
577.201	-87.38	
577.398	-38.23	
577.595	33.45	
577.793	107.18	
577.99	88.75	
578.187	-56.66	
578.384	-7.51	
578.582	27.31	
578.779	10.92	
578.976	-17.75	
579.173	10.92	
579.37	23.21	
579.567	96.94	
579.764	-23.89	
579.962	25.26	
580.159	-62.8	
580.356	-36.18	
580.553	-79.19	
580.75	53.93	
580.947	6.83	
581.144	0.68	
581.341	-17.75	
581.538	115.37	
581.735	0.68	
581.932	0.68	
582.129	-52.56	
582.326	10.92	
582.523	-44.37	
582.72	31.4	
582.916	2.73	
583.113	-17.75	
583.31	-42.32	
583.507	-54.61	
583.704	-42.32	
583.901	82.6	
584.098	8.87	
584.294	60.07	
584.491	-48.47	
584.688	27.31	
584.885	-30.04	
585.082	17.07	
585.278	-9.56	
585.475	58.03	
585.672	31.4	
585.868	-17.75	
586.065	-114	
586.262	-46.42	
586.458	-30.04	
586.655	-50.52	
586.852	23.21	
587.048	43.69	
587.245	-73.04	
587.442	-5.46	
587.638	-30.04	
587.835	31.4	
588.031	-62.8	
588.228	10.92	
588.424	8.87	
588.621	-7.51	
588.817	-62.8	
589.014	-60.76	
589.21	23.21	
589.407	55.98	
589.603	-38.23	
589.8	25.26	
589.996	-44.37	
590.192	-5.46	
590.389	25.26	
590.585	-77.14	
590.782	-3.41	
590.978	-34.13	
591.174	-87.38	
591.371	47.79	
591.567	-34.13	
591.763	21.16	
591.959	-27.99	
592.156	-81.24	
592.352	0.68	
592.548	39.59	
592.744	-7.51	
592.941	-23.89	
593.137	-13.65	
593.333	-79.19	
593.529	10.92	
593.725	-34.13	
593.922	92.84	
594.118	88.75	
594.314	-103.76	
594.51	-79.19	
594.706	-75.09	
594.902	84.65	
595.098	-64.85	
595.294	86.7	
595.49	74.41	
595.686	-32.08	
595.882	-17.75	
596.078	41.64	
596.274	-1.37	
596.47	47.79	
596.666	-1.37	
596.862	-50.52	
597.058	12.97	
597.254	-32.08	
597.45	-7.51	
597.646	8.87	
597.842	-87.38	
598.037	53.93	
598.233	-23.89	
598.429	55.98	
598.625	27.31	
598.821	60.07	
599.017	-66.9	
599.212	72.36	
599.408	-30.04	
599.604	8.87	
599.8	53.93	
599.995	-73.04	
600.191	8.87	
600.387	17.07	
600.582	4.78	
600.778	-21.85	
600.974	-46.42	
601.169	-13.65	
601.365	43.69	
601.561	19.11	
601.756	-56.66	
601.952	-120.15	
602.147	-77.14	
602.343	-50.52	
602.538	-17.75	
602.734	-126.29	
602.93	25.26	
603.125	-30.04	
603.321	19.11	
603.516	-21.85	
603.711	4.78	
603.907	23.21	
604.102	43.69	
604.298	15.02	
604.493	-73.04	
604.689	41.64	
604.884	29.35	
605.079	8.87	
605.275	10.92	
605.47	92.84	
605.665	-56.66	
605.861	17.07	
606.056	15.02	
606.251	33.45	
606.447	-50.52	
606.642	-130.39	
606.837	-44.37	
607.032	-15.7	
607.227	-79.19	
607.423	25.26	
607.618	8.87	
607.813	45.74	
608.008	-81.24	
608.203	-42.32	
608.398	-64.85	
608.594	51.88	
608.789	-11.61	
608.984	-17.75	
609.179	-38.23	
609.374	12.97	
609.569	-48.47	
609.764	-23.89	
609.959	-11.61	
610.154	47.79	
610.349	-11.61	
610.544	45.74	
610.739	8.87	
610.934	39.59	
611.129	-46.42	
611.324	35.5	
611.519	-23.89	
611.714	15.02	
611.909	60.07	
612.103	92.84	
612.298	-54.61	
612.493	191.14	
612.688	29.35	
612.883	6.83	
613.078	-52.56	
613.272	-5.46	
613.467	58.03	
613.662	31.4	
613.857	-21.85	
614.051	2.73	
614.246	55.98	
614.441	117.42	
614.635	21.16	
614.83	-40.28	
615.025	-23.89	
615.219	-7.51	
615.414	-13.65	
615.609	-3.41	
615.803	-5.46	
615.998	-9.56	
616.192	15.02	
616.387	15.02	
616.582	-5.46	
616.776	-38.23	
616.971	33.45	
617.165	47.79	
617.36	86.7	
617.554	-101.72	
617.749	-48.47	
617.943	41.64	
618.138	27.31	
618.332	37.55	
618.526	-15.7	
618.721	-27.99	
618.915	-32.08	
619.11	2.73	
619.304	43.69	
619.498	45.74	
619.693	-71	
619.887	-7.51	
620.081	33.45	
620.275	-40.28	
620.47	55.98	
620.664	10.92	
620.858	35.5	
621.052	51.88	
621.247	-36.18	
621.441	23.21	
621.635	-11.61	
621.829	-32.08	
622.023	-71	
622.218	25.26	
622.412	-46.42	
622.606	-1.37	
622.8	-5.46	
622.994	64.17	
623.188	66.22	
623.382	21.16	
623.576	-30.04	
623.77	-27.99	
623.964	-32.08	
624.158	-13.65	
624.352	27.31	
624.546	-7.51	
624.74	-60.76	
624.934	12.97	
625.128	62.12	
625.322	37.55	
625.516	0.68	
625.71	2.73	
625.904	-11.61	
626.098	-83.28	
626.291	-46.42	
626.485	98.99	
626.679	-23.89	
626.873	-101.72	
627.067	39.59	
627.26	101.03	
627.454	-54.61	
627.648	49.83	
627.842	35.5	
628.035	-19.8	
628.229	-40.28	
628.423	-89.43	
628.617	19.11	
628.81	-46.42	
629.004	25.26	
629.198	-17.75	
629.391	-34.13	
629.585	21.16	
629.778	-103.76	
629.972	12.97	
630.166	10.92	
630.359	-50.52	
630.553	-17.75	
630.746	-58.71	
630.94	-11.61	
631.133	2.73	
631.327	0.68	
631.52	-73.04	
631.714	-44.37	
631.907	19.11	
632.1	-79.19	
632.294	-21.85	
632.487	37.55	
632.681	-27.99	
632.874	-83.28	
633.067	-21.85	
633.261	21.16	
633.454	27.31	
633.647	-73.04	
633.841	-40.28	
634.034	-15.7	
634.227	-21.85	
634.421	62.12	
634.614	-79.19	
634.807	-34.13	
635	43.69	
635.193	-25.94	
635.387	-34.13	
635.58	6.83	
635.773	-15.7	
635.966	-120.15	
636.159	0.68	
636.352	-71	
636.545	-13.65	
636.739	-144.72	
636.932	-66.9	
637.125	-103.76	
637.318	-17.75	
637.511	-7.51	
637.704	-56.66	
637.897	4.78	
638.09	-75.09	
638.283	35.5	
638.476	-56.66	
638.669	-66.9	
638.862	4.78	
639.055	-15.7	
639.247	-30.04	
639.44	-89.43	
639.633	45.74	
639.826	-85.33	
640.019	45.74	
640.212	25.26	
640.405	-34.13	
640.597	-11.61	
640.79	12.97	
640.983	-32.08	
641.176	82.6	
641.368	-27.99	
641.561	-7.51	
641.754	82.6	
641.947	-30.04	
642.139	37.55	
642.332	2.73	
642.525	6.83	
642.717	-19.8	
642.91	-23.89	
643.103	0.68	
643.295	4.78	
643.488	-36.18	
643.68	0.68	
643.873	33.45	
644.065	-32.08	
644.258	2.73	
644.45	-25.94	
644.643	58.03	
644.835	-30.04	
645.028	60.07	
645.22	-40.28	
645.413	-23.89	
645.605	-107.86	
645.798	-60.76	
645.99	10.92	
646.182	-15.7	
646.375	47.79	
646.567	27.31	
646.76	-25.94	
646.952	-73.04	
647.144	12.97	
647.337	62.12	
647.529	-48.47	
647.721	-54.61	
647.913	-46.42	
648.106	35.5	
648.298	-42.32	
648.49	-89.43	
648.682	-79.19	
648.874	-71	
649.067	-21.85	
649.259	6.83	
649.451	51.88	
649.643	-30.04	
649.835	-23.89	
650.027	-62.8	
650.219	68.27	
650.411	4.78	
650.603	-91.48	
650.796	-38.23	
650.988	-25.94	
651.18	53.93	
651.372	-32.08	
651.564	72.36	
651.756	41.64	
651.948	-7.51	
652.139	-54.61	
652.331	-13.65	
652.523	-126.29	
652.715	-66.9	
652.907	-40.28	
653.099	-48.47	
653.291	-38.23	
653.483	-56.66	
653.674	-25.94	
653.866	33.45	
654.058	84.65	
654.25	-3.41	
654.442	17.07	
654.633	-34.13	
654.825	-85.33	
655.017	29.35	
655.209	-50.52	
655.4	21.16	
655.592	-111.96	
655.784	-68.95	
655.975	-95.57	
656.167	41.64	
656.359	-23.89	
656.55	17.07	
656.742	23.21	
656.933	0.68	
657.125	-23.89	
657.316	103.08	
657.508	-75.09	
657.7	-5.46	
657.891	-21.85	
658.083	45.74	
658.274	-68.95	
658.466	-7.51	
658.657	-11.61	
658.848	-48.47	
659.04	43.69	
659.231	-48.47	
659.423	49.83	
659.614	-54.61	
659.805	10.92	
659.997	-5.46	
660.188	21.16	
660.379	0.68	
660.571	-54.61	
660.762	-15.7	
660.953	29.35	
661.145	-25.94	
661.336	-1.37	
661.527	-32.08	
661.718	-87.38	
661.909	363.17	
662.101	25.26	
662.292	-11.61	
662.483	-17.75	
662.674	-9.56	
662.865	-44.37	
663.056	-93.52	
663.247	15.02	
663.439	-79.19	
663.63	-97.62	
663.821	29.35	
664.012	-48.47	
664.203	2.73	
664.394	19.11	
664.585	-27.99	
664.776	37.55	
664.967	6.83	
665.158	-21.85	
665.349	23.21	
665.54	-21.85	
665.73	-23.89	
665.921	-25.94	
666.112	58.03	
666.303	-97.62	
666.494	2.73	
666.685	74.41	
666.876	133.8	
667.066	-40.28	
667.257	49.83	
667.448	-81.24	
667.639	33.45	
667.83	-105.81	
668.02	-38.23	
668.211	51.88	
668.402	37.55	
668.592	0.68	
668.783	-50.52	
668.974	-79.19	
669.164	-27.99	
669.355	-56.66	
669.546	21.16	
669.736	-21.85	
669.927	45.74	
670.117	-48.47	
670.308	39.59	
670.499	-120.15	
670.689	41.64	
670.88	-40.28	
671.07	-5.46	
671.261	-111.96	
671.451	-19.8	
671.641	-66.9	
671.832	-30.04	
672.022	-89.43	
672.213	10.92	
672.403	-66.9	
672.594	-50.52	
672.784	-1.37	
672.974	47.79	
673.165	8.87	
673.355	-85.33	
673.545	-73.04	
673.736	2.73	
673.926	-40.28	
674.116	92.84	
674.306	-136.53	
674.497	17.07	
674.687	-91.48	
674.877	-44.37	
675.067	64.17	
675.257	-85.33	
675.448	-48.47	
675.638	-13.65	
675.828	-46.42	
676.018	-5.46	
676.208	-68.95	
676.398	39.59	
676.588	41.64	
676.778	-11.61	
676.968	-64.85	
677.158	-38.23	
677.348	-15.7	
677.538	-9.56	
677.728	-154.96	
677.918	-118.1	
678.108	35.5	
678.298	-15.7	
678.488	-15.7	
678.678	37.55	
678.868	-25.94	
679.058	-32.08	
679.248	-85.33	
679.438	-52.56	
679.627	-46.42	
679.817	-13.65	
680.007	-34.13	
680.197	53.93	
680.387	25.26	
680.576	-54.61	
680.766	8.87	
680.956	43.69	
681.146	-68.95	
681.335	-99.67	
681.525	6.83	
681.715	-46.42	
681.904	-101.72	
682.094	-21.85	
682.284	35.5	
682.473	109.22	
682.663	-66.9	
682.852	-11.61	
683.042	17.07	
683.231	-81.24	
683.421	-50.52	
683.61	12.97	
683.8	-56.66	
683.989	-44.37	
684.179	-38.23	
684.368	-3.41	
684.558	-1.37	
684.747	-34.13	
684.937	-68.95	
685.126	-23.89	
685.316	-130.39	
685.505	17.07	
685.694	-7.51	
685.884	-40.28	
686.073	27.31	
686.262	-9.56	
686.452	-54.61	
686.641	-52.56	
686.83	10.92	
687.019	-5.46	
687.209	-13.65	
687.398	2.73	
687.587	-81.24	
687.776	51.88	
687.965	-13.65	
688.155	-103.76	
688.344	-48.47	
688.533	-15.7	
688.722	25.26	
688.911	-21.85	
689.1	-87.38	
689.289	55.98	
689.478	51.88	
689.667	8.87	
689.856	23.21	
690.045	0.68	
690.234	-159.06	
690.423	-32.08	
690.612	-48.47	
690.801	27.31	
690.99	-52.56	
691.179	43.69	
691.368	25.26	
691.557	-79.19	
691.746	45.74	
691.935	-48.47	
692.124	-64.85	
692.312	-11.61	
692.501	-56.66	
692.69	23.21	
692.879	-46.42	
693.068	-62.8	
693.256	-46.42	
693.445	-71	
693.634	58.03	
693.823	17.07	
694.011	-99.67	
694.2	10.92	
694.389	-17.75	
694.577	-32.08	
694.766	-11.61	
694.955	-62.8	
695.143	-38.23	
695.332	-48.47	
695.52	15.02	
695.709	27.31	
695.897	35.5	
696.086	27.31	
696.275	2.73	
696.463	-56.66	
696.652	-11.61	
696.84	27.31	
697.028	-128.34	
697.217	-21.85	
697.405	-27.99	
697.594	35.5	
697.782	2.73	
697.971	-48.47	
698.159	-97.62	
698.347	-32.08	
698.536	-5.46	
698.724	2.73	
698.912	-73.04	
699.1	55.98	
699.289	-58.71	
699.477	33.45	
699.665	-66.9	
699.854	2.73	
700.042	8.87	
700.23	10.92	
700.418	-52.56	
700.606	-38.23	
700.794	-32.08	
700.983	-87.38	
701.171	31.4	
701.359	8.87	
701.547	-48.47	
701.735	-34.13	
701.923	8.87	
702.111	37.55	
702.299	-34.13	
702.487	-30.04	
702.675	-148.82	
702.863	41.64	
703.051	-46.42	
703.239	-34.13	
703.427	-21.85	
703.615	25.26	
703.803	-34.13	
703.991	-46.42	
704.179	-95.57	
704.367	-7.51	
704.554	45.74	
704.742	62.12	
704.93	-23.89	
705.118	-89.43	
705.306	25.26	
705.493	-13.65	
705.681	-93.52	
705.869	21.16	
706.057	-95.57	
706.244	101.03	
706.432	-62.8	
706.62	0.68	
706.807	27.31	
706.995	53.93	
707.183	-91.48	
707.37	19.11	
707.558	2.73	
707.746	27.31	
707.933	21.16	
708.121	-62.8	
708.308	62.12	
708.496	111.27	
708.683	10.92	
708.871	-19.8	
709.058	-95.57	
709.246	49.83	
709.433	-21.85	
709.621	2.73	
709.808	-52.56	
709.995	-40.28	
710.183	43.69	
710.37	6.83	
710.558	-27.99	
710.745	10.92	
710.932	17.07	
711.12	51.88	
711.307	-9.56	
711.494	53.93	
711.681	-79.19	
711.869	31.4	
712.056	25.26	
712.243	0.68	
712.43	-68.95	
712.618	58.03	
712.805	-54.61	
712.992	2.73	
713.179	-87.38	
713.366	31.4	
713.553	-38.23	
713.74	45.74	
713.928	45.74	
714.115	-25.94	
714.302	-128.34	
714.489	0.68	
714.676	-52.56	
714.863	51.88	
715.05	-68.95	
715.237	51.88	
715.424	-87.38	
715.611	-71	
715.798	-56.66	
715.984	-52.56	
716.171	10.92	
716.358	2.73	
716.545	-40.28	
716.732	-32.08	
716.919	-48.47	
717.106	-7.51	
717.293	-54.61	
717.479	-83.28	
717.666	-25.94	
717.853	-19.8	
718.04	-93.52	
718.226	-11.61	
718.413	-60.76	
718.6	51.88	
718.786	-54.61	
718.973	-30.04	
719.16	-7.51	
719.346	-66.9	
719.533	-56.66	
719.72	-36.18	
719.906	-103.76	
720.093	53.93	
720.279	-21.85	
720.466	-44.37	
720.652	-30.04	
720.839	10.92	
721.025	49.83	
721.212	21.16	
721.398	17.07	
721.585	58.03	
721.771	-79.19	
721.958	35.5	
722.144	-21.85	
722.331	-54.61	
722.517	-13.65	
722.703	-64.85	
722.89	-122.2	
723.076	39.59	
723.262	-101.72	
723.449	41.64	
723.635	-5.46	
723.821	-97.62	
724.007	-40.28	
724.194	-21.85	
724.38	-21.85	
724.566	2.73	
724.752	-138.58	
724.938	-56.66	
725.125	37.55	
725.311	49.83	
725.497	23.21	
725.683	101.03	
725.869	0.68	
726.055	-89.43	
726.241	-56.66	
726.427	-36.18	
726.613	-62.8	
726.799	-73.04	
726.985	-21.85	
727.171	125.61	
727.357	-73.04	
727.543	68.27	
727.729	6.83	
727.915	-5.46	
728.101	-30.04	
728.287	-77.14	
728.473	-36.18	
728.659	-52.56	
728.845	6.83	
729.03	-62.8	
729.216	-154.96	
729.402	-56.66	
729.588	8.87	
729.774	-62.8	
729.959	-64.85	
730.145	-93.52	
730.331	-42.32	
730.517	98.99	
730.702	-5.46	
730.888	-34.13	
731.074	-48.47	
731.259	-23.89	
731.445	-71	
731.63	25.26	
731.816	-27.99	
732.002	-46.42	
732.187	-89.43	
732.373	37.55	
732.558	144.04	
732.744	-85.33	
732.929	47.79	
733.115	33.45	
733.3	-46.42	
733.486	-21.85	
733.671	-56.66	
733.857	-19.8	
734.042	-48.47	
734.227	51.88	
734.413	-32.08	
734.598	-97.62	
734.784	103.08	
734.969	-11.61	
735.154	0.68	
735.339	-46.42	
735.525	-38.23	
735.71	27.31	
735.895	53.93	
736.081	-56.66	
736.266	-60.76	
736.451	-71	
736.636	-30.04	
736.821	-89.43	
737.007	43.69	
737.192	-27.99	
737.377	-138.58	
737.562	-7.51	
737.747	-17.75	
737.932	-19.8	
738.117	-64.85	
738.302	-13.65	
738.487	0.68	
738.672	-11.61	
738.857	-54.61	
739.042	-81.24	
739.227	-38.23	
739.412	49.83	
739.597	-19.8	
739.782	-48.47	
739.967	-85.33	
740.152	-15.7	
740.337	-68.95	
740.522	68.27	
740.706	12.97	
740.891	-30.04	
741.076	33.45	
741.261	76.46	
741.446	27.31	
741.63	23.21	
741.815	-5.46	
742	2.73	
742.185	49.83	
742.369	-44.37	
742.554	-27.99	
742.739	-68.95	
742.923	-62.8	
743.108	41.64	
743.293	-23.89	
743.477	-1.37	
743.662	-7.51	
743.846	-73.04	
744.031	-44.37	
744.216	2.73	
744.4	78.51	
744.585	-27.99	
744.769	-7.51	
744.954	-38.23	
745.138	15.02	
745.322	-58.71	
745.507	-89.43	
745.691	-32.08	
745.876	-64.85	
746.06	31.4	
746.244	-50.52	
746.429	74.41	
746.613	-13.65	
746.798	10.92	
746.982	-30.04	
747.166	-25.94	
747.35	-64.85	
747.535	-13.65	
747.719	-30.04	
747.903	-38.23	
748.087	10.92	
748.272	125.61	
748.456	-54.61	
748.64	-68.95	
748.824	-38.23	
749.008	-5.46	
749.192	-7.51	
749.376	2.73	
749.56	-79.19	
749.745	6.83	
749.929	-36.18	
750.113	-5.46	
750.297	41.64	
750.481	-23.89	
750.665	-38.23	
750.849	-7.51	
751.033	-32.08	
751.217	-30.04	
751.4	-15.7	
751.584	-114	
751.768	0.68	
751.952	-75.09	
752.136	41.64	
752.32	-73.04	
752.504	-38.23	
752.688	-23.89	
752.871	-38.23	
753.055	-42.32	
753.239	-5.46	
753.423	-50.52	
753.606	-46.42	
753.79	35.5	
753.974	-111.96	
754.157	-34.13	
754.341	-7.51	
754.525	-40.28	
754.708	-87.38	
754.892	-89.43	
755.076	-17.75	
755.259	-38.23	
755.443	43.69	
755.626	-93.52	
755.81	-64.85	
755.993	-9.56	
756.177	-40.28	
756.36	0.68	
756.544	-105.81	
756.727	8.87	
756.911	-93.52	
757.094	-7.51	
757.278	-19.8	
757.461	19.11	
757.644	-1.37	
757.828	-7.51	
758.011	-30.04	
758.195	12.97	
758.378	-5.46	
758.561	-89.43	
758.744	-23.89	
758.928	-73.04	
759.111	-60.76	
759.294	94.89	
759.477	4.78	
759.661	-5.46	
759.844	27.31	
760.027	96.94	
760.21	-27.99	
760.393	19.11	
760.576	-32.08	
760.76	98.99	
760.943	47.79	
761.126	-79.19	
761.309	-46.42	
761.492	49.83	
761.675	74.41	
761.858	-23.89	
762.041	-15.7	
762.224	62.12	
762.407	-89.43	
762.59	-97.62	
762.773	-52.56	
762.956	-5.46	
763.139	-58.71	
763.321	-71	
763.504	-27.99	
763.687	-64.85	
763.87	-48.47	
764.053	-27.99	
764.236	-79.19	
764.418	23.21	
764.601	-73.04	
764.784	2.73	
764.967	-38.23	
765.149	-17.75	
765.332	-79.19	
765.515	-44.37	
765.697	-7.51	
765.88	-44.37	
766.063	-38.23	
766.245	-30.04	
766.428	-95.57	
766.611	-38.23	
766.793	21.16	
766.976	17.07	
767.158	-13.65	
767.341	0.68	
767.523	-36.18	
767.706	31.4	
767.888	-23.89	
768.071	-21.85	
768.253	15.02	
768.436	60.07	
768.618	-62.8	
768.8	-11.61	
768.983	-44.37	
769.165	101.03	
769.348	21.16	
769.53	-5.46	
769.712	-107.86	
769.895	-1.37	
770.077	-5.46	
770.259	-114	
770.441	-21.85	
770.624	35.5	
770.806	-32.08	
770.988	2.73	
771.17	15.02	
771.352	-36.18	
771.535	-13.65	
771.717	-11.61	
771.899	31.4	
772.081	15.02	
772.263	-64.85	
772.445	96.94	
772.627	-42.32	
772.809	45.74	
772.991	-103.76	
773.173	-30.04	
773.355	-50.52	
773.537	43.69	
773.719	25.26	
773.901	-32.08	
774.083	-105.81	
774.265	51.88	
774.447	8.87	
774.629	-48.47	
774.811	-48.47	
774.992	-34.13	
775.174	43.69	
775.356	-42.32	
775.538	-130.39	
775.72	19.11	
775.901	-7.51	
776.083	-56.66	
776.265	-38.23	
776.447	-68.95	
776.628	29.35	
776.81	-17.75	
776.992	37.55	
777.173	-58.71	
777.355	-3.41	
777.537	-68.95	
777.718	-38.23	
777.9	66.22	
778.081	27.31	
778.263	58.03	
778.444	-68.95	
778.626	-11.61	
778.807	-27.99	
778.989	-68.95	
779.17	-68.95	
779.352	-19.8	
779.533	-83.28	
779.715	-140.63	
779.896	-17.75	
780.078	41.64	
780.259	4.78	
780.44	31.4	
780.622	-48.47	
780.803	-89.43	
780.984	-40.28	
781.166	33.45	
781.347	-71	
781.528	-32.08	
781.709	-62.8	
781.891	39.59	
782.072	-21.85	
782.253	-68.95	
782.434	76.46	
782.615	49.83	
782.796	-38.23	
782.978	-40.28	
783.159	-15.7	
783.34	-9.56	
783.521	-13.65	
783.702	66.22	
783.883	25.26	
784.064	4.78	
784.245	29.35	
784.426	66.22	
784.607	-105.81	
784.788	8.87	
784.969	-60.76	
785.15	2.73	
785.331	-97.62	
785.512	8.87	
785.692	-85.33	
785.873	64.17	
786.054	-21.85	
786.235	80.55	
786.416	-13.65	
786.597	-23.89	
786.777	23.21	
786.958	-38.23	
787.139	-73.04	
787.32	15.02	
787.5	-11.61	
787.681	33.45	
787.862	10.92	
788.042	-103.76	
788.223	-27.99	
788.404	43.69	
788.584	60.07	
788.765	-120.15	
788.946	-62.8	
789.126	49.83	
789.307	-21.85	
789.487	-89.43	
789.668	86.7	
789.848	121.51	
790.029	-9.56	
790.209	-34.13	
790.39	-134.48	
790.57	8.87	
790.75	-85.33	
790.931	-77.14	
791.111	33.45	
791.292	8.87	
791.472	-85.33	
791.652	90.79	
791.833	-15.7	
792.013	66.22	
792.193	-64.85	
792.373	58.03	
792.554	-75.09	
792.734	17.07	
792.914	-40.28	
793.094	-62.8	
793.275	-42.32	
793.455	-5.46	
793.635	-13.65	
793.815	-27.99	
793.995	29.35	
794.175	-56.66	
794.355	-79.19	
794.535	27.31	
794.715	19.11	
794.896	17.07	
795.076	-3.41	
795.256	12.97	
795.436	0.68	
795.616	-13.65	
795.795	-54.61	
795.975	-38.23	
796.155	-17.75	
796.335	0.68	
796.515	-15.7	
796.695	19.11	
796.875	21.16	
797.055	64.17	
797.234	29.35	
797.414	33.45	
797.594	51.88	
797.774	-52.56	
797.954	-11.61	
798.133	-56.66	
798.313	-79.19	
798.493	19.11	
798.672	-19.8	
798.852	25.26	
799.032	-40.28	
799.211	-38.23	
799.391	-68.95	
799.571	-38.23	
799.75	-134.48	
799.93	-52.56	
800.109	-11.61	
800.289	41.64	
800.468	66.22	
800.648	-30.04	
800.827	-9.56	
801.007	-11.61	
801.186	0.68	
801.366	-40.28	
801.545	-89.43	
801.725	-60.76	
801.904	19.11	
802.083	90.79	
802.263	-66.9	
802.442	-40.28	
802.621	2.73	
802.801	135.85	
802.98	-58.71	
803.159	25.26	
803.338	-13.65	
803.518	-17.75	
803.697	-36.18	
803.876	94.89	
804.055	-48.47	
804.235	-17.75	
804.414	-9.56	
804.593	68.27	
804.772	-1.37	
804.951	-36.18	
805.13	-48.47	
805.309	10.92	
805.488	-83.28	
805.667	-75.09	
805.846	17.07	
806.025	-27.99	
806.204	31.4	
806.383	0.68	
806.562	43.69	
806.741	-56.66	
806.92	-19.8	
807.099	27.31	
807.278	96.94	
807.457	-9.56	
807.636	-40.28	
807.814	-46.42	
807.993	27.31	
808.172	55.98	
808.351	25.26	
808.53	-32.08	
808.708	-85.33	
808.887	-60.76	
809.066	-56.66	
809.244	6.83	
809.423	15.02	
809.602	10.92	
809.78	-52.56	
809.959	-17.75	
810.138	8.87	
810.316	-25.94	
810.495	10.92	
810.673	-23.89	
810.852	-13.65	
811.03	-79.19	
811.209	0.68	
811.388	17.07	
811.566	78.51	
811.744	-56.66	
811.923	70.31	
812.101	-15.7	
812.28	-54.61	
812.458	-48.47	
812.637	74.41	
812.815	84.65	
812.993	-56.66	
813.172	2.73	
813.35	68.27	
813.528	41.64	
813.706	-66.9	
813.885	-32.08	
814.063	-23.89	
814.241	58.03	
814.419	-71	
814.598	0.68	
814.776	90.79	
814.954	45.74	
815.132	-1.37	
815.31	0.68	
815.488	-40.28	
815.666	55.98	
815.844	-101.72	
816.022	-36.18	
816.201	-23.89	
816.379	-42.32	
816.557	-120.15	
816.735	31.4	
816.913	53.93	
817.09	-21.85	
817.268	17.07	
817.446	51.88	
817.624	-11.61	
817.802	35.5	
817.98	-99.67	
818.158	94.89	
818.336	-44.37	
818.514	29.35	
818.691	-83.28	
818.869	35.5	
819.047	17.07	
819.225	-17.75	
819.402	-46.42	
819.58	-34.13	
819.758	-87.38	
819.935	125.61	
820.113	45.74	
820.291	15.02	
820.468	-64.85	
820.646	-62.8	
820.824	-46.42	
821.001	39.59	
821.179	27.31	
821.356	58.03	
821.534	-7.51	
821.711	4.78	
821.889	-56.66	
822.066	-21.85	
822.244	19.11	
822.421	-27.99	
822.599	-46.42	
822.776	6.83	
822.953	70.31	
823.131	-3.41	
823.308	-52.56	
823.486	-81.24	
823.663	-40.28	
823.84	45.74	
824.017	-40.28	
824.195	8.87	
824.372	-58.71	
824.549	2.73	
824.726	-11.61	
824.904	92.84	
825.081	35.5	
825.258	-128.34	
825.435	82.6	
825.612	-52.56	
825.789	-89.43	
825.967	72.36	
826.144	-79.19	
826.321	47.79	
826.498	21.16	
826.675	80.55	
826.852	-32.08	
827.029	-13.65	
827.206	-116.05	
827.383	-3.41	
827.56	-17.75	
827.737	33.45	
827.914	-46.42	
828.09	-79.19	
828.267	47.79	
828.444	-71	
828.621	43.69	
828.798	41.64	
828.975	-32.08	
829.151	64.17	
829.328	-79.19	
829.505	-85.33	
829.682	29.35	
829.858	60.07	
830.035	-23.89	
830.212	-116.05	
830.389	-11.61	
830.565	-81.24	
830.742	-5.46	
830.918	-30.04	
831.095	25.26	
831.272	8.87	
831.448	-48.47	
831.625	25.26	
831.801	-36.18	
831.978	60.07	
832.154	43.69	
832.331	43.69	
832.507	-48.47	
832.684	-21.85	
832.86	-54.61	
833.037	33.45	
833.213	-46.42	
833.389	19.11	
833.566	8.87	
833.742	37.55	
833.918	-42.32	
834.095	-32.08	
834.271	-7.51	
834.447	-154.96	
834.624	-107.86	
834.8	98.99	
834.976	8.87	
835.152	53.93	
835.328	-58.71	
835.505	-42.32	
835.681	-9.56	
835.857	27.31	
836.033	-36.18	
836.209	-77.14	
836.385	-56.66	
836.561	211.62	
836.737	-40.28	
836.913	21.16	
837.089	-7.51	
837.265	-52.56	
837.441	-1.37	
837.617	8.87	
837.793	19.11	
837.969	-44.37	
838.145	27.31	
838.321	41.64	
838.497	-46.42	
838.673	10.92	
838.849	-21.85	
839.025	-15.7	
839.2	-68.95	
839.376	60.07	
839.552	23.21	
839.728	103.08	
839.903	-13.65	
840.079	6.83	
840.255	-11.61	
840.431	4.78	
840.606	-85.33	
840.782	58.03	
840.958	6.83	
841.133	141.99	
841.309	-122.2	
841.484	-44.37	
841.66	-23.89	
841.835	-38.23	
842.011	-62.8	
842.186	-52.56	
842.362	-27.99	
842.537	41.64	
842.713	-77.14	
842.888	2.73	
843.064	-52.56	
843.239	25.26	
843.415	-9.56	
843.59	33.45	
843.765	-5.46	
843.941	15.02	
844.116	15.02	
844.291	-9.56	
844.467	68.27	
844.642	27.31	
844.817	47.79	
844.992	8.87	
845.168	74.41	
845.343	-105.81	
845.518	-46.42	
845.693	123.56	
845.868	-54.61	
846.043	74.41	
846.219	-109.91	
846.394	-58.71	
846.569	0.68	
846.744	55.98	
846.919	-9.56	
847.094	-50.52	
847.269	-30.04	
847.444	66.22	
847.619	-17.75	
847.794	25.26	
847.969	-50.52	
848.144	12.97	
848.319	72.36	
848.494	-13.65	
848.668	17.07	
848.843	82.6	
849.018	21.16	
849.193	37.55	
849.368	10.92	
849.542	19.11	
849.717	-46.42	
849.892	131.75	
850.067	23.21	
850.241	-9.56	
850.416	19.11	
850.591	33.45	
850.765	-75.09	
850.94	82.6	
851.115	-89.43	
851.289	-34.13	
851.464	-66.9	
851.639	8.87	
851.813	29.35	
851.988	-36.18	
852.162	-62.8	
852.337	10.92	
852.511	-11.61	
852.686	-13.65	
852.86	15.02	
853.035	80.55	
853.209	8.87	
853.383	-73.04	
853.558	-56.66	
853.732	86.7	
853.906	-48.47	
854.081	-7.51	
854.255	35.5	
854.429	6.83	
854.604	-34.13	
854.778	-89.43	
854.952	-5.46	
855.126	15.02	
855.301	29.35	
855.475	0.68	
855.649	-44.37	
855.823	-97.62	
855.997	2.73	
856.171	-19.8	
856.345	-30.04	
856.52	23.21	
856.694	-77.14	
856.868	39.59	
857.042	43.69	
857.216	39.59	
857.39	4.78	
857.564	90.79	
857.738	10.92	
857.912	-9.56	
858.085	-17.75	
858.259	-42.32	
858.433	29.35	
858.607	-36.18	
858.781	-50.52	
858.955	-130.39	
859.129	2.73	
859.302	-21.85	
859.476	-7.51	
859.65	27.31	
859.824	-21.85	
859.997	98.99	
860.171	-36.18	
860.345	17.07	
860.519	21.16	
860.692	12.97	
860.866	-15.7	
861.039	25.26	
861.213	-50.52	
861.387	49.83	
861.56	74.41	
861.734	96.94	
861.907	64.17	
862.081	19.11	
862.254	82.6	
862.428	-79.19	
862.601	21.16	
862.775	74.41	
862.948	-11.61	
863.122	55.98	
863.295	127.66	
863.468	-42.32	
863.642	-46.42	
863.815	35.5	
863.988	-48.47	
864.162	-9.56	
864.335	8.87	
864.508	-34.13	
864.682	-34.13	
864.855	15.02	
865.028	43.69	
865.201	-68.95	
865.374	-30.04	
865.548	53.93	
865.721	25.26	
865.894	33.45	
866.067	31.4	
866.24	-5.46	
866.413	-9.56	
866.586	37.55	
866.759	60.07	
866.932	49.83	
867.105	-89.43	
867.278	-30.04	
867.451	0.68	
867.624	-34.13	
867.797	-50.52	
867.97	-44.37	
868.143	-19.8	
868.316	27.31	
868.489	-21.85	
868.661	6.83	
868.834	-64.85	
869.007	-38.23	
869.18	-44.37	
869.353	-13.65	
869.525	12.97	
869.698	8.87	
869.871	-3.41	
870.044	-54.61	
870.216	-54.61	
870.389	-13.65	
870.562	82.6	
870.734	-19.8	
870.907	27.31	
871.079	19.11	
871.252	-7.51	
871.425	25.26	
871.597	-23.89	
871.77	-7.51	
871.942	-111.96	
872.115	101.03	
872.287	15.02	
872.459	-93.52	
872.632	35.5	
872.804	-52.56	
872.977	-9.56	
873.149	80.55	
873.321	-27.99	
873.494	-1.37	
873.666	-52.56	
873.838	0.68	
874.011	-3.41	
874.183	-56.66	
874.355	-7.51	
874.528	33.45	
874.7	-71	
874.872	86.7	
875.044	27.31	
875.216	98.99	
875.388	-5.46	
875.561	55.98	
875.733	29.35	
875.905	-79.19	
876.077	-15.7	
876.249	47.79	
876.421	-38.23	
876.593	64.17	
876.765	-50.52	
876.937	-32.08	
877.109	35.5	
877.281	17.07	
877.453	25.26	
877.625	-21.85	
877.797	-1.37	
877.968	-5.46	
878.14	-46.42	
878.312	-38.23	
878.484	27.31	
878.656	74.41	
878.828	-56.66	
878.999	-19.8	
879.171	-5.46	
879.343	125.61	
879.515	-140.63	
879.686	-79.19	
879.858	0.68	
880.03	-48.47	
880.201	6.83	
880.373	27.31	
880.545	-40.28	
880.716	0.68	
880.888	29.35	
881.059	-21.85	
881.231	141.99	
881.402	-5.46	
881.574	-7.51	
881.745	0.68	
881.917	12.97	
882.088	53.93	
882.26	60.07	
882.431	10.92	
882.602	-25.94	
882.774	86.7	
882.945	-140.63	
883.116	-5.46	
883.288	-23.89	
883.459	-73.04	
883.63	-3.41	
883.802	60.07	
883.973	53.93	
884.144	-48.47	
884.315	4.78	
884.487	-40.28	
884.658	-3.41	
884.829	17.07	
885	47.79	
885.171	25.26	
885.342	10.92	
885.513	-9.56	
885.684	-42.32	
885.855	29.35	
886.026	-64.85	
886.197	-23.89	
886.368	-32.08	
886.539	43.69	
886.71	-25.94	
886.881	6.83	
887.052	-23.89	
887.223	-40.28	
887.394	31.4	
887.565	-36.18	
887.736	-11.61	
887.907	47.79	
888.077	-52.56	
888.248	27.31	
888.419	-9.56	
888.59	2.73	
888.761	25.26	
888.931	-54.61	
889.102	117.42	
889.273	10.92	
889.443	-3.41	
889.614	-13.65	
889.785	-13.65	
889.955	31.4	
890.126	-40.28	
890.296	-36.18	
890.467	-107.86	
890.637	-1.37	
890.808	45.74	
890.978	129.7	
891.149	6.83	
891.319	31.4	
891.49	8.87	
891.66	90.79	
891.831	47.79	
892.001	21.16	
892.172	-9.56	
892.342	25.26	
892.512	-77.14	
892.683	-9.56	
892.853	-52.56	
893.023	49.83	
893.193	-9.56	
893.364	6.83	
893.534	-15.7	
893.704	66.22	
893.874	-13.65	
894.044	123.56	
894.215	82.6	
894.385	17.07	
894.555	-81.24	
894.725	37.55	
894.895	31.4	
895.065	23.21	
895.235	-128.34	
895.405	62.12	
895.575	17.07	
895.745	115.37	
895.915	-7.51	
