177.618	-134.82	
177.836	-134.82	
178.054	-134.82	
178.271	-118.44	
178.489	-190.12	
178.706	12.63	
178.924	67.92	
179.142	-16.04	
179.359	37.2	
179.577	10.58	
179.794	4.44	
180.012	-77.48	
180.229	-11.95	
180.447	-42.67	
180.664	-59.05	
180.882	86.36	
181.1	-11.95	
181.317	-18.09	
181.535	53.59	
181.752	6.49	
181.969	12.63	
182.187	33.11	
182.404	31.06	
182.622	84.31	
182.839	4.44	
183.057	-11.95	
183.274	-3.75	
183.492	-13.99	
183.709	14.68	
183.926	0.34	
184.144	106.84	
184.361	-59.05	
184.579	-3.75	
184.796	-36.52	
185.013	33.11	
185.231	-18.09	
185.448	123.22	
185.666	-42.67	
185.883	72.02	
186.1	18.77	
186.317	14.68	
186.535	67.92	
186.752	41.3	
186.969	47.44	
187.187	51.54	
187.404	-69.29	
187.621	86.36	
187.839	-67.24	
188.056	162.13	
188.273	2.39	
188.49	-38.57	
188.708	69.97	
188.925	88.4	
189.142	-24.23	
189.359	74.07	
189.576	-48.81	
189.794	-73.39	
190.011	-46.76	
190.228	41.3	
190.445	-20.14	
190.662	4.44	
190.879	-16.04	
191.097	37.2	
191.314	72.02	
191.531	22.87	
191.748	-34.47	
191.965	6.49	
192.182	-143.02	
192.399	90.45	
192.616	-3.75	
192.834	12.63	
193.051	37.2	
193.268	57.68	
193.485	-18.09	
193.702	22.87	
193.919	26.96	
194.136	57.68	
194.353	-61.1	
194.57	18.77	
194.787	-34.47	
195.004	41.3	
195.221	-40.62	
195.438	41.3	
195.655	18.77	
195.872	37.2	
196.089	-34.47	
196.306	96.6	
196.523	-48.81	
196.74	22.87	
196.957	-5.8	
197.173	31.06	
197.39	-83.63	
197.607	72.02	
197.824	2.39	
198.041	65.88	
198.258	110.93	
198.475	47.44	
198.692	-42.67	
198.909	-1.71	
199.125	29.01	
199.342	-34.47	
199.559	-18.09	
199.776	39.25	
199.993	-3.75	
200.21	22.87	
200.426	78.16	
200.643	31.06	
200.86	14.68	
201.077	129.36	
201.293	-110.25	
201.51	61.78	
201.727	33.11	
201.944	-104.11	
202.16	-73.39	
202.377	-54.95	
202.594	121.17	
202.811	8.53	
203.027	29.01	
203.244	20.82	
203.461	-36.52	
203.677	-61.1	
203.894	-26.28	
204.111	80.21	
204.327	20.82	
204.544	-7.85	
204.761	41.3	
204.977	-24.23	
205.194	59.73	
205.41	-61.1	
205.627	-22.19	
205.844	69.97	
206.06	8.53	
206.277	26.96	
206.493	59.73	
206.71	59.73	
206.926	-9.9	
207.143	37.2	
207.36	-50.86	
207.576	82.26	
207.793	-44.71	
208.009	155.99	
208.226	-9.9	
208.442	102.74	
208.659	14.68	
208.875	-65.19	
209.092	-54.95	
209.308	-44.71	
209.524	10.58	
209.741	110.93	
209.957	-28.33	
210.174	160.08	
210.39	84.31	
210.607	22.87	
210.823	8.53	
211.039	24.92	
211.256	-79.53	
211.472	-26.28	
211.688	29.01	
211.905	-77.48	
212.121	24.92	
212.338	0.34	
212.554	-130.73	
212.77	-34.47	
212.987	-7.85	
213.203	-26.28	
213.419	39.25	
213.635	-20.14	
213.852	-9.9	
214.068	-32.43	
214.284	8.53	
214.501	-5.8	
214.717	78.16	
214.933	59.73	
215.149	-59.05	
215.365	-5.8	
215.582	-57	
215.798	-69.29	
216.014	-28.33	
216.23	-44.71	
216.447	57.68	
216.663	53.59	
216.879	-5.8	
217.095	22.87	
217.311	-22.19	
217.527	41.3	
217.743	51.54	
217.96	59.73	
218.176	-61.1	
218.392	-81.58	
218.608	76.12	
218.824	-11.95	
219.04	29.01	
219.256	-16.04	
219.472	-36.52	
219.688	4.44	
219.904	49.49	
220.12	-26.28	
220.336	6.49	
220.552	26.96	
220.768	39.25	
220.984	-11.95	
221.2	-1.71	
221.416	24.92	
221.632	-48.81	
221.848	104.79	
222.064	-69.29	
222.28	39.25	
222.496	-52.91	
222.712	-54.95	
222.928	-22.19	
223.144	108.88	
223.36	-42.67	
223.576	104.79	
223.792	4.44	
224.008	35.16	
224.224	47.44	
224.439	53.59	
224.655	94.55	
224.871	24.92	
225.087	-3.75	
225.303	74.07	
225.519	-59.05	
225.734	26.96	
225.95	74.07	
226.166	-11.95	
226.382	14.68	
226.598	119.12	
226.813	-5.8	
227.029	-28.33	
227.245	-16.04	
227.461	4.44	
227.677	20.82	
227.892	61.78	
228.108	39.25	
228.324	84.31	
228.539	-46.76	
228.755	112.98	
228.971	-3.75	
229.186	121.17	
229.402	29.01	
229.618	82.26	
229.833	37.2	
230.049	0.34	
230.265	61.78	
230.48	-34.47	
230.696	-34.47	
230.912	63.83	
231.127	31.06	
231.343	37.2	
231.558	80.21	
231.774	10.58	
231.99	-9.9	
232.205	129.36	
232.421	145.75	
232.636	4.44	
232.852	-18.09	
233.067	-28.33	
233.283	-16.04	
233.498	47.44	
233.714	43.35	
233.929	39.25	
234.145	12.63	
234.36	24.92	
234.576	-67.24	
234.791	63.83	
235.007	-1.71	
235.222	61.78	
235.438	94.55	
235.653	127.32	
235.868	45.4	
236.084	153.94	
236.299	45.4	
236.515	147.8	
236.73	94.55	
236.945	57.68	
237.161	14.68	
237.376	-3.75	
237.592	-42.67	
237.807	84.31	
238.022	-13.99	
238.238	37.2	
238.453	20.82	
238.668	-9.9	
238.883	-30.38	
239.099	14.68	
239.314	-61.1	
239.529	53.59	
239.745	-73.39	
239.96	59.73	
240.175	102.74	
240.39	78.16	
240.605	41.3	
240.821	110.93	
241.036	8.53	
241.251	26.96	
241.466	47.44	
241.681	94.55	
241.897	20.82	
242.112	-26.28	
242.327	12.63	
242.542	12.63	
242.757	20.82	
242.972	84.31	
243.188	51.54	
243.403	37.2	
243.618	-52.91	
243.833	20.82	
244.048	65.88	
244.263	-1.71	
244.478	115.03	
244.693	14.68	
244.908	63.83	
245.123	22.87	
245.338	35.16	
245.553	-77.48	
245.768	35.16	
245.983	-11.95	
246.198	33.11	
246.413	61.78	
246.628	24.92	
246.843	37.2	
247.058	69.97	
247.273	72.02	
247.488	45.4	
247.703	-1.71	
247.918	86.36	
248.133	35.16	
248.348	24.92	
248.563	41.3	
248.778	-26.28	
248.993	108.88	
249.207	-67.24	
249.422	108.88	
249.637	8.53	
249.852	31.06	
250.067	-52.91	
250.282	12.63	
250.496	61.78	
250.711	-44.71	
250.926	-65.19	
251.141	31.06	
251.356	4.44	
251.57	82.26	
251.785	-59.05	
252	47.44	
252.215	14.68	
252.43	-22.19	
252.644	59.73	
252.859	45.4	
253.074	-44.71	
253.288	4.44	
253.503	-46.76	
253.718	-48.81	
253.932	53.59	
254.147	10.58	
254.362	145.75	
254.576	45.4	
254.791	-20.14	
255.006	41.3	
255.22	24.92	
255.435	2.39	
255.65	65.88	
255.864	78.16	
256.079	76.12	
256.293	-18.09	
256.508	-20.14	
256.723	22.87	
256.937	-28.33	
257.152	143.7	
257.366	2.39	
257.581	22.87	
257.795	127.32	
258.01	12.63	
258.224	10.58	
258.439	65.88	
258.653	72.02	
258.868	-28.33	
259.082	14.68	
259.297	45.4	
259.511	12.63	
259.726	55.64	
259.94	-59.05	
260.154	-9.9	
260.369	-50.86	
260.583	-22.19	
260.798	-73.39	
261.012	29.01	
261.226	-50.86	
261.441	119.12	
261.655	-46.76	
261.869	78.16	
262.084	-18.09	
262.298	33.11	
262.512	14.68	
262.727	63.83	
262.941	14.68	
263.155	65.88	
263.37	72.02	
263.584	2.39	
263.798	-18.09	
264.012	47.44	
264.227	-5.8	
264.441	115.03	
264.655	8.53	
264.869	86.36	
265.084	-36.52	
265.298	76.12	
265.512	45.4	
265.726	-26.28	
265.94	-63.15	
266.155	117.08	
266.369	22.87	
266.583	63.83	
266.797	84.31	
267.011	41.3	
267.225	47.44	
267.439	20.82	
267.654	88.4	
267.868	26.96	
268.082	-61.1	
268.296	-20.14	
268.51	-48.81	
268.724	-57	
268.938	-46.76	
269.152	-40.62	
269.366	-18.09	
269.58	90.45	
269.794	-28.33	
270.008	61.78	
270.222	-20.14	
270.436	160.08	
270.65	102.74	
270.864	-124.58	
271.078	74.07	
271.292	74.07	
271.506	100.69	
271.72	61.78	
271.934	12.63	
272.148	-26.28	
272.362	61.78	
272.575	53.59	
272.789	-50.86	
273.003	158.03	
273.217	16.73	
273.431	14.68	
273.645	176.47	
273.859	-32.43	
274.073	45.4	
274.286	55.64	
274.5	88.4	
274.714	-24.23	
274.928	78.16	
275.142	-89.77	
275.355	53.59	
275.569	-13.99	
275.783	-1.71	
275.997	88.4	
276.21	-18.09	
276.424	53.59	
276.638	6.49	
276.852	168.27	
277.065	-63.15	
277.279	8.53	
277.493	-71.34	
277.706	51.54	
277.92	88.4	
278.134	209.23	
278.347	63.83	
278.561	24.92	
278.775	-13.99	
278.988	88.4	
279.202	-11.95	
279.415	-18.09	
279.629	-11.95	
279.843	94.55	
280.056	-34.47	
280.27	53.59	
280.483	100.69	
280.697	26.96	
280.91	-20.14	
281.124	55.64	
281.337	82.26	
281.551	100.69	
281.764	37.2	
281.978	63.83	
282.191	-18.09	
282.405	20.82	
282.618	37.2	
282.832	39.25	
283.045	-52.91	
283.259	-28.33	
283.472	4.44	
283.686	94.55	
283.899	-11.95	
284.112	-3.75	
284.326	35.16	
284.539	-26.28	
284.752	82.26	
284.966	104.79	
285.179	16.73	
285.393	80.21	
285.606	47.44	
285.819	94.55	
286.033	-104.11	
286.246	100.69	
286.459	37.2	
286.672	147.8	
286.886	31.06	
287.099	18.77	
287.312	-42.67	
287.525	55.64	
287.739	-18.09	
287.952	67.92	
288.165	-67.24	
288.378	33.11	
288.592	88.4	
288.805	-11.95	
289.018	-18.09	
289.231	6.49	
289.444	-1.71	
289.657	45.4	
289.871	112.98	
290.084	-34.47	
290.297	53.59	
290.51	0.34	
290.723	158.03	
290.936	45.4	
291.149	-75.43	
291.362	88.4	
291.575	-52.91	
291.789	20.82	
292.002	-30.38	
292.215	69.97	
292.428	45.4	
292.641	74.07	
292.854	-57	
293.067	86.36	
293.28	-32.43	
293.493	24.92	
293.706	86.36	
293.919	37.2	
294.132	-44.71	
294.345	43.35	
294.558	6.49	
294.77	-9.9	
294.983	16.73	
295.196	-30.38	
295.409	-42.67	
295.622	74.07	
295.835	63.83	
296.048	147.8	
296.261	51.54	
296.474	31.06	
296.686	12.63	
296.899	100.69	
297.112	-1.71	
297.325	20.82	
297.538	-20.14	
297.751	33.11	
297.963	53.59	
298.176	41.3	
298.389	47.44	
298.602	22.87	
298.814	104.79	
299.027	69.97	
299.24	227.67	
299.453	51.54	
299.665	65.88	
299.878	137.56	
300.091	-44.71	
300.303	18.77	
300.516	-16.04	
300.729	69.97	
300.941	12.63	
301.154	22.87	
301.367	90.45	
301.579	-50.86	
301.792	8.53	
302.005	78.16	
302.217	88.4	
302.43	72.02	
302.642	53.59	
302.855	24.92	
303.067	-26.28	
303.28	33.11	
303.493	6.49	
303.705	82.26	
303.918	-28.33	
304.13	41.3	
304.343	14.68	
304.555	104.79	
304.768	-18.09	
304.98	129.36	
305.193	-32.43	
305.405	-3.75	
305.617	-1.71	
305.83	94.55	
306.042	24.92	
306.255	41.3	
306.467	-1.71	
306.68	69.97	
306.892	-28.33	
307.104	69.97	
307.317	31.06	
307.529	-1.71	
307.741	6.49	
307.954	80.21	
308.166	47.44	
308.378	49.49	
308.591	37.2	
308.803	16.73	
309.015	119.12	
309.228	29.01	
309.44	65.88	
309.652	37.2	
309.864	61.78	
310.077	94.55	
310.289	-73.39	
310.501	4.44	
310.713	43.35	
310.926	43.35	
311.138	24.92	
311.35	153.94	
311.562	45.4	
311.774	104.79	
311.986	-46.76	
312.199	119.12	
312.411	-28.33	
312.623	78.16	
312.835	6.49	
313.047	-36.52	
313.259	-3.75	
313.471	-38.57	
313.683	53.59	
313.895	-1.71	
314.108	22.87	
314.32	53.59	
314.532	67.92	
314.744	29.01	
314.956	-32.43	
315.168	98.64	
315.38	20.82	
315.592	78.16	
315.804	-61.1	
316.016	29.01	
316.228	22.87	
316.44	207.19	
316.651	88.4	
316.863	39.25	
317.075	-1.71	
317.287	-26.28	
317.499	22.87	
317.711	-3.75	
317.923	39.25	
318.135	78.16	
318.347	45.4	
318.559	16.73	
318.77	72.02	
318.982	86.36	
319.194	63.83	
319.406	76.12	
319.618	31.06	
319.83	-57	
320.041	12.63	
320.253	20.82	
320.465	24.92	
320.677	-48.81	
320.888	86.36	
321.1	47.44	
321.312	-69.29	
321.524	26.96	
321.735	172.37	
321.947	104.79	
322.159	16.73	
322.37	49.49	
322.582	-48.81	
322.794	-22.19	
323.005	16.73	
323.217	119.12	
323.429	51.54	
323.64	-7.85	
323.852	35.16	
324.063	53.59	
324.275	-75.43	
324.487	-11.95	
324.698	123.22	
324.91	39.25	
325.121	-22.19	
325.333	104.79	
325.544	-44.71	
325.756	45.4	
325.967	106.84	
326.179	41.3	
326.39	-13.99	
326.602	129.36	
326.813	-79.53	
327.025	106.84	
327.236	-65.19	
327.448	37.2	
327.659	47.44	
327.871	4.44	
328.082	-46.76	
328.293	-7.85	
328.505	78.16	
328.716	69.97	
328.928	106.84	
329.139	2.39	
329.35	63.83	
329.562	139.6	
329.773	-26.28	
329.984	61.78	
330.196	14.68	
330.407	41.3	
330.618	72.02	
330.83	80.21	
331.041	-69.29	
331.252	2.39	
331.463	29.01	
331.675	53.59	
331.886	14.68	
332.097	90.45	
332.308	72.02	
332.52	63.83	
332.731	49.49	
332.942	33.11	
333.153	-34.47	
333.364	74.07	
333.575	147.8	
333.787	96.6	
333.998	47.44	
334.209	31.06	
334.42	8.53	
334.631	2.39	
334.842	6.49	
335.053	86.36	
335.264	6.49	
335.475	96.6	
335.686	45.4	
335.898	51.54	
336.109	-11.95	
336.32	10.58	
336.531	-32.43	
336.742	55.64	
336.953	2.39	
337.164	102.74	
337.375	-1.71	
337.586	-36.52	
337.797	41.3	
338.007	67.92	
338.218	-44.71	
338.429	74.07	
338.64	-1.71	
338.851	108.88	
339.062	0.34	
339.273	41.3	
339.484	104.79	
339.695	104.79	
339.906	-28.33	
340.116	-3.75	
340.327	96.6	
340.538	29.01	
340.749	57.68	
340.96	-30.38	
341.171	20.82	
341.381	67.92	
341.592	26.96	
341.803	53.59	
342.014	115.03	
342.224	82.26	
342.435	12.63	
342.646	22.87	
342.857	117.08	
343.067	-40.62	
343.278	18.77	
343.489	-16.04	
343.699	108.88	
343.91	8.53	
344.121	49.49	
344.331	14.68	
344.542	-44.71	
344.753	-11.95	
344.963	26.96	
345.174	22.87	
345.384	61.78	
345.595	137.56	
345.806	33.11	
346.016	78.16	
346.227	2.39	
346.437	-7.85	
346.648	67.92	
346.858	65.88	
347.069	45.4	
347.279	-16.04	
347.49	4.44	
347.7	-18.09	
347.911	106.84	
348.121	16.73	
348.332	-69.29	
348.542	-18.09	
348.753	61.78	
348.963	6.49	
349.173	37.2	
349.384	119.12	
349.594	80.21	
349.805	168.27	
350.015	69.97	
350.225	20.82	
350.436	69.97	
350.646	67.92	
350.856	41.3	
351.067	74.07	
351.277	82.26	
351.487	45.4	
351.698	-69.29	
351.908	-18.09	
352.118	45.4	
352.328	4.44	
352.539	-50.86	
352.749	76.12	
352.959	31.06	
353.169	31.06	
353.38	-46.76	
353.59	31.06	
353.8	-50.86	
354.01	125.27	
354.22	61.78	
354.431	4.44	
354.641	69.97	
354.851	209.23	
355.061	20.82	
355.271	26.96	
355.481	-22.19	
355.691	16.73	
355.901	80.21	
356.111	29.01	
356.321	-28.33	
356.532	41.3	
356.742	55.64	
356.952	-13.99	
357.162	29.01	
357.372	39.25	
357.582	-38.57	
357.792	8.53	
358.002	86.36	
358.212	65.88	
358.422	61.78	
358.632	168.27	
358.842	74.07	
359.051	-9.9	
359.261	2.39	
359.471	227.67	
359.681	39.25	
359.891	-7.85	
360.101	80.21	
360.311	53.59	
360.521	-77.48	
360.731	110.93	
360.94	26.96	
361.15	102.74	
361.36	4.44	
361.57	94.55	
361.78	-20.14	
361.989	69.97	
362.199	-1.71	
362.409	86.36	
362.619	102.74	
362.828	92.5	
363.038	-3.75	
363.248	123.22	
363.458	4.44	
363.667	123.22	
363.877	164.18	
364.087	-9.9	
364.296	4.44	
364.506	0.34	
364.716	-20.14	
364.925	92.5	
365.135	14.68	
365.345	96.6	
365.554	-28.33	
365.764	37.2	
365.973	63.83	
366.183	88.4	
366.393	-50.86	
366.602	125.27	
366.812	49.49	
367.021	129.36	
367.231	29.01	
367.44	63.83	
367.65	-26.28	
367.859	104.79	
368.069	121.17	
368.278	102.74	
368.488	-24.23	
368.697	82.26	
368.907	0.34	
369.116	61.78	
369.326	61.78	
369.535	153.94	
369.744	78.16	
369.954	145.75	
370.163	149.84	
370.373	108.88	
370.582	78.16	
370.791	18.77	
371.001	45.4	
371.21	151.89	
371.419	149.84	
371.629	131.41	
371.838	143.7	
372.047	139.6	
372.256	139.6	
372.466	246.1	
372.675	135.51	
372.884	151.89	
373.093	149.84	
373.303	168.27	
373.512	139.6	
373.721	313.68	
373.93	153.94	
374.139	258.39	
374.349	227.67	
374.558	344.4	
374.767	244.05	
374.976	432.46	
375.185	270.67	
375.394	225.62	
375.603	352.59	
375.813	364.88	
376.022	422.22	
376.231	426.32	
376.44	475.47	
376.649	366.93	
376.858	465.23	
377.067	612.68	
377.276	524.62	
377.485	567.63	
377.694	643.4	
377.903	600.4	
378.112	753.99	
378.321	749.9	
378.53	667.98	
378.739	848.2	
378.948	844.1	
379.157	856.39	
379.366	983.37	
379.575	930.12	
379.784	1005.89	
379.992	1102.15	
380.201	964.93	
380.41	1149.25	
380.619	1276.23	
380.828	1347.9	
381.037	1374.53	
381.246	1435.97	
381.454	1460.54	
381.663	1573.18	
381.872	1554.75	
382.081	1876.28	
382.29	1743.16	
382.498	2068.79	
382.707	2052.41	
382.916	2183.48	
383.125	2357.55	
383.333	2519.34	
383.542	2355.51	
383.751	2711.85	
383.959	2791.72	
384.168	2816.3	
384.377	3039.53	
384.585	2830.63	
384.794	3250.47	
385.003	3313.95	
385.211	3236.13	
385.42	3447.07	
385.628	3690.78	
385.837	3856.67	
386.046	3922.2	
386.254	4077.85	
386.463	4219.16	
386.671	4319.51	
386.88	4530.45	
387.088	4634.89	
387.297	4825.36	
387.505	4849.93	
387.714	5183.75	
387.922	5492.99	
388.131	5568.77	
388.339	5923.07	
388.548	5953.79	
388.756	6426.87	
388.965	6598.9	
389.173	6697.2	
389.381	7065.83	
389.59	7239.91	
389.798	7532.77	
390.007	8059.1	
390.215	8055	
390.423	8304.85	
390.632	8360.15	
390.84	8749.26	
391.048	9154.76	
391.257	9722.05	
391.465	9357.51	
391.673	10281.14	
391.882	10565.81	
392.09	10901.68	
392.298	11116.72	
392.506	11317.42	
392.715	11479.21	
392.923	11796.64	
393.131	11878.56	
393.339	12122.27	
393.547	12497.05	
393.756	13111.44	
393.964	13199.5	
394.172	13459.59	
394.38	14153.85	
394.588	14805.11	
394.796	14725.24	
395.005	15339.63	
395.213	15591.53	
395.421	15673.45	
395.629	15781.99	
395.837	16486.49	
396.045	17102.93	
396.253	17301.58	
396.461	17786.95	
396.669	18163.78	
396.877	18743.35	
397.085	19175.47	
397.293	19617.83	
397.501	19963.94	
397.709	20029.48	
397.917	20258.85	
398.125	20574.24	
398.333	20793.37	
398.541	21452.81	
398.749	22353.92	
398.957	22206.47	
399.165	23511.02	
399.373	23736.3	
399.581	24074.21	
399.788	23707.63	
399.996	24072.17	
400.204	24014.82	
400.412	24350.69	
400.62	24922.07	
400.828	24983.51	
401.035	24934.36	
401.243	25309.14	
401.451	25606.09	
401.659	25413.59	
401.867	25206.74	
402.074	25069.53	
402.282	24881.11	
402.49	24743.9	
402.697	24856.54	
402.905	24754.14	
403.113	25141.21	
403.321	25929.67	
403.528	25591.76	
403.736	25921.48	
403.944	25665.49	
404.151	25782.22	
404.359	25896.91	
404.566	26693.57	
404.774	26017.74	
404.982	26539.97	
405.189	26369.99	
405.397	26314.69	
405.604	26388.42	
405.812	26214.34	
406.02	25978.82	
406.227	26359.75	
406.435	25624.53	
406.642	26058.7	
406.85	25225.17	
407.057	24260.58	
407.265	24690.65	
407.472	23977.96	
407.679	23369.71	
407.887	22994.93	
408.094	22886.39	
408.302	22200.32	
408.509	21493.77	
408.717	21331.98	
408.924	20506.65	
409.131	20748.31	
409.339	20140.07	
409.546	19400.75	
409.753	18720.82	
409.961	18794.55	
410.168	18145.34	
410.375	18040.9	
410.583	17201.23	
410.79	17266.77	
410.997	16388.19	
411.205	16371.8	
411.412	15454.31	
411.619	15218.8	
411.826	14758	
412.034	14667.89	
412.241	13987.97	
412.448	13942.91	
412.655	13531.27	
412.862	13406.34	
413.07	13058.19	
413.277	13035.66	
413.484	12619.92	
413.691	12482.71	
413.898	12175.52	
414.105	11612.32	
414.312	11597.99	
414.519	11155.63	
414.727	11141.29	
414.934	10934.45	
415.141	10946.73	
415.348	10506.42	
415.555	10406.07	
415.762	10070.2	
415.969	9509.06	
416.176	9441.48	
416.383	9289.93	
416.59	9054.41	
416.797	8663.25	
417.004	8466.64	
417.211	8212.7	
417.418	8149.21	
417.625	8083.67	
417.831	7596.26	
418.038	7420.13	
418.245	7151.85	
418.452	6822.13	
418.659	6811.89	
418.866	6611.18	
419.073	6615.28	
419.28	6390	
419.486	6260.98	
419.693	6035.71	
419.9	6056.18	
420.107	5796.09	
420.314	5699.84	
420.52	5667.07	
420.727	5691.65	
420.934	5347.59	
421.141	5339.4	
421.347	5280	
421.554	5083.4	
421.761	5019.91	
421.967	4874.51	
422.174	4761.87	
422.381	4608.27	
422.588	4401.43	
422.794	4299.03	
423.001	4229.4	
423.207	4129.05	
423.414	4022.55	
423.621	3985.69	
423.827	3707.16	
424.034	3713.31	
424.24	3572	
424.447	3481.89	
424.654	3381.54	
424.86	3193.12	
425.067	3219.75	
425.273	3209.51	
425.48	3010.86	
425.686	3117.35	
425.893	3107.11	
426.099	2941.22	
426.306	2631.98	
426.512	2826.54	
426.718	2638.13	
426.925	2611.5	
427.131	2513.2	
427.338	2300.21	
427.544	2179.38	
427.75	2283.83	
427.957	2160.95	
428.163	2257.2	
428.37	2101.56	
428.576	2175.28	
428.782	1988.92	
428.988	2089.27	
429.195	1874.23	
429.401	1970.49	
429.607	1804.6	
429.814	1798.46	
430.02	1767.74	
430.226	1855.8	
430.432	1747.26	
430.639	1573.18	
430.845	1636.67	
431.051	1515.84	
431.257	1632.57	
431.463	1552.7	
431.67	1544.51	
431.876	1390.91	
432.082	1446.21	
432.288	1362.24	
432.494	1319.23	
432.7	1401.15	
432.906	1272.13	
433.112	1325.38	
433.318	1210.69	
433.525	1323.33	
433.731	1243.46	
433.937	1268.03	
434.143	1122.63	
434.349	1155.4	
434.555	966.98	
434.761	1171.78	
434.967	975.17	
435.173	1071.43	
435.379	1034.57	
435.585	901.45	
435.791	899.4	
435.996	1050.95	
436.202	811.34	
436.408	1003.85	
436.614	997.7	
436.82	850.25	
437.026	825.67	
437.232	790.86	
437.438	753.99	
437.644	749.9	
437.849	696.65	
438.055	620.88	
438.261	708.94	
438.467	708.94	
438.673	721.23	
438.878	692.55	
439.084	610.64	
439.29	620.88	
439.496	577.87	
439.701	717.13	
439.907	575.82	
440.113	526.67	
440.318	432.46	
440.524	514.38	
440.73	545.1	
440.935	467.28	
441.141	473.42	
441.347	543.05	
441.552	442.7	
441.758	508.24	
441.964	440.65	
442.169	549.2	
442.375	325.97	
442.58	393.55	
442.786	485.71	
442.991	504.14	
443.197	520.53	
443.402	463.18	
443.608	242	
443.813	401.74	
444.019	403.79	
444.224	416.08	
444.43	397.65	
444.635	262.48	
444.841	325.97	
445.046	366.93	
445.252	209.23	
445.457	457.04	
445.662	178.51	
445.868	282.96	
446.073	287.06	
446.278	264.53	
446.484	364.88	
446.689	278.87	
446.894	239.95	
447.1	250.19	
447.305	274.77	
447.51	237.91	
447.716	280.91	
447.921	250.19	
448.126	176.47	
448.331	270.67	
448.537	244.05	
448.742	143.7	
448.947	174.42	
449.152	172.37	
449.357	90.45	
449.563	186.71	
449.768	280.91	
449.973	209.23	
450.178	162.13	
450.383	147.8	
450.588	205.14	
450.793	147.8	
450.999	170.32	
451.204	160.08	
451.409	252.24	
451.614	80.21	
451.819	119.12	
452.024	166.23	
452.229	170.32	
452.434	39.25	
452.639	219.47	
452.844	153.94	
453.049	106.84	
453.254	162.13	
453.459	96.6	
453.664	127.32	
453.869	151.89	
454.074	151.89	
454.279	127.32	
454.483	192.85	
454.688	117.08	
454.893	104.79	
455.098	96.6	
455.303	285.01	
455.508	119.12	
455.713	125.27	
455.917	110.93	
456.122	135.51	
456.327	51.54	
456.532	172.37	
456.737	65.88	
456.941	168.27	
457.146	22.87	
457.351	110.93	
457.555	80.21	
457.76	67.92	
457.965	96.6	
458.17	127.32	
458.374	78.16	
458.579	119.12	
458.784	172.37	
458.988	57.68	
459.193	106.84	
459.397	63.83	
459.602	31.06	
459.807	168.27	
460.011	143.7	
460.216	217.43	
460.42	92.5	
460.625	12.63	
460.829	94.55	
461.034	-63.15	
461.239	96.6	
461.443	33.11	
461.648	121.17	
461.852	92.5	
462.056	43.35	
462.261	-20.14	
462.465	153.94	
462.67	100.69	
462.874	162.13	
463.079	41.3	
463.283	65.88	
463.487	12.63	
463.692	45.4	
463.896	115.03	
464.1	96.6	
464.305	33.11	
464.509	82.26	
464.713	51.54	
464.918	31.06	
465.122	102.74	
465.326	135.51	
465.531	194.9	
465.735	20.82	
465.939	-20.14	
466.143	12.63	
466.348	-20.14	
466.552	49.49	
466.756	14.68	
466.96	39.25	
467.164	55.64	
467.368	160.08	
467.573	61.78	
467.777	72.02	
467.981	12.63	
468.185	31.06	
468.389	67.92	
468.593	33.11	
468.797	59.73	
469.001	-59.05	
469.205	33.11	
469.409	74.07	
469.613	57.68	
469.817	137.56	
470.021	76.12	
470.225	-30.38	
470.429	49.49	
470.633	72.02	
470.837	-1.71	
471.041	112.98	
471.245	0.34	
471.449	-1.71	
471.653	-40.62	
471.857	53.59	
472.061	55.64	
472.265	49.49	
472.469	-3.75	
472.673	88.4	
472.876	-22.19	
473.08	8.53	
473.284	2.39	
473.488	51.54	
473.692	31.06	
473.895	-16.04	
474.099	51.54	
474.303	59.73	
474.507	151.89	
474.71	104.79	
474.914	88.4	
475.118	88.4	
475.322	-20.14	
475.525	51.54	
475.729	88.4	
475.933	-85.67	
476.136	20.82	
476.34	-67.24	
476.543	137.56	
476.747	96.6	
476.951	37.2	
477.154	61.78	
477.358	-20.14	
477.561	-7.85	
477.765	129.36	
477.969	-1.71	
478.172	26.96	
478.376	-5.8	
478.579	47.44	
478.783	49.49	
478.986	8.53	
479.19	-13.99	
479.393	72.02	
479.596	-36.52	
479.8	102.74	
480.003	29.01	
480.207	61.78	
480.41	35.16	
480.614	78.16	
480.817	18.77	
481.02	121.17	
481.224	33.11	
481.427	98.64	
481.63	104.79	
481.834	88.4	
482.037	135.51	
482.24	80.21	
482.443	22.87	
482.647	24.92	
482.85	69.97	
483.053	16.73	
483.256	-30.38	
483.46	8.53	
483.663	-3.75	
483.866	53.59	
484.069	63.83	
484.272	43.35	
484.476	-63.15	
484.679	57.68	
484.882	-48.81	
485.085	84.31	
485.288	184.66	
485.491	26.96	
485.694	37.2	
485.897	102.74	
486.101	49.49	
486.304	37.2	
486.507	-18.09	
486.71	26.96	
486.913	-20.14	
487.116	2.39	
487.319	20.82	
487.522	20.82	
487.725	63.83	
487.928	98.64	
488.13	86.36	
488.333	102.74	
488.536	-18.09	
488.739	92.5	
488.942	82.26	
489.145	59.73	
489.348	80.21	
489.551	-34.47	
489.754	8.53	
489.956	8.53	
490.159	-5.8	
490.362	29.01	
490.565	-42.67	
490.768	-28.33	
490.97	76.12	
491.173	53.59	
491.376	147.8	
491.579	110.93	
491.781	96.6	
491.984	-57	
492.187	59.73	
492.39	45.4	
492.592	-52.91	
492.795	26.96	
492.998	94.55	
493.2	20.82	
493.403	102.74	
493.605	61.78	
493.808	-1.71	
494.011	141.65	
494.213	76.12	
494.416	-1.71	
494.618	-48.81	
494.821	-34.47	
495.023	41.3	
495.226	-28.33	
495.428	47.44	
495.631	112.98	
495.833	24.92	
496.036	31.06	
496.238	35.16	
496.441	53.59	
496.643	-3.75	
496.846	-3.75	
497.048	26.96	
497.25	47.44	
497.453	26.96	
497.655	57.68	
497.858	49.49	
498.06	76.12	
498.262	53.59	
498.465	-40.62	
498.667	-36.52	
498.869	63.83	
499.071	100.69	
499.274	29.01	
499.476	37.2	
499.678	16.73	
499.881	-20.14	
500.083	76.12	
500.285	100.69	
500.487	4.44	
500.689	4.44	
500.892	-26.28	
501.094	20.82	
501.296	-46.76	
501.498	53.59	
501.7	92.5	
501.902	12.63	
502.104	0.34	
502.306	14.68	
502.509	31.06	
502.711	2.39	
502.913	20.82	
503.115	-59.05	
503.317	76.12	
503.519	-36.52	
503.721	31.06	
503.923	74.07	
504.125	-7.85	
504.327	188.75	
504.529	63.83	
504.731	117.08	
504.933	63.83	
505.134	35.16	
505.336	112.98	
505.538	-22.19	
505.74	84.31	
505.942	78.16	
506.144	20.82	
506.346	39.25	
506.548	-69.29	
506.749	74.07	
506.951	102.74	
507.153	12.63	
507.355	6.49	
507.557	-3.75	
507.758	51.54	
507.96	43.35	
508.162	49.49	
508.363	14.68	
508.565	-44.71	
508.767	90.45	
508.969	-1.71	
509.17	45.4	
509.372	119.12	
509.574	45.4	
509.775	16.73	
509.977	-40.62	
510.178	61.78	
510.38	-26.28	
510.582	100.69	
510.783	-20.14	
510.985	-7.85	
511.186	2.39	
511.388	-97.96	
511.589	-42.67	
511.791	131.41	
511.992	-42.67	
512.194	-30.38	
512.395	10.58	
512.597	61.78	
512.798	12.63	
513	43.35	
513.201	-44.71	
513.403	4.44	
513.604	29.01	
513.805	121.17	
514.007	-13.99	
514.208	-5.8	
514.409	49.49	
514.611	-9.9	
514.812	22.87	
515.013	76.12	
515.215	39.25	
515.416	94.55	
515.617	12.63	
515.819	22.87	
516.02	-130.73	
516.221	-48.81	
516.422	-20.14	
516.623	63.83	
516.825	31.06	
517.026	88.4	
517.227	-36.52	
517.428	82.26	
517.629	22.87	
517.83	-3.75	
518.032	51.54	
518.233	33.11	
518.434	63.83	
518.635	108.88	
518.836	35.16	
519.037	4.44	
519.238	-67.24	
519.439	33.11	
519.64	100.69	
519.841	45.4	
520.042	33.11	
520.243	22.87	
520.444	-5.8	
520.645	57.68	
520.846	-1.71	
521.047	14.68	
521.248	-3.75	
521.449	59.73	
521.65	41.3	
521.851	29.01	
522.052	16.73	
522.252	100.69	
522.453	-34.47	
522.654	92.5	
522.855	10.58	
523.056	26.96	
523.257	-1.71	
523.457	37.2	
523.658	80.21	
523.859	-5.8	
524.06	-38.57	
524.26	37.2	
524.461	-18.09	
524.662	-11.95	
524.862	69.97	
525.063	35.16	
525.264	-75.43	
525.464	57.68	
525.665	57.68	
525.866	-34.47	
526.066	31.06	
526.267	102.74	
526.468	-3.75	
526.668	29.01	
526.869	-9.9	
527.069	-22.19	
527.27	96.6	
527.47	61.78	
527.671	61.78	
527.871	104.79	
528.072	37.2	
528.272	-30.38	
528.473	80.21	
528.673	14.68	
528.874	45.4	
529.074	37.2	
529.275	16.73	
529.475	90.45	
529.675	-32.43	
529.876	22.87	
530.076	-30.38	
530.277	4.44	
530.477	-46.76	
530.677	-69.29	
530.878	18.77	
531.078	-26.28	
531.278	-26.28	
531.478	153.94	
531.679	-44.71	
531.879	0.34	
532.079	47.44	
532.28	-1.71	
532.48	22.87	
532.68	37.2	
532.88	-40.62	
533.08	18.77	
533.28	78.16	
533.481	-40.62	
533.681	51.54	
533.881	92.5	
534.081	-83.63	
534.281	-13.99	
534.481	-32.43	
534.681	96.6	
534.881	31.06	
535.081	-24.23	
535.281	86.36	
535.481	-1.71	
535.682	18.77	
535.882	31.06	
536.082	22.87	
536.281	-13.99	
536.481	63.83	
536.681	-1.71	
536.881	90.45	
537.081	-3.75	
537.281	22.87	
537.481	-28.33	
537.681	-50.86	
537.881	12.63	
538.081	-11.95	
538.281	2.39	
538.48	110.93	
538.68	74.07	
538.88	-18.09	
539.08	-20.14	
539.28	53.59	
539.479	49.49	
539.679	55.64	
539.879	182.61	
540.079	-9.9	
540.278	41.3	
540.478	-20.14	
540.678	24.92	
540.877	31.06	
541.077	51.54	
541.277	112.98	
541.476	61.78	
541.676	108.88	
541.876	162.13	
542.075	59.73	
542.275	168.27	
542.474	168.27	
542.674	137.56	
542.874	209.23	
543.073	84.31	
543.273	72.02	
543.472	67.92	
543.672	72.02	
543.871	76.12	
544.071	43.35	
544.27	39.25	
544.47	90.45	
544.669	147.8	
544.868	112.98	
545.068	153.94	
545.267	96.6	
545.467	137.56	
545.666	141.65	
545.865	252.24	
546.065	72.02	
546.264	168.27	
546.463	106.84	
546.663	96.6	
546.862	100.69	
547.061	86.36	
547.261	133.46	
547.46	137.56	
547.659	88.4	
547.858	151.89	
548.058	106.84	
548.257	149.84	
548.456	65.88	
548.655	90.45	
548.854	76.12	
549.053	61.78	
549.253	80.21	
549.452	180.56	
549.651	69.97	
549.85	123.22	
550.049	129.36	
550.248	63.83	
550.447	119.12	
550.646	31.06	
550.845	47.44	
551.044	88.4	
551.243	80.21	
551.442	-7.85	
551.641	22.87	
551.84	14.68	
552.039	63.83	
552.238	37.2	
552.437	63.83	
552.636	51.54	
552.835	53.59	
553.034	20.82	
553.233	55.64	
553.432	61.78	
553.63	22.87	
553.829	55.64	
554.028	53.59	
554.227	22.87	
554.426	53.59	
554.625	67.92	
554.823	10.58	
555.022	22.87	
555.221	4.44	
555.42	-20.14	
555.618	104.79	
555.817	45.4	
556.016	2.39	
556.214	39.25	
556.413	-26.28	
556.612	53.59	
556.81	-30.38	
557.009	74.07	
557.208	20.82	
557.406	80.21	
557.605	41.3	
557.803	31.06	
558.002	-50.86	
558.201	53.59	
558.399	45.4	
558.598	20.82	
558.796	14.68	
558.995	-91.82	
559.193	96.6	
559.392	24.92	
559.59	-3.75	
559.789	-87.72	
559.987	55.64	
560.185	-3.75	
560.384	143.7	
560.582	69.97	
560.781	37.2	
560.979	94.55	
561.177	76.12	
561.376	31.06	
561.574	-69.29	
561.772	53.59	
561.971	94.55	
562.169	-89.77	
562.367	61.78	
562.566	-50.86	
562.764	10.58	
562.962	24.92	
563.16	61.78	
563.358	47.44	
563.557	-13.99	
563.755	16.73	
563.953	29.01	
564.151	26.96	
564.349	41.3	
564.547	41.3	
564.746	82.26	
564.944	8.53	
565.142	24.92	
565.34	-20.14	
565.538	94.55	
565.736	-40.62	
565.934	-11.95	
566.132	-7.85	
566.33	53.59	
566.528	6.49	
566.726	18.77	
566.924	145.75	
567.122	-26.28	
567.32	31.06	
567.518	-20.14	
567.716	-7.85	
567.914	29.01	
568.112	22.87	
568.31	-40.62	
568.507	18.77	
568.705	-57	
568.903	47.44	
569.101	-9.9	
569.299	69.97	
569.497	65.88	
569.694	41.3	
569.892	35.16	
570.09	49.49	
570.288	-34.47	
570.486	53.59	
570.683	4.44	
570.881	-18.09	
571.079	61.78	
571.276	4.44	
571.474	-63.15	
571.672	47.44	
571.869	-3.75	
572.067	8.53	
572.265	-42.67	
572.462	14.68	
572.66	14.68	
572.857	90.45	
573.055	69.97	
573.253	57.68	
573.45	29.01	
573.648	-11.95	
573.845	-46.76	
574.043	14.68	
574.24	29.01	
574.438	-38.57	
574.635	26.96	
574.832	59.73	
575.03	-3.75	
575.227	0.34	
575.425	43.35	
575.622	112.98	
575.82	-3.75	
576.017	24.92	
576.214	-69.29	
576.412	133.46	
576.609	96.6	
576.806	-48.81	
577.004	-85.67	
577.201	-59.05	
577.398	53.59	
577.595	74.07	
577.793	-36.52	
577.99	129.36	
578.187	-44.71	
578.384	-13.99	
578.582	-46.76	
578.779	39.25	
578.976	24.92	
579.173	110.93	
579.37	72.02	
579.567	135.51	
579.764	-1.71	
579.962	14.68	
580.159	16.73	
580.356	104.79	
580.553	69.97	
580.75	115.03	
580.947	29.01	
581.144	-32.43	
581.341	39.25	
581.538	108.88	
581.735	67.92	
581.932	22.87	
582.129	14.68	
582.326	57.68	
582.523	31.06	
582.72	61.78	
582.916	10.58	
583.113	6.49	
583.31	-20.14	
583.507	94.55	
583.704	-1.71	
583.901	35.16	
584.098	63.83	
584.294	78.16	
584.491	-79.53	
584.688	53.59	
584.885	45.4	
585.082	-7.85	
585.278	-28.33	
585.475	84.31	
585.672	31.06	
585.868	14.68	
586.065	53.59	
586.262	57.68	
586.458	16.73	
586.655	-32.43	
586.852	84.31	
587.048	164.18	
587.245	16.73	
587.442	4.44	
587.638	-83.63	
587.835	104.79	
588.031	37.2	
588.228	102.74	
588.424	121.17	
588.621	24.92	
588.817	49.49	
589.014	-11.95	
589.21	8.53	
589.407	16.73	
589.603	37.2	
589.8	-9.9	
589.996	-5.8	
590.192	63.83	
590.389	29.01	
590.585	-1.71	
590.782	37.2	
590.978	12.63	
591.174	-1.71	
591.371	151.89	
591.567	-22.19	
591.763	98.64	
591.959	-46.76	
592.156	18.77	
592.352	94.55	
592.548	-40.62	
592.744	26.96	
592.941	110.93	
593.137	-40.62	
593.333	76.12	
593.529	-54.95	
593.725	-11.95	
593.922	88.4	
594.118	47.44	
594.314	-1.71	
594.51	141.65	
594.706	-59.05	
594.902	61.78	
595.098	-5.8	
595.294	121.17	
595.49	-3.75	
595.686	96.6	
595.882	-28.33	
596.078	51.54	
596.274	-83.63	
596.47	94.55	
596.666	49.49	
596.862	8.53	
597.058	43.35	
597.254	-36.52	
597.45	-11.95	
597.646	57.68	
597.842	-36.52	
598.037	61.78	
598.233	47.44	
598.429	94.55	
598.625	37.2	
598.821	53.59	
599.017	-24.23	
599.212	-11.95	
599.408	16.73	
599.604	96.6	
599.8	47.44	
599.995	-5.8	
600.191	-57	
600.387	18.77	
600.582	0.34	
600.778	35.16	
600.974	29.01	
601.169	98.64	
601.365	10.58	
601.561	-38.57	
601.756	14.68	
601.952	-34.47	
602.147	-13.99	
602.343	-77.48	
602.538	20.82	
602.734	51.54	
602.93	37.2	
603.125	12.63	
603.321	26.96	
603.516	18.77	
603.711	78.16	
603.907	80.21	
604.102	-34.47	
604.298	20.82	
604.493	18.77	
604.689	37.2	
604.884	-18.09	
605.079	65.88	
605.275	-40.62	
605.47	51.54	
605.665	67.92	
605.861	16.73	
606.056	92.5	
606.251	84.31	
606.447	47.44	
606.642	-91.82	
606.837	41.3	
607.032	76.12	
607.227	-1.71	
607.423	-16.04	
607.618	10.58	
607.813	6.49	
608.008	-7.85	
608.203	26.96	
608.398	6.49	
608.594	119.12	
608.789	131.41	
608.984	39.25	
609.179	4.44	
609.374	72.02	
609.569	94.55	
609.764	72.02	
609.959	72.02	
610.154	80.21	
610.349	117.08	
610.544	98.64	
610.739	184.66	
610.934	227.67	
611.129	160.08	
611.324	186.71	
611.519	258.39	
611.714	278.87	
611.909	256.34	
612.103	233.81	
612.298	110.93	
612.493	223.57	
612.688	164.18	
612.883	221.52	
613.078	201.04	
613.272	160.08	
613.467	98.64	
613.662	209.23	
613.857	237.91	
614.051	164.18	
614.246	186.71	
614.441	117.08	
614.635	108.88	
614.83	94.55	
615.025	-44.71	
615.219	33.11	
615.414	108.88	
615.609	45.4	
615.803	-44.71	
615.998	-1.71	
616.192	43.35	
616.387	63.83	
616.582	-18.09	
616.776	29.01	
616.971	94.55	
617.165	59.73	
617.36	-11.95	
617.554	-52.91	
617.749	35.16	
617.943	-11.95	
618.138	143.7	
618.332	-28.33	
618.526	55.64	
618.721	0.34	
618.915	8.53	
619.11	47.44	
619.304	92.5	
619.498	-42.67	
619.693	-91.82	
619.887	0.34	
620.081	112.98	
620.275	26.96	
620.47	14.68	
620.664	4.44	
620.858	-7.85	
621.052	61.78	
621.247	-9.9	
621.441	133.46	
621.635	4.44	
621.829	-16.04	
622.023	4.44	
622.218	76.12	
622.412	-83.63	
622.606	76.12	
622.8	12.63	
622.994	26.96	
623.188	20.82	
623.382	-20.14	
623.576	45.4	
623.77	22.87	
623.964	12.63	
624.158	8.53	
624.352	-18.09	
624.546	20.82	
624.74	-3.75	
624.934	74.07	
625.128	59.73	
625.322	-16.04	
625.516	80.21	
625.71	53.59	
625.904	82.26	
626.098	33.11	
626.291	53.59	
626.485	121.17	
626.679	53.59	
626.873	72.02	
627.067	-26.28	
627.26	129.36	
627.454	39.25	
627.648	61.78	
627.842	59.73	
628.035	61.78	
628.229	-100.01	
628.423	-5.8	
628.617	-16.04	
628.81	-13.99	
629.004	53.59	
629.198	-3.75	
629.391	35.16	
629.585	72.02	
629.778	-83.63	
629.972	49.49	
630.166	67.92	
630.359	76.12	
630.553	22.87	
630.746	-24.23	
630.94	20.82	
631.133	98.64	
631.327	115.03	
631.52	-34.47	
631.714	24.92	
631.907	-22.19	
632.1	2.39	
632.294	67.92	
632.487	18.77	
632.681	90.45	
632.874	98.64	
633.067	-69.29	
633.261	37.2	
633.454	63.83	
633.647	-7.85	
633.841	-9.9	
634.034	-30.38	
634.227	-9.9	
634.421	104.79	
634.614	82.26	
634.807	61.78	
635	-18.09	
635.193	-3.75	
635.387	-16.04	
635.58	20.82	
635.773	-85.67	
635.966	6.49	
636.159	84.31	
636.352	-67.24	
636.545	12.63	
636.739	-52.91	
636.932	-44.71	
637.125	-1.71	
637.318	53.59	
637.511	-18.09	
637.704	41.3	
637.897	80.21	
638.09	10.58	
638.283	8.53	
638.476	-13.99	
638.669	41.3	
638.862	53.59	
639.055	31.06	
639.247	39.25	
639.44	-3.75	
639.633	49.49	
639.826	-5.8	
640.019	106.84	
640.212	-67.24	
640.405	55.64	
640.597	53.59	
640.79	-48.81	
640.983	-34.47	
641.176	61.78	
641.368	-18.09	
641.561	-20.14	
641.754	94.55	
641.947	14.68	
642.139	-18.09	
642.332	55.64	
642.525	22.87	
642.717	-1.71	
642.91	24.92	
643.103	82.26	
643.295	6.49	
643.488	-59.05	
643.68	-38.57	
643.873	-36.52	
644.065	-77.48	
644.258	-11.95	
644.45	18.77	
644.643	-52.91	
644.835	22.87	
645.028	-34.47	
645.22	61.78	
645.413	-28.33	
645.605	-5.8	
645.798	20.82	
645.99	-52.91	
646.182	16.73	
646.375	139.6	
646.567	-24.23	
646.76	24.92	
646.952	74.07	
647.144	16.73	
647.337	-69.29	
647.529	39.25	
647.721	29.01	
647.913	63.83	
648.106	-26.28	
648.298	-24.23	
648.49	-77.48	
648.682	51.54	
648.874	-7.85	
649.067	-79.53	
649.259	-1.71	
649.451	31.06	
649.643	8.53	
649.835	-52.91	
650.027	-36.52	
650.219	90.45	
650.411	26.96	
650.603	16.73	
650.796	84.31	
650.988	37.2	
651.18	14.68	
651.372	-20.14	
651.564	59.73	
651.756	53.59	
651.948	16.73	
652.139	-93.87	
652.331	-11.95	
652.523	20.82	
652.715	123.22	
652.907	26.96	
653.099	4.44	
653.291	39.25	
653.483	2.39	
653.674	39.25	
653.866	-42.67	
654.058	55.64	
654.25	67.92	
654.442	-44.71	
654.633	-30.38	
654.825	-36.52	
655.017	-69.29	
655.209	45.4	
655.4	33.11	
655.592	14.68	
655.784	0.34	
655.975	-40.62	
656.167	35.16	
656.359	-3.75	
656.55	-54.95	
656.742	-18.09	
656.933	18.77	
657.125	8.53	
657.316	96.6	
657.508	45.4	
657.7	-57	
657.891	20.82	
658.083	16.73	
658.274	14.68	
658.466	-20.14	
658.657	8.53	
658.848	-44.71	
659.04	63.83	
659.231	-61.1	
659.423	39.25	
659.614	-20.14	
659.805	37.2	
659.997	2.39	
660.188	121.17	
660.379	96.6	
660.571	33.11	
660.762	6.49	
660.953	29.01	
661.145	22.87	
661.336	-57	
661.527	31.06	
661.718	-75.43	
661.909	313.68	
662.101	84.31	
662.292	14.68	
662.483	90.45	
662.674	94.55	
662.865	-69.29	
663.056	67.92	
663.247	10.58	
663.439	16.73	
663.63	14.68	
663.821	76.12	
664.012	18.77	
664.203	4.44	
664.394	29.01	
664.585	4.44	
664.776	106.84	
664.967	45.4	
665.158	-40.62	
665.349	43.35	
665.54	-18.09	
665.73	39.25	
665.921	-69.29	
666.112	96.6	
666.303	-42.67	
666.494	35.16	
666.685	-40.62	
666.876	145.75	
667.066	-77.48	
667.257	92.5	
667.448	-20.14	
667.639	57.68	
667.83	-46.76	
668.02	12.63	
668.211	-36.52	
668.402	-57	
668.592	-52.91	
668.783	-9.9	
668.974	-65.19	
669.164	35.16	
669.355	-3.75	
669.546	45.4	
669.736	12.63	
669.927	-3.75	
670.117	26.96	
670.308	-1.71	
670.499	47.44	
670.689	80.21	
670.88	26.96	
671.07	57.68	
671.261	-22.19	
671.451	8.53	
671.641	63.83	
671.832	37.2	
672.022	-71.34	
672.213	14.68	
672.403	0.34	
672.594	-71.34	
672.784	61.78	
672.974	-44.71	
673.165	-18.09	
673.355	14.68	
673.545	-30.38	
673.736	-38.57	
673.926	76.12	
674.116	39.25	
674.306	-69.29	
674.497	59.73	
674.687	-65.19	
674.877	0.34	
675.067	0.34	
675.257	-11.95	
675.448	-54.95	
675.638	49.49	
675.828	-50.86	
676.018	106.84	
676.208	-151.21	
676.398	57.68	
676.588	-36.52	
676.778	76.12	
676.968	-77.48	
677.158	-40.62	
677.348	22.87	
677.538	84.31	
677.728	-67.24	
677.918	-20.14	
678.108	12.63	
678.298	-5.8	
678.488	-3.75	
678.678	37.2	
678.868	-100.01	
679.058	49.49	
679.248	-40.62	
679.438	43.35	
679.627	-20.14	
679.817	12.63	
680.007	47.44	
680.197	-50.86	
680.387	41.3	
680.576	14.68	
680.766	-61.1	
680.956	55.64	
681.146	-42.67	
681.335	-57	
681.525	59.73	
681.715	-5.8	
681.904	-52.91	
682.094	-13.99	
682.284	8.53	
682.473	14.68	
682.663	-73.39	
682.852	35.16	
683.042	26.96	
683.231	98.64	
683.421	47.44	
683.61	69.97	
683.8	31.06	
683.989	-3.75	
684.179	35.16	
684.368	-71.34	
684.558	31.06	
684.747	-42.67	
684.937	-46.76	
685.126	-40.62	
685.316	-114.34	
685.505	96.6	
685.694	14.68	
685.884	-11.95	
686.073	-36.52	
686.262	61.78	
686.452	-3.75	
686.641	-30.38	
686.83	20.82	
687.019	47.44	
687.209	51.54	
687.398	-11.95	
687.587	57.68	
687.776	-9.9	
687.965	-26.28	
688.155	-1.71	
688.344	26.96	
688.533	-20.14	
688.722	37.2	
688.911	76.12	
689.1	4.44	
689.289	143.7	
689.478	78.16	
689.667	55.64	
689.856	35.16	
690.045	-22.19	
690.234	47.44	
690.423	-61.1	
690.612	-1.71	
690.801	88.4	
690.99	4.44	
691.179	69.97	
691.368	-77.48	
691.557	-13.99	
691.746	-46.76	
691.935	33.11	
692.124	-52.91	
692.312	-9.9	
692.501	-93.87	
692.69	-42.67	
692.879	12.63	
693.068	-7.85	
693.256	-57	
693.445	-9.9	
693.634	22.87	
693.823	135.51	
694.011	-89.77	
694.2	31.06	
694.389	29.01	
694.577	-18.09	
694.766	-24.23	
694.955	24.92	
695.143	-13.99	
695.332	31.06	
695.52	-20.14	
695.709	-40.62	
695.897	-20.14	
696.086	29.01	
696.275	8.53	
696.463	-50.86	
696.652	-3.75	
696.84	-44.71	
697.028	-65.19	
697.217	22.87	
697.405	29.01	
697.594	-46.76	
697.782	18.77	
697.971	24.92	
698.159	-11.95	
698.347	31.06	
698.536	-34.47	
698.724	10.58	
698.912	-46.76	
699.1	31.06	
699.289	-50.86	
699.477	45.4	
699.665	18.77	
699.854	-79.53	
700.042	55.64	
700.23	-24.23	
700.418	72.02	
700.606	-22.19	
700.794	-75.43	
700.983	84.31	
701.171	-50.86	
701.359	49.49	
701.547	47.44	
701.735	-24.23	
701.923	61.78	
702.111	-1.71	
702.299	-34.47	
702.487	-57	
702.675	-61.1	
702.863	51.54	
703.051	-69.29	
703.239	-11.95	
703.427	55.64	
703.615	8.53	
703.803	57.68	
703.991	-30.38	
704.179	-18.09	
704.367	-44.71	
704.554	37.2	
704.742	82.26	
704.93	-3.75	
705.118	-95.91	
705.306	98.64	
705.493	51.54	
705.681	-36.52	
705.869	-63.15	
706.057	-16.04	
706.244	10.58	
706.432	-9.9	
706.62	20.82	
706.807	29.01	
706.995	53.59	
707.183	-52.91	
707.37	47.44	
707.558	-75.43	
707.746	43.35	
707.933	78.16	
708.121	115.03	
708.308	61.78	
708.496	121.17	
708.683	-36.52	
708.871	10.58	
709.058	-106.15	
709.246	24.92	
709.433	-32.43	
709.621	-7.85	
709.808	-85.67	
709.995	-48.81	
710.183	35.16	
710.37	0.34	
710.558	35.16	
710.745	-11.95	
710.932	-79.53	
711.12	-11.95	
711.307	29.01	
711.494	59.73	
711.681	-48.81	
711.869	53.59	
712.056	-32.43	
712.243	10.58	
712.43	12.63	
712.618	-16.04	
712.805	-34.47	
712.992	31.06	
713.179	-7.85	
713.366	-26.28	
713.553	-9.9	
713.74	-30.38	
713.928	33.11	
714.115	-30.38	
714.302	29.01	
714.489	-16.04	
714.676	-118.44	
714.863	76.12	
715.05	-95.91	
715.237	26.96	
715.424	26.96	
715.611	-48.81	
715.798	-134.82	
715.984	12.63	
716.171	-26.28	
716.358	6.49	
716.545	-44.71	
716.732	-13.99	
716.919	10.58	
717.106	41.3	
717.293	-9.9	
717.479	-81.58	
717.666	12.63	
717.853	59.73	
718.04	-67.24	
718.226	14.68	
718.413	-3.75	
718.6	80.21	
718.786	-93.87	
718.973	90.45	
719.16	18.77	
719.346	12.63	
719.533	-44.71	
719.72	37.2	
719.906	61.78	
720.093	84.31	
720.279	-9.9	
720.466	6.49	
720.652	-34.47	
720.839	72.02	
721.025	39.25	
721.212	33.11	
721.398	37.2	
721.585	-5.8	
721.771	-1.71	
721.958	72.02	
722.144	-30.38	
722.331	-20.14	
722.517	-3.75	
722.703	47.44	
722.89	-42.67	
723.076	10.58	
723.262	-48.81	
723.449	-7.85	
723.635	78.16	
723.821	-38.57	
724.007	-77.48	
724.194	6.49	
724.38	-36.52	
724.566	16.73	
724.752	-50.86	
724.938	-5.8	
725.125	-18.09	
725.311	37.2	
725.497	61.78	
725.683	-26.28	
725.869	-54.95	
726.055	74.07	
726.241	-81.58	
726.427	6.49	
726.613	-30.38	
726.799	53.59	
726.985	-85.67	
727.171	69.97	
727.357	-93.87	
727.543	39.25	
727.729	-11.95	
727.915	0.34	
728.101	-9.9	
728.287	72.02	
728.473	6.49	
728.659	-16.04	
728.845	-67.24	
729.03	-7.85	
729.216	-48.81	
729.402	6.49	
729.588	12.63	
729.774	-69.29	
729.959	-36.52	
730.145	53.59	
730.331	47.44	
730.517	72.02	
730.702	57.68	
730.888	-3.75	
731.074	-26.28	
731.259	57.68	
731.445	-26.28	
731.63	26.96	
731.816	-24.23	
732.002	53.59	
732.187	-42.67	
732.373	88.4	
732.558	-20.14	
732.744	35.16	
732.929	-34.47	
733.115	2.39	
733.3	45.4	
733.486	-22.19	
733.671	-28.33	
733.857	41.3	
734.042	-79.53	
734.227	-63.15	
734.413	29.01	
734.598	55.64	
734.784	69.97	
734.969	6.49	
735.154	-52.91	
735.339	-34.47	
735.525	-52.91	
735.71	12.63	
735.895	33.11	
736.081	6.49	
736.266	-3.75	
736.451	6.49	
736.636	2.39	
736.821	-81.58	
737.007	39.25	
737.192	63.83	
737.377	-20.14	
737.562	37.2	
737.747	-46.76	
737.932	-61.1	
738.117	45.4	
738.302	41.3	
738.487	-65.19	
738.672	39.25	
738.857	47.44	
739.042	-44.71	
739.227	-18.09	
739.412	16.73	
739.597	63.83	
739.782	-69.29	
739.967	-28.33	
740.152	55.64	
740.337	-13.99	
740.522	14.68	
740.706	65.88	
740.891	8.53	
741.076	49.49	
741.261	43.35	
741.446	92.5	
741.63	112.98	
741.815	-42.67	
742	61.78	
742.185	-3.75	
742.369	16.73	
742.554	-20.14	
742.739	-1.71	
742.923	-24.23	
743.108	4.44	
743.293	47.44	
743.477	-11.95	
743.662	2.39	
743.846	-91.82	
744.031	37.2	
744.216	-3.75	
744.4	-1.71	
744.585	-71.34	
744.769	22.87	
744.954	37.2	
745.138	51.54	
745.322	-18.09	
745.507	-71.34	
745.691	6.49	
745.876	-28.33	
746.06	-36.52	
746.244	6.49	
746.429	10.58	
746.613	45.4	
746.798	86.36	
746.982	53.59	
747.166	-18.09	
747.35	-63.15	
747.535	35.16	
747.719	-36.52	
747.903	24.92	
748.087	22.87	
748.272	143.7	
748.456	-44.71	
748.64	45.4	
748.824	-22.19	
749.008	20.82	
749.192	-24.23	
749.376	41.3	
749.56	4.44	
749.745	-20.14	
749.929	72.02	
750.113	-13.99	
750.297	47.44	
750.481	51.54	
750.665	10.58	
750.849	-7.85	
751.033	90.45	
751.217	-24.23	
751.4	31.06	
751.584	8.53	
751.768	20.82	
751.952	12.63	
752.136	-61.1	
752.32	-59.05	
752.504	14.68	
752.688	20.82	
752.871	6.49	
753.055	-13.99	
753.239	-69.29	
753.423	-36.52	
753.606	-59.05	
753.79	102.74	
753.974	-26.28	
754.157	12.63	
754.341	-59.05	
754.525	-26.28	
754.708	-18.09	
754.892	-3.75	
755.076	53.59	
755.259	-44.71	
755.443	47.44	
755.626	67.92	
755.81	-9.9	
755.993	72.02	
756.177	-28.33	
756.36	-11.95	
756.544	-67.24	
756.727	6.49	
756.911	-34.47	
757.094	-11.95	
757.278	-11.95	
757.461	-24.23	
757.644	35.16	
757.828	-116.39	
758.011	-18.09	
758.195	8.53	
758.378	-1.71	
758.561	-11.95	
758.744	-52.91	
758.928	-46.76	
759.111	6.49	
759.294	72.02	
759.477	-77.48	
759.661	96.6	
759.844	-18.09	
760.027	-42.67	
760.21	20.82	
760.393	-16.04	
760.576	-34.47	
760.76	-13.99	
760.943	18.77	
761.126	88.4	
761.309	29.01	
761.492	80.21	
761.675	37.2	
761.858	39.25	
762.041	-5.8	
762.224	-50.86	
762.407	-67.24	
762.59	-83.63	
762.773	-34.47	
762.956	6.49	
763.139	-18.09	
763.321	-52.91	
763.504	-24.23	
763.687	-1.71	
763.87	-57	
764.053	-38.57	
764.236	72.02	
764.418	-34.47	
764.601	22.87	
764.784	-9.9	
764.967	-59.05	
765.149	14.68	
765.332	41.3	
765.515	74.07	
765.697	22.87	
765.88	31.06	
766.063	-44.71	
766.245	-28.33	
766.428	31.06	
766.611	12.63	
766.793	-38.57	
766.976	-7.85	
767.158	-30.38	
767.341	74.07	
767.523	-26.28	
767.706	-13.99	
767.888	12.63	
768.071	24.92	
768.253	29.01	
768.436	104.79	
768.618	-52.91	
768.8	102.74	
768.983	-18.09	
769.165	129.36	
769.348	39.25	
769.53	53.59	
769.712	-116.39	
769.895	6.49	
770.077	-22.19	
770.259	-3.75	
770.441	-54.95	
770.624	69.97	
770.806	2.39	
770.988	96.6	
771.17	-9.9	
771.352	53.59	
771.535	-61.1	
771.717	100.69	
771.899	55.64	
772.081	-11.95	
772.263	47.44	
772.445	20.82	
772.627	-67.24	
772.809	12.63	
772.991	4.44	
773.173	-50.86	
773.355	-5.8	
773.537	102.74	
773.719	12.63	
773.901	-102.06	
774.083	-13.99	
774.265	86.36	
774.447	-18.09	
774.629	-18.09	
774.811	31.06	
774.992	55.64	
775.174	14.68	
775.356	18.77	
775.538	2.39	
775.72	-9.9	
775.901	-106.15	
776.083	29.01	
776.265	22.87	
776.447	-61.1	
776.628	-13.99	
776.81	-18.09	
776.992	-28.33	
777.173	0.34	
777.355	4.44	
777.537	43.35	
777.718	-38.57	
777.9	10.58	
778.081	-42.67	
778.263	61.78	
778.444	8.53	
778.626	10.58	
778.807	-9.9	
778.989	8.53	
779.17	-34.47	
779.352	-69.29	
779.533	-3.75	
779.715	-69.29	
779.896	-77.48	
780.078	-28.33	
780.259	-24.23	
780.44	104.79	
780.622	37.2	
780.803	-36.52	
780.984	-24.23	
781.166	121.17	
781.347	53.59	
781.528	4.44	
781.709	47.44	
781.891	-16.04	
782.072	14.68	
782.253	37.2	
782.434	33.11	
782.615	33.11	
782.796	-67.24	
782.978	6.49	
783.159	82.26	
783.34	82.26	
783.521	51.54	
783.702	158.03	
783.883	-9.9	
784.064	-24.23	
784.245	51.54	
784.426	-20.14	
784.607	18.77	
784.788	37.2	
784.969	-102.06	
785.15	14.68	
785.331	-1.71	
785.512	-18.09	
785.692	-1.71	
785.873	55.64	
786.054	55.64	
786.235	20.82	
786.416	-44.71	
786.597	-75.43	
786.777	117.08	
786.958	-3.75	
787.139	-110.25	
787.32	20.82	
787.5	-9.9	
787.681	51.54	
787.862	31.06	
788.042	-32.43	
788.223	8.53	
788.404	-26.28	
788.584	22.87	
788.765	-104.11	
788.946	-26.28	
789.126	2.39	
789.307	-87.72	
789.487	88.4	
789.668	115.03	
789.848	12.63	
790.029	-44.71	
790.209	18.77	
790.39	-81.58	
790.57	2.39	
790.75	-32.43	
790.931	-110.25	
791.111	43.35	
791.292	22.87	
791.472	-1.71	
791.652	110.93	
791.833	-34.47	
792.013	31.06	
792.193	-61.1	
792.373	31.06	
792.554	-1.71	
792.734	33.11	
792.914	4.44	
793.094	-1.71	
793.275	4.44	
793.455	74.07	
793.635	6.49	
793.815	-24.23	
793.995	41.3	
794.175	-36.52	
794.355	-77.48	
794.535	0.34	
794.715	45.4	
794.896	84.31	
795.076	-32.43	
795.256	49.49	
795.436	12.63	
795.616	88.4	
795.795	-42.67	
795.975	80.21	
796.155	-61.1	
796.335	-5.8	
796.515	76.12	
796.695	55.64	
796.875	4.44	
797.055	72.02	
797.234	41.3	
797.414	63.83	
797.594	-50.86	
797.774	-61.1	
797.954	-83.63	
798.133	-67.24	
798.313	-50.86	
798.493	-40.62	
798.672	22.87	
798.852	20.82	
799.032	24.92	
799.211	-28.33	
799.391	-46.76	
799.571	22.87	
799.75	-52.91	
799.93	14.68	
800.109	-1.71	
800.289	82.26	
800.468	-71.34	
800.648	-44.71	
800.827	-36.52	
801.007	37.2	
801.186	-16.04	
801.366	-63.15	
801.545	16.73	
801.725	6.49	
801.904	-16.04	
802.083	102.74	
802.263	-138.92	
802.442	78.16	
802.621	12.63	
802.801	119.12	
802.98	-5.8	
803.159	55.64	
803.338	51.54	
803.518	-20.14	
803.697	-44.71	
803.876	35.16	
804.055	2.39	
804.235	63.83	
804.414	4.44	
804.593	51.54	
804.772	-67.24	
804.951	39.25	
805.13	-26.28	
805.309	4.44	
805.488	-28.33	
805.667	-9.9	
805.846	45.4	
806.025	-1.71	
806.204	26.96	
806.383	31.06	
806.562	18.77	
806.741	-3.75	
806.92	-3.75	
807.099	37.2	
807.278	-50.86	
807.457	6.49	
807.636	-59.05	
807.814	12.63	
807.993	22.87	
808.172	-3.75	
808.351	-69.29	
808.53	37.2	
808.708	10.58	
808.887	57.68	
809.066	-61.1	
809.244	-30.38	
809.423	-13.99	
809.602	-1.71	
809.78	-75.43	
809.959	-9.9	
810.138	86.36	
810.316	18.77	
810.495	61.78	
810.673	22.87	
810.852	29.01	
811.03	6.49	
811.209	-13.99	
811.388	29.01	
811.566	39.25	
811.744	-1.71	
811.923	-16.04	
812.101	57.68	
812.28	47.44	
812.458	10.58	
812.637	86.36	
812.815	39.25	
812.993	-34.47	
813.172	29.01	
813.35	80.21	
813.528	10.58	
813.706	-57	
813.885	80.21	
814.063	-16.04	
814.241	-16.04	
814.419	-69.29	
814.598	96.6	
814.776	59.73	
814.954	102.74	
815.132	49.49	
815.31	49.49	
815.488	-30.38	
815.666	6.49	
815.844	-67.24	
816.022	-75.43	
816.201	2.39	
816.379	-20.14	
816.557	-38.57	
816.735	41.3	
816.913	67.92	
817.09	29.01	
817.268	6.49	
817.446	78.16	
817.624	-20.14	
817.802	69.97	
817.98	14.68	
818.158	96.6	
818.336	-9.9	
818.514	-48.81	
818.691	14.68	
818.869	31.06	
819.047	26.96	
819.225	39.25	
819.402	35.16	
819.58	-18.09	
819.758	-44.71	
819.935	80.21	
820.113	94.55	
820.291	12.63	
820.468	-89.77	
820.646	-42.67	
820.824	-69.29	
821.001	26.96	
821.179	31.06	
821.356	51.54	
821.534	31.06	
821.711	100.69	
821.889	-97.96	
822.066	-40.62	
822.244	110.93	
822.421	-7.85	
822.599	-28.33	
822.776	74.07	
822.953	26.96	
823.131	29.01	
823.308	29.01	
823.486	-22.19	
823.663	51.54	
823.84	2.39	
824.017	37.2	
824.195	65.88	
824.372	-67.24	
824.549	-28.33	
824.726	49.49	
824.904	29.01	
825.081	-44.71	
825.258	-34.47	
825.435	-46.76	
825.612	-93.87	
825.789	-9.9	
825.967	10.58	
826.144	-85.67	
826.321	76.12	
826.498	-18.09	
826.675	82.26	
826.852	88.4	
827.029	6.49	
827.206	-44.71	
827.383	49.49	
827.56	6.49	
827.737	-59.05	
827.914	2.39	
828.09	8.53	
828.267	72.02	
828.444	47.44	
828.621	6.49	
828.798	106.84	
828.975	10.58	
829.151	143.7	
829.328	-18.09	
829.505	-28.33	
829.682	6.49	
829.858	96.6	
830.035	-9.9	
830.212	-61.1	
830.389	-20.14	
830.565	-30.38	
830.742	31.06	
830.918	-3.75	
831.095	84.31	
831.272	61.78	
831.448	29.01	
831.625	-9.9	
831.801	-18.09	
831.978	53.59	
832.154	72.02	
832.331	61.78	
832.507	-42.67	
832.684	55.64	
832.86	-63.15	
833.037	16.73	
833.213	39.25	
833.389	96.6	
833.566	6.49	
833.742	-32.43	
833.918	-52.91	
834.095	4.44	
834.271	-65.19	
834.447	-93.87	
834.624	-38.57	
834.8	14.68	
834.976	-59.05	
835.152	26.96	
835.328	-20.14	
835.505	26.96	
835.681	45.4	
835.857	-7.85	
836.033	-9.9	
836.209	-108.2	
836.385	45.4	
836.561	149.84	
836.737	14.68	
836.913	61.78	
837.089	43.35	
837.265	4.44	
837.441	88.4	
837.617	57.68	
837.793	112.98	
837.969	-18.09	
838.145	-30.38	
838.321	65.88	
838.497	-40.62	
838.673	94.55	
838.849	20.82	
839.025	12.63	
839.2	-63.15	
839.376	92.5	
839.552	41.3	
839.728	135.51	
839.903	-65.19	
840.079	112.98	
840.255	-5.8	
840.431	26.96	
840.606	-89.77	
840.782	98.64	
840.958	-118.44	
841.133	31.06	
841.309	12.63	
841.484	-32.43	
841.66	0.34	
841.835	18.77	
842.011	-5.8	
842.186	8.53	
842.362	-85.67	
842.537	22.87	
842.713	-85.67	
842.888	133.46	
843.064	47.44	
843.239	-48.81	
843.415	31.06	
843.59	18.77	
843.765	20.82	
843.941	69.97	
844.116	31.06	
844.291	72.02	
844.467	22.87	
844.642	-30.38	
844.817	-44.71	
844.992	12.63	
845.168	4.44	
845.343	24.92	
845.518	-38.57	
845.693	6.49	
845.868	-22.19	
846.043	37.2	
846.219	26.96	
846.394	14.68	
846.569	-7.85	
846.744	12.63	
846.919	6.49	
847.094	-57	
847.269	-3.75	
847.444	106.84	
847.619	-26.28	
847.794	6.49	
847.969	-34.47	
848.144	88.4	
848.319	104.79	
848.494	45.4	
848.668	6.49	
848.843	67.92	
849.018	39.25	
849.193	65.88	
849.368	-1.71	
849.542	4.44	
849.717	39.25	
849.892	92.5	
850.067	45.4	
850.241	-44.71	
850.416	-34.47	
850.591	67.92	
850.765	6.49	
850.94	37.2	
851.115	10.58	
851.289	-18.09	
851.464	-63.15	
851.639	119.12	
851.813	-30.38	
851.988	26.96	
852.162	-20.14	
852.337	82.26	
852.511	61.78	
852.686	33.11	
852.86	-65.19	
853.035	74.07	
853.209	-48.81	
853.383	31.06	
853.558	43.35	
853.732	67.92	
853.906	45.4	
854.081	0.34	
854.255	76.12	
854.429	153.94	
854.604	-102.06	
854.778	22.87	
854.952	74.07	
855.126	-40.62	
855.301	31.06	
855.475	6.49	
855.649	106.84	
855.823	-16.04	
855.997	22.87	
856.171	22.87	
856.345	6.49	
856.52	47.44	
856.694	10.58	
856.868	61.78	
857.042	59.73	
857.216	55.64	
857.39	12.63	
857.564	123.22	
857.738	6.49	
857.912	-11.95	
858.085	-26.28	
858.259	12.63	
858.433	74.07	
858.607	55.64	
858.781	-3.75	
858.955	-143.02	
859.129	53.59	
859.302	29.01	
859.476	45.4	
859.65	-3.75	
859.824	51.54	
859.997	80.21	
860.171	16.73	
860.345	0.34	
860.519	37.2	
860.692	-40.62	
860.866	94.55	
861.039	-7.85	
861.213	104.79	
861.387	80.21	
861.56	-3.75	
861.734	-28.33	
861.907	-9.9	
862.081	57.68	
862.254	24.92	
862.428	-24.23	
862.601	-50.86	
862.775	-1.71	
862.948	-85.67	
863.122	-30.38	
863.295	96.6	
863.468	-52.91	
863.642	12.63	
863.815	43.35	
863.988	6.49	
864.162	47.44	
864.335	-11.95	
864.508	94.55	
864.682	-48.81	
864.855	65.88	
865.028	55.64	
865.201	100.69	
865.374	-28.33	
865.548	45.4	
865.721	-81.58	
865.894	78.16	
866.067	24.92	
866.24	74.07	
866.413	78.16	
866.586	55.64	
866.759	-20.14	
866.932	4.44	
867.105	18.77	
867.278	-7.85	
867.451	14.68	
867.624	-95.91	
867.797	0.34	
867.97	14.68	
868.143	41.3	
868.316	-52.91	
868.489	12.63	
868.661	20.82	
868.834	-77.48	
869.007	0.34	
869.18	80.21	
869.353	106.84	
869.525	86.36	
869.698	-9.9	
869.871	90.45	
870.044	24.92	
870.216	12.63	
870.389	80.21	
870.562	-32.43	
870.734	96.6	
870.907	-18.09	
871.079	16.73	
871.252	-77.48	
871.425	-1.71	
871.597	12.63	
871.77	61.78	
871.942	-11.95	
872.115	145.75	
872.287	-16.04	
872.459	39.25	
872.632	53.59	
872.804	22.87	
872.977	41.3	
873.149	-36.52	
873.321	-28.33	
873.494	67.92	
873.666	20.82	
873.838	29.01	
874.011	18.77	
874.183	45.4	
874.355	-67.24	
874.528	76.12	
874.7	12.63	
874.872	18.77	
875.044	33.11	
875.216	100.69	
875.388	86.36	
875.561	31.06	
875.733	22.87	
875.905	-11.95	
876.077	-67.24	
876.249	74.07	
876.421	-26.28	
876.593	119.12	
876.765	12.63	
876.937	-9.9	
877.109	-36.52	
877.281	55.64	
877.453	22.87	
877.625	26.96	
877.797	0.34	
877.968	-81.58	
878.14	-48.81	
878.312	-26.28	
878.484	-93.87	
878.656	18.77	
878.828	4.44	
878.999	74.07	
879.171	-59.05	
879.343	37.2	
879.515	12.63	
879.686	47.44	
879.858	0.34	
880.03	2.39	
880.201	26.96	
880.373	-18.09	
880.545	29.01	
880.716	-50.86	
880.888	26.96	
881.059	76.12	
881.231	63.83	
881.402	12.63	
881.574	12.63	
881.745	35.16	
881.917	-20.14	
882.088	16.73	
882.26	86.36	
882.431	-7.85	
882.602	39.25	
882.774	37.2	
882.945	-3.75	
883.116	-67.24	
883.288	29.01	
883.459	-28.33	
883.63	31.06	
883.802	24.92	
883.973	106.84	
884.144	-16.04	
884.315	29.01	
884.487	43.35	
884.658	-59.05	
884.829	61.78	
885	14.68	
885.171	63.83	
885.342	-69.29	
885.513	92.5	
885.684	-30.38	
885.855	8.53	
886.026	-36.52	
886.197	-22.19	
886.368	-61.1	
886.539	26.96	
886.71	-59.05	
886.881	55.64	
887.052	-5.8	
887.223	43.35	
887.394	22.87	
887.565	-5.8	
887.736	-71.34	
887.907	121.17	
888.077	-93.87	
888.248	33.11	
888.419	29.01	
888.59	102.74	
888.761	-7.85	
888.931	14.68	
889.102	106.84	
889.273	-20.14	
889.443	-1.71	
889.614	18.77	
889.785	-69.29	
889.955	0.34	
890.126	18.77	
890.296	110.93	
890.467	-3.75	
890.637	110.93	
890.808	-5.8	
890.978	90.45	
891.149	37.2	
891.319	82.26	
891.49	12.63	
891.66	104.79	
891.831	102.74	
892.001	24.92	
892.172	20.82	
892.342	74.07	
892.512	-20.14	
892.683	33.11	
892.853	24.92	
893.023	29.01	
893.193	-11.95	
893.364	-42.67	
893.534	20.82	
893.704	65.88	
893.874	22.87	
894.044	43.35	
894.215	117.08	
894.385	33.11	
894.555	12.63	
894.725	47.44	
894.895	0.34	
895.065	94.55	
895.235	-61.1	
895.405	6.49	
895.575	-16.04	
895.745	112.98	
895.915	4.44	
