177.618	-200.87	
177.836	-200.87	
178.054	-200.87	
178.271	-143.53	
178.489	-147.62	
178.706	-43.18	
178.924	114.52	
179.142	-34.99	
179.359	3.93	
179.577	32.6	
179.794	32.6	
180.012	-49.32	
180.229	-39.08	
180.447	-63.66	
180.664	-0.17	
180.882	24.4	
181.1	22.36	
181.317	-10.41	
181.535	89.94	
181.752	57.17	
181.969	-4.27	
182.187	32.6	
182.404	14.17	
182.622	57.17	
182.839	-2.22	
183.057	-49.32	
183.274	-53.42	
183.492	48.98	
183.709	53.08	
183.926	65.36	
184.144	112.47	
184.361	-22.7	
184.579	81.75	
184.796	-10.41	
185.013	20.31	
185.231	1.88	
185.448	-16.55	
185.666	63.32	
185.883	22.36	
186.1	57.17	
186.317	-16.55	
186.535	46.93	
186.752	59.22	
186.969	-41.13	
187.187	34.64	
187.404	26.45	
187.621	141.14	
187.839	-18.6	
188.056	130.9	
188.273	63.32	
188.49	-4.27	
188.708	-0.17	
188.925	96.08	
189.142	-20.65	
189.359	61.27	
189.576	-49.32	
189.794	67.41	
190.011	34.64	
190.228	44.88	
190.445	81.75	
190.662	163.67	
190.879	1.88	
191.097	151.38	
191.314	38.74	
191.531	26.45	
191.748	-12.46	
191.965	-4.27	
192.182	-22.7	
192.399	89.94	
192.616	-0.17	
192.834	16.21	
193.051	106.32	
193.268	100.18	
193.485	-8.36	
193.702	32.6	
193.919	-10.41	
194.136	-10.41	
194.353	3.93	
194.57	69.46	
194.787	59.22	
195.004	124.76	
195.221	40.79	
195.438	83.8	
195.655	-4.27	
195.872	34.64	
196.089	-22.7	
196.306	173.91	
196.523	-57.51	
196.74	100.18	
196.957	94.04	
197.173	63.32	
197.39	24.4	
197.607	-28.84	
197.824	-18.6	
198.041	57.17	
198.258	143.19	
198.475	65.36	
198.692	18.26	
198.909	44.88	
199.125	28.5	
199.342	5.97	
199.559	-37.03	
199.776	79.7	
199.993	-24.75	
200.21	-6.31	
200.426	91.99	
200.643	75.6	
200.86	-14.51	
201.077	14.17	
201.293	26.45	
201.51	75.6	
201.727	-51.37	
201.944	48.98	
202.16	-82.09	
202.377	3.93	
202.594	141.14	
202.811	48.98	
203.027	18.26	
203.244	34.64	
203.461	-20.65	
203.677	77.65	
203.894	-43.18	
204.111	85.84	
204.327	44.88	
204.544	94.04	
204.761	67.41	
204.977	100.18	
205.194	79.7	
205.41	14.17	
205.627	51.03	
205.844	59.22	
206.06	34.64	
206.277	48.98	
206.493	10.07	
206.71	-6.31	
206.926	-41.13	
207.143	-2.22	
207.36	-22.7	
207.576	57.17	
207.793	22.36	
208.009	180.05	
208.226	30.55	
208.442	61.27	
208.659	34.64	
208.875	-53.42	
209.092	104.28	
209.308	-34.99	
209.524	10.07	
209.741	8.02	
209.957	16.21	
210.174	167.76	
210.39	120.66	
210.607	55.12	
210.823	-34.99	
211.039	48.98	
211.256	26.45	
211.472	65.36	
211.688	65.36	
211.905	-63.66	
212.121	8.02	
212.338	51.03	
212.554	-30.89	
212.77	-30.89	
212.987	40.79	
213.203	73.56	
213.419	63.32	
213.635	-14.51	
213.852	65.36	
214.068	-30.89	
214.284	-28.84	
214.501	38.74	
214.717	-26.79	
214.933	128.85	
215.149	18.26	
215.365	24.4	
215.582	-12.46	
215.798	-8.36	
216.014	-28.84	
216.23	-2.22	
216.447	40.79	
216.663	98.13	
216.879	1.88	
217.095	-26.79	
217.311	-65.71	
217.527	151.38	
217.743	81.75	
217.96	65.36	
218.176	67.41	
218.392	57.17	
218.608	85.84	
218.824	89.94	
219.04	-12.46	
219.256	-53.42	
219.472	-14.51	
219.688	81.75	
219.904	22.36	
220.12	24.4	
220.336	98.13	
220.552	100.18	
220.768	-63.66	
220.984	73.56	
221.2	98.13	
221.416	20.31	
221.632	24.4	
221.848	51.03	
222.064	-8.36	
222.28	-12.46	
222.496	59.22	
222.712	-45.23	
222.928	57.17	
223.144	132.95	
223.36	18.26	
223.576	81.75	
223.792	24.4	
224.008	42.84	
224.224	18.26	
224.439	108.37	
224.655	34.64	
224.871	73.56	
225.087	-34.99	
225.303	30.55	
225.519	55.12	
225.734	8.02	
225.95	-0.17	
226.166	126.8	
226.382	75.6	
226.598	96.08	
226.813	-14.51	
227.029	167.76	
227.245	96.08	
227.461	94.04	
227.677	59.22	
227.892	149.33	
228.108	126.8	
228.324	48.98	
228.539	12.12	
228.755	96.08	
228.971	-0.17	
229.186	71.51	
229.402	-2.22	
229.618	79.7	
229.833	34.64	
230.049	22.36	
230.265	34.64	
230.48	16.21	
230.696	51.03	
230.912	171.86	
231.127	71.51	
231.343	-14.51	
231.558	94.04	
231.774	14.17	
231.99	69.46	
232.205	147.28	
232.421	75.6	
232.636	51.03	
232.852	30.55	
233.067	30.55	
233.283	63.32	
233.498	-8.36	
233.714	32.6	
233.929	57.17	
234.145	34.64	
234.36	83.8	
234.576	83.8	
234.791	81.75	
235.007	53.08	
235.222	53.08	
235.438	132.95	
235.653	178	
235.868	-18.6	
236.084	180.05	
236.299	32.6	
236.515	221.01	
236.73	85.84	
236.945	8.02	
237.161	-2.22	
237.376	46.93	
237.592	42.84	
237.807	106.32	
238.022	32.6	
238.238	20.31	
238.453	-32.94	
238.668	22.36	
238.883	-8.36	
239.099	75.6	
239.314	-63.66	
239.529	89.94	
239.745	-94.38	
239.96	24.4	
240.175	79.7	
240.39	79.7	
240.605	22.36	
240.821	114.52	
241.036	57.17	
241.251	20.31	
241.466	98.13	
241.681	75.6	
241.897	3.93	
242.112	53.08	
242.327	26.45	
242.542	100.18	
242.757	-8.36	
242.972	1.88	
243.188	30.55	
243.403	12.12	
243.618	-6.31	
243.833	65.36	
244.048	98.13	
244.263	16.21	
244.478	-4.27	
244.693	-22.7	
244.908	32.6	
245.123	3.93	
245.338	-0.17	
245.553	-2.22	
245.768	77.65	
245.983	89.94	
246.198	-24.75	
246.413	46.93	
246.628	-2.22	
246.843	40.79	
247.058	36.69	
247.273	26.45	
247.488	8.02	
247.703	34.64	
247.918	-0.17	
248.133	143.19	
248.348	22.36	
248.563	69.46	
248.778	-63.66	
248.993	106.32	
249.207	-14.51	
249.422	55.12	
249.637	61.27	
249.852	83.8	
250.067	42.84	
250.282	137.04	
250.496	-51.37	
250.711	18.26	
250.926	3.93	
251.141	81.75	
251.356	-0.17	
251.57	-12.46	
251.785	53.08	
252	73.56	
252.215	71.51	
252.43	10.07	
252.644	-8.36	
252.859	122.71	
253.074	100.18	
253.288	-10.41	
253.503	67.41	
253.718	34.64	
253.932	12.12	
254.147	149.33	
254.362	229.2	
254.576	83.8	
254.791	87.89	
255.006	34.64	
255.22	67.41	
255.435	96.08	
255.65	40.79	
255.864	-59.56	
256.079	55.12	
256.293	16.21	
256.508	8.02	
256.723	83.8	
256.937	53.08	
257.152	128.85	
257.366	-32.94	
257.581	18.26	
257.795	26.45	
258.01	85.84	
258.224	30.55	
258.439	194.39	
258.653	-12.46	
258.868	26.45	
259.082	-47.27	
259.297	94.04	
259.511	-32.94	
259.726	-30.89	
259.94	-16.55	
260.154	-47.27	
260.369	22.36	
260.583	-69.8	
260.798	18.26	
261.012	63.32	
261.226	44.88	
261.441	91.99	
261.655	110.42	
261.869	22.36	
262.084	14.17	
262.298	-2.22	
262.512	-28.84	
262.727	48.98	
262.941	-14.51	
263.155	32.6	
263.37	24.4	
263.584	77.65	
263.798	24.4	
264.012	73.56	
264.227	-55.47	
264.441	32.6	
264.655	20.31	
264.869	167.76	
265.084	36.69	
265.298	124.76	
265.512	8.02	
265.726	42.84	
265.94	3.93	
266.155	122.71	
266.369	-22.7	
266.583	98.13	
266.797	-10.41	
267.011	22.36	
267.225	53.08	
267.439	157.52	
267.654	42.84	
267.868	65.36	
268.082	59.22	
268.296	57.17	
268.51	-65.71	
268.724	-47.27	
268.938	26.45	
269.152	46.93	
269.366	-12.46	
269.58	48.98	
269.794	71.51	
270.008	98.13	
270.222	5.97	
270.436	106.32	
270.65	48.98	
270.864	-47.27	
271.078	-28.84	
271.292	91.99	
271.506	102.23	
271.72	110.42	
271.934	32.6	
272.148	-8.36	
272.362	71.51	
272.575	46.93	
272.789	63.32	
273.003	12.12	
273.217	71.51	
273.431	-28.84	
273.645	79.7	
273.859	26.45	
274.073	73.56	
274.286	147.28	
274.5	165.71	
274.714	57.17	
274.928	-0.17	
275.142	-22.7	
275.355	110.42	
275.569	28.5	
275.783	26.45	
275.997	26.45	
276.21	46.93	
276.424	108.37	
276.638	57.17	
276.852	69.46	
277.065	32.6	
277.279	-0.17	
277.493	-47.27	
277.706	100.18	
277.92	108.37	
278.134	98.13	
278.347	79.7	
278.561	10.07	
278.775	-8.36	
278.988	57.17	
279.202	67.41	
279.415	-88.23	
279.629	-10.41	
279.843	124.76	
280.056	65.36	
280.27	26.45	
280.483	116.56	
280.697	83.8	
280.91	12.12	
281.124	83.8	
281.337	24.4	
281.551	102.23	
281.764	53.08	
281.978	104.28	
282.191	-147.62	
282.405	98.13	
282.618	75.6	
282.832	75.6	
283.045	-67.75	
283.259	-43.18	
283.472	-22.7	
283.686	73.56	
283.899	-2.22	
284.112	71.51	
284.326	-39.08	
284.539	81.75	
284.752	89.94	
284.966	100.18	
285.179	73.56	
285.393	-28.84	
285.606	94.04	
285.819	132.95	
286.033	57.17	
286.246	98.13	
286.459	-53.42	
286.672	118.61	
286.886	-32.94	
287.099	40.79	
287.312	51.03	
287.525	139.09	
287.739	-22.7	
287.952	12.12	
288.165	83.8	
288.378	94.04	
288.592	198.48	
288.805	46.93	
289.018	59.22	
289.231	-43.18	
289.444	83.8	
289.657	55.12	
289.871	153.43	
290.084	-8.36	
290.297	-30.89	
290.51	-28.84	
290.723	165.71	
290.936	48.98	
291.149	-24.75	
291.362	116.56	
291.575	32.6	
291.789	130.9	
292.002	46.93	
292.215	63.32	
292.428	-0.17	
292.641	40.79	
292.854	-6.31	
293.067	210.77	
293.28	96.08	
293.493	57.17	
293.706	34.64	
293.919	42.84	
294.132	30.55	
294.345	26.45	
294.558	-26.79	
294.77	65.36	
294.983	-34.99	
295.196	26.45	
295.409	51.03	
295.622	159.57	
295.835	59.22	
296.048	77.65	
296.261	42.84	
296.474	51.03	
296.686	59.22	
296.899	100.18	
297.112	-16.55	
297.325	75.6	
297.538	89.94	
297.751	79.7	
297.963	116.56	
298.176	71.51	
298.389	77.65	
298.602	22.36	
298.814	-6.31	
299.027	65.36	
299.24	288.59	
299.453	59.22	
299.665	-14.51	
299.878	89.94	
300.091	40.79	
300.303	-8.36	
300.516	32.6	
300.729	73.56	
300.941	87.89	
301.154	59.22	
301.367	16.21	
301.579	53.08	
301.792	48.98	
302.005	65.36	
302.217	87.89	
302.43	67.41	
302.642	8.02	
302.855	40.79	
303.067	-16.55	
303.28	8.02	
303.493	-96.43	
303.705	106.32	
303.918	-53.42	
304.13	98.13	
304.343	16.21	
304.555	141.14	
304.768	-0.17	
304.98	91.99	
305.193	-26.79	
305.405	81.75	
305.617	34.64	
305.83	96.08	
306.042	14.17	
306.255	87.89	
306.467	-8.36	
306.68	79.7	
306.892	48.98	
307.104	12.12	
307.317	-30.89	
307.529	132.95	
307.741	51.03	
307.954	71.51	
308.166	65.36	
308.378	65.36	
308.591	110.42	
308.803	106.32	
309.015	44.88	
309.228	81.75	
309.44	188.24	
309.652	108.37	
309.864	-10.41	
310.077	59.22	
310.289	57.17	
310.501	16.21	
310.713	-6.31	
310.926	46.93	
311.138	1.88	
311.35	55.12	
311.562	85.84	
311.774	75.6	
311.986	-8.36	
312.199	139.09	
312.411	57.17	
312.623	87.89	
312.835	-67.75	
313.047	48.98	
313.259	-34.99	
313.471	-0.17	
313.683	57.17	
313.895	18.26	
314.108	-59.56	
314.32	57.17	
314.532	32.6	
314.744	89.94	
314.956	22.36	
315.168	83.8	
315.38	12.12	
315.592	59.22	
315.804	-8.36	
316.016	178	
316.228	42.84	
316.44	225.11	
316.651	26.45	
316.863	10.07	
317.075	48.98	
317.287	8.02	
317.499	-0.17	
317.711	-14.51	
317.923	46.93	
318.135	44.88	
318.347	149.33	
318.559	-0.17	
318.77	83.8	
318.982	132.95	
319.194	18.26	
319.406	46.93	
319.618	-8.36	
319.83	-28.84	
320.041	89.94	
320.253	5.97	
320.465	-0.17	
320.677	32.6	
320.888	65.36	
321.1	24.4	
321.312	-55.47	
321.524	40.79	
321.735	83.8	
321.947	67.41	
322.159	3.93	
322.37	-2.22	
322.582	26.45	
322.794	46.93	
323.005	16.21	
323.217	163.67	
323.429	32.6	
323.64	-22.7	
323.852	79.7	
324.063	16.21	
324.275	34.64	
324.487	10.07	
324.698	106.32	
324.91	46.93	
325.121	1.88	
325.333	104.28	
325.544	-34.99	
325.756	-0.17	
325.967	59.22	
326.179	89.94	
326.39	46.93	
326.602	59.22	
326.813	73.56	
327.025	36.69	
327.236	53.08	
327.448	61.27	
327.659	8.02	
327.871	14.17	
328.082	-0.17	
328.293	18.26	
328.505	34.64	
328.716	104.28	
328.928	59.22	
329.139	85.84	
329.35	63.32	
329.562	104.28	
329.773	40.79	
329.984	-4.27	
330.196	65.36	
330.407	-20.65	
330.618	51.03	
330.83	3.93	
331.041	-47.27	
331.252	-14.51	
331.463	14.17	
331.675	96.08	
331.886	61.27	
332.097	71.51	
332.308	122.71	
332.52	87.89	
332.731	81.75	
332.942	59.22	
333.153	26.45	
333.364	73.56	
333.575	98.13	
333.787	69.46	
333.998	26.45	
334.209	38.74	
334.42	51.03	
334.631	110.42	
334.842	3.93	
335.053	57.17	
335.264	40.79	
335.475	12.12	
335.686	8.02	
335.898	55.12	
336.109	44.88	
336.32	53.08	
336.531	-16.55	
336.742	26.45	
336.953	24.4	
337.164	48.98	
337.375	32.6	
337.586	-6.31	
337.797	28.5	
338.007	16.21	
338.218	-6.31	
338.429	89.94	
338.64	-34.99	
338.851	40.79	
339.062	-8.36	
339.273	67.41	
339.484	73.56	
339.695	116.56	
339.906	-39.08	
340.116	-49.32	
340.327	61.27	
340.538	120.66	
340.749	51.03	
340.96	67.41	
341.171	32.6	
341.381	22.36	
341.592	71.51	
341.803	26.45	
342.014	18.26	
342.224	34.64	
342.435	108.37	
342.646	69.46	
342.857	18.26	
343.067	83.8	
343.278	77.65	
343.489	110.42	
343.699	91.99	
343.91	57.17	
344.121	22.36	
344.331	55.12	
344.542	-30.89	
344.753	61.27	
344.963	26.45	
345.174	114.52	
345.384	53.08	
345.595	69.46	
345.806	73.56	
346.016	87.89	
346.227	104.28	
346.437	36.69	
346.648	32.6	
346.858	61.27	
347.069	55.12	
347.279	28.5	
347.49	59.22	
347.7	63.32	
347.911	53.08	
348.121	10.07	
348.332	-45.23	
348.542	77.65	
348.753	122.71	
348.963	-0.17	
349.173	116.56	
349.384	24.4	
349.594	71.51	
349.805	96.08	
350.015	108.37	
350.225	100.18	
350.436	1.88	
350.646	75.6	
350.856	24.4	
351.067	42.84	
351.277	12.12	
351.487	75.6	
351.698	-32.94	
351.908	91.99	
352.118	53.08	
352.328	59.22	
352.539	28.5	
352.749	8.02	
352.959	149.33	
353.169	57.17	
353.38	55.12	
353.59	114.52	
353.8	-6.31	
354.01	135	
354.22	67.41	
354.431	-32.94	
354.641	18.26	
354.851	132.95	
355.061	85.84	
355.271	81.75	
355.481	63.32	
355.691	122.71	
355.901	20.31	
356.111	36.69	
356.321	71.51	
356.532	63.32	
356.742	85.84	
356.952	1.88	
357.162	26.45	
357.372	32.6	
357.582	10.07	
357.792	79.7	
358.002	-41.13	
358.212	32.6	
358.422	51.03	
358.632	61.27	
358.842	32.6	
359.051	-51.37	
359.261	51.03	
359.471	165.71	
359.681	34.64	
359.891	32.6	
360.101	67.41	
360.311	46.93	
360.521	-55.47	
360.731	48.98	
360.94	57.17	
361.15	163.67	
361.36	-12.46	
361.57	147.28	
361.78	71.51	
361.989	122.71	
362.199	22.36	
362.409	116.56	
362.619	161.62	
362.828	61.27	
363.038	69.46	
363.248	169.81	
363.458	18.26	
363.667	161.62	
363.877	161.62	
364.087	42.84	
364.296	89.94	
364.506	128.85	
364.716	22.36	
364.925	194.39	
365.135	135	
365.345	32.6	
365.554	100.18	
365.764	48.98	
365.973	139.09	
366.183	110.42	
366.393	116.56	
366.602	106.32	
366.812	18.26	
367.021	120.66	
367.231	-49.32	
367.44	51.03	
367.65	63.32	
367.859	96.08	
368.069	100.18	
368.278	69.46	
368.488	79.7	
368.697	130.9	
368.907	114.52	
369.116	5.97	
369.326	77.65	
369.535	202.58	
369.744	108.37	
369.954	116.56	
370.163	216.91	
370.373	139.09	
370.582	196.43	
370.791	130.9	
371.001	114.52	
371.21	106.32	
371.419	116.56	
371.629	94.04	
371.838	167.76	
372.047	110.42	
372.256	184.15	
372.466	194.39	
372.675	169.81	
372.884	147.28	
373.093	83.8	
373.303	198.48	
373.512	139.09	
373.721	294.74	
373.93	251.73	
374.139	278.35	
374.349	233.3	
374.558	319.31	
374.767	286.54	
374.976	345.94	
375.185	290.64	
375.394	294.74	
375.603	360.27	
375.813	321.36	
376.022	499.53	
376.231	460.62	
376.44	454.48	
376.649	474.96	
376.858	444.24	
377.067	632.65	
377.276	546.64	
377.485	515.92	
377.694	575.31	
377.903	620.36	
378.112	692.04	
378.321	712.52	
378.53	735.05	
378.739	788.3	
378.948	812.87	
379.157	995.14	
379.366	872.26	
379.575	1007.43	
379.784	1122.12	
379.992	1083.2	
380.201	1070.92	
380.41	1144.64	
380.619	1240.9	
380.828	1279.81	
381.037	1224.51	
381.246	1390.4	
381.454	1421.12	
381.663	1613.63	
381.872	1580.86	
382.081	1859.38	
382.29	1929.02	
382.498	2103.09	
382.707	2015.03	
382.916	1959.74	
383.125	2137.91	
383.333	2365.23	
383.542	2250.55	
383.751	2574.13	
383.959	2598.7	
384.168	2764.59	
384.377	2920.23	
384.585	2852.65	
384.794	3084.07	
385.003	3190.56	
385.211	3280.68	
385.42	3415.84	
385.628	3620.64	
385.837	3647.26	
386.046	3866.39	
386.254	4130.58	
386.463	4325.14	
386.671	4394.77	
386.88	4419.35	
387.088	4574.99	
387.297	4661.01	
387.505	5187.33	
387.714	5129.99	
387.922	5351.17	
388.131	5553.92	
388.339	5609.22	
388.548	5988.09	
388.756	6170.36	
388.965	6416.12	
389.173	6627.06	
389.381	6799.09	
389.59	7233.25	
389.798	7395.04	
390.007	7765.73	
390.215	7976.67	
390.423	8259.29	
390.632	8070.87	
390.84	8599.25	
391.048	8750.8	
391.257	9162.44	
391.465	9201.35	
391.673	9553.6	
391.882	9836.22	
392.09	10182.33	
392.298	10405.56	
392.506	10831.54	
392.715	11200.17	
392.923	11386.54	
393.131	11820.7	
393.339	12172.96	
393.547	12590.74	
393.756	12709.52	
393.964	12902.03	
394.172	13184.65	
394.38	13289.1	
394.588	13674.12	
394.796	13854.34	
395.005	14571.13	
395.213	14796.4	
395.421	15279.72	
395.629	15261.29	
395.837	15871.59	
396.045	16342.62	
396.253	16987.73	
396.461	17081.94	
396.669	17489.48	
396.877	17589.83	
397.085	17983.04	
397.293	18630.2	
397.501	18609.72	
397.709	19291.69	
397.917	20112.93	
398.125	20223.52	
398.333	20592.16	
398.541	21171.73	
398.749	21935.62	
398.957	21607.95	
399.165	22375.94	
399.373	22048.26	
399.581	22787.58	
399.788	22418.94	
399.996	22509.05	
400.204	22605.31	
400.412	22437.37	
400.62	23889.38	
400.828	23555.57	
401.035	23805.42	
401.243	24296.93	
401.451	24741.34	
401.659	24520.16	
401.867	25195.99	
402.074	25198.04	
402.282	24548.83	
402.49	25255.38	
402.697	24698.33	
402.905	24868.31	
403.113	25216.47	
403.321	25538	
403.528	25316.82	
403.736	25800.14	
403.944	25787.85	
404.151	25390.55	
404.359	25331.15	
404.566	26076.62	
404.774	25058.77	
404.982	25480.66	
405.189	24907.23	
405.397	24759.77	
405.604	24864.22	
405.812	24935.9	
406.02	24923.61	
406.227	24724.96	
406.435	23924.2	
406.642	24542.69	
406.85	23952.87	
407.057	23422.45	
407.265	23852.52	
407.472	23049.72	
407.679	22337.02	
407.887	22351.36	
408.094	21636.62	
408.302	21118.48	
408.509	20938.26	
408.717	20397.6	
408.924	19877.41	
409.131	19871.27	
409.339	19134	
409.546	18851.38	
409.753	18452.03	
409.961	18648.63	
410.168	17722.95	
410.375	18026.05	
410.583	16852.56	
410.79	16637.53	
410.997	15556.2	
411.205	15736.42	
411.412	15318.64	
411.619	15525.48	
411.826	14722.68	
412.034	14689.91	
412.241	13973.12	
412.448	13919.87	
412.655	12992.14	
412.862	13014.67	
413.07	12684.95	
413.277	12109.47	
413.484	12027.55	
413.691	11632.29	
413.898	11710.11	
414.105	11427.49	
414.312	11175.59	
414.519	11093.68	
414.727	10821.3	
414.934	10337.98	
415.141	9926.33	
415.348	9690.82	
415.555	9574.08	
415.762	9533.12	
415.969	9221.83	
416.176	8881.87	
416.383	8566.48	
416.59	8488.66	
416.797	8412.88	
417.004	8158.94	
417.211	7786.21	
417.418	7982.81	
417.625	7671.52	
417.831	7499.49	
418.038	7444.2	
418.245	7223.02	
418.452	7018.22	
418.659	6893.29	
418.866	6391.54	
419.073	6600.43	
419.28	6272.76	
419.486	5820.16	
419.693	5957.37	
419.9	6000.38	
420.107	5701.37	
420.314	5578.5	
420.52	5467.91	
420.727	5412.61	
420.934	5195.53	
421.141	5007.11	
421.347	5000.97	
421.554	4728.59	
421.761	4808.46	
421.967	4687.63	
422.174	4577.04	
422.381	4415.25	
422.588	4267.8	
422.794	4056.86	
423.001	4034.33	
423.207	3944.22	
423.414	3942.17	
423.621	3800.86	
423.827	3700.51	
424.034	3649.31	
424.24	3438.37	
424.447	3454.75	
424.654	3403.55	
424.86	3317.54	
425.067	3233.57	
425.273	2955.05	
425.48	2901.8	
425.686	2987.82	
425.893	2918.18	
426.099	2854.7	
426.306	2664.24	
426.512	2610.99	
426.718	2668.33	
426.925	2692.91	
427.131	2565.93	
427.338	2377.52	
427.544	2219.83	
427.75	2387.76	
427.957	2195.25	
428.163	2209.59	
428.37	2066.23	
428.576	2053.94	
428.782	2004.79	
428.988	1929.02	
429.195	1902.39	
429.401	1865.53	
429.607	1754.94	
429.814	1922.87	
430.02	1863.48	
430.226	1894.2	
430.432	1642.3	
430.639	1578.81	
430.845	1720.12	
431.051	1584.96	
431.257	1541.95	
431.463	1539.9	
431.67	1505.09	
431.876	1406.78	
432.082	1400.64	
432.288	1310.53	
432.494	1238.85	
432.7	1371.97	
432.906	1308.48	
433.112	1361.73	
433.318	1236.8	
433.525	1169.22	
433.731	1273.67	
433.937	1140.55	
434.143	1113.92	
434.349	1132.36	
434.555	999.24	
434.761	1097.54	
434.967	1048.39	
435.173	960.33	
435.379	984.9	
435.585	890.7	
435.791	997.19	
435.996	1105.73	
436.202	821.06	
436.408	1042.25	
436.614	767.82	
436.82	892.74	
437.026	905.03	
437.232	862.02	
437.438	728.91	
437.644	794.44	
437.849	640.84	
438.055	632.65	
438.261	710.47	
438.467	655.18	
438.673	698.19	
438.878	599.88	
439.084	587.6	
439.29	618.32	
439.496	624.46	
439.701	612.17	
439.907	589.64	
440.113	573.26	
440.318	515.92	
440.524	448.33	
440.73	522.06	
440.935	507.73	
441.141	487.25	
441.347	542.54	
441.552	489.29	
441.758	499.53	
441.964	372.56	
442.169	446.29	
442.375	409.42	
442.58	497.49	
442.786	442.19	
442.991	374.61	
443.197	376.66	
443.402	427.85	
443.608	341.84	
443.813	386.9	
444.019	343.89	
444.224	434	
444.43	425.81	
444.635	335.7	
444.841	343.89	
445.046	358.22	
445.252	272.21	
445.457	434	
445.662	307.02	
445.868	259.92	
446.073	141.14	
446.278	327.5	
446.484	337.74	
446.689	311.12	
446.894	247.63	
447.1	257.87	
447.305	286.54	
447.51	253.78	
447.716	286.54	
447.921	237.39	
448.126	216.91	
448.331	225.11	
448.537	280.4	
448.742	171.86	
448.947	270.16	
449.152	264.02	
449.357	124.76	
449.563	206.67	
449.768	261.97	
449.973	229.2	
450.178	128.85	
450.383	231.25	
450.588	290.64	
450.793	114.52	
450.999	247.63	
451.204	175.95	
451.409	253.78	
451.614	190.29	
451.819	51.03	
452.024	186.19	
452.229	124.76	
452.434	214.87	
452.639	300.88	
452.844	159.57	
453.049	128.85	
453.254	190.29	
453.459	149.33	
453.664	100.18	
453.869	145.24	
454.074	61.27	
454.279	96.08	
454.483	122.71	
454.688	151.38	
454.893	106.32	
455.098	143.19	
455.303	294.74	
455.508	112.47	
455.713	91.99	
455.917	106.32	
456.122	44.88	
456.327	132.95	
456.532	200.53	
456.737	51.03	
456.941	122.71	
457.146	57.17	
457.351	67.41	
457.555	100.18	
457.76	81.75	
457.965	83.8	
458.17	77.65	
458.374	83.8	
458.579	46.93	
458.784	149.33	
458.988	108.37	
459.193	44.88	
459.397	104.28	
459.602	122.71	
459.807	128.85	
460.011	77.65	
460.216	171.86	
460.42	114.52	
460.625	175.95	
460.829	73.56	
461.034	44.88	
461.239	57.17	
461.443	81.75	
461.648	98.13	
461.852	173.91	
462.056	36.69	
462.261	98.13	
462.465	132.95	
462.67	65.36	
462.874	120.66	
463.079	24.4	
463.283	100.18	
463.487	139.09	
463.692	59.22	
463.896	122.71	
464.1	91.99	
464.305	36.69	
464.509	132.95	
464.713	89.94	
464.918	141.14	
465.122	65.36	
465.326	65.36	
465.531	24.4	
465.735	18.26	
465.939	40.79	
466.143	44.88	
466.348	34.64	
466.552	-6.31	
466.756	-14.51	
466.96	85.84	
467.164	104.28	
467.368	141.14	
467.573	100.18	
467.777	57.17	
467.981	96.08	
468.185	26.45	
468.389	91.99	
468.593	79.7	
468.797	65.36	
469.001	1.88	
469.205	-39.08	
469.409	83.8	
469.613	53.08	
469.817	171.86	
470.021	135	
470.225	71.51	
470.429	104.28	
470.633	124.76	
470.837	143.19	
471.041	57.17	
471.245	-2.22	
471.449	8.02	
471.653	32.6	
471.857	57.17	
472.061	40.79	
472.265	51.03	
472.469	26.45	
472.673	8.02	
472.876	94.04	
473.08	18.26	
473.284	75.6	
473.488	-0.17	
473.692	73.56	
473.895	-18.6	
474.099	83.8	
474.303	89.94	
474.507	65.36	
474.71	26.45	
474.914	126.8	
475.118	14.17	
475.322	89.94	
475.525	55.12	
475.729	67.41	
475.933	-22.7	
476.136	5.97	
476.34	18.26	
476.543	253.78	
476.747	-2.22	
476.951	163.67	
477.154	67.41	
477.358	85.84	
477.561	24.4	
477.765	132.95	
477.969	87.89	
478.172	57.17	
478.376	10.07	
478.579	26.45	
478.783	59.22	
478.986	89.94	
479.19	-34.99	
479.393	48.98	
479.596	-53.42	
479.8	143.19	
480.003	34.64	
480.207	98.13	
480.41	-30.89	
480.614	51.03	
480.817	-0.17	
481.02	75.6	
481.224	-41.13	
481.427	57.17	
481.63	77.65	
481.834	28.5	
482.037	89.94	
482.24	22.36	
482.443	-69.8	
482.647	3.93	
482.85	40.79	
483.053	34.64	
483.256	30.55	
483.46	75.6	
483.663	-90.28	
483.866	63.32	
484.069	-10.41	
484.272	132.95	
484.476	118.61	
484.679	63.32	
484.882	112.47	
485.085	102.23	
485.288	81.75	
485.491	57.17	
485.694	8.02	
485.897	12.12	
486.101	-22.7	
486.304	110.42	
486.507	-26.79	
486.71	132.95	
486.913	55.12	
487.116	71.51	
487.319	40.79	
487.522	-16.55	
487.725	38.74	
487.928	69.46	
488.13	141.14	
488.333	-26.79	
488.536	-0.17	
488.739	89.94	
488.942	128.85	
489.145	-6.31	
489.348	8.02	
489.551	63.32	
489.754	32.6	
489.956	96.08	
490.159	96.08	
490.362	73.56	
490.565	73.56	
490.768	40.79	
490.97	46.93	
491.173	132.95	
491.376	137.04	
491.579	24.4	
491.781	44.88	
491.984	53.08	
492.187	57.17	
492.39	100.18	
492.592	42.84	
492.795	77.65	
492.998	108.37	
493.2	73.56	
493.403	73.56	
493.605	18.26	
493.808	57.17	
494.011	128.85	
494.213	-22.7	
494.416	18.26	
494.618	-6.31	
494.821	116.56	
495.023	120.66	
495.226	106.32	
495.428	79.7	
495.631	34.64	
495.833	85.84	
496.036	30.55	
496.238	16.21	
496.441	55.12	
496.643	-53.42	
496.846	51.03	
497.048	59.22	
497.25	16.21	
497.453	87.89	
497.655	122.71	
497.858	20.31	
498.06	157.52	
498.262	69.46	
498.465	51.03	
498.667	3.93	
498.869	28.5	
499.071	98.13	
499.274	40.79	
499.476	30.55	
499.678	48.98	
499.881	10.07	
500.083	20.31	
500.285	-28.84	
500.487	112.47	
500.689	-82.09	
500.892	100.18	
501.094	100.18	
501.296	26.45	
501.498	-8.36	
501.7	59.22	
501.902	61.27	
502.104	63.32	
502.306	-10.41	
502.509	18.26	
502.711	-98.47	
502.913	75.6	
503.115	16.21	
503.317	20.31	
503.519	-32.94	
503.721	91.99	
503.923	55.12	
504.125	143.19	
504.327	130.9	
504.529	36.69	
504.731	44.88	
504.933	118.61	
505.134	53.08	
505.336	178	
505.538	46.93	
505.74	65.36	
505.942	73.56	
506.144	16.21	
506.346	-20.65	
506.548	48.98	
506.749	-6.31	
506.951	38.74	
507.153	-8.36	
507.355	40.79	
507.557	5.97	
507.758	46.93	
507.96	16.21	
508.162	46.93	
508.363	-16.55	
508.565	40.79	
508.767	57.17	
508.969	112.47	
509.17	48.98	
509.372	114.52	
509.574	-18.6	
509.775	28.5	
509.977	53.08	
510.178	61.27	
510.38	-71.85	
510.582	-47.27	
510.783	55.12	
510.985	28.5	
511.186	-39.08	
511.388	-43.18	
511.589	14.17	
511.791	89.94	
511.992	48.98	
512.194	-39.08	
512.395	-30.89	
512.597	46.93	
512.798	-18.6	
513	98.13	
513.201	36.69	
513.403	32.6	
513.604	34.64	
513.805	151.38	
514.007	22.36	
514.208	63.32	
514.409	10.07	
514.611	-30.89	
514.812	-30.89	
515.013	30.55	
515.215	69.46	
515.416	73.56	
515.617	96.08	
515.819	-12.46	
516.02	-28.84	
516.221	-8.36	
516.422	20.31	
516.623	32.6	
516.825	67.41	
517.026	98.13	
517.227	26.45	
517.428	-37.03	
517.629	3.93	
517.83	-8.36	
518.032	-32.94	
518.233	83.8	
518.434	116.56	
518.635	128.85	
518.836	-24.75	
519.037	59.22	
519.238	-32.94	
519.439	44.88	
519.64	-41.13	
519.841	-22.7	
520.042	65.36	
520.243	26.45	
520.444	38.74	
520.645	-22.7	
520.846	-16.55	
521.047	-18.6	
521.248	53.08	
521.449	30.55	
521.65	-24.75	
521.851	34.64	
522.052	36.69	
522.252	83.8	
522.453	-4.27	
522.654	98.13	
522.855	67.41	
523.056	-55.47	
523.257	20.31	
523.457	20.31	
523.658	91.99	
523.859	42.84	
524.06	-55.47	
524.26	91.99	
524.461	-28.84	
524.662	-22.7	
524.862	38.74	
525.063	87.89	
525.264	-63.66	
525.464	48.98	
525.665	108.37	
525.866	51.03	
526.066	122.71	
526.267	171.86	
526.468	-16.55	
526.668	46.93	
526.869	32.6	
527.069	55.12	
527.27	67.41	
527.47	98.13	
527.671	30.55	
527.871	67.41	
528.072	36.69	
528.272	24.4	
528.473	24.4	
528.673	-59.56	
528.874	98.13	
529.074	114.52	
529.275	10.07	
529.475	-8.36	
529.675	14.17	
529.876	14.17	
530.076	67.41	
530.277	5.97	
530.477	-51.37	
530.677	-2.22	
530.878	40.79	
531.078	65.36	
531.278	65.36	
531.478	143.19	
531.679	48.98	
531.879	32.6	
532.079	-45.23	
532.28	-6.31	
532.48	30.55	
532.68	-22.7	
532.88	81.75	
533.08	22.36	
533.28	22.36	
533.481	122.71	
533.681	24.4	
533.881	26.45	
534.081	81.75	
534.281	36.69	
534.481	28.5	
534.681	137.04	
534.881	63.32	
535.081	67.41	
535.281	114.52	
535.481	24.4	
535.682	-12.46	
535.882	81.75	
536.082	65.36	
536.281	-12.46	
536.481	106.32	
536.681	-45.23	
536.881	130.9	
537.081	89.94	
537.281	85.84	
537.481	16.21	
537.681	12.12	
537.881	30.55	
538.081	38.74	
538.281	-26.79	
538.48	85.84	
538.68	98.13	
538.88	61.27	
539.08	-4.27	
539.28	132.95	
539.479	-0.17	
539.679	-16.55	
539.879	98.13	
540.079	137.04	
540.278	83.8	
540.478	75.6	
540.678	143.19	
540.877	48.98	
541.077	114.52	
541.277	243.54	
541.476	124.76	
541.676	108.37	
541.876	288.59	
542.075	171.86	
542.275	245.59	
542.474	225.11	
542.674	192.34	
542.874	178	
543.073	151.38	
543.273	126.8	
543.472	94.04	
543.672	145.24	
543.871	169.81	
544.071	116.56	
544.27	182.1	
544.47	106.32	
544.669	192.34	
544.868	182.1	
545.068	85.84	
545.267	161.62	
545.467	321.36	
545.666	204.63	
545.865	259.92	
546.065	229.2	
546.264	237.39	
546.463	83.8	
546.663	135	
546.862	186.19	
547.061	178	
547.261	126.8	
547.46	161.62	
547.659	171.86	
547.858	206.67	
548.058	100.18	
548.257	198.48	
548.456	161.62	
548.655	151.38	
548.854	83.8	
549.053	61.27	
549.253	116.56	
549.452	147.28	
549.651	38.74	
549.85	59.22	
550.049	112.47	
550.248	139.09	
550.447	114.52	
550.646	61.27	
550.845	116.56	
551.044	94.04	
551.243	149.33	
551.442	32.6	
551.641	89.94	
551.84	118.61	
552.039	48.98	
552.238	122.71	
552.437	55.12	
552.636	61.27	
552.835	124.76	
553.034	34.64	
553.233	116.56	
553.432	75.6	
553.63	59.22	
553.829	-18.6	
554.028	51.03	
554.227	40.79	
554.426	-14.51	
554.625	77.65	
554.823	30.55	
555.022	104.28	
555.221	77.65	
555.42	79.7	
555.618	202.58	
555.817	65.36	
556.016	42.84	
556.214	65.36	
556.413	34.64	
556.612	100.18	
556.81	14.17	
557.009	89.94	
557.208	32.6	
557.406	40.79	
557.605	63.32	
557.803	38.74	
558.002	-63.66	
558.201	38.74	
558.399	57.17	
558.598	-57.51	
558.796	48.98	
558.995	-55.47	
559.193	77.65	
559.392	28.5	
559.59	34.64	
559.789	38.74	
559.987	-14.51	
560.185	28.5	
560.384	77.65	
560.582	22.36	
560.781	-8.36	
560.979	65.36	
561.177	102.23	
561.376	-16.55	
561.574	-45.23	
561.772	48.98	
561.971	124.76	
562.169	-98.47	
562.367	81.75	
562.566	-4.27	
562.764	-28.84	
562.962	40.79	
563.16	5.97	
563.358	32.6	
563.557	22.36	
563.755	22.36	
563.953	20.31	
564.151	-8.36	
564.349	77.65	
564.547	110.42	
564.746	-41.13	
564.944	14.17	
565.142	-71.85	
565.34	-26.79	
565.538	-71.85	
565.736	73.56	
565.934	38.74	
566.132	1.88	
566.33	-8.36	
566.528	-8.36	
566.726	59.22	
566.924	46.93	
567.122	40.79	
567.32	59.22	
567.518	30.55	
567.716	-8.36	
567.914	-0.17	
568.112	53.08	
568.31	1.88	
568.507	55.12	
568.705	30.55	
568.903	18.26	
569.101	-123.05	
569.299	55.12	
569.497	38.74	
569.694	81.75	
569.892	-0.17	
570.09	-30.89	
570.288	34.64	
570.486	55.12	
570.683	-55.47	
570.881	40.79	
571.079	63.32	
571.276	87.89	
571.474	55.12	
571.672	30.55	
571.869	59.22	
572.067	-82.09	
572.265	12.12	
572.462	8.02	
572.66	-12.46	
572.857	32.6	
573.055	98.13	
573.253	-14.51	
573.45	53.08	
573.648	40.79	
573.845	8.02	
574.043	63.32	
574.24	-90.28	
574.438	8.02	
574.635	3.93	
574.832	-26.79	
575.03	-49.32	
575.227	30.55	
575.425	51.03	
575.622	44.88	
575.82	-6.31	
576.017	24.4	
576.214	26.45	
576.412	83.8	
576.609	61.27	
576.806	69.46	
577.004	-63.66	
577.201	106.32	
577.398	91.99	
577.595	87.89	
577.793	83.8	
577.99	108.37	
578.187	57.17	
578.384	171.86	
578.582	32.6	
578.779	32.6	
578.976	-2.22	
579.173	85.84	
579.37	38.74	
579.567	85.84	
579.764	36.69	
579.962	38.74	
580.159	16.21	
580.356	38.74	
580.553	96.08	
580.75	28.5	
580.947	79.7	
581.144	83.8	
581.341	51.03	
581.538	149.33	
581.735	34.64	
581.932	116.56	
582.129	-18.6	
582.326	89.94	
582.523	51.03	
582.72	-47.27	
582.916	-20.65	
583.113	36.69	
583.31	98.13	
583.507	-4.27	
583.704	34.64	
583.901	48.98	
584.098	67.41	
584.294	124.76	
584.491	36.69	
584.688	71.51	
584.885	-37.03	
585.082	18.26	
585.278	75.6	
585.475	245.59	
585.672	59.22	
585.868	79.7	
586.065	12.12	
586.262	69.46	
586.458	112.47	
586.655	30.55	
586.852	91.99	
587.048	51.03	
587.245	16.21	
587.442	42.84	
587.638	34.64	
587.835	178	
588.031	87.89	
588.228	147.28	
588.424	69.46	
588.621	75.6	
588.817	51.03	
589.014	59.22	
589.21	122.71	
589.407	124.76	
589.603	-6.31	
589.8	-65.71	
589.996	46.93	
590.192	75.6	
590.389	96.08	
590.585	18.26	
590.782	116.56	
590.978	-8.36	
591.174	61.27	
591.371	55.12	
591.567	-39.08	
591.763	40.79	
591.959	-37.03	
592.156	67.41	
592.352	32.6	
592.548	96.08	
592.744	44.88	
592.941	85.84	
593.137	98.13	
593.333	85.84	
593.529	32.6	
593.725	42.84	
593.922	122.71	
594.118	75.6	
594.314	63.32	
594.51	53.08	
594.706	53.08	
594.902	106.32	
595.098	18.26	
595.294	116.56	
595.49	-10.41	
595.686	26.45	
595.882	57.17	
596.078	12.12	
596.274	40.79	
596.47	96.08	
596.666	-4.27	
596.862	26.45	
597.058	14.17	
597.254	87.89	
597.45	147.28	
597.646	59.22	
597.842	-14.51	
598.037	94.04	
598.233	51.03	
598.429	143.19	
598.625	116.56	
598.821	38.74	
599.017	-24.75	
599.212	-24.75	
599.408	16.21	
599.604	77.65	
599.8	57.17	
599.995	28.5	
600.191	-2.22	
600.387	-37.03	
600.582	8.02	
600.778	10.07	
600.974	42.84	
601.169	16.21	
601.365	-6.31	
601.561	-57.51	
601.756	59.22	
601.952	16.21	
602.147	44.88	
602.343	81.75	
602.538	-39.08	
602.734	53.08	
602.93	24.4	
603.125	57.17	
603.321	16.21	
603.516	67.41	
603.711	22.36	
603.907	12.12	
604.102	-22.7	
604.298	-24.75	
604.493	3.93	
604.689	157.52	
604.884	10.07	
605.079	79.7	
605.275	-0.17	
605.47	24.4	
605.665	16.21	
605.861	16.21	
606.056	51.03	
606.251	96.08	
606.447	34.64	
606.642	55.12	
606.837	116.56	
607.032	-8.36	
607.227	30.55	
607.423	67.41	
607.618	24.4	
607.813	-24.75	
608.008	36.69	
608.203	30.55	
608.398	42.84	
608.594	122.71	
608.789	89.94	
608.984	83.8	
609.179	59.22	
609.374	212.82	
609.569	65.36	
609.764	61.27	
609.959	59.22	
610.154	85.84	
610.349	83.8	
610.544	139.09	
610.739	274.26	
610.934	208.72	
611.129	270.16	
611.324	335.7	
611.519	364.37	
611.714	434	
611.909	280.4	
612.103	288.59	
612.298	171.86	
612.493	327.5	
612.688	108.37	
612.883	270.16	
613.078	153.43	
613.272	237.39	
613.467	167.76	
613.662	206.67	
613.857	239.44	
614.051	221.01	
614.246	208.72	
614.441	114.52	
614.635	137.04	
614.83	102.23	
615.025	30.55	
615.219	122.71	
615.414	100.18	
615.609	18.26	
615.803	-22.7	
615.998	114.52	
616.192	83.8	
616.387	73.56	
616.582	40.79	
616.776	63.32	
616.971	128.85	
617.165	14.17	
617.36	108.37	
617.554	-30.89	
617.749	16.21	
617.943	120.66	
618.138	130.9	
618.332	28.5	
618.526	3.93	
618.721	48.98	
618.915	22.36	
619.11	1.88	
619.304	87.89	
619.498	83.8	
619.693	30.55	
619.887	65.36	
620.081	137.04	
620.275	8.02	
620.47	16.21	
620.664	57.17	
620.858	108.37	
621.052	91.99	
621.247	34.64	
621.441	-43.18	
621.635	69.46	
621.829	114.52	
622.023	102.23	
622.218	75.6	
622.412	14.17	
622.606	100.18	
622.8	57.17	
622.994	-28.84	
623.188	36.69	
623.382	38.74	
623.576	-6.31	
623.77	8.02	
623.964	75.6	
624.158	98.13	
624.352	124.76	
624.546	98.13	
624.74	-6.31	
624.934	89.94	
625.128	167.76	
625.322	34.64	
625.516	61.27	
625.71	32.6	
625.904	28.5	
626.098	32.6	
626.291	1.88	
626.485	87.89	
626.679	59.22	
626.873	57.17	
627.067	28.5	
627.26	143.19	
627.454	24.4	
627.648	-22.7	
627.842	73.56	
628.035	87.89	
628.229	10.07	
628.423	67.41	
628.617	51.03	
628.81	40.79	
629.004	87.89	
629.198	-80.04	
629.391	98.13	
629.585	34.64	
629.778	94.04	
629.972	155.47	
630.166	40.79	
630.359	73.56	
630.553	81.75	
630.746	71.51	
630.94	24.4	
631.133	53.08	
631.327	110.42	
631.52	-8.36	
631.714	67.41	
631.907	73.56	
632.1	-41.13	
632.294	-20.65	
632.487	75.6	
632.681	108.37	
632.874	51.03	
633.067	48.98	
633.261	-14.51	
633.454	108.37	
633.647	34.64	
633.841	-2.22	
634.034	36.69	
634.227	10.07	
634.421	3.93	
634.614	57.17	
634.807	51.03	
635	16.21	
635.193	89.94	
635.387	-49.32	
635.58	124.76	
635.773	40.79	
635.966	-16.55	
636.159	83.8	
636.352	36.69	
636.545	-30.89	
636.739	32.6	
636.932	-39.08	
637.125	42.84	
637.318	59.22	
637.511	-90.28	
637.704	42.84	
637.897	20.31	
638.09	-10.41	
638.283	-2.22	
638.476	14.17	
638.669	79.7	
638.862	69.46	
639.055	44.88	
639.247	94.04	
639.44	-43.18	
639.633	44.88	
639.826	-57.51	
640.019	26.45	
640.212	-41.13	
640.405	104.28	
640.597	53.08	
640.79	34.64	
640.983	-6.31	
641.176	61.27	
641.368	-0.17	
641.561	-18.6	
641.754	61.27	
641.947	12.12	
642.139	-32.94	
642.332	96.08	
642.525	40.79	
642.717	63.32	
642.91	67.41	
643.103	42.84	
643.295	-22.7	
643.488	-8.36	
643.68	-34.99	
643.873	85.84	
644.065	8.02	
644.258	24.4	
644.45	-10.41	
644.643	75.6	
644.835	12.12	
645.028	40.79	
645.22	12.12	
645.413	-28.84	
645.605	-41.13	
645.798	-57.51	
645.99	14.17	
646.182	22.36	
646.375	55.12	
646.567	22.36	
646.76	59.22	
646.952	26.45	
647.144	-12.46	
647.337	40.79	
647.529	3.93	
647.721	59.22	
647.913	-47.27	
648.106	34.64	
648.298	38.74	
648.49	38.74	
648.682	-41.13	
648.874	12.12	
649.067	1.88	
649.259	75.6	
649.451	-45.23	
649.643	-20.65	
649.835	-22.7	
650.027	1.88	
650.219	81.75	
650.411	-22.7	
650.603	69.46	
650.796	-4.27	
650.988	-12.46	
651.18	63.32	
651.372	53.08	
651.564	69.46	
651.756	75.6	
651.948	77.65	
652.139	-59.56	
652.331	51.03	
652.523	-28.84	
652.715	-39.08	
652.907	42.84	
653.099	-32.94	
653.291	3.93	
653.483	1.88	
653.674	63.32	
653.866	34.64	
654.058	79.7	
654.25	14.17	
654.442	67.41	
654.633	-57.51	
654.825	40.79	
655.017	77.65	
655.209	51.03	
655.4	55.12	
655.592	-32.94	
655.784	-102.57	
655.975	-26.79	
656.167	34.64	
656.359	-0.17	
656.55	-4.27	
656.742	-0.17	
656.933	-16.55	
657.125	51.03	
657.316	96.08	
657.508	51.03	
657.7	26.45	
657.891	-80.04	
658.083	38.74	
658.274	-41.13	
658.466	96.08	
658.657	8.02	
658.848	44.88	
659.04	40.79	
659.231	-112.81	
659.423	73.56	
659.614	57.17	
659.805	48.98	
659.997	40.79	
660.188	100.18	
660.379	77.65	
660.571	55.12	
660.762	30.55	
660.953	18.26	
661.145	18.26	
661.336	67.41	
661.527	20.31	
661.718	1.88	
661.909	298.83	
662.101	16.21	
662.292	-12.46	
662.483	59.22	
662.674	-30.89	
662.865	42.84	
663.056	-32.94	
663.247	20.31	
663.439	-6.31	
663.63	-57.51	
663.821	65.36	
664.012	16.21	
664.203	-57.51	
664.394	-39.08	
664.585	3.93	
664.776	100.18	
664.967	16.21	
665.158	-41.13	
665.349	57.17	
665.54	55.12	
665.73	114.52	
665.921	-10.41	
666.112	42.84	
666.303	-22.7	
666.494	-14.51	
666.685	18.26	
666.876	108.37	
667.066	5.97	
667.257	89.94	
667.448	30.55	
667.639	-12.46	
667.83	18.26	
668.02	-4.27	
668.211	-2.22	
668.402	67.41	
668.592	-16.55	
668.783	24.4	
668.974	-28.84	
669.164	-51.37	
669.355	42.84	
669.546	-10.41	
669.736	18.26	
669.927	124.76	
670.117	-24.75	
670.308	46.93	
670.499	-0.17	
670.689	87.89	
670.88	20.31	
671.07	81.75	
671.261	-51.37	
671.451	-24.75	
671.641	-12.46	
671.832	22.36	
672.022	-51.37	
672.213	1.88	
672.403	24.4	
672.594	-2.22	
672.784	-24.75	
672.974	10.07	
673.165	-49.32	
673.355	5.97	
673.545	-22.7	
673.736	-8.36	
673.926	53.08	
674.116	141.14	
674.306	-47.27	
674.497	51.03	
674.687	-71.85	
674.877	-14.51	
675.067	44.88	
675.257	24.4	
675.448	75.6	
675.638	71.51	
675.828	-37.03	
676.018	69.46	
676.208	-61.61	
676.398	26.45	
676.588	30.55	
676.778	51.03	
676.968	57.17	
677.158	-6.31	
677.348	89.94	
677.538	32.6	
677.728	-63.66	
677.918	14.17	
678.108	8.02	
678.298	10.07	
678.488	-57.51	
678.678	-0.17	
678.868	-2.22	
679.058	14.17	
679.248	34.64	
679.438	30.55	
679.627	24.4	
679.817	22.36	
680.007	-34.99	
680.197	28.5	
680.387	32.6	
680.576	44.88	
680.766	30.55	
680.956	38.74	
681.146	42.84	
681.335	-18.6	
681.525	124.76	
681.715	-37.03	
681.904	-6.31	
682.094	55.12	
682.284	-57.51	
682.473	32.6	
682.663	16.21	
682.852	18.26	
683.042	34.64	
683.231	44.88	
683.421	-8.36	
683.61	46.93	
683.8	-39.08	
683.989	65.36	
684.179	10.07	
684.368	106.32	
684.558	30.55	
684.747	14.17	
684.937	-2.22	
685.126	18.26	
685.316	-39.08	
685.505	67.41	
685.694	-20.65	
685.884	-32.94	
686.073	16.21	
686.262	110.42	
686.452	18.26	
686.641	-63.66	
686.83	42.84	
687.019	46.93	
687.209	51.03	
687.398	12.12	
687.587	51.03	
687.776	42.84	
687.965	38.74	
688.155	22.36	
688.344	36.69	
688.533	24.4	
688.722	8.02	
688.911	65.36	
689.1	-24.75	
689.289	71.51	
689.478	16.21	
689.667	32.6	
689.856	-39.08	
690.045	89.94	
690.234	-80.04	
690.423	-32.94	
690.612	-104.62	
690.801	132.95	
690.99	12.12	
691.179	32.6	
691.368	48.98	
691.557	75.6	
691.746	18.26	
691.935	34.64	
692.124	-6.31	
692.312	-43.18	
692.501	1.88	
692.69	73.56	
692.879	67.41	
693.068	18.26	
693.256	-0.17	
693.445	-18.6	
693.634	-32.94	
693.823	69.46	
694.011	73.56	
694.2	-0.17	
694.389	26.45	
694.577	-2.22	
694.766	8.02	
694.955	24.4	
695.143	12.12	
695.332	16.21	
695.52	-24.75	
695.709	-2.22	
695.897	10.07	
696.086	69.46	
696.275	40.79	
696.463	-37.03	
696.652	-47.27	
696.84	83.8	
697.028	16.21	
697.217	-39.08	
697.405	-14.51	
697.594	-18.6	
697.782	32.6	
697.971	155.47	
698.159	51.03	
698.347	48.98	
698.536	-63.66	
698.724	32.6	
698.912	-47.27	
699.1	79.7	
699.289	73.56	
699.477	67.41	
699.665	59.22	
699.854	3.93	
700.042	57.17	
700.23	-53.42	
700.418	26.45	
700.606	5.97	
700.794	-26.79	
700.983	57.17	
701.171	-16.55	
701.359	100.18	
701.547	51.03	
701.735	-22.7	
701.923	18.26	
702.111	79.7	
702.299	-16.55	
702.487	89.94	
702.675	-2.22	
702.863	114.52	
703.051	-47.27	
703.239	22.36	
703.427	18.26	
703.615	75.6	
703.803	12.12	
703.991	-18.6	
704.179	-41.13	
704.367	163.67	
704.554	40.79	
704.742	173.91	
704.93	-39.08	
705.118	-61.61	
705.306	83.8	
705.493	69.46	
705.681	10.07	
705.869	32.6	
706.057	-2.22	
706.244	182.1	
706.432	22.36	
706.62	10.07	
706.807	22.36	
706.995	12.12	
707.183	34.64	
707.37	-45.23	
707.558	-0.17	
707.746	87.89	
707.933	40.79	
708.121	124.76	
708.308	34.64	
708.496	65.36	
708.683	-6.31	
708.871	-24.75	
709.058	44.88	
709.246	73.56	
709.433	18.26	
709.621	83.8	
709.808	-6.31	
709.995	44.88	
710.183	87.89	
710.37	26.45	
710.558	-16.55	
710.745	16.21	
710.932	38.74	
711.12	-28.84	
711.307	57.17	
711.494	94.04	
711.681	-0.17	
711.869	85.84	
712.056	83.8	
712.243	-0.17	
712.43	110.42	
712.618	-24.75	
712.805	14.17	
712.992	59.22	
713.179	-80.04	
713.366	40.79	
713.553	-20.65	
713.74	81.75	
713.928	130.9	
714.115	-0.17	
714.302	-88.23	
714.489	18.26	
714.676	-41.13	
714.863	-0.17	
715.05	-82.09	
715.237	87.89	
715.424	55.12	
715.611	-47.27	
715.798	-49.32	
715.984	-0.17	
716.171	28.5	
716.358	-0.17	
716.545	75.6	
716.732	32.6	
716.919	53.08	
717.106	14.17	
717.293	-41.13	
717.479	40.79	
717.666	-6.31	
717.853	32.6	
718.04	-55.47	
718.226	1.88	
718.413	40.79	
718.6	-20.65	
718.786	57.17	
718.973	61.27	
719.16	48.98	
719.346	65.36	
719.533	-73.9	
719.72	-4.27	
719.906	12.12	
720.093	16.21	
720.279	-61.61	
720.466	77.65	
720.652	-47.27	
720.839	-24.75	
721.025	-55.47	
721.212	20.31	
721.398	69.46	
721.585	24.4	
721.771	18.26	
721.958	112.47	
722.144	-41.13	
722.331	16.21	
722.517	-14.51	
722.703	-47.27	
722.89	22.36	
723.076	89.94	
723.262	-6.31	
723.449	-8.36	
723.635	-6.31	
723.821	-16.55	
724.007	-30.89	
724.194	18.26	
724.38	-26.79	
724.566	10.07	
724.752	40.79	
724.938	81.75	
725.125	28.5	
725.311	53.08	
725.497	73.56	
725.683	30.55	
725.869	-32.94	
726.055	-16.55	
726.241	46.93	
726.427	-14.51	
726.613	32.6	
726.799	-8.36	
726.985	8.02	
727.171	137.04	
727.357	-12.46	
727.543	59.22	
727.729	69.46	
727.915	77.65	
728.101	-67.75	
728.287	5.97	
728.473	1.88	
728.659	28.5	
728.845	-0.17	
729.03	51.03	
729.216	26.45	
729.402	-28.84	
729.588	-8.36	
729.774	-49.32	
729.959	-4.27	
730.145	-41.13	
730.331	3.93	
730.517	63.32	
730.702	98.13	
730.888	16.21	
731.074	10.07	
731.259	44.88	
731.445	-16.55	
731.63	155.47	
731.816	149.33	
732.002	-41.13	
732.187	18.26	
732.373	85.84	
732.558	48.98	
732.744	38.74	
732.929	34.64	
733.115	108.37	
733.3	59.22	
733.486	-75.95	
733.671	-24.75	
733.857	-0.17	
734.042	-47.27	
734.227	-39.08	
734.413	89.94	
734.598	18.26	
734.784	42.84	
734.969	89.94	
735.154	10.07	
735.339	-30.89	
735.525	-39.08	
735.71	-18.6	
735.895	57.17	
736.081	10.07	
736.266	20.31	
736.451	-53.42	
736.636	69.46	
736.821	18.26	
737.007	83.8	
737.192	-45.23	
737.377	28.5	
737.562	77.65	
737.747	18.26	
737.932	-86.19	
738.117	34.64	
738.302	96.08	
738.487	-137.38	
738.672	63.32	
738.857	-6.31	
739.042	-12.46	
739.227	18.26	
739.412	16.21	
739.597	81.75	
739.782	-16.55	
739.967	-69.8	
740.152	1.88	
740.337	-49.32	
740.522	79.7	
740.706	-34.99	
740.891	30.55	
741.076	114.52	
741.261	67.41	
741.446	89.94	
741.63	-12.46	
741.815	108.37	
742	-4.27	
742.185	22.36	
742.369	-24.75	
742.554	-49.32	
742.739	46.93	
742.923	30.55	
743.108	-2.22	
743.293	26.45	
743.477	20.31	
743.662	38.74	
743.846	-32.94	
744.031	12.12	
744.216	55.12	
744.4	1.88	
744.585	20.31	
744.769	73.56	
744.954	30.55	
745.138	38.74	
745.322	44.88	
745.507	-49.32	
745.691	-10.41	
745.876	-67.75	
746.06	32.6	
746.244	16.21	
746.429	83.8	
746.613	26.45	
746.798	143.19	
746.982	36.69	
747.166	-4.27	
747.35	98.13	
747.535	38.74	
747.719	14.17	
747.903	-45.23	
748.087	40.79	
748.272	83.8	
748.456	42.84	
748.64	85.84	
748.824	67.41	
749.008	16.21	
749.192	1.88	
749.376	110.42	
749.56	89.94	
749.745	10.07	
749.929	-2.22	
750.113	-10.41	
750.297	83.8	
750.481	32.6	
750.665	-30.89	
750.849	46.93	
751.033	5.97	
751.217	32.6	
751.4	42.84	
751.584	-86.19	
751.768	61.27	
751.952	59.22	
752.136	71.51	
752.32	12.12	
752.504	-30.89	
752.688	3.93	
752.871	-22.7	
753.055	73.56	
753.239	57.17	
753.423	12.12	
753.606	-55.47	
753.79	14.17	
753.974	-32.94	
754.157	79.7	
754.341	-34.99	
754.525	63.32	
754.708	65.36	
754.892	38.74	
755.076	40.79	
755.259	94.04	
755.443	-0.17	
755.626	32.6	
755.81	-22.7	
755.993	30.55	
756.177	-24.75	
756.36	10.07	
756.544	-24.75	
756.727	42.84	
756.911	12.12	
757.094	3.93	
757.278	63.32	
757.461	26.45	
757.644	26.45	
757.828	34.64	
758.011	-22.7	
758.195	16.21	
758.378	-30.89	
758.561	40.79	
758.744	26.45	
758.928	10.07	
759.111	5.97	
759.294	69.46	
759.477	12.12	
759.661	55.12	
759.844	-0.17	
760.027	-28.84	
760.21	63.32	
760.393	-8.36	
760.576	-2.22	
760.76	-26.79	
760.943	10.07	
761.126	-20.65	
761.309	-16.55	
761.492	61.27	
761.675	40.79	
761.858	71.51	
762.041	48.98	
762.224	26.45	
762.407	-16.55	
762.59	-8.36	
762.773	-16.55	
762.956	34.64	
763.139	-73.9	
763.321	26.45	
763.504	-6.31	
763.687	40.79	
763.87	1.88	
764.053	38.74	
764.236	-16.55	
764.418	24.4	
764.601	30.55	
764.784	48.98	
764.967	-57.51	
765.149	-14.51	
765.332	28.5	
765.515	-34.99	
765.697	46.93	
765.88	81.75	
766.063	-6.31	
766.245	26.45	
766.428	-20.65	
766.611	8.02	
766.793	-2.22	
766.976	8.02	
767.158	-49.32	
767.341	53.08	
767.523	-88.23	
767.706	69.46	
767.888	10.07	
768.071	40.79	
768.253	-20.65	
768.436	51.03	
768.618	-41.13	
768.8	30.55	
768.983	102.23	
769.165	69.46	
769.348	94.04	
769.53	-49.32	
769.712	-4.27	
769.895	34.64	
770.077	73.56	
770.259	22.36	
770.441	10.07	
770.624	-8.36	
770.806	1.88	
770.988	34.64	
771.17	81.75	
771.352	-57.51	
771.535	-32.94	
771.717	22.36	
771.899	44.88	
772.081	65.36	
772.263	36.69	
772.445	34.64	
772.627	3.93	
772.809	14.17	
772.991	14.17	
773.173	108.37	
773.355	38.74	
773.537	51.03	
773.719	36.69	
773.901	32.6	
774.083	-82.09	
774.265	83.8	
774.447	-53.42	
774.629	-53.42	
774.811	-63.66	
774.992	20.31	
775.174	44.88	
775.356	42.84	
775.538	-88.23	
775.72	32.6	
775.901	-8.36	
776.083	-24.75	
776.265	-8.36	
776.447	-4.27	
776.628	36.69	
776.81	1.88	
776.992	46.93	
777.173	-0.17	
777.355	57.17	
777.537	55.12	
777.718	-10.41	
777.9	61.27	
778.081	53.08	
778.263	-0.17	
778.444	-0.17	
778.626	59.22	
778.807	28.5	
778.989	42.84	
779.17	-57.51	
779.352	57.17	
779.533	-84.14	
779.715	57.17	
779.896	-47.27	
780.078	108.37	
780.259	18.26	
780.44	75.6	
780.622	-18.6	
780.803	-6.31	
780.984	8.02	
781.166	124.76	
781.347	-0.17	
781.528	-12.46	
781.709	-65.71	
781.891	-37.03	
782.072	-8.36	
782.253	63.32	
782.434	20.31	
782.615	12.12	
782.796	-26.79	
782.978	24.4	
783.159	-14.51	
783.34	34.64	
783.521	-0.17	
783.702	65.36	
783.883	-8.36	
784.064	-6.31	
784.245	44.88	
784.426	94.04	
784.607	53.08	
784.788	55.12	
784.969	-39.08	
785.15	57.17	
785.331	-18.6	
785.512	69.46	
785.692	-49.32	
785.873	40.79	
786.054	-20.65	
786.235	12.12	
786.416	16.21	
786.597	69.46	
786.777	96.08	
786.958	8.02	
787.139	-18.6	
787.32	22.36	
787.5	67.41	
787.681	-28.84	
787.862	3.93	
788.042	-45.23	
788.223	59.22	
788.404	28.5	
788.584	155.47	
788.765	28.5	
788.946	-32.94	
789.126	22.36	
789.307	1.88	
789.487	40.79	
789.668	73.56	
789.848	-6.31	
790.029	32.6	
790.209	14.17	
790.39	18.26	
790.57	-20.65	
790.75	-94.38	
790.931	-24.75	
791.111	73.56	
791.292	30.55	
791.472	-6.31	
791.652	69.46	
791.833	5.97	
792.013	126.8	
792.193	38.74	
792.373	20.31	
792.554	-18.6	
792.734	-63.66	
792.914	55.12	
793.094	-20.65	
793.275	-16.55	
793.455	12.12	
793.635	-0.17	
793.815	63.32	
793.995	20.31	
794.175	69.46	
794.355	40.79	
794.535	81.75	
794.715	171.86	
794.896	18.26	
795.076	-24.75	
795.256	-55.47	
795.436	-57.51	
795.616	102.23	
795.795	-39.08	
795.975	36.69	
796.155	14.17	
796.335	91.99	
796.515	91.99	
796.695	-41.13	
796.875	83.8	
797.055	89.94	
797.234	44.88	
797.414	-6.31	
797.594	46.93	
797.774	28.5	
797.954	-63.66	
798.133	102.23	
798.313	8.02	
798.493	22.36	
798.672	-16.55	
798.852	73.56	
799.032	-8.36	
799.211	10.07	
799.391	24.4	
799.571	34.64	
799.75	-32.94	
799.93	38.74	
800.109	-67.75	
800.289	155.47	
800.468	94.04	
800.648	-6.31	
800.827	-28.84	
801.007	51.03	
801.186	-39.08	
801.366	36.69	
801.545	-34.99	
801.725	38.74	
801.904	57.17	
802.083	100.18	
802.263	42.84	
802.442	-8.36	
802.621	-28.84	
802.801	85.84	
802.98	14.17	
803.159	83.8	
803.338	106.32	
803.518	8.02	
803.697	-88.23	
803.876	48.98	
804.055	-26.79	
804.235	40.79	
804.414	48.98	
804.593	106.32	
804.772	-8.36	
804.951	-57.51	
805.13	-8.36	
805.309	63.32	
805.488	-57.51	
805.667	20.31	
805.846	59.22	
806.025	-20.65	
806.204	100.18	
806.383	67.41	
806.562	102.23	
806.741	14.17	
806.92	-22.7	
807.099	-6.31	
807.278	40.79	
807.457	81.75	
807.636	-30.89	
807.814	-2.22	
807.993	57.17	
808.172	-45.23	
808.351	28.5	
808.53	-12.46	
808.708	51.03	
808.887	12.12	
809.066	-49.32	
809.244	5.97	
809.423	104.28	
809.602	1.88	
809.78	3.93	
809.959	61.27	
810.138	65.36	
810.316	-30.89	
810.495	-10.41	
810.673	59.22	
810.852	85.84	
811.03	-69.8	
811.209	-16.55	
811.388	85.84	
811.566	1.88	
811.744	106.32	
811.923	24.4	
812.101	67.41	
812.28	100.18	
812.458	-73.9	
812.637	147.28	
812.815	118.61	
812.993	22.36	
813.172	110.42	
813.35	81.75	
813.528	94.04	
813.706	-20.65	
813.885	100.18	
814.063	-18.6	
814.241	81.75	
814.419	-2.22	
814.598	124.76	
814.776	16.21	
814.954	112.47	
815.132	57.17	
815.31	34.64	
815.488	96.08	
815.666	-14.51	
815.844	1.88	
816.022	-24.75	
816.201	-24.75	
816.379	36.69	
816.557	8.02	
816.735	-26.79	
816.913	98.13	
817.09	48.98	
817.268	-37.03	
817.446	38.74	
817.624	1.88	
817.802	-82.09	
817.98	-100.52	
818.158	132.95	
818.336	-84.14	
818.514	57.17	
818.691	-108.71	
818.869	67.41	
819.047	75.6	
819.225	57.17	
819.402	-57.51	
819.58	24.4	
819.758	-22.7	
819.935	55.12	
820.113	81.75	
820.291	14.17	
820.468	-39.08	
820.646	8.02	
820.824	1.88	
821.001	108.37	
821.179	79.7	
821.356	104.28	
821.534	-34.99	
821.711	40.79	
821.889	-14.51	
822.066	10.07	
822.244	87.89	
822.421	69.46	
822.599	24.4	
822.776	-6.31	
822.953	-18.6	
823.131	28.5	
823.308	-133.29	
823.486	-0.17	
823.663	14.17	
823.84	38.74	
824.017	-2.22	
824.195	18.26	
824.372	73.56	
824.549	106.32	
824.726	87.89	
824.904	-4.27	
825.081	-43.18	
825.258	32.6	
825.435	55.12	
825.612	3.93	
825.789	12.12	
825.967	48.98	
826.144	-49.32	
826.321	81.75	
826.498	42.84	
826.675	10.07	
826.852	51.03	
827.029	24.4	
827.206	-28.84	
827.383	8.02	
827.56	46.93	
827.737	10.07	
827.914	57.17	
828.09	71.51	
828.267	-6.31	
828.444	16.21	
828.621	-49.32	
828.798	10.07	
828.975	-28.84	
829.151	184.15	
829.328	-80.04	
829.505	48.98	
829.682	61.27	
829.858	24.4	
830.035	-41.13	
830.212	-6.31	
830.389	42.84	
830.565	89.94	
830.742	67.41	
830.918	-65.71	
831.095	108.37	
831.272	73.56	
831.448	53.08	
831.625	46.93	
831.801	-0.17	
831.978	-34.99	
832.154	59.22	
832.331	14.17	
832.507	-14.51	
832.684	81.75	
832.86	1.88	
833.037	20.31	
833.213	24.4	
833.389	186.19	
833.566	36.69	
833.742	100.18	
833.918	-18.6	
834.095	-77.99	
834.271	14.17	
834.447	51.03	
834.624	-20.65	
834.8	137.04	
834.976	48.98	
835.152	-0.17	
835.328	155.47	
835.505	16.21	
835.681	24.4	
835.857	26.45	
836.033	67.41	
836.209	18.26	
836.385	77.65	
836.561	178	
836.737	18.26	
836.913	59.22	
837.089	28.5	
837.265	34.64	
837.441	-37.03	
837.617	81.75	
837.793	3.93	
837.969	-6.31	
838.145	28.5	
838.321	81.75	
838.497	40.79	
838.673	26.45	
838.849	77.65	
839.025	98.13	
839.2	-39.08	
839.376	130.9	
839.552	79.7	
839.728	100.18	
839.903	-8.36	
840.079	89.94	
840.255	-39.08	
840.431	69.46	
840.606	-49.32	
840.782	96.08	
840.958	-59.56	
841.133	81.75	
841.309	55.12	
841.484	67.41	
841.66	61.27	
841.835	48.98	
842.011	57.17	
842.186	-24.75	
842.362	-8.36	
842.537	-2.22	
842.713	98.13	
842.888	-30.89	
843.064	-10.41	
843.239	3.93	
843.415	-88.23	
843.59	-6.31	
843.765	3.93	
843.941	32.6	
844.116	-14.51	
844.291	16.21	
844.467	67.41	
844.642	-20.65	
844.817	79.7	
844.992	46.93	
845.168	59.22	
845.343	-16.55	
845.518	20.31	
845.693	-10.41	
845.868	63.32	
846.043	81.75	
846.219	89.94	
846.394	24.4	
846.569	-39.08	
846.744	65.36	
846.919	69.46	
847.094	32.6	
847.269	-53.42	
847.444	124.76	
847.619	-6.31	
847.794	22.36	
847.969	10.07	
848.144	116.56	
848.319	81.75	
848.494	135	
848.668	1.88	
848.843	69.46	
849.018	79.7	
849.193	-6.31	
849.368	-6.31	
849.542	5.97	
849.717	10.07	
849.892	65.36	
850.067	128.85	
850.241	5.97	
850.416	-6.31	
850.591	153.43	
850.765	116.56	
850.94	32.6	
851.115	-22.7	
851.289	91.99	
851.464	-41.13	
851.639	94.04	
851.813	57.17	
851.988	32.6	
852.162	24.4	
852.337	46.93	
852.511	46.93	
852.686	51.03	
852.86	-57.51	
853.035	100.18	
853.209	42.84	
853.383	44.88	
853.558	-34.99	
853.732	51.03	
853.906	-24.75	
854.081	36.69	
854.255	10.07	
854.429	57.17	
854.604	-12.46	
854.778	73.56	
854.952	-59.56	
855.126	48.98	
855.301	67.41	
855.475	57.17	
855.649	-28.84	
855.823	-59.56	
855.997	-53.42	
856.171	44.88	
856.345	-14.51	
856.52	51.03	
856.694	24.4	
856.868	42.84	
857.042	75.6	
857.216	69.46	
857.39	-2.22	
857.564	106.32	
857.738	-16.55	
857.912	10.07	
858.085	18.26	
858.259	-34.99	
858.433	42.84	
858.607	36.69	
858.781	57.17	
858.955	-16.55	
859.129	1.88	
859.302	51.03	
859.476	34.64	
859.65	91.99	
859.824	-8.36	
859.997	44.88	
860.171	-84.14	
860.345	22.36	
860.519	61.27	
860.692	-63.66	
860.866	36.69	
861.039	-14.51	
861.213	57.17	
861.387	73.56	
861.56	48.98	
861.734	77.65	
861.907	42.84	
862.081	40.79	
862.254	-32.94	
862.428	-34.99	
862.601	59.22	
862.775	55.12	
862.948	67.41	
863.122	3.93	
863.295	98.13	
863.468	26.45	
863.642	3.93	
863.815	5.97	
863.988	-49.32	
864.162	-8.36	
864.335	42.84	
864.508	1.88	
864.682	100.18	
864.855	65.36	
865.028	10.07	
865.201	26.45	
865.374	-14.51	
865.548	96.08	
865.721	36.69	
865.894	116.56	
866.067	98.13	
866.24	124.76	
866.413	85.84	
866.586	67.41	
866.759	110.42	
866.932	-39.08	
867.105	-12.46	
867.278	63.32	
867.451	28.5	
867.624	-55.47	
867.797	-4.27	
867.97	75.6	
868.143	-26.79	
868.316	-16.55	
868.489	18.26	
868.661	139.09	
868.834	30.55	
869.007	77.65	
869.18	24.4	
869.353	116.56	
869.525	61.27	
869.698	24.4	
869.871	112.47	
870.044	40.79	
870.216	-57.51	
870.389	28.5	
870.562	55.12	
870.734	46.93	
870.907	-0.17	
871.079	71.51	
871.252	-39.08	
871.425	55.12	
871.597	-2.22	
871.77	71.51	
871.942	18.26	
872.115	180.05	
872.287	-6.31	
872.459	-0.17	
872.632	48.98	
872.804	87.89	
872.977	-0.17	
873.149	63.32	
873.321	-73.9	
873.494	59.22	
873.666	28.5	
873.838	65.36	
874.011	145.24	
874.183	20.31	
874.355	10.07	
874.528	1.88	
874.7	65.36	
874.872	-20.65	
875.044	46.93	
875.216	48.98	
875.388	188.24	
875.561	42.84	
875.733	122.71	
875.905	-22.7	
876.077	-24.75	
876.249	28.5	
876.421	-32.94	
876.593	132.95	
876.765	38.74	
876.937	18.26	
877.109	14.17	
877.281	34.64	
877.453	-8.36	
877.625	18.26	
877.797	-2.22	
877.968	1.88	
878.14	-45.23	
878.312	-37.03	
878.484	-47.27	
878.656	67.41	
878.828	8.02	
878.999	38.74	
879.171	32.6	
879.343	16.21	
879.515	38.74	
879.686	-63.66	
879.858	-14.51	
880.03	26.45	
880.201	8.02	
880.373	-0.17	
880.545	26.45	
880.716	-49.32	
880.888	44.88	
881.059	67.41	
881.231	-14.51	
881.402	59.22	
881.574	65.36	
881.745	69.46	
881.917	42.84	
882.088	104.28	
882.26	130.9	
882.431	14.17	
882.602	32.6	
882.774	75.6	
882.945	-45.23	
883.116	28.5	
883.288	-49.32	
883.459	32.6	
883.63	-34.99	
883.802	-4.27	
883.973	53.08	
884.144	63.32	
884.315	12.12	
884.487	57.17	
884.658	-18.6	
884.829	-8.36	
885	149.33	
885.171	-34.99	
885.342	16.21	
885.513	14.17	
885.684	-47.27	
885.855	10.07	
886.026	-18.6	
886.197	69.46	
886.368	-41.13	
886.539	114.52	
886.71	44.88	
886.881	34.64	
887.052	30.55	
887.223	40.79	
887.394	18.26	
887.565	-12.46	
887.736	30.55	
887.907	135	
888.077	-0.17	
888.248	118.61	
888.419	46.93	
888.59	24.4	
888.761	42.84	
888.931	-57.51	
889.102	83.8	
889.273	22.36	
889.443	65.36	
889.614	-8.36	
889.785	1.88	
889.955	34.64	
890.126	28.5	
890.296	48.98	
890.467	65.36	
890.637	32.6	
890.808	57.17	
890.978	114.52	
891.149	57.17	
891.319	-2.22	
891.49	106.32	
891.66	130.9	
891.831	22.36	
892.001	75.6	
892.172	44.88	
892.342	153.43	
892.512	-104.62	
892.683	59.22	
892.853	-82.09	
893.023	63.32	
893.193	-8.36	
893.364	83.8	
893.534	32.6	
893.704	40.79	
893.874	75.6	
894.044	73.56	
894.215	30.55	
894.385	14.17	
894.555	-32.94	
894.725	65.36	
894.895	-0.17	
895.065	118.61	
895.235	-47.27	
895.405	26.45	
895.575	38.74	
895.745	237.39	
895.915	65.36	
