177.618	-115.88	
177.836	-115.88	
178.054	-115.88	
178.271	-177.32	
178.489	-259.24	
178.706	-33.96	
178.924	62.29	
179.142	-58.54	
179.359	-15.53	
179.577	68.44	
179.794	23.38	
180.012	17.24	
180.229	-46.25	
180.447	-13.48	
180.664	-58.54	
180.882	0.85	
181.1	54.1	
181.317	86.87	
181.535	25.43	
181.752	-36.01	
181.969	37.72	
182.187	27.48	
182.404	88.92	
182.622	-13.48	
182.839	7	
183.057	-7.34	
183.274	52.05	
183.492	68.44	
183.709	19.29	
183.926	62.29	
184.144	47.96	
184.361	-23.72	
184.579	43.86	
184.796	56.15	
185.013	-17.58	
185.231	-38.06	
185.448	62.29	
185.666	-50.35	
185.883	111.44	
186.1	58.2	
186.317	-11.43	
186.535	33.62	
186.752	-23.72	
186.969	-48.3	
187.187	31.57	
187.404	-66.73	
187.621	72.53	
187.839	2.9	
188.056	168.79	
188.273	93.01	
188.49	-5.29	
188.708	0.85	
188.925	62.29	
189.142	-15.53	
189.359	103.25	
189.576	-52.39	
189.794	7	
190.011	-19.63	
190.228	-27.82	
190.445	23.38	
190.662	62.29	
190.879	-50.35	
191.097	-21.67	
191.314	7	
191.531	21.33	
191.748	31.57	
191.965	4.95	
192.182	-68.78	
192.399	21.33	
192.616	31.57	
192.834	95.06	
193.051	117.59	
193.268	54.1	
193.485	23.38	
193.702	-81.07	
193.919	72.53	
194.136	-31.91	
194.353	-1.19	
194.57	-27.82	
194.787	66.39	
195.004	86.87	
195.221	-3.24	
195.438	133.97	
195.655	-5.29	
195.872	95.06	
196.089	-42.15	
196.306	127.83	
196.523	-13.48	
196.74	54.1	
196.957	29.52	
197.173	97.11	
197.39	-3.24	
197.607	23.38	
197.824	11.09	
198.041	86.87	
198.258	-21.67	
198.475	66.39	
198.692	72.53	
198.909	68.44	
199.125	7	
199.342	-74.92	
199.559	-9.39	
199.776	129.88	
199.993	82.77	
200.21	107.35	
200.426	52.05	
200.643	9.05	
200.86	27.48	
201.077	123.73	
201.293	117.59	
201.51	115.54	
201.727	23.38	
201.944	-25.77	
202.16	-97.45	
202.377	7	
202.594	95.06	
202.811	43.86	
203.027	-13.48	
203.244	-54.44	
203.461	-25.77	
203.677	-50.35	
203.894	25.43	
204.111	62.29	
204.327	47.96	
204.544	-3.24	
204.761	29.52	
204.977	21.33	
205.194	2.9	
205.41	-48.3	
205.627	39.76	
205.844	148.31	
206.06	9.05	
206.277	58.2	
206.493	-70.83	
206.71	-17.58	
206.926	-64.68	
207.143	54.1	
207.36	-21.67	
207.576	4.95	
207.793	37.72	
208.009	105.3	
208.226	64.34	
208.442	31.57	
208.659	-79.02	
208.875	-72.87	
209.092	54.1	
209.308	11.09	
209.524	-81.07	
209.741	23.38	
209.957	-79.02	
210.174	146.26	
210.39	84.82	
210.607	-126.12	
210.823	-3.24	
211.039	0.85	
211.256	-40.11	
211.472	-25.77	
211.688	123.73	
211.905	-17.58	
212.121	56.15	
212.338	84.82	
212.554	-19.63	
212.77	76.63	
212.987	-7.34	
213.203	64.34	
213.419	29.52	
213.635	50	
213.852	86.87	
214.068	-23.72	
214.284	-50.35	
214.501	70.48	
214.717	-17.58	
214.933	64.34	
215.149	-1.19	
215.365	29.52	
215.582	-11.43	
215.798	-33.96	
216.014	-68.78	
216.23	-21.67	
216.447	56.15	
216.663	107.35	
216.879	-5.29	
217.095	-11.43	
217.311	9.05	
217.527	39.76	
217.743	103.25	
217.96	-31.91	
218.176	39.76	
218.392	-13.48	
218.608	15.19	
218.824	-13.48	
219.04	31.57	
219.256	19.29	
219.472	37.72	
219.688	156.5	
219.904	56.15	
220.12	-13.48	
220.336	62.29	
220.552	62.29	
220.768	-11.43	
220.984	-81.07	
221.2	41.81	
221.416	33.62	
221.632	-83.11	
221.848	72.53	
222.064	39.76	
222.28	82.77	
222.496	-42.15	
222.712	31.57	
222.928	11.09	
223.144	82.77	
223.36	29.52	
223.576	72.53	
223.792	43.86	
224.008	47.96	
224.224	-25.77	
224.439	109.4	
224.655	-17.58	
224.871	84.82	
225.087	-50.35	
225.303	50	
225.519	-36.01	
225.734	-72.87	
225.95	58.2	
226.166	119.64	
226.382	72.53	
226.598	70.48	
226.813	72.53	
227.029	-17.58	
227.245	21.33	
227.461	66.39	
227.677	37.72	
227.892	-23.72	
228.108	88.92	
228.324	-3.24	
228.539	54.1	
228.755	101.2	
228.971	-44.2	
229.186	121.68	
229.402	27.48	
229.618	-15.53	
229.833	-29.87	
230.049	41.81	
230.265	-83.11	
230.48	-50.35	
230.696	-1.19	
230.912	142.16	
231.127	113.49	
231.343	9.05	
231.558	113.49	
231.774	80.72	
231.99	-83.11	
232.205	111.44	
232.421	129.88	
232.636	-31.91	
232.852	39.76	
233.067	-36.01	
233.283	-25.77	
233.498	90.96	
233.714	21.33	
233.929	52.05	
234.145	50	
234.36	76.63	
234.576	23.38	
234.791	25.43	
235.007	-5.29	
235.222	105.3	
235.438	21.33	
235.653	52.05	
235.868	82.77	
236.084	107.35	
236.299	-87.21	
236.515	107.35	
236.73	70.48	
236.945	25.43	
237.161	21.33	
237.376	39.76	
237.592	-31.91	
237.807	7	
238.022	66.39	
238.238	39.76	
238.453	19.29	
238.668	62.29	
238.883	19.29	
239.099	11.09	
239.314	-101.55	
239.529	39.76	
239.745	-27.82	
239.96	4.95	
240.175	56.15	
240.39	119.64	
240.605	58.2	
240.821	265.04	
241.036	29.52	
241.251	-17.58	
241.466	39.76	
241.681	27.48	
241.897	0.85	
242.112	-27.82	
242.327	-9.39	
242.542	39.76	
242.757	-11.43	
242.972	86.87	
243.188	13.14	
243.403	23.38	
243.618	-42.15	
243.833	54.1	
244.048	37.72	
244.263	0.85	
244.478	74.58	
244.693	43.86	
244.908	45.91	
245.123	7	
245.338	54.1	
245.553	-11.43	
245.768	62.29	
245.983	97.11	
246.198	-40.11	
246.413	103.25	
246.628	56.15	
246.843	17.24	
247.058	66.39	
247.273	-60.59	
247.488	78.68	
247.703	-21.67	
247.918	70.48	
248.133	90.96	
248.348	29.52	
248.563	-5.29	
248.778	-21.67	
248.993	146.26	
249.207	31.57	
249.422	2.9	
249.637	99.16	
249.852	-42.15	
250.067	-17.58	
250.282	37.72	
250.496	-56.49	
250.711	-36.01	
250.926	-44.2	
251.141	80.72	
251.356	35.67	
251.57	25.43	
251.785	-19.63	
252	-5.29	
252.215	33.62	
252.43	-48.3	
252.644	-76.97	
252.859	86.87	
253.074	105.3	
253.288	56.15	
253.503	-5.29	
253.718	-7.34	
253.932	-79.02	
254.147	105.3	
254.362	189.27	
254.576	56.15	
254.791	21.33	
255.006	15.19	
255.22	68.44	
255.435	50	
255.65	136.02	
255.864	29.52	
256.079	7	
256.293	37.72	
256.508	56.15	
256.723	50	
256.937	4.95	
257.152	125.78	
257.366	-44.2	
257.581	88.92	
257.795	127.83	
258.01	35.67	
258.224	11.09	
258.439	74.58	
258.653	60.24	
258.868	13.14	
259.082	-46.25	
259.297	60.24	
259.511	88.92	
259.726	-17.58	
259.94	-46.25	
260.154	-17.58	
260.369	37.72	
260.583	-36.01	
260.798	64.34	
261.012	138.07	
261.226	-81.07	
261.441	103.25	
261.655	41.81	
261.869	113.49	
262.084	-7.34	
262.298	11.09	
262.512	-3.24	
262.727	-31.91	
262.941	39.76	
263.155	138.07	
263.37	-19.63	
263.584	39.76	
263.798	41.81	
264.012	115.54	
264.227	4.95	
264.441	80.72	
264.655	72.53	
264.869	101.2	
265.084	45.91	
265.298	115.54	
265.512	37.72	
265.726	62.29	
265.94	39.76	
266.155	111.44	
266.369	27.48	
266.583	52.05	
266.797	121.68	
267.011	-9.39	
267.225	54.1	
267.439	103.25	
267.654	31.57	
267.868	23.38	
268.082	41.81	
268.296	23.38	
268.51	-58.54	
268.724	-33.96	
268.938	25.43	
269.152	56.15	
269.366	37.72	
269.58	74.58	
269.794	-68.78	
270.008	-33.96	
270.222	29.52	
270.436	160.59	
270.65	-33.96	
270.864	-40.11	
271.078	29.52	
271.292	27.48	
271.506	4.95	
271.72	99.16	
271.934	-38.06	
272.148	72.53	
272.362	17.24	
272.575	56.15	
272.789	29.52	
273.003	68.44	
273.217	90.96	
273.431	70.48	
273.645	31.57	
273.859	60.24	
274.073	29.52	
274.286	84.82	
274.5	21.33	
274.714	76.63	
274.928	31.57	
275.142	62.29	
275.355	80.72	
275.569	9.05	
275.783	25.43	
275.997	148.31	
276.21	-9.39	
276.424	2.9	
276.638	-19.63	
276.852	131.92	
277.065	2.9	
277.279	140.12	
277.493	9.05	
277.706	70.48	
277.92	31.57	
278.134	103.25	
278.347	103.25	
278.561	-46.25	
278.775	21.33	
278.988	35.67	
279.202	-3.24	
279.415	-46.25	
279.629	93.01	
279.843	138.07	
280.056	72.53	
280.27	27.48	
280.483	117.59	
280.697	97.11	
280.91	-36.01	
281.124	2.9	
281.337	64.34	
281.551	199.51	
281.764	15.19	
281.978	41.81	
282.191	0.85	
282.405	70.48	
282.618	74.58	
282.832	11.09	
283.045	-1.19	
283.259	43.86	
283.472	31.57	
283.686	113.49	
283.899	31.57	
284.112	11.09	
284.326	21.33	
284.539	-1.19	
284.752	72.53	
284.966	-3.24	
285.179	88.92	
285.393	-38.06	
285.606	103.25	
285.819	50	
286.033	-5.29	
286.246	62.29	
286.459	13.14	
286.672	109.4	
286.886	15.19	
287.099	23.38	
287.312	-79.02	
287.525	64.34	
287.739	45.91	
287.952	39.76	
288.165	-15.53	
288.378	82.77	
288.592	111.44	
288.805	35.67	
289.018	39.76	
289.231	-1.19	
289.444	74.58	
289.657	-29.87	
289.871	62.29	
290.084	50	
290.297	39.76	
290.51	23.38	
290.723	-44.2	
290.936	-48.3	
291.149	-3.24	
291.362	121.68	
291.575	72.53	
291.789	35.67	
292.002	-48.3	
292.215	86.87	
292.428	-7.34	
292.641	82.77	
292.854	-27.82	
293.067	54.1	
293.28	-21.67	
293.493	13.14	
293.706	37.72	
293.919	19.29	
294.132	19.29	
294.345	131.92	
294.558	-85.16	
294.77	23.38	
294.983	-44.2	
295.196	13.14	
295.409	72.53	
295.622	117.59	
295.835	43.86	
296.048	35.67	
296.261	103.25	
296.474	119.64	
296.686	-21.67	
296.899	21.33	
297.112	45.91	
297.325	21.33	
297.538	93.01	
297.751	-19.63	
297.963	74.58	
298.176	66.39	
298.389	37.72	
298.602	84.82	
298.814	9.05	
299.027	125.78	
299.24	283.47	
299.453	-13.48	
299.665	7	
299.878	111.44	
300.091	-13.48	
300.303	76.63	
300.516	93.01	
300.729	35.67	
300.941	21.33	
301.154	27.48	
301.367	72.53	
301.579	-25.77	
301.792	45.91	
302.005	82.77	
302.217	80.72	
302.43	45.91	
302.642	-17.58	
302.855	70.48	
303.067	19.29	
303.28	-48.3	
303.493	31.57	
303.705	56.15	
303.918	-19.63	
304.13	47.96	
304.343	90.96	
304.555	64.34	
304.768	-23.72	
304.98	54.1	
305.193	72.53	
305.405	54.1	
305.617	15.19	
305.83	33.62	
306.042	4.95	
306.255	86.87	
306.467	29.52	
306.68	-105.64	
306.892	4.95	
307.104	-27.82	
307.317	-23.72	
307.529	56.15	
307.741	62.29	
307.954	64.34	
308.166	-46.25	
308.378	27.48	
308.591	2.9	
308.803	88.92	
309.015	95.06	
309.228	90.96	
309.44	181.07	
309.652	123.73	
309.864	-52.39	
310.077	70.48	
310.289	2.9	
310.501	-52.39	
310.713	11.09	
310.926	54.1	
311.138	23.38	
311.35	13.14	
311.562	-31.91	
311.774	88.92	
311.986	-15.53	
312.199	148.31	
312.411	15.19	
312.623	117.59	
312.835	-95.4	
313.047	76.63	
313.259	0.85	
313.471	23.38	
313.683	80.72	
313.895	66.39	
314.108	-1.19	
314.32	62.29	
314.532	-42.15	
314.744	72.53	
314.956	-36.01	
315.168	37.72	
315.38	111.44	
315.592	80.72	
315.804	-46.25	
316.016	29.52	
316.228	-29.87	
316.44	127.83	
316.651	103.25	
316.863	60.24	
317.075	50	
317.287	70.48	
317.499	-52.39	
317.711	4.95	
317.923	103.25	
318.135	119.64	
318.347	37.72	
318.559	-19.63	
318.77	21.33	
318.982	105.3	
319.194	68.44	
319.406	95.06	
319.618	54.1	
319.83	39.76	
320.041	11.09	
320.253	33.62	
320.465	90.96	
320.677	37.72	
320.888	-40.11	
321.1	-48.3	
321.312	19.29	
321.524	13.14	
321.735	195.41	
321.947	70.48	
322.159	88.92	
322.37	70.48	
322.582	-38.06	
322.794	64.34	
323.005	19.29	
323.217	127.83	
323.429	4.95	
323.64	101.2	
323.852	13.14	
324.063	52.05	
324.275	-42.15	
324.487	80.72	
324.698	66.39	
324.91	95.06	
325.121	7	
325.333	45.91	
325.544	-17.58	
325.756	0.85	
325.967	-7.34	
326.179	93.01	
326.39	41.81	
326.602	150.36	
326.813	50	
327.025	138.07	
327.236	35.67	
327.448	-9.39	
327.659	-23.72	
327.871	121.68	
328.082	17.24	
328.293	78.68	
328.505	37.72	
328.716	158.55	
328.928	162.64	
329.139	25.43	
329.35	-15.53	
329.562	95.06	
329.773	23.38	
329.984	-11.43	
330.196	119.64	
330.407	33.62	
330.618	74.58	
330.83	78.68	
331.041	78.68	
331.252	9.05	
331.463	25.43	
331.675	60.24	
331.886	31.57	
332.097	62.29	
332.308	25.43	
332.52	52.05	
332.731	9.05	
332.942	31.57	
333.153	19.29	
333.364	97.11	
333.575	136.02	
333.787	-25.77	
333.998	68.44	
334.209	90.96	
334.42	-40.11	
334.631	82.77	
334.842	54.1	
335.053	-19.63	
335.264	107.35	
335.475	191.31	
335.686	62.29	
335.898	93.01	
336.109	62.29	
336.32	82.77	
336.531	-7.34	
336.742	-9.39	
336.953	29.52	
337.164	-7.34	
337.375	29.52	
337.586	86.87	
337.797	15.19	
338.007	66.39	
338.218	-62.63	
338.429	107.35	
338.64	54.1	
338.851	29.52	
339.062	4.95	
339.273	23.38	
339.484	64.34	
339.695	136.02	
339.906	7	
340.116	-115.88	
340.327	43.86	
340.538	74.58	
340.749	70.48	
340.96	19.29	
341.171	4.95	
341.381	-1.19	
341.592	60.24	
341.803	23.38	
342.014	19.29	
342.224	-21.67	
342.435	82.77	
342.646	123.73	
342.857	7	
343.067	-21.67	
343.278	31.57	
343.489	60.24	
343.699	47.96	
343.91	58.2	
344.121	-64.68	
344.331	31.57	
344.542	66.39	
344.753	19.29	
344.963	13.14	
345.174	115.54	
345.384	25.43	
345.595	27.48	
345.806	119.64	
346.016	103.25	
346.227	-5.29	
346.437	19.29	
346.648	4.95	
346.858	93.01	
347.069	-17.58	
347.279	105.3	
347.49	-31.91	
347.7	17.24	
347.911	76.63	
348.121	21.33	
348.332	-17.58	
348.542	4.95	
348.753	113.49	
348.963	4.95	
349.173	13.14	
349.384	82.77	
349.594	45.91	
349.805	88.92	
350.015	66.39	
350.225	115.54	
350.436	31.57	
350.646	95.06	
350.856	90.96	
351.067	119.64	
351.277	37.72	
351.487	-17.58	
351.698	-54.44	
351.908	58.2	
352.118	-9.39	
352.328	56.15	
352.539	23.38	
352.749	0.85	
352.959	68.44	
353.169	23.38	
353.38	68.44	
353.59	31.57	
353.8	50	
354.01	111.44	
354.22	107.35	
354.431	39.76	
354.641	35.67	
354.851	148.31	
355.061	-15.53	
355.271	23.38	
355.481	88.92	
355.691	9.05	
355.901	-79.02	
356.111	47.96	
356.321	47.96	
356.532	127.83	
356.742	103.25	
356.952	62.29	
357.162	-11.43	
357.372	101.2	
357.582	62.29	
357.792	-7.34	
358.002	-44.2	
358.212	-72.87	
358.422	-85.16	
358.632	111.44	
358.842	0.85	
359.051	-19.63	
359.261	-17.58	
359.471	105.3	
359.681	39.76	
359.891	-5.29	
360.101	115.54	
360.311	4.95	
360.521	31.57	
360.731	47.96	
360.94	-64.68	
361.15	86.87	
361.36	-15.53	
361.57	121.68	
361.78	27.48	
361.989	95.06	
362.199	86.87	
362.409	13.14	
362.619	148.31	
362.828	-56.49	
363.038	54.1	
363.248	187.22	
363.458	21.33	
363.667	93.01	
363.877	129.88	
364.087	66.39	
364.296	119.64	
364.506	29.52	
364.716	23.38	
364.925	154.45	
365.135	156.5	
365.345	9.05	
365.554	105.3	
365.764	33.62	
365.973	33.62	
366.183	90.96	
366.393	68.44	
366.602	70.48	
366.812	136.02	
367.021	136.02	
367.231	68.44	
367.44	193.36	
367.65	84.82	
367.859	45.91	
368.069	154.45	
368.278	101.2	
368.488	144.21	
368.697	88.92	
368.907	47.96	
369.116	64.34	
369.326	33.62	
369.535	283.47	
369.744	95.06	
369.954	158.55	
370.163	154.45	
370.373	25.43	
370.582	170.83	
370.791	136.02	
371.001	97.11	
371.21	152.4	
371.419	205.65	
371.629	213.84	
371.838	193.36	
372.047	142.16	
372.256	195.41	
372.466	340.82	
372.675	146.26	
372.884	217.94	
373.093	185.17	
373.303	275.28	
373.512	217.94	
373.721	377.68	
373.93	203.6	
374.139	291.66	
374.349	357.2	
374.558	400.21	
374.767	281.43	
374.976	465.74	
375.185	361.3	
375.394	420.69	
375.603	455.5	
375.813	428.88	
376.022	449.36	
376.231	496.46	
376.44	453.45	
376.649	594.76	
376.858	678.73	
377.067	721.74	
377.276	557.9	
377.485	615.24	
377.694	770.89	
377.903	824.14	
378.112	865.1	
378.321	865.1	
378.53	871.24	
378.739	906.06	
378.948	928.58	
379.157	1004.36	
379.366	1055.56	
379.575	1207.11	
379.784	1250.11	
379.992	1325.89	
380.201	1344.32	
380.41	1336.13	
380.619	1688.38	
380.828	1633.08	
381.037	1672	
381.246	1700.67	
381.454	1792.83	
381.663	1919.8	
381.872	2018.1	
382.081	2161.46	
382.29	2235.19	
382.498	2403.12	
382.707	2507.57	
382.916	2612.01	
383.125	2665.26	
383.333	2788.14	
383.542	2827.05	
383.751	2818.86	
383.959	3078.95	
384.168	3232.55	
384.377	3322.66	
384.585	3490.59	
384.794	3715.87	
385.003	3980.06	
385.211	4203.29	
385.42	4307.73	
385.628	4547.34	
385.837	4829.96	
386.046	4829.96	
386.254	4879.11	
386.463	5108.49	
386.671	5272.32	
386.88	5278.47	
387.088	5741.31	
387.297	5929.72	
387.505	6163.19	
387.714	6241.01	
387.922	6836.97	
388.131	6929.13	
388.339	7101.16	
388.548	7537.38	
388.756	7760.61	
388.965	7922.4	
389.173	8311.51	
389.381	8202.97	
389.59	8671.95	
389.798	9061.07	
390.007	9663.17	
390.215	9579.2	
390.423	10042.04	
390.632	10042.04	
390.84	10687.15	
391.048	11109.04	
391.257	11156.14	
391.465	11348.65	
391.673	11907.74	
391.882	12083.87	
392.09	12307.1	
392.298	12718.74	
392.506	13243.02	
392.715	13611.65	
392.923	13781.64	
393.131	14068.35	
393.339	14938.74	
393.547	15049.33	
393.756	15319.66	
393.964	15833.7	
394.172	16134.75	
394.38	16175.71	
394.588	17029.71	
394.796	17463.88	
395.005	17637.96	
395.213	18250.3	
395.421	18864.69	
395.629	19061.3	
395.837	19847.72	
396.045	20591.13	
396.253	20902.42	
396.461	21246.48	
396.669	21920.26	
396.877	22028.81	
397.085	22663.68	
397.293	22893.05	
397.501	23462.38	
397.709	23941.61	
397.917	24244.71	
398.125	24183.27	
398.333	24072.68	
398.541	25516.5	
398.749	26284.48	
398.957	26130.89	
399.165	27277.75	
399.373	26741.18	
399.581	27578.8	
399.788	27122.1	
399.996	27963.82	
400.204	28060.07	
400.412	28524.96	
400.62	29251.99	
400.828	29378.97	
401.035	30167.43	
401.243	30218.63	
401.451	30912.89	
401.659	30800.26	
401.867	31117.69	
402.074	31306.1	
402.282	31091.07	
402.49	31215.99	
402.697	31162.75	
402.905	31385.97	
403.113	31105.4	
403.321	31961.45	
403.528	31996.27	
403.736	32518.5	
403.944	31375.73	
404.151	32029.04	
404.359	31900.01	
404.566	32844.13	
404.774	31490.42	
404.982	30681.47	
405.189	30824.83	
405.397	30673.28	
405.604	30984.57	
405.812	30593.41	
406.02	30208.39	
406.227	30292.36	
406.435	28907.93	
406.642	29477.27	
406.85	28662.18	
407.057	28201.38	
407.265	28877.21	
407.472	28283.3	
407.679	27666.86	
407.887	27521.46	
408.094	26984.89	
408.302	26235.33	
408.509	25602.51	
408.717	25018.84	
408.924	24343.01	
409.131	24099.3	
409.339	23298.55	
409.546	22917.62	
409.753	22622.72	
409.961	22594.04	
410.168	21352.98	
410.375	21013.01	
410.583	20464.16	
410.79	20183.59	
410.997	19505.71	
411.205	19427.88	
411.412	19006	
411.619	19042.87	
411.826	18348.61	
412.034	18330.17	
412.241	17408.59	
412.448	17298	
412.655	16601.69	
412.862	16611.93	
413.07	15671.91	
413.277	15336.04	
413.484	15127.15	
413.691	14324.35	
413.898	14137.98	
414.105	13415.05	
414.312	13341.32	
414.519	13066.89	
414.727	12661.4	
414.934	12370.58	
415.141	12069.53	
415.348	12063.39	
415.555	11674.28	
415.762	11412.14	
415.969	11233.96	
416.176	11373.22	
416.383	10777.26	
416.59	10592.95	
416.797	10330.81	
417.004	10031.8	
417.211	9704.13	
417.418	9470.66	
417.625	9525.96	
417.831	9165.51	
418.038	8796.88	
418.245	8639.19	
418.452	8295.13	
418.659	8248.02	
418.866	7885.53	
419.073	7863.01	
419.28	7525.09	
419.486	7248.61	
419.693	7248.61	
419.9	7164.65	
420.107	6976.23	
420.314	6890.22	
420.52	6615.79	
420.727	6765.29	
420.934	6286.07	
421.141	6124.28	
421.347	5751.55	
421.554	5700.35	
421.761	5683.97	
421.967	5696.25	
422.174	5421.83	
422.381	5423.87	
422.588	5124.87	
422.794	4952.84	
423.001	4694.8	
423.207	4578.06	
423.414	4555.54	
423.621	4498.19	
423.827	4350.74	
424.034	4373.27	
424.24	4125.46	
424.447	4133.65	
424.654	4023.06	
424.86	3930.91	
425.067	3658.53	
425.273	3705.63	
425.48	3496.74	
425.686	3490.59	
425.893	3347.23	
426.099	3404.58	
426.306	3107.62	
426.512	3042.09	
426.718	3050.28	
426.925	3003.18	
427.131	2968.36	
427.338	2835.24	
427.544	2734.89	
427.75	2695.98	
427.957	2552.62	
428.163	2515.76	
428.37	2532.14	
428.576	2546.48	
428.782	2356.02	
428.988	2308.91	
429.195	2153.27	
429.401	2405.17	
429.607	2024.25	
429.814	2085.69	
430.02	2061.11	
430.226	2028.34	
430.432	1952.57	
430.639	1874.74	
430.845	1944.38	
431.051	1897.27	
431.257	1788.73	
431.463	1946.42	
431.67	1801.02	
431.876	1813.31	
432.082	1592.13	
432.288	1596.22	
432.494	1583.93	
432.7	1594.17	
432.906	1514.3	
433.112	1692.48	
433.318	1418.05	
433.525	1418.05	
433.731	1397.57	
433.937	1297.22	
434.143	1393.47	
434.349	1325.89	
434.555	1182.53	
434.761	1299.27	
434.967	1157.96	
435.173	1170.24	
435.379	1104.71	
435.585	1119.04	
435.791	1133.38	
435.996	1182.53	
436.202	1076.04	
436.408	1110.85	
436.614	904.01	
436.82	1078.08	
437.026	979.78	
437.232	951.11	
437.438	910.15	
437.644	856.9	
437.849	893.77	
438.055	922.44	
438.261	815.94	
438.467	873.29	
438.673	805.71	
438.878	770.89	
439.084	838.47	
439.29	744.27	
439.496	756.55	
439.701	772.94	
439.907	701.26	
440.113	705.35	
440.318	555.85	
440.524	701.26	
440.73	598.86	
440.935	611.15	
441.141	643.92	
441.347	572.24	
441.552	467.79	
441.758	545.61	
441.964	498.51	
442.169	494.41	
442.375	521.04	
442.58	398.16	
442.786	406.35	
442.991	480.08	
443.197	545.61	
443.402	531.28	
443.608	398.16	
443.813	430.93	
444.019	461.65	
444.224	572.24	
444.43	377.68	
444.635	455.5	
444.841	351.06	
445.046	451.41	
445.252	398.16	
445.457	435.02	
445.662	328.53	
445.868	322.38	
446.073	318.29	
446.278	402.26	
446.484	334.67	
446.689	295.76	
446.894	242.51	
447.1	338.77	
447.305	275.28	
447.51	303.95	
447.716	295.76	
447.921	293.71	
448.126	189.27	
448.331	338.77	
448.537	289.62	
448.742	199.51	
448.947	185.17	
449.152	260.95	
449.357	213.84	
449.563	160.59	
449.768	234.32	
449.973	248.66	
450.178	195.41	
450.383	211.79	
450.588	236.37	
450.793	156.5	
450.999	127.83	
451.204	219.99	
451.409	318.29	
451.614	172.88	
451.819	152.4	
452.024	93.01	
452.229	164.69	
452.434	152.4	
452.639	238.42	
452.844	217.94	
453.049	123.73	
453.254	150.36	
453.459	187.22	
453.664	136.02	
453.869	168.79	
454.074	287.57	
454.279	226.13	
454.483	211.79	
454.688	181.07	
454.893	101.2	
455.098	121.68	
455.303	291.66	
455.508	170.83	
455.713	72.53	
455.917	170.83	
456.122	201.55	
456.327	105.3	
456.532	197.46	
456.737	95.06	
456.941	111.44	
457.146	-31.91	
457.351	138.07	
457.555	133.97	
457.76	78.68	
457.965	119.64	
458.17	25.43	
458.374	129.88	
458.579	123.73	
458.784	133.97	
458.988	215.89	
459.193	52.05	
459.397	62.29	
459.602	95.06	
459.807	125.78	
460.011	146.26	
460.216	101.2	
460.42	56.15	
460.625	90.96	
460.829	95.06	
461.034	25.43	
461.239	60.24	
461.443	88.92	
461.648	9.05	
461.852	86.87	
462.056	62.29	
462.261	25.43	
462.465	174.93	
462.67	113.49	
462.874	197.46	
463.079	50	
463.283	31.57	
463.487	66.39	
463.692	111.44	
463.896	138.07	
464.1	74.58	
464.305	4.95	
464.509	101.2	
464.713	82.77	
464.918	68.44	
465.122	64.34	
465.326	54.1	
465.531	93.01	
465.735	74.58	
465.939	33.62	
466.143	97.11	
466.348	82.77	
466.552	142.16	
466.756	41.81	
466.96	74.58	
467.164	117.59	
467.368	95.06	
467.573	76.63	
467.777	131.92	
467.981	35.67	
468.185	39.76	
468.389	56.15	
468.593	43.86	
468.797	70.48	
469.001	-48.3	
469.205	21.33	
469.409	95.06	
469.613	80.72	
469.817	105.3	
470.021	72.53	
470.225	7	
470.429	129.88	
470.633	146.26	
470.837	74.58	
471.041	9.05	
471.245	78.68	
471.449	70.48	
471.653	4.95	
471.857	29.52	
472.061	13.14	
472.265	33.62	
472.469	60.24	
472.673	-9.39	
472.876	23.38	
473.08	70.48	
473.284	82.77	
473.488	21.33	
473.692	80.72	
473.895	-3.24	
474.099	88.92	
474.303	113.49	
474.507	74.58	
474.71	117.59	
474.914	95.06	
475.118	64.34	
475.322	37.72	
475.525	0.85	
475.729	111.44	
475.933	-17.58	
476.136	144.21	
476.34	-58.54	
476.543	187.22	
476.747	150.36	
476.951	27.48	
477.154	150.36	
477.358	-1.19	
477.561	27.48	
477.765	88.92	
477.969	-15.53	
478.172	54.1	
478.376	-38.06	
478.579	64.34	
478.783	-5.29	
478.986	37.72	
479.19	11.09	
479.393	-19.63	
479.596	58.2	
479.8	54.1	
480.003	31.57	
480.207	47.96	
480.41	-29.87	
480.614	95.06	
480.817	13.14	
481.02	74.58	
481.224	52.05	
481.427	101.2	
481.63	88.92	
481.834	-21.67	
482.037	105.3	
482.24	15.19	
482.443	-3.24	
482.647	43.86	
482.85	21.33	
483.053	88.92	
483.256	-25.77	
483.46	39.76	
483.663	-36.01	
483.866	125.78	
484.069	31.57	
484.272	52.05	
484.476	-3.24	
484.679	13.14	
484.882	13.14	
485.085	62.29	
485.288	76.63	
485.491	-7.34	
485.694	54.1	
485.897	140.12	
486.101	19.29	
486.304	119.64	
486.507	88.92	
486.71	111.44	
486.913	82.77	
487.116	-27.82	
487.319	66.39	
487.522	47.96	
487.725	43.86	
487.928	82.77	
488.13	138.07	
488.333	21.33	
488.536	93.01	
488.739	119.64	
488.942	25.43	
489.145	15.19	
489.348	74.58	
489.551	2.9	
489.754	-9.39	
489.956	47.96	
490.159	13.14	
490.362	43.86	
490.565	-17.58	
490.768	60.24	
490.97	4.95	
491.173	54.1	
491.376	193.36	
491.579	54.1	
491.781	-42.15	
491.984	37.72	
492.187	39.76	
492.39	144.21	
492.592	80.72	
492.795	-9.39	
492.998	-27.82	
493.2	68.44	
493.403	-1.19	
493.605	4.95	
493.808	68.44	
494.011	136.02	
494.213	-36.01	
494.416	-19.63	
494.618	31.57	
494.821	107.35	
495.023	60.24	
495.226	15.19	
495.428	58.2	
495.631	39.76	
495.833	-11.43	
496.036	121.68	
496.238	64.34	
496.441	45.91	
496.643	-11.43	
496.846	74.58	
497.048	35.67	
497.25	21.33	
497.453	70.48	
497.655	27.48	
497.858	41.81	
498.06	148.31	
498.262	70.48	
498.465	47.96	
498.667	0.85	
498.869	29.52	
499.071	50	
499.274	95.06	
499.476	47.96	
499.678	62.29	
499.881	95.06	
500.083	66.39	
500.285	-31.91	
500.487	17.24	
500.689	93.01	
500.892	78.68	
501.094	54.1	
501.296	58.2	
501.498	109.4	
501.7	52.05	
501.902	-27.82	
502.104	29.52	
502.306	35.67	
502.509	11.09	
502.711	-46.25	
502.913	11.09	
503.115	25.43	
503.317	9.05	
503.519	33.62	
503.721	13.14	
503.923	0.85	
504.125	78.68	
504.327	109.4	
504.529	56.15	
504.731	13.14	
504.933	97.11	
505.134	27.48	
505.336	27.48	
505.538	25.43	
505.74	54.1	
505.942	78.68	
506.144	70.48	
506.346	19.29	
506.548	-19.63	
506.749	-42.15	
506.951	66.39	
507.153	-33.96	
507.355	74.58	
507.557	-1.19	
507.758	39.76	
507.96	-27.82	
508.162	123.73	
508.363	15.19	
508.565	50	
508.767	7	
508.969	29.52	
509.17	4.95	
509.372	52.05	
509.574	62.29	
509.775	19.29	
509.977	-11.43	
510.178	27.48	
510.38	86.87	
510.582	84.82	
510.783	-33.96	
510.985	95.06	
511.186	13.14	
511.388	19.29	
511.589	45.91	
511.791	140.12	
511.992	142.16	
512.194	-42.15	
512.395	64.34	
512.597	17.24	
512.798	21.33	
513	154.45	
513.201	37.72	
513.403	-1.19	
513.604	111.44	
513.805	90.96	
514.007	-5.29	
514.208	-11.43	
514.409	80.72	
514.611	-25.77	
514.812	50	
515.013	-56.49	
515.215	97.11	
515.416	105.3	
515.617	-33.96	
515.819	70.48	
516.02	17.24	
516.221	-54.44	
516.422	45.91	
516.623	93.01	
516.825	9.05	
517.026	21.33	
517.227	39.76	
517.428	19.29	
517.629	-27.82	
517.83	13.14	
518.032	52.05	
518.233	2.9	
518.434	54.1	
518.635	70.48	
518.836	41.81	
519.037	23.38	
519.238	50	
519.439	39.76	
519.64	86.87	
519.841	2.9	
520.042	31.57	
520.243	-17.58	
520.444	-1.19	
520.645	47.96	
520.846	-25.77	
521.047	41.81	
521.248	13.14	
521.449	52.05	
521.65	35.67	
521.851	-9.39	
522.052	4.95	
522.252	64.34	
522.453	-17.58	
522.654	41.81	
522.855	47.96	
523.056	-1.19	
523.257	31.57	
523.457	-3.24	
523.658	-5.29	
523.859	23.38	
524.06	25.43	
524.26	23.38	
524.461	19.29	
524.662	-89.26	
524.862	121.68	
525.063	41.81	
525.264	-7.34	
525.464	21.33	
525.665	93.01	
525.866	140.12	
526.066	64.34	
526.267	35.67	
526.468	-27.82	
526.668	-52.39	
526.869	60.24	
527.069	54.1	
527.27	-1.19	
527.47	82.77	
527.671	66.39	
527.871	52.05	
528.072	-33.96	
528.272	-33.96	
528.473	58.2	
528.673	115.54	
528.874	60.24	
529.074	90.96	
529.275	-17.58	
529.475	39.76	
529.675	76.63	
529.876	39.76	
530.076	-5.29	
530.277	60.24	
530.477	-58.54	
530.677	0.85	
530.878	68.44	
531.078	25.43	
531.278	-1.19	
531.478	90.96	
531.679	-64.68	
531.879	-25.77	
532.079	-9.39	
532.28	-29.87	
532.48	25.43	
532.68	52.05	
532.88	-23.72	
533.08	9.05	
533.28	58.2	
533.481	78.68	
533.681	80.72	
533.881	90.96	
534.081	7	
534.281	88.92	
534.481	50	
534.681	62.29	
534.881	45.91	
535.081	66.39	
535.281	56.15	
535.481	56.15	
535.682	23.38	
535.882	35.67	
536.082	23.38	
536.281	-1.19	
536.481	13.14	
536.681	29.52	
536.881	99.16	
537.081	37.72	
537.281	-126.12	
537.481	74.58	
537.681	39.76	
537.881	-3.24	
538.081	21.33	
538.281	15.19	
538.48	29.52	
538.68	88.92	
538.88	-3.24	
539.08	-3.24	
539.28	111.44	
539.479	70.48	
539.679	62.29	
539.879	115.54	
540.079	80.72	
540.278	103.25	
540.478	113.49	
540.678	54.1	
540.877	17.24	
541.077	50	
541.277	154.45	
541.476	-3.24	
541.676	23.38	
541.876	136.02	
542.075	107.35	
542.275	72.53	
542.474	64.34	
542.674	-3.24	
542.874	21.33	
543.073	35.67	
543.273	50	
543.472	99.16	
543.672	172.88	
543.871	199.51	
544.071	95.06	
544.27	97.11	
544.47	13.14	
544.669	146.26	
544.868	56.15	
545.068	140.12	
545.267	72.53	
545.467	33.62	
545.666	39.76	
545.865	168.79	
546.065	54.1	
546.264	31.57	
546.463	37.72	
546.663	62.29	
546.862	33.62	
547.061	125.78	
547.261	45.91	
547.46	52.05	
547.659	181.07	
547.858	125.78	
548.058	82.77	
548.257	111.44	
548.456	27.48	
548.655	86.87	
548.854	93.01	
549.053	82.77	
549.253	68.44	
549.452	97.11	
549.651	47.96	
549.85	70.48	
550.049	78.68	
550.248	158.55	
550.447	45.91	
550.646	64.34	
550.845	111.44	
551.044	-15.53	
551.243	33.62	
551.442	17.24	
551.641	-23.72	
551.84	-1.19	
552.039	109.4	
552.238	88.92	
552.437	54.1	
552.636	62.29	
552.835	13.14	
553.034	88.92	
553.233	39.76	
553.432	90.96	
553.63	109.4	
553.829	-13.48	
554.028	78.68	
554.227	52.05	
554.426	-17.58	
554.625	7	
554.823	78.68	
555.022	39.76	
555.221	0.85	
555.42	-56.49	
555.618	37.72	
555.817	47.96	
556.016	-3.24	
556.214	54.1	
556.413	111.44	
556.612	52.05	
556.81	0.85	
557.009	70.48	
557.208	78.68	
557.406	80.72	
557.605	50	
557.803	15.19	
558.002	50	
558.201	62.29	
558.399	35.67	
558.598	-23.72	
558.796	33.62	
558.995	-72.87	
559.193	64.34	
559.392	125.78	
559.59	-23.72	
559.789	-5.29	
559.987	111.44	
560.185	90.96	
560.384	138.07	
560.582	78.68	
560.781	45.91	
560.979	21.33	
561.177	90.96	
561.376	17.24	
561.574	56.15	
561.772	23.38	
561.971	158.55	
562.169	-33.96	
562.367	176.98	
562.566	2.9	
562.764	27.48	
562.962	-1.19	
563.16	4.95	
563.358	54.1	
563.557	-40.11	
563.755	-9.39	
563.953	-19.63	
564.151	45.91	
564.349	-1.19	
564.547	56.15	
564.746	56.15	
564.944	23.38	
565.142	-126.12	
565.34	-29.87	
565.538	35.67	
565.736	27.48	
565.934	70.48	
566.132	-36.01	
566.33	-25.77	
566.528	-42.15	
566.726	72.53	
566.924	37.72	
567.122	-19.63	
567.32	7	
567.518	-27.82	
567.716	-1.19	
567.914	-48.3	
568.112	86.87	
568.31	72.53	
568.507	-1.19	
568.705	9.05	
568.903	39.76	
569.101	-7.34	
569.299	-25.77	
569.497	25.43	
569.694	62.29	
569.892	86.87	
570.09	31.57	
570.288	19.29	
570.486	47.96	
570.683	23.38	
570.881	62.29	
571.079	9.05	
571.276	-17.58	
571.474	-17.58	
571.672	101.2	
571.869	41.81	
572.067	121.68	
572.265	21.33	
572.462	4.95	
572.66	39.76	
572.857	54.1	
573.055	27.48	
573.253	54.1	
573.45	93.01	
573.648	27.48	
573.845	-3.24	
574.043	29.52	
574.24	62.29	
574.438	72.53	
574.635	47.96	
574.832	-54.44	
575.03	17.24	
575.227	-23.72	
575.425	37.72	
575.622	154.45	
575.82	50	
576.017	0.85	
576.214	-19.63	
576.412	52.05	
576.609	50	
576.806	127.83	
577.004	-48.3	
577.201	0.85	
577.398	31.57	
577.595	86.87	
577.793	68.44	
577.99	4.95	
578.187	58.2	
578.384	97.11	
578.582	56.15	
578.779	93.01	
578.976	-27.82	
579.173	78.68	
579.37	45.91	
579.567	70.48	
579.764	-3.24	
579.962	45.91	
580.159	-36.01	
580.356	27.48	
580.553	109.4	
580.75	144.21	
580.947	-25.77	
581.144	37.72	
581.341	66.39	
581.538	72.53	
581.735	68.44	
581.932	90.96	
582.129	-38.06	
582.326	129.88	
582.523	-21.67	
582.72	107.35	
582.916	15.19	
583.113	-19.63	
583.31	4.95	
583.507	19.29	
583.704	23.38	
583.901	47.96	
584.098	37.72	
584.294	58.2	
584.491	123.73	
584.688	-3.24	
584.885	-33.96	
585.082	74.58	
585.278	-21.67	
585.475	176.98	
585.672	78.68	
585.868	45.91	
586.065	-66.73	
586.262	72.53	
586.458	50	
586.655	-5.29	
586.852	37.72	
587.048	144.21	
587.245	9.05	
587.442	9.05	
587.638	-9.39	
587.835	97.11	
588.031	56.15	
588.228	136.02	
588.424	37.72	
588.621	17.24	
588.817	29.52	
589.014	111.44	
589.21	52.05	
589.407	97.11	
589.603	82.77	
589.8	45.91	
589.996	19.29	
590.192	66.39	
590.389	52.05	
590.585	80.72	
590.782	17.24	
590.978	45.91	
591.174	64.34	
591.371	113.49	
591.567	15.19	
591.763	-25.77	
591.959	29.52	
592.156	21.33	
592.352	121.68	
592.548	19.29	
592.744	-33.96	
592.941	-17.58	
593.137	62.29	
593.333	-7.34	
593.529	101.2	
593.725	41.81	
593.922	95.06	
594.118	88.92	
594.314	-21.67	
594.51	70.48	
594.706	-54.44	
594.902	25.43	
595.098	-1.19	
595.294	68.44	
595.49	56.15	
595.686	-46.25	
595.882	25.43	
596.078	68.44	
596.274	-17.58	
596.47	146.26	
596.666	41.81	
596.862	54.1	
597.058	72.53	
597.254	-3.24	
597.45	90.96	
597.646	4.95	
597.842	13.14	
598.037	19.29	
598.233	62.29	
598.429	136.02	
598.625	88.92	
598.821	43.86	
599.017	-68.78	
599.212	-21.67	
599.408	60.24	
599.604	62.29	
599.8	70.48	
599.995	-9.39	
600.191	41.81	
600.387	15.19	
600.582	56.15	
600.778	-9.39	
600.974	-38.06	
601.169	13.14	
601.365	-11.43	
601.561	27.48	
601.756	31.57	
601.952	-54.44	
602.147	-9.39	
602.343	21.33	
602.538	-19.63	
602.734	19.29	
602.93	33.62	
603.125	25.43	
603.321	78.68	
603.516	41.81	
603.711	52.05	
603.907	-7.34	
604.102	50	
604.298	45.91	
604.493	-5.29	
604.689	66.39	
604.884	29.52	
605.079	-11.43	
605.275	33.62	
605.47	58.2	
605.665	-36.01	
605.861	-25.77	
606.056	74.58	
606.251	37.72	
606.447	27.48	
606.642	-60.59	
606.837	29.52	
607.032	-23.72	
607.227	-33.96	
607.423	9.05	
607.618	2.9	
607.813	74.58	
608.008	17.24	
608.203	0.85	
608.398	-46.25	
608.594	43.86	
608.789	82.77	
608.984	-40.11	
609.179	47.96	
609.374	64.34	
609.569	17.24	
609.764	45.91	
609.959	25.43	
610.154	35.67	
610.349	129.88	
610.544	119.64	
610.739	86.87	
610.934	103.25	
611.129	97.11	
611.324	187.22	
611.519	72.53	
611.714	117.59	
611.909	142.16	
612.103	156.5	
612.298	-9.39	
612.493	174.93	
612.688	133.97	
612.883	107.35	
613.078	70.48	
613.272	146.26	
613.467	11.09	
613.662	203.6	
613.857	107.35	
614.051	113.49	
614.246	90.96	
614.441	133.97	
614.635	103.25	
614.83	140.12	
615.025	-3.24	
615.219	-40.11	
615.414	11.09	
615.609	86.87	
615.803	4.95	
615.998	109.4	
616.192	78.68	
616.387	78.68	
616.582	31.57	
616.776	88.92	
616.971	56.15	
617.165	-11.43	
617.36	56.15	
617.554	-9.39	
617.749	-25.77	
617.943	62.29	
618.138	129.88	
618.332	66.39	
618.526	15.19	
618.721	-62.63	
618.915	-3.24	
619.11	-3.24	
619.304	58.2	
619.498	80.72	
619.693	11.09	
619.887	31.57	
620.081	90.96	
620.275	52.05	
620.47	-46.25	
620.664	88.92	
620.858	15.19	
621.052	47.96	
621.247	-60.59	
621.441	-27.82	
621.635	-62.63	
621.829	64.34	
622.023	-1.19	
622.218	107.35	
622.412	21.33	
622.606	-19.63	
622.8	-3.24	
622.994	70.48	
623.188	7	
623.382	-25.77	
623.576	-44.2	
623.77	13.14	
623.964	15.19	
624.158	21.33	
624.352	27.48	
624.546	72.53	
624.74	-50.35	
624.934	52.05	
625.128	78.68	
625.322	-31.91	
625.516	19.29	
625.71	-19.63	
625.904	50	
626.098	-21.67	
626.291	56.15	
626.485	15.19	
626.679	70.48	
626.873	45.91	
627.067	9.05	
627.26	84.82	
627.454	11.09	
627.648	21.33	
627.842	119.64	
628.035	21.33	
628.229	0.85	
628.423	58.2	
628.617	54.1	
628.81	-103.59	
629.004	-33.96	
629.198	-7.34	
629.391	37.72	
629.585	21.33	
629.778	4.95	
629.972	31.57	
630.166	-70.83	
630.359	109.4	
630.553	80.72	
630.746	-11.43	
630.94	-13.48	
631.133	78.68	
631.327	56.15	
631.52	41.81	
631.714	35.67	
631.907	-38.06	
632.1	45.91	
632.294	-17.58	
632.487	52.05	
632.681	103.25	
632.874	47.96	
633.067	0.85	
633.261	-17.58	
633.454	47.96	
633.647	-21.67	
633.841	45.91	
634.034	-21.67	
634.227	-5.29	
634.421	136.02	
634.614	-46.25	
634.807	-1.19	
635	-101.55	
635.193	37.72	
635.387	-33.96	
635.58	56.15	
635.773	-3.24	
635.966	25.43	
636.159	39.76	
636.352	35.67	
636.545	84.82	
636.739	-42.15	
636.932	113.49	
637.125	25.43	
637.318	-19.63	
637.511	99.16	
637.704	-17.58	
637.897	64.34	
638.09	0.85	
638.283	95.06	
638.476	76.63	
638.669	39.76	
638.862	74.58	
639.055	7	
639.247	27.48	
639.44	-56.49	
639.633	41.81	
639.826	11.09	
640.019	88.92	
640.212	-93.35	
640.405	88.92	
640.597	2.9	
640.79	62.29	
640.983	-3.24	
641.176	9.05	
641.368	-11.43	
641.561	27.48	
641.754	52.05	
641.947	-11.43	
642.139	15.19	
642.332	144.21	
642.525	47.96	
642.717	9.05	
642.91	45.91	
643.103	35.67	
643.295	4.95	
643.488	13.14	
643.68	21.33	
643.873	52.05	
644.065	-17.58	
644.258	21.33	
644.45	62.29	
644.643	70.48	
644.835	-44.2	
645.028	-5.29	
645.22	13.14	
645.413	-56.49	
645.605	-33.96	
645.798	43.86	
645.99	-1.19	
646.182	0.85	
646.375	70.48	
646.567	7	
646.76	-27.82	
646.952	13.14	
647.144	23.38	
647.337	31.57	
647.529	-13.48	
647.721	37.72	
647.913	2.9	
648.106	60.24	
648.298	-33.96	
648.49	-21.67	
648.682	-56.49	
648.874	-13.48	
649.067	-33.96	
649.259	23.38	
649.451	45.91	
649.643	15.19	
649.835	23.38	
650.027	23.38	
650.219	105.3	
650.411	70.48	
650.603	9.05	
650.796	41.81	
650.988	25.43	
651.18	39.76	
651.372	17.24	
651.564	23.38	
651.756	82.77	
651.948	-7.34	
652.139	62.29	
652.331	41.81	
652.523	-25.77	
652.715	72.53	
652.907	142.16	
653.099	-25.77	
653.291	31.57	
653.483	-79.02	
653.674	-17.58	
653.866	-11.43	
654.058	25.43	
654.25	43.86	
654.442	-68.78	
654.633	9.05	
654.825	35.67	
655.017	47.96	
655.209	19.29	
655.4	-36.01	
655.592	-3.24	
655.784	82.77	
655.975	-27.82	
656.167	-19.63	
656.359	-19.63	
656.55	7	
656.742	27.48	
656.933	7	
657.125	-1.19	
657.316	97.11	
657.508	25.43	
657.7	41.81	
657.891	-3.24	
658.083	13.14	
658.274	9.05	
658.466	78.68	
658.657	23.38	
658.848	15.19	
659.04	33.62	
659.231	21.33	
659.423	37.72	
659.614	-13.48	
659.805	127.83	
659.997	13.14	
660.188	74.58	
660.379	88.92	
660.571	62.29	
660.762	9.05	
660.953	2.9	
661.145	-17.58	
661.336	-36.01	
661.527	0.85	
661.718	-76.97	
661.909	326.48	
662.101	62.29	
662.292	13.14	
662.483	19.29	
662.674	-15.53	
662.865	52.05	
663.056	-15.53	
663.247	11.09	
663.439	21.33	
663.63	-7.34	
663.821	33.62	
664.012	29.52	
664.203	-56.49	
664.394	-31.91	
664.585	78.68	
664.776	11.09	
664.967	74.58	
665.158	-50.35	
665.349	131.92	
665.54	60.24	
665.73	76.63	
665.921	-42.15	
666.112	-3.24	
666.303	-36.01	
666.494	33.62	
666.685	-5.29	
666.876	148.31	
667.066	-64.68	
667.257	66.39	
667.448	50	
667.639	-29.87	
667.83	-64.68	
668.02	45.91	
668.211	-46.25	
668.402	4.95	
668.592	-50.35	
668.783	74.58	
668.974	-42.15	
669.164	-19.63	
669.355	41.81	
669.546	43.86	
669.736	31.57	
669.927	52.05	
670.117	15.19	
670.308	25.43	
670.499	19.29	
670.689	68.44	
670.88	-79.02	
671.07	58.2	
671.261	-68.78	
671.451	2.9	
671.641	64.34	
671.832	68.44	
672.022	-128.17	
672.213	45.91	
672.403	29.52	
672.594	2.9	
672.784	-62.63	
672.974	88.92	
673.165	-5.29	
673.355	88.92	
673.545	-79.02	
673.736	-11.43	
673.926	56.15	
674.116	70.48	
674.306	-144.55	
674.497	37.72	
674.687	-31.91	
674.877	29.52	
675.067	-58.54	
675.257	47.96	
675.448	-58.54	
675.638	29.52	
675.828	-33.96	
676.018	70.48	
676.208	-44.2	
676.398	72.53	
676.588	-5.29	
676.778	78.68	
676.968	-62.63	
677.158	-1.19	
677.348	-42.15	
677.538	62.29	
677.728	35.67	
677.918	-1.19	
678.108	35.67	
678.298	-29.87	
678.488	-25.77	
678.678	-25.77	
678.868	15.19	
679.058	13.14	
679.248	-44.2	
679.438	4.95	
679.627	41.81	
679.817	43.86	
680.007	-38.06	
680.197	-29.87	
680.387	62.29	
680.576	39.76	
680.766	-5.29	
680.956	-23.72	
681.146	-25.77	
681.335	-33.96	
681.525	-29.87	
681.715	-1.19	
681.904	4.95	
682.094	17.24	
682.284	9.05	
682.473	-66.73	
682.663	-25.77	
682.852	-56.49	
683.042	99.16	
683.231	29.52	
683.421	97.11	
683.61	-38.06	
683.8	-29.87	
683.989	-19.63	
684.179	0.85	
684.368	-64.68	
684.558	54.1	
684.747	-11.43	
684.937	-40.11	
685.126	11.09	
685.316	-11.43	
685.505	60.24	
685.694	-3.24	
685.884	-21.67	
686.073	64.34	
686.262	152.4	
686.452	-25.77	
686.641	-150.7	
686.83	-13.48	
687.019	-9.39	
687.209	0.85	
687.398	19.29	
687.587	9.05	
687.776	35.67	
687.965	-40.11	
688.155	21.33	
688.344	-21.67	
688.533	39.76	
688.722	7	
688.911	29.52	
689.1	-36.01	
689.289	193.36	
689.478	13.14	
689.667	119.64	
689.856	19.29	
690.045	-74.92	
690.234	-91.31	
690.423	-25.77	
690.612	23.38	
690.801	64.34	
690.99	-19.63	
691.179	58.2	
691.368	-68.78	
691.557	-21.67	
691.746	115.54	
691.935	47.96	
692.124	-3.24	
692.312	13.14	
692.501	25.43	
692.69	19.29	
692.879	7	
693.068	13.14	
693.256	33.62	
693.445	-46.25	
693.634	93.01	
693.823	11.09	
694.011	-5.29	
694.2	-44.2	
694.389	-29.87	
694.577	45.91	
694.766	-122.02	
694.955	-17.58	
695.143	43.86	
695.332	88.92	
695.52	-13.48	
695.709	-19.63	
695.897	4.95	
696.086	86.87	
696.275	27.48	
696.463	-5.29	
696.652	-52.39	
696.84	29.52	
697.028	45.91	
697.217	43.86	
697.405	-36.01	
697.594	4.95	
697.782	41.81	
697.971	2.9	
698.159	56.15	
698.347	-74.92	
698.536	56.15	
698.724	78.68	
698.912	-5.29	
699.1	-19.63	
699.289	-40.11	
699.477	60.24	
699.665	86.87	
699.854	56.15	
700.042	-46.25	
700.23	-27.82	
700.418	78.68	
700.606	54.1	
700.794	-7.34	
700.983	4.95	
701.171	-9.39	
701.359	2.9	
701.547	-25.77	
701.735	-42.15	
701.923	23.38	
702.111	101.2	
702.299	-36.01	
702.487	27.48	
702.675	-87.21	
702.863	84.82	
703.051	-23.72	
703.239	-58.54	
703.427	21.33	
703.615	-3.24	
703.803	39.76	
703.991	-21.67	
704.179	-44.2	
704.367	82.77	
704.554	64.34	
704.742	58.2	
704.93	84.82	
705.118	17.24	
705.306	47.96	
705.493	82.77	
705.681	50	
705.869	-76.97	
706.057	-17.58	
706.244	84.82	
706.432	-19.63	
706.62	64.34	
706.807	-52.39	
706.995	45.91	
707.183	-27.82	
707.37	-5.29	
707.558	-48.3	
707.746	21.33	
707.933	76.63	
708.121	70.48	
708.308	50	
708.496	39.76	
708.683	21.33	
708.871	-3.24	
709.058	-21.67	
709.246	107.35	
709.433	7	
709.621	13.14	
709.808	-68.78	
709.995	2.9	
710.183	37.72	
710.37	56.15	
710.558	-56.49	
710.745	11.09	
710.932	-44.2	
711.12	33.62	
711.307	-27.82	
711.494	54.1	
711.681	-58.54	
711.869	52.05	
712.056	-15.53	
712.243	-36.01	
712.43	4.95	
712.618	-48.3	
712.805	-25.77	
712.992	15.19	
713.179	-7.34	
713.366	52.05	
713.553	-44.2	
713.74	-36.01	
713.928	54.1	
714.115	-44.2	
714.302	-91.31	
714.489	47.96	
714.676	-52.39	
714.863	7	
715.05	37.72	
715.237	2.9	
715.424	-21.67	
715.611	-19.63	
715.798	-15.53	
715.984	9.05	
716.171	-27.82	
716.358	-113.83	
716.545	-3.24	
716.732	15.19	
716.919	-3.24	
717.106	33.62	
717.293	-17.58	
717.479	-3.24	
717.666	-15.53	
717.853	-3.24	
718.04	-40.11	
718.226	4.95	
718.413	-85.16	
718.6	93.01	
718.786	-93.35	
718.973	-15.53	
719.16	0.85	
719.346	47.96	
719.533	-60.59	
719.72	-44.2	
719.906	-40.11	
720.093	105.3	
720.279	-74.92	
720.466	101.2	
720.652	-83.11	
720.839	39.76	
721.025	15.19	
721.212	115.54	
721.398	41.81	
721.585	23.38	
721.771	4.95	
721.958	88.92	
722.144	-60.59	
722.331	2.9	
722.517	23.38	
722.703	-79.02	
722.89	39.76	
723.076	7	
723.262	-11.43	
723.449	78.68	
723.635	9.05	
723.821	27.48	
724.007	-42.15	
724.194	-46.25	
724.38	4.95	
724.566	7	
724.752	-25.77	
724.938	-44.2	
725.125	29.52	
725.311	72.53	
725.497	-19.63	
725.683	56.15	
725.869	-89.26	
726.055	-42.15	
726.241	-70.83	
726.427	25.43	
726.613	-25.77	
726.799	-19.63	
726.985	60.24	
727.171	78.68	
727.357	-11.43	
727.543	144.21	
727.729	15.19	
727.915	119.64	
728.101	43.86	
728.287	13.14	
728.473	31.57	
728.659	-13.48	
728.845	-33.96	
729.03	43.86	
729.216	-122.02	
729.402	-27.82	
729.588	-13.48	
729.774	-42.15	
729.959	-19.63	
730.145	66.39	
730.331	-44.2	
730.517	115.54	
730.702	39.76	
730.888	47.96	
731.074	70.48	
731.259	13.14	
731.445	-93.35	
731.63	21.33	
731.816	15.19	
732.002	23.38	
732.187	0.85	
732.373	-5.29	
732.558	84.82	
732.744	54.1	
732.929	25.43	
733.115	17.24	
733.3	-29.87	
733.486	-9.39	
733.671	-64.68	
733.857	23.38	
734.042	-17.58	
734.227	-72.87	
734.413	43.86	
734.598	37.72	
734.784	54.1	
734.969	78.68	
735.154	-64.68	
735.339	84.82	
735.525	-83.11	
735.71	95.06	
735.895	84.82	
736.081	39.76	
736.266	7	
736.451	2.9	
736.636	74.58	
736.821	-17.58	
737.007	97.11	
737.192	-70.83	
737.377	-23.72	
737.562	74.58	
737.747	-44.2	
737.932	-79.02	
738.117	-44.2	
738.302	-42.15	
738.487	-60.59	
738.672	25.43	
738.857	15.19	
739.042	-36.01	
739.227	68.44	
739.412	23.38	
739.597	97.11	
739.782	-31.91	
739.967	-48.3	
740.152	4.95	
740.337	-107.69	
740.522	45.91	
740.706	41.81	
740.891	78.68	
741.076	27.48	
741.261	31.57	
741.446	-42.15	
741.63	60.24	
741.815	-9.39	
742	-68.78	
742.185	-36.01	
742.369	-1.19	
742.554	-36.01	
742.739	-27.82	
742.923	-27.82	
743.108	13.14	
743.293	80.72	
743.477	56.15	
743.662	29.52	
743.846	-48.3	
744.031	64.34	
744.216	-33.96	
744.4	54.1	
744.585	64.34	
744.769	15.19	
744.954	-27.82	
745.138	-3.24	
745.322	25.43	
745.507	-68.78	
745.691	39.76	
745.876	-17.58	
746.06	-3.24	
746.244	17.24	
746.429	31.57	
746.613	54.1	
746.798	17.24	
746.982	-93.35	
747.166	70.48	
747.35	-74.92	
747.535	50	
747.719	-11.43	
747.903	-27.82	
748.087	-19.63	
748.272	19.29	
748.456	-36.01	
748.64	-7.34	
748.824	19.29	
749.008	-13.48	
749.192	23.38	
749.376	37.72	
749.56	47.96	
749.745	39.76	
749.929	4.95	
750.113	-40.11	
750.297	11.09	
750.481	125.78	
750.665	50	
750.849	-52.39	
751.033	9.05	
751.217	-19.63	
751.4	-23.72	
751.584	-60.59	
751.768	-52.39	
751.952	54.1	
752.136	86.87	
752.32	4.95	
752.504	25.43	
752.688	-27.82	
752.871	-11.43	
753.055	78.68	
753.239	37.72	
753.423	-27.82	
753.606	-44.2	
753.79	41.81	
753.974	-44.2	
754.157	2.9	
754.341	-23.72	
754.525	-31.91	
754.708	-11.43	
754.892	-46.25	
755.076	-33.96	
755.259	45.91	
755.443	76.63	
755.626	15.19	
755.81	-117.93	
755.993	4.95	
756.177	47.96	
756.36	-5.29	
756.544	21.33	
756.727	23.38	
756.911	62.29	
757.094	-66.73	
757.278	80.72	
757.461	107.35	
757.644	-13.48	
757.828	-15.53	
758.011	21.33	
758.195	-40.11	
758.378	54.1	
758.561	31.57	
758.744	-31.91	
758.928	-50.35	
759.111	-7.34	
759.294	29.52	
759.477	-46.25	
759.661	-1.19	
759.844	2.9	
760.027	21.33	
760.21	72.53	
760.393	35.67	
760.576	-1.19	
760.76	66.39	
760.943	-31.91	
761.126	-1.19	
761.309	-1.19	
761.492	60.24	
761.675	56.15	
761.858	-17.58	
762.041	27.48	
762.224	-1.19	
762.407	-9.39	
762.59	-44.2	
762.773	33.62	
762.956	-23.72	
763.139	-29.87	
763.321	-40.11	
763.504	17.24	
763.687	17.24	
763.87	17.24	
764.053	13.14	
764.236	29.52	
764.418	-52.39	
764.601	33.62	
764.784	-7.34	
764.967	-9.39	
765.149	23.38	
765.332	-23.72	
765.515	-31.91	
765.697	70.48	
765.88	21.33	
766.063	-19.63	
766.245	-15.53	
766.428	58.2	
766.611	27.48	
766.793	9.05	
766.976	39.76	
767.158	39.76	
767.341	47.96	
767.523	-9.39	
767.706	72.53	
767.888	52.05	
768.071	21.33	
768.253	-50.35	
768.436	86.87	
768.618	-1.19	
768.8	29.52	
768.983	45.91	
769.165	62.29	
769.348	82.77	
769.53	17.24	
769.712	-72.87	
769.895	7	
770.077	-109.74	
770.259	-66.73	
770.441	-66.73	
770.624	-50.35	
770.806	23.38	
770.988	127.83	
771.17	90.96	
771.352	-85.16	
771.535	31.57	
771.717	43.86	
771.899	90.96	
772.081	4.95	
772.263	70.48	
772.445	117.59	
772.627	-25.77	
772.809	107.35	
772.991	-36.01	
773.173	29.52	
773.355	-33.96	
773.537	64.34	
773.719	-1.19	
773.901	0.85	
774.083	-29.87	
774.265	35.67	
774.447	7	
774.629	7	
774.811	-25.77	
774.992	-72.87	
775.174	2.9	
775.356	90.96	
775.538	35.67	
775.72	50	
775.901	-109.74	
776.083	-13.48	
776.265	47.96	
776.447	70.48	
776.628	-56.49	
776.81	-40.11	
776.992	2.9	
777.173	21.33	
777.355	13.14	
777.537	-3.24	
777.718	15.19	
777.9	47.96	
778.081	62.29	
778.263	52.05	
778.444	-29.87	
778.626	60.24	
778.807	-56.49	
778.989	37.72	
779.17	-85.16	
779.352	4.95	
779.533	2.9	
779.715	-36.01	
779.896	-58.54	
780.078	86.87	
780.259	-117.93	
780.44	35.67	
780.622	-11.43	
780.803	82.77	
780.984	62.29	
781.166	113.49	
781.347	-13.48	
781.528	4.95	
781.709	37.72	
781.891	154.45	
782.072	29.52	
782.253	47.96	
782.434	68.44	
782.615	52.05	
782.796	-42.15	
782.978	29.52	
783.159	-17.58	
783.34	23.38	
783.521	54.1	
783.702	-15.53	
783.883	-25.77	
784.064	-9.39	
784.245	2.9	
784.426	39.76	
784.607	-23.72	
784.788	4.95	
784.969	-52.39	
785.15	109.4	
785.331	-31.91	
785.512	-15.53	
785.692	-122.02	
785.873	105.3	
786.054	31.57	
786.235	45.91	
786.416	37.72	
786.597	27.48	
786.777	-15.53	
786.958	19.29	
787.139	-33.96	
787.32	-33.96	
787.5	25.43	
787.681	45.91	
787.862	31.57	
788.042	-56.49	
788.223	-3.24	
788.404	-40.11	
788.584	23.38	
788.765	-7.34	
788.946	9.05	
789.126	80.72	
789.307	7	
789.487	29.52	
789.668	47.96	
789.848	207.7	
790.029	-17.58	
790.209	-58.54	
790.39	35.67	
790.57	-23.72	
790.75	-66.73	
790.931	-56.49	
791.111	56.15	
791.292	-25.77	
791.472	-83.11	
791.652	84.82	
791.833	82.77	
792.013	31.57	
792.193	-19.63	
792.373	-1.19	
792.554	-3.24	
792.734	97.11	
792.914	29.52	
793.094	-42.15	
793.275	-74.92	
793.455	2.9	
793.635	78.68	
793.815	-1.19	
793.995	4.95	
794.175	-3.24	
794.355	-15.53	
794.535	78.68	
794.715	60.24	
794.896	-1.19	
795.076	45.91	
795.256	-5.29	
795.436	-27.82	
795.616	187.22	
795.795	-5.29	
795.975	25.43	
796.155	64.34	
796.335	35.67	
796.515	9.05	
796.695	23.38	
796.875	154.45	
797.055	72.53	
797.234	41.81	
797.414	43.86	
797.594	-13.48	
797.774	-40.11	
797.954	2.9	
798.133	7	
798.313	-81.07	
798.493	80.72	
798.672	-56.49	
798.852	45.91	
799.032	56.15	
799.211	-52.39	
799.391	0.85	
799.571	29.52	
799.75	-3.24	
799.93	-1.19	
800.109	72.53	
800.289	66.39	
800.468	60.24	
800.648	19.29	
800.827	-27.82	
801.007	7	
801.186	-46.25	
801.366	56.15	
801.545	-36.01	
801.725	-7.34	
801.904	-21.67	
802.083	119.64	
802.263	-66.73	
802.442	19.29	
802.621	19.29	
802.801	-31.91	
802.98	-72.87	
803.159	60.24	
803.338	64.34	
803.518	-7.34	
803.697	47.96	
803.876	115.54	
804.055	2.9	
804.235	52.05	
804.414	-19.63	
804.593	-42.15	
804.772	-33.96	
804.951	13.14	
805.13	-56.49	
805.309	56.15	
805.488	-42.15	
805.667	70.48	
805.846	101.2	
806.025	15.19	
806.204	50	
806.383	-9.39	
806.562	-9.39	
806.741	-52.39	
806.92	33.62	
807.099	29.52	
807.278	17.24	
807.457	17.24	
807.636	-27.82	
807.814	15.19	
807.993	-15.53	
808.172	64.34	
808.351	-36.01	
808.53	-25.77	
808.708	-7.34	
808.887	64.34	
809.066	-31.91	
809.244	2.9	
809.423	86.87	
809.602	17.24	
809.78	-5.29	
809.959	72.53	
810.138	33.62	
810.316	-50.35	
810.495	13.14	
810.673	56.15	
810.852	-29.87	
811.03	-48.3	
811.209	41.81	
811.388	37.72	
811.566	80.72	
811.744	9.05	
811.923	-40.11	
812.101	15.19	
812.28	31.57	
812.458	-40.11	
812.637	166.74	
812.815	45.91	
812.993	4.95	
813.172	23.38	
813.35	-1.19	
813.528	62.29	
813.706	-62.63	
813.885	19.29	
814.063	-17.58	
814.241	11.09	
814.419	-19.63	
814.598	125.78	
814.776	86.87	
814.954	27.48	
815.132	-1.19	
815.31	4.95	
815.488	-31.91	
815.666	-44.2	
815.844	-64.68	
816.022	-66.73	
816.201	-25.77	
816.379	-17.58	
816.557	-7.34	
816.735	88.92	
816.913	56.15	
817.09	19.29	
817.268	31.57	
817.446	19.29	
817.624	2.9	
817.802	-17.58	
817.98	11.09	
818.158	64.34	
818.336	95.06	
818.514	19.29	
818.691	17.24	
818.869	129.88	
819.047	56.15	
819.225	37.72	
819.402	35.67	
819.58	-9.39	
819.758	-1.19	
819.935	25.43	
820.113	62.29	
820.291	-3.24	
820.468	31.57	
820.646	-11.43	
820.824	4.95	
821.001	58.2	
821.179	19.29	
821.356	74.58	
821.534	-1.19	
821.711	33.62	
821.889	-27.82	
822.066	84.82	
822.244	84.82	
822.421	70.48	
822.599	107.35	
822.776	103.25	
822.953	11.09	
823.131	-17.58	
823.308	-42.15	
823.486	-13.48	
823.663	-48.3	
823.84	90.96	
824.017	-33.96	
824.195	7	
824.372	-115.88	
824.549	19.29	
824.726	54.1	
824.904	25.43	
825.081	37.72	
825.258	-42.15	
825.435	15.19	
825.612	-25.77	
825.789	72.53	
825.967	-3.24	
826.144	-50.35	
826.321	9.05	
826.498	121.68	
826.675	109.4	
826.852	-9.39	
827.029	88.92	
827.206	-9.39	
827.383	56.15	
827.56	62.29	
827.737	-68.78	
827.914	21.33	
828.09	-87.21	
828.267	-15.53	
828.444	-5.29	
828.621	27.48	
828.798	-46.25	
828.975	-3.24	
829.151	138.07	
829.328	-5.29	
829.505	21.33	
829.682	15.19	
829.858	95.06	
830.035	31.57	
830.212	-42.15	
830.389	29.52	
830.565	-99.5	
830.742	31.57	
830.918	-9.39	
831.095	25.43	
831.272	84.82	
831.448	-27.82	
831.625	41.81	
831.801	-9.39	
831.978	25.43	
832.154	62.29	
832.331	-66.73	
832.507	-23.72	
832.684	105.3	
832.86	-56.49	
833.037	47.96	
833.213	56.15	
833.389	95.06	
833.566	-68.78	
833.742	-19.63	
833.918	-17.58	
834.095	-9.39	
834.271	-17.58	
834.447	-109.74	
834.624	-17.58	
834.8	62.29	
834.976	41.81	
835.152	-52.39	
835.328	4.95	
835.505	-5.29	
835.681	-7.34	
835.857	23.38	
836.033	11.09	
836.209	-56.49	
836.385	101.2	
836.561	37.72	
836.737	-17.58	
836.913	-40.11	
837.089	-1.19	
837.265	-42.15	
837.441	115.54	
837.617	4.95	
837.793	45.91	
837.969	-19.63	
838.145	-7.34	
838.321	78.68	
838.497	-95.4	
838.673	113.49	
838.849	37.72	
839.025	31.57	
839.2	-25.77	
839.376	35.67	
839.552	29.52	
839.728	29.52	
839.903	-23.72	
840.079	-11.43	
840.255	9.05	
840.431	154.45	
840.606	-9.39	
840.782	113.49	
840.958	-15.53	
841.133	90.96	
841.309	-7.34	
841.484	43.86	
841.66	-19.63	
841.835	-40.11	
842.011	21.33	
842.186	-66.73	
842.362	-60.59	
842.537	52.05	
842.713	17.24	
842.888	23.38	
843.064	-68.78	
843.239	29.52	
843.415	-17.58	
843.59	-29.87	
843.765	43.86	
843.941	54.1	
844.116	-91.31	
844.291	45.91	
844.467	60.24	
844.642	-25.77	
844.817	-31.91	
844.992	-9.39	
845.168	80.72	
845.343	54.1	
845.518	-7.34	
845.693	129.88	
845.868	54.1	
846.043	50	
846.219	29.52	
846.394	4.95	
846.569	-3.24	
846.744	29.52	
846.919	-48.3	
847.094	0.85	
847.269	-42.15	
847.444	4.95	
847.619	-27.82	
847.794	27.48	
847.969	-13.48	
848.144	97.11	
848.319	162.64	
848.494	80.72	
848.668	-9.39	
848.843	101.2	
849.018	80.72	
849.193	119.64	
849.368	-13.48	
849.542	-1.19	
849.717	60.24	
849.892	54.1	
850.067	45.91	
850.241	4.95	
850.416	-36.01	
850.591	62.29	
850.765	66.39	
850.94	111.44	
851.115	37.72	
851.289	72.53	
851.464	-25.77	
851.639	-25.77	
851.813	76.63	
851.988	-58.54	
852.162	15.19	
852.337	80.72	
852.511	74.58	
852.686	-19.63	
852.86	37.72	
853.035	66.39	
853.209	19.29	
853.383	33.62	
853.558	11.09	
853.732	107.35	
853.906	-54.44	
854.081	56.15	
854.255	-87.21	
854.429	29.52	
854.604	9.05	
854.778	-29.87	
854.952	-3.24	
855.126	-19.63	
855.301	-31.91	
855.475	-13.48	
855.649	41.81	
855.823	21.33	
855.997	78.68	
856.171	-46.25	
856.345	-17.58	
856.52	23.38	
856.694	-9.39	
856.868	72.53	
857.042	43.86	
857.216	113.49	
857.39	-36.01	
857.564	64.34	
857.738	45.91	
857.912	33.62	
858.085	-3.24	
858.259	50	
858.433	45.91	
858.607	35.67	
858.781	58.2	
858.955	-15.53	
859.129	56.15	
859.302	-27.82	
859.476	-33.96	
859.65	41.81	
859.824	-36.01	
859.997	86.87	
860.171	-25.77	
860.345	-11.43	
860.519	60.24	
860.692	39.76	
860.866	11.09	
861.039	-1.19	
861.213	4.95	
861.387	101.2	
861.56	11.09	
861.734	17.24	
861.907	-52.39	
862.081	56.15	
862.254	37.72	
862.428	4.95	
862.601	56.15	
862.775	76.63	
862.948	15.19	
863.122	45.91	
863.295	9.05	
863.468	21.33	
863.642	-3.24	
863.815	56.15	
863.988	-19.63	
864.162	82.77	
864.335	86.87	
864.508	119.64	
864.682	-68.78	
864.855	70.48	
865.028	72.53	
865.201	15.19	
865.374	-31.91	
865.548	72.53	
865.721	-31.91	
865.894	-33.96	
866.067	58.2	
866.24	31.57	
866.413	52.05	
866.586	35.67	
866.759	-9.39	
866.932	-99.5	
867.105	-93.35	
867.278	56.15	
867.451	-11.43	
867.624	-1.19	
867.797	-44.2	
867.97	13.14	
868.143	31.57	
868.316	31.57	
868.489	-48.3	
868.661	70.48	
868.834	15.19	
869.007	-19.63	
869.18	7	
869.353	45.91	
869.525	-76.97	
869.698	31.57	
869.871	33.62	
870.044	39.76	
870.216	-13.48	
870.389	39.76	
870.562	78.68	
870.734	21.33	
870.907	64.34	
871.079	31.57	
871.252	4.95	
871.425	29.52	
871.597	-7.34	
871.77	117.59	
871.942	-9.39	
872.115	189.27	
872.287	25.43	
872.459	-50.35	
872.632	15.19	
872.804	-11.43	
872.977	4.95	
873.149	-85.16	
873.321	-31.91	
873.494	72.53	
873.666	0.85	
873.838	72.53	
874.011	97.11	
874.183	-17.58	
874.355	2.9	
874.528	-7.34	
874.7	21.33	
874.872	-19.63	
875.044	-1.19	
875.216	125.78	
875.388	90.96	
875.561	27.48	
875.733	-23.72	
875.905	15.19	
876.077	-33.96	
876.249	43.86	
876.421	-74.92	
876.593	144.21	
876.765	-31.91	
876.937	-13.48	
877.109	29.52	
877.281	121.68	
877.453	88.92	
877.625	-52.39	
877.797	-64.68	
877.968	0.85	
878.14	41.81	
878.312	4.95	
878.484	-29.87	
878.656	90.96	
878.828	-38.06	
878.999	58.2	
879.171	23.38	
879.343	74.58	
879.515	2.9	
879.686	-81.07	
879.858	54.1	
880.03	-19.63	
880.201	9.05	
880.373	66.39	
880.545	-58.54	
880.716	-52.39	
880.888	9.05	
881.059	43.86	
881.231	111.44	
881.402	39.76	
881.574	13.14	
881.745	13.14	
881.917	62.29	
882.088	58.2	
882.26	93.01	
882.431	37.72	
882.602	15.19	
882.774	25.43	
882.945	-62.63	
883.116	-3.24	
883.288	-1.19	
883.459	-33.96	
883.63	-21.67	
883.802	21.33	
883.973	-5.29	
884.144	39.76	
884.315	-3.24	
884.487	86.87	
884.658	-1.19	
884.829	-25.77	
885	58.2	
885.171	72.53	
885.342	56.15	
885.513	2.9	
885.684	58.2	
885.855	93.01	
886.026	-27.82	
886.197	-17.58	
886.368	19.29	
886.539	-3.24	
886.71	-68.78	
886.881	50	
887.052	72.53	
887.223	103.25	
887.394	23.38	
887.565	-25.77	
887.736	-33.96	
887.907	111.44	
888.077	-11.43	
888.248	13.14	
888.419	-27.82	
888.59	-48.3	
888.761	43.86	
888.931	-17.58	
889.102	37.72	
889.273	66.39	
889.443	68.44	
889.614	21.33	
889.785	-40.11	
889.955	50	
890.126	174.93	
890.296	-7.34	
890.467	7	
890.637	56.15	
890.808	31.57	
890.978	125.78	
891.149	43.86	
891.319	21.33	
891.49	-68.78	
891.66	119.64	
891.831	93.01	
892.001	64.34	
892.172	23.38	
892.342	-42.15	
892.512	-48.3	
892.683	84.82	
892.853	54.1	
893.023	95.06	
893.193	45.91	
893.364	37.72	
893.534	4.95	
893.704	50	
893.874	64.34	
894.044	111.44	
894.215	78.68	
894.385	41.81	
894.555	-19.63	
894.725	58.2	
894.895	39.76	
895.065	99.16	
895.235	-70.83	
895.405	84.82	
895.575	31.57	
895.745	121.68	
895.915	29.52	
