177.618	-770.38	
177.836	-773.96	
178.054	-768.74	
178.271	-592.2	
178.489	-348.29	
178.706	-211.49	
178.924	-76.94	
179.142	74.41	
179.359	55.98	
179.577	-78.16	
179.794	-80.01	
180.012	-75.71	
180.229	-125.27	
180.447	-85.54	
180.664	-34.13	
180.882	-18.77	
181.1	36.52	
181.317	38.57	
181.535	-1.98	
181.752	-7.92	
181.969	31.4	
182.187	30.99	
182.404	78.71	
182.622	73.39	
182.839	96.73	
183.057	91.61	
183.274	69.08	
183.492	71.54	
183.709	122.33	
183.926	78.3	
184.144	54.95	
184.361	86.08	
184.579	94.07	
184.796	27.1	
185.013	80.14	
185.231	44.71	
185.448	48.4	
185.666	60.89	
185.883	44.1	
186.1	43.69	
186.317	87.93	
186.535	9.28	
186.752	-9.15	
186.969	54.75	
187.187	101.85	
187.404	27.1	
187.621	154.89	
187.839	174.56	
188.056	138.1	
188.273	52.91	
188.49	145.88	
188.708	80.76	
188.925	127.45	
189.142	133.6	
189.359	140.56	
189.576	78.3	
189.794	54.95	
190.011	10.31	
190.228	23.62	
190.445	23.82	
190.662	104.51	
190.879	116.39	
191.097	99.8	
191.314	111.27	
191.531	114.14	
191.748	23.21	
191.965	46.56	
192.182	27.72	
192.399	4.37	
192.616	55.36	
192.834	108.2	
193.051	61.92	
193.268	92.02	
193.485	103.08	
193.702	37.34	
193.919	3.14	
194.136	20.34	
194.353	-7.3	
194.57	-0.14	
194.787	21.78	
195.004	124.79	
195.221	110.04	
195.438	146.5	
195.655	107.59	
195.872	190.53	
196.089	77.69	
196.306	118.65	
196.523	95.91	
196.74	165.13	
196.957	27.72	
197.173	63.35	
197.39	28.94	
197.607	75.43	
197.824	47.17	
198.041	117.42	
198.258	121.51	
198.475	187.25	
198.692	117.62	
198.909	64.99	
199.125	4.98	
199.342	55.36	
199.559	10.31	
199.776	61.71	
199.993	144.45	
200.21	178.86	
200.426	103.7	
200.643	100.62	
200.86	94.27	
201.077	108.61	
201.293	90.18	
201.51	91.61	
201.727	4.78	
201.944	-59.73	
202.16	-86.97	
202.377	-98.03	
202.594	-111.34	
202.811	-51.34	
203.027	-13.86	
203.244	-50.31	
203.461	-12.63	
203.677	82.4	
203.894	120.9	
204.111	139.53	
204.327	147.73	
204.544	121.51	
204.761	81.37	
204.977	31.81	
205.194	-25.12	
205.41	42.87	
205.627	36.32	
205.844	24.64	
206.06	30.17	
206.277	101.24	
206.493	51.27	
206.71	94.48	
206.926	78.1	
207.143	133.6	
207.36	39.8	
207.576	100.21	
207.793	101.03	
208.009	139.13	
208.226	99.39	
208.442	132.78	
208.659	69.08	
208.875	53.11	
209.092	-14.06	
209.308	-23.07	
209.524	-11.61	
209.741	71.34	
209.957	117.62	
210.174	152.23	
210.39	140.76	
210.607	134.62	
210.823	2.53	
211.039	-56.05	
211.256	6.21	
211.472	-30.65	
211.688	23.01	
211.905	78.3	
212.121	83.42	
212.338	33.04	
212.554	85.67	
212.77	36.93	
212.987	40.62	
213.203	101.65	
213.419	125.2	
213.635	97.96	
213.852	84.85	
214.068	51.47	
214.284	-29.42	
214.501	-16.32	
214.717	-7.92	
214.933	40.41	
215.149	11.95	
215.365	17.07	
215.582	-59.12	
215.798	-23.48	
216.014	-59.73	
216.23	-6.89	
216.447	2.73	
216.663	2.73	
216.879	-46.83	
217.095	3.55	
217.311	11.95	
217.527	30.58	
217.743	58.23	
217.96	51.47	
218.176	18.09	
218.392	7.65	
218.608	16.25	
218.824	-8.53	
219.04	10.31	
219.256	54.95	
219.472	38.16	
219.688	17.27	
219.904	91.2	
220.12	172.92	
220.336	143.63	
220.552	152.64	
220.768	182.95	
220.984	184.8	
221.2	77.28	
221.416	87.11	
221.632	45.33	
221.848	18.7	
222.064	-53.18	
222.28	-25.53	
222.496	-76.12	
222.712	33.25	
222.928	-7.3	
223.144	43.69	
223.36	51.06	
223.576	93.87	
223.792	38.98	
224.008	115.16	
224.224	103.7	
224.439	143.84	
224.655	107.18	
224.871	119.06	
225.087	83.01	
225.303	38.16	
225.519	4.78	
225.734	74	
225.95	56.39	
226.166	90.18	
226.382	118.44	
226.598	115.16	
226.813	101.85	
227.029	83.63	
227.245	43.49	
227.461	67.24	
227.677	81.58	
227.892	76.25	
228.108	73.59	
228.324	135.44	
228.539	61.71	
228.755	100.42	
228.971	98.17	
229.186	156.33	
229.402	114.96	
229.618	184.59	
229.833	102.88	
230.049	107.38	
230.265	2.73	
230.48	70.52	
230.696	64.99	
230.912	117.21	
231.127	120.08	
231.343	190.94	
231.558	88.13	
231.774	113.53	
231.99	168	
232.205	147.11	
232.421	95.09	
232.636	117.42	
232.852	45.94	
233.067	-6.89	
233.283	0.68	
233.498	52.09	
233.714	80.96	
233.929	145.06	
234.145	115.98	
234.36	134.42	
234.576	147.93	
234.791	184.18	
235.007	202	
235.222	280.84	
235.438	241.73	
235.653	310.34	
235.868	279.82	
236.084	283.51	
236.299	278.18	
236.515	299.48	
236.73	192.37	
236.945	179.06	
237.161	121.1	
237.376	66.42	
237.592	49.42	
237.807	76.05	
238.022	64.17	
238.238	81.99	
238.453	28.94	
238.668	48.4	
238.883	-21.03	
239.099	-5.87	
239.314	-46.63	
239.529	20.34	
239.745	37.34	
239.96	125.4	
240.175	120.08	
240.39	235.58	
240.605	207.73	
240.821	151	
241.036	126.63	
241.251	198.31	
241.466	100.42	
241.681	102.88	
241.897	146.09	
242.112	185.82	
242.327	82.19	
242.542	111.27	
242.757	131.14	
242.972	111.27	
243.188	45.53	
243.403	80.55	
243.618	75.64	
243.833	59.05	
244.048	101.85	
244.263	128.68	
244.478	118.65	
244.693	73.18	
244.908	93.46	
245.123	64.78	
245.338	107.59	
245.553	114.75	
245.768	119.26	
245.983	122.95	
246.198	73.8	
246.413	49.01	
246.628	42.67	
246.843	38.57	
247.058	30.17	
247.273	66.83	
247.488	54.13	
247.703	97.96	
247.918	106.56	
248.133	120.9	
248.348	83.01	
248.563	155.71	
248.778	122.74	
248.993	161.24	
249.207	209.99	
249.422	229.03	
249.637	80.96	
249.852	45.12	
250.067	13.38	
250.282	-51.34	
250.496	-81.24	
250.711	34.68	
250.926	36.52	
251.141	93.25	
251.356	85.26	
251.57	164.52	
251.785	113.12	
252	86.08	
252.215	49.63	
252.43	93.05	
252.644	101.24	
252.859	130.11	
253.074	166.77	
253.288	158.99	
253.503	100.01	
253.718	110.45	
253.932	174.56	
254.147	202.61	
254.362	215.92	
254.576	230.26	
254.791	171.69	
255.006	97.35	
255.22	100.42	
255.435	94.68	
255.65	132.37	
255.864	159.61	
256.079	134.62	
256.293	147.93	
256.508	138.92	
256.723	207.73	
256.937	135.44	
257.152	122.33	
257.366	88.75	
257.581	72.36	
257.795	-6.89	
258.01	109.02	
258.224	155.3	
258.439	163.91	
258.653	163.7	
258.868	174.35	
259.082	110.04	
259.297	84.24	
259.511	67.45	
259.726	52.7	
259.94	9.08	
260.154	-19.59	
260.369	-12.83	
260.583	1.5	
260.798	-23.07	
261.012	32.63	
261.226	78.3	
261.441	108	
261.655	94.27	
261.869	168.62	
262.084	123.97	
262.298	94.89	
262.512	14.4	
262.727	2.32	
262.941	-1.77	
263.155	1.3	
263.37	-9.97	
263.584	81.58	
263.798	100.21	
264.012	151.82	
264.227	120.28	
264.441	197.08	
264.655	116.39	
264.869	180.29	
265.084	82.81	
265.298	120.9	
265.512	38.77	
265.726	106.97	
265.94	34.47	
266.155	86.08	
266.369	98.58	
266.583	161.86	
266.797	146.09	
267.011	216.74	
267.225	262.21	
267.439	248.28	
267.654	201.59	
267.868	161.86	
268.082	45.53	
268.296	-66.49	
268.51	-113.39	
268.724	-74.27	
268.938	-108.47	
269.152	-37.82	
269.366	-13.04	
269.58	51.68	
269.794	9.9	
270.008	134.82	
270.222	121.92	
270.436	137.28	
270.65	89.36	
270.864	128.48	
271.078	70.31	
271.292	86.7	
271.506	128.68	
271.72	173.33	
271.934	179.06	
272.148	149.37	
272.362	134.62	
272.575	150.59	
272.789	140.76	
273.003	103.9	
273.217	154.69	
273.431	117.62	
273.645	79.32	
273.859	143.84	
274.073	199.95	
274.286	194.22	
274.5	221.86	
274.714	196.67	
274.928	158.99	
275.142	124.58	
275.355	88.54	
275.569	124.18	
275.783	174.35	
275.997	137.08	
276.21	148.96	
276.424	211.21	
276.638	146.91	
276.852	141.79	
277.065	129.5	
277.279	144.65	
277.493	89.15	
277.706	190.12	
277.92	193.6	
278.134	151.41	
278.347	94.27	
278.561	80.96	
278.775	45.94	
278.988	30.17	
279.202	124.99	
279.415	178.45	
279.629	165.75	
279.843	152.85	
280.056	233.95	
280.27	224.73	
280.483	157.15	
280.697	182.75	
280.91	218.38	
281.124	222.07	
281.337	197.08	
281.551	284.94	
281.764	265.49	
281.978	213.06	
282.191	107.38	
282.405	138.31	
282.618	41.85	
282.832	55.98	
283.045	37.96	
283.259	89.77	
283.472	41.03	
283.686	76.05	
283.899	42.87	
284.112	63.96	
284.326	78.71	
284.539	124.79	
284.752	153.26	
284.966	189.51	
285.179	221.66	
285.393	196.26	
285.606	122.33	
285.819	147.32	
286.033	105.54	
286.246	157.56	
286.459	108.82	
286.672	176.6	
286.886	89.15	
287.099	193.4	
287.312	45.94	
287.525	66.22	
287.739	35.91	
287.952	117.83	
288.165	102.06	
288.378	166.77	
288.592	180.29	
288.805	179.88	
289.018	179.68	
289.231	123.97	
289.444	151.21	
289.657	88.95	
289.871	75.23	
290.084	17.27	
290.297	93.87	
290.51	55.57	
290.723	55.57	
290.936	126.02	
291.149	136.26	
291.362	148.34	
291.575	136.46	
291.789	175.37	
292.002	123.97	
292.215	147.32	
292.428	26.69	
292.641	66.01	
292.854	68.27	
293.067	52.7	
293.28	30.38	
293.493	43.89	
293.706	-31.27	
293.919	36.52	
294.132	4.16	
294.345	15.84	
294.558	11.13	
294.77	56.18	
294.983	-10.38	
295.196	72.16	
295.409	122.13	
295.622	202.41	
295.835	231.69	
296.048	280.03	
296.261	252.99	
296.474	227.39	
296.686	180.29	
296.899	188.28	
297.112	182.13	
297.325	172.92	
297.538	193.6	
297.751	216.54	
297.963	211.62	
298.176	190.32	
298.389	165.95	
298.602	150.59	
298.814	261.18	
299.027	246.03	
299.24	226.57	
299.453	282.28	
299.665	237.43	
299.878	80.96	
300.091	66.22	
300.303	78.92	
300.516	33.04	
300.729	49.83	
300.941	86.29	
301.154	45.53	
301.367	17.68	
301.579	59.46	
301.792	80.55	
302.005	54.54	
302.217	52.91	
302.43	79.94	
302.642	36.52	
302.855	-18.57	
303.067	-6.08	
303.28	54.75	
303.493	2.73	
303.705	97.55	
303.918	143.02	
304.13	204.25	
304.343	176.4	
304.555	240.7	
304.768	174.15	
304.98	209.37	
305.193	127.25	
305.405	161.65	
305.617	107.18	
305.83	122.13	
306.042	63.96	
306.255	71.75	
306.467	19.93	
306.68	17.07	
306.892	-15.29	
307.104	16.45	
307.317	8.26	
307.529	84.44	
307.741	138.92	
307.954	171.69	
308.166	147.73	
308.378	208.55	
308.591	194.83	
308.803	195.44	
309.015	213.47	
309.228	247.46	
309.44	172.71	
309.652	137.49	
309.864	103.08	
310.077	47.17	
310.289	0.07	
310.501	39.39	
310.713	35.29	
310.926	77.28	
311.138	34.68	
311.35	83.83	
311.562	28.33	
311.774	75.64	
311.986	37.34	
312.199	141.79	
312.411	48.81	
312.623	123.97	
312.835	32.02	
313.047	28.13	
313.259	15.02	
313.471	70.52	
313.683	40	
313.895	89.56	
314.108	71.95	
314.32	45.33	
314.532	2.94	
314.744	20.96	
314.956	85.88	
315.168	112.5	
315.38	62.33	
315.592	135.03	
315.804	137.49	
316.016	193.4	
316.228	213.88	
316.44	265.28	
316.651	267.74	
316.863	246.44	
317.075	121.51	
317.287	63.76	
317.499	58.44	
317.711	27.92	
317.923	61.1	
318.135	30.17	
318.347	77.28	
318.559	146.09	
318.77	187.25	
318.982	153.46	
319.194	169.03	
319.406	155.51	
319.618	80.14	
319.83	18.91	
320.041	20.34	
320.253	30.79	
320.465	8.67	
320.677	-9.76	
320.888	-5.87	
321.1	15.43	
321.312	94.68	
321.524	113.94	
321.735	112.71	
321.947	84.65	
322.159	42.67	
322.37	-43.55	
322.582	-29.22	
322.794	43.28	
323.005	101.44	
323.217	123.56	
323.429	94.89	
323.64	129.5	
323.852	59.87	
324.063	30.58	
324.275	65.4	
324.487	129.5	
324.698	62.12	
324.91	118.85	
325.121	95.09	
325.333	23.01	
325.544	13.79	
325.756	66.83	
325.967	3.96	
326.179	82.4	
326.39	132.78	
326.602	143.02	
326.813	62.12	
327.025	108.61	
327.236	16.86	
327.448	-20.82	
327.659	-73.86	
327.871	-10.99	
328.082	-25.33	
328.293	35.5	
328.505	71.13	
328.716	97.35	
328.928	67.24	
329.139	112.91	
329.35	71.13	
329.562	99.8	
329.773	131.96	
329.984	146.29	
330.196	93.05	
330.407	161.04	
330.618	106.15	
330.83	86.29	
331.041	95.09	
331.252	94.68	
331.463	58.23	
331.675	105.54	
331.886	146.7	
332.097	142.61	
332.308	136.26	
332.52	145.68	
332.731	125.81	
332.942	101.44	
333.153	130.32	
333.364	119.26	
333.575	101.65	
333.787	137.49	
333.998	75.64	
334.209	112.09	
334.42	95.91	
334.631	85.26	
334.842	73.8	
335.053	145.68	
335.264	71.34	
335.475	106.15	
335.686	121.92	
335.898	105.13	
336.109	25.67	
336.32	41.23	
336.531	26.9	
336.742	38.37	
336.953	1.09	
337.164	38.98	
337.375	-0.75	
337.586	-5.67	
337.797	-63.62	
338.007	-3.82	
338.218	-43.35	
338.429	1.91	
338.64	-4.44	
338.851	43.49	
339.062	-0.96	
339.273	88.54	
339.484	43.89	
339.695	16.25	
339.906	28.33	
340.116	82.81	
340.327	53.73	
340.538	92.23	
340.749	121.31	
340.96	87.52	
341.171	33.04	
341.381	17.07	
341.592	30.79	
341.803	28.54	
342.014	49.83	
342.224	87.11	
342.435	89.15	
342.646	31.81	
342.857	23.01	
343.067	-22.05	
343.278	-22.87	
343.489	-18.16	
343.699	-4.85	
343.91	10.51	
344.121	23.62	
344.331	-26.96	
344.542	-55.43	
344.753	20.55	
344.963	41.64	
345.174	87.31	
345.384	156.12	
345.595	216.54	
345.806	162.88	
346.016	133.39	
346.227	137.9	
346.437	129.3	
346.648	84.24	
346.858	101.24	
347.069	85.26	
347.279	80.96	
347.49	24.64	
347.7	67.65	
347.911	-5.67	
348.121	12.36	
348.332	19.52	
348.542	-20.21	
348.753	-66.49	
348.963	27.72	
349.173	41.44	
349.384	53.93	
349.594	152.03	
349.805	200.56	
350.015	126.22	
350.225	122.74	
350.436	120.49	
350.646	129.5	
350.856	93.25	
351.067	115.98	
351.277	51.47	
351.487	-4.03	
351.698	-77.96	
351.908	-88.81	
352.118	-82.26	
352.328	-36.39	
352.539	42.87	
352.749	46.35	
352.959	46.15	
353.169	52.29	
353.38	66.01	
353.59	45.74	
353.8	88.54	
354.01	125.4	
354.22	112.09	
354.431	202.82	
354.641	157.35	
354.851	151.82	
355.061	127.45	
355.271	202.61	
355.481	104.31	
355.691	112.5	
355.901	91.41	
356.111	108.82	
356.321	58.23	
356.532	57.21	
356.742	41.85	
356.952	39.18	
357.162	17.68	
357.372	4.16	
357.582	3.96	
357.792	-26.76	
358.002	-47.44	
358.212	27.92	
358.422	46.56	
358.632	34.06	
358.842	67.86	
359.051	137.28	
359.261	47.58	
359.471	29.56	
359.681	66.63	
359.891	55.36	
360.101	-18.36	
360.311	-17.54	
360.521	-41.71	
360.731	-31.27	
360.94	-5.05	
361.15	54.34	
361.36	84.03	
361.57	112.71	
361.78	98.37	
361.989	69.08	
362.199	55.57	
362.409	81.78	
362.619	69.9	
362.828	164.72	
363.038	189.3	
363.248	187.66	
363.458	175.37	
363.667	195.44	
363.877	110.25	
364.087	115.57	
364.296	93.46	
364.506	109.02	
364.716	98.99	
364.925	69.08	
365.135	15.84	
365.345	7.03	
365.554	-23.28	
365.764	46.15	
365.973	43.08	
366.183	148.75	
366.393	191.14	
366.602	206.09	
366.812	72.98	
367.021	135.03	
367.231	24.85	
367.44	-10.99	
367.65	-14.68	
367.859	56.18	
368.069	-21.03	
368.278	44.92	
368.488	68.68	
368.697	20.34	
368.907	-26.76	
369.116	137.69	
369.326	111.27	
369.535	104.11	
369.744	152.03	
369.954	165.34	
370.163	36.73	
370.373	44.92	
370.582	34.27	
370.791	14.81	
371.001	-3	
371.21	-11.2	
371.419	-43.96	
371.629	-62.8	
371.838	-75.5	
372.047	20.96	
372.256	9.08	
372.466	42.87	
372.675	1.5	
372.884	0.89	
373.093	-99.26	
373.303	-28.19	
373.512	-31.47	
373.721	32.63	
373.93	-0.34	
374.139	104.31	
374.349	36.93	
374.558	93.46	
374.767	50.24	
374.976	95.91	
375.185	80.55	
375.394	84.44	
375.603	53.93	
375.813	71.54	
376.022	57.41	
376.231	-12.22	
376.44	-16.93	
376.649	7.85	
376.858	48.2	
377.067	69.9	
377.276	144.04	
377.485	220.22	
377.694	211.42	
377.903	214.9	
378.112	187.25	
378.321	199.34	
378.53	174.76	
378.739	183.77	
378.948	176.81	
379.157	215.51	
379.366	228.42	
379.575	237.84	
379.784	201.59	
379.992	220.84	
380.201	293.34	
380.41	269.38	
380.619	248.49	
380.828	299.89	
381.037	291.49	
381.246	191.96	
381.454	160.83	
381.663	271.83	
381.872	265.89	
382.081	352.52	
382.29	441.82	
382.498	522.3	
382.707	527.83	
382.916	584.56	
383.125	517.59	
383.333	516.36	
383.542	539.09	
383.751	510.01	
383.959	567.36	
384.168	629.82	
384.377	737.54	
384.585	750.65	
384.794	759.86	
385.003	742.05	
385.211	803.69	
385.42	747.99	
385.628	776.66	
385.837	847.31	
386.046	967.73	
386.254	1046.38	
386.463	1107.61	
386.671	1239.91	
386.88	1269.6	
387.088	1255.47	
387.297	1283.74	
387.505	1354.39	
387.714	1285.78	
387.922	1333.3	
388.131	1368.32	
388.339	1429.55	
388.548	1457.61	
388.756	1553.45	
388.965	1642.95	
389.173	1689.85	
389.381	1748.01	
389.59	1863.92	
389.798	1982.3	
390.007	2076.91	
390.215	2172.14	
390.423	2312.22	
390.632	2384.11	
390.84	2513.95	
391.048	2553.68	
391.257	2671.44	
391.465	2668.57	
391.673	2771.17	
391.882	2817.46	
392.09	2903.68	
392.298	3003	
392.506	3092.3	
392.715	3201.04	
392.923	3336.62	
393.131	3515.61	
393.339	3636.85	
393.547	3758.09	
393.756	3874.21	
393.964	3939.13	
394.172	4053	
394.38	4150.48	
394.588	4341.35	
394.796	4464.64	
395.005	4597.55	
395.213	4704.25	
395.421	4870.96	
395.629	4962.91	
395.837	5112.41	
396.045	5287.92	
396.253	5470.4	
396.461	5643.86	
396.669	5849.68	
396.877	6080.49	
397.085	6316.62	
397.293	6531.86	
397.501	6732.15	
397.709	6977.29	
397.917	7158.74	
398.125	7403.27	
398.333	7600.49	
398.541	7778.05	
398.749	7979.77	
398.957	8178.43	
399.165	8334.89	
399.373	8641.47	
399.581	8934.54	
399.788	9257.91	
399.996	9530.09	
400.204	9840.97	
400.412	10049.25	
400.62	10271.66	
400.828	10585.4	
401.035	10989.06	
401.243	11360.36	
401.451	11794.12	
401.659	12188.35	
401.867	12547.56	
402.074	12892.24	
402.282	13240.19	
402.49	13542.26	
402.697	14066.75	
402.905	14416.13	
403.113	14821.42	
403.321	15172.24	
403.528	15564.02	
403.736	15807.72	
403.944	16102.43	
404.151	16370.92	
404.359	16567.11	
404.566	16714.77	
404.774	16901.75	
404.982	16992.47	
405.189	17118.83	
405.397	17253.18	
405.604	17421.32	
405.812	17577.99	
406.02	17726.06	
406.227	17906.28	
406.435	18115.99	
406.642	18289.45	
406.85	18470.7	
407.057	18670.17	
407.265	18777.07	
407.472	18924.53	
407.679	19030.2	
407.887	19059.28	
408.094	19165.98	
408.302	19118.27	
408.509	19125.02	
408.717	19155.13	
408.924	19029.59	
409.131	18762.74	
409.339	18560.4	
409.546	18193.61	
409.753	17782.79	
409.961	17451.42	
410.168	17094.67	
410.375	16786.65	
410.583	16338.56	
410.79	15970.74	
410.997	15534.12	
411.205	15183.09	
411.412	14727.01	
411.619	14462	
411.826	14011.04	
412.034	13676.81	
412.241	13284.83	
412.448	12885.89	
412.655	12448.44	
412.862	12131.62	
413.07	11713.02	
413.277	11325.75	
413.484	10927.82	
413.691	10553.25	
413.898	10102.7	
414.105	9661.98	
414.312	9304.4	
414.519	9014.82	
414.727	8705.37	
414.934	8500.37	
415.141	8358.85	
415.348	8173.51	
415.555	7909.94	
415.762	7748.56	
415.969	7482.73	
416.176	7317.87	
416.383	7157.31	
416.59	7037.09	
416.797	6850.52	
417.004	6766.97	
417.211	6602.31	
417.418	6444.41	
417.625	6332.8	
417.831	6201.32	
418.038	6072.09	
418.245	5953.31	
418.452	5813.64	
418.659	5701	
418.866	5598.4	
419.073	5481.05	
419.28	5324.38	
419.486	5279.53	
419.693	5096.44	
419.9	4990.97	
420.107	4911.3	
420.314	4850.07	
420.52	4703.64	
420.727	4694.22	
420.934	4590.8	
421.141	4415.08	
421.347	4275.82	
421.554	4116.28	
421.761	3903.7	
421.967	3835.71	
422.174	3782.26	
422.381	3688.66	
422.588	3583.6	
422.794	3524.83	
423.001	3497.18	
423.207	3377.99	
423.414	3311.02	
423.621	3254.7	
423.827	3236.47	
424.034	3126.5	
424.24	3100.28	
424.447	3018.98	
424.654	2906.34	
424.86	2792.27	
425.067	2611.64	
425.273	2511.49	
425.48	2505.96	
425.686	2502.28	
425.893	2452.51	
426.099	2411.96	
426.306	2351.55	
426.512	2228.46	
426.718	2170.51	
426.925	2041.07	
427.131	1928.44	
427.338	1836.48	
427.544	1749.44	
427.75	1599.33	
427.957	1528.47	
428.163	1532.36	
428.37	1492.42	
428.576	1476.24	
428.782	1454.13	
428.988	1502.05	
429.195	1435.28	
429.401	1371.8	
429.607	1307.7	
429.814	1382.65	
430.02	1310.77	
430.226	1256.91	
430.432	1254.86	
430.639	1254.24	
430.845	1171.71	
431.051	1169.46	
431.257	1193.83	
431.463	1160.45	
431.67	1086.52	
431.876	1046.58	
432.082	984.32	
432.288	990.26	
432.494	984.12	
432.7	1024.05	
432.906	962	
433.112	958.52	
433.318	964.87	
433.525	952.58	
433.731	890.73	
433.937	939.68	
434.143	912.85	
434.349	857.76	
434.555	820.48	
434.761	805.94	
434.967	717.47	
435.173	729.55	
435.379	716.86	
435.585	763.96	
435.791	780.34	
435.996	853.66	
436.202	849.98	
436.408	809.63	
436.614	761.91	
436.82	754.74	
437.026	677.13	
437.232	649.27	
437.438	616.92	
437.644	533.36	
437.849	503.05	
438.055	498.13	
438.261	452.26	
438.467	402.08	
438.673	419.7	
438.878	341.46	
439.084	327.95	
439.29	378.94	
439.496	408.02	
439.701	420.72	
439.907	418.88	
440.113	410.28	
440.318	349.04	
440.524	327.95	
440.73	313.61	
440.935	327.54	
441.141	265.28	
441.347	330	
441.552	298.25	
441.758	299.89	
441.964	245.01	
442.169	316.89	
442.375	236.61	
442.58	292.11	
442.786	309.93	
442.991	337.16	
443.197	256.27	
443.402	276.13	
443.608	268.15	
443.813	294.77	
444.019	322.62	
444.224	347.61	
444.43	276.95	
444.635	282.28	
444.841	182.54	
445.046	234.15	
445.252	207.73	
445.457	237.63	
445.662	166.36	
445.868	164.72	
446.073	80.96	
446.278	89.36	
446.484	73.59	
446.689	86.08	
446.894	74.41	
447.1	71.95	
447.305	125.4	
447.51	148.55	
447.716	125.81	
447.921	150.39	
448.126	189.1	
448.331	101.24	
448.537	102.67	
448.742	148.34	
448.947	84.24	
449.152	25.67	
449.357	109.23	
449.563	121.72	
449.768	101.24	
449.973	129.3	
450.178	154.49	
450.383	52.91	
450.588	7.85	
450.793	3.96	
450.999	87.72	
451.204	53.11	
451.409	78.51	
451.614	68.68	
451.819	66.22	
452.024	-6.28	
452.229	30.38	
452.434	96.32	
452.639	83.63	
452.844	114.96	
453.049	60.07	
453.254	7.85	
453.459	-29.01	
453.664	12.97	
453.869	-6.08	
454.074	71.95	
454.279	114.96	
454.483	76.05	
454.688	54.34	
454.893	119.46	
455.098	101.44	
455.303	75.02	
455.508	91.41	
455.713	92.23	
455.917	-8.12	
456.122	21.16	
456.327	-11.4	
456.532	48.2	
456.737	-7.1	
456.941	35.5	
457.146	-10.99	
457.351	9.08	
457.555	-39.05	
457.76	28.74	
457.965	12.97	
458.17	29.15	
458.374	84.85	
458.579	105.74	
458.784	58.84	
458.988	38.98	
459.193	24.85	
459.397	2.53	
459.602	-20	
459.807	80.14	
460.011	83.63	
460.216	89.15	
460.42	19.93	
460.625	-37.2	
460.829	-90.66	
461.034	-99.26	
461.239	-136.33	
461.443	-90.86	
461.648	-25.33	
461.852	-69.77	
462.056	5.19	
462.261	25.05	
462.465	115.57	
462.67	89.15	
462.874	108.61	
463.079	32.02	
463.283	39.39	
463.487	-32.49	
463.692	-0.14	
463.896	-30.86	
464.1	-30.45	
464.305	-52.77	
464.509	-63.42	
464.713	-56.25	
464.918	16.66	
465.122	75.02	
465.326	72.98	
465.531	54.54	
465.735	5.8	
465.939	-21.84	
466.143	-60.76	
466.348	-47.44	
466.552	-79.39	
466.756	-27.78	
466.96	6.21	
467.164	9.9	
467.368	9.49	
467.573	74	
467.777	48.2	
467.981	-0.96	
468.185	-37.61	
468.389	-5.05	
468.593	-77.96	
468.797	-129.16	
469.001	-102.33	
469.205	-64.85	
469.409	-66.9	
469.613	-15.91	
469.817	31.61	
470.021	24.03	
470.225	32.63	
470.429	0.27	
470.633	-7.71	
470.837	1.09	
471.041	0.48	
471.245	-50.72	
471.449	-23.48	
471.653	-10.79	
471.857	11.95	
472.061	-44.78	
472.265	-23.07	
472.469	-12.83	
472.673	-44.37	
472.876	-72.23	
473.08	-38.43	
473.284	15.43	
473.488	-24.51	
473.692	41.64	
473.895	85.26	
474.099	120.08	
474.303	109.23	
474.507	148.34	
474.71	118.03	
474.914	50.04	
475.118	32.02	
475.322	26.69	
475.525	-49.49	
475.729	-29.22	
475.933	-15.09	
476.136	79.73	
476.34	85.26	
476.543	155.71	
476.747	148.75	
476.951	166.16	
477.154	47.99	
477.358	103.7	
477.561	76.87	
477.765	67.86	
477.969	46.76	
478.172	53.32	
478.376	-13.04	
478.579	-0.34	
478.783	-10.99	
478.986	-0.96	
479.19	3.35	
479.393	31.2	
479.596	44.71	
479.8	77.28	
480.003	70.52	
480.207	78.71	
480.41	34.88	
480.614	31.2	
480.817	-37.61	
481.02	43.89	
481.224	87.72	
481.427	115.78	
481.63	159.61	
481.834	225.55	
482.037	118.85	
482.24	78.71	
482.443	54.34	
482.647	-10.79	
482.85	-53.18	
483.053	28.33	
483.256	-23.48	
483.46	18.09	
483.663	10.31	
483.866	65.4	
484.069	15.63	
484.272	38.77	
484.476	-4.03	
484.679	45.53	
484.882	72.77	
485.085	46.56	
485.288	51.88	
485.491	103.7	
485.694	26.08	
485.897	-25.74	
486.101	-0.14	
486.304	55.77	
486.507	-26.56	
486.71	8.06	
486.913	-9.56	
487.116	-32.29	
487.319	-71.61	
487.522	-38.84	
487.725	38.98	
487.928	54.34	
488.13	50.86	
488.333	67.24	
488.536	71.13	
488.739	7.03	
488.942	32.22	
489.145	61.1	
489.348	47.79	
489.551	37.14	
489.754	46.15	
489.956	3.75	
490.159	-12.63	
490.362	-50.72	
490.565	-74.07	
490.768	-103.15	
490.97	-29.63	
491.173	-2.39	
491.376	13.99	
491.579	16.45	
491.781	75.84	
491.984	-4.23	
492.187	-23.28	
492.39	-23.28	
492.592	-4.23	
492.795	-1.77	
492.998	-18.57	
493.2	-21.44	
493.403	-2.59	
493.605	65.6	
493.808	15.84	
494.011	11.74	
494.213	-1.16	
494.416	31.81	
494.618	-57.07	
494.821	-89.43	
495.023	-28.81	
495.226	11.13	
495.428	-5.26	
495.631	40.82	
495.833	112.09	
496.036	95.5	
496.238	53.11	
496.441	68.88	
496.643	32.63	
496.846	-10.79	
497.048	-6.69	
497.25	51.27	
497.453	36.73	
497.655	139.94	
497.858	213.67	
498.06	245.21	
498.262	182.95	
498.465	174.35	
498.667	116.8	
498.869	87.52	
499.071	55.77	
499.274	114.34	
499.476	104.51	
499.678	72.16	
499.881	34.88	
500.083	35.5	
500.285	-33.72	
500.487	7.24	
500.689	8.67	
500.892	-23.48	
501.094	-61.17	
501.296	7.24	
501.498	-32.08	
501.7	-60.76	
501.902	-11.61	
502.104	9.69	
502.306	-31.88	
502.509	-24.3	
502.711	-14.88	
502.913	-23.28	
503.115	-56.25	
503.317	-34.95	
503.519	-66.08	
503.721	-5.46	
503.923	75.02	
504.125	97.55	
504.327	104.72	
504.529	144.45	
504.731	104.51	
504.933	60.07	
505.134	51.27	
505.336	51.06	
505.538	61.51	
505.74	38.37	
505.942	-20.41	
506.144	-19.18	
506.346	-37.41	
506.548	9.49	
506.749	42.46	
506.951	86.7	
507.153	76.46	
507.355	52.91	
507.557	1.5	
507.758	21.78	
507.96	-22.46	
508.162	25.26	
508.363	53.52	
508.565	49.01	
508.767	-16.52	
508.969	6.62	
509.17	29.15	
509.372	24.85	
509.574	-33.52	
509.775	-4.64	
509.977	-29.42	
510.178	-24.92	
510.38	-27.99	
510.582	22.6	
510.783	-10.99	
510.985	-4.23	
511.186	-72.43	
511.388	-28.6	
511.589	8.46	
511.791	21.16	
511.992	28.13	
512.194	60.28	
512.395	-33.93	
512.597	-33.11	
512.798	-41.51	
513	-17.54	
513.201	-5.87	
513.403	106.77	
513.604	61.71	
513.805	93.66	
514.007	66.83	
514.208	1.91	
514.409	-64.85	
514.611	-50.31	
514.812	-17.13	
515.013	38.77	
515.215	82.6	
515.416	52.29	
515.617	5.6	
515.819	-61.37	
516.02	-120.56	
516.221	-87.18	
516.422	-66.29	
516.623	-49.7	
516.825	-38.43	
517.026	-22.25	
517.227	-80.83	
517.428	-115.64	
517.629	-85.95	
517.83	-56.87	
518.032	-33.31	
518.233	6.21	
518.434	51.27	
518.635	79.32	
518.836	68.68	
519.037	48.2	
519.238	45.74	
519.439	55.57	
519.64	2.53	
519.841	13.99	
520.042	-1.57	
520.243	-27.78	
520.444	-63.01	
520.645	-58.3	
520.846	-81.85	
521.047	-53.18	
521.248	-51.54	
521.449	-9.56	
521.65	2.32	
521.851	84.65	
522.052	23.21	
522.252	61.3	
522.453	91	
522.654	60.48	
522.855	-17.75	
523.056	-5.26	
523.257	-36.59	
523.457	-69.56	
523.658	-47.04	
523.859	-52.56	
524.06	-70.18	
524.26	-106.43	
524.461	-109.7	
524.662	-92.09	
524.862	-120.35	
525.063	-46.42	
525.264	1.5	
525.464	-18.98	
525.665	-2.39	
525.866	122.33	
526.066	62.12	
526.267	49.42	
526.468	48.61	
526.668	25.87	
526.869	-37.82	
527.069	-17.75	
527.27	16.66	
527.47	61.92	
527.671	48.61	
527.871	14.4	
528.072	48.61	
528.272	39.39	
528.473	38.98	
528.673	107.79	
528.874	119.87	
529.074	119.06	
529.275	119.46	
529.475	116.6	
529.675	17.89	
529.876	25.87	
530.076	-34.34	
530.277	-44.58	
530.477	-57.89	
530.677	-56.46	
530.878	-86.15	
531.078	19.52	
531.278	-12.01	
531.478	-40.48	
531.679	-32.08	
531.879	-5.26	
532.079	-70.59	
532.28	-38.23	
532.48	-53.79	
532.68	-21.44	
532.88	-11.2	
533.08	-1.77	
533.28	-25.74	
533.481	3.96	
533.681	-15.91	
533.881	-17.34	
534.081	-39.66	
534.281	9.9	
534.481	17.48	
534.681	65.19	
534.881	98.17	
535.081	101.65	
535.281	50.45	
535.481	102.06	
535.682	53.73	
535.882	0.89	
536.082	26.49	
536.281	38.57	
536.481	34.47	
536.681	63.15	
536.881	66.83	
537.081	26.08	
537.281	27.31	
537.481	-31.88	
537.681	-58.91	
537.881	-84.51	
538.081	-5.46	
538.281	7.24	
538.48	-21.03	
538.68	2.32	
538.88	85.67	
539.08	57.82	
539.28	21.98	
539.479	102.47	
539.679	79.73	
539.879	7.03	
540.079	3.75	
540.278	36.11	
540.478	-44.17	
540.678	-41.92	
540.877	27.51	
541.077	-41.71	
541.277	-48.06	
541.476	60.89	
541.676	77.48	
541.876	79.94	
542.075	137.08	
542.275	116.19	
542.474	45.33	
542.674	51.68	
542.874	-7.3	
543.073	-35.77	
543.273	-7.51	
543.472	25.05	
543.672	13.99	
543.871	0.68	
544.071	19.32	
544.27	85.06	
544.47	42.67	
544.669	58.23	
544.868	73.59	
545.068	79.73	
545.267	2.94	
545.467	88.13	
545.666	37.14	
545.865	73.8	
546.065	33.65	
546.264	29.56	
546.463	-39.05	
546.663	13.58	
546.862	-5.46	
547.061	38.57	
547.261	58.64	
547.46	109.63	
547.659	95.71	
547.858	160.83	
548.058	154.08	
548.257	163.09	
548.456	114.55	
548.655	112.91	
548.854	72.98	
549.053	131.75	
549.253	109.43	
549.452	120.28	
549.651	156.53	
549.85	199.75	
550.049	137.69	
550.248	132.78	
550.447	141.58	
550.646	138.92	
550.845	115.78	
551.044	107.59	
551.243	96.94	
551.442	92.23	
551.641	72.57	
551.84	86.7	
552.039	123.15	
552.238	148.96	
552.437	121.72	
552.636	105.54	
552.835	59.25	
553.034	71.95	
553.233	70.31	
553.432	75.64	
553.63	82.19	
553.829	78.3	
554.028	7.65	
554.227	2.53	
554.426	14.4	
554.625	34.88	
554.823	14.4	
555.022	83.63	
555.221	129.3	
555.42	124.79	
555.618	136.87	
555.817	152.03	
556.016	120.28	
556.214	101.44	
556.413	89.56	
556.612	58.84	
556.81	49.83	
557.009	46.35	
557.208	16.86	
557.406	47.17	
557.605	37.96	
557.803	20.96	
558.002	20.34	
558.201	-29.42	
558.399	-50.52	
558.598	-102.13	
558.796	-71.2	
558.995	-79.39	
559.193	-26.56	
559.392	-46.01	
559.59	38.98	
559.789	51.27	
559.987	106.15	
560.185	155.3	
560.384	157.35	
560.582	150.39	
560.781	187.46	
560.979	163.09	
561.177	86.29	
561.376	104.11	
561.574	133.19	
561.772	-12.63	
561.971	68.27	
562.169	92.02	
562.367	51.68	
562.566	-4.03	
562.764	55.98	
562.962	-60.96	
563.16	-95.16	
563.358	-30.86	
563.557	-6.28	
563.755	11.33	
563.953	29.15	
564.151	78.71	
564.349	94.89	
564.547	101.65	
564.746	89.77	
564.944	63.96	
565.142	50.45	
565.34	0.48	
565.538	-34.34	
565.736	0.27	
565.934	-16.32	
566.132	1.3	
566.33	20.34	
566.528	90.79	
566.726	51.06	
566.924	119.06	
567.122	69.7	
567.32	28.54	
567.518	-37.41	
567.716	-33.31	
567.914	-50.72	
568.112	-42.12	
568.31	17.68	
568.507	40.21	
568.705	-8.33	
568.903	-32.9	
569.101	13.79	
569.299	40.21	
569.497	46.35	
569.694	113.94	
569.892	120.9	
570.09	122.54	
570.288	41.03	
570.486	30.17	
570.683	60.69	
570.881	33.04	
571.079	-23.89	
571.276	-12.42	
571.474	-20.62	
571.672	-88.2	
571.869	-53.18	
572.067	-17.34	
572.265	7.85	
572.462	54.75	
572.66	111.07	
572.857	120.9	
573.055	161.65	
573.253	134.62	
573.45	71.13	
573.648	69.7	
573.845	43.49	
574.043	19.93	
574.24	29.56	
574.438	5.6	
574.635	-13.86	
574.832	-40.48	
575.03	-36.18	
575.227	62.12	
575.425	81.17	
575.622	50.24	
575.82	57	
576.017	65.6	
576.214	-10.17	
576.412	19.73	
576.609	-2.8	
576.806	-3.41	
577.004	-30.86	
577.201	-29.42	
577.398	-4.44	
577.595	108.2	
577.793	154.08	
577.99	151.21	
578.187	119.67	
578.384	93.66	
578.582	16.04	
578.779	25.26	
578.976	37.34	
579.173	101.85	
579.37	101.85	
579.567	145.68	
579.764	127.86	
579.962	144.25	
580.159	126.84	
580.356	152.44	
580.553	146.5	
580.75	145.47	
580.947	128.48	
581.144	167.59	
581.341	128.27	
581.538	153.46	
581.735	135.44	
581.932	159.2	
582.129	60.07	
582.326	74	
582.523	24.64	
582.72	15.43	
582.916	-44.37	
583.113	-58.09	
583.31	-82.87	
583.507	-66.9	
583.704	-6.89	
583.901	85.67	
584.098	118.24	
584.294	157.15	
584.491	129.5	
584.688	88.95	
584.885	2.32	
585.082	110.66	
585.278	145.88	
585.475	164.93	
585.672	145.68	
585.868	173.12	
586.065	65.6	
586.262	-30.86	
586.458	-14.68	
586.655	45.74	
586.852	18.5	
587.048	17.27	
587.245	31.4	
587.442	83.63	
587.638	72.36	
587.835	142.61	
588.031	180.29	
588.228	208.35	
588.424	145.47	
588.621	150.18	
588.817	88.75	
589.014	125.4	
589.21	126.22	
589.407	106.77	
589.603	59.87	
589.8	101.44	
589.996	80.96	
590.192	63.96	
590.389	99.39	
590.585	116.39	
590.782	58.23	
590.978	113.73	
591.174	107.79	
591.371	113.12	
591.567	112.5	
591.763	127.66	
591.959	51.88	
592.156	75.02	
592.352	47.17	
592.548	71.54	
592.744	85.88	
592.941	55.36	
593.137	25.67	
593.333	7.65	
593.529	60.69	
593.725	70.52	
593.922	54.95	
594.118	137.49	
594.314	117.21	
594.51	73.18	
594.706	26.9	
594.902	110.25	
595.098	61.71	
595.294	103.08	
595.49	42.67	
595.686	117.01	
595.882	28.94	
596.078	90.79	
596.274	96.73	
596.47	155.3	
596.666	140.56	
596.862	159.81	
597.058	112.71	
597.254	126.02	
597.45	78.51	
597.646	95.5	
597.842	127.45	
598.037	180.7	
598.233	164.52	
598.429	213.67	
598.625	138.31	
598.821	94.27	
599.017	0.27	
599.212	44.71	
599.408	39.8	
599.604	45.12	
599.8	62.74	
599.995	44.92	
600.191	-7.3	
600.387	-61.37	
600.582	-35.36	
600.778	-15.91	
600.974	21.57	
601.169	0.48	
601.365	50.65	
601.561	-4.85	
601.756	-53.18	
601.952	-52.97	
602.147	-77.55	
602.343	-109.5	
602.538	-26.56	
602.734	-5.87	
602.93	20.14	
603.125	70.31	
603.321	94.89	
603.516	57	
603.711	75.23	
603.907	66.83	
604.102	73.39	
604.298	112.5	
604.493	109.22	
604.689	143.63	
604.884	129.91	
605.079	125.61	
605.275	57.82	
605.47	61.51	
605.665	39.8	
605.861	89.97	
606.056	83.83	
606.251	47.38	
606.447	69.9	
606.642	56.39	
606.837	-23.89	
607.032	29.15	
607.227	51.88	
607.423	32.02	
607.618	35.09	
607.813	38.16	
608.008	-22.66	
608.203	80.35	
608.398	139.74	
608.594	109.43	
608.789	119.87	
608.984	171.48	
609.179	132.37	
609.374	69.7	
609.569	104.51	
609.764	70.93	
609.959	38.57	
610.154	7.44	
610.349	46.76	
610.544	41.23	
610.739	76.25	
610.934	97.96	
611.129	142.61	
611.324	154.28	
611.519	191.76	
611.714	247.46	
611.909	187.05	
612.103	216.33	
612.298	180.49	
612.493	169.03	
612.688	151.41	
612.883	222.48	
613.078	112.71	
613.272	206.91	
613.467	206.91	
613.662	239.27	
613.857	255.45	
614.051	337.57	
614.246	226.37	
614.441	184.59	
614.635	78.71	
614.83	25.87	
615.025	-61.99	
615.219	-58.3	
615.414	-88.81	
615.609	-53.38	
615.803	-63.62	
615.998	25.67	
616.192	48.4	
616.387	95.91	
616.582	159.61	
616.776	196.88	
616.971	159.2	
617.165	146.5	
617.36	100.42	
617.554	72.16	
617.749	104.31	
617.943	113.32	
618.138	119.67	
618.332	152.64	
618.526	113.94	
618.721	45.53	
618.915	59.66	
619.11	57.21	
619.304	10.51	
619.498	5.6	
619.693	54.75	
619.887	17.27	
620.081	-18.77	
620.275	38.77	
620.47	77.48	
620.664	51.88	
620.858	34.68	
621.052	65.19	
621.247	77.28	
621.441	60.28	
621.635	42.05	
621.829	77.48	
622.023	73.39	
622.218	95.5	
622.412	92.43	
622.606	74	
622.8	76.87	
622.994	74	
623.188	3.75	
623.382	1.09	
623.576	18.5	
623.77	-10.79	
623.964	13.99	
624.158	49.42	
624.352	-6.08	
624.546	16.25	
624.74	57	
624.934	23.01	
625.128	27.1	
625.322	94.89	
625.516	92.02	
625.71	43.08	
625.904	20.96	
626.098	68.88	
626.291	90.38	
626.485	91.2	
626.679	99.19	
626.873	199.54	
627.067	134.82	
627.26	129.09	
627.454	131.75	
627.648	169.03	
627.842	97.35	
628.035	108.82	
628.229	88.34	
628.423	33.65	
628.617	-11.2	
628.81	-21.23	
629.004	-41.92	
629.198	-38.43	
629.391	-12.83	
629.585	76.87	
629.778	88.13	
629.972	132.37	
630.166	144.86	
630.359	126.84	
630.553	50.45	
630.746	79.94	
630.94	78.51	
631.133	-0.55	
631.327	20.55	
631.52	23.21	
631.714	-20	
631.907	-42.73	
632.1	55.36	
632.294	107.38	
632.487	127.66	
632.681	162.06	
632.874	175.78	
633.067	182.34	
633.261	130.11	
633.454	120.9	
633.647	102.47	
633.841	63.76	
634.034	52.29	
634.227	66.01	
634.421	33.86	
634.614	36.11	
634.807	54.54	
635	-24.51	
635.193	1.09	
635.387	8.87	
635.58	-5.05	
635.773	10.51	
635.966	73.59	
636.159	68.06	
636.352	23.01	
636.545	11.95	
636.739	-26.96	
636.932	-43.96	
637.125	-86.36	
637.318	-75.5	
637.511	-11.61	
637.704	-18.57	
637.897	-4.44	
638.09	4.98	
638.283	72.98	
638.476	52.29	
638.669	89.15	
638.862	101.65	
639.055	83.83	
639.247	74.82	
639.44	23.82	
639.633	58.03	
639.826	1.5	
640.019	21.37	
640.212	0.48	
640.405	51.88	
640.597	-2.59	
640.79	55.77	
640.983	60.69	
641.176	50.04	
641.368	83.63	
641.561	123.15	
641.754	48.4	
641.947	96.12	
642.139	155.51	
642.332	83.22	
642.525	83.42	
642.717	142.2	
642.91	55.77	
643.103	-0.14	
643.295	-5.05	
643.488	-31.47	
643.68	-92.3	
643.873	-50.11	
644.065	-41.51	
644.258	-15.7	
644.45	-23.07	
644.643	15.84	
644.835	-1.37	
645.028	-42.94	
645.22	-70.59	
645.413	-102.13	
645.605	-110.73	
645.798	-114.82	
645.99	-18.16	
646.182	6.62	
646.375	68.06	
646.567	75.84	
646.76	56.39	
646.952	11.74	
647.144	-7.92	
647.337	-44.78	
647.529	-18.57	
647.721	59.66	
647.913	62.74	
648.106	59.25	
648.298	36.73	
648.49	6.01	
648.682	-81.03	
648.874	-90.45	
649.067	-63.83	
649.259	-36.59	
649.451	-67.31	
649.643	-23.28	
649.835	22.6	
650.027	40.41	
650.219	31.81	
650.411	82.6	
650.603	60.48	
650.796	70.93	
650.988	62.12	
651.18	116.19	
651.372	149.37	
651.564	155.1	
651.756	83.63	
651.948	94.48	
652.139	35.29	
652.331	-15.5	
652.523	3.75	
652.715	10.51	
652.907	-7.71	
653.099	21.37	
653.291	25.26	
653.483	-2.59	
653.674	25.05	
653.866	32.22	
654.058	-12.22	
654.25	-23.89	
654.442	-18.77	
654.633	-88.4	
654.825	-109.91	
655.017	-84.1	
655.209	-93.32	
655.4	-71.82	
655.592	-97.01	
655.784	-52.97	
655.975	-39.87	
656.167	-26.96	
656.359	-45.81	
656.55	15.22	
656.742	-43.55	
656.933	11.54	
657.125	9.08	
657.316	-0.96	
657.508	-24.71	
657.7	41.23	
657.891	-55.64	
658.083	-19.8	
658.274	8.67	
658.466	46.56	
658.657	45.12	
658.848	18.3	
659.04	15.22	
659.231	-16.93	
659.423	-16.11	
659.614	-50.11	
659.805	75.64	
659.997	133.39	
660.188	174.76	
660.379	193.6	
660.571	170.46	
660.762	113.12	
660.953	21.78	
661.145	9.9	
661.336	-47.04	
661.527	134.62	
661.718	176.19	
661.909	178.45	
662.101	189.91	
662.292	213.88	
662.483	18.3	
662.674	-32.08	
662.865	-1.37	
663.056	-36.18	
663.247	-60.96	
663.439	-12.01	
663.63	-5.67	
663.821	-39.66	
664.012	-9.15	
664.203	87.72	
664.394	95.5	
664.585	118.85	
664.776	101.65	
664.967	115.57	
665.158	64.17	
665.349	106.36	
665.54	67.45	
665.73	138.51	
665.921	54.54	
666.112	31.4	
666.303	-33.93	
666.494	76.25	
666.685	34.27	
666.876	103.29	
667.066	119.06	
667.257	153.87	
667.448	12.77	
667.639	13.99	
667.83	-3	
668.02	5.39	
668.211	-66.7	
668.402	29.97	
668.592	-20.21	
668.783	-24.1	
668.974	-24.1	
669.164	30.79	
669.355	4.16	
669.546	73.18	
669.736	73.8	
669.927	46.56	
670.117	-16.11	
670.308	-20	
670.499	-85.54	
670.689	-90.04	
670.88	-114.82	
671.07	-61.58	
671.261	-72.43	
671.451	13.38	
671.641	-44.78	
671.832	21.37	
672.022	14.81	
672.213	-5.05	
672.403	-29.83	
672.594	68.68	
672.784	80.76	
672.974	69.08	
673.165	29.97	
673.355	26.08	
673.545	53.73	
673.736	76.25	
673.926	20.14	
674.116	83.42	
674.306	3.55	
674.497	-67.31	
674.687	-143.7	
674.877	-108.88	
675.067	-134.07	
675.257	-61.17	
675.448	-52.77	
675.638	-24.1	
675.828	-37	
676.018	14.61	
676.208	-13.86	
676.398	9.49	
676.588	-10.58	
676.778	-0.96	
676.968	-41.3	
677.158	-0.14	
677.348	-56.05	
677.538	-63.62	
677.728	-17.34	
677.918	-10.38	
678.108	-39.87	
678.298	4.37	
678.488	-2.8	
678.678	2.53	
678.868	1.3	
679.058	-6.89	
679.248	-24.1	
679.438	-17.13	
679.627	-25.33	
679.817	-43.96	
680.007	-49.29	
680.197	-34.75	
680.387	-36.59	
680.576	-28.4	
680.766	-40.07	
680.956	-34.75	
681.146	7.65	
681.335	-4.85	
681.525	-63.21	
681.715	-32.49	
681.904	1.5	
682.094	-27.99	
682.284	-27.78	
682.473	14.2	
682.663	57.62	
682.852	44.92	
683.042	49.63	
683.231	70.31	
683.421	69.7	
683.61	10.1	
683.8	-14.68	
683.989	-40.28	
684.179	-20.62	
684.368	-76.73	
684.558	-79.8	
684.747	-68.13	
684.937	-110.11	
685.126	-94.34	
685.316	-62.8	
685.505	-89.43	
685.694	-32.7	
685.884	85.26	
686.073	28.94	
686.262	37.96	
686.452	106.77	
686.641	74.2	
686.83	1.09	
687.019	17.68	
687.209	34.47	
687.398	38.57	
687.587	7.24	
687.776	-2.39	
687.965	-28.6	
688.155	-49.49	
688.344	-120.76	
688.533	-106.84	
688.722	-128.75	
688.911	-27.37	
689.1	20.96	
689.289	102.06	
689.478	112.71	
689.667	151.21	
689.856	18.91	
690.045	-18.98	
690.234	-72.23	
690.423	-12.01	
690.612	-42.73	
690.801	57	
690.99	41.44	
691.179	72.36	
691.368	23.21	
691.557	95.71	
691.746	37.34	
691.935	29.35	
692.124	-22.25	
692.312	-20.21	
692.501	-92.91	
692.69	-40.28	
692.879	-28.81	
693.068	-9.76	
693.256	-26.56	
693.445	50.04	
693.634	-2.59	
693.823	-18.16	
694.011	-0.14	
694.2	4.98	
694.389	-59.94	
694.577	-44.17	
694.766	-21.44	
694.955	-33.52	
695.143	-49.08	
695.332	-22.66	
695.52	-34.95	
695.709	3.75	
695.897	-8.33	
696.086	-25.53	
696.275	-69.97	
696.463	-53.18	
696.652	-101.1	
696.84	-52.77	
697.028	-37.82	
697.217	-16.52	
697.405	13.58	
697.594	63.15	
697.782	33.04	
697.971	31.2	
698.159	36.52	
698.347	48.4	
698.536	21.78	
698.724	58.84	
698.912	48.4	
699.1	77.69	
699.289	83.42	
699.477	73.39	
699.665	34.47	
699.854	21.78	
700.042	-0.96	
700.23	-30.86	
700.418	-31.27	
700.606	-42.94	
700.794	0.89	
700.983	27.92	
701.171	41.03	
701.359	22.39	
701.547	67.86	
701.735	70.11	
701.923	21.57	
702.111	-35.57	
702.299	-52.77	
702.487	-45.19	
702.675	-89.22	
702.863	-87.58	
703.051	-69.77	
703.239	-3.62	
703.427	-51.75	
703.615	-31.06	
703.803	-30.86	
703.991	21.78	
704.179	5.39	
704.367	55.77	
704.554	88.54	
704.742	100.83	
704.93	137.49	
705.118	167.8	
705.306	108.41	
705.493	80.55	
705.681	53.52	
705.869	53.73	
706.057	-3.41	
706.244	19.93	
706.432	37.75	
706.62	89.36	
706.807	-12.83	
706.995	48.4	
707.183	-7.71	
707.37	9.69	
707.558	10.92	
707.746	101.65	
707.933	110.45	
708.121	212.85	
708.308	178.45	
708.496	158.17	
708.683	75.43	
708.871	84.03	
709.058	6.21	
709.246	6.21	
709.433	-45.6	
709.621	-11.2	
709.808	-68.95	
709.995	-0.34	
710.183	-0.96	
710.37	40.62	
710.558	20.96	
710.745	10.72	
710.932	-32.49	
711.12	-9.76	
711.307	-13.45	
711.494	21.98	
711.681	45.53	
711.869	12.36	
712.056	14.4	
712.243	35.5	
712.43	-24.92	
712.618	7.44	
712.805	-3.21	
712.992	-27.99	
713.179	-67.51	
713.366	-36.18	
713.553	-22.87	
713.74	10.51	
713.928	-40.28	
714.115	15.63	
714.302	-18.16	
714.489	-39.25	
714.676	-63.42	
714.863	26.28	
715.05	-0.14	
715.237	-5.26	
715.424	-72.43	
715.611	4.98	
715.798	-0.34	
715.984	9.08	
716.171	78.1	
716.358	112.71	
716.545	76.46	
716.732	68.88	
716.919	13.18	
717.106	-47.24	
717.293	-38.02	
717.479	-17.95	
717.666	-92.91	
717.853	-62.19	
718.04	-17.75	
718.226	-2.8	
718.413	-72.63	
718.6	7.85	
718.786	16.86	
718.973	44.92	
719.16	-18.77	
719.346	33.04	
719.533	-10.58	
719.72	34.27	
719.906	-27.78	
720.093	28.54	
720.279	-20.82	
720.466	6.01	
720.652	-2.8	
720.839	49.42	
721.025	59.87	
721.212	95.91	
721.398	70.72	
721.585	74.82	
721.771	22.39	
721.958	-34.54	
722.144	-7.92	
722.331	-55.02	
722.517	-115.23	
722.703	-78.78	
722.89	-89.02	
723.076	-104.79	
723.262	-14.68	
723.449	-19.18	
723.635	-83.49	
723.821	-55.02	
724.007	-89.63	
724.194	-133.05	
724.38	-98.44	
724.566	-65.88	
724.752	-46.01	
724.938	20.55	
725.125	78.92	
725.311	107.38	
725.497	104.72	
725.683	89.77	
725.869	4.16	
726.055	-25.94	
726.241	-71.2	
726.427	-78.98	
726.613	-99.87	
726.799	15.22	
726.985	-40.89	
727.171	1.3	
727.357	46.97	
727.543	109.43	
727.729	36.11	
727.915	85.67	
728.101	62.53	
728.287	43.49	
728.473	2.53	
728.659	14.61	
728.845	-29.42	
729.03	-75.5	
729.216	-79.39	
729.402	-119.33	
729.588	-141.45	
729.774	-104.58	
729.959	-83.49	
730.145	-39.05	
730.331	15.84	
730.517	23.62	
730.702	35.7	
730.888	59.87	
731.074	-35.77	
731.259	-16.11	
731.445	29.56	
731.63	-2.8	
731.816	-18.77	
732.002	97.14	
732.187	115.37	
732.373	89.36	
732.558	122.33	
732.744	197.08	
732.929	139.33	
733.115	43.89	
733.3	-30.24	
733.486	-26.15	
733.671	-144.11	
733.857	-170.12	
734.042	-121.38	
734.227	-79.6	
734.413	-37.61	
734.598	56.59	
734.784	49.63	
734.969	36.32	
735.154	64.37	
735.339	21.37	
735.525	26.28	
735.71	77.69	
735.895	41.85	
736.081	25.87	
736.266	23.01	
736.451	-17.95	
736.636	21.57	
736.821	33.86	
737.007	-4.23	
737.192	-6.69	
737.377	-41.1	
737.562	-127.72	
737.747	-91.27	
737.932	-27.78	
738.117	-66.49	
738.302	17.07	
738.487	39.18	
738.672	9.9	
738.857	16.04	
739.042	60.89	
739.227	83.63	
739.412	56.18	
739.597	49.83	
739.782	83.22	
739.967	28.33	
740.152	-15.7	
740.337	24.03	
740.522	59.46	
740.706	34.68	
740.891	135.23	
741.076	143.43	
741.261	171.07	
741.446	168.82	
741.63	153.26	
741.815	116.39	
742	43.08	
742.185	2.94	
742.369	21.98	
742.554	-5.46	
742.739	-13.86	
742.923	43.08	
743.108	78.92	
743.293	66.63	
743.477	52.09	
743.662	70.93	
743.846	38.77	
744.031	17.89	
744.216	5.39	
744.4	75.23	
744.585	54.34	
744.769	99.8	
744.954	104.51	
745.138	101.65	
745.322	84.44	
745.507	45.74	
745.691	26.28	
745.876	3.96	
746.06	42.46	
746.244	48.2	
746.429	82.4	
746.613	59.66	
746.798	82.19	
746.982	23.01	
747.166	29.15	
747.35	-11.4	
747.535	-6.49	
747.719	-8.53	
747.903	64.78	
748.087	1.71	
748.272	41.44	
748.456	81.99	
748.64	64.58	
748.824	50.45	
749.008	70.11	
749.192	38.57	
749.376	0.07	
749.56	-17.13	
749.745	-81.24	
749.929	-40.07	
750.113	-9.15	
750.297	-48.88	
750.481	6.83	
750.665	46.97	
750.849	29.97	
751.033	38.77	
751.217	32.22	
751.4	6.62	
751.584	-9.97	
751.768	-10.17	
751.952	-43.55	
752.136	0.27	
752.32	-38.02	
752.504	-9.76	
752.688	-4.85	
752.871	0.89	
753.055	-2.8	
753.239	17.07	
753.423	24.44	
753.606	-14.47	
753.79	40	
753.974	55.57	
754.157	57.41	
754.341	10.72	
754.525	13.18	
754.708	-16.73	
754.892	-34.13	
755.076	-11.4	
755.259	37.34	
755.443	7.65	
755.626	-5.05	
755.81	32.02	
755.993	30.99	
756.177	-15.91	
756.36	59.05	
756.544	41.03	
756.727	-1.16	
756.911	9.9	
757.094	50.24	
757.278	16.45	
757.461	12.56	
757.644	5.19	
757.828	-35.57	
758.011	-26.15	
758.195	3.14	
758.378	11.74	
758.561	16.25	
758.744	-6.49	
758.928	20.34	
759.111	-4.03	
759.294	32.84	
759.477	54.13	
759.661	104.31	
759.844	72.57	
760.027	69.08	
760.21	32.02	
760.393	35.29	
760.576	13.79	
760.76	-25.33	
760.943	-56.25	
761.126	13.58	
761.309	56.39	
761.492	68.27	
761.675	70.72	
761.858	96.73	
762.041	22.19	
762.224	-64.85	
762.407	-72.63	
762.59	-45.81	
762.773	-101.51	
762.956	-105.61	
763.139	-79.19	
763.321	-52.36	
763.504	-103.35	
763.687	-52.15	
763.87	-18.16	
764.053	14.81	
764.236	38.57	
764.418	77.07	
764.601	71.75	
764.784	75.84	
764.967	100.01	
765.149	52.09	
765.332	61.92	
765.515	88.34	
765.697	42.67	
765.88	-8.33	
766.063	1.71	
766.245	-11.61	
766.428	-60.35	
766.611	-30.65	
766.793	-20.41	
766.976	18.7	
767.158	-26.35	
767.341	41.85	
767.523	37.96	
767.706	57	
767.888	10.72	
768.071	145.06	
768.253	86.29	
768.436	100.21	
768.618	93.87	
768.8	171.89	
768.983	119.46	
769.165	136.46	
769.348	69.9	
769.53	51.68	
769.712	-35.16	
769.895	-82.87	
770.077	-58.09	
770.259	-30.86	
770.441	-45.6	
770.624	12.56	
770.806	59.46	
770.988	19.11	
771.17	31.4	
771.352	106.77	
771.535	112.71	
771.717	110.66	
771.899	127.66	
772.081	199.13	
772.263	115.98	
772.445	74.61	
772.627	9.28	
772.809	19.73	
772.991	-7.51	
773.173	57	
773.355	45.94	
773.537	75.64	
773.719	41.64	
773.901	64.58	
774.083	-10.58	
774.265	-50.93	
774.447	-86.15	
774.629	-58.09	
774.811	-65.26	
774.992	3.96	
775.174	13.79	
775.356	86.49	
775.538	50.65	
775.72	-14.68	
775.901	-33.72	
776.083	-5.46	
776.265	-60.35	
776.447	15.22	
776.628	74.82	
776.81	52.7	
776.992	88.54	
777.173	105.74	
777.355	68.68	
777.537	83.63	
777.718	85.88	
777.9	86.49	
778.081	99.6	
778.263	123.56	
778.444	76.87	
778.626	69.9	
778.807	1.5	
778.989	-26.96	
779.17	-81.65	
779.352	-154.35	
779.533	-181.59	
779.715	-124.24	
779.896	-166.23	
780.078	-97.82	
780.259	-9.76	
780.44	21.37	
780.622	-17.75	
780.803	119.26	
780.984	83.42	
781.166	33.45	
781.347	34.47	
781.528	55.57	
781.709	-32.49	
781.891	-11.2	
782.072	15.43	
782.253	30.58	
782.434	18.91	
782.615	25.67	
782.796	0.27	
782.978	57.62	
783.159	65.19	
783.34	127.45	
783.521	135.44	
783.702	160.63	
783.883	128.07	
784.064	150.39	
784.245	79.53	
784.426	129.09	
784.607	86.9	
784.788	106.15	
784.969	44.71	
785.15	80.35	
785.331	-31.47	
785.512	15.63	
785.692	-12.01	
785.873	18.7	
786.054	-13.86	
786.235	25.26	
786.416	35.91	
786.597	36.32	
786.777	9.69	
786.958	18.5	
787.139	43.49	
787.32	45.94	
787.5	61.1	
787.681	41.03	
787.862	58.44	
788.042	56.59	
788.223	27.51	
788.404	-44.37	
788.584	0.07	
788.765	26.49	
788.946	11.13	
789.126	16.66	
789.307	100.21	
789.487	112.5	
789.668	46.15	
789.848	23.82	
790.029	-32.49	
790.209	-82.67	
790.39	-132.84	
790.57	-143.29	
790.75	-52.56	
790.931	-18.36	
791.111	-27.17	
791.292	31.61	
791.472	75.02	
791.652	46.76	
791.833	63.15	
792.013	71.13	
792.193	22.6	
792.373	47.17	
792.554	27.51	
792.734	16.25	
792.914	2.53	
793.094	59.66	
793.275	60.48	
793.455	31.81	
793.635	64.17	
793.815	104.51	
793.995	65.81	
794.175	49.42	
794.355	128.27	
794.535	142.2	
794.715	122.13	
794.896	128.68	
795.076	98.58	
795.256	106.15	
795.436	28.54	
795.616	66.01	
795.795	87.72	
795.975	105.74	
796.155	98.78	
796.335	144.86	
796.515	157.15	
796.695	186.64	
796.875	245.41	
797.055	209.17	
797.234	210.8	
797.414	183.77	
797.594	122.33	
797.774	59.05	
797.954	0.68	
798.133	3.96	
798.313	-24.92	
798.493	9.08	
798.672	-14.06	
798.852	26.9	
799.032	-19.39	
799.211	-10.58	
799.391	-37.61	
799.571	-25.12	
799.75	-40.28	
799.93	32.43	
800.109	39.18	
800.289	41.23	
800.468	27.31	
800.648	23.01	
800.827	-17.34	
801.007	-32.7	
801.186	-74.27	
801.366	-51.54	
801.545	-22.25	
801.725	47.58	
801.904	9.49	
802.083	71.75	
802.263	61.71	
802.442	107.79	
802.621	24.23	
802.801	138.92	
802.98	144.04	
803.159	115.16	
803.338	31.4	
803.518	103.49	
803.697	5.8	
803.876	16.66	
804.055	65.19	
804.235	122.33	
804.414	40.21	
804.593	76.87	
804.772	30.17	
804.951	24.64	
805.13	-66.08	
805.309	-23.28	
805.488	-9.56	
805.667	25.05	
805.846	39.8	
806.025	101.85	
806.204	141.58	
806.383	102.88	
806.562	79.94	
806.741	61.3	
806.92	88.13	
807.099	31.61	
807.278	1.09	
807.457	-17.95	
807.636	17.48	
807.814	6.21	
807.993	6.21	
808.172	35.5	
808.351	76.46	
808.53	59.25	
808.708	28.94	
808.887	35.09	
809.066	120.28	
809.244	98.99	
809.423	73.8	
809.602	76.05	
809.78	119.26	
809.959	59.87	
810.138	92.43	
810.316	107.38	
810.495	128.27	
810.673	27.92	
810.852	33.25	
811.03	40.41	
811.209	55.57	
811.388	54.75	
811.566	116.8	
811.744	118.24	
811.923	83.01	
812.101	82.4	
812.28	163.91	
812.458	194.01	
812.637	161.45	
812.815	174.15	
812.993	196.06	
813.172	167.59	
813.35	88.13	
813.528	140.97	
813.706	111.68	
813.885	73.18	
814.063	-12.01	
814.241	72.36	
814.419	78.1	
814.598	143.02	
814.776	128.68	
814.954	132.57	
815.132	103.49	
815.31	97.96	
815.488	-3.21	
815.666	-13.65	
815.844	-30.45	
816.022	-65.67	
816.201	-130.18	
816.379	-29.22	
816.557	8.46	
816.735	57.41	
816.913	49.42	
817.09	122.74	
817.268	43.08	
817.446	16.25	
817.624	-11.4	
817.802	90.18	
817.98	16.66	
818.158	21.78	
818.336	-35.36	
818.514	-15.91	
818.691	-62.39	
818.869	12.56	
819.047	75.43	
819.225	126.63	
819.402	95.91	
819.58	152.64	
819.758	139.13	
819.935	87.93	
820.113	98.58	
820.291	118.65	
820.468	18.5	
820.646	30.58	
820.824	58.03	
821.001	133.6	
821.179	161.65	
821.356	191.55	
821.534	150.39	
821.711	103.49	
821.889	92.84	
822.066	89.36	
822.244	71.13	
822.421	114.14	
822.599	152.23	
822.776	68.27	
822.953	7.03	
823.131	-15.29	
823.308	-58.5	
823.486	-58.09	
823.663	-35.16	
823.84	17.89	
824.017	-10.79	
824.195	6.21	
824.372	20.75	
824.549	20.96	
824.726	11.13	
824.904	28.33	
825.081	21.16	
825.258	-33.52	
825.435	-48.67	
825.612	-22.05	
825.789	-43.96	
825.967	-28.6	
826.144	53.11	
826.321	107.38	
826.498	77.48	
826.675	126.63	
826.852	77.28	
827.029	56.39	
827.206	44.71	
827.383	9.49	
827.56	63.76	
827.737	91.82	
827.914	89.97	
828.09	68.06	
828.267	100.62	
828.444	66.01	
828.621	38.37	
828.798	94.89	
828.975	56.39	
829.151	46.15	
829.328	29.56	
829.505	112.71	
829.682	23.82	
829.858	35.91	
830.035	86.9	
830.212	78.71	
830.389	12.15	
830.565	-7.51	
830.742	61.1	
830.918	39.59	
831.095	44.3	
831.272	72.36	
831.448	75.02	
831.625	85.26	
831.801	94.07	
831.978	87.11	
832.154	41.23	
832.331	83.63	
832.507	1.91	
832.684	31.2	
832.86	77.89	
833.037	215.72	
833.213	175.17	
833.389	223.09	
833.566	117.01	
833.742	51.68	
833.918	-70.79	
834.095	-100.69	
834.271	-171.55	
834.447	-91.68	
834.624	-64.65	
834.8	-45.6	
834.976	13.99	
835.152	48.4	
835.328	32.02	
835.505	79.53	
835.681	66.01	
835.857	5.39	
836.033	54.54	
836.209	144.04	
836.385	113.73	
836.561	137.49	
836.737	209.78	
836.913	143.43	
837.089	71.54	
837.265	100.01	
837.441	140.97	
837.617	112.5	
837.793	125.61	
837.969	131.75	
838.145	94.89	
838.321	44.1	
838.497	48.61	
838.673	111.27	
838.849	35.7	
839.025	83.01	
839.2	87.11	
839.376	119.87	
839.552	54.54	
839.728	116.8	
839.903	57.21	
840.079	106.36	
840.255	63.76	
840.431	159.61	
840.606	92.23	
840.782	179.06	
840.958	72.77	
841.133	84.24	
841.309	13.18	
841.484	91	
841.66	-9.35	
841.835	1.71	
842.011	-21.44	
842.186	38.57	
842.362	-13.65	
842.537	43.08	
842.713	52.5	
842.888	71.75	
843.064	-5.26	
843.239	13.58	
843.415	-0.96	
843.59	73.8	
843.765	79.32	
843.941	116.39	
844.116	177.42	
844.291	130.73	
844.467	91.82	
844.642	118.44	
844.817	128.27	
844.992	71.13	
845.168	95.91	
845.343	124.38	
845.518	110.86	
845.693	126.63	
845.868	115.37	
846.043	86.08	
846.219	18.09	
846.394	50.65	
846.569	26.9	
846.744	17.68	
846.919	25.87	
847.094	146.29	
847.269	106.36	
847.444	94.27	
847.619	127.04	
847.794	221.25	
847.969	179.27	
848.144	192.78	
848.319	176.81	
848.494	172.3	
848.668	160.01	
848.843	175.99	
849.018	155.1	
849.193	159.4	
849.368	172.51	
849.542	187.66	
849.717	142.61	
849.892	147.93	
850.067	155.1	
850.241	180.7	
850.416	100.01	
850.591	116.6	
850.765	96.73	
850.94	142.81	
851.115	66.83	
851.289	117.21	
851.464	75.02	
851.639	98.78	
851.813	45.33	
851.988	125.4	
852.162	60.69	
852.337	85.47	
852.511	109.22	
852.686	188.28	
852.86	140.97	
853.035	168.62	
853.209	162.47	
853.383	179.88	
853.558	64.58	
853.732	82.6	
853.906	46.76	
854.081	49.63	
854.255	-15.29	
854.429	42.26	
854.604	32.43	
854.778	111.48	
854.952	118.85	
855.126	169.44	
855.301	155.51	
855.475	119.67	
855.649	72.57	
855.823	40.62	
855.997	4.37	
856.171	12.15	
856.345	6.21	
856.52	15.22	
856.694	59.46	
856.868	108.41	
857.042	103.7	
857.216	186.43	
857.39	205.48	
857.564	159.61	
857.738	91.82	
857.912	80.55	
858.085	54.34	
858.259	37.96	
858.433	68.88	
858.607	66.42	
858.781	57.41	
858.955	-1.16	
859.129	-15.29	
859.302	-12.63	
859.476	-25.53	
859.65	69.08	
859.824	67.86	
859.997	72.57	
860.171	109.43	
860.345	171.28	
860.519	122.13	
860.692	155.71	
860.866	189.51	
861.039	179.47	
861.213	175.78	
861.387	135.64	
861.56	105.54	
861.734	127.45	
861.907	92.02	
862.081	57.21	
862.254	111.48	
862.428	170.46	
862.601	108.61	
862.775	114.14	
862.948	221.45	
863.122	192.99	
863.295	142.4	
863.468	139.74	
863.642	109.84	
863.815	37.96	
863.988	25.87	
864.162	52.09	
864.335	23.21	
864.508	52.91	
864.682	61.3	
864.855	68.06	
865.028	35.91	
865.201	109.23	
865.374	78.71	
865.548	122.33	
865.721	119.06	
865.894	220.84	
866.067	187.87	
866.24	230.46	
866.413	198.52	
866.586	200.36	
866.759	82.6	
866.932	69.08	
867.105	37.14	
867.278	-50.52	
867.451	-65.06	
867.624	1.71	
867.797	42.26	
867.97	40.41	
868.143	86.7	
868.316	108.61	
868.489	33.25	
868.661	17.07	
868.834	21.57	
869.007	65.6	
869.18	54.95	
869.353	95.09	
869.525	118.65	
869.698	95.91	
869.871	78.92	
870.044	88.34	
870.216	104.72	
870.389	71.54	
870.562	102.26	
870.734	129.7	
870.907	96.94	
871.079	127.25	
871.252	106.56	
871.425	166.57	
871.597	82.81	
871.77	198.93	
871.942	146.7	
872.115	135.64	
872.287	101.65	
872.459	117.21	
872.632	47.38	
872.804	60.48	
872.977	34.27	
873.149	30.17	
873.321	10.1	
873.494	-1.16	
873.666	52.29	
873.838	75.02	
874.011	36.52	
874.183	101.03	
874.355	85.88	
874.528	36.32	
874.7	53.52	
874.872	132.16	
875.044	136.46	
875.216	155.71	
875.388	207.53	
875.561	226.57	
875.733	120.08	
875.905	89.56	
876.077	30.58	
876.249	60.89	
876.421	40.21	
876.593	35.29	
876.765	54.34	
876.937	132.78	
877.109	62.94	
877.281	86.9	
877.453	114.55	
877.625	84.65	
877.797	22.39	
877.968	-13.65	
878.14	-36.59	
878.312	7.85	
878.484	-13.24	
878.656	24.44	
878.828	36.52	
878.999	114.55	
879.171	55.16	
879.343	47.79	
879.515	28.94	
879.686	9.69	
879.858	-62.39	
880.03	-19.8	
880.201	8.46	
880.373	-6.69	
880.545	25.26	
880.716	66.42	
880.888	111.27	
881.059	143.22	
881.231	160.83	
881.402	214.7	
881.574	197.9	
881.745	173.74	
881.917	186.23	
882.088	192.58	
882.26	125.2	
882.431	142.81	
882.602	66.42	
882.774	53.11	
882.945	12.15	
883.116	-15.09	
883.288	-54.82	
883.459	-26.15	
883.63	-35.98	
883.802	-12.83	
883.973	22.6	
884.144	66.22	
884.315	102.47	
884.487	143.22	
884.658	201.18	
884.829	239.68	
885	204.66	
885.171	215.51	
885.342	136.67	
885.513	97.76	
885.684	83.01	
885.855	113.12	
886.026	78.3	
886.197	115.57	
886.368	77.07	
886.539	85.06	
886.71	45.12	
886.881	75.64	
887.052	92.23	
887.223	117.21	
887.394	58.44	
887.565	131.96	
887.736	69.29	
887.907	96.12	
888.077	87.93	
888.248	88.54	
888.419	20.75	
888.59	40.41	
888.761	50.86	
888.931	74	
889.102	133.39	
889.273	120.08	
889.443	106.56	
889.614	14.81	
889.785	15.22	
889.955	-12.42	
890.126	-13.86	
890.296	59.66	
890.467	106.15	
890.637	193.19	
890.808	217.15	
890.978	264.05	
891.149	224.53	
891.319	306.24	
891.49	243.98	
891.66	245.21	
891.831	208.55	
892.001	238.86	
892.172	94.48	
892.342	81.78	
892.512	57.21	
892.683	114.14	
892.853	59.87	
893.023	127.45	
893.193	85.47	
893.364	102.47	
893.534	65.81	
893.704	141.38	
893.874	154.08	
894.044	188.48	
894.215	161.86	
894.385	200.97	
894.555	155.71	
894.725	201.38	
894.895	149.37	
895.065	177.83	
895.235	149.98	
895.405	216.13	
895.575	145.47	
895.745	212.9	
895.915	238.25	
