177.618	-778.57	
177.836	-784.2	
178.054	-785.12	
178.271	-620.88	
178.489	-376.55	
178.706	-237.7	
178.924	-87.58	
179.142	77.07	
179.359	68.27	
179.577	-60.14	
179.794	-51.13	
180.012	-61.37	
180.229	-115.64	
180.447	-73.45	
180.664	-37	
180.882	-43.55	
181.1	-4.64	
181.317	-10.17	
181.535	-51.13	
181.752	-62.19	
181.969	-17.34	
182.187	-1.57	
182.404	41.44	
182.622	47.58	
182.839	90.59	
183.057	87.11	
183.274	67.04	
183.492	72.57	
183.709	118.44	
183.926	69.7	
184.144	43.08	
184.361	72.98	
184.579	94.89	
184.796	14.81	
185.013	66.42	
185.231	37.75	
185.448	39.39	
185.666	41.44	
185.883	35.09	
186.1	14.4	
186.317	62.94	
186.535	-9.97	
186.752	-27.37	
186.969	30.58	
187.187	111.27	
187.404	27.31	
187.621	136.26	
187.839	160.01	
188.056	128.07	
188.273	45.33	
188.49	138.92	
188.708	80.55	
188.925	104.31	
189.142	102.06	
189.359	88.95	
189.576	38.77	
189.794	24.44	
190.011	-15.09	
190.228	-0.55	
190.445	-10.99	
190.662	51.68	
190.879	50.24	
191.097	40.41	
191.314	62.12	
191.531	89.97	
191.748	3.35	
191.965	22.39	
192.182	11.74	
192.399	-22.66	
192.616	18.3	
192.834	85.06	
193.051	38.37	
193.268	68.27	
193.485	91.82	
193.702	37.96	
193.919	11.13	
194.136	37.14	
194.353	3.35	
194.57	12.97	
194.787	18.3	
195.004	113.53	
195.221	102.88	
195.438	153.87	
195.655	105.33	
195.872	184.18	
196.089	50.24	
196.306	92.43	
196.523	68.06	
196.74	133.6	
196.957	0.07	
197.173	61.92	
197.39	34.47	
197.607	60.89	
197.824	31.61	
198.041	106.36	
198.258	75.64	
198.475	130.32	
198.692	73.18	
198.909	19.52	
199.125	-33.11	
199.342	14.61	
199.559	-15.7	
199.776	37.55	
199.993	136.87	
200.21	163.91	
200.426	98.58	
200.643	96.94	
200.86	86.7	
201.077	74.61	
201.293	63.76	
201.51	95.3	
201.727	-6.69	
201.944	-77.75	
202.16	-87.79	
202.377	-104.79	
202.594	-131	
202.811	-56.46	
203.027	-19.18	
203.244	-56.87	
203.461	-21.23	
203.677	69.29	
203.894	106.36	
204.111	136.26	
204.327	145.06	
204.544	119.06	
204.761	88.54	
204.977	33.04	
205.194	0.89	
205.41	54.95	
205.627	45.53	
205.844	32.02	
206.06	31.2	
206.277	66.63	
206.493	25.05	
206.71	51.88	
206.926	24.03	
207.143	94.27	
207.36	9.9	
207.576	54.13	
207.793	55.98	
208.009	92.64	
208.226	36.52	
208.442	76.87	
208.659	54.95	
208.875	48.4	
209.092	-14.68	
209.308	-27.37	
209.524	-35.98	
209.741	17.07	
209.957	70.11	
210.174	100.01	
210.39	106.97	
210.607	124.38	
210.823	2.32	
211.039	-68.95	
211.256	0.48	
211.472	-43.55	
211.688	2.53	
211.905	60.69	
212.121	67.65	
212.338	7.44	
212.554	69.9	
212.77	26.9	
212.987	32.02	
213.203	96.53	
213.419	130.93	
213.635	108.61	
213.852	91.2	
214.068	69.29	
214.284	4.37	
214.501	28.74	
214.717	16.66	
214.933	60.89	
215.149	0.68	
215.365	-15.5	
215.582	-107.45	
215.798	-63.42	
216.014	-81.65	
216.23	-17.75	
216.447	11.74	
216.663	22.6	
216.879	-42.12	
217.095	-7.71	
217.311	7.03	
217.527	13.18	
217.743	43.28	
217.96	58.44	
218.176	26.69	
218.392	11.74	
218.608	46.76	
218.824	17.07	
219.04	15.22	
219.256	48.2	
219.472	31.4	
219.688	0.27	
219.904	67.04	
220.12	157.15	
220.336	113.73	
220.552	117.42	
220.768	161.86	
220.984	158.99	
221.2	52.29	
221.416	77.48	
221.632	39.39	
221.848	-9.76	
222.064	-87.38	
222.28	-63.21	
222.496	-113.18	
222.712	-12.63	
222.928	-32.29	
223.144	29.56	
223.36	18.3	
223.576	57.21	
223.792	13.99	
224.008	90.18	
224.224	97.14	
224.439	151.62	
224.655	125.81	
224.871	147.32	
225.087	85.47	
225.303	22.6	
225.519	11.33	
225.734	75.23	
225.95	53.52	
226.166	87.52	
226.382	103.9	
226.598	88.75	
226.813	82.6	
227.029	46.35	
227.245	24.03	
227.461	37.34	
227.677	72.57	
227.892	57.82	
228.108	68.68	
228.324	98.17	
228.539	43.08	
228.755	59.66	
228.971	57.21	
229.186	99.19	
229.402	74	
229.618	147.52	
229.833	69.49	
230.049	69.08	
230.265	-8.33	
230.48	71.95	
230.696	61.1	
230.912	84.65	
231.127	74.41	
231.343	137.49	
231.558	15.22	
231.774	52.5	
231.99	142.2	
232.205	142.2	
232.421	86.29	
232.636	109.43	
232.852	43.28	
233.067	-21.03	
233.283	-16.11	
233.498	47.38	
233.714	87.52	
233.929	131.14	
234.145	93.25	
234.36	126.43	
234.576	148.34	
234.791	183.57	
235.007	201.59	
235.222	285.35	
235.438	236.4	
235.653	298.87	
235.868	245.41	
236.084	260.57	
236.299	270.81	
236.515	301.53	
236.73	181.52	
236.945	195.85	
237.161	139.74	
237.376	67.65	
237.592	54.75	
237.807	77.69	
238.022	64.37	
238.238	80.96	
238.453	33.25	
238.668	43.89	
238.883	-25.53	
239.099	-27.58	
239.314	-63.42	
239.529	-5.87	
239.745	11.95	
239.96	101.24	
240.175	91.82	
240.39	192.17	
240.605	194.01	
240.821	146.5	
241.036	129.09	
241.251	202.2	
241.466	101.85	
241.681	89.36	
241.897	111.27	
242.112	150.18	
242.327	74.82	
242.542	125.81	
242.757	147.52	
242.972	146.5	
243.188	72.36	
243.403	96.32	
243.618	81.99	
243.833	65.4	
244.048	83.63	
244.263	120.08	
244.478	102.88	
244.693	76.05	
244.908	92.02	
245.123	68.06	
245.338	117.01	
245.553	141.38	
245.768	123.15	
245.983	110.04	
246.198	73.8	
246.413	42.26	
246.628	41.03	
246.843	36.32	
247.058	34.06	
247.273	45.53	
247.488	23.42	
247.703	56.59	
247.918	71.13	
248.133	98.99	
248.348	86.9	
248.563	135.64	
248.778	74.82	
248.993	103.7	
249.207	149.16	
249.422	166.77	
249.637	46.76	
249.852	41.03	
250.067	8.67	
250.282	-56.66	
250.496	-83.69	
250.711	34.06	
250.926	30.17	
251.141	82.19	
251.356	77.89	
251.57	139.33	
251.785	98.78	
252	87.11	
252.215	58.84	
252.43	84.85	
252.644	101.44	
252.859	109.02	
253.074	121.72	
253.288	119.26	
253.503	78.1	
253.718	98.37	
253.932	191.55	
254.147	214.49	
254.362	213.06	
254.576	228.83	
254.791	173.33	
255.006	85.67	
255.22	104.72	
255.435	118.44	
255.65	156.94	
255.864	185	
256.079	139.53	
256.293	139.94	
256.508	121.51	
256.723	182.95	
256.937	97.76	
257.152	91	
257.366	60.07	
257.581	38.16	
257.795	-56.05	
258.01	62.12	
258.224	117.83	
258.439	122.74	
258.653	129.5	
258.868	146.91	
259.082	79.53	
259.297	31.2	
259.511	1.3	
259.726	-13.86	
259.94	-40.07	
260.154	-75.71	
260.369	-54.41	
260.583	-22.46	
260.798	-52.36	
261.012	-18.77	
261.226	35.09	
261.441	69.7	
261.655	64.37	
261.869	152.64	
262.084	122.95	
262.298	93.87	
262.512	12.97	
262.727	-4.44	
262.941	6.62	
263.155	3.96	
263.37	-5.05	
263.584	79.94	
263.798	87.11	
264.012	108.61	
264.227	97.96	
264.441	171.48	
264.655	93.05	
264.869	174.15	
265.084	90.38	
265.298	118.44	
265.512	45.74	
265.726	111.07	
265.94	42.05	
266.155	96.94	
266.369	90.79	
266.583	167.18	
266.797	153.26	
267.011	216.54	
267.225	238.45	
267.439	248.69	
267.654	169.64	
267.868	145.68	
268.082	35.91	
268.296	-81.24	
268.51	-159.06	
268.724	-104.79	
268.938	-141.65	
269.152	-85.74	
269.366	-33.72	
269.58	33.65	
269.794	-5.46	
270.008	104.51	
270.222	93.87	
270.436	110.45	
270.65	79.53	
270.864	114.55	
271.078	53.52	
271.292	66.42	
271.506	97.76	
271.72	136.87	
271.934	156.12	
272.148	134.62	
272.362	132.57	
272.575	153.67	
272.789	151.41	
273.003	109.84	
273.217	155.3	
273.431	111.68	
273.645	57.82	
273.859	94.48	
274.073	158.58	
274.286	156.53	
274.5	190.94	
274.714	165.95	
274.928	156.33	
275.142	103.49	
275.355	79.53	
275.569	117.01	
275.783	160.01	
275.997	112.3	
276.21	130.32	
276.424	185.82	
276.638	118.24	
276.852	121.51	
277.065	131.34	
277.279	143.43	
277.493	101.03	
277.706	187.87	
277.92	202.41	
278.134	146.7	
278.347	88.13	
278.561	51.27	
278.775	19.73	
278.988	-16.93	
279.202	66.01	
279.415	132.16	
279.629	143.43	
279.843	136.05	
280.056	241.93	
280.27	245.01	
280.483	168.21	
280.697	177.22	
280.91	214.08	
281.124	214.29	
281.337	172.51	
281.551	259.55	
281.764	228.21	
281.978	196.47	
282.191	76.66	
282.405	122.33	
282.618	30.17	
282.832	66.22	
283.045	25.05	
283.259	77.89	
283.472	38.16	
283.686	74.2	
283.899	50.65	
284.112	69.9	
284.326	78.92	
284.539	105.74	
284.752	117.62	
284.966	154.89	
285.179	204.87	
285.393	204.46	
285.606	153.26	
285.819	187.66	
286.033	118.65	
286.246	166.36	
286.459	112.09	
286.672	148.96	
286.886	77.89	
287.099	178.45	
287.312	20.75	
287.525	33.86	
287.739	17.27	
287.952	81.37	
288.165	86.9	
288.378	149.98	
288.592	170.25	
288.805	167.39	
289.018	166.77	
289.231	110.45	
289.444	144.04	
289.657	86.7	
289.871	79.73	
290.084	11.74	
290.297	96.53	
290.51	55.36	
290.723	68.47	
290.936	143.22	
291.149	159.61	
291.362	143.63	
291.575	120.69	
291.789	144.04	
292.002	92.43	
292.215	120.69	
292.428	1.71	
292.641	57.21	
292.854	58.23	
293.067	32.63	
293.28	10.72	
293.493	54.54	
293.706	-19.8	
293.919	31.61	
294.132	11.74	
294.345	12.15	
294.558	2.53	
294.77	30.99	
294.983	-29.01	
295.196	49.63	
295.409	99.39	
295.622	169.03	
295.835	211.42	
296.048	267.33	
296.261	241.93	
296.474	236.2	
296.686	185	
296.899	185	
297.112	170.87	
297.325	159.61	
297.538	174.56	
297.751	199.34	
297.963	224.12	
298.176	222.07	
298.389	202.61	
298.602	189.91	
298.814	296	
299.027	249.72	
299.24	226.57	
299.453	299.28	
299.665	250.74	
299.878	104.72	
300.091	86.7	
300.303	91	
300.516	31.61	
300.729	39.59	
300.941	79.12	
301.154	25.26	
301.367	2.32	
301.579	38.57	
301.792	66.22	
302.005	31.4	
302.217	64.78	
302.43	94.48	
302.642	34.88	
302.855	-10.17	
303.067	-22.05	
303.28	40.21	
303.493	-30.86	
303.705	81.17	
303.918	116.8	
304.13	190.32	
304.343	141.58	
304.555	220.22	
304.768	143.84	
304.98	185	
305.193	100.21	
305.405	134.42	
305.617	67.45	
305.83	88.13	
306.042	18.09	
306.255	44.71	
306.467	5.8	
306.68	13.18	
306.892	-18.36	
307.104	13.79	
307.317	-3.62	
307.529	74.2	
307.741	112.91	
307.954	152.03	
308.166	143.63	
308.378	217.15	
308.591	189.71	
308.803	220.63	
309.015	216.33	
309.228	258.73	
309.44	179.27	
309.652	154.08	
309.864	86.9	
310.077	29.56	
310.289	-35.57	
310.501	-4.03	
310.713	4.98	
310.926	57.41	
311.138	29.56	
311.35	68.88	
311.562	26.69	
311.774	57.82	
311.986	9.28	
312.199	121.1	
312.411	42.46	
312.623	79.53	
312.835	-13.86	
313.047	-3.82	
313.259	-51.13	
313.471	-6.69	
313.683	-19.39	
313.895	33.86	
314.108	16.04	
314.32	17.89	
314.532	-16.93	
314.744	1.71	
314.956	56.18	
315.168	93.25	
315.38	41.23	
315.592	117.42	
315.804	112.71	
316.016	164.11	
316.228	181.72	
316.44	231.49	
316.651	222.89	
316.863	219.82	
317.075	115.78	
317.287	41.03	
317.499	30.99	
317.711	-6.89	
317.923	7.85	
318.135	-22.66	
318.347	33.86	
318.559	108.82	
318.77	165.13	
318.982	140.15	
319.194	150.18	
319.406	131.96	
319.618	35.29	
319.83	-40.28	
320.041	-27.99	
320.253	-18.57	
320.465	-34.54	
320.677	-24.3	
320.888	-14.06	
321.1	-18.36	
321.312	72.57	
321.524	98.99	
321.735	91.82	
321.947	74.2	
322.159	45.53	
322.37	-63.01	
322.582	-60.55	
322.794	1.71	
323.005	48.81	
323.217	81.99	
323.429	74.82	
323.64	118.65	
323.852	54.95	
324.063	21.78	
324.275	55.16	
324.487	115.16	
324.698	49.01	
324.91	96.32	
325.121	76.46	
325.333	-1.57	
325.544	-19.59	
325.756	30.17	
325.967	-20.62	
326.179	49.22	
326.39	94.48	
326.602	105.95	
326.813	25.87	
327.025	57.41	
327.236	-5.05	
327.448	-32.7	
327.659	-108.47	
327.871	-57.07	
328.082	-68.13	
328.293	-11.4	
328.505	40	
328.716	89.15	
328.928	45.53	
329.139	104.51	
329.35	74.61	
329.562	75.43	
329.773	100.42	
329.984	138.72	
330.196	92.23	
330.407	141.38	
330.618	85.67	
330.83	59.87	
331.041	77.89	
331.252	68.27	
331.463	21.57	
331.675	94.07	
331.886	142.81	
332.097	134.62	
332.308	132.98	
332.52	133.8	
332.731	99.39	
332.942	93.46	
333.153	114.96	
333.364	102.47	
333.575	81.78	
333.787	114.14	
333.998	32.63	
334.209	60.48	
334.42	40.82	
334.631	56.39	
334.842	37.55	
335.053	100.83	
335.264	40.62	
335.475	73.59	
335.686	76.05	
335.898	66.83	
336.109	13.18	
336.32	27.51	
336.531	16.04	
336.742	24.03	
336.953	-10.17	
337.164	2.53	
337.375	-44.17	
337.586	-50.72	
337.797	-101.1	
338.007	-44.17	
338.218	-69.56	
338.429	-27.99	
338.64	-34.13	
338.851	5.39	
339.062	-36.39	
339.273	59.05	
339.484	14.81	
339.695	-13.04	
339.906	4.78	
340.116	54.95	
340.327	12.77	
340.538	52.09	
340.749	80.96	
340.96	52.7	
341.171	-4.44	
341.381	-7.3	
341.592	3.35	
341.803	13.58	
342.014	34.06	
342.224	77.69	
342.435	69.08	
342.646	26.69	
342.857	-1.77	
343.067	-30.86	
343.278	-15.91	
343.489	-13.45	
343.699	11.33	
343.91	43.49	
344.121	41.64	
344.331	-14.88	
344.542	-34.34	
344.753	25.67	
344.963	36.93	
345.174	78.3	
345.384	135.23	
345.595	200.56	
345.806	149.16	
346.016	104.11	
346.227	103.49	
346.437	107.38	
346.648	63.76	
346.858	80.14	
347.069	72.36	
347.279	66.01	
347.49	-2.8	
347.7	3.55	
347.911	-66.9	
348.121	-38.43	
348.332	-37.41	
348.542	-60.35	
348.753	-82.87	
348.963	-13.04	
349.173	2.73	
349.384	46.97	
349.594	141.38	
349.805	203.64	
350.015	133.39	
350.225	138.92	
350.436	127.66	
350.646	131.96	
350.856	79.32	
351.067	116.6	
351.277	47.79	
351.487	-13.86	
351.698	-100.28	
351.908	-85.54	
352.118	-73.04	
352.328	-37.2	
352.539	39.8	
352.749	61.1	
352.959	41.44	
353.169	42.67	
353.38	45.53	
353.59	40.82	
353.8	69.9	
354.01	91.41	
354.22	86.7	
354.431	188.07	
354.641	130.73	
354.851	125.81	
355.061	126.02	
355.271	180.9	
355.481	87.93	
355.691	101.85	
355.901	77.69	
356.111	88.75	
356.321	45.94	
356.532	52.91	
356.742	12.36	
356.952	13.79	
357.162	-12.01	
357.372	-21.23	
357.582	-39.87	
357.792	-51.75	
358.002	-78.16	
358.212	-14.27	
358.422	2.53	
358.632	-5.87	
358.842	10.72	
359.051	89.36	
359.261	24.64	
359.471	6.42	
359.681	55.57	
359.891	47.99	
360.101	-31.88	
360.311	-40.28	
360.521	-55.64	
360.731	-56.25	
360.94	-26.56	
361.15	23.21	
361.36	41.03	
361.57	59.66	
361.78	49.42	
361.989	52.09	
362.199	44.51	
362.409	67.65	
362.619	43.28	
362.828	152.23	
363.038	148.55	
363.248	163.09	
363.458	160.63	
363.667	175.17	
363.877	79.32	
364.087	92.23	
364.296	73.59	
364.506	86.7	
364.716	84.65	
364.925	29.15	
365.135	-18.16	
365.345	-26.56	
365.554	-57.48	
365.764	23.01	
365.973	50.65	
366.183	140.76	
366.393	162.06	
366.602	188.48	
366.812	55.77	
367.021	112.5	
367.231	0.68	
367.44	-19.8	
367.65	-23.28	
367.859	52.7	
368.069	-9.76	
368.278	74.61	
368.488	83.83	
368.697	12.77	
368.907	-44.78	
369.116	80.14	
369.326	29.15	
369.535	27.72	
369.744	107.38	
369.954	145.06	
370.163	38.37	
370.373	65.19	
370.582	60.69	
370.791	18.3	
371.001	-25.12	
371.21	-23.48	
371.419	-56.46	
371.629	-78.37	
371.838	-76.53	
372.047	21.78	
372.256	-8.33	
372.466	26.9	
372.675	-4.23	
372.884	-9.97	
373.093	-105.61	
373.303	-20.82	
373.512	-43.55	
373.721	16.86	
373.93	-21.85	
374.139	83.01	
374.349	16.25	
374.558	77.48	
374.767	16.04	
374.976	49.22	
375.185	20.14	
375.394	3.55	
375.603	-12.22	
375.813	22.19	
376.022	25.05	
376.231	-31.68	
376.44	-26.76	
376.649	-27.99	
376.858	-6.89	
377.067	5.39	
377.276	69.9	
377.485	131.75	
377.694	139.74	
377.903	152.44	
378.112	119.46	
378.321	125.61	
378.53	100.62	
378.739	104.92	
378.948	93.46	
379.157	141.58	
379.366	159.81	
379.575	174.15	
379.784	137.49	
379.992	151.21	
380.201	205.07	
380.41	180.7	
380.619	163.5	
380.828	201.38	
381.037	185	
381.246	89.56	
381.454	35.5	
381.663	112.3	
381.872	91.82	
382.081	199.95	
382.29	277.16	
382.498	359.69	
382.707	375.05	
382.916	439.97	
383.125	334.09	
383.333	336.75	
383.542	344.54	
383.751	319.55	
383.959	362.15	
384.168	398.6	
384.377	469.05	
384.585	461.27	
384.794	444.89	
385.003	420.52	
385.211	476.02	
385.42	423.18	
385.628	465.98	
385.837	542.78	
386.046	618.15	
386.254	694.94	
386.463	752.7	
386.671	860.01	
386.88	871.68	
387.088	879.47	
387.297	897.08	
387.505	936.6	
387.714	878.65	
387.922	903.43	
388.131	923.91	
388.339	946.84	
388.548	932.3	
388.756	980.02	
388.965	1021.8	
389.173	997.63	
389.381	1042.48	
389.59	1123.58	
389.798	1184	
390.007	1239.09	
390.215	1333.71	
390.423	1449.21	
390.632	1534	
390.84	1653.6	
391.048	1683.7	
391.257	1760.5	
391.465	1722.61	
391.673	1769.51	
391.882	1782.62	
392.09	1831.57	
392.298	1877.85	
392.506	1944.2	
392.715	2030.01	
392.923	2142.86	
393.131	2268.6	
393.339	2357.49	
393.547	2408.27	
393.756	2478.72	
393.964	2487.12	
394.172	2557.57	
394.38	2610.82	
394.588	2783.46	
394.796	2843.67	
395.005	2921.91	
395.213	2991.74	
395.421	3112.37	
395.629	3111.34	
395.837	3193.06	
396.045	3322.49	
396.253	3426.52	
396.461	3530.15	
396.669	3707.92	
396.877	3867.86	
397.085	4001.39	
397.293	4137.58	
397.501	4233.42	
397.709	4341.56	
397.917	4457.27	
398.125	4599.81	
398.333	4774.91	
398.541	4907	
398.749	5075.96	
398.957	5204.37	
399.165	5323.35	
399.373	5500.09	
399.581	5732.95	
399.788	5965.8	
399.996	6149.5	
400.204	6403.25	
400.412	6556.23	
400.62	6721.09	
400.828	6907.66	
401.035	7210.97	
401.243	7451.6	
401.451	7743.03	
401.659	7999.84	
401.867	8256.45	
402.074	8466.58	
402.282	8689.39	
402.49	8841.97	
402.697	9207.33	
402.905	9405.77	
403.113	9646.62	
403.321	9784.24	
403.528	9981.87	
403.736	9986.37	
403.944	10081.81	
404.151	10133.01	
404.359	10192.6	
404.566	10227.42	
404.774	10349.07	
404.982	10409.48	
405.189	10535.84	
405.397	10663.02	
405.604	10840.58	
405.812	10994.59	
406.02	11116.24	
406.227	11295.03	
406.435	11484.05	
406.642	11605.5	
406.85	11702.37	
407.057	11888.53	
407.265	11939.93	
407.472	12041.51	
407.679	12096.4	
407.887	12138.79	
408.094	12135.92	
408.302	12062.6	
408.509	12002.19	
408.717	12004.24	
408.924	11878.29	
409.131	11748.45	
409.339	11628.03	
409.546	11407.87	
409.753	11115.83	
409.961	10903.04	
410.168	10636.6	
410.375	10399.04	
410.583	10112.53	
410.79	9894.21	
410.997	9606.48	
411.205	9349.66	
411.412	9068.68	
411.619	8856.51	
411.826	8567.13	
412.034	8353.94	
412.241	8090.57	
412.448	7821.47	
412.655	7489.9	
412.862	7245.58	
413.07	6908.07	
413.277	6596.37	
413.484	6320.71	
413.691	6153.8	
413.898	5859.72	
414.105	5639.36	
414.312	5482.89	
414.519	5336.46	
414.727	5171.8	
414.934	5116.1	
415.141	5032.75	
415.348	4986.67	
415.555	4838.8	
415.762	4708.76	
415.969	4521.37	
416.176	4435.15	
416.383	4301.62	
416.59	4184.27	
416.797	4058.12	
417.004	4020.44	
417.211	3912.1	
417.418	3824.04	
417.625	3795.98	
417.831	3735.77	
418.038	3666.96	
418.245	3609.61	
418.452	3494.52	
418.659	3378.19	
418.866	3295.86	
419.073	3174.83	
419.28	3033.31	
419.486	3045.19	
419.693	2954.88	
419.9	2911.67	
420.107	2882.58	
420.314	2892.82	
420.52	2803.12	
420.727	2861.49	
420.934	2793.91	
421.141	2705.23	
421.347	2621.47	
421.554	2542.01	
421.761	2371.82	
421.967	2365.06	
422.174	2395.78	
422.381	2373.25	
422.588	2309.97	
422.794	2303.01	
423.001	2342.33	
423.207	2253.45	
423.414	2190.37	
423.621	2146.34	
423.827	2156.17	
424.034	2041.48	
424.24	1995.2	
424.447	1922.7	
424.654	1829.11	
424.86	1725.89	
425.067	1604.24	
425.273	1514.95	
425.48	1543.01	
425.686	1541.57	
425.893	1494.88	
426.099	1435.9	
426.306	1403.75	
426.512	1291.52	
426.718	1249.53	
426.925	1151.85	
427.131	1076.89	
427.338	1004.6	
427.544	920.63	
427.75	809.02	
427.957	737.13	
428.163	709.08	
428.37	676.31	
428.576	651.12	
428.782	611.59	
428.988	662.79	
429.195	631.05	
429.401	581.08	
429.607	557.12	
429.814	614.25	
430.02	550.36	
430.226	500.18	
430.432	492.4	
430.639	507.96	
430.845	480.52	
431.051	494.86	
431.257	532.34	
431.463	504.69	
431.67	425.43	
431.876	353.55	
432.082	301.94	
432.288	314.23	
432.494	301.32	
432.7	347.81	
432.906	347.2	
433.112	343.92	
433.318	350.48	
433.525	377.3	
433.731	343.92	
433.937	390.62	
434.143	391.23	
434.349	347.81	
434.555	345.97	
434.761	333.89	
434.967	250.13	
435.173	252.79	
435.379	256.27	
435.585	284.12	
435.791	297.02	
435.996	388.77	
436.202	405.36	
436.408	354.57	
436.614	312.38	
436.82	329.79	
437.026	240.7	
437.232	214.7	
437.438	206.5	
437.644	119.67	
437.849	80.76	
438.055	83.83	
438.261	51.47	
438.467	11.95	
438.673	56.39	
438.878	-5.87	
439.084	-2.18	
439.29	52.7	
439.496	96.12	
439.701	124.38	
439.907	136.05	
440.113	120.08	
440.318	83.63	
440.524	59.66	
440.73	50.65	
440.935	75.64	
441.141	53.11	
441.347	133.19	
441.552	119.26	
441.758	114.34	
441.964	61.51	
442.169	104.72	
442.375	2.12	
442.58	52.09	
442.786	88.75	
442.991	114.55	
443.197	32.84	
443.402	76.05	
443.608	74	
443.813	114.96	
444.019	156.33	
444.224	212.24	
444.43	137.9	
444.635	158.79	
444.841	56.59	
445.046	116.19	
445.252	78.51	
445.457	111.07	
445.662	35.29	
445.868	38.57	
446.073	-42.53	
446.278	-43.55	
446.484	-59.73	
446.689	-48.26	
446.894	-62.8	
447.1	-74.48	
447.305	8.67	
447.51	48.81	
447.716	27.72	
447.921	34.27	
448.126	68.68	
448.331	-24.1	
448.537	-42.94	
448.742	10.1	
448.947	-30.86	
449.152	-73.04	
449.357	-4.44	
449.563	18.3	
449.768	-17.13	
449.973	6.42	
450.178	57	
450.383	-21.23	
450.588	-46.42	
450.793	-23.89	
450.999	50.24	
451.204	-4.85	
451.409	21.57	
451.614	13.79	
451.819	11.74	
452.024	-50.11	
452.229	-38.23	
452.434	26.9	
452.639	4.37	
452.844	34.06	
453.049	-18.77	
453.254	-51.54	
453.459	-81.85	
453.664	-37.41	
453.869	-65.47	
454.074	4.57	
454.279	52.29	
454.483	-11.61	
454.688	-46.01	
454.893	16.04	
455.098	1.09	
455.303	-23.48	
455.508	31.2	
455.713	38.57	
455.917	-47.44	
456.122	-4.44	
456.327	-25.53	
456.532	15.02	
456.737	-33.93	
456.941	-1.98	
457.146	-53.59	
457.351	-34.34	
457.555	-70.79	
457.76	-8.33	
457.965	-5.87	
458.17	27.72	
458.374	78.51	
458.579	94.89	
458.784	57.62	
458.988	41.23	
459.193	16.86	
459.397	-12.63	
459.602	-40.28	
459.807	62.74	
460.011	46.76	
460.216	51.47	
460.42	-1.57	
460.625	-43.35	
460.829	-100.69	
461.034	-112.37	
461.239	-133.25	
461.443	-83.28	
461.648	-44.58	
461.852	-87.38	
462.056	-10.79	
462.261	-1.37	
462.465	76.05	
462.67	72.77	
462.874	85.47	
463.079	24.85	
463.283	38.57	
463.487	-29.22	
463.692	-9.56	
463.896	-38.23	
464.1	-44.99	
464.305	-70.79	
464.509	-101.1	
464.713	-101.92	
464.918	-9.35	
465.122	48.2	
465.326	31.2	
465.531	18.91	
465.735	-18.77	
465.939	-67.51	
466.143	-97.82	
466.348	-79.6	
466.552	-100.9	
466.756	-56.87	
466.96	-15.7	
467.164	-12.22	
467.368	4.57	
467.573	62.53	
467.777	24.03	
467.981	-24.1	
468.185	-53.59	
468.389	-41.92	
468.593	-120.15	
468.797	-144.52	
469.001	-128.13	
469.205	-116.46	
469.409	-113.8	
469.613	-57.48	
469.817	-29.83	
470.021	-21.64	
470.225	-7.71	
470.429	-37	
470.633	-27.17	
470.837	-11.2	
471.041	-23.69	
471.245	-81.44	
471.449	-61.58	
471.653	-62.19	
471.857	-24.92	
472.061	-67.92	
472.265	-43.14	
472.469	-34.95	
472.673	-74.68	
472.876	-115.23	
473.08	-87.58	
473.284	-22.66	
473.488	-38.64	
473.692	46.76	
473.895	89.56	
474.099	130.73	
474.303	118.24	
474.507	150.39	
474.71	114.75	
474.914	58.23	
475.118	26.28	
475.322	30.38	
475.525	-52.77	
475.729	-50.11	
475.933	-41.3	
476.136	74	
476.34	74.41	
476.543	149.98	
476.747	142.2	
476.951	162.88	
477.154	33.65	
477.358	65.4	
477.561	34.27	
477.765	31.81	
477.969	0.68	
478.172	4.57	
478.376	-52.36	
478.579	-32.49	
478.783	-47.04	
478.986	-19.18	
479.19	-12.01	
479.393	15.43	
479.596	26.49	
479.8	66.63	
480.003	56.39	
480.207	61.1	
480.41	25.26	
480.614	18.5	
480.817	-32.29	
481.02	47.58	
481.224	97.76	
481.427	134.21	
481.63	169.84	
481.834	211.01	
482.037	95.71	
482.24	60.69	
482.443	31.4	
482.647	-31.88	
482.85	-60.35	
483.053	13.79	
483.256	-58.71	
483.46	-12.01	
483.663	4.98	
483.866	42.05	
484.069	-1.57	
484.272	28.74	
484.476	-15.09	
484.679	14.61	
484.882	52.7	
485.085	27.72	
485.288	25.26	
485.491	71.34	
485.694	4.37	
485.897	-37.82	
486.101	-21.84	
486.304	41.03	
486.507	-34.34	
486.71	0.07	
486.913	-26.35	
487.116	-40.07	
487.319	-76.73	
487.522	-36.59	
487.725	18.09	
487.928	32.63	
488.13	40.41	
488.333	53.52	
488.536	46.76	
488.739	-7.92	
488.942	20.55	
489.145	29.97	
489.348	30.38	
489.551	30.79	
489.754	47.99	
489.956	-2.39	
490.159	-9.56	
490.362	-49.08	
490.565	-83.9	
490.768	-115.23	
490.97	-21.23	
491.173	-0.34	
491.376	11.13	
491.579	23.21	
491.781	61.1	
491.984	-29.22	
492.187	-26.35	
492.39	-37.41	
492.592	-38.23	
492.795	-15.09	
492.998	-27.58	
493.2	-53.18	
493.403	-24.51	
493.605	63.96	
493.808	-5.26	
494.011	-19.59	
494.213	-10.58	
494.416	9.28	
494.618	-91.27	
494.821	-103.35	
495.023	-23.07	
495.226	-2.39	
495.428	-10.58	
495.631	40.21	
495.833	107.59	
496.036	77.28	
496.238	39.18	
496.441	56.59	
496.643	31.2	
496.846	-25.33	
497.048	-47.04	
497.25	18.7	
497.453	2.73	
497.655	95.5	
497.858	175.17	
498.06	221.66	
498.262	141.17	
498.465	142.4	
498.667	89.36	
498.869	64.99	
499.071	28.33	
499.274	92.84	
499.476	80.14	
499.678	36.93	
499.881	6.83	
500.083	16.04	
500.285	-39.46	
500.487	-9.35	
500.689	-5.26	
500.892	-37.82	
501.094	-91.89	
501.296	-34.75	
501.498	-68.74	
501.7	-92.7	
501.902	-36.18	
502.104	18.91	
502.306	-30.86	
502.509	-26.76	
502.711	-26.35	
502.913	-46.63	
503.115	-94.75	
503.317	-70.59	
503.519	-97.62	
503.721	-43.76	
503.923	55.57	
504.125	79.53	
504.327	114.55	
504.529	170.66	
504.731	141.99	
504.933	82.4	
505.134	75.02	
505.336	64.78	
505.538	59.25	
505.74	29.35	
505.942	-47.65	
506.144	-46.42	
506.346	-73.25	
506.548	-33.31	
506.749	-1.77	
506.951	53.32	
507.153	55.57	
507.355	41.64	
507.557	8.06	
507.758	21.16	
507.96	-30.45	
508.162	3.14	
508.363	24.23	
508.565	1.91	
508.767	-44.17	
508.969	5.39	
509.17	23.01	
509.372	27.1	
509.574	-12.42	
509.775	25.87	
509.977	-14.88	
510.178	-14.47	
510.38	-36.18	
510.582	3.14	
510.783	-53.38	
510.985	-39.46	
511.186	-104.58	
511.388	-44.99	
511.589	-30.24	
511.791	-16.52	
511.992	-23.69	
512.194	21.98	
512.395	-79.19	
512.597	-74.68	
512.798	-61.99	
513	-36.18	
513.201	-20.62	
513.403	86.08	
513.604	66.63	
513.805	82.81	
514.007	68.06	
514.208	-16.52	
514.409	-76.12	
514.611	-80.42	
514.812	-44.99	
515.013	10.1	
515.215	66.22	
515.416	44.3	
515.617	14.61	
515.819	-60.14	
516.02	-137.96	
516.221	-112.98	
516.422	-95.98	
516.623	-79.8	
516.825	-56.46	
517.026	-26.76	
517.227	-98.64	
517.428	-128.95	
517.629	-98.85	
517.83	-63.01	
518.032	-52.97	
518.233	6.62	
518.434	38.77	
518.635	58.03	
518.836	27.31	
519.037	1.3	
519.238	-12.22	
519.439	-8.12	
519.64	-59.32	
519.841	-30.24	
520.042	-21.85	
520.243	-26.76	
520.444	-40.69	
520.645	-39.46	
520.846	-63.83	
521.047	-31.88	
521.248	-56.25	
521.449	-16.32	
521.65	-8.53	
521.851	71.13	
522.052	-0.75	
522.252	45.12	
522.453	49.83	
522.654	24.44	
522.855	-53.79	
523.056	-50.52	
523.257	-72.23	
523.457	-86.97	
523.658	-60.76	
523.859	-67.92	
524.06	-67.51	
524.26	-103.15	
524.461	-99.26	
524.662	-91.68	
524.862	-114.21	
525.063	-57.48	
525.264	-1.57	
525.464	-35.36	
525.665	-18.98	
525.866	108	
526.066	55.57	
526.267	34.68	
526.468	35.7	
526.668	18.09	
526.869	-71.61	
527.069	-51.13	
527.27	-33.11	
527.47	33.45	
527.671	18.3	
527.871	0.68	
528.072	39.39	
528.272	38.37	
528.473	28.74	
528.673	104.92	
528.874	125.2	
529.074	128.48	
529.275	128.68	
529.475	116.8	
529.675	13.58	
529.876	20.34	
530.076	-41.51	
530.277	-66.49	
530.477	-78.57	
530.677	-69.36	
530.878	-101.72	
531.078	-8.94	
531.278	-25.94	
531.478	-40.28	
531.679	-34.13	
531.879	-31.27	
532.079	-93.73	
532.28	-43.35	
532.48	-76.12	
532.68	-62.8	
532.88	-43.76	
533.08	-33.93	
533.28	-59.12	
533.481	-36.39	
533.681	-31.88	
533.881	-17.95	
534.081	-22.05	
534.281	-3.62	
534.481	15.02	
534.681	56.8	
534.881	78.1	
535.081	58.64	
535.281	27.1	
535.481	80.76	
535.682	44.3	
535.882	0.27	
536.082	39.39	
536.281	41.23	
536.481	23.01	
536.681	29.35	
536.881	25.87	
537.081	-12.42	
537.281	-0.14	
537.481	-66.08	
537.681	-84.31	
537.881	-109.91	
538.081	-43.14	
538.281	-48.26	
538.48	-62.8	
538.68	-51.75	
538.88	39.8	
539.08	20.14	
539.28	16.25	
539.479	105.54	
539.679	97.55	
539.879	27.92	
540.079	0.07	
540.278	21.16	
540.478	-67.72	
540.678	-83.49	
540.877	-29.42	
541.077	-58.5	
541.277	-71.61	
541.476	33.65	
541.676	71.54	
541.876	84.44	
542.075	112.09	
542.275	93.46	
542.474	40.62	
542.674	30.17	
542.874	-26.96	
543.073	-48.06	
543.273	-21.44	
543.472	6.42	
543.672	2.32	
543.871	-13.45	
544.071	3.14	
544.27	79.53	
544.47	20.55	
544.669	46.76	
544.868	68.06	
545.068	71.54	
545.267	-20.82	
545.467	76.25	
545.666	21.16	
545.865	47.58	
546.065	20.75	
546.264	19.73	
546.463	-58.91	
546.663	-15.7	
546.862	-29.01	
547.061	-0.14	
547.261	18.09	
547.46	61.92	
547.659	30.99	
547.858	90.38	
548.058	114.96	
548.257	145.47	
548.456	105.13	
548.655	129.7	
548.854	72.36	
549.053	102.06	
549.253	60.48	
549.452	52.29	
549.651	93.25	
549.85	164.72	
550.049	109.23	
550.248	102.06	
550.447	135.23	
550.646	120.49	
550.845	81.99	
551.044	85.06	
551.243	81.58	
551.442	70.52	
551.641	55.36	
551.84	75.64	
552.039	107.18	
552.238	134.82	
552.437	112.09	
552.636	101.24	
552.835	51.47	
553.034	53.73	
553.233	55.16	
553.432	51.68	
553.63	53.52	
553.829	62.74	
554.028	-10.58	
554.227	-13.04	
554.426	12.36	
554.625	36.52	
554.823	11.74	
555.022	86.29	
555.221	121.72	
555.42	96.53	
555.618	113.94	
555.817	120.08	
556.016	77.07	
556.214	70.93	
556.413	89.77	
556.612	66.01	
556.81	69.7	
557.009	72.16	
557.208	26.69	
557.406	44.92	
557.605	37.14	
557.803	16.66	
558.002	6.62	
558.201	-25.74	
558.399	-46.83	
558.598	-129.98	
558.796	-94.55	
558.995	-80.83	
559.193	-36.39	
559.392	-59.32	
559.59	30.17	
559.789	46.56	
559.987	122.13	
560.185	153.26	
560.384	159.2	
560.582	160.01	
560.781	184.18	
560.979	145.27	
561.177	84.24	
561.376	96.12	
561.574	130.52	
561.772	-4.64	
561.971	46.56	
562.169	66.22	
562.367	37.75	
562.566	-27.99	
562.764	11.54	
562.962	-85.74	
563.16	-112.77	
563.358	-75.09	
563.557	-32.08	
563.755	5.8	
563.953	21.37	
564.151	57	
564.349	85.06	
564.547	79.94	
564.746	66.83	
564.944	37.75	
565.142	39.59	
565.34	-4.44	
565.538	-26.35	
565.736	-8.53	
565.934	-27.37	
566.132	-29.83	
566.33	1.09	
566.528	45.74	
566.726	0.48	
566.924	69.9	
567.122	39.39	
567.32	-2.8	
567.518	-46.22	
567.716	-29.63	
567.914	-44.37	
568.112	-33.93	
568.31	24.64	
568.507	32.02	
568.705	-24.51	
568.903	-27.58	
569.101	19.73	
569.299	44.1	
569.497	58.44	
569.694	135.64	
569.892	126.43	
570.09	124.79	
570.288	49.83	
570.486	38.98	
570.683	65.6	
570.881	35.5	
571.079	-26.56	
571.276	-21.03	
571.474	-21.85	
571.672	-82.87	
571.869	-56.46	
572.067	-38.23	
572.265	-18.16	
572.462	12.77	
572.66	71.75	
572.857	101.85	
573.055	145.27	
573.253	126.84	
573.45	73.59	
573.648	70.93	
573.845	32.43	
574.043	7.24	
574.24	-9.97	
574.438	-58.3	
574.635	-81.85	
574.832	-104.58	
575.03	-87.38	
575.227	32.63	
575.425	55.77	
575.622	27.72	
575.82	35.5	
576.017	50.86	
576.214	-24.3	
576.412	32.63	
576.609	13.79	
576.806	-4.44	
577.004	-42.32	
577.201	-46.42	
577.398	-31.88	
577.595	57.62	
577.793	124.58	
577.99	151.21	
578.187	103.08	
578.384	66.63	
578.582	7.24	
578.779	44.1	
578.976	20.14	
579.173	117.42	
579.37	125.61	
579.567	150.39	
579.764	96.53	
579.962	122.54	
580.159	81.99	
580.356	109.43	
580.553	133.19	
580.75	152.03	
580.947	146.7	
581.144	196.67	
581.341	161.86	
581.538	169.44	
581.735	119.67	
581.932	136.67	
582.129	30.58	
582.326	38.16	
582.523	-17.34	
582.72	-22.46	
582.916	-75.09	
583.113	-71.61	
583.31	-90.86	
583.507	-66.7	
583.704	3.75	
583.901	77.28	
584.098	103.7	
584.294	134.62	
584.491	104.92	
584.688	71.13	
584.885	-13.45	
585.082	89.15	
585.278	127.66	
585.475	142.2	
585.672	115.98	
585.868	138.1	
586.065	41.85	
586.262	-59.32	
586.458	-25.33	
586.655	34.47	
586.852	30.79	
587.048	18.7	
587.245	30.38	
587.442	80.35	
587.638	67.04	
587.835	117.83	
588.031	139.13	
588.228	166.77	
588.424	94.27	
588.621	95.71	
588.817	36.73	
589.014	84.65	
589.21	91.61	
589.407	73.18	
589.603	31.2	
589.8	86.9	
589.996	71.34	
590.192	66.01	
590.389	102.47	
590.585	112.71	
590.782	51.27	
590.978	96.73	
591.174	94.68	
591.371	82.81	
591.567	86.29	
591.763	88.95	
591.959	34.68	
592.156	24.64	
592.352	27.31	
592.548	52.91	
592.744	61.71	
592.941	13.58	
593.137	9.08	
593.333	-23.69	
593.529	17.27	
593.725	46.97	
593.922	46.76	
594.118	112.5	
594.314	91	
594.51	67.65	
594.706	16.86	
594.902	85.67	
595.098	42.87	
595.294	66.83	
595.49	-11.81	
595.686	57	
595.882	-24.92	
596.078	21.37	
596.274	47.79	
596.47	109.02	
596.666	82.4	
596.862	78.92	
597.058	69.49	
597.254	99.39	
597.45	70.72	
597.646	100.62	
597.842	131.14	
598.037	166.36	
598.233	145.27	
598.429	191.55	
598.625	118.44	
598.821	101.24	
599.017	11.95	
599.212	39.18	
599.408	48.81	
599.604	42.67	
599.8	58.44	
599.995	49.42	
600.191	19.11	
600.387	-65.26	
600.582	-28.6	
600.778	12.97	
600.974	39.39	
601.169	10.1	
601.365	58.44	
601.561	20.96	
601.756	-48.88	
601.952	-49.7	
602.147	-72.23	
602.343	-75.09	
602.538	-7.51	
602.734	4.37	
602.93	27.31	
603.125	72.16	
603.321	81.99	
603.516	49.22	
603.711	77.69	
603.907	63.96	
604.102	58.03	
604.298	77.28	
604.493	82.19	
604.689	113.12	
604.884	102.67	
605.079	106.36	
605.275	58.64	
605.47	57	
605.665	32.02	
605.861	82.19	
606.056	78.3	
606.251	28.74	
606.447	32.43	
606.642	12.15	
606.837	-58.71	
607.032	-13.65	
607.227	9.49	
607.423	18.91	
607.618	18.91	
607.813	19.93	
608.008	-34.54	
608.203	80.14	
608.398	110.25	
608.594	88.13	
608.789	86.7	
608.984	143.22	
609.179	89.77	
609.374	40.82	
609.569	71.54	
609.764	47.58	
609.959	7.24	
610.154	-5.87	
610.349	30.17	
610.544	24.03	
610.739	64.99	
610.934	81.99	
611.129	120.08	
611.324	123.97	
611.519	162.68	
611.714	197.7	
611.909	146.09	
612.103	172.92	
612.298	157.35	
612.493	152.85	
612.688	144.65	
612.883	211.62	
613.078	115.16	
613.272	170.66	
613.467	153.26	
613.662	166.36	
613.857	190.53	
614.051	251.97	
614.246	169.64	
614.441	160.01	
614.635	54.95	
614.83	-5.46	
615.025	-71.61	
615.219	-73.86	
615.414	-111.55	
615.609	-49.7	
615.803	-71.41	
615.998	26.9	
616.192	53.11	
616.387	79.12	
616.582	144.04	
616.776	196.26	
616.971	131.14	
617.165	97.14	
617.36	60.28	
617.554	13.58	
617.749	37.55	
617.943	39.59	
618.138	73.59	
618.332	115.37	
618.526	83.22	
618.721	32.02	
618.915	72.98	
619.11	63.56	
619.304	9.49	
619.498	19.93	
619.693	72.16	
619.887	14.2	
620.081	-24.92	
620.275	37.34	
620.47	68.68	
620.664	53.52	
620.858	42.05	
621.052	77.28	
621.247	91	
621.441	74.2	
621.635	48.4	
621.829	85.67	
622.023	76.05	
622.218	95.71	
622.412	78.51	
622.606	63.76	
622.8	60.89	
622.994	63.35	
623.188	-13.86	
623.382	-9.56	
623.576	-15.09	
623.77	-50.93	
623.964	-24.51	
624.158	12.97	
624.352	-29.42	
624.546	-9.35	
624.74	42.67	
624.934	18.91	
625.128	32.63	
625.322	73.59	
625.516	65.19	
625.71	7.85	
625.904	-28.4	
626.098	5.39	
626.291	43.69	
626.485	48.4	
626.679	76.05	
626.873	192.37	
627.067	131.55	
627.26	134.21	
627.454	146.5	
627.648	170.46	
627.842	76.66	
628.035	96.12	
628.229	71.13	
628.423	22.19	
628.617	-17.75	
628.81	-27.99	
629.004	-32.49	
629.198	-18.57	
629.391	2.53	
629.585	70.31	
629.778	75.43	
629.972	90.79	
630.166	81.58	
630.359	67.86	
630.553	7.65	
630.746	53.52	
630.94	78.3	
631.133	5.39	
631.327	8.67	
631.52	18.09	
631.714	-35.57	
631.907	-71.61	
632.1	31.4	
632.294	100.21	
632.487	107.79	
632.681	150.39	
632.874	147.73	
633.067	152.85	
633.261	82.4	
633.454	89.56	
633.647	84.65	
633.841	37.55	
634.034	35.29	
634.227	49.83	
634.421	15.43	
634.614	8.87	
634.807	56.8	
635	-40.07	
635.193	6.42	
635.387	5.8	
635.58	-15.29	
635.773	-4.03	
635.966	68.47	
636.159	41.85	
636.352	-10.38	
636.545	-13.45	
636.739	-61.37	
636.932	-85.95	
637.125	-125.47	
637.318	-91.48	
637.511	-27.99	
637.704	-26.56	
637.897	11.13	
638.09	10.72	
638.283	47.17	
638.476	27.92	
638.669	63.15	
638.862	53.73	
639.055	61.1	
639.247	67.65	
639.44	23.62	
639.633	45.74	
639.826	0.27	
640.019	10.51	
640.212	-27.37	
640.405	12.77	
640.597	-41.51	
640.79	-1.16	
640.983	-4.03	
641.176	3.35	
641.368	24.23	
641.561	77.48	
641.754	22.8	
641.947	89.15	
642.139	133.19	
642.332	74.41	
642.525	65.4	
642.717	125.61	
642.91	33.04	
643.103	2.32	
643.295	5.39	
643.488	-14.88	
643.68	-73.25	
643.873	-43.55	
644.065	-50.72	
644.258	-25.53	
644.45	-52.97	
644.643	-28.81	
644.835	-21.23	
645.028	-58.09	
645.22	-95.98	
645.413	-110.11	
645.605	-112.37	
645.798	-134.89	
645.99	-36.8	
646.182	-26.35	
646.375	38.77	
646.567	45.53	
646.76	28.33	
646.952	-8.94	
647.144	-5.87	
647.337	-44.99	
647.529	-35.77	
647.721	45.33	
647.913	28.94	
648.106	32.22	
648.298	22.39	
648.49	5.39	
648.682	-94.34	
648.874	-69.36	
649.067	-64.85	
649.259	-49.29	
649.451	-56.46	
649.643	3.14	
649.835	31.61	
650.027	49.22	
650.219	38.16	
650.411	66.01	
650.603	40	
650.796	29.35	
650.988	36.11	
651.18	91.41	
651.372	119.26	
651.564	107.38	
651.756	44.71	
651.948	29.35	
652.139	-37.61	
652.331	-85.33	
652.523	-46.22	
652.715	-27.37	
652.907	-19.59	
653.099	13.58	
653.291	18.09	
653.483	-7.51	
653.674	30.38	
653.866	12.77	
654.058	-14.06	
654.25	-2.39	
654.442	3.14	
654.633	-78.16	
654.825	-81.24	
655.017	-48.26	
655.209	-76.12	
655.4	-56.46	
655.592	-67.11	
655.784	-17.75	
655.975	-26.35	
656.167	-25.12	
656.359	-55.23	
656.55	12.97	
656.742	-56.46	
656.933	4.16	
657.125	29.56	
657.316	25.05	
657.508	-32.7	
657.7	34.06	
657.891	-49.7	
658.083	-38.02	
658.274	4.98	
658.466	46.15	
658.657	43.28	
658.848	10.51	
659.04	10.92	
659.231	-22.87	
659.423	-22.25	
659.614	-73.04	
659.805	35.91	
659.997	100.83	
660.188	124.79	
660.379	147.32	
660.571	137.49	
660.762	70.93	
660.953	-20.21	
661.145	-24.92	
661.336	-76.12	
661.527	115.57	
661.718	162.47	
661.909	151	
662.101	168.41	
662.292	216.33	
662.483	29.97	
662.674	-4.64	
662.865	28.74	
663.056	-16.93	
663.247	-82.67	
663.439	-35.77	
663.63	-35.16	
663.821	-66.08	
664.012	-21.44	
664.203	60.69	
664.394	60.07	
664.585	100.42	
664.776	85.26	
664.967	72.98	
665.158	46.97	
665.349	94.68	
665.54	41.64	
665.73	111.89	
665.921	33.86	
666.112	33.04	
666.303	-36.8	
666.494	64.37	
666.685	13.38	
666.876	99.39	
667.066	95.09	
667.257	119.67	
667.448	-11.2	
667.639	1.09	
667.83	-28.81	
668.02	-18.77	
668.211	-87.58	
668.402	-24.51	
668.592	-86.56	
668.783	-83.9	
668.974	-81.44	
669.164	-3.82	
669.355	-9.56	
669.546	71.34	
669.736	84.85	
669.927	50.65	
670.117	-51.75	
670.308	-48.06	
670.499	-111.34	
670.689	-108.88	
670.88	-131.62	
671.07	-52.97	
671.261	-67.51	
671.451	4.78	
671.641	-64.44	
671.832	4.78	
672.022	7.03	
672.213	-29.63	
672.403	-72.23	
672.594	29.76	
672.784	28.54	
672.974	19.11	
673.165	2.73	
673.355	13.38	
673.545	24.23	
673.736	60.48	
673.926	4.57	
674.116	87.72	
674.306	47.17	
674.497	-18.98	
674.687	-104.58	
674.877	-84.31	
675.067	-119.53	
675.257	-75.09	
675.448	-70.79	
675.638	-21.23	
675.828	-31.27	
676.018	3.14	
676.208	-2.8	
676.398	23.82	
676.588	-7.1	
676.778	11.95	
676.968	-20.41	
677.158	3.14	
677.348	-46.63	
677.538	-52.36	
677.728	-30.65	
677.918	-24.3	
678.108	-51.75	
678.298	-13.24	
678.488	-27.99	
678.678	-9.35	
678.868	-6.08	
679.058	-11.81	
679.248	-24.1	
679.438	-3	
679.627	-14.68	
679.817	-8.94	
680.007	6.83	
680.197	11.95	
680.387	-6.69	
680.576	13.38	
680.766	-30.86	
680.956	-59.94	
681.146	-12.01	
681.335	-8.74	
681.525	-73.45	
681.715	-32.7	
681.904	0.27	
682.094	-17.13	
682.284	-8.94	
682.473	13.99	
682.663	54.34	
682.852	40.82	
683.042	42.26	
683.231	50.24	
683.421	59.25	
683.61	7.03	
683.8	-14.27	
683.989	-39.66	
684.179	-32.08	
684.368	-82.46	
684.558	-77.96	
684.747	-57.68	
684.937	-93.11	
685.126	-73.25	
685.316	-32.08	
685.505	-78.78	
685.694	-17.34	
685.884	82.4	
686.073	40.41	
686.262	32.84	
686.452	82.81	
686.641	47.58	
686.83	-23.69	
687.019	-22.87	
687.209	-4.85	
687.398	21.16	
687.587	-3.82	
687.776	-9.56	
687.965	-24.92	
688.155	-49.29	
688.344	-110.73	
688.533	-92.09	
688.722	-121.38	
688.911	-14.47	
689.1	62.33	
689.289	138.1	
689.478	138.92	
689.667	181.52	
689.856	20.55	
690.045	-47.85	
690.234	-116.46	
690.423	-65.67	
690.612	-102.53	
690.801	15.43	
690.99	6.62	
691.179	43.89	
691.368	-21.23	
691.557	66.83	
691.746	8.87	
691.935	19.93	
692.124	-21.44	
692.312	-1.37	
692.501	-78.98	
692.69	-35.57	
692.879	-45.19	
693.068	-23.48	
693.256	-33.72	
693.445	39.59	
693.634	-9.97	
693.823	-10.79	
694.011	-13.45	
694.2	-3	
694.389	-72.43	
694.577	-62.6	
694.766	-53.18	
694.955	-53.18	
695.143	-81.85	
695.332	-49.29	
695.52	-57.07	
695.709	-17.13	
695.897	-28.19	
696.086	-44.99	
696.275	-85.54	
696.463	-59.53	
696.652	-114.62	
696.84	-74.89	
697.028	-54.61	
697.217	-30.04	
697.405	-3.62	
697.594	52.7	
697.782	23.21	
697.971	19.32	
698.159	16.86	
698.347	29.97	
698.536	15.84	
698.724	53.52	
698.912	46.56	
699.1	51.47	
699.289	63.56	
699.477	37.55	
699.665	7.03	
699.854	-15.5	
700.042	-10.38	
700.23	-32.9	
700.418	-25.33	
700.606	-38.43	
700.794	-0.75	
700.983	25.87	
701.171	29.15	
701.359	14.81	
701.547	56.8	
701.735	65.81	
701.923	2.32	
702.111	-50.52	
702.299	-70.79	
702.487	-60.14	
702.675	-89.63	
702.863	-79.39	
703.051	-53.79	
703.239	19.93	
703.427	-33.52	
703.615	-35.16	
703.803	-58.5	
703.991	-35.16	
704.179	-51.75	
704.367	8.46	
704.554	57	
704.742	92.43	
704.93	141.17	
705.118	173.33	
705.306	105.54	
705.493	76.05	
705.681	52.91	
705.869	47.17	
706.057	-20.62	
706.244	-2.18	
706.432	-7.92	
706.62	30.99	
706.807	-69.56	
706.995	-11.4	
707.183	-57.89	
707.37	-17.54	
707.558	-16.32	
707.746	95.09	
707.933	89.97	
708.121	185.2	
708.308	150.59	
708.496	147.52	
708.683	45.94	
708.871	81.17	
709.058	-4.44	
709.246	-7.92	
709.433	-68.33	
709.621	-38.02	
709.808	-116.46	
709.995	-33.93	
710.183	-24.51	
710.37	18.91	
710.558	2.32	
710.745	4.78	
710.932	-40.69	
711.12	-15.7	
711.307	-16.52	
711.494	-2.18	
711.681	26.49	
711.869	4.98	
712.056	3.75	
712.243	28.13	
712.43	-17.34	
712.618	-2.18	
712.805	-19.59	
712.992	-30.65	
713.179	-67.92	
713.366	-37.61	
713.553	-26.76	
713.74	-0.14	
713.928	-76.73	
714.115	-39.05	
714.302	-67.92	
714.489	-66.7	
714.676	-97.42	
714.863	5.19	
715.05	3.75	
715.237	21.16	
715.424	-55.64	
715.611	29.35	
715.798	16.86	
715.984	-2.18	
716.171	42.67	
716.358	71.75	
716.545	37.96	
716.732	38.37	
716.919	0.89	
717.106	-51.34	
717.293	-41.3	
717.479	-7.3	
717.666	-91.68	
717.853	-60.76	
718.04	-15.7	
718.226	17.48	
718.413	-64.03	
718.6	11.33	
718.786	10.72	
718.973	41.85	
719.16	-38.23	
719.346	-2.8	
719.533	-44.78	
719.72	7.85	
719.906	-54.61	
720.093	0.07	
720.279	-32.9	
720.466	3.55	
720.652	1.71	
720.839	44.1	
721.025	56.59	
721.212	89.56	
721.398	75.84	
721.585	75.64	
721.771	34.68	
721.958	-15.5	
722.144	8.87	
722.331	-77.96	
722.517	-137.96	
722.703	-120.97	
722.89	-143.9	
723.076	-152.71	
723.262	-34.54	
723.449	-42.94	
723.635	-80.01	
723.821	-55.02	
724.007	-95.16	
724.194	-150.66	
724.38	-132.44	
724.566	-104.38	
724.752	-61.17	
724.938	0.48	
725.125	72.16	
725.311	121.92	
725.497	96.32	
725.683	58.64	
725.869	-1.37	
726.055	-39.66	
726.241	-88.2	
726.427	-61.99	
726.613	-58.91	
726.799	31.2	
726.985	-27.99	
727.171	7.65	
727.357	46.35	
727.543	111.48	
727.729	32.63	
727.915	97.55	
728.101	85.47	
728.287	44.3	
728.473	-15.7	
728.659	-15.7	
728.845	-66.29	
729.03	-100.9	
729.216	-85.13	
729.402	-108.88	
729.588	-112.98	
729.774	-87.38	
729.959	-85.13	
730.145	-39.05	
730.331	24.64	
730.517	43.89	
730.702	69.49	
730.888	98.58	
731.074	-1.98	
731.259	-28.19	
731.445	4.57	
731.63	-22.05	
731.816	-45.4	
732.002	72.36	
732.187	105.54	
732.373	72.77	
732.558	98.37	
732.744	171.28	
732.929	117.21	
733.115	33.86	
733.3	-42.94	
733.486	-59.32	
733.671	-170.12	
733.857	-199.61	
734.042	-145.34	
734.227	-96.19	
734.413	-34.13	
734.598	49.42	
734.784	37.34	
734.969	13.38	
735.154	52.29	
735.339	3.75	
735.525	30.38	
735.71	80.55	
735.895	44.3	
736.081	23.42	
736.266	23.42	
736.451	-28.6	
736.636	10.92	
736.821	20.14	
737.007	-16.32	
737.192	-24.1	
737.377	-69.56	
737.562	-164.79	
737.747	-109.09	
737.932	-56.87	
738.117	-91.68	
738.302	-5.26	
738.487	19.32	
738.672	-25.12	
738.857	-9.56	
739.042	34.88	
739.227	44.92	
739.412	35.91	
739.597	28.74	
739.782	50.86	
739.967	-6.28	
740.152	-35.16	
740.337	-0.96	
740.522	42.05	
740.706	6.83	
740.891	106.97	
741.076	112.71	
741.261	120.9	
741.446	117.01	
741.63	112.3	
741.815	84.24	
742	9.9	
742.185	-25.12	
742.369	-33.31	
742.554	-54.2	
742.739	-82.06	
742.923	-22.66	
743.108	16.86	
743.293	44.92	
743.477	23.42	
743.662	43.28	
743.846	19.73	
744.031	0.89	
744.216	-27.58	
744.4	48.61	
744.585	35.7	
744.769	86.7	
744.954	71.95	
745.138	62.33	
745.322	59.66	
745.507	23.62	
745.691	-18.36	
745.876	-37.41	
746.06	-0.55	
746.244	-13.86	
746.429	38.16	
746.613	24.23	
746.798	60.28	
746.982	5.39	
747.166	15.43	
747.35	-27.17	
747.535	-21.03	
747.719	-15.29	
747.903	52.29	
748.087	12.36	
748.272	27.1	
748.456	67.65	
748.64	50.65	
748.824	43.49	
749.008	67.86	
749.192	40.82	
749.376	9.69	
749.56	-0.34	
749.745	-51.95	
749.929	-37.61	
750.113	9.49	
750.297	-30.04	
750.481	-6.28	
750.665	34.47	
750.849	23.42	
751.033	0.27	
751.217	-14.06	
751.4	-16.11	
751.584	-40.89	
751.768	-32.29	
751.952	-52.15	
752.136	-8.33	
752.32	-58.09	
752.504	-26.35	
752.688	-29.01	
752.871	-28.81	
753.055	-36.18	
753.239	-8.12	
753.423	4.98	
753.606	-37.41	
753.79	29.56	
753.974	37.14	
754.157	42.26	
754.341	-20.41	
754.525	-16.73	
754.708	-58.09	
754.892	-60.76	
755.076	-20.62	
755.259	26.9	
755.443	12.15	
755.626	17.07	
755.81	45.53	
755.993	12.77	
756.177	-37	
756.36	1.91	
756.544	-19.39	
756.727	-44.78	
756.911	-23.89	
757.094	28.74	
757.278	13.18	
757.461	14.4	
757.644	4.16	
757.828	-30.45	
758.011	-29.83	
758.195	-3.82	
758.378	-9.35	
758.561	-16.32	
758.744	-39.05	
758.928	0.07	
759.111	-10.99	
759.294	34.88	
759.477	72.98	
759.661	103.08	
759.844	68.88	
760.027	43.69	
760.21	-1.98	
760.393	-5.05	
760.576	-1.37	
760.76	-34.75	
760.943	-60.96	
761.126	27.72	
761.309	68.88	
761.492	72.98	
761.675	52.7	
761.858	89.97	
762.041	-3.62	
762.224	-103.35	
762.407	-116.67	
762.59	-70.59	
762.773	-113.59	
762.956	-115.64	
763.139	-63.01	
763.321	-44.37	
763.504	-103.15	
763.687	-55.02	
763.87	-32.7	
764.053	-37.61	
764.236	-16.32	
764.418	20.75	
764.601	-9.15	
764.784	12.56	
764.967	36.52	
765.149	3.96	
765.332	22.6	
765.515	63.15	
765.697	17.48	
765.88	-19.59	
766.063	-13.65	
766.245	-35.36	
766.428	-83.69	
766.611	-60.76	
766.793	-36.18	
766.976	1.09	
767.158	-22.46	
767.341	34.88	
767.523	43.89	
767.706	47.17	
767.888	6.62	
768.071	122.33	
768.253	76.25	
768.436	92.43	
768.618	91.2	
768.8	158.17	
768.983	109.02	
769.165	124.79	
769.348	54.54	
769.53	27.31	
769.712	-60.76	
769.895	-95.16	
770.077	-73.45	
770.259	-33.52	
770.441	-35.57	
770.624	39.18	
770.806	69.08	
770.988	35.09	
771.17	24.44	
771.352	80.35	
771.535	78.3	
771.717	65.19	
771.899	72.16	
772.081	147.73	
772.263	89.77	
772.445	53.93	
772.627	-15.09	
772.809	12.36	
772.991	-24.71	
773.173	16.25	
773.355	2.12	
773.537	55.77	
773.719	3.55	
773.901	42.87	
774.083	-10.58	
774.265	-52.97	
774.447	-85.13	
774.629	-57.27	
774.811	-81.65	
774.992	-32.29	
775.174	-30.45	
775.356	16.25	
775.538	-9.35	
775.72	-68.95	
775.901	-92.5	
776.083	-62.19	
776.265	-92.7	
776.447	-29.22	
776.628	27.51	
776.81	27.92	
776.992	83.63	
777.173	93.25	
777.355	51.06	
777.537	78.92	
777.718	79.12	
777.9	62.53	
778.081	60.89	
778.263	93.87	
778.444	51.88	
778.626	41.23	
778.807	-17.95	
778.989	-40.89	
779.17	-110.73	
779.352	-192.65	
779.533	-216.81	
779.715	-158.03	
779.896	-201.04	
780.078	-103.97	
780.259	-18.98	
780.44	-0.96	
780.622	-39.87	
780.803	99.19	
780.984	43.28	
781.166	-8.53	
781.347	-4.44	
781.528	4.37	
781.709	-86.36	
781.891	-45.19	
782.072	-10.38	
782.253	29.97	
782.434	22.8	
782.615	42.05	
782.796	18.91	
782.978	85.67	
783.159	79.73	
783.34	145.47	
783.521	139.13	
783.702	149.77	
783.883	116.6	
784.064	128.68	
784.245	43.08	
784.426	108.41	
784.607	73.18	
784.788	71.13	
784.969	-3	
785.15	30.58	
785.331	-87.99	
785.512	-42.94	
785.692	-61.37	
785.873	-12.42	
786.054	-38.64	
786.235	1.3	
786.416	5.8	
786.597	22.6	
786.777	-11.61	
786.958	22.8	
787.139	52.7	
787.32	53.11	
787.5	42.26	
787.681	29.97	
787.862	43.08	
788.042	43.89	
788.223	22.19	
788.404	-44.78	
788.584	0.48	
788.765	-3	
788.946	-14.68	
789.126	-5.87	
789.307	81.58	
789.487	108.82	
789.668	49.22	
789.848	19.73	
790.029	-40.69	
790.209	-83.08	
790.39	-149.43	
790.57	-129.36	
790.75	-32.7	
790.931	2.73	
791.111	-25.74	
791.292	38.37	
791.472	50.04	
791.652	-5.67	
791.833	-7.3	
792.013	28.74	
792.193	-38.23	
792.373	-2.39	
792.554	-1.98	
792.734	10.51	
792.914	-29.22	
793.094	41.44	
793.275	36.11	
793.455	16.04	
793.635	50.65	
793.815	111.07	
793.995	50.04	
794.175	46.15	
794.355	100.21	
794.535	97.55	
794.715	66.42	
794.896	94.48	
795.076	49.63	
795.256	72.16	
795.436	8.87	
795.616	49.22	
795.795	67.86	
795.975	85.67	
796.155	79.94	
796.335	121.92	
796.515	131.55	
796.695	164.52	
796.875	224.32	
797.055	176.4	
797.234	165.34	
797.414	137.9	
797.594	79.94	
797.774	25.46	
797.954	-22.46	
798.133	-14.88	
798.313	-52.97	
798.493	-7.92	
798.672	-39.25	
798.852	-6.89	
799.032	-59.53	
799.211	-52.36	
799.391	-89.22	
799.571	-70.79	
799.75	-78.78	
799.93	12.15	
800.109	37.34	
800.289	36.11	
800.468	27.92	
800.648	35.09	
800.827	-16.93	
801.007	-30.65	
801.186	-77.96	
801.366	-54	
801.545	-43.76	
801.725	38.57	
801.904	-7.92	
802.083	48.4	
802.263	36.73	
802.442	105.13	
802.621	16.25	
802.801	128.07	
802.98	156.12	
803.159	119.06	
803.338	28.74	
803.518	96.53	
803.697	10.31	
803.876	13.38	
804.055	52.91	
804.235	89.36	
804.414	3.96	
804.593	35.09	
804.772	-14.27	
804.951	-18.57	
805.13	-78.78	
805.309	-26.35	
805.488	-18.57	
805.667	21.57	
805.846	41.64	
806.025	97.96	
806.204	138.72	
806.383	110.04	
806.562	67.65	
806.741	63.35	
806.92	72.36	
807.099	19.11	
807.278	-16.32	
807.457	-23.28	
807.636	1.09	
807.814	-13.24	
807.993	-14.47	
808.172	29.56	
808.351	63.35	
808.53	42.26	
808.708	26.28	
808.887	19.52	
809.066	89.56	
809.244	60.28	
809.423	37.34	
809.602	32.63	
809.78	73.18	
809.959	9.28	
810.138	52.29	
810.316	73.18	
810.495	106.77	
810.673	18.7	
810.852	23.42	
811.03	24.23	
811.209	43.08	
811.388	31.2	
811.566	87.31	
811.744	82.4	
811.923	58.84	
812.101	44.51	
812.28	133.19	
812.458	149.98	
812.637	125.81	
812.815	139.13	
812.993	167.18	
813.172	130.52	
813.35	47.99	
813.528	97.96	
813.706	67.65	
813.885	29.35	
814.063	-40.07	
814.241	77.69	
814.419	84.24	
814.598	143.63	
814.776	114.55	
814.954	110.86	
815.132	62.12	
815.31	44.71	
815.488	-40.48	
815.666	-44.58	
815.844	-66.08	
816.022	-94.75	
816.201	-119.74	
816.379	-37.61	
816.557	22.8	
816.735	66.83	
816.913	49.42	
817.09	86.49	
817.268	23.01	
817.446	-17.13	
817.624	-52.77	
817.802	64.17	
817.98	23.82	
818.158	15.02	
818.336	-28.6	
818.514	8.06	
818.691	-52.15	
818.869	6.21	
819.047	58.44	
819.225	94.48	
819.402	50.24	
819.58	97.55	
819.758	92.23	
819.935	67.24	
820.113	66.01	
820.291	90.18	
820.468	14.81	
820.646	14.61	
820.824	38.57	
821.001	121.1	
821.179	150.8	
821.356	161.04	
821.534	114.75	
821.711	73.18	
821.889	81.17	
822.066	67.24	
822.244	70.11	
822.421	137.28	
822.599	169.64	
822.776	74.82	
822.953	30.17	
823.131	13.38	
823.308	-49.49	
823.486	-42.73	
823.663	-30.65	
823.84	7.44	
824.017	-47.24	
824.195	-39.25	
824.372	-28.4	
824.549	-13.65	
824.726	-18.36	
824.904	13.38	
825.081	26.9	
825.258	-23.07	
825.435	-39.25	
825.612	-11.4	
825.789	-40.07	
825.967	-23.28	
826.144	42.87	
826.321	81.58	
826.498	50.86	
826.675	101.24	
826.852	22.39	
827.029	6.21	
827.206	8.67	
827.383	-34.54	
827.56	13.58	
827.737	54.13	
827.914	57.82	
828.09	20.55	
828.267	61.51	
828.444	35.29	
828.621	14.81	
828.798	48.4	
828.975	15.43	
829.151	-2.59	
829.328	-12.22	
829.505	75.23	
829.682	-3.82	
829.858	18.3	
830.035	84.44	
830.212	85.47	
830.389	32.22	
830.565	11.95	
830.742	76.25	
830.918	64.37	
831.095	59.46	
831.272	67.24	
831.448	67.24	
831.625	83.83	
831.801	82.6	
831.978	82.81	
832.154	34.06	
832.331	101.44	
832.507	20.75	
832.684	26.9	
832.86	52.29	
833.037	191.76	
833.213	117.83	
833.389	152.85	
833.566	71.34	
833.742	24.23	
833.918	-88.2	
834.095	-110.52	
834.271	-168.27	
834.447	-84.51	
834.624	-68.54	
834.8	-71.2	
834.976	0.48	
835.152	31.4	
835.328	-0.34	
835.505	20.75	
835.681	31.4	
835.857	-38.84	
836.033	-5.87	
836.209	84.03	
836.385	76.46	
836.561	92.84	
836.737	163.7	
836.913	97.14	
837.089	43.28	
837.265	63.35	
837.441	96.53	
837.617	78.92	
837.793	107.18	
837.969	113.12	
838.145	81.58	
838.321	54.75	
838.497	59.66	
838.673	113.73	
838.849	32.02	
839.025	76.66	
839.2	71.75	
839.376	106.15	
839.552	63.56	
839.728	121.92	
839.903	66.01	
840.079	106.36	
840.255	56.18	
840.431	157.35	
840.606	91.41	
840.782	189.51	
840.958	94.27	
841.133	93.25	
841.309	8.26	
841.484	72.16	
841.66	-27.17	
841.835	-25.94	
842.011	-31.06	
842.186	1.3	
842.362	-37	
842.537	-7.3	
842.713	10.1	
842.888	29.76	
843.064	-38.84	
843.239	-31.27	
843.415	-37.2	
843.59	25.26	
843.765	20.75	
843.941	66.42	
844.116	126.84	
844.291	101.85	
844.467	66.83	
844.642	91.2	
844.817	118.24	
844.992	52.29	
845.168	58.84	
845.343	83.22	
845.518	75.02	
845.693	84.65	
845.868	98.78	
846.043	80.96	
846.219	28.54	
846.394	77.48	
846.569	24.03	
846.744	-2.18	
846.919	13.99	
847.094	128.48	
847.269	71.75	
847.444	72.57	
847.619	109.02	
847.794	196.67	
847.969	149.16	
848.144	163.91	
848.319	162.27	
848.494	169.03	
848.668	153.05	
848.843	166.98	
849.018	147.73	
849.193	150.8	
849.368	155.92	
849.542	159.4	
849.717	134.62	
849.892	135.44	
850.067	153.26	
850.241	201.18	
850.416	158.99	
850.591	163.5	
850.765	142.61	
850.94	173.12	
851.115	91.2	
851.289	89.97	
851.464	34.88	
851.639	62.12	
851.813	14.2	
851.988	73.18	
852.162	32.84	
852.337	51.06	
852.511	58.84	
852.686	125.61	
852.86	101.44	
853.035	137.9	
853.209	129.7	
853.383	166.98	
853.558	60.28	
853.732	76.05	
853.906	30.58	
854.081	62.94	
854.255	-5.87	
854.429	46.97	
854.604	21.37	
854.778	101.65	
854.952	94.07	
855.126	132.78	
855.301	117.83	
855.475	84.65	
855.649	36.32	
855.823	10.31	
855.997	-4.23	
856.171	11.13	
856.345	-3.62	
856.52	12.36	
856.694	45.74	
856.868	92.23	
857.042	81.58	
857.216	174.96	
857.39	172.71	
857.564	131.34	
857.738	68.47	
857.912	74.82	
858.085	37.55	
858.259	38.57	
858.433	68.27	
858.607	62.12	
858.781	42.26	
858.955	9.28	
859.129	-15.09	
859.302	-13.24	
859.476	-27.78	
859.65	65.81	
859.824	52.7	
859.997	74.61	
860.171	104.72	
860.345	167.39	
860.519	107.18	
860.692	127.45	
860.866	143.84	
861.039	149.57	
861.213	132.57	
861.387	105.54	
861.56	101.44	
861.734	126.63	
861.907	85.67	
862.081	60.69	
862.254	100.01	
862.428	135.85	
862.601	69.9	
862.775	83.01	
862.948	194.83	
863.122	162.06	
863.295	124.79	
863.468	136.67	
863.642	85.88	
863.815	8.67	
863.988	33.04	
864.162	53.11	
864.335	11.95	
864.508	48.81	
864.682	68.06	
864.855	49.42	
865.028	22.6	
865.201	102.67	
865.374	70.93	
865.548	102.06	
865.721	119.67	
865.894	207.12	
866.067	178.86	
866.24	237.02	
866.413	216.54	
866.586	194.22	
866.759	71.34	
866.932	56.59	
867.105	11.33	
867.278	-78.16	
867.451	-91.27	
867.624	-20.82	
867.797	0.48	
867.97	3.75	
868.143	42.46	
868.316	85.06	
868.489	17.07	
868.661	22.6	
868.834	23.62	
869.007	61.1	
869.18	39.39	
869.353	81.37	
869.525	99.19	
869.698	96.32	
869.871	84.65	
870.044	101.85	
870.216	121.1	
870.389	70.52	
870.562	94.07	
870.734	117.62	
870.907	79.73	
871.079	87.93	
871.252	73.8	
871.425	127.25	
871.597	53.11	
871.77	160.22	
871.942	127.66	
872.115	140.56	
872.287	92.23	
872.459	117.42	
872.632	47.58	
872.804	65.19	
872.977	29.97	
873.149	29.35	
873.321	-4.03	
873.494	-12.42	
873.666	32.84	
873.838	51.88	
874.011	13.79	
874.183	88.13	
874.355	84.65	
874.528	44.92	
874.7	54.34	
874.872	150.18	
875.044	156.12	
875.216	178.65	
875.388	228.21	
875.561	252.99	
875.733	151	
875.905	103.29	
876.077	25.26	
876.249	44.71	
876.421	9.49	
876.593	-10.79	
876.765	14.81	
876.937	105.33	
877.109	30.58	
877.281	63.15	
877.453	84.85	
877.625	55.98	
877.797	-6.28	
877.968	-28.81	
878.14	-46.63	
878.312	9.69	
878.484	-26.56	
878.656	7.85	
878.828	21.57	
878.999	75.84	
879.171	8.46	
879.343	22.39	
879.515	10.1	
879.686	-16.73	
879.858	-68.13	
880.03	-24.71	
880.201	4.98	
880.373	-24.3	
880.545	-1.77	
880.716	54.54	
880.888	96.53	
881.059	112.3	
881.231	141.99	
881.402	196.26	
881.574	166.16	
881.745	144.45	
881.917	162.68	
882.088	164.52	
882.26	97.35	
882.431	125.61	
882.602	51.88	
882.774	18.3	
882.945	-29.42	
883.116	-64.85	
883.288	-125.68	
883.459	-74.27	
883.63	-65.88	
883.802	-24.71	
883.973	30.38	
884.144	76.25	
884.315	76.25	
884.487	129.5	
884.658	156.94	
884.829	205.07	
885	165.54	
885.171	194.83	
885.342	95.91	
885.513	90.18	
885.684	59.05	
885.855	100.21	
886.026	48.2	
886.197	107.59	
886.368	58.23	
886.539	70.52	
886.71	18.09	
886.881	52.5	
887.052	66.63	
887.223	104.11	
887.394	62.74	
887.565	149.37	
887.736	97.55	
887.907	111.07	
888.077	79.12	
888.248	65.19	
888.419	7.44	
888.59	32.22	
888.761	44.3	
888.931	79.12	
889.102	141.99	
889.273	130.73	
889.443	106.36	
889.614	21.16	
889.785	18.5	
889.955	-6.28	
890.126	-23.89	
890.296	52.09	
890.467	94.68	
890.637	165.13	
890.808	186.23	
890.978	232.51	
891.149	199.13	
891.319	288.01	
891.49	239.07	
891.66	232.72	
891.831	201.18	
892.001	219.82	
892.172	85.88	
892.342	73.18	
892.512	61.51	
892.683	123.36	
892.853	88.54	
893.023	148.55	
893.193	117.01	
893.364	116.39	
893.534	85.67	
893.704	139.53	
893.874	149.16	
894.044	160.01	
894.215	138.72	
894.385	165.95	
894.555	113.32	
894.725	138.72	
894.895	94.48	
895.065	148.34	
895.235	126.84	
895.405	196.67	
895.575	119.67	
895.745	190.63	
895.915	176.81	
