177.618	-801.87	
177.836	-783.69	
178.054	-777.7	
178.271	-593.79	
178.489	-347.01	
178.706	-196.9	
178.924	-59.48	
179.142	93.71	
179.359	64.63	
179.577	-79.55	
179.794	-63.57	
180.012	-65.62	
180.229	-116.61	
180.447	-73.61	
180.664	-30.4	
180.882	-43.5	
181.1	-2.75	
181.317	4.62	
181.535	-25.07	
181.752	-14.22	
181.969	23.47	
182.187	33.5	
182.404	63.61	
182.622	55.82	
182.839	85.11	
183.057	90.03	
183.274	58.08	
183.492	73.44	
183.709	111.53	
183.926	62.79	
184.144	20.6	
184.361	51.52	
184.579	63.81	
184.796	10.36	
185.013	69.14	
185.231	68.73	
185.448	75.69	
185.666	90.64	
185.883	68.73	
186.1	48.25	
186.317	69.75	
186.535	-1.31	
186.752	-12.58	
186.969	77.94	
187.187	150.85	
187.404	81.22	
187.621	192.22	
187.839	201.84	
188.056	135.9	
188.273	43.74	
188.49	137.13	
188.708	79.79	
188.925	129.55	
189.142	131.8	
189.359	145.12	
189.576	86.34	
189.794	77.74	
190.011	19.58	
190.228	40.87	
190.445	37.19	
190.662	118.49	
190.879	117.06	
191.097	95.55	
191.314	107.43	
191.531	102.52	
191.748	0.94	
191.965	25.1	
192.182	18.55	
192.399	2.58	
192.616	41.08	
192.834	96.58	
193.051	57.87	
193.268	77.94	
193.485	81.01	
193.702	44.36	
193.919	15.89	
194.136	20.19	
194.353	5.65	
194.57	20.19	
194.787	19.58	
195.004	124.02	
195.221	113.99	
195.438	150.85	
195.655	116.85	
195.872	208.4	
196.089	80.2	
196.306	121.77	
196.523	101.49	
196.74	147.57	
196.957	2.99	
197.173	57.46	
197.39	35.75	
197.607	64.84	
197.824	36.98	
198.041	124.64	
198.258	127.91	
198.475	183.62	
198.692	141.02	
198.909	99.24	
199.125	26.54	
199.342	61.76	
199.559	23.67	
199.776	60.53	
199.993	153.51	
200.21	195.09	
200.426	107.02	
200.643	110.91	
200.86	97.4	
201.077	101.49	
201.293	89.62	
201.51	114.4	
201.727	12.61	
201.944	-60.91	
202.16	-99.21	
202.377	-114.36	
202.594	-134.84	
202.811	-52.31	
203.027	-13.4	
203.244	-44.32	
203.461	-16.67	
203.677	85.31	
203.894	110.71	
204.111	140.61	
204.327	162.11	
204.544	147.37	
204.761	119.52	
204.977	76.51	
205.194	38.62	
205.41	94.33	
205.627	102.31	
205.844	88.18	
206.06	65.65	
206.277	105.79	
206.493	58.69	
206.71	75.48	
206.926	48.66	
207.143	121.36	
207.36	49.27	
207.576	97.4	
207.793	109.28	
208.009	147.57	
208.226	103.34	
208.442	141.43	
208.659	106.2	
208.875	79.99	
209.092	10.77	
209.308	8.11	
209.524	6.06	
209.741	73.44	
209.957	126.07	
210.174	155.15	
210.39	133.65	
210.607	132.01	
210.823	2.99	
211.039	-71.76	
211.256	2.58	
211.472	-29.58	
211.688	20.8	
211.905	86.54	
212.121	98.83	
212.338	30.22	
212.554	92.89	
212.77	58.9	
212.987	61.97	
213.203	116.44	
213.419	152.28	
213.635	118.9	
213.852	94.74	
214.068	70.77	
214.284	13.84	
214.501	25.1	
214.717	29.61	
214.933	79.79	
215.149	13.02	
215.365	-0.9	
215.582	-66.64	
215.798	-20.77	
216.014	-41.04	
216.23	29.61	
216.447	63.81	
216.663	59.51	
216.879	2.99	
217.095	26.95	
217.311	46.81	
217.527	46.4	
217.743	81.42	
217.96	72.41	
218.176	63.2	
218.392	50.09	
218.608	66.68	
218.824	30.22	
219.04	41.69	
219.256	63.61	
219.472	38.42	
219.688	15.68	
219.904	90.03	
220.12	180.96	
220.336	136.51	
220.552	151.87	
220.768	175.22	
220.984	163.14	
221.2	49.27	
221.416	83.06	
221.632	48.86	
221.848	18.35	
222.064	-58.04	
222.28	-22	
222.496	-79.96	
222.712	-10.94	
222.928	-27.73	
223.144	55.82	
223.36	57.46	
223.576	102.11	
223.792	62.99	
224.008	142.25	
224.224	134.47	
224.439	177.88	
224.655	154.74	
224.871	188.94	
225.087	139.79	
225.303	65.24	
225.519	33.3	
225.734	83.88	
225.95	55.62	
226.166	94.33	
226.382	127.3	
226.598	128.53	
226.813	128.12	
227.029	103.95	
227.245	64.84	
227.461	88.59	
227.677	114.4	
227.892	90.03	
228.108	77.74	
228.324	132.42	
228.539	70.98	
228.755	98.22	
228.971	109.48	
229.186	167.23	
229.402	126.89	
229.618	187.3	
229.833	100.27	
230.049	98.22	
230.265	24.7	
230.48	84.5	
230.696	76.51	
230.912	111.53	
231.127	101.08	
231.343	154.74	
231.558	53.98	
231.774	88.8	
231.99	170.1	
232.205	163.96	
232.421	123.41	
232.636	158.02	
232.852	85.52	
233.067	21.01	
233.283	39.65	
233.498	89.82	
233.714	96.99	
233.929	168.67	
234.145	133.44	
234.36	137.74	
234.576	139.59	
234.791	187.71	
235.007	188.53	
235.222	266.56	
235.438	235.43	
235.653	315.71	
235.868	266.15	
236.084	278.23	
236.299	279.87	
236.515	297.48	
236.73	196.93	
236.945	198.16	
237.161	131.39	
237.376	60.74	
237.592	63.4	
237.807	79.99	
238.022	78.56	
238.238	105.59	
238.453	72.21	
238.668	69.55	
238.883	-6.02	
239.099	-7.66	
239.314	-41.45	
239.529	18.76	
239.745	33.5	
239.96	141.02	
240.175	148.39	
240.39	270.25	
240.605	260.21	
240.821	214.75	
241.036	183.62	
241.251	254.27	
241.466	144.3	
241.681	140.2	
241.897	169.49	
242.112	194.88	
242.327	98.83	
242.542	119.52	
242.757	145.53	
242.972	146.75	
243.188	74.46	
243.403	98.83	
243.618	104.98	
243.833	68.32	
244.048	79.79	
244.263	130.17	
244.478	119.31	
244.693	81.22	
244.908	110.91	
245.123	116.44	
245.338	152.69	
245.553	166.21	
245.768	151.87	
245.983	142.86	
246.198	90.84	
246.413	45.38	
246.628	40.67	
246.843	45.58	
247.058	44.15	
247.273	68.73	
247.488	65.45	
247.703	103.75	
247.918	105.79	
248.133	120.95	
248.348	81.63	
248.563	148.19	
248.778	114.81	
248.993	175.43	
249.207	227.03	
249.422	246.49	
249.637	115.62	
249.852	84.09	
250.067	33.71	
250.282	-42.68	
250.496	-62.34	
250.711	46.81	
250.926	48.45	
251.141	110.71	
251.356	108.87	
251.57	185.05	
251.785	129.35	
252	106.61	
252.215	53.37	
252.43	96.58	
252.644	111.32	
252.859	139.79	
253.074	166	
253.288	169.49	
253.503	118.49	
253.718	113.99	
253.932	201.43	
254.147	230.31	
254.362	228.88	
254.576	252.84	
254.791	191.19	
255.006	100.06	
255.22	117.88	
255.435	129.14	
255.65	136.92	
255.864	183.21	
256.079	137.13	
256.293	130.17	
256.508	128.73	
256.723	218.23	
256.937	145.12	
257.152	146.55	
257.366	118.49	
257.581	97.6	
257.795	13.43	
258.01	135.69	
258.224	184.23	
258.439	204.1	
258.653	192.63	
258.868	209.22	
259.082	112.14	
259.297	78.97	
259.511	32.89	
259.726	22.85	
259.94	-34.08	
260.154	-52.51	
260.369	-31.42	
260.583	18.14	
260.798	2.37	
261.012	47.22	
261.226	100.06	
261.441	127.09	
261.655	106	
261.869	177.68	
262.084	147.16	
262.298	126.07	
262.512	45.38	
262.727	29.2	
262.941	48.04	
263.155	53.57	
263.37	33.09	
263.584	119.11	
263.798	124.02	
264.012	141.43	
264.227	133.44	
264.441	218.64	
264.655	143.07	
264.869	217.61	
265.084	120.13	
265.298	153.72	
265.512	71.39	
265.726	141.84	
265.94	66.88	
266.155	137.95	
266.369	133.44	
266.583	215.77	
266.797	208.4	
267.011	266.97	
267.225	288.88	
267.439	273.32	
267.654	199.39	
267.868	148.19	
268.082	52.34	
268.296	-68.49	
268.51	-123.37	
268.724	-100.64	
268.938	-139.96	
269.152	-81.8	
269.366	-25.68	
269.58	38.42	
269.794	-7.46	
270.008	126.07	
270.222	122.79	
270.436	119.93	
270.65	86.95	
270.864	147.57	
271.078	68.32	
271.292	76.1	
271.506	127.91	
271.72	166	
271.934	186.08	
272.148	179.32	
272.362	167.03	
272.575	176.04	
272.789	169.69	
273.003	121.15	
273.217	171.74	
273.431	143.27	
273.645	93.92	
273.859	131.6	
274.073	211.06	
274.286	196.72	
274.5	223.14	
274.714	211.27	
274.928	220.07	
275.142	157.81	
275.355	129.96	
275.569	169.69	
275.783	212.08	
275.997	153.72	
276.21	173.38	
276.424	229.9	
276.638	168.87	
276.852	176.04	
277.065	163.75	
277.279	175.84	
277.493	132.62	
277.706	224.99	
277.92	226.42	
278.134	186.48	
278.347	124.84	
278.561	91.66	
278.775	61.97	
278.988	24.29	
279.202	105.18	
279.415	169.49	
279.629	176.04	
279.843	159.86	
280.056	262.87	
280.27	281.92	
280.483	198.77	
280.697	221.91	
280.91	245.26	
281.124	257.34	
281.337	204.51	
281.551	304.04	
281.764	250.59	
281.978	216.59	
282.191	93.71	
282.405	114.4	
282.618	26.33	
282.832	71.8	
283.045	33.91	
283.259	78.97	
283.472	59.92	
283.686	59.1	
283.899	22.65	
284.112	48.45	
284.326	59.92	
284.539	101.29	
284.752	153.51	
284.966	185.87	
285.179	229.08	
285.393	228.26	
285.606	159.86	
285.819	175.02	
286.033	129.76	
286.246	177.27	
286.459	132.01	
286.672	173.99	
286.886	93.92	
287.099	187.71	
287.312	40.46	
287.525	34.12	
287.739	15.68	
287.952	94.33	
288.165	76.1	
288.378	127.71	
288.592	160.07	
288.805	152.69	
289.018	151.87	
289.231	121.15	
289.444	171.33	
289.657	117.26	
289.871	107.43	
290.084	42.72	
290.297	111.12	
290.51	65.04	
290.723	53.78	
290.936	135.69	
291.149	155.97	
291.362	158.22	
291.575	136.1	
291.789	177.88	
292.002	126.07	
292.215	153.31	
292.428	42.31	
292.641	90.03	
292.854	91.25	
293.067	65.45	
293.28	21.83	
293.493	47.02	
293.706	-39.61	
293.919	30.22	
294.132	14.66	
294.345	24.08	
294.558	8.52	
294.77	42.92	
294.983	-25.68	
295.196	46.81	
295.409	114.6	
295.622	203.07	
295.835	244.85	
296.048	292.77	
296.261	261.85	
296.474	240.14	
296.686	181.36	
296.899	198.77	
297.112	187.92	
297.325	185.26	
297.538	192.63	
297.751	223.35	
297.963	234.41	
298.176	218.84	
298.389	194.27	
298.602	195.7	
298.814	314.28	
299.027	277.62	
299.24	261.65	
299.453	327.79	
299.665	289.7	
299.878	133.03	
300.091	114.81	
300.303	124.84	
300.516	60.74	
300.729	58.9	
300.941	84.5	
301.154	41.28	
301.367	14.05	
301.579	65.86	
301.792	99.86	
302.005	80.4	
302.217	97.6	
302.43	128.73	
302.642	72.41	
302.855	6.67	
303.067	5.44	
303.28	62.38	
303.493	-9.71	
303.705	81.42	
303.918	129.14	
304.13	193.86	
304.343	149.01	
304.555	232.77	
304.768	168.46	
304.98	196.72	
305.193	104.16	
305.405	157.61	
305.617	100.27	
305.83	141.63	
306.042	80.6	
306.255	116.44	
306.467	53.16	
306.68	55.62	
306.892	7.7	
307.104	51.32	
307.317	22.44	
307.529	96.58	
307.741	134.47	
307.954	177.06	
308.166	154.95	
308.378	217.82	
308.591	210.65	
308.803	232.97	
309.015	251.2	
309.228	295.23	
309.44	233.79	
309.652	184.44	
309.864	118.29	
310.077	40.46	
310.289	-24.05	
310.501	14.46	
310.713	31.66	
310.926	82.24	
311.138	48.45	
311.35	118.7	
311.562	56.03	
311.774	107.84	
311.986	77.53	
312.199	195.91	
312.411	78.97	
312.623	140.41	
312.835	25.31	
313.047	19.37	
313.259	-18.93	
313.471	53.78	
313.683	33.91	
313.895	90.23	
314.108	71.18	
314.32	59.72	
314.532	3.19	
314.744	25.92	
314.956	102.52	
315.168	146.14	
315.38	111.53	
315.592	198.16	
315.804	198.98	
316.016	246.69	
316.228	251.61	
316.44	284.58	
316.651	284.38	
316.863	273.32	
317.075	152.08	
317.287	76.3	
317.499	73.23	
317.711	33.71	
317.923	56.44	
318.135	20.8	
318.347	81.01	
318.559	151.67	
318.77	180.14	
318.982	144.3	
319.194	160.07	
319.406	156.99	
319.618	59.1	
319.83	3.81	
320.041	2.58	
320.253	20.39	
320.465	-14.22	
320.677	-15.04	
320.888	-12.99	
321.1	3.4	
321.312	73.23	
321.524	92.69	
321.735	90.64	
321.947	68.11	
322.159	33.3	
322.37	-60.5	
322.582	-59.89	
322.794	12	
323.005	80.2	
323.217	113.17	
323.429	90.03	
323.64	145.53	
323.852	68.52	
324.063	25.31	
324.275	53.37	
324.487	129.14	
324.698	51.52	
324.91	113.99	
325.121	103.13	
325.333	37.39	
325.544	-0.49	
325.756	74.05	
325.967	26.54	
326.179	94.33	
326.39	116.85	
326.602	153.92	
326.813	70.36	
327.025	86.34	
327.236	-2.13	
327.448	-17.29	
327.659	-88.97	
327.871	-27.94	
328.082	-23.64	
328.293	40.67	
328.505	85.11	
328.716	122.79	
328.928	82.65	
329.139	118.7	
329.35	92.07	
329.562	107.84	
329.773	132.62	
329.984	147.78	
330.196	103.54	
330.407	157.61	
330.618	108.46	
330.83	89.82	
331.041	87.36	
331.252	76.1	
331.463	40.67	
331.675	90.03	
331.886	131.19	
332.097	156.17	
332.308	172.97	
332.52	175.63	
332.731	139.18	
332.942	136.31	
333.153	166	
333.364	156.38	
333.575	134.26	
333.787	178.5	
333.998	82.65	
334.209	101.29	
334.42	78.35	
334.631	97.81	
334.842	67.29	
335.053	160.48	
335.264	94.74	
335.475	125.05	
335.686	113.37	
335.898	112.76	
336.109	20.39	
336.32	41.28	
336.531	26.33	
336.742	41.69	
336.953	24.29	
337.164	62.58	
337.375	20.19	
337.586	24.29	
337.797	-30.8	
338.007	1.76	
338.218	-38.18	
338.429	0.32	
338.64	-20.97	
338.851	12.2	
339.062	-27.94	
339.273	74.26	
339.484	24.29	
339.695	-1.11	
339.906	19.58	
340.116	70.57	
340.327	39.85	
340.538	58.69	
340.749	90.84	
340.96	62.99	
341.171	14.86	
341.381	14.46	
341.592	42.1	
341.803	46.2	
342.014	64.84	
342.224	98.83	
342.435	77.12	
342.646	23.47	
342.857	-2.13	
343.067	-36.13	
343.278	-18.31	
343.489	-2.95	
343.699	25.1	
343.91	60.53	
344.121	50.29	
344.331	-17.29	
344.542	-57.02	
344.753	16.09	
344.963	28.79	
345.174	86.95	
345.384	173.99	
345.595	248.74	
345.806	197.54	
346.016	161.5	
346.227	168.05	
346.437	151.87	
346.648	116.44	
346.858	129.76	
347.069	112.76	
347.279	110.71	
347.49	50.91	
347.7	58.28	
347.911	-4.8	
348.121	24.08	
348.332	20.19	
348.542	-14.63	
348.753	-35.72	
348.963	29.61	
349.173	44.56	
349.384	64.84	
349.594	166	
349.805	225.81	
350.015	166.82	
350.225	177.47	
350.436	165.6	
350.646	177.27	
350.856	123	
351.067	137.95	
351.277	56.85	
351.487	22.85	
351.698	-66.23	
351.908	-57.43	
352.118	-43.3	
352.328	-2.54	
352.539	70.98	
352.749	79.38	
352.959	63.61	
353.169	72	
353.38	82.04	
353.59	65.24	
353.8	107.23	
354.01	131.39	
354.22	124.43	
354.431	216.18	
354.641	157.81	
354.851	154.95	
355.061	145.12	
355.271	197.75	
355.481	122.18	
355.691	132.83	
355.901	96.17	
356.111	108.46	
356.321	64.84	
356.532	57.05	
356.742	35.75	
356.952	43.54	
357.162	15.68	
357.372	-1.93	
357.582	-18.11	
357.792	-51.9	
358.002	-56.2	
358.212	5.85	
358.422	37.19	
358.632	34.53	
358.842	68.52	
359.051	131.39	
359.261	76.92	
359.471	57.87	
359.681	106.61	
359.891	98.01	
360.101	10.56	
360.311	3.6	
360.521	-23.64	
360.731	-25.48	
360.94	-1.72	
361.15	49.27	
361.36	64.63	
361.57	87.36	
361.78	72	
361.989	64.63	
362.199	55.82	
362.409	85.93	
362.619	70.57	
362.828	167.64	
363.038	183	
363.248	205.12	
363.458	197.13	
363.667	217	
363.877	133.03	
364.087	124.43	
364.296	68.73	
364.506	79.58	
364.716	70.16	
364.925	40.05	
365.135	9.95	
365.345	31.45	
365.554	10.77	
365.764	100.88	
365.973	101.08	
366.183	180.14	
366.393	212.08	
366.602	222.32	
366.812	83.27	
367.021	150.03	
367.231	63.4	
367.44	34.12	
367.65	35.14	
367.859	104.98	
368.069	30.43	
368.278	93.71	
368.488	116.24	
368.697	54.39	
368.907	1.35	
369.116	136.51	
369.326	109.28	
369.535	101.29	
369.744	159.04	
369.954	185.67	
370.163	72.62	
370.373	81.83	
370.582	55.82	
370.791	29.61	
371.001	3.6	
371.21	4.83	
371.419	-27.32	
371.629	-45.35	
371.838	-34.29	
372.047	75.69	
372.256	68.93	
372.466	108.25	
372.675	89.41	
372.884	83.88	
373.093	-24.46	
373.303	39.85	
373.512	35.75	
373.721	87.98	
373.93	60.33	
374.139	163.55	
374.349	87.36	
374.558	145.53	
374.767	90.43	
374.976	101.08	
375.185	75.08	
375.394	72.21	
375.603	27.97	
375.813	65.04	
376.022	84.5	
376.231	30.02	
376.44	42.51	
376.649	69.55	
376.858	112.35	
377.067	125.66	
377.276	178.7	
377.485	242.8	
377.694	230.72	
377.903	222.32	
378.112	181.57	
378.321	205.53	
378.53	193.45	
378.739	206.15	
378.948	207.99	
379.157	261.85	
379.366	290.11	
379.575	297.89	
379.784	268.4	
379.992	283.97	
380.201	345	
380.41	307.93	
380.619	298.71	
380.828	358.51	
381.037	347.86	
381.246	271.88	
381.454	230.31	
381.663	324.31	
381.872	313.66	
382.081	414.01	
382.29	504.74	
382.498	598.95	
382.707	614.71	
382.916	694.79	
383.125	645.84	
383.333	664.69	
383.542	716.09	
383.751	710.97	
383.959	761.76	
384.168	809.27	
384.377	892.62	
384.585	903.68	
384.794	898.36	
385.003	888.53	
385.211	961.44	
385.42	924.57	
385.628	966.35	
385.837	1055.23	
386.046	1164.59	
386.254	1264.74	
386.463	1344.41	
386.671	1469.74	
386.88	1524.22	
387.088	1566.82	
387.297	1608.59	
387.505	1697.89	
387.714	1679.86	
387.922	1729.22	
388.131	1778.37	
388.339	1832.03	
388.548	1837.35	
388.756	1919.27	
388.965	2009.59	
389.173	2018.39	
389.381	2109.53	
389.59	2248.99	
389.798	2387.64	
390.007	2526.29	
390.215	2661.05	
390.423	2826.93	
390.632	2935.27	
390.84	3084.16	
391.048	3134.33	
391.257	3275.23	
391.465	3296.94	
391.673	3422.89	
391.882	3469.79	
392.09	3563.38	
392.298	3676.43	
392.506	3764.9	
392.715	3882.86	
392.923	4052.23	
393.131	4262.15	
393.339	4397.72	
393.547	4566.07	
393.756	4718.43	
393.964	4851.76	
394.172	4988.15	
394.38	5119.02	
394.588	5380.95	
394.796	5553.39	
395.005	5711.29	
395.213	5889.05	
395.421	6161.23	
395.629	6272.64	
395.837	6449.38	
396.045	6657.86	
396.253	6863.48	
396.461	7029.57	
396.669	7260.37	
396.877	7505.11	
397.085	7742.67	
397.293	7999.28	
397.501	8257.94	
397.709	8536.87	
397.917	8790.62	
398.125	9086.34	
398.333	9309.57	
398.541	9479.96	
398.749	9724.9	
398.957	9957.14	
399.165	10179.96	
399.373	10539.99	
399.581	10930.54	
399.788	11309.41	
399.996	11691.97	
400.204	12062.25	
400.412	12334.01	
400.62	12598.4	
400.828	12909.9	
401.035	13242.69	
401.243	13582.66	
401.451	13904.6	
401.659	14218.35	
401.867	14488.27	
402.074	14794.03	
402.282	15114.54	
402.49	15473.75	
402.697	16025.27	
402.905	16447.77	
403.113	16897.09	
403.321	17299.31	
403.528	17810.28	
403.736	18222.33	
403.944	18721.01	
404.151	19297.31	
404.359	19826.3	
404.566	20300	
404.774	20759.15	
404.982	21098.91	
405.189	21296.95	
405.397	21540.25	
405.604	21760.4	
405.812	21959.67	
406.02	22097.5	
406.227	22418.82	
406.435	22618.71	
406.642	22800.57	
406.85	22968.29	
407.057	23239.65	
407.265	23294.74	
407.472	23472.71	
407.679	23466.97	
407.887	23381.16	
408.094	23361.09	
408.302	23180.67	
408.509	23018.88	
408.717	23024.41	
408.924	22876.95	
409.131	22508.32	
409.339	22284.68	
409.546	21856.25	
409.753	21302.07	
409.961	20830.01	
410.168	20384.37	
410.375	19903.3	
410.583	19425.92	
410.79	19041.93	
410.997	18623.32	
411.205	18301.79	
411.412	17925.38	
411.619	17632.72	
411.826	17195.89	
412.034	16893.61	
412.241	16502.86	
412.448	16112.92	
412.655	15619.36	
412.862	15252.37	
413.07	14750.41	
413.277	14245.79	
413.484	13726.63	
413.691	13329.94	
413.898	12828.39	
414.105	12360.02	
414.312	11976.64	
414.519	11624.59	
414.727	11335.01	
414.934	11086.39	
415.141	10895.11	
415.348	10688.06	
415.555	10411.17	
415.762	10053.39	
415.969	9683.94	
416.176	9432.86	
416.383	9148.4	
416.59	8921.89	
416.797	8713.61	
417.004	8570.05	
417.211	8352.15	
417.418	8139.36	
417.625	8003.38	
417.831	7871.28	
418.038	7758.44	
418.245	7624.71	
418.452	7439.57	
418.659	7279.62	
418.866	7108.62	
419.073	6929.83	
419.28	6703.53	
419.486	6671.17	
419.693	6511.84	
419.9	6404.73	
420.107	6314.62	
420.314	6244.99	
420.52	6089.75	
420.727	6067.43	
420.934	5946.6	
421.141	5736.68	
421.347	5608.28	
421.554	5439.73	
421.761	5198.48	
421.967	5105.71	
422.174	5042.83	
422.381	4919.34	
422.588	4797.69	
422.794	4679.52	
423.001	4603.13	
423.207	4447.28	
423.414	4300.65	
423.621	4147.05	
423.827	4036.87	
424.034	3875.08	
424.24	3796.64	
424.447	3670.28	
424.654	3551.5	
424.86	3446.85	
425.067	3260.28	
425.273	3127.98	
425.48	3112.21	
425.686	3075.76	
425.893	2990.36	
426.099	2908.85	
426.306	2815.87	
426.512	2693.2	
426.718	2644.87	
426.925	2538.37	
427.131	2447.24	
427.338	2359.17	
427.544	2238.14	
427.75	2077.78	
427.957	1981.32	
428.163	1946.1	
428.37	1888.55	
428.576	1852.51	
428.782	1801.31	
428.988	1825.47	
429.195	1775.3	
429.401	1730.65	
429.607	1668.19	
429.814	1714.27	
430.02	1633.17	
430.226	1556.78	
430.432	1524.63	
430.639	1518.28	
430.845	1459.71	
431.051	1471.59	
431.257	1495.55	
431.463	1465.24	
431.67	1369.8	
431.876	1296.89	
432.082	1230.13	
432.288	1229.31	
432.494	1213.95	
432.7	1264.94	
432.906	1239.14	
433.112	1220.71	
433.318	1230.33	
433.525	1226.44	
433.731	1154.97	
433.937	1199.41	
434.143	1169.92	
434.349	1088.41	
434.555	1048.47	
434.761	1057.28	
434.967	954.06	
435.173	940.14	
435.379	937.47	
435.585	963.69	
435.791	941.16	
435.996	1026.36	
436.202	1037.42	
436.408	961.03	
436.614	896.92	
436.82	902.45	
437.026	794.94	
437.232	784.7	
437.438	773.02	
437.644	702.78	
437.849	667.96	
438.055	651.37	
438.261	583.38	
438.467	541.6	
438.673	556.55	
438.878	476.07	
439.084	458.05	
439.29	490.4	
439.496	519.07	
439.701	534.23	
439.907	521.33	
440.113	498.39	
440.318	449.03	
440.524	420.57	
440.73	388	
440.935	408.48	
441.141	370.6	
441.347	443.5	
441.552	406.85	
441.758	414.22	
441.964	351.55	
442.169	396.4	
442.375	295.44	
442.58	340.08	
442.786	374.69	
442.991	395.79	
443.197	332.3	
443.402	358.1	
443.608	357.29	
443.813	375.1	
444.019	406.85	
444.224	434.9	
444.43	366.3	
444.635	371.42	
444.841	271.88	
445.046	309.57	
445.252	286.22	
445.457	303.22	
445.662	217	
445.868	210.65	
446.073	135.08	
446.278	113.78	
446.484	97.4	
446.689	117.47	
446.894	89.82	
447.1	75.28	
447.305	143.27	
447.51	174.2	
447.716	148.19	
447.921	172.76	
448.126	213.52	
448.331	114.4	
448.537	102.52	
448.742	141.63	
448.947	88.18	
449.152	33.71	
449.357	126.48	
449.563	154.74	
449.768	132.83	
449.973	153.51	
450.178	190.79	
450.383	89.41	
450.588	36.98	
450.793	44.56	
450.999	125.25	
451.204	79.79	
451.409	108.46	
451.614	101.7	
451.819	95.76	
452.024	30.43	
452.229	61.56	
452.434	130.78	
452.639	108.46	
452.844	136.92	
453.049	77.74	
453.254	39.44	
453.459	-15.04	
453.664	43.95	
453.869	19.17	
454.074	92.89	
454.279	141.02	
454.483	113.17	
454.688	72.41	
454.893	138.97	
455.098	121.97	
455.303	78.97	
455.508	94.74	
455.713	108.66	
455.917	22.03	
456.122	53.16	
456.327	24.7	
456.532	73.03	
456.737	21.21	
456.941	39.03	
457.146	-3.98	
457.351	29.82	
457.555	5.03	
457.76	81.22	
457.965	78.56	
458.17	103.75	
458.374	144.71	
458.579	139.38	
458.784	73.85	
458.988	44.36	
459.193	13.84	
459.397	-6.23	
459.602	-20.77	
459.807	80.6	
460.011	88.59	
460.216	103.95	
460.42	24.29	
460.625	-14.83	
460.829	-53.95	
461.034	-61.73	
461.239	-103.51	
461.443	-52.51	
461.648	-12.58	
461.852	-52.92	
462.056	22.65	
462.261	39.85	
462.465	143.07	
462.67	124.84	
462.874	118.08	
463.079	32.48	
463.283	39.85	
463.487	-32.03	
463.692	6.47	
463.896	-8.48	
464.1	15.27	
464.305	-3.16	
464.509	-39	
464.713	-31.42	
464.918	44.36	
465.122	75.08	
465.326	74.67	
465.531	70.57	
465.735	25.51	
465.939	-25.89	
466.143	-46.98	
466.348	-54.15	
466.552	-81.39	
466.756	-48.42	
466.96	5.03	
467.164	11.38	
467.368	41.9	
467.573	100.88	
467.777	67.5	
467.981	28.79	
468.185	-10.53	
468.389	-3.77	
468.593	-79.55	
468.797	-114.36	
469.001	-97.36	
469.205	-57.43	
469.409	-38.38	
469.613	25.72	
469.817	81.42	
470.021	76.92	
470.225	78.15	
470.429	42.1	
470.633	36.37	
470.837	44.77	
471.041	26.74	
471.245	-30.8	
471.449	-23.84	
471.653	-11.14	
471.857	24.29	
472.061	-28.96	
472.265	-3.77	
472.469	12.82	
472.673	-31.42	
472.876	-84.26	
473.08	-36.74	
473.284	15.27	
473.488	-8.69	
473.692	47.43	
473.895	92.48	
474.099	120.95	
474.303	109.69	
474.507	132.62	
474.71	120.54	
474.914	61.56	
475.118	31.66	
475.322	29.61	
475.525	-41.66	
475.729	-26.3	
475.933	-5.82	
476.136	96.17	
476.34	96.17	
476.543	166.21	
476.747	161.7	
476.951	178.09	
477.154	62.79	
477.358	129.14	
477.561	103.54	
477.765	66.88	
477.969	39.44	
478.172	49.48	
478.376	-28.35	
478.579	-9.92	
478.783	4.22	
478.986	4.01	
479.19	6.47	
479.393	46.4	
479.596	54.39	
479.8	75.28	
480.003	79.38	
480.207	85.93	
480.41	32.68	
480.614	36.57	
480.817	-10.33	
481.02	64.22	
481.224	117.26	
481.427	161.29	
481.63	198.98	
481.834	241.17	
482.037	135.49	
482.24	74.05	
482.443	41.28	
482.647	-36.95	
482.85	-63.37	
483.053	19.78	
483.256	-20.57	
483.46	18.14	
483.663	11.38	
483.866	58.9	
484.069	13.84	
484.272	23.88	
484.476	-9.3	
484.679	50.7	
484.882	74.67	
485.085	47.43	
485.288	69.14	
485.491	100.27	
485.694	13.02	
485.897	-11.14	
486.101	6.47	
486.304	64.43	
486.507	0.94	
486.71	20.39	
486.913	-35.52	
487.116	-63.37	
487.319	-102.28	
487.522	-61.73	
487.725	37.8	
487.928	59.1	
488.13	75.28	
488.333	90.64	
488.536	86.95	
488.739	29.41	
488.942	61.76	
489.145	68.52	
489.348	48.04	
489.551	30.43	
489.754	44.77	
489.956	4.01	
490.159	14.46	
490.362	-20.97	
490.565	-57.02	
490.768	-101.66	
490.97	-20.77	
491.173	-15.24	
491.376	16.71	
491.579	38.62	
491.781	96.58	
491.984	20.6	
492.187	23.47	
492.39	-8.07	
492.592	9.34	
492.795	2.17	
492.998	-27.32	
493.2	-42.27	
493.403	-11.14	
493.605	68.32	
493.808	45.99	
494.011	48.86	
494.213	26.74	
494.416	56.44	
494.618	-46.57	
494.821	-99	
495.023	-36.95	
495.226	23.67	
495.428	9.34	
495.631	54.6	
495.833	133.44	
496.036	112.96	
496.238	58.9	
496.441	75.28	
496.643	44.97	
496.846	3.6	
497.048	7.49	
497.25	64.63	
497.453	66.88	
497.655	157.4	
497.858	206.96	
498.06	229.29	
498.262	163.14	
498.465	151.67	
498.667	99.04	
498.869	92.28	
499.071	61.35	
499.274	123.61	
499.476	113.99	
499.678	67.29	
499.881	28.79	
500.083	37.6	
500.285	-36.74	
500.487	-11.14	
500.689	1.35	
500.892	-18.11	
501.094	-59.07	
501.296	27.56	
501.498	-6.64	
501.7	-40.84	
501.902	-6.84	
502.104	26.33	
502.306	-36.13	
502.509	-14.22	
502.711	-10.12	
502.913	-7.87	
503.115	-60.71	
503.317	-34.9	
503.519	-83.44	
503.721	-3.36	
503.923	74.87	
504.125	115.62	
504.327	136.51	
504.529	189.35	
504.731	144.5	
504.933	106	
505.134	78.15	
505.336	57.87	
505.538	52.75	
505.74	39.24	
505.942	-20.16	
506.144	1.76	
506.346	-26.71	
506.548	27.56	
506.749	46.2	
506.951	88.39	
507.153	75.69	
507.355	68.73	
507.557	7.7	
507.758	21.01	
507.96	-36.95	
508.162	-16.67	
508.363	17.12	
508.565	28.18	
508.767	-25.68	
508.969	14.86	
509.17	52.34	
509.372	32.68	
509.574	-26.5	
509.775	0.12	
509.977	-28.96	
510.178	-14.01	
510.38	-7.25	
510.582	36.57	
510.783	10.36	
510.985	15.48	
511.186	-55.79	
511.388	2.99	
511.589	26.13	
511.791	12.2	
511.992	7.29	
512.194	34.93	
512.395	-74.22	
512.597	-70.33	
512.798	-37.97	
513	0.94	
513.201	19.78	
513.403	144.71	
513.604	112.14	
513.805	122.18	
514.007	92.28	
514.208	19.58	
514.409	-59.68	
514.611	-55.38	
514.812	-33.06	
515.013	17.53	
515.215	77.94	
515.416	55.01	
515.617	16.5	
515.819	-41.66	
516.02	-102.48	
516.221	-81.39	
516.422	-53.54	
516.623	-36.95	
516.825	-16.26	
517.026	4.22	
517.227	-64.39	
517.428	-96.54	
517.629	-63.98	
517.83	-43.09	
518.032	-19.75	
518.233	24.9	
518.434	55.82	
518.635	68.32	
518.836	60.53	
519.037	29	
519.238	39.24	
519.439	48.45	
519.64	12.61	
519.841	22.44	
520.042	27.56	
520.243	-6.02	
520.444	-26.09	
520.645	-27.73	
520.846	-48.83	
521.047	-29.17	
521.248	-33.06	
521.449	4.62	
521.65	24.08	
521.851	107.64	
522.052	53.78	
522.252	87.57	
522.453	88.59	
522.654	51.32	
522.855	-20.57	
523.056	-20.77	
523.257	-47.8	
523.457	-63.98	
523.658	-40.02	
523.859	-39.61	
524.06	-48.21	
524.26	-70.54	
524.461	-68.28	
524.662	-54.15	
524.862	-99.62	
525.063	-42.68	
525.264	1.96	
525.464	-21.59	
525.665	1.76	
525.866	127.09	
526.066	82.04	
526.267	81.42	
526.468	86.54	
526.668	65.04	
526.869	1.76	
527.069	12.61	
527.27	16.71	
527.47	72.82	
527.671	59.31	
527.871	26.33	
528.072	62.58	
528.272	51.93	
528.473	36.57	
528.673	102.93	
528.874	127.91	
529.074	126.48	
529.275	155.36	
529.475	152.49	
529.675	64.02	
529.876	75.48	
530.076	24.29	
530.277	-15.45	
530.477	-44.53	
530.677	-48.42	
530.878	-93.47	
531.078	19.17	
531.278	10.15	
531.478	-1.11	
531.679	11.18	
531.879	33.91	
532.079	-51.49	
532.28	-22.41	
532.48	-39.41	
532.68	-36.74	
532.88	-19.54	
533.08	-6.23	
533.28	-12.58	
533.481	-3.16	
533.681	-9.71	
533.881	-25.68	
534.081	-24.66	
534.281	-8.28	
534.481	16.91	
534.681	64.43	
534.881	116.03	
535.081	100.47	
535.281	61.15	
535.481	120.74	
535.682	92.89	
535.882	27.36	
536.082	65.86	
536.281	72	
536.481	58.69	
536.681	74.05	
536.881	78.56	
537.081	16.71	
537.281	37.39	
537.481	-37.15	
537.681	-79.14	
537.881	-116.82	
538.081	-36.54	
538.281	-59.89	
538.48	-71.97	
538.68	-41.66	
538.88	57.26	
539.08	39.85	
539.28	30.43	
539.479	129.55	
539.679	113.37	
539.879	43.13	
540.079	11.38	
540.278	46.61	
540.478	-49.03	
540.678	-57.02	
540.877	-6.23	
541.077	-48.01	
541.277	-67.46	
541.476	37.6	
541.676	65.24	
541.876	79.58	
542.075	133.44	
542.275	103.13	
542.474	33.91	
542.674	33.71	
542.874	-13.4	
543.073	-31.62	
543.273	3.19	
543.472	33.3	
543.672	28.59	
543.871	13.23	
544.071	16.5	
544.27	86.34	
544.47	52.34	
544.669	73.85	
544.868	77.74	
545.068	75.89	
545.267	0.12	
545.467	74.46	
545.666	20.19	
545.865	59.51	
546.065	18.14	
546.264	1.35	
546.463	-65.42	
546.663	-10.94	
546.862	-29.99	
547.061	17.94	
547.261	45.38	
547.46	72.82	
547.659	55.21	
547.858	127.3	
548.058	129.14	
548.257	157.81	
548.456	123	
548.655	115.22	
548.854	65.04	
549.053	114.19	
549.253	87.98	
549.452	103.54	
549.651	148.19	
549.85	196.93	
550.049	146.55	
550.248	126.89	
550.447	124.64	
550.646	124.84	
550.845	103.75	
551.044	103.95	
551.243	91.05	
551.442	106.61	
551.641	69.96	
551.84	84.91	
552.039	112.35	
552.238	149.01	
552.437	123	
552.636	118.9	
552.835	63.81	
553.034	83.68	
553.233	86.54	
553.432	94.94	
553.63	96.99	
553.829	90.03	
554.028	7.7	
554.227	12.61	
554.426	24.08	
554.625	30.43	
554.823	17.32	
555.022	71.59	
555.221	103.75	
555.42	87.16	
555.618	108.46	
555.817	122.79	
556.016	114.4	
556.214	98.01	
556.413	98.63	
556.612	86.34	
556.81	89.62	
557.009	87.98	
557.208	61.35	
557.406	82.86	
557.605	62.58	
557.803	52.96	
558.002	40.26	
558.201	-16.06	
558.399	-28.55	
558.598	-78.73	
558.796	-60.71	
558.995	-54.15	
559.193	2.17	
559.392	-22.82	
559.59	42.51	
559.789	62.99	
559.987	128.32	
560.185	170.51	
560.384	172.35	
560.582	176.24	
560.781	205.74	
560.979	160.68	
561.177	89.82	
561.376	110.5	
561.574	175.43	
561.772	36.16	
561.971	120.34	
562.169	149.62	
562.367	101.49	
562.566	28.18	
562.764	65.04	
562.962	-44.12	
563.16	-83.44	
563.358	-32.65	
563.557	-6.02	
563.755	40.46	
563.953	36.98	
564.151	87.57	
564.349	122.59	
564.547	129.35	
564.746	103.95	
564.944	98.42	
565.142	74.26	
565.34	24.9	
565.538	-14.63	
565.736	19.17	
565.934	-2.95	
566.132	12	
566.33	39.24	
566.528	97.6	
566.726	50.09	
566.924	112.35	
567.122	78.15	
567.32	40.67	
567.518	-0.49	
567.716	1.14	
567.914	-20.97	
568.112	-26.09	
568.31	15.89	
568.507	6.47	
568.705	-17.9	
568.903	-24.87	
569.101	34.12	
569.299	56.64	
569.497	87.57	
569.694	142.04	
569.892	147.57	
570.09	143.48	
570.288	76.51	
570.486	39.03	
570.683	66.27	
570.881	33.71	
571.079	-16.88	
571.276	-12.37	
571.474	1.35	
571.672	-69.51	
571.869	-19.54	
572.067	-3.36	
572.265	23.06	
572.462	43.54	
572.66	101.49	
572.857	106	
573.055	148.8	
573.253	139.79	
573.45	111.53	
573.648	129.14	
573.845	88.18	
574.043	74.05	
574.24	67.29	
574.438	16.09	
574.635	-20.77	
574.832	-35.52	
575.03	-45.96	
575.227	59.72	
575.425	71.18	
575.622	45.99	
575.82	53.57	
576.017	73.03	
576.214	-11.55	
576.412	46.2	
576.609	14.25	
576.806	2.78	
577.004	-27.12	
577.201	-12.37	
577.398	12.61	
577.595	139.38	
577.793	187.1	
577.99	214.54	
578.187	166.82	
578.384	117.47	
578.582	27.77	
578.779	58.69	
578.976	53.37	
579.173	134.06	
579.37	140.2	
579.567	188.12	
579.764	137.13	
579.962	134.88	
580.159	105.39	
580.356	124.43	
580.553	120.34	
580.75	147.37	
580.947	140.81	
581.144	174.81	
581.341	153.72	
581.538	171.94	
581.735	131.39	
581.932	158.63	
582.129	60.33	
582.326	60.12	
582.523	10.15	
582.72	5.44	
582.916	-48.21	
583.113	-38.59	
583.31	-63.37	
583.507	-59.68	
583.704	33.71	
583.901	115.01	
584.098	136.51	
584.294	188.33	
584.491	178.29	
584.688	125.86	
584.885	41.08	
585.082	144.3	
585.278	168.26	
585.475	180.75	
585.672	150.24	
585.868	167.03	
586.065	61.76	
586.262	-11.96	
586.458	15.68	
586.655	81.42	
586.852	72.62	
587.048	71.8	
587.245	66.47	
587.442	121.56	
587.638	109.89	
587.835	177.88	
588.031	188.53	
588.228	225.81	
588.424	169.9	
588.621	162.52	
588.817	108.87	
589.014	162.52	
589.21	151.67	
589.407	111.32	
589.603	54.39	
589.8	92.07	
589.996	81.22	
590.192	88.8	
590.389	134.06	
590.585	158.63	
590.782	91.66	
590.978	137.13	
591.174	117.26	
591.371	111.94	
591.567	108.25	
591.763	120.34	
591.959	89.21	
592.156	92.69	
592.352	72.41	
592.548	96.99	
592.744	118.7	
592.941	51.93	
593.137	36.78	
593.333	14.66	
593.529	63.61	
593.725	75.89	
593.922	57.46	
594.118	127.3	
594.314	106.61	
594.51	72	
594.706	32.27	
594.902	116.65	
595.098	76.51	
595.294	131.39	
595.49	67.09	
595.686	137.95	
595.882	53.78	
596.078	108.25	
596.274	115.42	
596.47	176.86	
596.666	140.81	
596.862	144.71	
597.058	116.85	
597.254	129.14	
597.45	77.94	
597.646	111.73	
597.842	144.5	
598.037	187.3	
598.233	183.21	
598.429	231.54	
598.625	144.09	
598.821	94.53	
599.017	-1.52	
599.212	20.39	
599.408	38.01	
599.604	47.02	
599.8	78.76	
599.995	55.41	
600.191	4.42	
600.387	-76.47	
600.582	-41.66	
600.778	-11.76	
600.974	43.13	
601.169	18.76	
601.365	72	
601.561	25.51	
601.756	-27.53	
601.952	-22.61	
602.147	-28.76	
602.343	-27.32	
602.538	44.36	
602.734	75.48	
602.93	83.88	
603.125	112.35	
603.321	97.6	
603.516	67.29	
603.711	66.68	
603.907	61.15	
604.102	67.29	
604.298	110.3	
604.493	104.98	
604.689	147.57	
604.884	128.12	
605.079	127.3	
605.275	65.65	
605.47	61.15	
605.665	41.9	
605.861	101.7	
606.056	98.22	
606.251	56.03	
606.447	72.62	
606.642	46.61	
606.837	-36.54	
607.032	22.03	
607.227	49.68	
607.423	44.77	
607.618	35.55	
607.813	45.38	
608.008	-24.25	
608.203	89.41	
608.398	138.77	
608.594	131.8	
608.789	135.69	
608.984	207.37	
609.179	146.34	
609.374	81.63	
609.569	105.79	
609.764	93.1	
609.959	31.66	
610.154	11.18	
610.349	53.16	
610.544	33.71	
610.739	50.29	
610.934	86.54	
611.129	133.44	
611.324	160.48	
611.519	198.77	
611.714	236.66	
611.909	170.31	
612.103	202.66	
612.298	161.29	
612.493	161.91	
612.688	172.97	
612.883	238.5	
613.078	127.5	
613.272	207.58	
613.467	205.53	
613.662	217.82	
613.857	238.71	
614.051	307.93	
614.246	207.58	
614.441	176.04	
614.635	61.56	
614.83	14.46	
615.025	-46.57	
615.219	-55.18	
615.414	-98.39	
615.609	-39.41	
615.803	-54.15	
615.998	40.87	
616.192	62.38	
616.387	119.11	
616.582	192.42	
616.776	232.77	
616.971	157.61	
617.165	135.08	
617.36	79.99	
617.554	29.41	
617.749	72.62	
617.943	96.17	
618.138	126.27	
618.332	164.57	
618.526	111.73	
618.721	43.74	
618.915	70.36	
619.11	71.59	
619.304	28.18	
619.498	48.25	
619.693	97.6	
619.887	45.79	
620.081	-8.07	
620.275	52.75	
620.47	77.33	
620.664	49.68	
620.858	27.56	
621.052	59.92	
621.247	72.41	
621.441	74.05	
621.635	50.29	
621.829	99.86	
622.023	100.88	
622.218	119.52	
622.412	110.71	
622.606	97.4	
622.8	92.69	
622.994	77.33	
623.188	-0.29	
623.382	-8.89	
623.576	5.65	
623.77	-22	
623.964	21.21	
624.158	66.47	
624.352	21.21	
624.546	30.63	
624.74	66.68	
624.934	22.24	
625.128	32.68	
625.322	73.23	
625.516	90.03	
625.71	50.7	
625.904	42.31	
626.098	67.29	
626.291	98.63	
626.485	70.98	
626.679	70.57	
626.873	171.94	
627.067	129.96	
627.26	128.53	
627.454	165.19	
627.648	205.74	
627.842	120.13	
628.035	122.18	
628.229	99.65	
628.423	32.48	
628.617	-1.93	
628.81	-9.92	
629.004	-29.58	
629.198	-17.49	
629.391	-1.72	
629.585	75.69	
629.778	93.71	
629.972	132.01	
630.166	137.33	
630.359	111.53	
630.553	46.81	
630.746	80.4	
630.94	90.03	
631.133	24.49	
631.327	55.21	
631.52	44.77	
631.714	-10.94	
631.907	-55.38	
632.1	38.62	
632.294	101.9	
632.487	117.67	
632.681	151.67	
632.874	178.7	
633.067	167.85	
633.261	109.07	
633.454	111.53	
633.647	125.86	
633.841	84.09	
634.034	94.33	
634.227	102.93	
634.421	72.41	
634.614	49.68	
634.807	64.84	
635	-30.6	
635.193	0.32	
635.387	-2.95	
635.58	-20.97	
635.773	8.11	
635.966	73.03	
636.159	68.11	
636.352	41.08	
636.545	19.98	
636.739	-43.71	
636.932	-61.52	
637.125	-109.86	
637.318	-97.16	
637.511	-15.45	
637.704	-3.36	
637.897	28.18	
638.09	22.03	
638.283	67.7	
638.476	40.87	
638.669	77.53	
638.862	82.24	
639.055	83.47	
639.247	79.58	
639.44	38.21	
639.633	61.15	
639.826	12.82	
640.019	29.82	
640.212	14.66	
640.405	55.41	
640.597	26.54	
640.79	60.53	
640.983	75.89	
641.176	58.49	
641.368	86.95	
641.561	123.41	
641.754	70.36	
641.947	122.18	
642.139	169.08	
642.332	101.49	
642.525	94.74	
642.717	139.18	
642.91	36.98	
643.103	-5.82	
643.295	-9.71	
643.488	-29.99	
643.68	-63.78	
643.873	-34.29	
644.065	-32.03	
644.258	-13.81	
644.45	-45.76	
644.643	-28.55	
644.835	-28.35	
645.028	-43.91	
645.22	-74.84	
645.413	-79.75	
645.605	-87.53	
645.798	-90.61	
645.99	-14.83	
646.182	16.91	
646.375	66.68	
646.567	82.45	
646.76	49.07	
646.952	20.19	
647.144	15.07	
647.337	-20.97	
647.529	-8.28	
647.721	82.86	
647.913	80.81	
648.106	67.09	
648.298	32.89	
648.49	-0.29	
648.682	-100.85	
648.874	-99	
649.067	-84.46	
649.259	-48.01	
649.451	-43.09	
649.643	6.47	
649.835	28.38	
650.027	64.84	
650.219	58.28	
650.411	75.28	
650.603	73.64	
650.796	85.31	
650.988	67.91	
651.18	123	
651.372	166.82	
651.564	149.01	
651.756	69.96	
651.948	74.26	
652.139	18.35	
652.331	-45.96	
652.523	-13.6	
652.715	23.67	
652.907	25.31	
653.099	24.49	
653.291	40.05	
653.483	8.31	
653.674	37.6	
653.866	40.05	
654.058	27.36	
654.25	24.08	
654.442	36.16	
654.633	-49.24	
654.825	-73.61	
655.017	-24.46	
655.209	-33.47	
655.4	-4.59	
655.592	-25.68	
655.784	23.06	
655.975	-6.23	
656.167	7.49	
656.359	-32.85	
656.55	39.24	
656.742	-32.44	
656.933	41.69	
657.125	42.31	
657.316	39.85	
657.508	9.95	
657.7	77.53	
657.891	-19.34	
658.083	9.34	
658.274	41.08	
658.466	60.74	
658.657	60.74	
658.848	39.65	
659.04	31.25	
659.231	0.94	
659.423	2.58	
659.614	-32.44	
659.805	77.53	
659.997	122.79	
660.188	168.26	
660.379	189.35	
660.571	163.96	
660.762	101.49	
660.953	30.63	
661.145	24.7	
661.336	-31.21	
661.527	141.84	
661.718	173.79	
661.909	169.08	
662.101	156.99	
662.292	189.15	
662.483	15.27	
662.674	-8.69	
662.865	1.55	
663.056	-25.28	
663.247	-58.66	
663.439	-9.71	
663.63	-14.42	
663.821	-33.67	
664.012	-1.72	
664.203	85.52	
664.394	83.06	
664.585	104.36	
664.776	74.46	
664.967	72.21	
665.158	29.41	
665.349	87.16	
665.54	46.61	
665.73	117.67	
665.921	46.4	
666.112	19.17	
666.303	-62.75	
666.494	67.5	
666.685	22.85	
666.876	103.95	
667.066	119.72	
667.257	138.97	
667.448	5.03	
667.639	25.31	
667.83	-13.4	
668.02	-9.51	
668.211	-61.11	
668.402	-8.69	
668.592	-54.36	
668.783	-62.96	
668.974	-52.31	
669.164	16.71	
669.355	-1.31	
669.546	66.47	
669.736	99.45	
669.927	81.42	
670.117	-1.31	
670.308	4.62	
670.499	-64.19	
670.689	-77.29	
670.88	-121.12	
671.07	-47.6	
671.261	-63.57	
671.451	27.56	
671.641	-33.06	
671.832	49.68	
672.022	34.93	
672.213	8.72	
672.403	-48.21	
672.594	53.98	
672.784	37.39	
672.974	28.38	
673.165	-6.64	
673.355	7.29	
673.545	18.76	
673.736	81.42	
673.926	22.24	
674.116	127.3	
674.306	61.56	
674.497	-3.77	
674.687	-97.36	
674.877	-69.92	
675.067	-121.73	
675.257	-48.83	
675.448	-45.14	
675.638	2.58	
675.828	-8.28	
676.018	37.39	
676.208	15.27	
676.398	42.51	
676.588	10.56	
676.778	31.66	
676.968	-2.95	
677.158	17.12	
677.348	-37.36	
677.538	-58.45	
677.728	-45.55	
677.918	-48.01	
678.108	-68.69	
678.298	-23.84	
678.488	-28.35	
678.678	3.4	
678.868	18.14	
679.058	22.85	
679.248	14.66	
679.438	33.5	
679.627	10.77	
679.817	-12.37	
680.007	-19.75	
680.197	-18.11	
680.387	-38.59	
680.576	-17.08	
680.766	-41.25	
680.956	-47.39	
681.146	7.08	
681.335	14.05	
681.525	-39.2	
681.715	18.55	
681.904	59.31	
682.094	11.79	
682.284	10.77	
682.473	36.16	
682.663	64.22	
682.852	36.16	
683.042	50.7	
683.231	71.39	
683.421	75.89	
683.61	24.08	
683.8	4.42	
683.989	-21.79	
684.179	-19.54	
684.368	-71.76	
684.558	-84.46	
684.747	-74.22	
684.937	-100.03	
685.126	-83.64	
685.316	-55.99	
685.505	-94.09	
685.694	-48.62	
685.884	52.55	
686.073	-0.9	
686.262	2.99	
686.452	82.04	
686.641	88.18	
686.83	19.78	
687.019	43.54	
687.209	68.32	
687.398	76.3	
687.587	43.95	
687.776	23.06	
687.965	-5.82	
688.155	-24.87	
688.344	-93.06	
688.533	-91.83	
688.722	-104.74	
688.911	-1.31	
689.1	48.04	
689.289	123	
689.478	134.88	
689.667	178.7	
689.856	30.84	
690.045	-11.96	
690.234	-70.33	
690.423	-21.59	
690.612	-56.61	
690.801	60.33	
690.99	42.51	
691.179	90.84	
691.368	31.86	
691.557	95.15	
691.746	46.4	
691.935	55.01	
692.124	12.41	
692.312	14.46	
692.501	-52.72	
692.69	-23.02	
692.879	-22.82	
693.068	-15.65	
693.256	-20.16	
693.445	71.59	
693.634	30.22	
693.823	11.59	
694.011	9.54	
694.2	24.7	
694.389	-63.16	
694.577	-46.78	
694.766	-39.41	
694.955	-39.41	
695.143	-80.16	
695.332	-30.4	
695.52	-18.93	
695.709	43.13	
695.897	31.45	
696.086	24.29	
696.275	-13.19	
696.463	-7.25	
696.652	-58.66	
696.84	-16.47	
697.028	3.6	
697.217	19.17	
697.405	20.6	
697.594	70.57	
697.782	45.38	
697.971	40.87	
698.159	33.3	
698.347	57.67	
698.536	36.98	
698.724	71.18	
698.912	58.69	
699.1	65.86	
699.289	79.99	
699.477	59.92	
699.665	21.01	
699.854	18.35	
700.042	24.29	
700.23	-4.59	
700.418	-6.43	
700.606	-5.61	
700.794	23.47	
700.983	43.13	
701.171	39.03	
701.359	27.36	
701.547	76.1	
701.735	81.63	
701.923	25.51	
702.111	-14.01	
702.299	-40.43	
702.487	-51.08	
702.675	-88.97	
702.863	-85.9	
703.051	-67.26	
703.239	4.42	
703.427	-40.64	
703.615	-24.05	
703.803	-33.06	
703.991	-1.11	
704.179	-16.26	
704.367	48.25	
704.554	89.21	
704.742	126.48	
704.93	167.44	
705.118	195.91	
705.306	122.38	
705.493	91.25	
705.681	55.41	
705.869	65.24	
706.057	9.13	
706.244	33.5	
706.432	36.98	
706.62	75.89	
706.807	-10.94	
706.995	56.44	
707.183	-1.93	
707.37	30.63	
707.558	31.04	
707.746	110.71	
707.933	111.12	
708.121	210.24	
708.308	162.52	
708.496	155.97	
708.683	62.38	
708.871	67.29	
709.058	-12.37	
709.246	4.83	
709.433	-55.18	
709.621	-24.46	
709.808	-82.41	
709.995	-2.13	
710.183	5.03	
710.37	49.68	
710.558	40.46	
710.745	53.57	
710.932	2.99	
711.12	18.14	
711.307	12.2	
711.494	29	
711.681	46.81	
711.869	7.08	
712.056	14.25	
712.243	41.28	
712.43	-21.38	
712.618	-16.06	
712.805	-21.59	
712.992	-36.74	
713.179	-63.57	
713.366	-17.7	
713.553	14.46	
713.74	35.75	
713.928	-35.31	
714.115	1.35	
714.302	-22.2	
714.489	-52.72	
714.676	-65.62	
714.863	24.29	
715.05	24.08	
715.237	11.79	
715.424	-56.4	
715.611	21.42	
715.798	3.19	
715.984	-9.71	
716.171	49.07	
716.358	89	
716.545	68.32	
716.732	76.3	
716.919	24.49	
717.106	-19.13	
717.293	-14.42	
717.479	1.55	
717.666	-72.99	
717.853	-39.41	
718.04	-0.49	
718.226	27.36	
718.413	-41.86	
718.6	47.02	
718.786	44.15	
718.973	65.65	
719.16	-18.11	
719.346	22.85	
719.533	-39	
719.72	17.32	
719.906	-41.86	
720.093	22.65	
720.279	-18.72	
720.466	12.2	
720.652	14.66	
720.839	64.02	
721.025	77.33	
721.212	112.14	
721.398	105.79	
721.585	99.24	
721.771	59.31	
721.958	17.53	
722.144	33.71	
722.331	-35.11	
722.517	-90.2	
722.703	-65.62	
722.89	-95.52	
723.076	-87.94	
723.262	11.38	
723.449	-1.52	
723.635	-45.35	
723.821	-23.64	
724.007	-55.99	
724.194	-106.37	
724.38	-87.94	
724.566	-74.63	
724.752	-43.91	
724.938	-11.14	
725.125	48.66	
725.311	85.11	
725.497	81.42	
725.683	67.7	
725.869	16.91	
726.055	-19.13	
726.241	-49.03	
726.427	-24.25	
726.613	-44.53	
726.799	40.87	
726.985	-4.18	
727.171	33.3	
727.357	63.4	
727.543	142.45	
727.729	77.94	
727.915	116.24	
728.101	99.24	
728.287	59.72	
728.473	10.36	
728.659	2.78	
728.845	-32.03	
729.03	-70.33	
729.216	-46.98	
729.402	-85.9	
729.588	-85.69	
729.774	-66.23	
729.959	-62.55	
730.145	-22.82	
730.331	43.74	
730.517	42.72	
730.702	74.26	
730.888	110.71	
731.074	14.05	
731.259	6.67	
731.445	43.95	
731.63	12.82	
731.816	-22.2	
732.002	86.13	
732.187	105.59	
732.373	88.8	
732.558	113.78	
732.744	176.65	
732.929	129.35	
733.115	34.32	
733.3	-38.79	
733.486	-44.94	
733.671	-137.5	
733.857	-172.93	
734.042	-106.17	
734.227	-62.96	
734.413	-14.01	
734.598	61.15	
734.784	54.6	
734.969	24.7	
735.154	55.41	
735.339	33.91	
735.525	65.65	
735.71	112.35	
735.895	75.08	
736.081	59.92	
736.266	50.09	
736.451	-9.92	
736.636	24.08	
736.821	34.93	
737.007	21.21	
737.192	25.51	
737.377	-9.92	
737.562	-84.87	
737.747	-41.45	
737.932	-2.95	
738.117	-47.8	
738.302	40.87	
738.487	68.11	
738.672	33.71	
738.857	43.33	
739.042	85.31	
739.227	99.86	
739.412	62.58	
739.597	73.03	
739.782	84.5	
739.967	17.94	
740.152	-13.81	
740.337	23.26	
740.522	44.15	
740.706	21.21	
740.891	110.3	
741.076	102.93	
741.261	113.78	
741.446	123.41	
741.63	118.08	
741.815	98.22	
742	34.32	
742.185	8.11	
742.369	0.32	
742.554	-31.01	
742.739	-57.84	
742.923	3.19	
743.108	34.53	
743.293	44.97	
743.477	44.36	
743.662	73.23	
743.846	49.27	
744.031	38.42	
744.216	24.49	
744.4	97.4	
744.585	67.91	
744.769	105.59	
744.954	93.1	
745.138	61.35	
745.322	34.53	
745.507	-8.48	
745.691	-27.94	
745.876	-39	
746.06	33.5	
746.244	48.66	
746.429	122.18	
746.613	108.66	
746.798	140.81	
746.982	76.3	
747.166	61.97	
747.35	14.46	
747.535	7.08	
747.719	0.94	
747.903	75.89	
748.087	43.33	
748.272	66.27	
748.456	104.16	
748.64	78.97	
748.824	45.38	
749.008	75.48	
749.192	60.74	
749.376	26.33	
749.56	31.04	
749.745	-8.89	
749.929	9.54	
750.113	47.02	
750.297	6.88	
750.481	44.15	
750.665	80.4	
750.849	52.55	
751.033	27.77	
751.217	31.04	
751.4	15.68	
751.584	1.35	
751.768	8.11	
751.952	4.42	
752.136	32.48	
752.32	-15.85	
752.504	10.77	
752.688	12.82	
752.871	1.14	
753.055	-3.77	
753.239	5.65	
753.423	18.96	
753.606	-11.55	
753.79	45.38	
753.974	58.69	
754.157	65.24	
754.341	15.07	
754.525	9.74	
754.708	-16.06	
754.892	-8.28	
755.076	41.69	
755.259	75.69	
755.443	49.07	
755.626	34.12	
755.81	42.72	
755.993	19.58	
756.177	-30.6	
756.36	33.09	
756.544	13.84	
756.727	-6.64	
756.911	3.6	
757.094	41.9	
757.278	2.17	
757.461	-5.21	
757.644	-10.53	
757.828	-59.48	
758.011	-50.26	
758.195	-20.77	
758.378	-5.61	
758.561	-14.01	
758.744	-27.53	
758.928	16.5	
759.111	-2.54	
759.294	40.87	
759.477	55.62	
759.661	90.84	
759.844	60.94	
760.027	60.74	
760.21	20.39	
760.393	37.39	
760.576	52.34	
760.76	1.55	
760.943	-17.7	
761.126	51.11	
761.309	86.75	
761.492	76.71	
761.675	85.52	
761.858	112.35	
762.041	19.78	
762.224	-85.9	
762.407	-96.14	
762.59	-69.31	
762.773	-117.23	
762.956	-122.55	
763.139	-70.33	
763.321	-35.92	
763.504	-90.81	
763.687	-33.06	
763.87	9.54	
764.053	7.08	
764.236	29.2	
764.418	65.24	
764.601	31.04	
764.784	45.58	
764.967	99.86	
765.149	60.53	
765.332	76.1	
765.515	119.93	
765.697	64.43	
765.88	27.97	
766.063	20.6	
766.245	-7.05	
766.428	-43.91	
766.611	-10.33	
766.793	-2.95	
766.976	36.57	
767.158	12.61	
767.341	79.17	
767.523	62.79	
767.706	75.08	
767.888	19.17	
768.071	133.85	
768.253	60.74	
768.436	88.8	
768.618	78.35	
768.8	170.1	
768.983	128.53	
769.165	138.56	
769.348	83.47	
769.53	48.25	
769.712	-42.48	
769.895	-78.73	
770.077	-55.79	
770.259	-24.87	
770.441	-29.99	
770.624	38.42	
770.806	69.14	
770.988	47.02	
771.17	43.74	
771.352	123.61	
771.535	137.33	
771.717	139.59	
771.899	141.84	
772.081	213.31	
772.263	141.63	
772.445	80.6	
772.627	7.29	
772.809	14.25	
772.991	-26.91	
773.173	25.72	
773.355	37.19	
773.537	75.48	
773.719	49.27	
773.901	95.15	
774.083	19.78	
774.265	-36.95	
774.447	-49.85	
774.629	-12.99	
774.811	-45.76	
774.992	17.53	
775.174	36.57	
775.356	90.64	
775.538	37.8	
775.72	-4.8	
775.901	-22	
776.083	-15.24	
776.265	-72.99	
776.447	3.81	
776.628	50.7	
776.81	41.9	
776.992	109.07	
777.173	128.94	
777.355	86.54	
777.537	102.72	
777.718	106.61	
777.9	95.96	
778.081	100.27	
778.263	141.22	
778.444	96.99	
778.626	87.36	
778.807	10.97	
778.989	-10.94	
779.17	-81.59	
779.352	-163.92	
779.533	-195.87	
779.715	-126.85	
779.896	-181.74	
780.078	-88.97	
780.259	-0.7	
780.44	24.29	
780.622	-3.98	
780.803	152.9	
780.984	110.1	
781.166	83.06	
781.347	83.68	
781.528	83.47	
781.709	-12.17	
781.891	6.67	
782.072	36.16	
782.253	71.8	
782.434	57.05	
782.615	59.72	
782.796	27.97	
782.978	75.48	
783.159	74.46	
783.34	142.86	
783.521	150.65	
783.702	173.99	
783.883	135.9	
784.064	156.79	
784.245	66.47	
784.426	117.06	
784.607	77.12	
784.788	92.28	
784.969	13.02	
785.15	72.41	
785.331	-43.09	
785.512	15.68	
785.692	-7.66	
785.873	33.5	
786.054	-10.33	
786.235	39.24	
786.416	36.78	
786.597	48.86	
786.777	20.39	
786.958	41.28	
787.139	65.04	
787.32	61.56	
787.5	57.67	
787.681	37.6	
787.862	40.67	
788.042	38.62	
788.223	13.02	
788.404	-51.49	
788.584	-5.21	
788.765	12.41	
788.946	3.81	
789.126	19.17	
789.307	115.22	
789.487	140.2	
789.668	84.5	
789.848	65.04	
790.029	0.32	
790.209	-66.64	
790.39	-123.99	
790.57	-124.19	
790.75	-51.28	
790.931	-21.59	
791.111	-35.92	
791.292	26.13	
791.472	63.81	
791.652	32.68	
791.833	33.91	
792.013	61.97	
792.193	-9.1	
792.373	21.83	
792.554	0.32	
792.734	26.33	
792.914	5.65	
793.094	61.15	
793.275	47.63	
793.455	39.03	
793.635	48.86	
793.815	86.34	
793.995	53.98	
794.175	46.61	
794.355	102.31	
794.535	107.23	
794.715	92.07	
794.896	103.95	
795.076	71.59	
795.256	94.94	
795.436	43.95	
795.616	73.44	
795.795	96.17	
795.975	105.18	
796.155	90.64	
796.335	127.71	
796.515	131.39	
796.695	160.89	
796.875	231.95	
797.055	192.22	
797.234	193.24	
797.414	181.16	
797.594	120.95	
797.774	70.98	
797.954	34.12	
798.133	46.61	
798.313	13.23	
798.493	45.99	
798.672	8.11	
798.852	29.82	
799.032	-31.01	
799.211	-28.76	
799.391	-45.14	
799.571	-46.37	
799.75	-69.72	
799.93	19.98	
800.109	21.83	
800.289	26.33	
800.468	24.49	
800.648	45.99	
800.827	-2.13	
801.007	5.65	
801.186	-35.52	
801.366	4.22	
801.545	22.85	
801.725	85.31	
801.904	36.57	
802.083	89.41	
802.263	53.98	
802.442	102.31	
802.621	29.82	
802.801	133.24	
802.98	154.13	
803.159	145.12	
803.338	56.85	
803.518	113.58	
803.697	29.61	
803.876	32.89	
804.055	51.73	
804.235	93.71	
804.414	17.32	
804.593	64.22	
804.772	17.32	
804.951	28.59	
805.13	-33.67	
805.309	16.71	
805.488	9.54	
805.667	36.98	
805.846	62.38	
806.025	110.71	
806.204	144.3	
806.383	111.32	
806.562	67.29	
806.741	45.79	
806.92	70.98	
807.099	17.73	
807.278	-21.59	
807.457	-21.38	
807.636	5.65	
807.814	-8.07	
807.993	-15.65	
808.172	48.45	
808.351	82.04	
808.53	66.06	
808.708	56.23	
808.887	61.97	
809.066	124.43	
809.244	103.54	
809.423	82.24	
809.602	69.34	
809.78	103.13	
809.959	43.33	
810.138	75.08	
810.316	109.28	
810.495	133.03	
810.673	65.86	
810.852	66.68	
811.03	75.89	
811.209	74.67	
811.388	75.69	
811.566	117.06	
811.744	121.36	
811.923	95.55	
812.101	81.42	
812.28	153.31	
812.458	173.99	
812.637	143.27	
812.815	159.25	
812.993	203.28	
813.172	179.93	
813.35	94.12	
813.528	130.78	
813.706	89	
813.885	45.38	
814.063	-30.6	
814.241	78.35	
814.419	98.83	
814.598	173.38	
814.776	154.74	
814.954	162.93	
815.132	135.9	
815.31	134.26	
815.488	33.09	
815.666	9.34	
815.844	-24.05	
816.022	-55.59	
816.201	-103.3	
816.379	-12.17	
816.557	32.27	
816.735	70.57	
816.913	50.7	
817.09	95.15	
817.268	31.66	
817.446	12	
817.624	-10.33	
817.802	89.41	
817.98	28.59	
818.158	31.04	
818.336	-10.53	
818.514	23.26	
818.691	-17.29	
818.869	66.47	
819.047	105.18	
819.225	141.63	
819.402	108.87	
819.58	158.43	
819.758	135.29	
819.935	110.5	
820.113	114.81	
820.291	124.23	
820.468	29.61	
820.646	30.84	
820.824	66.88	
821.001	160.48	
821.179	196.11	
821.356	221.91	
821.534	189.97	
821.711	132.01	
821.889	105.79	
822.066	98.42	
822.244	90.64	
822.421	134.47	
822.599	172.35	
822.776	102.11	
822.953	42.51	
823.131	19.17	
823.308	-29.58	
823.486	-23.23	
823.663	-17.29	
823.84	23.26	
824.017	-15.24	
824.195	-10.33	
824.372	-3.57	
824.549	-2.34	
824.726	-6.84	
824.904	15.48	
825.081	34.12	
825.258	-16.67	
825.435	-15.65	
825.612	25.92	
825.789	-2.13	
825.967	21.01	
826.144	78.97	
826.321	107.43	
826.498	62.99	
826.675	118.49	
826.852	34.53	
827.029	21.83	
827.206	20.19	
827.383	-16.67	
827.56	18.14	
827.737	63.61	
827.914	61.97	
828.09	39.85	
828.267	75.48	
828.444	53.16	
828.621	28.79	
828.798	86.95	
828.975	33.71	
829.151	27.56	
829.328	5.65	
829.505	86.34	
829.682	-10.73	
829.858	25.1	
830.035	85.52	
830.212	84.29	
830.389	36.98	
830.565	27.15	
830.742	83.27	
830.918	41.08	
831.095	44.36	
831.272	56.85	
831.448	53.98	
831.625	64.22	
831.801	83.88	
831.978	98.63	
832.154	59.92	
832.331	135.08	
832.507	70.36	
832.684	89.21	
832.86	110.1	
833.037	225.4	
833.213	168.87	
833.389	205.53	
833.566	116.85	
833.742	58.9	
833.918	-51.28	
834.095	-86.51	
834.271	-144.47	
834.447	-66.85	
834.624	-34.9	
834.8	-12.17	
834.976	53.78	
835.152	81.01	
835.328	66.88	
835.505	85.72	
835.681	75.48	
835.857	0.94	
836.033	38.21	
836.209	115.42	
836.385	110.3	
836.561	133.24	
836.737	197.34	
836.913	127.09	
837.089	72.62	
837.265	86.34	
837.441	114.6	
837.617	99.65	
837.793	129.55	
837.969	130.58	
838.145	96.99	
838.321	73.64	
838.497	75.48	
838.673	120.95	
838.849	55.21	
839.025	109.69	
839.2	92.48	
839.376	128.73	
839.552	71.18	
839.728	127.09	
839.903	74.05	
840.079	112.35	
840.255	69.55	
840.431	177.68	
840.606	103.34	
840.782	177.27	
840.958	83.47	
841.133	91.25	
841.309	22.44	
841.484	88.39	
841.66	1.55	
841.835	2.37	
842.011	-5	
842.186	41.08	
842.362	0.94	
842.537	53.98	
842.713	68.52	
842.888	66.88	
843.064	-9.92	
843.239	1.55	
843.415	-24.66	
843.59	33.91	
843.765	43.54	
843.941	77.94	
844.116	144.3	
844.291	107.43	
844.467	87.16	
844.642	118.08	
844.817	148.8	
844.992	85.31	
845.168	112.76	
845.343	142.45	
845.518	122.59	
845.693	118.29	
845.868	126.07	
846.043	99.04	
846.219	45.79	
846.394	77.33	
846.569	55.01	
846.744	29.82	
846.919	41.28	
847.094	167.23	
847.269	128.73	
847.444	111.53	
847.619	130.17	
847.794	241.57	
847.969	185.05	
848.144	196.72	
848.319	197.13	
848.494	217.2	
848.668	166.62	
848.843	157.2	
849.018	152.49	
849.193	141.84	
849.368	149.01	
849.542	189.97	
849.717	177.27	
849.892	166.21	
850.067	182.39	
850.241	205.12	
850.416	133.03	
850.591	141.63	
850.765	123.41	
850.94	165.8	
851.115	103.75	
851.289	119.52	
851.464	74.87	
851.639	104.57	
851.813	53.16	
851.988	115.42	
852.162	75.28	
852.337	88.8	
852.511	102.72	
852.686	178.29	
852.86	145.53	
853.035	159.04	
853.209	146.34	
853.383	164.16	
853.558	58.08	
853.732	77.53	
853.906	37.39	
854.081	62.99	
854.255	19.37	
854.429	76.92	
854.604	57.87	
854.778	137.74	
854.952	138.36	
855.126	170.51	
855.301	157.81	
855.475	131.8	
855.649	95.76	
855.823	53.37	
855.997	13.84	
856.171	25.1	
856.345	10.15	
856.52	19.78	
856.694	69.14	
856.868	136.72	
857.042	124.84	
857.216	214.13	
857.39	217.41	
857.564	167.23	
857.738	105.39	
857.912	89.41	
858.085	38.62	
858.259	30.02	
858.433	70.98	
858.607	49.89	
858.781	51.73	
858.955	30.02	
859.129	15.68	
859.302	26.74	
859.476	15.27	
859.65	117.47	
859.824	95.15	
859.997	130.78	
860.171	146.34	
860.345	213.93	
860.519	136.92	
860.692	169.9	
860.866	166.82	
861.039	168.67	
861.213	154.33	
861.387	128.32	
861.56	118.29	
861.734	144.3	
861.907	114.6	
862.081	94.33	
862.254	134.88	
862.428	176.04	
862.601	126.07	
862.775	133.65	
862.948	228.26	
863.122	209.42	
863.295	166.62	
863.468	157.2	
863.642	107.64	
863.815	44.56	
863.988	43.33	
864.162	66.88	
864.335	31.04	
864.508	75.89	
864.682	86.54	
864.855	72.82	
865.028	35.14	
865.201	111.53	
865.374	70.57	
865.548	105.79	
865.721	119.93	
865.894	215.16	
866.067	193.45	
866.24	239.94	
866.413	212.08	
866.586	205.74	
866.759	96.58	
866.932	71.59	
867.105	44.97	
867.278	-41.25	
867.451	-68.9	
867.624	1.14	
867.797	57.46	
867.97	47.63	
868.143	87.77	
868.316	140.2	
868.489	64.63	
868.661	29.2	
868.834	65.24	
869.007	112.35	
869.18	82.65	
869.353	113.78	
869.525	143.07	
869.698	111.94	
869.871	82.04	
870.044	89	
870.216	124.84	
870.389	78.56	
870.562	112.76	
870.734	149.42	
870.907	118.7	
871.079	109.69	
871.252	105.59	
871.425	126.68	
871.597	49.27	
871.77	169.08	
871.942	132.42	
872.115	124.84	
872.287	99.65	
872.459	118.08	
872.632	48.04	
872.804	74.26	
872.977	38.62	
873.149	52.34	
873.321	29.2	
873.494	19.37	
873.666	52.34	
873.838	72.21	
874.011	25.51	
874.183	83.88	
874.355	57.87	
874.528	18.14	
874.7	39.24	
874.872	129.76	
875.044	149.62	
875.216	193.24	
875.388	250.38	
875.561	286.43	
875.733	164.16	
875.905	117.26	
876.077	39.03	
876.249	78.97	
876.421	29	
876.593	33.91	
876.765	69.34	
876.937	155.77	
877.109	68.32	
877.281	100.88	
877.453	126.27	
877.625	89.82	
877.797	25.51	
877.968	6.26	
878.14	-11.96	
878.312	36.57	
878.484	6.47	
878.656	42.1	
878.828	29	
878.999	109.07	
879.171	32.68	
879.343	34.53	
879.515	18.35	
879.686	18.55	
879.858	-46.16	
880.03	7.49	
880.201	43.33	
880.373	30.84	
880.545	74.87	
880.716	118.08	
880.888	170.51	
881.059	185.87	
881.231	212.29	
881.402	238.3	
881.574	213.11	
881.745	185.87	
881.917	206.35	
882.088	205.12	
882.26	145.53	
882.431	177.06	
882.602	81.63	
882.774	59.1	
882.945	5.03	
883.116	-24.46	
883.288	-77.29	
883.459	-23.84	
883.63	-16.67	
883.802	18.96	
883.973	57.87	
884.144	91.66	
884.315	117.26	
884.487	142.66	
884.658	192.63	
884.829	229.9	
885	200.82	
885.171	214.95	
885.342	124.23	
885.513	84.7	
885.684	74.26	
885.855	104.36	
886.026	56.64	
886.197	129.55	
886.368	90.23	
886.539	114.81	
886.71	77.74	
886.881	95.15	
887.052	98.22	
887.223	146.34	
887.394	73.03	
887.565	129.76	
887.736	91.87	
887.907	104.36	
888.077	82.65	
888.248	86.34	
888.419	29.61	
888.59	32.68	
888.761	33.91	
888.931	54.39	
889.102	107.02	
889.273	91.25	
889.443	91.66	
889.614	33.5	
889.785	35.14	
889.955	13.84	
890.126	7.9	
890.296	72.41	
890.467	95.35	
890.637	178.09	
890.808	199.59	
890.978	260.83	
891.149	231.34	
891.319	331.07	
891.49	267.17	
891.66	255.71	
891.831	223.14	
892.001	239.32	
892.172	94.74	
892.342	90.43	
892.512	74.67	
892.683	127.3	
892.853	87.57	
893.023	150.24	
893.193	104.57	
893.364	113.99	
893.534	75.89	
893.704	142.25	
893.874	136.92	
894.044	168.26	
894.215	151.67	
894.385	194.06	
894.555	148.6	
894.725	207.78	
894.895	151.46	
895.065	187.71	
895.235	160.68	
895.405	227.24	
895.575	145.32	
895.745	216.23	
895.915	226.22	
