177.618	-198.91	
177.836	-190.21	
178.054	-183.14	
178.271	-132.76	
178.489	-71.53	
178.706	-31.39	
178.924	-5.79	
179.142	32.51	
179.359	17.56	
179.577	-10.7	
179.794	-7.63	
180.012	-8.45	
180.229	-27.9	
180.447	-24.63	
180.664	-21.35	
180.882	-33.43	
181.1	-27.9	
181.317	-36.51	
181.535	-36.91	
181.752	-49.41	
181.969	-32.2	
182.187	-21.15	
182.404	-6.81	
182.622	-9.27	
182.839	-1.69	
183.057	-6.4	
183.274	-16.03	
183.492	-15.21	
183.709	1.18	
183.926	-2.51	
184.144	-13.77	
184.361	-8.65	
184.579	0.36	
184.796	-14.8	
185.013	12.03	
185.231	8.55	
185.448	7.12	
185.666	10.39	
185.883	7.32	
186.1	-4.56	
186.317	15.31	
186.535	7.73	
186.752	-0.26	
186.969	12.44	
187.187	32.31	
187.404	5.68	
187.621	39.88	
187.839	44.39	
188.056	35.79	
188.273	18.18	
188.49	45.41	
188.708	22.48	
188.925	34.35	
189.142	32.92	
189.359	24.93	
189.576	10.39	
189.794	4.66	
190.011	-13.57	
190.228	-3.12	
190.445	3.64	
190.662	16.95	
190.879	11.01	
191.097	15.72	
191.314	11.01	
191.531	10.6	
191.748	-10.09	
191.965	-3.94	
192.182	-6.6	
192.399	1.59	
192.616	7.94	
192.834	29.85	
193.051	25.55	
193.268	33.33	
193.485	22.07	
193.702	9.57	
193.919	-4.97	
194.136	-11.32	
194.353	-21.96	
194.57	-14.59	
194.787	-20.33	
195.004	0.77	
195.221	15.51	
195.438	35.38	
195.655	28.83	
195.872	53.4	
196.089	14.69	
196.306	21.25	
196.523	17.36	
196.74	29.23	
196.957	11.42	
197.173	35.38	
197.39	23.5	
197.607	16.95	
197.824	6.5	
198.041	7.94	
198.258	6.91	
198.475	18.38	
198.692	5.89	
198.909	-5.58	
199.125	-15.82	
199.342	-0.26	
199.559	0.15	
199.776	19.2	
199.993	32.31	
200.21	38.66	
200.426	24.11	
200.643	13.26	
200.86	0.56	
201.077	-0.46	
201.293	-5.58	
201.51	-16.03	
201.727	-39.17	
201.944	-41.62	
202.16	-31.18	
202.377	-28.52	
202.594	-23.6	
202.811	-2.3	
203.027	5.07	
203.244	-1.89	
203.461	6.91	
203.677	24.11	
203.894	20.43	
204.111	11.42	
204.327	8.14	
204.544	6.5	
204.761	2.2	
204.977	2.41	
205.194	-4.76	
205.41	3.23	
205.627	2	
205.844	2	
206.06	1.18	
206.277	18.79	
206.493	1.59	
206.71	-0.05	
206.926	0.36	
207.143	16.74	
207.36	-5.17	
207.576	24.52	
207.793	22.48	
208.009	18.38	
208.226	-4.76	
208.442	13.47	
208.659	-9.27	
208.875	-10.5	
209.092	-10.7	
209.308	-0.26	
209.524	-5.79	
209.741	17.56	
209.957	38.86	
210.174	35.79	
210.39	28.62	
210.607	23.91	
210.823	-5.99	
211.039	-32.82	
211.256	-22.99	
211.472	-19.51	
211.688	-7.83	
211.905	0.77	
212.121	2	
212.338	-0.46	
212.554	4.86	
212.77	-0.05	
212.987	5.48	
213.203	24.73	
213.419	22.27	
213.635	19.61	
213.852	7.53	
214.068	-4.35	
214.284	-10.91	
214.501	-8.24	
214.717	-4.97	
214.933	3.84	
215.149	-2.71	
215.365	-14.18	
215.582	-33.43	
215.798	-34.05	
216.014	-29.34	
216.23	-13.57	
216.447	-11.72	
216.663	-1.69	
216.879	-12.13	
217.095	2.2	
217.311	-6.81	
217.527	2	
217.743	-0.87	
217.96	6.71	
218.176	-3.74	
218.392	13.87	
218.608	9.16	
218.824	7.32	
219.04	0.15	
219.256	13.67	
219.472	0.77	
219.688	6.71	
219.904	4.45	
220.12	20.02	
220.336	-6.81	
220.552	-1.69	
220.768	-6.6	
220.984	0.77	
221.2	-22.37	
221.416	-1.89	
221.632	-10.09	
221.848	-10.91	
222.064	-14.59	
222.28	-6.4	
222.496	-22.78	
222.712	-8.45	
222.928	-14.59	
223.144	1.79	
223.36	5.48	
223.576	8.96	
223.792	-0.26	
224.008	21.25	
224.224	10.19	
224.439	27.39	
224.655	30.87	
224.871	39.47	
225.087	22.89	
225.303	9.16	
225.519	-3.74	
225.734	14.69	
225.95	1.59	
226.166	0.36	
226.382	18.18	
226.598	18.38	
226.813	8.76	
227.029	16.13	
227.245	19.81	
227.461	28.01	
227.677	42.55	
227.892	29.44	
228.108	20.43	
228.324	38.45	
228.539	8.55	
228.755	13.26	
228.971	23.5	
229.186	36.61	
229.402	30.67	
229.618	59.14	
229.833	36.81	
230.049	28.62	
230.265	9.37	
230.48	10.8	
230.696	4.04	
230.912	11.42	
231.127	27.8	
231.343	31.08	
231.558	5.68	
231.774	15.31	
231.99	22.07	
232.205	14.08	
232.421	22.07	
232.636	32.72	
232.852	8.76	
233.067	-2.92	
233.283	-5.58	
233.498	5.48	
233.714	8.14	
233.929	22.89	
234.145	22.89	
234.36	20.22	
234.576	21.66	
234.791	34.97	
235.007	40.29	
235.222	49.1	
235.438	39.68	
235.653	48.69	
235.868	48.08	
236.084	58.52	
236.299	62.62	
236.515	65.28	
236.73	39.07	
236.945	29.03	
237.161	7.94	
237.376	5.68	
237.592	1.59	
237.807	15.92	
238.022	15.51	
238.238	15.51	
238.453	-0.05	
238.668	5.27	
238.883	-13.16	
239.099	-9.27	
239.314	-13.77	
239.529	-1.48	
239.745	15.31	
239.96	35.79	
240.175	32.72	
240.39	65.69	
240.605	70.4	
240.821	42.75	
241.036	34.35	
241.251	50.74	
241.466	25.55	
241.681	15.92	
241.897	27.6	
242.112	26.98	
242.327	4.25	
242.542	9.37	
242.757	10.6	
242.972	9.57	
243.188	0.97	
243.403	10.6	
243.618	3.02	
243.833	4.86	
244.048	13.26	
244.263	19.61	
244.478	21.66	
244.693	14.28	
244.908	22.68	
245.123	30.05	
245.338	31.69	
245.553	33.74	
245.768	14.9	
245.983	5.27	
246.198	-6.6	
246.413	-1.69	
246.628	-11.72	
246.843	5.27	
247.058	6.91	
247.273	12.24	
247.488	9.16	
247.703	18.38	
247.918	18.79	
248.133	22.89	
248.348	11.42	
248.563	34.35	
248.778	23.09	
248.993	40.91	
249.207	47.05	
249.422	54.22	
249.637	2.82	
249.852	5.27	
250.067	-12.75	
250.282	-42.44	
250.496	-50.84	
250.711	-13.16	
250.926	-24.63	
251.141	-11.11	
251.356	-3.53	
251.57	3.64	
251.785	-13.36	
252	-13.57	
252.215	-16.64	
252.43	13.06	
252.644	13.47	
252.859	23.71	
253.074	33.54	
253.288	22.48	
253.503	-5.58	
253.718	4.04	
253.932	19.4	
254.147	26.98	
254.362	24.93	
254.576	44.18	
254.791	25.55	
255.006	3.02	
255.22	5.27	
255.435	20.22	
255.65	24.32	
255.864	39.68	
256.079	36.4	
256.293	23.3	
256.508	23.3	
256.723	23.3	
256.937	1.59	
257.152	8.35	
257.366	18.79	
257.581	12.85	
257.795	-6.2	
258.01	19.61	
258.224	22.68	
258.439	20.63	
258.653	14.28	
258.868	13.47	
259.082	-0.87	
259.297	3.84	
259.511	-10.7	
259.726	-6.6	
259.94	-0.67	
260.154	-0.46	
260.369	-15.82	
260.583	11.01	
260.798	8.35	
261.012	13.47	
261.226	16.95	
261.441	32.92	
261.655	19.81	
261.869	25.55	
262.084	18.59	
262.298	17.36	
262.512	-2.71	
262.727	-1.08	
262.941	2.82	
263.155	-1.48	
263.37	0.97	
263.584	10.8	
263.798	3.64	
264.012	28.01	
264.227	39.47	
264.441	48.69	
264.655	36.61	
264.869	55.86	
265.084	20.63	
265.298	15.51	
265.512	-12.13	
265.726	8.35	
265.94	-6.81	
266.155	5.27	
266.369	-0.46	
266.583	28.21	
266.797	20.84	
267.011	37.02	
267.225	44.8	
267.439	46.03	
267.654	38.86	
267.868	31.69	
268.082	8.55	
268.296	-19.51	
268.51	-30.57	
268.724	-17.66	
268.938	-18.89	
269.152	-5.17	
269.366	3.23	
269.58	28.62	
269.794	12.44	
270.008	41.11	
270.222	32.31	
270.436	38.66	
270.65	24.93	
270.864	24.93	
271.078	1.59	
271.292	3.64	
271.506	3.64	
271.72	7.53	
271.934	14.49	
272.148	3.23	
272.362	3.43	
272.575	8.96	
272.789	2.82	
273.003	-1.08	
273.217	14.9	
273.431	8.76	
273.645	12.44	
273.859	31.49	
274.073	42.75	
274.286	45	
274.5	38.45	
274.714	27.6	
274.928	15.31	
275.142	-1.08	
275.355	-5.58	
275.569	11.21	
275.783	1.59	
275.997	0.97	
276.21	4.04	
276.424	18.99	
276.638	-0.26	
276.852	20.22	
277.065	12.03	
277.279	15.1	
277.493	13.26	
277.706	44.59	
277.92	51.97	
278.134	45	
278.347	28.21	
278.561	9.57	
278.775	-1.08	
278.988	-15.41	
279.202	2.61	
279.415	17.56	
279.629	12.24	
279.843	5.27	
280.056	21.86	
280.27	36.81	
280.483	25.14	
280.697	34.35	
280.91	49.51	
281.124	50.33	
281.337	28.83	
281.551	49.92	
281.764	43.78	
281.978	28.21	
282.191	-3.12	
282.405	9.78	
282.618	-7.42	
282.832	1.79	
283.045	10.19	
283.259	34.15	
283.472	30.46	
283.686	19.4	
283.899	10.19	
284.112	0.56	
284.326	-3.74	
284.539	-3.74	
284.752	27.39	
284.966	24.52	
285.179	31.08	
285.393	39.27	
285.606	34.56	
285.819	29.85	
286.033	23.3	
286.246	38.25	
286.459	21.66	
286.672	22.89	
286.886	8.76	
287.099	27.39	
287.312	-1.89	
287.525	-3.53	
287.739	-10.91	
287.952	8.35	
288.165	10.39	
288.378	20.02	
288.592	14.49	
288.805	16.95	
289.018	16.54	
289.231	18.18	
289.444	26.78	
289.657	23.91	
289.871	20.02	
290.084	-2.3	
290.297	2.2	
290.51	0.36	
290.723	11.21	
290.936	37.84	
291.149	36.81	
291.362	38.25	
291.575	43.16	
291.789	41.73	
292.002	18.79	
292.215	32.31	
292.428	-7.42	
292.641	-12.75	
292.854	-6.6	
293.067	-5.99	
293.28	-22.78	
293.493	-0.05	
293.706	-18.28	
293.919	-12.13	
294.132	-14.39	
294.345	-12.54	
294.558	-10.29	
294.77	4.86	
294.983	-4.35	
295.196	11.01	
295.409	24.52	
295.622	42.55	
295.835	37.63	
296.048	54.02	
296.261	37.84	
296.474	46.64	
296.686	26.16	
296.899	34.76	
297.112	18.59	
297.325	25.14	
297.538	24.73	
297.751	30.26	
297.963	34.15	
298.176	30.67	
298.389	23.91	
298.602	24.52	
298.814	78.39	
299.027	63.44	
299.24	74.9	
299.453	95.59	
299.665	69.37	
299.878	16.13	
300.091	13.67	
300.303	5.07	
300.516	-24.22	
300.729	-12.95	
300.941	-8.65	
301.154	-20.53	
301.367	-29.34	
301.579	-17.25	
301.792	-5.79	
302.005	-15.41	
302.217	-0.87	
302.43	-2.92	
302.642	1.38	
302.855	-12.95	
303.067	-5.79	
303.28	5.48	
303.493	4.66	
303.705	18.18	
303.918	34.97	
304.13	42.75	
304.343	29.23	
304.555	42.34	
304.768	25.55	
304.98	23.91	
305.193	-9.06	
305.405	8.76	
305.617	-8.86	
305.83	1.38	
306.042	-9.47	
306.255	7.73	
306.467	-21.55	
306.68	-15.62	
306.892	-26.47	
307.104	-19.1	
307.317	-21.15	
307.529	-7.63	
307.741	7.73	
307.954	13.67	
308.166	-3.53	
308.378	17.77	
308.591	34.15	
308.803	44.59	
309.015	53.61	
309.228	69.17	
309.44	50.53	
309.652	37.63	
309.864	16.74	
310.077	-1.48	
310.289	-12.95	
310.501	-8.86	
310.713	-10.29	
310.926	-3.94	
311.138	-4.35	
311.35	9.16	
311.562	6.09	
311.774	21.86	
311.986	13.06	
312.199	36.81	
312.411	23.09	
312.623	28.83	
312.835	3.02	
313.047	-3.53	
313.259	-13.57	
313.471	-2.51	
313.683	-10.91	
313.895	9.98	
314.108	22.89	
314.32	25.75	
314.532	12.65	
314.744	20.63	
314.956	23.09	
315.168	19.2	
315.38	3.43	
315.592	24.32	
315.804	25.75	
316.016	38.66	
316.228	44.59	
316.44	47.67	
316.651	43.16	
316.863	34.76	
317.075	11.21	
317.287	-7.63	
317.499	-9.06	
317.711	-8.86	
317.923	-9.68	
318.135	-11.32	
318.347	1.79	
318.559	13.87	
318.77	13.06	
318.982	20.22	
319.194	13.06	
319.406	11.21	
319.618	2.2	
319.83	-9.06	
320.041	-11.93	
320.253	-2.92	
320.465	-4.35	
320.677	-3.74	
320.888	6.09	
321.1	12.24	
321.312	28.01	
321.524	34.15	
321.735	22.89	
321.947	3.64	
322.159	-16.64	
322.37	-40.19	
322.582	-50.23	
322.794	-28.93	
323.005	-9.88	
323.217	-4.15	
323.429	-7.42	
323.64	26.37	
323.852	12.24	
324.063	14.9	
324.275	25.55	
324.487	40.5	
324.698	0.36	
324.91	2.2	
325.121	-13.77	
325.333	-25.45	
325.544	-29.75	
325.756	-12.95	
325.967	-8.24	
326.179	4.25	
326.39	21.04	
326.602	25.34	
326.813	9.78	
327.025	9.37	
327.236	-16.64	
327.448	-28.93	
327.659	-36.1	
327.871	-13.16	
328.082	-19.92	
328.293	3.84	
328.505	15.72	
328.716	15.31	
328.928	-1.89	
329.139	12.03	
329.35	8.55	
329.562	9.16	
329.773	15.51	
329.984	23.71	
330.196	16.33	
330.407	23.09	
330.618	12.03	
330.83	0.97	
331.041	15.1	
331.252	13.06	
331.463	6.71	
331.675	28.01	
331.886	41.32	
332.097	34.35	
332.308	31.69	
332.52	46.23	
332.731	28.83	
332.942	36.81	
333.153	45.21	
333.364	49.51	
333.575	46.64	
333.787	49.1	
333.998	32.92	
334.209	35.38	
334.42	33.13	
334.631	25.14	
334.842	30.46	
335.053	36.2	
335.264	26.16	
335.475	27.8	
335.686	23.71	
335.898	32.92	
336.109	33.54	
336.32	28.62	
336.531	24.32	
336.742	22.07	
336.953	-0.05	
337.164	-17.25	
337.375	-21.35	
337.586	-17.05	
337.797	-14.8	
338.007	-6.4	
338.218	-7.22	
338.429	10.6	
338.64	13.47	
338.851	21.45	
339.062	21.04	
339.273	43.57	
339.484	16.74	
339.695	-7.01	
339.906	3.02	
340.116	11.62	
340.327	9.57	
340.538	29.03	
340.749	32.1	
340.96	17.56	
341.171	-4.56	
341.381	-8.24	
341.592	-16.84	
341.803	-12.54	
342.014	-18.69	
342.224	-8.65	
342.435	-12.13	
342.646	-25.04	
342.857	-14.39	
343.067	-23.4	
343.278	-11.93	
343.489	-10.5	
343.699	-1.89	
343.91	-9.88	
344.121	-12.54	
344.331	-28.31	
344.542	-29.13	
344.753	-13.36	
344.963	3.84	
345.174	31.28	
345.384	44.8	
345.595	47.87	
345.806	37.43	
346.016	16.74	
346.227	1.59	
346.437	7.32	
346.648	-5.17	
346.858	3.64	
347.069	7.94	
347.279	9.16	
347.49	1.38	
347.7	16.54	
347.911	-1.08	
348.121	4.04	
348.332	8.35	
348.542	-3.33	
348.753	-8.86	
348.963	17.36	
349.173	26.57	
349.384	34.56	
349.594	49.92	
349.805	62.82	
350.015	37.63	
350.225	33.95	
350.436	42.75	
350.646	39.27	
350.856	30.87	
351.067	46.44	
351.277	46.44	
351.487	26.16	
351.698	32.31	
351.908	46.44	
352.118	52.58	
352.328	65.48	
352.539	102.76	
352.749	116.07	
352.959	125.49	
353.169	132.45	
353.38	136.14	
353.59	144.33	
353.8	158.67	
354.01	178.53	
354.22	204.75	
354.431	251.44	
354.641	252.46	
354.851	277.65	
355.061	297.72	
355.271	338.07	
355.481	338.89	
355.691	379.03	
355.901	401.35	
356.111	438.62	
356.321	452.55	
356.532	503.95	
356.742	527.92	
356.952	577.07	
357.162	607.17	
357.372	666.77	
357.582	706.7	
357.792	764.46	
358.002	811.15	
358.212	896.96	
358.422	964.95	
358.632	1044.62	
358.842	1152.75	
359.051	1276.04	
359.261	1353.86	
359.471	1469.37	
359.681	1607.81	
359.891	1722.5	
360.101	1828.38	
360.311	1997.95	
360.521	2165.47	
360.731	2347.54	
360.94	2542.71	
361.15	2771.87	
361.36	2989.98	
361.57	3207.27	
361.78	3443.4	
361.989	3715.17	
362.199	4014.99	
362.409	4359.66	
362.619	4726.25	
362.828	5155.3	
363.038	5607.29	
363.248	6069.92	
363.458	6561.85	
363.667	7091.04	
363.877	7542.21	
364.087	8012.01	
364.296	8487.76	
364.506	8994.83	
364.716	9445.39	
364.925	9978.47	
365.135	10535.11	
365.345	11100.14	
365.554	11603.53	
365.764	12139.69	
365.973	12562.19	
366.183	12933.08	
366.393	13209.96	
366.602	13470.05	
366.812	13658.06	
367.021	13887.84	
367.231	14049.22	
367.44	14201.18	
367.65	14312.18	
367.859	14438.13	
368.069	14493.83	
368.278	14512.06	
368.488	14447.14	
368.697	14359.49	
368.907	14216.13	
369.116	14111.07	
369.326	14006.62	
369.535	13942.11	
369.744	13780.94	
369.954	13619.35	
370.163	13367.25	
370.373	13134.6	
370.582	12873.28	
370.791	12673.19	
371.001	12477.81	
371.21	12304.96	
371.419	12070.06	
371.629	11853.59	
371.838	11665.59	
372.047	11543.12	
372.256	11357.37	
372.466	11245.35	
372.675	11124.52	
372.884	10966	
373.093	10722.5	
373.303	10528.35	
373.512	10290.58	
373.721	10078.82	
373.93	9830.2	
374.139	9594.27	
374.349	9349.95	
374.558	9144.33	
374.767	8891.21	
374.976	8677.6	
375.185	8480.59	
375.394	8257.97	
375.603	7998.29	
375.813	7760.32	
376.022	7525.82	
376.231	7240.34	
376.44	7004.82	
376.649	6777.09	
376.858	6557.54	
377.067	6299.5	
377.276	6100.64	
377.485	5891.14	
377.694	5709.28	
377.903	5523.93	
378.112	5353.54	
378.321	5195.44	
378.53	5031.4	
378.739	4860.6	
378.948	4682.42	
379.157	4526.98	
379.366	4370.11	
379.575	4229.82	
379.784	4046.12	
379.992	3908.7	
380.201	3790.74	
380.41	3635.5	
380.619	3492.96	
380.828	3383.19	
381.037	3284.28	
381.246	3156.89	
381.454	3052.24	
381.663	2991.42	
381.872	2915.23	
382.081	2832.08	
382.29	2762.86	
382.498	2722.72	
382.707	2626.06	
382.916	2567.08	
383.125	2475.53	
383.333	2440.72	
383.542	2382.15	
383.751	2337.91	
383.959	2269.1	
384.168	2250.87	
384.377	2189.43	
384.585	2100.55	
384.794	2039.52	
385.003	1980.13	
385.211	1898.83	
385.42	1819.57	
385.628	1788.24	
385.837	1746.25	
386.046	1705.5	
386.254	1672.12	
386.463	1620.1	
386.671	1579.55	
386.88	1517.08	
387.088	1475.92	
387.297	1414.89	
387.505	1396.46	
387.714	1329.69	
387.922	1289.35	
388.131	1236.31	
388.339	1209.27	
388.548	1153.77	
388.756	1104.01	
388.965	1058.34	
389.173	1011.03	
389.381	968.84	
389.59	937.1	
389.798	924.4	
390.007	905.15	
390.215	880.17	
390.423	878.12	
390.632	850.47	
390.84	831.42	
391.048	774.9	
391.257	759.13	
391.465	699.74	
391.673	699.94	
391.882	672.09	
392.09	677.62	
392.298	673.73	
392.506	660.83	
392.715	627.86	
392.923	625.6	
393.131	610.24	
393.339	580.96	
393.547	557	
393.756	528.12	
393.964	491.05	
394.172	477.74	
394.38	459.51	
394.588	479.58	
394.796	483.88	
395.005	488.18	
395.213	466.27	
395.421	472.62	
395.629	448.45	
395.837	424.9	
396.045	417.94	
396.253	418.55	
396.461	392.75	
396.669	371.45	
396.877	366.13	
397.085	359.78	
397.293	346.87	
397.501	343.39	
397.709	348.72	
397.917	359.37	
398.125	352.61	
398.333	355.27	
398.541	338.48	
398.749	332.13	
398.957	307.76	
399.165	290.56	
399.373	288.51	
399.581	298.13	
399.788	281.75	
399.996	265.78	
400.204	258.81	
400.412	246.52	
400.62	222.15	
400.828	225.84	
401.035	232.6	
401.243	234.03	
401.451	230.35	
401.659	233.21	
401.867	234.03	
402.074	227.48	
402.282	214.17	
402.49	205.16	
402.697	221.13	
402.905	213.76	
403.113	210.89	
403.321	205.77	
403.528	195.53	
403.736	179.15	
403.944	176.89	
404.151	173.41	
404.359	173.62	
404.566	173.82	
404.774	163.79	
404.982	145.15	
405.189	144.13	
405.397	129.99	
405.604	137.37	
405.812	135.93	
406.02	128.97	
406.227	131.02	
406.435	126.72	
406.642	117.3	
406.85	135.11	
407.057	159.28	
407.265	156	
407.472	168.5	
407.679	158.05	
407.887	139.62	
408.094	129.99	
408.302	126.92	
408.509	120.98	
408.717	123.24	
408.924	110.95	
409.131	96.82	
409.339	96	
409.546	108.29	
409.753	101.32	
409.961	109.92	
410.168	117.71	
410.375	129.99	
410.583	110.74	
410.79	122.42	
410.997	128.36	
411.205	122.42	
411.412	116.89	
411.619	125.69	
411.826	129.18	
412.034	141.67	
412.241	145.15	
412.448	132.04	
412.655	108.49	
412.862	93.54	
413.07	75.31	
413.277	63.85	
413.484	57.91	
413.691	77.77	
413.898	70.6	
414.105	59.54	
414.312	57.5	
414.519	61.59	
414.727	47.67	
414.934	53.2	
415.141	53.81	
415.348	59.95	
415.555	48.08	
415.762	52.79	
415.969	49.51	
416.176	54.02	
416.383	52.17	
416.59	39.07	
416.797	29.44	
417.004	33.74	
417.211	27.39	
417.418	31.69	
417.625	45.82	
417.831	48.69	
418.038	59.14	
418.245	65.69	
418.452	68.56	
418.659	59.14	
418.866	53.4	
419.073	32.1	
419.28	32.1	
419.486	28.62	
419.693	34.15	
419.9	43.98	
420.107	52.58	
420.314	55.04	
420.52	47.26	
420.727	66.3	
420.934	65.48	
421.141	52.17	
421.347	42.34	
421.554	55.24	
421.761	31.9	
421.967	40.09	
422.174	55.04	
422.381	51.97	
422.588	43.37	
422.794	52.99	
423.001	61.59	
423.207	63.44	
423.414	57.91	
423.621	52.58	
423.827	47.05	
424.034	39.07	
424.24	34.97	
424.447	40.29	
424.654	32.51	
424.86	38.66	
425.067	18.79	
425.273	15.51	
425.48	33.54	
425.686	50.94	
425.893	49.51	
426.099	56.88	
426.306	68.35	
426.512	52.79	
426.718	61.8	
426.925	52.79	
427.131	41.73	
427.338	28.21	
427.544	25.34	
427.75	-4.35	
427.957	-18.48	
428.163	-3.12	
428.37	-1.28	
428.576	-5.99	
428.782	-1.69	
428.988	23.3	
429.195	21.86	
429.401	16.33	
429.607	28.42	
429.814	51.76	
430.02	41.93	
430.226	29.64	
430.432	28.83	
430.639	32.92	
430.845	17.77	
431.051	32.72	
431.257	40.7	
431.463	48.69	
431.67	38.04	
431.876	37.22	
432.082	20.43	
432.288	30.67	
432.494	37.43	
432.7	48.28	
432.906	35.79	
433.112	34.97	
433.318	42.14	
433.525	46.64	
433.731	33.95	
433.937	52.79	
434.143	57.91	
434.349	43.57	
434.555	30.05	
434.761	28.42	
434.967	11.01	
435.173	18.38	
435.379	29.44	
435.585	29.85	
435.791	52.17	
435.996	72.86	
436.202	61.59	
436.408	46.03	
436.614	57.5	
436.82	52.79	
437.026	41.93	
437.232	53.2	
437.438	52.17	
437.644	26.57	
437.849	13.47	
438.055	16.95	
438.261	0.77	
438.467	0.77	
438.673	25.14	
438.878	22.48	
439.084	13.87	
439.29	36.81	
439.496	45.21	
439.701	32.92	
439.907	24.93	
440.113	20.63	
440.318	8.55	
440.524	3.84	
440.73	-5.58	
440.935	-4.76	
441.141	-11.11	
441.347	14.08	
441.552	-0.87	
441.758	14.9	
441.964	12.44	
442.169	29.03	
442.375	-4.35	
442.58	12.24	
442.786	20.84	
442.991	33.13	
443.197	23.91	
443.402	31.9	
443.608	35.17	
443.813	22.68	
444.019	31.08	
444.224	35.99	
444.43	32.1	
444.635	42.75	
444.841	35.58	
445.046	41.73	
445.252	29.85	
445.457	32.1	
445.662	18.18	
445.868	15.92	
446.073	-4.97	
446.278	1.18	
446.484	-5.79	
446.689	-18.89	
446.894	-26.88	
447.1	-30.57	
447.305	-16.03	
447.51	0.77	
447.716	-13.57	
447.921	6.5	
448.126	32.1	
448.331	1.79	
448.537	-12.54	
448.742	9.57	
448.947	-7.63	
449.152	-33.23	
449.357	-5.38	
449.563	15.51	
449.768	6.09	
449.973	11.62	
450.178	21.25	
450.383	6.5	
450.588	-17.25	
450.793	-4.15	
450.999	16.13	
451.204	12.85	
451.409	12.24	
451.614	29.03	
451.819	22.27	
452.024	-1.08	
452.229	0.97	
452.434	13.47	
452.639	-11.52	
452.844	-0.67	
453.049	-9.47	
453.254	-17.25	
453.459	-32.61	
453.664	-17.05	
453.869	-26.67	
454.074	-16.84	
454.279	-1.89	
454.483	0.15	
454.688	-9.47	
454.893	11.01	
455.098	22.89	
455.303	15.1	
455.508	22.89	
455.713	36.61	
455.917	6.71	
456.122	12.85	
456.327	-5.79	
456.532	0.56	
456.737	-12.13	
456.941	-0.46	
457.146	-11.11	
457.351	-0.67	
457.555	6.5	
457.76	18.79	
457.965	22.27	
458.17	19.81	
458.374	30.05	
458.579	16.33	
458.784	0.77	
458.988	-10.5	
459.193	-2.3	
459.397	-13.16	
459.602	-10.5	
459.807	11.42	
460.011	11.01	
460.216	6.71	
460.42	-3.33	
460.625	-16.64	
460.829	-25.86	
461.034	-41.01	
461.239	-49.2	
461.443	-34.66	
461.648	-17.66	
461.852	-37.32	
462.056	-4.97	
462.261	-4.76	
462.465	11.21	
462.67	1.18	
462.874	15.72	
463.079	-0.26	
463.283	1.59	
463.487	-7.42	
463.692	-4.97	
463.896	-16.43	
464.1	-15.21	
464.305	-6.6	
464.509	-28.31	
464.713	-23.19	
464.918	-4.15	
465.122	11.62	
465.326	5.89	
465.531	14.69	
465.735	4.66	
465.939	-2.92	
466.143	-19.51	
466.348	-27.08	
466.552	-44.7	
466.756	-41.83	
466.96	-32.61	
467.164	-23.6	
467.368	-16.84	
467.573	11.01	
467.777	10.19	
467.981	3.23	
468.185	-3.33	
468.389	0.15	
468.593	-29.54	
468.797	-33.23	
469.001	-32.2	
469.205	-47.15	
469.409	-45.31	
469.613	-18.69	
469.817	-12.54	
470.021	-15.62	
470.225	4.25	
470.429	2.2	
470.633	-0.67	
470.837	-0.67	
471.041	-4.35	
471.245	-19.71	
471.449	-21.55	
471.653	-15	
471.857	-11.11	
472.061	-12.34	
472.265	-7.01	
472.469	-17.05	
472.673	-18.28	
472.876	-26.27	
473.08	-22.99	
473.284	-2.71	
473.488	-1.89	
473.692	3.43	
473.895	25.14	
474.099	22.68	
474.303	17.97	
474.507	29.64	
474.71	26.78	
474.914	1.79	
475.118	7.32	
475.322	-2.71	
475.525	-24.22	
475.729	-26.27	
475.933	-22.99	
476.136	-0.05	
476.34	1.59	
476.543	29.64	
476.747	28.62	
476.951	36.81	
477.154	7.32	
477.358	19.4	
477.561	2.41	
477.765	7.94	
477.969	4.45	
478.172	11.62	
478.376	6.91	
478.579	19.4	
478.783	9.16	
478.986	7.73	
479.19	1.59	
479.393	1.79	
479.596	-2.51	
479.8	9.98	
480.003	2.41	
480.207	11.42	
480.41	0.15	
480.614	3.64	
480.817	-20.94	
481.02	4.66	
481.224	11.42	
481.427	20.02	
481.63	28.01	
481.834	47.05	
482.037	17.56	
482.24	-1.69	
482.443	-13.36	
482.647	-35.07	
482.85	-38.14	
483.053	-22.17	
483.256	-31.59	
483.46	-22.17	
483.663	-18.28	
483.866	-14.8	
484.069	-26.67	
484.272	-23.81	
484.476	-24.42	
484.679	-10.91	
484.882	-0.87	
485.085	0.97	
485.288	7.53	
485.491	17.77	
485.694	10.19	
485.897	-2.1	
486.101	8.96	
486.304	29.23	
486.507	8.14	
486.71	11.21	
486.913	-1.48	
487.116	-5.17	
487.319	-20.53	
487.522	-4.15	
487.725	4.04	
487.928	25.34	
488.13	17.15	
488.333	13.47	
488.536	9.37	
488.739	-4.97	
488.942	-13.57	
489.145	-10.7	
489.348	-7.42	
489.551	-11.93	
489.754	-9.06	
489.956	-17.66	
490.159	-24.22	
490.362	-26.47	
490.565	-42.85	
490.768	-42.65	
490.97	-20.53	
491.173	-8.24	
491.376	-1.28	
491.579	22.48	
491.781	25.75	
491.984	0.15	
492.187	-4.35	
492.39	-18.89	
492.592	-23.6	
492.795	-32.61	
492.998	-36.1	
493.2	-29.95	
493.403	-13.36	
493.605	-0.26	
493.808	-9.27	
494.011	-7.63	
494.213	-16.03	
494.416	-20.33	
494.618	-49.41	
494.821	-44.7	
495.023	-25.86	
495.226	-21.15	
495.428	-22.78	
495.631	-15.21	
495.833	4.04	
496.036	-2.71	
496.238	-7.83	
496.441	3.02	
496.643	11.62	
496.846	-0.26	
497.048	2	
497.25	5.89	
497.453	1.38	
497.655	23.3	
497.858	29.44	
498.06	38.04	
498.262	31.28	
498.465	39.27	
498.667	17.97	
498.869	14.49	
499.071	-2.92	
499.274	4.04	
499.476	-11.72	
499.678	-6.4	
499.881	-9.06	
500.083	0.15	
500.285	-7.01	
500.487	4.45	
500.689	-10.91	
500.892	-17.25	
501.094	-33.84	
501.296	-20.12	
501.498	-29.54	
501.7	-28.93	
501.902	-28.52	
502.104	-11.32	
502.306	-13.77	
502.509	-7.63	
502.711	-7.63	
502.913	8.96	
503.115	-3.33	
503.317	-12.13	
503.519	-19.71	
503.721	-2.51	
503.923	-0.46	
504.125	2.2	
504.327	2.61	
504.529	10.6	
504.731	-6.6	
504.933	-4.35	
505.134	7.32	
505.336	12.85	
505.538	7.73	
505.74	11.62	
505.942	-16.84	
506.144	-25.86	
506.346	-28.52	
506.548	-19.71	
506.749	-9.06	
506.951	3.23	
507.153	-13.57	
507.355	-7.83	
507.557	-15.21	
507.758	-27.49	
507.96	-21.96	
508.162	1.59	
508.363	-8.04	
508.565	-5.99	
508.767	-16.64	
508.969	-11.93	
509.17	-4.97	
509.372	-7.63	
509.574	-23.4	
509.775	-12.13	
509.977	-30.98	
510.178	-34.66	
510.38	-30.16	
510.582	-20.74	
510.783	-29.75	
510.985	-18.89	
511.186	-35.89	
511.388	-21.55	
511.589	-4.97	
511.791	7.53	
511.992	-8.04	
512.194	-1.48	
512.395	-29.34	
512.597	-49.61	
512.798	-46.54	
513	-31.18	
513.201	-16.43	
513.403	13.87	
513.604	29.85	
513.805	31.69	
514.007	27.8	
514.208	8.55	
514.409	-7.63	
514.611	-25.24	
514.812	-25.86	
515.013	-15	
515.215	-15.82	
515.416	-25.45	
515.617	-32.2	
515.819	-46.13	
516.02	-51.66	
516.221	-34.66	
516.422	-17.05	
516.623	1.79	
516.825	7.73	
517.026	13.26	
517.227	-16.43	
517.428	-29.95	
517.629	-34.25	
517.83	-24.01	
518.032	-26.88	
518.233	3.64	
518.434	6.09	
518.635	7.53	
518.836	-1.89	
519.037	-1.48	
519.238	-9.88	
519.439	-11.72	
519.64	-11.11	
519.841	-3.94	
520.042	-18.69	
520.243	-32	
520.444	-28.11	
520.645	-17.25	
520.846	-31.18	
521.047	-12.13	
521.248	-9.06	
521.449	-0.67	
521.65	-10.7	
521.851	14.08	
522.052	-3.53	
522.252	-0.67	
522.453	-3.74	
522.654	-11.93	
522.855	-34.87	
523.056	-25.45	
523.257	-15.82	
523.457	-7.22	
523.658	-3.53	
523.859	-5.38	
524.06	-9.27	
524.26	-24.63	
524.461	-37.94	
524.662	-44.08	
524.862	-36.51	
525.063	-21.55	
525.264	-13.98	
525.464	-9.68	
525.665	8.14	
525.866	20.63	
526.066	3.64	
526.267	7.53	
526.468	4.66	
526.668	6.71	
526.869	-2.3	
527.069	-10.09	
527.27	-14.39	
527.47	-0.26	
527.671	-14.8	
527.871	-27.9	
528.072	-11.52	
528.272	-14.59	
528.473	-26.88	
528.673	-7.63	
528.874	4.04	
529.074	6.91	
529.275	18.99	
529.475	18.99	
529.675	3.23	
529.876	8.55	
530.076	-2.92	
530.277	-12.95	
530.477	-11.11	
530.677	-23.19	
530.878	-44.08	
531.078	-27.7	
531.278	-34.25	
531.478	-29.54	
531.679	-30.36	
531.879	-21.55	
532.079	-22.17	
532.28	-10.5	
532.48	-25.65	
532.68	-17.25	
532.88	-8.65	
533.08	-20.74	
533.28	-15.21	
533.481	-4.35	
533.681	-10.29	
533.881	-20.33	
534.081	-28.31	
534.281	-35.07	
534.481	-33.23	
534.681	-17.05	
534.881	4.25	
535.081	21.66	
535.281	17.77	
535.481	28.62	
535.682	13.06	
535.882	-10.7	
536.082	-32	
536.281	-35.69	
536.481	-34.66	
536.681	-20.53	
536.881	-12.34	
537.081	1.38	
537.281	13.06	
537.481	-0.46	
537.681	-3.74	
537.881	-9.47	
538.081	-1.48	
538.281	-5.17	
538.48	-32.61	
538.68	-39.58	
538.88	-30.77	
539.08	-35.48	
539.28	-36.1	
539.479	-0.26	
539.679	1.38	
539.879	-4.56	
540.079	-6.4	
540.278	0.97	
540.478	-12.75	
540.678	-10.5	
540.877	-5.58	
541.077	-24.83	
541.277	-31.39	
541.476	-13.36	
541.676	-17.05	
541.876	-11.93	
542.075	6.5	
542.275	0.15	
542.474	-12.13	
542.674	-8.04	
542.874	-13.16	
543.073	-21.15	
543.273	-10.91	
543.472	-14.39	
543.672	-8.45	
543.871	-18.48	
544.071	-9.47	
544.27	3.23	
544.47	-1.69	
544.669	-8.45	
544.868	-9.88	
545.068	-12.54	
545.267	-39.37	
545.467	-13.16	
545.666	-26.06	
545.865	-1.48	
546.065	-8.24	
546.264	-1.69	
546.463	-25.04	
546.663	-11.52	
546.862	-34.25	
547.061	-25.45	
547.261	-11.52	
547.46	-2.3	
547.659	-1.28	
547.858	22.07	
548.058	35.38	
548.257	32.1	
548.456	30.67	
548.655	39.47	
548.854	21.45	
549.053	13.26	
549.253	11.42	
549.452	4.04	
549.651	9.37	
549.85	23.09	
550.049	21.86	
550.248	3.02	
550.447	9.16	
550.646	1.79	
550.845	-4.15	
551.044	-14.8	
551.243	-2.1	
551.442	-5.58	
551.641	-12.34	
551.84	-0.05	
552.039	18.18	
552.238	31.49	
552.437	22.48	
552.636	8.35	
552.835	-1.28	
553.034	-10.29	
553.233	-27.29	
553.432	-14.8	
553.63	2.82	
553.829	-4.56	
554.028	-20.74	
554.227	-15.62	
554.426	-14.18	
554.625	1.18	
554.823	5.07	
555.022	16.74	
555.221	36.2	
555.42	36.2	
555.618	12.44	
555.817	6.5	
556.016	14.28	
556.214	3.02	
556.413	0.77	
556.612	19.2	
556.81	18.18	
557.009	0.56	
557.208	1.18	
557.406	-8.45	
557.605	-26.06	
557.803	-36.1	
558.002	-16.23	
558.201	-31.39	
558.399	-24.42	
558.598	-35.69	
558.796	-18.89	
558.995	-31.18	
559.193	-26.06	
559.392	-29.95	
559.59	-15.62	
559.789	-9.47	
559.987	-2.1	
560.185	12.24	
560.384	14.28	
560.582	10.39	
560.781	19.61	
560.979	9.57	
561.177	0.15	
561.376	1.59	
561.574	22.48	
561.772	-10.7	
561.971	20.84	
562.169	13.67	
562.367	9.57	
562.566	-7.22	
562.764	-1.48	
562.962	-26.27	
563.16	-33.43	
563.358	-26.06	
563.557	-13.16	
563.755	4.45	
563.953	1.59	
564.151	20.43	
564.349	20.43	
564.547	11.01	
564.746	-6.2	
564.944	-4.15	
565.142	-5.58	
565.34	-1.89	
565.538	-0.05	
565.736	15.92	
565.934	-5.58	
566.132	-4.15	
566.33	-8.24	
566.528	-3.94	
566.726	-6.81	
566.924	25.14	
567.122	16.54	
567.32	15.1	
567.518	9.16	
567.716	0.97	
567.914	-1.08	
568.112	-4.56	
568.31	-1.28	
568.507	4.66	
568.705	-11.52	
568.903	-18.07	
569.101	-6.2	
569.299	3.23	
569.497	4.25	
569.694	27.8	
569.892	28.21	
570.09	39.68	
570.288	9.98	
570.486	3.84	
570.683	13.26	
570.881	-1.08	
571.079	-32	
571.276	-20.12	
571.474	-23.81	
571.672	-41.22	
571.869	-25.86	
572.067	-11.72	
572.265	-8.65	
572.462	13.67	
572.66	21.45	
572.857	28.21	
573.055	30.67	
573.253	27.8	
573.45	5.27	
573.648	7.73	
573.845	0.97	
574.043	-2.71	
574.24	-6.4	
574.438	-10.5	
574.635	-16.64	
574.832	-28.11	
575.03	-28.52	
575.227	3.84	
575.425	1.59	
575.622	-5.58	
575.82	-5.79	
576.017	-5.79	
576.214	-28.11	
576.412	-24.22	
576.609	-21.55	
576.806	-15.21	
577.004	-11.11	
577.201	-14.39	
577.398	-3.53	
577.595	18.38	
577.793	13.67	
577.99	2.2	
578.187	-2.3	
578.384	1.38	
578.582	-18.69	
578.779	1.18	
578.976	0.36	
579.173	20.63	
579.37	19.4	
579.567	41.32	
579.764	18.99	
579.962	32.1	
580.159	25.14	
580.356	24.52	
580.553	7.32	
580.75	18.99	
580.947	18.18	
581.144	39.07	
581.341	31.08	
581.538	33.33	
581.735	27.8	
581.932	25.96	
582.129	-5.79	
582.326	-10.91	
582.523	-17.05	
582.72	-10.29	
582.916	-15.62	
583.113	-20.94	
583.31	-15.21	
583.507	-9.47	
583.704	0.97	
583.901	12.24	
584.098	17.36	
584.294	20.84	
584.491	3.84	
584.688	-3.12	
584.885	-17.25	
585.082	3.84	
585.278	10.39	
585.475	30.87	
585.672	24.11	
585.868	35.38	
586.065	16.74	
586.262	-1.69	
586.458	0.15	
586.655	12.44	
586.852	-1.28	
587.048	-1.08	
587.245	-7.83	
587.442	-6.4	
587.638	-16.23	
587.835	5.27	
588.031	10.6	
588.228	17.15	
588.424	13.67	
588.621	16.74	
588.817	-3.94	
589.014	4.66	
589.21	13.06	
589.407	0.15	
589.603	-19.51	
589.8	-9.88	
589.996	-9.68	
590.192	-9.47	
590.389	0.97	
590.585	14.9	
590.782	-4.56	
590.978	15.72	
591.174	7.94	
591.371	-2.71	
591.567	1.18	
591.763	7.12	
591.959	-18.69	
592.156	-2.71	
592.352	-8.65	
592.548	-5.58	
592.744	2.2	
592.941	0.97	
593.137	0.15	
593.333	11.83	
593.529	20.63	
593.725	21.45	
593.922	22.48	
594.118	22.89	
594.314	4.86	
594.51	-10.7	
594.706	-17.87	
594.902	-9.27	
595.098	-12.34	
595.294	8.55	
595.49	-5.38	
595.686	11.83	
595.882	-1.48	
596.078	-0.87	
596.274	-6.2	
596.47	22.07	
596.666	23.09	
596.862	20.43	
597.058	30.46	
597.254	42.34	
597.45	24.32	
597.646	15.72	
597.842	16.54	
598.037	15.51	
598.233	13.06	
598.429	28.21	
598.625	16.33	
598.821	19.61	
599.017	-5.79	
599.212	-3.12	
599.408	-8.04	
599.604	-4.56	
599.8	-5.38	
599.995	-15.62	
600.191	-24.01	
600.387	-42.85	
600.582	-36.51	
600.778	-40.81	
600.974	-16.64	
601.169	-10.7	
601.365	8.55	
601.561	-6.6	
601.756	-4.56	
601.952	-0.05	
602.147	-20.53	
602.343	-32	
602.538	-5.79	
602.734	1.18	
602.93	-3.12	
603.125	7.32	
603.321	20.43	
603.516	24.11	
603.711	8.55	
603.907	5.07	
604.102	5.48	
604.298	3.43	
604.493	3.84	
604.689	28.42	
604.884	38.04	
605.079	51.56	
605.275	40.29	
605.47	25.96	
605.665	12.65	
605.861	20.22	
606.056	9.98	
606.251	0.15	
606.447	-8.65	
606.642	-7.83	
606.837	-34.66	
607.032	-9.47	
607.227	3.43	
607.423	2.41	
607.618	-5.79	
607.813	3.43	
608.008	-23.4	
608.203	-1.28	
608.398	9.98	
608.594	5.07	
608.789	7.12	
608.984	31.49	
609.179	23.5	
609.374	17.15	
609.569	31.49	
609.764	31.69	
609.959	10.6	
610.154	-3.94	
610.349	5.68	
610.544	-6.6	
610.739	-4.15	
610.934	8.14	
611.129	16.54	
611.324	38.86	
611.519	45.41	
611.714	43.78	
611.909	16.95	
612.103	36.81	
612.298	16.33	
612.493	19.2	
612.688	17.36	
612.883	34.56	
613.078	6.71	
613.272	20.43	
613.467	32.92	
613.662	46.03	
613.857	54.02	
614.051	64.87	
614.246	44.8	
614.441	29.23	
614.635	10.8	
614.83	-0.05	
615.025	-18.69	
615.219	-29.95	
615.414	-36.71	
615.609	-37.53	
615.803	-41.62	
615.998	-31.39	
616.192	-19.3	
616.387	-10.5	
616.582	4.66	
616.776	15.1	
616.971	8.55	
617.165	8.14	
617.36	-2.92	
617.554	-7.22	
617.749	-0.05	
617.943	15.51	
618.138	17.15	
618.332	26.57	
618.526	14.49	
618.721	9.57	
618.915	9.98	
619.11	5.89	
619.304	-1.89	
619.498	9.78	
619.693	13.87	
619.887	12.24	
620.081	2.82	
620.275	14.28	
620.47	16.95	
620.664	15.51	
620.858	-0.87	
621.052	13.47	
621.247	15.72	
621.441	4.66	
621.635	-5.99	
621.829	6.91	
622.023	4.66	
622.218	5.68	
622.412	13.26	
622.606	11.62	
622.8	11.01	
622.994	14.9	
623.188	-1.69	
623.382	-12.54	
623.576	-20.94	
623.77	-38.76	
623.964	-40.4	
624.158	-35.07	
624.352	-31.39	
624.546	-16.84	
624.74	4.04	
624.934	4.25	
625.128	4.45	
625.322	11.01	
625.516	12.85	
625.71	7.94	
625.904	-6.2	
626.098	-10.91	
626.291	-16.23	
626.485	-20.53	
626.679	-19.92	
626.873	9.16	
627.067	15.72	
627.26	24.32	
627.454	34.15	
627.648	47.05	
627.842	24.93	
628.035	21.04	
628.229	15.92	
628.423	-7.63	
628.617	-17.25	
628.81	-8.86	
629.004	-6.2	
629.198	-9.06	
629.391	-4.35	
629.585	8.96	
629.778	-6.6	
629.972	6.91	
630.166	13.67	
630.359	19.4	
630.553	-0.87	
630.746	11.01	
630.94	20.84	
631.133	-1.89	
631.327	4.25	
631.52	7.12	
631.714	4.04	
631.907	-18.69	
632.1	14.28	
632.294	21.04	
632.487	18.99	
632.681	17.97	
632.874	22.27	
633.067	16.74	
633.261	3.02	
633.454	4.04	
633.647	9.57	
633.841	-1.28	
634.034	-3.53	
634.227	4.86	
634.421	-0.67	
634.614	-6.6	
634.807	-2.71	
635	-23.6	
635.193	-21.15	
635.387	-28.72	
635.58	-35.48	
635.773	-28.93	
635.966	-18.48	
636.159	-29.13	
636.352	-24.83	
636.545	-22.37	
636.739	-30.16	
636.932	-27.29	
637.125	-37.32	
637.318	-45.52	
637.511	-29.95	
637.704	-41.42	
637.897	-39.37	
638.09	-33.84	
638.283	-9.27	
638.476	-14.59	
638.669	-1.69	
638.862	-6.4	
639.055	-15.41	
639.247	-17.46	
639.44	-29.75	
639.633	-11.72	
639.826	-18.07	
640.019	-4.35	
640.212	-17.46	
640.405	-5.17	
640.597	-28.11	
640.79	-11.32	
640.983	-9.47	
641.176	-10.5	
641.368	-7.42	
641.561	5.68	
641.754	-10.7	
641.947	-0.46	
642.139	19.4	
642.332	5.68	
642.525	5.89	
642.717	15.31	
642.91	-2.51	
643.103	-15.82	
643.295	-9.88	
643.488	-0.26	
643.68	-6.81	
643.873	-14.39	
644.065	-27.9	
644.258	-11.11	
644.45	-29.54	
644.643	-22.58	
644.835	-12.54	
645.028	-8.65	
645.22	-26.47	
645.413	-24.63	
645.605	-28.72	
645.798	-29.13	
645.99	-22.37	
646.182	-28.52	
646.375	-19.1	
646.567	-12.34	
646.76	-22.78	
646.952	-16.03	
647.144	-5.58	
647.337	3.43	
647.529	3.23	
647.721	29.85	
647.913	25.14	
648.106	18.59	
648.298	-8.65	
648.49	-20.94	
648.682	-39.78	
648.874	-34.05	
649.067	-35.69	
649.259	-22.78	
649.451	-16.84	
649.643	-2.51	
649.835	-1.08	
650.027	14.49	
650.219	16.13	
650.411	17.56	
650.603	-0.46	
650.796	-3.33	
650.988	-25.45	
651.18	-31.79	
651.372	-21.96	
651.564	-13.77	
651.756	-24.63	
651.948	-12.75	
652.139	-9.06	
652.331	-14.8	
652.523	-12.13	
652.715	1.38	
652.907	10.19	
653.099	11.62	
653.291	-0.26	
653.483	-9.47	
653.674	-12.34	
653.866	-14.8	
654.058	-28.93	
654.25	-28.93	
654.442	-28.52	
654.633	-46.13	
654.825	-50.02	
655.017	-27.49	
655.209	-18.07	
655.4	-17.05	
655.592	-11.11	
655.784	-2.3	
655.975	-7.42	
656.167	-19.3	
656.359	-21.15	
656.55	-15.62	
656.742	-38.96	
656.933	-25.04	
657.125	-16.03	
657.316	-11.32	
657.508	-7.01	
657.7	7.32	
657.891	-15.82	
658.083	-13.57	
658.274	-16.43	
658.466	-6.81	
658.657	-0.67	
658.848	-10.29	
659.04	-6.6	
659.231	-3.53	
659.423	-10.5	
659.614	-19.3	
659.805	2.61	
659.997	14.49	
660.188	15.92	
660.379	4.66	
660.571	-3.33	
660.762	-10.5	
660.953	-26.06	
661.145	-27.08	
661.336	-28.11	
661.527	63.23	
661.718	73.27	
661.909	68.56	
662.101	68.35	
662.292	73.27	
662.483	-12.34	
662.674	-20.74	
662.865	-17.66	
663.056	-15.21	
663.247	-17.05	
663.439	-4.15	
663.63	-12.95	
663.821	-10.09	
664.012	-2.71	
664.203	15.72	
664.394	15.31	
664.585	29.03	
664.776	29.23	
664.967	30.87	
665.158	10.19	
665.349	18.79	
665.54	14.28	
665.73	19.61	
665.921	7.94	
666.112	13.26	
666.303	-15	
666.494	3.84	
666.685	-9.27	
666.876	12.24	
667.066	18.38	
667.257	44.18	
667.448	11.42	
667.639	11.42	
667.83	-4.76	
668.02	-9.06	
668.211	-25.45	
668.402	1.38	
668.592	3.84	
668.783	2	
668.974	-4.35	
669.164	-4.97	
669.355	-20.94	
669.546	-24.63	
669.736	-14.39	
669.927	-0.87	
670.117	-6.81	
670.308	-6.81	
670.499	-15.82	
670.689	-25.45	
670.88	-33.43	
671.07	-27.7	
671.261	-35.07	
671.451	2.2	
671.641	-12.34	
671.832	-4.97	
672.022	11.21	
672.213	8.55	
672.403	-17.05	
672.594	5.07	
672.784	-2.51	
672.974	-18.28	
673.165	-27.29	
673.355	-26.67	
673.545	-33.02	
673.736	-7.01	
673.926	-11.72	
674.116	26.57	
674.306	23.91	
674.497	15.92	
674.687	-16.43	
674.877	-15.41	
675.067	-39.78	
675.257	-35.07	
675.448	-38.76	
675.638	-23.6	
675.828	-24.42	
676.018	-9.47	
676.208	-13.77	
676.398	9.37	
676.588	8.14	
676.778	13.06	
676.968	12.24	
677.158	19.81	
677.348	-10.09	
677.538	-24.42	
677.728	-33.43	
677.918	-38.96	
678.108	-41.62	
678.298	-28.72	
678.488	-19.1	
678.678	-0.67	
678.868	-7.22	
679.058	-15.82	
679.248	-15.41	
679.438	-20.33	
679.627	-29.95	
679.817	-22.17	
680.007	-15.21	
680.197	-7.83	
680.387	-7.42	
680.576	10.39	
680.766	-1.28	
680.956	-10.5	
681.146	-17.05	
681.335	-10.7	
681.525	-45.72	
681.715	-36.3	
681.904	-11.52	
682.094	-0.46	
682.284	-12.95	
682.473	13.67	
682.663	21.04	
682.852	7.12	
683.042	5.27	
683.231	12.24	
683.421	14.28	
683.61	11.01	
683.8	12.85	
683.989	-8.45	
684.179	-4.56	
684.368	-22.99	
684.558	-36.3	
684.747	-36.91	
684.937	-30.36	
685.126	-33.64	
685.316	-35.48	
685.505	-30.36	
685.694	-26.88	
685.884	-15.62	
686.073	-26.47	
686.262	-26.47	
686.452	-22.17	
686.641	-28.72	
686.83	-30.98	
687.019	-13.16	
687.209	-12.54	
687.398	-8.65	
687.587	-9.27	
687.776	-17.46	
687.965	-28.93	
688.155	-33.23	
688.344	-44.49	
688.533	-40.4	
688.722	-39.99	
688.911	-16.64	
689.1	1.59	
689.289	13.06	
689.478	11.21	
689.667	10.19	
689.856	-17.46	
690.045	-33.23	
690.234	-45.52	
690.423	-28.31	
690.612	-14.8	
690.801	-1.28	
690.99	9.37	
691.179	22.89	
691.368	13.26	
691.557	16.95	
691.746	9.16	
691.935	15.31	
692.124	4.86	
692.312	-5.79	
692.501	-23.19	
692.69	-13.98	
692.879	-22.99	
693.068	-22.99	
693.256	-23.6	
693.445	-10.5	
693.634	-20.53	
693.823	-9.06	
694.011	-3.33	
694.2	6.5	
694.389	-7.22	
694.577	-10.09	
694.766	-25.45	
694.955	-26.06	
695.143	-42.65	
695.332	-38.35	
695.52	-35.28	
695.709	-30.77	
695.897	-26.47	
696.086	-9.68	
696.275	-7.42	
696.463	-1.69	
696.652	2	
696.84	-8.24	
697.028	-12.54	
697.217	-20.74	
697.405	-16.43	
697.594	-6.6	
697.782	-0.87	
697.971	-4.15	
698.159	-1.89	
698.347	-0.87	
698.536	-10.5	
698.724	-4.97	
698.912	-3.33	
699.1	8.96	
699.289	15.51	
699.477	6.71	
699.665	-4.97	
699.854	-18.28	
700.042	-23.19	
700.23	-42.65	
700.418	-26.06	
700.606	-25.45	
700.794	-17.05	
700.983	-14.39	
701.171	-3.12	
701.359	-18.28	
701.547	-13.57	
701.735	7.12	
701.923	-4.15	
702.111	-8.45	
702.299	-14.8	
702.487	-11.11	
702.675	-31.59	
702.863	-32.2	
703.051	-37.32	
703.239	-10.91	
703.427	-15.21	
703.615	-14.59	
703.803	-4.35	
703.991	2.82	
704.179	-21.76	
704.367	-16.03	
704.554	-11.52	
704.742	-12.54	
704.93	9.37	
705.118	17.77	
705.306	-1.69	
705.493	0.36	
705.681	-3.33	
705.869	-9.47	
706.057	-7.63	
706.244	-5.79	
706.432	-9.47	
706.62	-8.65	
706.807	-26.27	
706.995	-23.6	
707.183	-30.77	
707.37	-16.43	
707.558	-17.87	
707.746	-11.52	
707.933	-13.36	
708.121	11.62	
708.308	-6.6	
708.496	-2.1	
708.683	-10.09	
708.871	7.94	
709.058	-2.92	
709.246	5.27	
709.433	-3.12	
709.621	-2.92	
709.808	-18.48	
709.995	6.09	
710.183	-1.69	
710.37	14.49	
710.558	4.04	
710.745	10.6	
710.932	-3.94	
711.12	-5.79	
711.307	-28.52	
711.494	-15.62	
711.681	-18.07	
711.869	-32.41	
712.056	-16.03	
712.243	-2.3	
712.43	-11.32	
712.618	1.18	
712.805	3.23	
712.992	-0.46	
713.179	-4.76	
713.366	9.98	
713.553	8.55	
713.74	16.13	
713.928	-4.56	
714.115	3.02	
714.302	-11.72	
714.489	-17.66	
714.676	-29.54	
714.863	-1.08	
715.05	-8.86	
715.237	-16.84	
715.424	-20.12	
715.611	-1.89	
715.798	-9.88	
715.984	3.64	
716.171	25.96	
716.358	19.81	
716.545	7.94	
716.732	0.77	
716.919	-25.04	
717.106	-33.64	
717.293	-26.27	
717.479	-12.75	
717.666	-28.11	
717.853	-15.82	
718.04	-19.92	
718.226	-26.88	
718.413	-47.15	
718.6	-19.51	
718.786	-25.86	
718.973	-3.53	
719.16	-11.11	
719.346	4.25	
719.533	-16.03	
719.72	7.12	
719.906	-9.27	
720.093	-3.94	
720.279	-21.15	
720.466	-14.59	
720.652	-24.22	
720.839	-25.65	
721.025	-20.74	
721.212	-6.2	
721.398	-0.87	
721.585	-2.1	
721.771	-3.53	
721.958	-9.27	
722.144	1.18	
722.331	-10.5	
722.517	-23.6	
722.703	-13.57	
722.89	-23.19	
723.076	-34.05	
723.262	-22.37	
723.449	-16.03	
723.635	-43.06	
723.821	-29.34	
724.007	-38.14	
724.194	-44.9	
724.38	-45.11	
724.566	-30.36	
724.752	-34.87	
724.938	-24.22	
725.125	-22.58	
725.311	-20.74	
725.497	-21.55	
725.683	-22.17	
725.869	-37.32	
726.055	-41.22	
726.241	-42.44	
726.427	-40.81	
726.613	-48.18	
726.799	-26.88	
726.985	-33.23	
727.171	-14.18	
727.357	-2.1	
727.543	21.86	
727.729	2.2	
727.915	18.18	
728.101	9.16	
728.287	1.38	
728.473	-18.48	
728.659	-17.87	
728.845	-23.6	
729.03	-29.54	
729.216	-22.17	
729.402	-21.35	
729.588	-16.43	
729.774	-23.19	
729.959	-16.84	
730.145	-14.39	
730.331	-5.38	
730.517	0.97	
730.702	15.92	
730.888	7.94	
731.074	-13.36	
731.259	-17.66	
731.445	-19.51	
731.63	-29.75	
731.816	-34.05	
732.002	-13.57	
732.187	-9.27	
732.373	-13.16	
732.558	-5.99	
732.744	20.63	
732.929	23.71	
733.115	14.28	
733.3	6.5	
733.486	0.15	
733.671	-34.05	
733.857	-50.64	
734.042	-43.88	
734.227	-28.93	
734.413	-17.25	
734.598	4.66	
734.784	3.84	
734.969	-3.53	
735.154	-1.08	
735.339	-8.45	
735.525	-8.45	
735.71	0.15	
735.895	1.38	
736.081	-8.86	
736.266	-8.45	
736.451	-22.78	
736.636	-23.19	
736.821	-46.74	
737.007	-43.88	
737.192	-34.66	
737.377	-31.59	
737.562	-46.13	
737.747	-20.33	
737.932	-22.58	
738.117	-33.84	
738.302	-25.04	
738.487	-12.13	
738.672	-16.64	
738.857	-8.45	
739.042	-4.56	
739.227	12.85	
739.412	3.84	
739.597	2	
739.782	9.16	
739.967	-8.24	
740.152	-21.35	
740.337	-14.8	
740.522	-4.56	
740.706	-8.86	
740.891	12.65	
741.076	7.12	
741.261	18.99	
741.446	18.99	
741.63	3.23	
741.815	-2.51	
742	-9.27	
742.185	-28.72	
742.369	-25.65	
742.554	-22.99	
742.739	-27.49	
742.923	-20.33	
743.108	1.38	
743.293	15.1	
743.477	13.26	
743.662	24.93	
743.846	24.11	
744.031	19.4	
744.216	9.78	
744.4	21.25	
744.585	10.8	
744.769	16.74	
744.954	17.15	
745.138	2.61	
745.322	5.07	
745.507	5.07	
745.691	1.59	
745.876	-25.45	
746.06	-17.05	
746.244	-19.92	
746.429	-11.32	
746.613	-24.83	
746.798	-5.38	
746.982	-17.66	
747.166	-13.57	
747.35	-31.79	
747.535	-25.65	
747.719	-18.48	
747.903	-3.53	
748.087	-14.8	
748.272	-7.42	
748.456	6.71	
748.64	-4.76	
748.824	4.86	
749.008	10.8	
749.192	8.96	
749.376	-0.26	
749.56	4.04	
749.745	-7.83	
749.929	2.2	
750.113	12.24	
750.297	0.36	
750.481	9.98	
750.665	6.3	
750.849	-0.05	
751.033	-2.92	
751.217	-13.98	
751.4	-22.99	
751.584	-8.24	
751.768	-7.83	
751.952	-10.5	
752.136	10.19	
752.32	-4.97	
752.504	-18.69	
752.688	-20.74	
752.871	-31.18	
753.055	-37.94	
753.239	-24.01	
753.423	-23.19	
753.606	-39.58	
753.79	-17.66	
753.974	-17.66	
754.157	-11.72	
754.341	-19.92	
754.525	-15	
754.708	-26.06	
754.892	-19.71	
755.076	-23.4	
755.259	-4.97	
755.443	-12.34	
755.626	-14.39	
755.81	-10.7	
755.993	-26.88	
756.177	-50.64	
756.36	-22.17	
756.544	-34.66	
756.727	-42.03	
756.911	-28.11	
757.094	-9.47	
757.278	-10.5	
757.461	1.38	
757.644	5.89	
757.828	-4.76	
758.011	-0.46	
758.195	-10.91	
758.378	-1.89	
758.561	-7.01	
758.744	-11.72	
758.928	-2.1	
759.111	-2.51	
759.294	-7.83	
759.477	-2.92	
759.661	1.38	
759.844	-13.16	
760.027	-20.74	
760.21	-26.47	
760.393	-26.88	
760.576	-7.63	
760.76	-17.05	
760.943	-18.07	
761.126	-3.74	
761.309	5.89	
761.492	-7.42	
761.675	-4.35	
761.858	-4.15	
762.041	-29.54	
762.224	-43.47	
762.407	-42.65	
762.59	-43.67	
762.773	-43.47	
762.956	-26.47	
763.139	-22.58	
763.321	-13.36	
763.504	-14.59	
763.687	-14.39	
763.87	-20.53	
764.053	-21.76	
764.236	-30.16	
764.418	-16.43	
764.601	-21.76	
764.784	-7.01	
764.967	-3.12	
765.149	6.91	
765.332	5.89	
765.515	28.01	
765.697	2.2	
765.88	4.04	
766.063	5.27	
766.245	-10.29	
766.428	-20.33	
766.611	0.15	
766.793	4.04	
766.976	12.44	
767.158	19.81	
767.341	33.54	
767.523	25.75	
767.706	14.08	
767.888	-7.22	
768.071	17.15	
768.253	-4.35	
768.436	-4.76	
768.618	7.73	
768.8	26.57	
768.983	6.71	
769.165	13.67	
769.348	9.57	
769.53	4.66	
769.712	-17.87	
769.895	-34.46	
770.077	-34.66	
770.259	-22.78	
770.441	-35.28	
770.624	-28.52	
770.806	-12.75	
770.988	-17.87	
771.17	-30.98	
771.352	-8.45	
771.535	15.1	
771.717	9.98	
771.899	11.42	
772.081	39.27	
772.263	20.63	
772.445	3.84	
772.627	-8.65	
772.809	-8.65	
772.991	-19.1	
773.173	-2.51	
773.355	-4.15	
773.537	1.18	
773.719	0.97	
773.901	5.89	
774.083	-3.94	
774.265	-22.58	
774.447	-18.69	
774.629	-4.15	
774.811	-5.79	
774.992	1.59	
775.174	5.07	
775.356	22.07	
775.538	-1.28	
775.72	-25.65	
775.901	-37.32	
776.083	-20.12	
776.265	-46.95	
776.447	-27.7	
776.628	-8.86	
776.81	3.02	
776.992	15.72	
777.173	30.05	
777.355	16.95	
777.537	21.04	
777.718	10.39	
777.9	-5.38	
778.081	-3.53	
778.263	15.31	
778.444	1.18	
778.626	5.89	
778.807	1.38	
778.989	1.79	
779.17	-18.69	
779.352	-27.08	
779.533	-35.69	
779.715	-30.16	
779.896	-40.6	
780.078	-20.74	
780.259	2.82	
780.44	-5.79	
780.622	-15.21	
780.803	6.3	
780.984	-4.76	
781.166	-26.88	
781.347	-19.71	
781.528	-11.52	
781.709	-25.45	
781.891	-37.53	
782.072	-28.31	
782.253	-18.48	
782.434	-18.69	
782.615	-22.58	
782.796	-11.93	
782.978	1.38	
783.159	0.56	
783.34	7.53	
783.521	20.43	
783.702	18.18	
783.883	8.55	
784.064	18.38	
784.245	-8.24	
784.426	-4.15	
784.607	-1.08	
784.788	-0.05	
784.969	-22.58	
785.15	4.86	
785.331	-25.86	
785.512	-15.21	
785.692	-17.66	
785.873	-9.47	
786.054	-25.65	
786.235	-3.33	
786.416	-2.3	
786.597	0.15	
786.777	1.79	
786.958	4.25	
787.139	-2.71	
787.32	-12.13	
787.5	-11.93	
787.681	-23.6	
787.862	-16.03	
788.042	-8.04	
788.223	-12.75	
788.404	-19.71	
788.584	-20.94	
788.765	-15.82	
788.946	-28.93	
789.126	-26.47	
789.307	-14.39	
789.487	8.76	
789.668	-3.12	
789.848	6.09	
790.029	-3.53	
790.209	-10.91	
790.39	-26.88	
790.57	-22.17	
790.75	-9.47	
790.931	-2.3	
791.111	1.38	
791.292	14.28	
791.472	13.87	
791.652	4.45	
791.833	-3.53	
792.013	-9.06	
792.193	-19.1	
792.373	-0.87	
792.554	-10.91	
792.734	4.25	
792.914	3.43	
793.094	6.3	
793.275	4.04	
793.455	9.78	
793.635	15.92	
793.815	28.21	
793.995	32.92	
794.175	12.65	
794.355	16.95	
794.535	16.54	
794.715	5.68	
794.896	3.02	
795.076	3.43	
795.256	25.55	
795.436	6.5	
795.616	15.1	
795.795	11.21	
795.975	11.42	
796.155	-2.3	
796.335	12.65	
796.515	15.31	
796.695	23.09	
796.875	37.84	
797.055	22.89	
797.234	19.81	
797.414	26.98	
797.594	29.85	
797.774	22.68	
797.954	22.89	
798.133	28.62	
798.313	8.76	
798.493	10.6	
798.672	9.78	
798.852	16.13	
799.032	-7.63	
799.211	-10.7	
799.391	-22.17	
799.571	-32.82	
799.75	-41.83	
799.93	-14.8	
800.109	-12.75	
800.289	-1.89	
800.468	-10.5	
800.648	-12.54	
800.827	-34.46	
801.007	-37.12	
801.186	-55.76	
801.366	-44.9	
801.545	-33.84	
801.725	-27.49	
801.904	-38.55	
802.083	-27.08	
802.263	-22.58	
802.442	-19.1	
802.621	-9.68	
802.801	15.51	
802.98	15.31	
803.159	2.82	
803.338	-5.99	
803.518	6.09	
803.697	-7.01	
803.876	-6.4	
804.055	-2.71	
804.235	-5.99	
804.414	-25.65	
804.593	-15	
804.772	-18.89	
804.951	-28.11	
805.13	-30.16	
805.309	-25.86	
805.488	-34.87	
805.667	-25.86	
805.846	-1.48	
806.025	12.24	
806.204	18.79	
806.383	8.35	
806.562	-1.89	
806.741	-4.15	
806.92	-3.12	
807.099	-13.57	
807.278	-20.12	
807.457	-29.13	
807.636	-35.07	
807.814	-40.19	
807.993	-40.4	
808.172	-18.48	
808.351	-5.38	
808.53	-4.56	
808.708	-3.33	
808.887	-5.38	
809.066	0.56	
809.244	-5.58	
809.423	-10.29	
809.602	-11.72	
809.78	-3.53	
809.959	-8.65	
810.138	4.04	
810.316	14.28	
810.495	17.77	
810.673	11.83	
810.852	7.73	
811.03	-0.26	
811.209	3.23	
811.388	-2.92	
811.566	1.59	
811.744	12.44	
811.923	22.48	
812.101	12.65	
812.28	35.17	
812.458	33.33	
812.637	24.11	
812.815	21.45	
812.993	34.35	
813.172	41.32	
813.35	25.75	
813.528	27.6	
813.706	19.4	
813.885	-0.87	
814.063	-28.31	
814.241	6.91	
814.419	8.76	
814.598	22.27	
814.776	32.92	
814.954	35.99	
815.132	17.15	
815.31	27.8	
815.488	11.42	
815.666	7.12	
815.844	-10.29	
816.022	-21.15	
816.201	-39.58	
816.379	-28.31	
816.557	-15.82	
816.735	5.07	
816.913	9.78	
817.09	22.48	
817.268	-0.87	
817.446	-1.48	
817.624	-13.57	
817.802	16.95	
817.98	-2.1	
818.158	22.68	
818.336	-4.76	
818.514	7.94	
818.691	-5.58	
818.869	24.73	
819.047	24.73	
819.225	40.5	
819.402	26.16	
819.58	33.33	
819.758	20.02	
819.935	14.28	
820.113	21.04	
820.291	29.44	
820.468	19.4	
820.646	25.34	
820.824	33.33	
821.001	52.99	
821.179	54.63	
821.356	51.35	
821.534	35.58	
821.711	22.89	
821.889	17.56	
822.066	11.42	
822.244	7.53	
822.421	23.5	
822.599	17.56	
822.776	-6.81	
822.953	-19.51	
823.131	-16.84	
823.308	-16.23	
823.486	-1.08	
823.663	-0.87	
823.84	17.36	
824.017	1.18	
824.195	-13.77	
824.372	-18.69	
824.549	1.38	
824.726	-11.11	
824.904	-3.33	
825.081	-2.92	
825.258	-14.39	
825.435	-28.72	
825.612	-8.04	
825.789	-16.23	
825.967	-6.6	
826.144	6.09	
826.321	18.59	
826.498	9.78	
826.675	39.47	
826.852	28.83	
827.029	37.02	
827.206	35.38	
827.383	22.07	
827.56	13.26	
827.737	16.13	
827.914	12.85	
828.09	8.76	
828.267	8.14	
828.444	-3.74	
828.621	-0.67	
828.798	6.5	
828.975	-25.86	
829.151	-27.29	
829.328	-21.76	
829.505	3.84	
829.682	-14.39	
829.858	6.71	
830.035	14.49	
830.212	12.44	
830.389	-13.16	
830.565	-24.63	
830.742	-3.53	
830.918	6.91	
831.095	6.3	
831.272	3.43	
831.448	18.79	
831.625	28.83	
831.801	25.55	
831.978	36.2	
832.154	24.73	
832.331	25.96	
832.507	-7.22	
832.684	-3.94	
832.86	-12.34	
833.037	22.48	
833.213	12.03	
833.389	24.93	
833.566	14.08	
833.742	8.35	
833.918	-17.66	
834.095	-19.71	
834.271	-33.84	
834.447	-27.29	
834.624	-34.25	
834.8	-29.34	
834.976	-17.25	
835.152	-5.99	
835.328	-8.24	
835.505	11.01	
835.681	4.66	
835.857	-15.41	
836.033	-11.93	
836.209	18.18	
836.385	9.57	
836.561	17.56	
836.737	34.15	
836.913	10.6	
837.089	-21.55	
837.265	-11.72	
837.441	5.68	
837.617	-1.28	
837.793	16.33	
837.969	26.57	
838.145	26.37	
838.321	5.27	
838.497	11.62	
838.673	14.28	
838.849	-5.58	
839.025	-6.2	
839.2	1.59	
839.376	4.04	
839.552	-0.46	
839.728	23.3	
839.903	7.12	
840.079	6.71	
840.255	10.19	
840.431	28.83	
840.606	4.86	
840.782	15.51	
840.958	-9.06	
841.133	-12.95	
841.309	-28.52	
841.484	-7.83	
841.66	-10.5	
841.835	1.18	
842.011	-9.88	
842.186	8.35	
842.362	-7.83	
842.537	-0.26	
842.713	-11.32	
842.888	1.59	
843.064	-28.72	
843.239	-25.86	
843.415	-32.82	
843.59	-6.6	
843.765	-9.68	
843.941	2	
844.116	23.5	
844.291	20.02	
844.467	6.09	
844.642	1.79	
844.817	2.61	
844.992	-13.16	
845.168	-18.48	
845.343	-10.5	
845.518	-3.74	
845.693	4.45	
845.868	2.41	
846.043	5.27	
846.219	-3.33	
846.394	13.67	
846.569	14.9	
846.744	2.2	
846.919	0.56	
847.094	19.2	
847.269	6.09	
847.444	4.45	
847.619	20.63	
847.794	56.27	
847.969	55.24	
848.144	51.97	
848.319	49.1	
848.494	47.87	
848.668	24.52	
848.843	20.63	
849.018	23.91	
849.193	23.91	
849.368	16.74	
849.542	33.13	
849.717	29.03	
849.892	19.81	
850.067	20.02	
850.241	38.25	
850.416	10.39	
850.591	12.03	
850.765	-1.69	
850.94	7.53	
851.115	-21.15	
851.289	-8.04	
851.464	-17.25	
851.639	-5.79	
851.813	-34.05	
851.988	-7.01	
852.162	-4.35	
852.337	-0.05	
852.511	12.85	
852.686	35.38	
852.86	26.57	
853.035	28.42	
853.209	20.84	
853.383	13.87	
853.558	-14.39	
853.732	-9.47	
853.906	-26.88	
854.081	-25.65	
854.255	-29.75	
854.429	-17.05	
854.604	-20.12	
854.778	-1.08	
854.952	19.4	
855.126	31.69	
855.301	47.05	
855.475	40.29	
855.649	31.08	
855.823	19.81	
855.997	19.61	
856.171	15.51	
856.345	15.51	
856.52	22.68	
856.694	22.07	
856.868	17.36	
857.042	13.47	
857.216	28.42	
857.39	19.2	
857.564	10.19	
857.738	0.36	
857.912	2.41	
858.085	-5.58	
858.259	-7.63	
858.433	-5.17	
858.607	-3.74	
858.781	-11.93	
858.955	-15.62	
859.129	-12.54	
859.302	-6.2	
859.476	-7.42	
859.65	22.68	
859.824	3.84	
859.997	12.85	
860.171	18.99	
860.345	26.16	
860.519	2.82	
860.692	29.03	
860.866	27.39	
861.039	38.25	
861.213	49.92	
861.387	49.71	
861.56	35.79	
861.734	30.67	
861.907	11.42	
862.081	-13.57	
862.254	-6.81	
862.428	2	
862.601	-5.17	
862.775	-1.69	
862.948	47.26	
863.122	46.85	
863.295	37.43	
863.468	36.61	
863.642	23.09	
863.815	-6.4	
863.988	-18.28	
864.162	-4.97	
864.335	-22.17	
864.508	-13.98	
864.682	-26.27	
864.855	-14.8	
865.028	-28.11	
865.201	-4.97	
865.374	3.84	
865.548	27.19	
865.721	25.34	
865.894	46.44	
866.067	50.74	
866.24	53.81	
866.413	41.11	
866.586	37.22	
866.759	11.42	
866.932	3.84	
867.105	-7.83	
867.278	-19.92	
867.451	-29.34	
867.624	-12.95	
867.797	-20.12	
867.97	-5.38	
868.143	3.43	
868.316	19.61	
868.489	14.08	
868.661	30.05	
868.834	3.84	
869.007	12.03	
869.18	1.59	
869.353	-5.17	
869.525	-1.08	
869.698	6.5	
869.871	4.45	
870.044	18.38	
870.216	28.21	
870.389	24.52	
870.562	26.37	
870.734	24.73	
870.907	-2.1	
871.079	-4.76	
871.252	-8.86	
871.425	11.83	
871.597	4.45	
871.77	43.78	
871.942	41.52	
872.115	37.43	
872.287	22.89	
872.459	16.54	
872.632	0.15	
872.804	-4.97	
872.977	-21.35	
873.149	-16.03	
873.321	-19.51	
873.494	-34.46	
873.666	-12.13	
873.838	5.07	
874.011	-9.68	
874.183	-3.74	
874.355	-2.51	
874.528	-25.86	
874.7	-32.82	
874.872	-8.65	
875.044	4.04	
875.216	13.06	
875.388	27.6	
875.561	30.46	
875.733	-1.28	
875.905	-7.42	
876.077	-13.16	
876.249	-4.97	
876.421	-17.87	
876.593	-5.17	
876.765	-4.35	
876.937	-3.94	
877.109	-25.45	
877.281	-3.53	
877.453	-13.77	
877.625	-17.05	
877.797	-22.37	
877.968	-26.67	
878.14	-26.88	
878.312	-12.75	
878.484	-19.71	
878.656	-8.45	
878.828	-13.98	
878.999	-15.62	
879.171	-35.48	
879.343	-31.18	
879.515	-30.16	
879.686	-7.63	
879.858	-10.5	
880.03	22.89	
880.201	29.85	
880.373	22.27	
880.545	2.82	
880.716	13.67	
880.888	11.83	
881.059	24.32	
881.231	32.92	
881.402	59.75	
881.574	50.74	
881.745	35.99	
881.917	26.37	
882.088	34.56	
882.26	11.62	
882.431	15.1	
882.602	8.14	
882.774	11.42	
882.945	-13.98	
883.116	-17.87	
883.288	-30.16	
883.459	-30.16	
883.63	-35.48	
883.802	-36.3	
883.973	-11.72	
884.144	-0.46	
884.315	6.71	
884.487	12.85	
884.658	26.98	
884.829	22.89	
885	16.54	
885.171	18.59	
885.342	3.43	
885.513	12.44	
885.684	2.61	
885.855	10.39	
886.026	4.45	
886.197	17.97	
886.368	-4.56	
886.539	-0.05	
886.71	-9.88	
886.881	-1.08	
887.052	-8.86	
887.223	1.79	
887.394	-3.53	
887.565	4.66	
887.736	-9.88	
887.907	-0.46	
888.077	-2.1	
888.248	3.02	
888.419	5.68	
888.59	17.56	
888.761	16.13	
888.931	17.97	
889.102	24.32	
889.273	23.71	
889.443	16.74	
889.614	0.36	
889.785	7.12	
889.955	5.27	
890.126	4.04	
890.296	23.91	
890.467	33.54	
890.637	35.99	
890.808	24.73	
890.978	29.44	
891.149	16.95	
891.319	35.58	
891.49	39.07	
891.66	47.26	
891.831	28.42	
892.001	24.11	
892.172	-1.28	
892.342	-4.35	
892.512	-4.15	
892.683	17.15	
892.853	11.62	
893.023	21.66	
893.193	9.78	
893.364	8.96	
893.534	-2.1	
893.704	13.87	
893.874	16.95	
894.044	23.71	
894.215	22.27	
894.385	34.35	
894.555	26.78	
894.725	28.42	
894.895	11.01	
895.065	14.9	
895.235	-4.76	
895.405	23.71	
895.575	11.83	
895.745	31.23	
895.915	35.24	
