177.618	-177.06	
177.836	-178.34	
178.054	-174.2	
178.271	-133.03	
178.489	-81.63	
178.706	-53.16	
178.924	-23.06	
179.142	14.22	
179.359	5.21	
179.577	-21.83	
179.794	-7.08	
180.012	-17.32	
180.229	-20.19	
180.447	-14.46	
180.664	0.09	
180.882	-13.23	
181.1	8.89	
181.317	6.23	
181.535	-4.83	
181.752	-3.19	
181.969	11.14	
182.187	16.88	
182.404	14.22	
182.622	15.45	
182.839	9.92	
183.057	16.47	
183.274	15.24	
183.492	20.77	
183.709	51.9	
183.926	53.33	
184.144	38.18	
184.361	32.24	
184.579	44.53	
184.796	11.14	
185.013	35.31	
185.231	32.03	
185.448	35.92	
185.666	32.65	
185.883	37.36	
186.1	11.55	
186.317	12.37	
186.535	-1.14	
186.752	-5.65	
186.969	8.48	
187.187	25.28	
187.404	18.52	
187.621	45.96	
187.839	39.2	
188.056	33.26	
188.273	22.2	
188.49	48.21	
188.708	31.83	
188.925	45.14	
189.142	46.57	
189.359	31.83	
189.576	5.82	
189.794	6.64	
190.011	-1.14	
190.228	0.7	
190.445	8.28	
190.662	36.54	
190.879	45.96	
191.097	43.3	
191.314	37.97	
191.531	55.59	
191.748	15.24	
191.965	10.53	
192.182	1.31	
192.399	7.46	
192.616	5.21	
192.834	31.21	
193.051	-0.12	
193.268	22	
193.485	26.5	
193.702	11.55	
193.919	11.55	
194.136	32.03	
194.353	15.04	
194.57	9.92	
194.787	13.81	
195.004	11.96	
195.221	10.94	
195.438	23.02	
195.655	15.65	
195.872	30.19	
196.089	26.91	
196.306	44.73	
196.523	38.38	
196.74	52.72	
196.957	25.89	
197.173	36.74	
197.39	18.72	
197.607	20.77	
197.824	2.75	
198.041	19.75	
198.258	11.96	
198.475	27.94	
198.692	25.28	
198.909	30.4	
199.125	31.21	
199.342	46.57	
199.559	46.57	
199.776	50.87	
199.993	61.32	
200.21	58.04	
200.426	27.53	
200.643	31.62	
200.86	32.03	
201.077	24.25	
201.293	20.77	
201.51	29.58	
201.727	4.18	
201.944	-11.38	
202.16	-0.94	
202.377	-2.99	
202.594	-1.76	
202.811	2.13	
203.027	7.46	
203.244	1.11	
203.461	4.39	
203.677	20.16	
203.894	31.01	
204.111	38.59	
204.327	40.43	
204.544	39.82	
204.761	43.3	
204.977	31.42	
205.194	8.89	
205.41	17.08	
205.627	15.65	
205.844	7.25	
206.06	11.35	
206.277	29.37	
206.493	14.22	
206.71	10.53	
206.926	5.61	
207.143	19.13	
207.36	7.25	
207.576	36.74	
207.793	57.43	
208.009	58.66	
208.226	37.97	
208.442	45.14	
208.659	23.43	
208.875	12.17	
209.092	2.34	
209.308	15.24	
209.524	7.87	
209.741	20.16	
209.957	32.65	
210.174	51.08	
210.39	41.45	
210.607	55.18	
210.823	25.68	
211.039	6.23	
211.256	9.3	
211.472	2.95	
211.688	3.16	
211.905	26.91	
212.121	24.66	
212.338	13.81	
212.554	25.48	
212.77	26.91	
212.987	16.47	
213.203	31.42	
213.419	36.74	
213.635	38.18	
213.852	31.42	
214.068	24.46	
214.284	16.47	
214.501	15.45	
214.717	12.78	
214.933	19.34	
215.149	6.84	
215.365	-5.85	
215.582	-17.73	
215.798	-1.14	
216.014	-5.85	
216.23	13.4	
216.447	28.76	
216.663	20.36	
216.879	-2.17	
217.095	-3.81	
217.311	-0.73	
217.527	-3.6	
217.743	14.42	
217.96	12.99	
218.176	13.4	
218.392	6.02	
218.608	10.94	
218.824	-1.55	
219.04	-9.54	
219.256	-1.35	
219.472	3.57	
219.688	-7.9	
219.904	7.87	
220.12	27.32	
220.336	22.41	
220.552	25.48	
220.768	32.24	
220.984	39.2	
221.2	26.71	
221.416	37.56	
221.632	18.93	
221.848	14.22	
222.064	-8.93	
222.28	-2.37	
222.496	-21.21	
222.712	13.4	
222.928	21.79	
223.144	34.29	
223.36	24.66	
223.576	35.72	
223.792	19.54	
224.008	36.95	
224.224	37.15	
224.439	48.01	
224.655	40.84	
224.871	42.89	
225.087	13.4	
225.303	1.72	
225.519	-0.12	
225.734	18.52	
225.95	5.61	
226.166	20.16	
226.382	23.02	
226.598	27.12	
226.813	16.88	
227.029	14.83	
227.245	8.89	
227.461	14.01	
227.677	20.57	
227.892	24.66	
228.108	31.42	
228.324	46.57	
228.539	32.03	
228.755	35.31	
228.971	33.67	
229.186	48.83	
229.402	31.83	
229.618	53.54	
229.833	34.49	
230.049	29.17	
230.265	10.53	
230.48	22.82	
230.696	17.7	
230.912	29.37	
231.127	34.08	
231.343	40.23	
231.558	23.02	
231.774	30.19	
231.99	37.15	
232.205	31.62	
232.421	32.85	
232.636	34.7	
232.852	15.04	
233.067	9.1	
233.283	13.81	
233.498	13.4	
233.714	23.02	
233.929	35.31	
234.145	25.68	
234.36	28.55	
234.576	40.02	
234.791	45.14	
235.007	53.95	
235.222	79.75	
235.438	76.68	
235.653	83.85	
235.868	76.47	
236.084	79.75	
236.299	76.27	
236.515	74.84	
236.73	43.91	
236.945	38.59	
237.161	11.76	
237.376	-14.86	
237.592	-16.3	
237.807	0.49	
238.022	2.54	
238.238	16.88	
238.453	21.59	
238.668	18.72	
238.883	-6.06	
239.099	-6.67	
239.314	-13.02	
239.529	0.9	
239.745	10.12	
239.96	34.08	
240.175	29.37	
240.39	65.01	
240.605	51.08	
240.821	40.43	
241.036	39.61	
241.251	57.84	
241.466	27.53	
241.681	39.2	
241.897	44.73	
242.112	53.54	
242.327	38.38	
242.542	42.48	
242.757	30.4	
242.972	28.14	
243.188	3.77	
243.403	4.18	
243.618	-6.88	
243.833	0.49	
244.048	6.64	
244.263	14.63	
244.478	10.33	
244.693	12.17	
244.908	10.94	
245.123	5.41	
245.338	16.06	
245.553	28.55	
245.768	27.94	
245.983	29.17	
246.198	16.06	
246.413	15.04	
246.628	17.49	
246.843	17.08	
247.058	29.58	
247.273	45.14	
247.488	52.51	
247.703	55.79	
247.918	56.81	
248.133	52.92	
248.348	36.54	
248.563	41.86	
248.778	30.19	
248.993	45.96	
249.207	50.67	
249.422	58.66	
249.637	23.02	
249.852	23.23	
250.067	-4.83	
250.282	-21.01	
250.496	-25.1	
250.711	-1.76	
250.926	-5.24	
251.141	14.01	
251.356	19.95	
251.57	44.53	
251.785	45.96	
252	43.09	
252.215	53.54	
252.43	66.03	
252.644	63.37	
252.859	55.59	
253.074	68.69	
253.288	56.2	
253.503	31.01	
253.718	29.37	
253.932	51.08	
254.147	57.84	
254.362	54.97	
254.576	70.74	
254.791	59.48	
255.006	45.76	
255.22	32.44	
255.435	31.83	
255.65	26.3	
255.864	31.62	
256.079	11.14	
256.293	19.54	
256.508	24.66	
256.723	51.9	
256.937	39.61	
257.152	47.39	
257.366	40.43	
257.581	37.15	
257.795	1.72	
258.01	24.05	
258.224	29.17	
258.439	28.35	
258.653	15.04	
258.868	41.45	
259.082	26.09	
259.297	28.35	
259.511	8.07	
259.726	9.1	
259.94	-6.88	
260.154	-14.66	
260.369	-18.96	
260.583	3.98	
260.798	-3.6	
261.012	6.23	
261.226	17.29	
261.441	31.01	
261.655	31.42	
261.869	48.83	
262.084	45.96	
262.298	42.68	
262.512	19.75	
262.727	6.23	
262.941	7.25	
263.155	5.61	
263.37	0.7	
263.584	19.34	
263.798	32.03	
264.012	48.21	
264.227	34.49	
264.441	44.32	
264.655	17.9	
264.869	33.88	
265.084	13.4	
265.298	21.79	
265.512	5.82	
265.726	31.83	
265.94	11.35	
266.155	18.11	
266.369	3.57	
266.583	10.73	
266.797	-1.55	
267.011	18.31	
267.225	25.89	
267.439	42.48	
267.654	40.64	
267.868	38.38	
268.082	3.77	
268.296	-20.39	
268.51	-39.24	
268.724	-26.33	
268.938	-29.2	
269.152	-6.06	
269.366	11.35	
269.58	26.71	
269.794	12.17	
270.008	33.06	
270.222	25.68	
270.436	31.01	
270.65	19.95	
270.864	33.06	
271.078	14.63	
271.292	17.29	
271.506	15.45	
271.72	26.71	
271.934	20.57	
272.148	17.9	
272.362	11.55	
272.575	20.57	
272.789	18.93	
273.003	20.16	
273.217	31.01	
273.431	41.04	
273.645	23.23	
273.859	33.26	
274.073	45.14	
274.286	43.09	
274.5	25.89	
274.714	20.57	
274.928	29.17	
275.142	22.2	
275.355	21.79	
275.569	48.83	
275.783	63.57	
275.997	44.53	
276.21	44.94	
276.424	52.92	
276.638	39.82	
276.852	52.51	
277.065	49.85	
277.279	45.35	
277.493	35.92	
277.706	52.72	
277.92	40.23	
278.134	41.04	
278.347	44.73	
278.561	43.5	
278.775	31.42	
278.988	23.43	
279.202	25.89	
279.415	39.61	
279.629	37.97	
279.843	53.74	
280.056	70.74	
280.27	84.26	
280.483	59.48	
280.697	66.85	
280.91	55.38	
281.124	54.77	
281.337	47.6	
281.551	69.72	
281.764	63.16	
281.978	50.67	
282.191	30.6	
282.405	25.68	
282.618	-4.22	
282.832	-0.53	
283.045	-2.99	
283.259	15.65	
283.472	15.04	
283.686	26.91	
283.899	7.66	
284.112	11.35	
284.326	8.69	
284.539	15.65	
284.752	23.64	
284.966	44.12	
285.179	35.52	
285.393	34.29	
285.606	11.55	
285.819	28.14	
286.033	26.91	
286.246	51.49	
286.459	35.92	
286.672	57.43	
286.886	24.66	
287.099	38.38	
287.312	14.01	
287.525	24.66	
287.739	22.41	
287.952	37.77	
288.165	35.72	
288.378	41.04	
288.592	26.5	
288.805	35.92	
289.018	41.04	
289.231	31.01	
289.444	42.07	
289.657	55.99	
289.871	29.78	
290.084	18.93	
290.297	50.67	
290.51	43.3	
290.723	28.76	
290.936	44.53	
291.149	39.82	
291.362	13.81	
291.575	6.23	
291.789	11.55	
292.002	4.59	
292.215	14.01	
292.428	-5.44	
292.641	4.8	
292.854	7.46	
293.067	14.63	
293.28	3.77	
293.493	6.02	
293.706	-7.08	
293.919	0.49	
294.132	-25.1	
294.345	-12.41	
294.558	-4.83	
294.77	6.84	
294.983	4.18	
295.196	34.9	
295.409	34.9	
295.622	49.24	
295.835	61.52	
296.048	70.33	
296.261	62.55	
296.474	72.58	
296.686	61.52	
296.899	54.36	
297.112	44.12	
297.325	47.39	
297.538	40.84	
297.751	46.57	
297.963	42.07	
298.176	44.53	
298.389	44.94	
298.602	49.44	
298.814	106.37	
299.027	95.93	
299.24	95.32	
299.453	119.07	
299.665	115.18	
299.878	46.78	
300.091	59.07	
300.303	62.96	
300.516	33.26	
300.729	22.2	
300.941	25.89	
301.154	8.28	
301.367	-0.73	
301.579	5.21	
301.792	21.59	
302.005	16.88	
302.217	15.45	
302.43	14.42	
302.642	7.25	
302.855	-18.76	
303.067	-16.5	
303.28	4.8	
303.493	2.54	
303.705	22.2	
303.918	25.48	
304.13	42.68	
304.343	36.54	
304.555	48.83	
304.768	22.2	
304.98	44.12	
305.193	30.6	
305.405	34.7	
305.617	17.7	
305.83	36.33	
306.042	19.75	
306.255	16.67	
306.467	5	
306.68	9.3	
306.892	4.39	
307.104	20.36	
307.317	7.66	
307.529	25.68	
307.741	40.43	
307.954	54.97	
308.166	39	
308.378	60.71	
308.591	58.86	
308.803	52.72	
309.015	41.45	
309.228	52.72	
309.44	48.21	
309.652	43.09	
309.864	31.62	
310.077	25.89	
310.289	6.23	
310.501	1.11	
310.713	-4.62	
310.926	13.4	
311.138	3.57	
311.35	31.01	
311.562	35.31	
311.774	37.56	
311.986	35.72	
312.199	56.81	
312.411	32.85	
312.623	34.7	
312.835	29.37	
313.047	21.59	
313.259	8.69	
313.471	22	
313.683	25.28	
313.895	28.96	
314.108	25.28	
314.32	21.79	
314.532	17.9	
314.744	14.63	
314.956	33.67	
315.168	34.49	
315.38	27.32	
315.592	31.62	
315.804	26.09	
316.016	41.86	
316.228	52.72	
316.44	51.49	
316.651	49.24	
316.863	45.35	
317.075	8.48	
317.287	-8.52	
317.499	5.61	
317.711	0.9	
317.923	9.51	
318.135	0.9	
318.347	7.05	
318.559	15.24	
318.77	28.14	
318.982	13.81	
319.194	23.64	
319.406	26.09	
319.618	7.05	
319.83	5.61	
320.041	18.11	
320.253	12.37	
320.465	10.94	
320.677	12.78	
320.888	6.64	
321.1	2.54	
321.312	23.02	
321.524	35.52	
321.735	40.23	
321.947	38.59	
322.159	42.27	
322.37	39.82	
322.582	23.84	
322.794	40.43	
323.005	45.35	
323.217	39.41	
323.429	24.05	
323.64	42.27	
323.852	32.65	
324.063	26.09	
324.275	32.24	
324.487	45.96	
324.698	39	
324.91	46.98	
325.121	39.2	
325.333	37.36	
325.544	22.41	
325.756	29.37	
325.967	14.22	
326.179	38.18	
326.39	47.8	
326.602	57.63	
326.813	36.74	
327.025	50.26	
327.236	15.24	
327.448	-3.6	
327.659	-24.9	
327.871	-9.54	
328.082	-18.14	
328.293	6.64	
328.505	26.71	
328.716	48.62	
328.928	39	
329.139	54.97	
329.35	43.5	
329.562	40.23	
329.773	41.45	
329.984	45.76	
330.196	40.64	
330.407	60.71	
330.618	52.1	
330.83	51.9	
331.041	45.76	
331.252	37.56	
331.463	22.2	
331.675	38.79	
331.886	34.08	
332.097	39.82	
332.308	40.64	
332.52	40.23	
332.731	32.03	
332.942	34.49	
333.153	44.53	
333.364	47.6	
333.575	43.71	
333.787	57.22	
333.998	49.03	
334.209	56.61	
334.42	42.68	
334.631	49.44	
334.842	48.01	
335.053	55.18	
335.264	39.2	
335.475	39.41	
335.686	27.94	
335.898	18.31	
336.109	1.31	
336.32	2.95	
336.531	10.73	
336.742	34.49	
336.953	22.82	
337.164	28.14	
337.375	8.48	
337.586	11.76	
337.797	-7.08	
338.007	10.53	
338.218	14.22	
338.429	37.77	
338.64	31.01	
338.851	35.72	
339.062	21.38	
339.273	40.64	
339.484	33.06	
339.695	20.36	
339.906	20.57	
340.116	27.53	
340.327	12.37	
340.538	18.11	
340.749	20.97	
340.96	19.34	
341.171	19.34	
341.381	36.33	
341.592	45.35	
341.803	57.63	
342.014	66.85	
342.224	75.04	
342.435	51.69	
342.646	36.54	
342.857	36.33	
343.067	25.89	
343.278	35.31	
343.489	45.35	
343.699	50.67	
343.91	68.28	
344.121	61.93	
344.331	45.35	
344.542	45.96	
344.753	43.71	
344.963	26.3	
345.174	44.12	
345.384	46.98	
345.595	41.66	
345.806	52.31	
346.016	43.3	
346.227	33.67	
346.437	42.89	
346.648	54.36	
346.858	42.68	
347.069	37.97	
347.279	53.33	
347.49	33.88	
347.7	50.47	
347.911	46.98	
348.121	53.54	
348.332	45.35	
348.542	44.94	
348.753	23.43	
348.963	31.83	
349.173	29.99	
349.384	35.52	
349.594	58.04	
349.805	70.13	
350.015	56.81	
350.225	85.08	
350.436	76.68	
350.646	82.62	
350.856	82.62	
351.067	101.46	
351.277	77.09	
351.487	78.52	
351.698	66.85	
351.908	65.01	
352.118	73.4	
352.328	88.15	
352.539	110.27	
352.749	110.88	
352.959	126.85	
353.169	127.26	
353.38	135.05	
353.59	153.68	
353.8	167.81	
354.01	173.55	
354.22	187.27	
354.431	225.98	
354.641	229.46	
354.851	259.97	
355.061	274.72	
355.271	325.51	
355.481	337.18	
355.691	359.5	
355.901	369.13	
356.111	414.8	
356.321	427.91	
356.532	457.19	
356.742	506.96	
356.952	570.24	
357.162	615.09	
357.372	665.47	
357.582	711.96	
357.792	763.16	
358.002	809.24	
358.212	889.72	
358.422	971.64	
358.632	1060.11	
358.842	1156.37	
359.051	1276.38	
359.261	1357.07	
359.471	1469.91	
359.681	1607.33	
359.891	1734.92	
360.101	1867.83	
360.311	2030.85	
360.521	2195.71	
360.731	2411.16	
360.94	2621.69	
361.15	2836.52	
361.36	3076.34	
361.57	3324.96	
361.78	3562.12	
361.989	3821.6	
362.199	4136.37	
362.409	4482.68	
362.619	4868.72	
362.828	5341.39	
363.038	5824.3	
363.248	6337.73	
363.458	6828.42	
363.667	7350.65	
363.877	7776.84	
364.087	8270.6	
364.296	8745.73	
364.506	9282.71	
364.716	9788.97	
364.925	10355.43	
365.135	10841.21	
365.345	11361.4	
365.554	11796.59	
365.764	12212.74	
365.973	12549.01	
366.183	12962.91	
366.393	13243.68	
366.602	13564.4	
366.812	13828.38	
367.021	14060.41	
367.231	14169.57	
367.44	14310.27	
367.65	14379.28	
367.859	14498.68	
368.069	14564.01	
368.278	14544.96	
368.488	14458.34	
368.697	14345.08	
368.907	14174.9	
369.116	14051.61	
369.326	13939.38	
369.535	13811.38	
369.744	13637.51	
369.954	13425.13	
370.163	13165.25	
370.373	12941.81	
370.582	12732.72	
370.791	12565.4	
371.001	12394.19	
371.21	12217.24	
371.419	12028.22	
371.629	11830.59	
371.838	11583.81	
372.047	11403.79	
372.256	11213.53	
372.466	11003.21	
372.675	10822.99	
372.884	10659.15	
373.093	10435.31	
373.303	10269.83	
373.512	10169.89	
373.721	10035.13	
373.93	9862.08	
374.139	9661.99	
374.349	9446.96	
374.558	9199.56	
374.767	8929.64	
374.976	8750.03	
375.185	8603.6	
375.394	8402.08	
375.603	8197.9	
375.813	8046.35	
376.022	7810.83	
376.231	7545.42	
376.44	7317.27	
376.649	7102.44	
376.858	6835.18	
377.067	6622.6	
377.276	6366.61	
377.485	6157.71	
377.694	5916.87	
377.903	5705.32	
378.112	5448.71	
378.321	5318.25	
378.53	5129.84	
378.739	4969.48	
378.948	4810.76	
379.157	4696.28	
379.366	4531.01	
379.575	4363.28	
379.784	4201.7	
379.992	4086.81	
380.201	3966.8	
380.41	3860.1	
380.619	3757.29	
380.828	3682.13	
381.037	3549.42	
381.246	3424.08	
381.454	3301.41	
381.663	3227.48	
381.872	3119.14	
382.081	3052.58	
382.29	2972.1	
382.498	2892.84	
382.707	2803.96	
382.916	2735.15	
383.125	2624.97	
383.333	2548.17	
383.542	2472.19	
383.751	2368.97	
383.959	2295.45	
384.168	2253.87	
384.377	2211.07	
384.585	2135.71	
384.794	2101.1	
385.003	2031.26	
385.211	1954.67	
385.42	1887.29	
385.628	1851.24	
385.837	1806.19	
386.046	1767.07	
386.254	1732.87	
386.463	1674.3	
386.671	1646.24	
386.88	1578.25	
387.088	1524.8	
387.297	1478.92	
387.505	1453.94	
387.714	1381.24	
387.922	1330.86	
388.131	1285.8	
388.339	1235.01	
388.548	1173.78	
388.756	1139.37	
388.965	1118.07	
389.173	1075.27	
389.381	1041.27	
389.59	1024.89	
389.798	1001.95	
390.007	971.03	
390.215	949.52	
390.423	941.13	
390.632	902.83	
390.84	879.89	
391.048	849.38	
391.257	832.18	
391.465	783.02	
391.673	775.45	
391.882	749.85	
392.09	714.62	
392.298	682.26	
392.506	663.83	
392.715	625.33	
392.923	602.8	
393.131	605.06	
393.339	586.83	
393.547	579.66	
393.756	574.34	
393.964	542.59	
394.172	513.92	
394.38	480.54	
394.588	469.48	
394.796	461.08	
395.005	449.2	
395.213	442.04	
395.421	459.85	
395.629	435.48	
395.837	408.66	
396.045	404.15	
396.253	408.66	
396.461	395.14	
396.669	387.36	
396.877	390.02	
397.085	387.15	
397.293	378.35	
397.501	373.02	
397.709	380.19	
397.917	380.8	
398.125	376.09	
398.333	356.23	
398.541	339.02	
398.749	334.93	
398.957	311.99	
399.165	292.74	
399.373	294.38	
399.581	302.98	
399.788	306.05	
399.996	303.8	
400.204	306.87	
400.412	289.26	
400.62	272.67	
400.828	247.68	
401.035	253.42	
401.243	256.9	
401.451	272.67	
401.659	253.21	
401.867	251.17	
402.074	236.01	
402.282	220.45	
402.49	198.53	
402.697	237.85	
402.905	224.54	
403.113	225.57	
403.321	223.72	
403.528	226.8	
403.736	198.94	
403.944	208.57	
404.151	197.71	
404.359	177.85	
404.566	174.57	
404.774	172.52	
404.982	163.31	
405.189	166.99	
405.397	168.84	
405.604	157.78	
405.812	155.53	
406.02	141.6	
406.227	151.02	
406.435	152.66	
406.642	159.01	
406.85	148.77	
407.057	176.62	
407.265	167.81	
407.472	178.46	
407.679	170.89	
407.887	172.73	
408.094	148.97	
408.302	130.95	
408.509	134.84	
408.717	135.46	
408.924	134.43	
409.131	133.61	
409.339	133.82	
409.546	116.21	
409.753	122.35	
409.961	132.38	
410.168	123.58	
410.375	146.31	
410.583	143.03	
410.79	138.73	
410.997	123.37	
411.205	127.67	
411.412	123.17	
411.619	131.36	
411.826	126.45	
412.034	148.56	
412.241	141.6	
412.448	124.81	
412.655	102.28	
412.862	95.52	
413.07	67.67	
413.277	70.95	
413.484	71.76	
413.691	97.16	
413.898	85.28	
414.105	83.23	
414.312	76.68	
414.519	71.76	
414.727	55.18	
414.934	72.58	
415.141	78.93	
415.348	94.5	
415.555	81.59	
415.762	84.46	
415.969	69.31	
416.176	66.23	
416.383	70.33	
416.59	71.97	
416.797	74.22	
417.004	89.58	
417.211	86.71	
417.418	64.6	
417.625	64.39	
417.831	50.67	
418.038	47.8	
418.245	51.69	
418.452	59.48	
418.659	55.99	
418.866	52.72	
419.073	50.67	
419.28	41.45	
419.486	54.15	
419.693	53.13	
419.9	72.58	
420.107	77.5	
420.314	98.8	
420.52	95.52	
420.727	118.46	
420.934	113.34	
421.141	103.3	
421.347	91.83	
421.554	80.37	
421.761	51.69	
421.967	59.07	
422.174	67.26	
422.381	57.22	
422.588	44.94	
422.794	65.62	
423.001	87.12	
423.207	71.56	
423.414	67.46	
423.621	74.84	
423.827	74.84	
424.034	55.38	
424.24	73.4	
424.447	75.25	
424.654	67.46	
424.86	66.64	
425.067	44.53	
425.273	29.37	
425.48	46.57	
425.686	69.1	
425.893	71.35	
426.099	82.21	
426.306	93.47	
426.512	85.28	
426.718	81.59	
426.925	66.44	
427.131	55.99	
427.338	48.21	
427.544	30.4	
427.75	17.49	
427.957	15.65	
428.163	26.3	
428.37	36.54	
428.576	58.25	
428.782	44.53	
428.988	67.05	
429.195	64.19	
429.401	37.36	
429.607	22.41	
429.814	57.02	
430.02	43.09	
430.226	43.09	
430.432	57.63	
430.639	67.87	
430.845	63.78	
431.051	68.69	
431.257	72.99	
431.463	77.29	
431.67	54.77	
431.876	38.59	
432.082	30.19	
432.288	28.76	
432.494	35.31	
432.7	52.72	
432.906	48.21	
433.112	38.18	
433.318	38.79	
433.525	28.35	
433.731	37.56	
433.937	56.61	
434.143	65.42	
434.349	56.81	
434.555	56.4	
434.761	53.13	
434.967	26.91	
435.173	43.09	
435.379	51.69	
435.585	66.03	
435.791	67.67	
435.996	101.66	
436.202	91.22	
436.408	83.23	
436.614	77.5	
436.82	68.49	
437.026	43.5	
437.232	51.49	
437.438	44.32	
437.644	21.18	
437.849	31.21	
438.055	26.91	
438.261	21.79	
438.467	22.41	
438.673	41.66	
438.878	22.61	
439.084	34.08	
439.29	41.66	
439.496	48.62	
439.701	51.28	
439.907	45.96	
440.113	36.33	
440.318	30.8	
440.524	30.4	
440.73	9.3	
440.935	21.38	
441.141	19.34	
441.347	24.66	
441.552	14.22	
441.758	41.25	
441.964	17.7	
442.169	24.05	
442.375	3.36	
442.58	4.8	
442.786	7.05	
442.991	25.68	
443.197	9.1	
443.402	38.79	
443.608	41.25	
443.813	50.47	
444.019	61.11	
444.224	83.85	
444.43	56.2	
444.635	64.6	
444.841	25.48	
445.046	38.59	
445.252	25.68	
445.457	28.14	
445.662	19.54	
445.868	32.44	
446.073	19.54	
446.278	11.14	
446.484	0.9	
446.689	-7.08	
446.894	-2.17	
447.1	-18.96	
447.305	1.52	
447.51	9.3	
447.716	9.51	
447.921	-8.31	
448.126	3.57	
448.331	-10.77	
448.537	0.29	
448.742	16.06	
448.947	22	
449.152	21.38	
449.357	32.65	
449.563	36.74	
449.768	31.62	
449.973	39	
450.178	31.62	
450.383	24.25	
450.588	21.18	
450.793	14.22	
450.999	20.36	
451.204	22	
451.409	26.5	
451.614	20.36	
451.819	17.9	
452.024	12.37	
452.229	21.79	
452.434	28.35	
452.639	26.91	
452.844	42.68	
453.049	21.38	
453.254	13.81	
453.459	-7.7	
453.664	-8.11	
453.869	-3.6	
454.074	17.7	
454.279	25.89	
454.483	26.91	
454.688	23.23	
454.893	29.37	
455.098	20.97	
455.303	11.76	
455.508	20.97	
455.713	23.84	
455.917	6.02	
456.122	11.96	
456.327	11.14	
456.532	32.65	
456.737	20.36	
456.941	20.97	
457.146	18.52	
457.351	6.64	
457.555	-16.09	
457.76	10.53	
457.965	12.58	
458.17	21.38	
458.374	46.98	
458.579	55.18	
458.784	38.38	
458.988	32.44	
459.193	25.68	
459.397	27.53	
459.602	21.79	
459.807	29.99	
460.011	25.48	
460.216	24.25	
460.42	0.09	
460.625	-6.06	
460.829	2.54	
461.034	5.61	
461.239	-4.42	
461.443	12.37	
461.648	12.17	
461.852	-18.55	
462.056	-9.13	
462.261	5.41	
462.465	11.76	
462.67	11.76	
462.874	31.83	
463.079	18.93	
463.283	7.05	
463.487	9.1	
463.692	13.19	
463.896	-8.31	
464.1	-9.54	
464.305	-8.31	
464.509	-29.41	
464.713	-10.77	
464.918	17.29	
465.122	38.38	
465.326	27.73	
465.531	29.17	
465.735	8.28	
465.939	6.02	
466.143	-8.93	
466.348	11.96	
466.552	11.35	
466.756	23.23	
466.96	23.64	
467.164	29.78	
467.368	26.3	
467.573	45.35	
467.777	33.67	
467.981	26.5	
468.185	12.58	
468.389	6.43	
468.593	-21.21	
468.797	-19.37	
469.001	-17.94	
469.205	0.29	
469.409	8.89	
469.613	1.93	
469.817	0.49	
470.021	12.17	
470.225	0.9	
470.429	-14.05	
470.633	2.13	
470.837	3.57	
471.041	-7.29	
471.245	-17.32	
471.449	-3.19	
471.653	-2.99	
471.857	6.23	
472.061	-7.49	
472.265	10.94	
472.469	11.76	
472.673	4.59	
472.876	-5.65	
473.08	0.29	
473.284	2.13	
473.488	-9.95	
473.692	11.14	
473.895	23.64	
474.099	32.03	
474.303	28.14	
474.507	36.54	
474.71	39.82	
474.914	31.42	
475.118	25.48	
475.322	18.31	
475.525	3.16	
475.729	2.13	
475.933	10.12	
476.136	36.54	
476.34	39.82	
476.543	51.08	
476.747	37.56	
476.951	36.54	
477.154	1.31	
477.358	22.61	
477.561	25.68	
477.765	23.43	
477.969	3.36	
478.172	16.67	
478.376	-4.22	
478.579	-12.82	
478.783	-6.88	
478.986	7.25	
479.19	-3.81	
479.393	8.28	
479.596	19.54	
479.8	19.95	
480.003	19.54	
480.207	28.76	
480.41	20.16	
480.614	23.23	
480.817	19.75	
481.02	29.58	
481.224	22.61	
481.427	26.71	
481.63	40.02	
481.834	42.27	
482.037	20.77	
482.24	23.43	
482.443	24.05	
482.647	8.48	
482.85	4.59	
483.053	16.47	
483.256	3.16	
483.46	11.76	
483.663	3.57	
483.866	21.59	
484.069	19.75	
484.272	27.32	
484.476	11.55	
484.679	11.76	
484.882	-10.36	
485.085	-14.05	
485.288	-4.22	
485.491	-0.32	
485.694	4.39	
485.897	9.1	
486.101	21.38	
486.304	21.59	
486.507	12.37	
486.71	10.33	
486.913	-0.53	
487.116	-19.98	
487.319	-15.27	
487.522	-3.19	
487.725	6.23	
487.928	15.65	
488.13	15.85	
488.333	9.71	
488.536	2.95	
488.739	-1.55	
488.942	-2.99	
489.145	0.29	
489.348	1.11	
489.551	6.02	
489.754	11.76	
489.956	13.4	
490.159	12.78	
490.362	8.07	
490.565	-8.52	
490.768	-6.67	
490.97	10.94	
491.173	20.77	
491.376	15.04	
491.579	28.35	
491.781	26.09	
491.984	10.12	
492.187	3.57	
492.39	6.23	
492.592	5.21	
492.795	8.89	
492.998	-1.96	
493.2	1.52	
493.403	8.07	
493.605	28.35	
493.808	22	
494.011	33.26	
494.213	25.68	
494.416	36.13	
494.618	12.17	
494.821	-1.14	
495.023	8.89	
495.226	20.57	
495.428	5.21	
495.631	9.51	
495.833	32.44	
496.036	17.9	
496.238	6.02	
496.441	10.53	
496.643	-4.83	
496.846	-22.85	
497.048	-12.2	
497.25	7.46	
497.453	3.16	
497.655	40.02	
497.858	55.59	
498.06	53.54	
498.262	25.68	
498.465	37.56	
498.667	32.03	
498.869	33.06	
499.071	33.67	
499.274	57.43	
499.476	42.07	
499.678	30.4	
499.881	2.54	
500.083	3.98	
500.285	-17.94	
500.487	-3.19	
500.689	-7.9	
500.892	2.13	
501.094	-19.58	
501.296	1.93	
501.498	-17.12	
501.7	-21.83	
501.902	-14.86	
502.104	3.16	
502.306	-15.89	
502.509	5.61	
502.711	3.36	
502.913	2.95	
503.115	-10.36	
503.317	6.43	
503.519	-17.73	
503.721	-14.25	
503.923	2.13	
504.125	12.37	
504.327	23.64	
504.529	32.44	
504.731	31.01	
504.933	31.42	
505.134	28.96	
505.336	17.9	
505.538	28.76	
505.74	39	
505.942	25.68	
506.144	20.97	
506.346	14.42	
506.548	12.17	
506.749	-2.17	
506.951	-7.29	
507.153	-4.22	
507.355	5	
507.557	3.77	
507.758	19.13	
507.96	5.21	
508.162	14.42	
508.363	2.54	
508.565	13.4	
508.767	1.52	
508.969	10.53	
509.17	8.28	
509.372	14.01	
509.574	-2.58	
509.775	3.16	
509.977	-8.93	
510.178	-2.78	
510.38	-7.29	
510.582	-6.06	
510.783	-31.04	
510.985	-10.15	
511.186	-18.14	
511.388	-15.27	
511.589	-5.44	
511.791	16.26	
511.992	17.49	
512.194	20.97	
512.395	7.66	
512.597	-4.62	
512.798	-7.29	
513	-17.53	
513.201	-12.41	
513.403	13.6	
513.604	22.61	
513.805	22	
514.007	17.9	
514.208	-7.7	
514.409	-30.02	
514.611	-36.78	
514.812	-34.73	
515.013	-21.42	
515.215	-13.23	
515.416	-7.7	
515.617	-4.83	
515.819	-16.3	
516.02	-24.08	
516.221	-8.93	
516.422	-8.52	
516.623	-1.76	
516.825	6.84	
517.026	7.25	
517.227	-10.15	
517.428	-6.26	
517.629	1.93	
517.83	6.02	
518.032	6.64	
518.233	18.11	
518.434	19.75	
518.635	18.72	
518.836	15.45	
519.037	11.14	
519.238	20.36	
519.439	23.02	
519.64	6.84	
519.841	8.07	
520.042	-1.55	
520.243	-7.49	
520.444	-17.94	
520.645	-17.94	
520.846	-16.5	
521.047	-0.32	
521.248	-10.56	
521.449	5.61	
521.65	4.8	
521.851	28.96	
522.052	28.14	
522.252	46.16	
522.453	36.13	
522.654	31.62	
522.855	0.49	
523.056	-10.77	
523.257	-30.43	
523.457	-30.02	
523.658	-23.26	
523.859	-13.64	
524.06	-21.01	
524.26	-14.05	
524.461	-14.86	
524.662	-19.37	
524.862	-37.8	
525.063	-15.68	
525.264	-15.89	
525.464	-16.09	
525.665	-9.34	
525.866	24.66	
526.066	13.6	
526.267	11.35	
526.468	13.81	
526.668	7.25	
526.869	-15.89	
527.069	-12	
527.27	-4.83	
527.47	-0.12	
527.671	7.66	
527.871	15.85	
528.072	24.25	
528.272	23.84	
528.473	8.07	
528.673	20.16	
528.874	16.67	
529.074	6.23	
529.275	10.73	
529.475	26.5	
529.675	9.71	
529.876	6.84	
530.076	-10.36	
530.277	-18.55	
530.477	-21.21	
530.677	-28.59	
530.878	-19.17	
531.078	12.37	
531.278	9.51	
531.478	12.37	
531.679	13.19	
531.879	12.58	
532.079	-1.55	
532.28	5.21	
532.48	-11.18	
532.68	-4.42	
532.88	-0.32	
533.08	7.05	
533.28	-4.01	
533.481	-0.53	
533.681	-7.7	
533.881	-15.89	
534.081	-23.67	
534.281	-11.79	
534.481	-3.19	
534.681	12.78	
534.881	20.77	
535.081	34.29	
535.281	26.09	
535.481	35.92	
535.682	27.53	
535.882	17.29	
536.082	4.39	
536.281	5.41	
536.481	17.7	
536.681	17.9	
536.881	4.39	
537.081	0.49	
537.281	-2.99	
537.481	-30.63	
537.681	-40.46	
537.881	-31.86	
538.081	-12.2	
538.281	-10.15	
538.48	-18.55	
538.68	-12.41	
538.88	-8.52	
539.08	-27.15	
539.28	-26.95	
539.479	-3.19	
539.679	3.36	
539.879	-2.99	
540.079	5.61	
540.278	17.49	
540.478	-7.49	
540.678	-17.32	
540.877	5.41	
541.077	-2.37	
541.277	-10.77	
541.476	11.76	
541.676	23.43	
541.876	14.63	
542.075	27.94	
542.275	15.24	
542.474	-7.9	
542.674	-1.55	
542.874	-4.62	
543.073	-26.74	
543.273	-5.85	
543.472	17.29	
543.672	5	
543.871	-5.03	
544.071	1.11	
544.27	-1.14	
544.47	-6.06	
544.669	0.7	
544.868	-2.37	
545.068	11.35	
545.267	-1.76	
545.467	12.17	
545.666	-3.19	
545.865	5.82	
546.065	6.64	
546.264	6.02	
546.463	-20.19	
546.663	-11.79	
546.862	-6.26	
547.061	-4.62	
547.261	2.75	
547.46	11.55	
547.659	10.94	
547.858	15.45	
548.058	5.41	
548.257	6.64	
548.456	6.84	
548.655	9.1	
548.854	-2.99	
549.053	4.39	
549.253	3.16	
549.452	-0.94	
549.651	12.58	
549.85	32.65	
550.049	21.18	
550.248	22.61	
550.447	29.58	
550.646	27.73	
550.845	19.75	
551.044	21.59	
551.243	7.66	
551.442	8.48	
551.641	-8.11	
551.84	-13.02	
552.039	-6.67	
552.238	15.04	
552.437	12.17	
552.636	28.76	
552.835	19.75	
553.034	19.13	
553.233	20.77	
553.432	23.84	
553.63	10.33	
553.829	14.01	
554.028	-1.55	
554.227	-12.82	
554.426	-4.01	
554.625	-0.53	
554.823	0.7	
555.022	19.34	
555.221	31.83	
555.42	19.13	
555.618	17.49	
555.817	20.16	
556.016	17.29	
556.214	15.65	
556.413	14.22	
556.612	21.38	
556.81	18.52	
557.009	23.84	
557.208	12.37	
557.406	16.88	
557.605	13.19	
557.803	15.24	
558.002	4.59	
558.201	-1.96	
558.399	-8.31	
558.598	-17.32	
558.796	-11.59	
558.995	-0.73	
559.193	9.51	
559.392	1.72	
559.59	19.75	
559.789	24.46	
559.987	28.55	
560.185	45.76	
560.384	47.39	
560.582	36.95	
560.781	38.38	
560.979	29.17	
561.177	7.66	
561.376	10.33	
561.574	16.06	
561.772	-15.48	
561.971	1.93	
562.169	4.59	
562.367	-2.58	
562.566	-0.73	
562.764	3.16	
562.962	-15.68	
563.16	-23.47	
563.358	-1.14	
563.557	-6.47	
563.755	7.46	
563.953	12.58	
564.151	21.79	
564.349	11.76	
564.547	19.13	
564.746	13.19	
564.944	0.49	
565.142	-4.42	
565.34	-0.12	
565.538	-10.77	
565.736	4.39	
565.934	5.21	
566.132	-1.35	
566.33	-6.06	
566.528	4.18	
566.726	-6.67	
566.924	-6.06	
567.122	-14.86	
567.32	-26.33	
567.518	-40.05	
567.716	-31.45	
567.914	-35.14	
568.112	-16.3	
568.31	-5.85	
568.507	3.57	
568.705	-10.56	
568.903	-4.01	
569.101	-0.12	
569.299	24.25	
569.497	22	
569.694	34.08	
569.892	34.9	
570.09	30.4	
570.288	-9.95	
570.486	-8.93	
570.683	1.31	
570.881	7.66	
571.079	6.84	
571.276	20.16	
571.474	18.31	
571.672	5.61	
571.869	2.13	
572.067	-3.19	
572.265	3.36	
572.462	16.47	
572.66	3.16	
572.857	14.83	
573.055	29.37	
573.253	25.68	
573.45	-2.58	
573.648	19.34	
573.845	3.98	
574.043	-6.67	
574.24	-15.48	
574.438	-9.95	
574.635	-15.68	
574.832	-25.92	
575.03	-28.59	
575.227	-0.12	
575.425	2.13	
575.622	-15.27	
575.82	-2.78	
576.017	5.61	
576.214	-11.38	
576.412	-0.12	
576.609	3.36	
576.806	6.43	
577.004	0.49	
577.201	-4.22	
577.398	1.31	
577.595	46.78	
577.793	51.69	
577.99	35.11	
578.187	24.46	
578.384	26.91	
578.582	-13.43	
578.779	-9.95	
578.976	3.57	
579.173	40.84	
579.37	31.62	
579.567	44.73	
579.764	36.74	
579.962	34.9	
580.159	19.54	
580.356	24.66	
580.553	23.23	
580.75	15.65	
580.947	21.79	
581.144	29.58	
581.341	23.02	
581.538	17.29	
581.735	24.25	
581.932	19.95	
582.129	-11.18	
582.326	-17.94	
582.523	-21.21	
582.72	-42.1	
582.916	-41.9	
583.113	-34.32	
583.31	-41.69	
583.507	-39.85	
583.704	-10.15	
583.901	-1.35	
584.098	10.53	
584.294	26.09	
584.491	26.71	
584.688	12.78	
584.885	-1.35	
585.082	20.57	
585.278	22.61	
585.475	29.37	
585.672	33.47	
585.868	39.61	
586.065	11.14	
586.262	-12.61	
586.458	-19.17	
586.655	-7.7	
586.852	-8.52	
587.048	-3.6	
587.245	1.31	
587.442	20.16	
587.638	16.88	
587.835	32.85	
588.031	33.47	
588.228	38.38	
588.424	20.16	
588.621	11.76	
588.817	-0.53	
589.014	13.4	
589.21	22.2	
589.407	15.65	
589.603	15.65	
589.8	23.23	
589.996	20.57	
590.192	13.19	
590.389	20.57	
590.585	17.29	
590.782	-7.49	
590.978	8.69	
591.174	7.66	
591.371	5.61	
591.567	10.53	
591.763	36.95	
591.959	0.09	
592.156	8.69	
592.352	14.22	
592.548	10.94	
592.744	7.25	
592.941	17.9	
593.137	14.63	
593.333	4.59	
593.529	31.01	
593.725	17.7	
593.922	13.81	
594.118	30.6	
594.314	29.58	
594.51	3.57	
594.706	-0.32	
594.902	15.65	
595.098	-1.96	
595.294	6.23	
595.49	-9.34	
595.686	3.36	
595.882	-9.13	
596.078	6.84	
596.274	11.76	
596.47	39.82	
596.666	39.41	
596.862	26.5	
597.058	18.52	
597.254	20.36	
597.45	7.87	
597.646	19.13	
597.842	39.41	
598.037	47.8	
598.233	35.52	
598.429	52.51	
598.625	28.76	
598.821	20.36	
599.017	7.25	
599.212	20.57	
599.408	19.54	
599.604	26.3	
599.8	32.85	
599.995	31.01	
600.191	21.79	
600.387	4.39	
600.582	17.08	
600.778	6.43	
600.974	4.59	
601.169	-0.73	
601.365	6.84	
601.561	-7.9	
601.756	-15.68	
601.952	-5.65	
602.147	-10.15	
602.343	-9.95	
602.538	-0.12	
602.734	13.81	
602.93	22.41	
603.125	22.61	
603.321	26.71	
603.516	25.28	
603.711	25.07	
603.907	22.82	
604.102	37.15	
604.298	34.9	
604.493	30.6	
604.689	48.62	
604.884	41.04	
605.079	29.58	
605.275	20.77	
605.47	25.48	
605.665	0.09	
605.861	-2.99	
606.056	3.98	
606.251	3.16	
606.447	8.28	
606.642	-2.17	
606.837	-5.65	
607.032	-1.55	
607.227	-5.03	
607.423	-10.15	
607.618	12.78	
607.813	16.88	
608.008	21.18	
608.203	44.94	
608.398	47.6	
608.594	23.64	
608.789	8.28	
608.984	6.23	
609.179	-1.14	
609.374	-5.65	
609.569	15.24	
609.764	17.9	
609.959	15.65	
610.154	15.65	
610.349	9.1	
610.544	3.98	
610.739	22	
610.934	20.36	
611.129	18.52	
611.324	36.74	
611.519	46.78	
611.714	49.44	
611.909	40.43	
612.103	54.97	
612.298	48.83	
612.493	54.56	
612.688	48.21	
612.883	59.48	
613.078	32.03	
613.272	49.65	
613.467	41.66	
613.662	50.06	
613.857	57.84	
614.051	76.47	
614.246	57.22	
614.441	39.2	
614.635	9.92	
614.83	-12.2	
615.025	-37.6	
615.219	-45.38	
615.414	-48.45	
615.609	-38.01	
615.803	-45.79	
615.998	-21.21	
616.192	-12	
616.387	4.39	
616.582	20.57	
616.776	40.23	
616.971	24.05	
617.165	10.73	
617.36	8.69	
617.554	4.59	
617.749	9.1	
617.943	22	
618.138	37.15	
618.332	33.06	
618.526	10.73	
618.721	9.1	
618.915	11.96	
619.11	9.92	
619.304	-7.08	
619.498	10.94	
619.693	20.97	
619.887	7.25	
620.081	-5.44	
620.275	14.63	
620.47	20.97	
620.664	23.43	
620.858	19.95	
621.052	29.99	
621.247	32.65	
621.441	27.94	
621.635	14.42	
621.829	26.71	
622.023	24.66	
622.218	32.24	
622.412	36.74	
622.606	34.9	
622.8	33.88	
622.994	27.53	
623.188	-0.94	
623.382	-3.81	
623.576	-8.93	
623.77	-8.93	
623.964	6.43	
624.158	17.9	
624.352	14.63	
624.546	18.52	
624.74	8.28	
624.934	2.13	
625.128	11.55	
625.322	16.06	
625.516	10.53	
625.71	7.87	
625.904	2.13	
626.098	14.63	
626.291	-5.44	
626.485	-12.61	
626.679	-4.83	
626.873	7.87	
627.067	-10.36	
627.26	11.76	
627.454	37.77	
627.648	49.03	
627.842	27.53	
628.035	35.92	
628.229	25.89	
628.423	8.48	
628.617	-14.66	
628.81	-2.37	
629.004	-10.97	
629.198	6.02	
629.391	13.19	
629.585	31.42	
629.778	19.13	
629.972	35.31	
630.166	16.88	
630.359	5.21	
630.553	3.57	
630.746	18.52	
630.94	19.34	
631.133	19.75	
631.327	33.06	
631.52	21.18	
631.714	14.83	
631.907	10.33	
632.1	23.02	
632.294	31.83	
632.487	32.44	
632.681	47.19	
632.874	37.77	
633.067	30.6	
633.261	25.07	
633.454	36.54	
633.647	32.85	
633.841	21.38	
634.034	22.61	
634.227	16.47	
634.421	16.06	
634.614	23.23	
634.807	29.78	
635	12.78	
635.193	22	
635.387	10.94	
635.58	-10.56	
635.773	4.18	
635.966	20.77	
636.159	7.66	
636.352	-1.76	
636.545	-2.78	
636.739	-16.3	
636.932	-8.72	
637.125	-17.73	
637.318	-15.07	
637.511	-9.54	
637.704	-14.46	
637.897	-15.27	
638.09	-8.11	
638.283	8.28	
638.476	21.59	
638.669	20.16	
638.862	15.65	
639.055	7.25	
639.247	1.93	
639.44	-15.89	
639.633	11.96	
639.826	5.61	
640.019	24.25	
640.212	17.49	
640.405	31.42	
640.597	14.22	
640.79	14.83	
640.983	9.92	
641.176	14.42	
641.368	9.71	
641.561	21.18	
641.754	23.02	
641.947	26.5	
642.139	36.54	
642.332	26.71	
642.525	19.13	
642.717	26.3	
642.91	18.11	
643.103	13.6	
643.295	15.45	
643.488	7.46	
643.68	-16.5	
643.873	-11.59	
644.065	-11.18	
644.258	-10.15	
644.45	-13.02	
644.643	5	
644.835	7.66	
645.028	3.98	
645.22	0.7	
645.413	-3.6	
645.605	-7.9	
645.798	-11.18	
645.99	1.11	
646.182	6.43	
646.375	17.08	
646.567	12.17	
646.76	0.49	
646.952	-7.7	
647.144	-2.58	
647.337	3.57	
647.529	10.94	
647.721	29.78	
647.913	34.29	
648.106	20.16	
648.298	-0.73	
648.49	11.96	
648.682	-9.95	
648.874	-15.48	
649.067	-11.38	
649.259	-1.55	
649.451	-16.09	
649.643	0.29	
649.835	-0.32	
650.027	3.77	
650.219	4.59	
650.411	16.06	
650.603	4.8	
650.796	25.28	
650.988	28.55	
651.18	34.49	
651.372	34.49	
651.564	39.2	
651.756	7.87	
651.948	-9.54	
652.139	-17.53	
652.331	-22.24	
652.523	-29.82	
652.715	-25.72	
652.907	-6.26	
653.099	-4.62	
653.291	-2.78	
653.483	10.33	
653.674	23.02	
653.866	24.46	
654.058	27.12	
654.25	20.57	
654.442	11.76	
654.633	8.89	
654.825	13.81	
655.017	15.45	
655.209	18.52	
655.4	27.53	
655.592	10.33	
655.784	10.53	
655.975	7.46	
656.167	4.18	
656.359	-12.61	
656.55	3.57	
656.742	-16.09	
656.933	-3.19	
657.125	-0.94	
657.316	12.17	
657.508	-5.24	
657.7	25.89	
657.891	6.64	
658.083	12.58	
658.274	20.16	
658.466	34.9	
658.657	23.43	
658.848	29.37	
659.04	29.99	
659.231	17.7	
659.423	15.45	
659.614	3.16	
659.805	18.52	
659.997	26.5	
660.188	36.74	
660.379	46.37	
660.571	48.83	
660.762	40.84	
660.953	15.65	
661.145	11.76	
661.336	-7.08	
661.527	65.83	
661.718	67.26	
661.909	73.81	
662.101	80.37	
662.292	81.18	
662.483	-1.14	
662.674	-9.54	
662.865	-11.59	
663.056	-26.33	
663.247	-21.21	
663.439	-4.42	
663.63	0.7	
663.821	-5.65	
664.012	-4.01	
664.203	14.01	
664.394	17.7	
664.585	15.65	
664.776	22.2	
664.967	38.59	
665.158	20.36	
665.349	29.17	
665.54	10.53	
665.73	24.05	
665.921	1.31	
666.112	9.51	
666.303	-18.76	
666.494	13.4	
666.685	5.41	
666.876	27.73	
667.066	30.19	
667.257	50.47	
667.448	27.32	
667.639	26.5	
667.83	16.26	
668.02	15.65	
668.211	1.11	
668.402	16.88	
668.592	2.54	
668.783	-12	
668.974	-14.66	
669.164	0.09	
669.355	-3.19	
669.546	19.13	
669.736	27.94	
669.927	29.78	
670.117	7.46	
670.308	15.45	
670.499	-5.03	
670.689	-9.54	
670.88	-19.17	
671.07	0.29	
671.261	-5.44	
671.451	14.01	
671.641	6.43	
671.832	14.63	
672.022	15.24	
672.213	11.96	
672.403	1.52	
672.594	24.25	
672.784	28.35	
672.974	19.34	
673.165	5.61	
673.355	10.73	
673.545	26.5	
673.736	31.42	
673.926	27.32	
674.116	40.23	
674.306	24.46	
674.497	-11.79	
674.687	-27.77	
674.877	-34.53	
675.067	-30.43	
675.257	-18.14	
675.448	-9.54	
675.638	-1.55	
675.828	1.93	
676.018	2.75	
676.208	-1.55	
676.398	11.96	
676.588	-1.76	
676.778	1.11	
676.968	-9.13	
677.158	4.8	
677.348	-14.05	
677.538	-5.24	
677.728	1.52	
677.918	4.8	
678.108	-15.48	
678.298	-4.83	
678.488	-17.73	
678.678	-23.26	
678.868	-23.26	
679.058	-21.62	
679.248	-20.8	
679.438	-11.79	
679.627	-19.37	
679.817	-21.42	
680.007	-17.53	
680.197	-17.12	
680.387	-19.37	
680.576	-4.42	
680.766	-0.94	
680.956	-9.54	
681.146	6.23	
681.335	23.23	
681.525	16.26	
681.715	9.3	
681.904	26.71	
682.094	20.57	
682.284	8.07	
682.473	14.83	
682.663	32.65	
682.852	32.24	
683.042	32.24	
683.231	42.89	
683.421	40.84	
683.61	35.92	
683.8	19.95	
683.989	13.19	
684.179	7.66	
684.368	-4.22	
684.558	-19.37	
684.747	-14.66	
684.937	-26.13	
685.126	-24.08	
685.316	-12.41	
685.505	-13.84	
685.694	6.64	
685.884	35.72	
686.073	22.61	
686.262	24.87	
686.452	38.38	
686.641	35.72	
686.83	6.02	
687.019	11.35	
687.209	10.94	
687.398	5.82	
687.587	-6.47	
687.776	-10.36	
687.965	-12.61	
688.155	-15.07	
688.344	-30.63	
688.533	-26.13	
688.722	-19.58	
688.911	-1.76	
689.1	2.54	
689.289	19.34	
689.478	13.4	
689.667	17.7	
689.856	-2.78	
690.045	-5.85	
690.234	-9.13	
690.423	4.8	
690.612	1.93	
690.801	10.12	
690.99	-15.07	
691.179	-8.72	
691.368	-22.85	
691.557	-11.59	
691.746	-24.49	
691.935	-4.01	
692.124	-3.4	
692.312	-2.37	
692.501	-24.9	
692.69	-21.42	
692.879	-15.27	
693.068	-12.2	
693.256	-16.3	
693.445	10.94	
693.634	10.94	
693.823	-0.32	
694.011	-20.19	
694.2	-6.88	
694.389	-34.12	
694.577	-24.08	
694.766	-23.06	
694.955	-6.88	
695.143	-14.86	
695.332	11.14	
695.52	4.18	
695.709	19.54	
695.897	2.34	
696.086	-7.08	
696.275	-17.94	
696.463	-18.76	
696.652	-30.63	
696.84	-21.83	
697.028	-21.01	
697.217	-12.82	
697.405	0.49	
697.594	20.57	
697.782	31.83	
697.971	27.73	
698.159	19.95	
698.347	12.99	
698.536	3.16	
698.724	5.61	
698.912	17.08	
699.1	17.9	
699.289	21.59	
699.477	14.83	
699.665	7.25	
699.854	-0.32	
700.042	-0.12	
700.23	-2.17	
700.418	-2.58	
700.606	-7.49	
700.794	-9.13	
700.983	0.49	
701.171	5.21	
701.359	-0.94	
701.547	3.16	
701.735	17.08	
701.923	-9.54	
702.111	-26.33	
702.299	-33.71	
702.487	-20.8	
702.675	-41.49	
702.863	-27.56	
703.051	-32.27	
703.239	-2.17	
703.427	-8.72	
703.615	0.49	
703.803	-6.06	
703.991	23.84	
704.179	18.72	
704.367	17.49	
704.554	30.4	
704.742	35.11	
704.93	36.13	
705.118	43.91	
705.306	33.06	
705.493	33.06	
705.681	27.32	
705.869	26.5	
706.057	-3.6	
706.244	1.52	
706.432	-5.65	
706.62	7.25	
706.807	-18.55	
706.995	1.72	
707.183	-11.59	
707.37	-2.78	
707.558	0.09	
707.746	18.52	
707.933	13.81	
708.121	36.13	
708.308	29.99	
708.496	16.26	
708.683	-1.14	
708.871	15.45	
709.058	-8.72	
709.246	-23.67	
709.433	-32.89	
709.621	-25.92	
709.808	-55.62	
709.995	-42.31	
710.183	-33.09	
710.37	-24.9	
710.558	-25.31	
710.745	-11.59	
710.932	-16.91	
711.12	3.36	
711.307	5.61	
711.494	19.95	
711.681	25.68	
711.869	21.59	
712.056	14.22	
712.243	19.95	
712.43	9.71	
712.618	8.48	
712.805	9.71	
712.992	6.23	
713.179	4.39	
713.366	-11.59	
713.553	-2.99	
713.74	6.02	
713.928	0.49	
714.115	5.41	
714.302	5	
714.489	-2.37	
714.676	-7.49	
714.863	1.72	
715.05	-15.27	
715.237	-2.78	
715.424	-17.12	
715.611	-13.43	
715.798	-11.59	
715.984	-3.81	
716.171	6.02	
716.358	18.93	
716.545	21.38	
716.732	13.81	
716.919	8.89	
717.106	-8.31	
717.293	-15.68	
717.479	-1.55	
717.666	-15.48	
717.853	-11.59	
718.04	-2.37	
718.226	-4.22	
718.413	-33.71	
718.6	-21.83	
718.786	-14.66	
718.973	-14.86	
719.16	-23.88	
719.346	-6.06	
719.533	-14.25	
719.72	-5.44	
719.906	-6.47	
720.093	7.05	
720.279	-6.06	
720.466	1.93	
720.652	3.57	
720.839	28.35	
721.025	28.96	
721.212	30.6	
721.398	26.09	
721.585	23.64	
721.771	-5.24	
721.958	-17.73	
722.144	-5.03	
722.331	-11.38	
722.517	-22.44	
722.703	-13.43	
722.89	-10.36	
723.076	-9.54	
723.262	5.61	
723.449	1.72	
723.635	-25.92	
723.821	-16.09	
724.007	-31.45	
724.194	-41.9	
724.38	-38.21	
724.566	-17.53	
724.752	-28.18	
724.938	-8.72	
725.125	3.77	
725.311	15.04	
725.497	9.3	
725.683	19.13	
725.869	11.76	
726.055	-0.53	
726.241	-10.97	
726.427	-6.67	
726.613	-17.32	
726.799	9.51	
726.985	3.16	
727.171	26.91	
727.357	33.88	
727.543	51.9	
727.729	24.87	
727.915	44.12	
728.101	20.97	
728.287	24.66	
728.473	8.48	
728.659	3.77	
728.845	-6.67	
729.03	-2.17	
729.216	0.7	
729.402	2.13	
729.588	6.84	
729.774	0.9	
729.959	-0.32	
730.145	8.89	
730.331	13.81	
730.517	15.85	
730.702	17.7	
730.888	24.66	
731.074	-1.35	
731.259	0.49	
731.445	7.66	
731.63	10.12	
731.816	1.93	
732.002	28.96	
732.187	29.17	
732.373	24.87	
732.558	33.47	
732.744	42.48	
732.929	19.13	
733.115	3.57	
733.3	-12.41	
733.486	-19.58	
733.671	-31.86	
733.857	-38.83	
734.042	-31.45	
734.227	-32.89	
734.413	-7.08	
734.598	13.19	
734.784	16.26	
734.969	10.94	
735.154	16.67	
735.339	-1.35	
735.525	-4.22	
735.71	12.78	
735.895	12.58	
736.081	17.08	
736.266	14.22	
736.451	1.52	
736.636	-2.78	
736.821	-0.73	
737.007	-3.81	
737.192	-1.55	
737.377	-12.2	
737.562	-19.37	
737.747	-21.83	
737.932	-21.01	
738.117	-23.88	
738.302	-1.14	
738.487	9.51	
738.672	22.82	
738.857	31.62	
739.042	41.04	
739.227	45.76	
739.412	32.65	
739.597	20.97	
739.782	23.84	
739.967	10.73	
740.152	0.09	
740.337	13.6	
740.522	33.67	
740.706	29.17	
740.891	46.57	
741.076	42.68	
741.261	43.91	
741.446	29.37	
741.63	20.57	
741.815	8.48	
742	-5.24	
742.185	-13.64	
742.369	-3.6	
742.554	-8.52	
742.739	1.11	
742.923	14.22	
743.108	21.38	
743.293	9.3	
743.477	18.72	
743.662	2.54	
743.846	3.77	
744.031	-3.19	
744.216	9.51	
744.4	27.53	
744.585	42.89	
744.769	37.97	
744.954	45.14	
745.138	29.99	
745.322	21.18	
745.507	6.02	
745.691	9.51	
745.876	-5.65	
746.06	14.01	
746.244	5.82	
746.429	10.53	
746.613	3.36	
746.798	5	
746.982	-10.56	
747.166	-5.03	
747.35	-16.09	
747.535	-10.56	
747.719	-1.96	
747.903	22.82	
748.087	6.64	
748.272	14.01	
748.456	19.34	
748.64	23.64	
748.824	10.12	
749.008	25.48	
749.192	15.85	
749.376	3.16	
749.56	-0.94	
749.745	-25.92	
749.929	-24.7	
750.113	-8.72	
750.297	-6.88	
750.481	-9.13	
750.665	17.9	
750.849	8.89	
751.033	5.82	
751.217	8.48	
751.4	10.33	
751.584	1.93	
751.768	19.95	
751.952	14.83	
752.136	18.31	
752.32	12.37	
752.504	10.53	
752.688	-3.6	
752.871	-2.99	
753.055	0.29	
753.239	-3.19	
753.423	-1.76	
753.606	-8.72	
753.79	-2.78	
753.974	-15.07	
754.157	-13.84	
754.341	-9.13	
754.525	-7.7	
754.708	-8.52	
754.892	-2.58	
755.076	7.66	
755.259	9.71	
755.443	0.9	
755.626	3.77	
755.81	7.46	
755.993	-2.58	
756.177	-17.53	
756.36	6.23	
756.544	-0.53	
756.727	7.05	
756.911	12.58	
757.094	14.22	
757.278	-9.34	
757.461	-2.58	
757.644	-13.02	
757.828	-31.04	
758.011	-18.96	
758.195	4.39	
758.378	-6.06	
758.561	-9.54	
758.744	-1.55	
758.928	8.69	
759.111	-3.4	
759.294	-4.83	
759.477	-11.38	
759.661	0.49	
759.844	-13.64	
760.027	-3.19	
760.21	-0.53	
760.393	24.05	
760.576	27.32	
760.76	26.5	
760.943	6.43	
761.126	29.99	
761.309	32.65	
761.492	25.68	
761.675	12.58	
761.858	20.57	
762.041	-0.73	
762.224	-28.79	
762.407	-24.9	
762.59	-6.47	
762.773	-7.7	
762.956	-2.37	
763.139	7.46	
763.321	10.53	
763.504	-14.46	
763.687	-10.56	
763.87	-10.97	
764.053	-9.74	
764.236	-15.89	
764.418	4.39	
764.601	2.95	
764.784	13.6	
764.967	27.32	
765.149	26.71	
765.332	27.53	
765.515	32.44	
765.697	5.61	
765.88	-1.76	
766.063	4.8	
766.245	-3.6	
766.428	-12.2	
766.611	2.13	
766.793	6.64	
766.976	23.64	
767.158	24.25	
767.341	33.88	
767.523	30.19	
767.706	25.89	
767.888	-8.31	
768.071	13.4	
768.253	2.54	
768.436	12.17	
768.618	22.2	
768.8	60.3	
768.983	52.31	
769.165	59.89	
769.348	43.09	
769.53	21.38	
769.712	-15.89	
769.895	-30.63	
770.077	-30.84	
770.259	-30.43	
770.441	-43.74	
770.624	-21.83	
770.806	-9.13	
770.988	-7.9	
771.17	5.21	
771.352	31.42	
771.535	37.77	
771.717	31.62	
771.899	28.96	
772.081	27.12	
772.263	9.71	
772.445	-7.29	
772.627	-17.12	
772.809	-17.32	
772.991	-13.02	
773.173	-0.53	
773.355	10.73	
773.537	12.58	
773.719	4.39	
773.901	21.38	
774.083	14.22	
774.265	2.54	
774.447	2.13	
774.629	15.85	
774.811	3.77	
774.992	22.61	
775.174	24.66	
775.356	38.59	
775.538	33.06	
775.72	14.83	
775.901	4.59	
776.083	0.9	
776.265	-10.77	
776.447	1.11	
776.628	9.71	
776.81	6.43	
776.992	29.99	
777.173	42.27	
777.355	25.68	
777.537	28.55	
777.718	28.76	
777.9	16.67	
778.081	9.1	
778.263	27.32	
778.444	24.05	
778.626	12.58	
778.807	1.72	
778.989	-5.44	
779.17	-12.61	
779.352	-29.2	
779.533	-27.97	
779.715	-29.82	
779.896	-30.84	
780.078	-28.59	
780.259	-15.48	
780.44	-4.01	
780.622	-2.17	
780.803	42.27	
780.984	29.17	
781.166	32.24	
781.347	27.32	
781.528	22.2	
781.709	-14.66	
781.891	-0.53	
782.072	-4.42	
782.253	-1.35	
782.434	-5.85	
782.615	3.16	
782.796	-3.81	
782.978	2.75	
783.159	3.98	
783.34	23.84	
783.521	16.88	
783.702	16.47	
783.883	23.43	
784.064	28.76	
784.245	19.34	
784.426	19.75	
784.607	15.24	
784.788	18.93	
784.969	-3.6	
785.15	-0.73	
785.331	-23.47	
785.512	-15.07	
785.692	-24.9	
785.873	-7.29	
786.054	-11.18	
786.235	-3.6	
786.416	4.18	
786.597	6.43	
786.777	-4.83	
786.958	6.23	
787.139	24.66	
787.32	16.88	
787.5	15.04	
787.681	17.29	
787.862	7.46	
788.042	9.3	
788.223	6.02	
788.404	-6.26	
788.584	9.92	
788.765	26.09	
788.946	22.61	
789.126	17.49	
789.307	39.2	
789.487	44.32	
789.668	10.12	
789.848	12.58	
790.029	15.65	
790.209	-2.78	
790.39	-16.3	
790.57	4.59	
790.75	3.77	
790.931	-0.32	
791.111	0.09	
791.292	10.73	
791.472	13.4	
791.652	13.4	
791.833	8.89	
792.013	18.93	
792.193	-0.32	
792.373	6.64	
792.554	6.23	
792.734	6.02	
792.914	0.9	
793.094	11.35	
793.275	17.49	
793.455	10.12	
793.635	15.65	
793.815	19.95	
793.995	11.96	
794.175	-1.96	
794.355	7.05	
794.535	10.53	
794.715	14.42	
794.896	15.04	
795.076	1.93	
795.256	1.11	
795.436	-3.4	
795.616	-6.67	
795.795	-1.35	
795.975	-0.53	
796.155	-0.53	
796.335	3.98	
796.515	7.05	
796.695	18.52	
796.875	41.04	
797.055	33.67	
797.234	27.32	
797.414	18.72	
797.594	-1.35	
797.774	-28.79	
797.954	-33.5	
798.133	-28.18	
798.313	-26.54	
798.493	-12.61	
798.672	-2.99	
798.852	17.29	
799.032	7.87	
799.211	5.82	
799.391	-7.49	
799.571	-8.52	
799.75	-23.88	
799.93	0.7	
800.109	0.29	
800.289	6.23	
800.468	6.02	
800.648	4.18	
800.827	-7.29	
801.007	-8.31	
801.186	-22.65	
801.366	-3.19	
801.545	-3.81	
801.725	4.59	
801.904	-10.36	
802.083	5.41	
802.263	-20.39	
802.442	-11.18	
802.621	-15.68	
802.801	24.66	
802.98	37.56	
803.159	45.14	
803.338	38.18	
803.518	47.39	
803.697	25.28	
803.876	14.01	
804.055	14.63	
804.235	31.42	
804.414	3.16	
804.593	5.61	
804.772	-6.26	
804.951	-12.41	
805.13	-42.72	
805.309	-18.14	
805.488	-12	
805.667	-5.44	
805.846	7.05	
806.025	14.42	
806.204	18.72	
806.383	7.66	
806.562	26.09	
806.741	22.41	
806.92	36.54	
807.099	12.99	
807.278	7.05	
807.457	-10.77	
807.636	4.8	
807.814	13.19	
807.993	16.67	
808.172	28.35	
808.351	30.4	
808.53	13.81	
808.708	-2.58	
808.887	10.33	
809.066	11.76	
809.244	12.58	
809.423	-1.35	
809.602	-1.96	
809.78	-2.99	
809.959	-8.52	
810.138	-5.65	
810.316	27.94	
810.495	24.05	
810.673	5.21	
810.852	-0.53	
811.03	6.84	
811.209	-4.83	
811.388	1.52	
811.566	16.47	
811.744	25.07	
811.923	15.65	
812.101	3.77	
812.28	31.21	
812.458	41.86	
812.637	23.23	
812.815	29.17	
812.993	45.14	
813.172	39.41	
813.35	15.04	
813.528	32.24	
813.706	31.01	
813.885	25.89	
814.063	3.77	
814.241	21.18	
814.419	26.91	
814.598	39.41	
814.776	28.76	
814.954	25.28	
815.132	16.67	
815.31	15.45	
815.488	-17.12	
815.666	-18.96	
815.844	-21.42	
816.022	-17.12	
816.201	-23.67	
816.379	-4.42	
816.557	4.18	
816.735	14.63	
816.913	3.77	
817.09	16.47	
817.268	4.8	
817.446	7.66	
817.624	4.18	
817.802	29.17	
817.98	11.55	
818.158	15.24	
818.336	-3.6	
818.514	-4.22	
818.691	-26.13	
818.869	-8.72	
819.047	0.7	
819.225	9.3	
819.402	-2.37	
819.58	17.9	
819.758	11.35	
819.935	4.8	
820.113	-4.22	
820.291	3.77	
820.468	-21.21	
820.646	-22.24	
820.824	-10.36	
821.001	23.02	
821.179	25.48	
821.356	45.55	
821.534	32.24	
821.711	22.61	
821.889	10.12	
822.066	22.41	
822.244	18.31	
822.421	42.89	
822.599	45.35	
822.776	37.56	
822.953	13.19	
823.131	5.21	
823.308	-10.15	
823.486	2.34	
823.663	9.51	
823.84	35.11	
824.017	34.08	
824.195	34.49	
824.372	26.3	
824.549	24.46	
824.726	12.17	
824.904	10.94	
825.081	9.3	
825.258	9.51	
825.435	2.54	
825.612	9.3	
825.789	0.7	
825.967	15.85	
826.144	12.99	
826.321	17.08	
826.498	14.01	
826.675	20.97	
826.852	3.77	
827.029	0.9	
827.206	7.05	
827.383	1.11	
827.56	11.35	
827.737	18.11	
827.914	13.19	
828.09	7.87	
828.267	15.04	
828.444	20.36	
828.621	0.9	
828.798	16.26	
828.975	8.69	
829.151	-2.37	
829.328	-8.52	
829.505	14.42	
829.682	-7.9	
829.858	-1.96	
830.035	2.34	
830.212	-6.47	
830.389	-14.25	
830.565	-12.2	
830.742	-0.94	
830.918	-0.73	
831.095	2.75	
831.272	16.26	
831.448	20.36	
831.625	17.9	
831.801	26.09	
831.978	24.46	
832.154	8.48	
832.331	23.64	
832.507	11.14	
832.684	19.54	
832.86	45.55	
833.037	78.52	
833.213	63.57	
833.389	67.67	
833.566	46.78	
833.742	22.2	
833.918	-4.62	
834.095	-7.49	
834.271	-18.14	
834.447	-11.18	
834.624	-4.42	
834.8	0.29	
834.976	16.06	
835.152	21.18	
835.328	22.61	
835.505	33.88	
835.681	29.78	
835.857	4.18	
836.033	14.42	
836.209	42.89	
836.385	19.95	
836.561	26.91	
836.737	41.04	
836.913	40.02	
837.089	13.4	
837.265	38.59	
837.441	36.95	
837.617	28.14	
837.793	18.52	
837.969	15.85	
838.145	-12.82	
838.321	-11.79	
838.497	-0.94	
838.673	8.48	
838.849	2.34	
839.025	31.83	
839.2	36.33	
839.376	45.35	
839.552	32.44	
839.728	49.44	
839.903	27.94	
840.079	20.57	
840.255	12.37	
840.431	42.89	
840.606	16.47	
840.782	27.94	
840.958	9.1	
841.133	14.63	
841.309	0.7	
841.484	29.17	
841.66	4.18	
841.835	9.3	
842.011	-0.32	
842.186	1.31	
842.362	-23.06	
842.537	2.95	
842.713	1.93	
842.888	-1.35	
843.064	-22.65	
843.239	-6.88	
843.415	-7.29	
843.59	-2.17	
843.765	-3.4	
843.941	7.66	
844.116	12.17	
844.291	-10.56	
844.467	-12.61	
844.642	-4.42	
844.817	0.7	
844.992	-5.44	
845.168	4.18	
845.343	12.58	
845.518	20.77	
845.693	21.59	
845.868	20.57	
846.043	12.58	
846.219	9.3	
846.394	14.22	
846.569	5	
846.744	6.02	
846.919	7.05	
847.094	43.91	
847.269	33.26	
847.444	40.23	
847.619	37.97	
847.794	60.5	
847.969	35.11	
848.144	41.66	
848.319	44.32	
848.494	43.3	
848.668	39.61	
848.843	39.2	
849.018	31.42	
849.193	22.61	
849.368	28.35	
849.542	32.44	
849.717	34.7	
849.892	34.9	
850.067	31.21	
850.241	36.33	
850.416	34.7	
850.591	28.76	
850.765	12.58	
850.94	21.79	
851.115	0.09	
851.289	-2.99	
851.464	-9.74	
851.639	3.98	
851.813	9.51	
851.988	34.08	
852.162	35.31	
852.337	42.89	
852.511	51.28	
852.686	50.87	
852.86	45.14	
853.035	36.74	
853.209	22.2	
853.383	25.28	
853.558	8.07	
853.732	0.09	
853.906	-13.23	
854.081	1.31	
854.255	-15.68	
854.429	1.11	
854.604	8.69	
854.778	30.6	
854.952	27.73	
855.126	34.9	
855.301	31.42	
855.475	25.89	
855.649	13.4	
855.823	13.6	
855.997	0.9	
856.171	8.69	
856.345	8.28	
856.52	13.6	
856.694	19.13	
856.868	45.96	
857.042	35.11	
857.216	53.74	
857.39	58.04	
857.564	45.35	
857.738	41.25	
857.912	54.56	
858.085	30.6	
858.259	28.55	
858.433	38.18	
858.607	14.63	
858.781	0.9	
858.955	-1.96	
859.129	-4.01	
859.302	-3.81	
859.476	0.7	
859.65	20.36	
859.824	15.45	
859.997	14.42	
860.171	20.57	
860.345	33.06	
860.519	21.59	
860.692	35.11	
860.866	38.79	
861.039	36.54	
861.213	38.79	
861.387	37.56	
861.56	27.32	
861.734	35.92	
861.907	25.28	
862.081	24.66	
862.254	26.3	
862.428	38.18	
862.601	20.57	
862.775	30.6	
862.948	48.21	
863.122	57.63	
863.295	49.24	
863.468	52.72	
863.642	42.07	
863.815	28.76	
863.988	20.97	
864.162	24.87	
864.335	20.57	
864.508	28.96	
864.682	18.93	
864.855	17.7	
865.028	9.71	
865.201	23.43	
865.374	16.88	
865.548	28.96	
865.721	13.81	
865.894	49.44	
866.067	41.86	
866.24	50.06	
866.413	40.84	
866.586	59.68	
866.759	20.57	
866.932	33.67	
867.105	31.21	
867.278	8.28	
867.451	-6.88	
867.624	9.71	
867.797	0.09	
867.97	1.11	
868.143	12.78	
868.316	32.85	
868.489	17.7	
868.661	11.55	
868.834	7.66	
869.007	25.07	
869.18	9.51	
869.353	19.34	
869.525	36.74	
869.698	29.37	
869.871	30.8	
870.044	33.47	
870.216	41.45	
870.389	13.4	
870.562	5.61	
870.734	4.59	
870.907	0.9	
871.079	-6.88	
871.252	-1.14	
871.425	20.16	
871.597	7.05	
871.77	29.99	
871.942	23.02	
872.115	28.76	
872.287	30.19	
872.459	32.03	
872.632	17.49	
872.804	21.18	
872.977	15.24	
873.149	13.6	
873.321	7.87	
873.494	-0.32	
873.666	23.02	
873.838	24.25	
874.011	1.31	
874.183	14.42	
874.355	3.98	
874.528	-17.73	
874.7	-12.2	
874.872	24.05	
875.044	27.94	
875.216	44.73	
875.388	62.96	
875.561	70.13	
875.733	49.85	
875.905	44.12	
876.077	34.7	
876.249	41.86	
876.421	36.74	
876.593	37.15	
876.765	43.3	
876.937	50.06	
877.109	22	
877.281	23.02	
877.453	8.69	
877.625	-0.53	
877.797	-13.43	
877.968	-14.66	
878.14	-20.8	
878.312	3.16	
878.484	-0.73	
878.656	2.34	
878.828	1.93	
878.999	4.8	
879.171	-13.02	
879.343	-10.36	
879.515	1.31	
879.686	-0.32	
879.858	-12	
880.03	-3.4	
880.201	0.9	
880.373	-15.27	
880.545	-7.7	
880.716	16.67	
880.888	22.2	
881.059	16.88	
881.231	35.31	
881.402	51.28	
881.574	37.56	
881.745	36.33	
881.917	50.87	
882.088	46.16	
882.26	29.78	
882.431	45.35	
882.602	17.9	
882.774	6.02	
882.945	-10.77	
883.116	-24.49	
883.288	-41.9	
883.459	-24.7	
883.63	-18.14	
883.802	-10.77	
883.973	-6.88	
884.144	3.16	
884.315	6.84	
884.487	10.53	
884.658	32.24	
884.829	53.54	
885	48.62	
885.171	54.36	
885.342	30.4	
885.513	13.4	
885.684	-8.31	
885.855	-2.78	
886.026	-8.31	
886.197	16.47	
886.368	19.13	
886.539	38.18	
886.71	39.41	
886.881	46.57	
887.052	56.81	
887.223	56.61	
887.394	43.71	
887.565	37.15	
887.736	6.64	
887.907	-5.03	
888.077	-2.17	
888.248	4.39	
888.419	-6.88	
888.59	14.22	
888.761	-3.81	
888.931	-15.89	
889.102	-6.26	
889.273	7.05	
889.443	0.9	
889.614	11.55	
889.785	25.28	
889.955	5.21	
890.126	-10.15	
890.296	-4.22	
890.467	-2.99	
890.637	13.81	
890.808	37.97	
890.978	41.86	
891.149	46.98	
891.319	63.37	
891.49	49.44	
891.66	41.66	
891.831	45.35	
892.001	52.51	
892.172	21.18	
892.342	24.05	
892.512	16.88	
892.683	34.08	
892.853	15.65	
893.023	39.82	
893.193	14.63	
893.364	20.16	
893.534	23.64	
893.704	52.31	
893.874	58.86	
894.044	74.02	
894.215	73.81	
894.385	62.96	
894.555	47.19	
894.725	47.19	
894.895	38.59	
895.065	38.59	
895.235	28.35	
895.405	41.45	
895.575	21.38	
895.745	33.88	
895.915	34.9	
