177.618	-190.8	
177.836	-174.42	
178.054	-161.93	
178.271	-116.87	
178.489	-65.67	
178.706	-31.47	
178.924	-9.15	
179.142	12.36	
179.359	3.96	
179.577	-15.29	
179.794	-14.88	
180.012	-16.93	
180.229	-30.65	
180.447	-11.81	
180.664	-4.64	
180.882	-5.46	
181.1	7.24	
181.317	17.27	
181.535	-5.05	
181.752	-11.2	
181.969	-4.03	
182.187	0.27	
182.404	3.35	
182.622	9.49	
182.839	17.48	
183.057	18.7	
183.274	14.61	
183.492	0.27	
183.709	8.06	
183.926	-2.8	
184.144	8.06	
184.361	13.18	
184.579	40.62	
184.796	25.05	
185.013	46.97	
185.231	29.97	
185.448	34.68	
185.666	34.27	
185.883	32.22	
186.1	20.34	
186.317	22.19	
186.535	7.85	
186.752	4.37	
186.969	20.55	
187.187	40.82	
187.404	31.4	
187.621	45.12	
187.839	49.83	
188.056	47.38	
188.273	30.38	
188.49	51.47	
188.708	38.37	
188.925	47.99	
189.142	44.71	
189.359	39.39	
189.576	21.37	
189.794	28.74	
190.011	16.45	
190.228	12.97	
190.445	19.93	
190.662	44.71	
190.879	35.7	
191.097	29.56	
191.314	27.92	
191.531	25.46	
191.748	10.51	
191.965	22.19	
192.182	11.33	
192.399	31.61	
192.616	35.29	
192.834	38.77	
193.051	21.16	
193.268	38.37	
193.485	23.42	
193.702	25.87	
193.919	18.5	
194.136	25.26	
194.353	14.4	
194.57	20.96	
194.787	10.31	
195.004	41.64	
195.221	33.25	
195.438	44.3	
195.655	39.18	
195.872	59.66	
196.089	29.76	
196.306	46.76	
196.523	45.33	
196.74	52.91	
196.957	21.37	
197.173	28.54	
197.39	11.74	
197.607	6.62	
197.824	6.83	
198.041	22.8	
198.258	21.37	
198.475	47.38	
198.692	41.85	
198.909	28.54	
199.125	22.8	
199.342	37.14	
199.559	27.31	
199.776	41.64	
199.993	62.74	
200.21	54.54	
200.426	42.26	
200.643	55.36	
200.86	48.81	
201.077	41.23	
201.293	48.81	
201.51	40.62	
201.727	3.55	
201.944	-8.33	
202.16	-5.26	
202.377	-8.74	
202.594	-6.49	
202.811	18.91	
203.027	38.16	
203.244	32.43	
203.461	34.27	
203.677	47.79	
203.894	43.49	
204.111	44.51	
204.327	40.82	
204.544	45.74	
204.761	33.04	
204.977	21.78	
205.194	1.71	
205.41	4.16	
205.627	3.35	
205.844	3.55	
206.06	12.97	
206.277	27.72	
206.493	29.76	
206.71	35.5	
206.926	41.64	
207.143	43.69	
207.36	25.05	
207.576	32.43	
207.793	35.7	
208.009	40	
208.226	43.69	
208.442	49.63	
208.659	42.87	
208.875	34.68	
209.092	32.84	
209.308	27.1	
209.524	28.33	
209.741	34.68	
209.957	50.86	
210.174	38.77	
210.39	39.39	
210.607	40.41	
210.823	33.25	
211.039	21.37	
211.256	36.73	
211.472	22.39	
211.688	34.47	
211.905	32.22	
212.121	19.11	
212.338	7.85	
212.554	15.22	
212.77	1.09	
212.987	1.91	
213.203	29.35	
213.419	41.23	
213.635	38.77	
213.852	29.97	
214.068	17.48	
214.284	0.48	
214.501	6.21	
214.717	6.62	
214.933	31.81	
215.149	25.26	
215.365	25.87	
215.582	3.55	
215.798	0.68	
216.014	-5.26	
216.23	13.38	
216.447	10.72	
216.663	21.16	
216.879	29.97	
217.095	34.47	
217.311	35.7	
217.527	28.54	
217.743	33.25	
217.96	17.48	
218.176	11.54	
218.392	11.74	
218.608	32.84	
218.824	20.14	
219.04	25.26	
219.256	25.05	
219.472	19.52	
219.688	2.32	
219.904	16.25	
220.12	56.59	
220.336	58.44	
220.552	68.06	
220.768	71.13	
220.984	67.86	
221.2	15.22	
221.416	17.07	
221.632	5.39	
221.848	3.96	
222.064	-19.59	
222.28	-3.62	
222.496	-12.42	
222.712	-6.49	
222.928	-6.08	
223.144	15.84	
223.36	14.2	
223.576	20.34	
223.792	21.78	
224.008	45.12	
224.224	42.26	
224.439	57.21	
224.655	45.74	
224.871	53.52	
225.087	26.28	
225.303	19.32	
225.519	10.31	
225.734	20.55	
225.95	7.03	
226.166	11.54	
226.382	4.16	
226.598	12.77	
226.813	9.08	
227.029	10.31	
227.245	14.2	
227.461	30.38	
227.677	17.68	
227.892	20.75	
228.108	11.54	
228.324	24.85	
228.539	-3.41	
228.755	5.8	
228.971	4.98	
229.186	21.57	
229.402	8.46	
229.618	31.4	
229.833	21.98	
230.049	24.23	
230.265	-0.34	
230.48	22.6	
230.696	30.79	
230.912	36.73	
231.127	37.34	
231.343	62.94	
231.558	29.35	
231.774	35.91	
231.99	46.15	
232.205	53.11	
232.421	45.12	
232.636	54.34	
232.852	34.27	
233.067	13.79	
233.283	-8.53	
233.498	-5.26	
233.714	-6.89	
233.929	10.72	
234.145	18.5	
234.36	32.02	
234.576	30.99	
234.791	47.58	
235.007	37.55	
235.222	56.39	
235.438	56.39	
235.653	78.92	
235.868	56.18	
236.084	76.05	
236.299	64.99	
236.515	61.1	
236.73	38.37	
236.945	71.13	
237.161	50.86	
237.376	46.97	
237.592	48.4	
237.807	46.76	
238.022	31.2	
238.238	37.96	
238.453	25.67	
238.668	26.9	
238.883	15.43	
239.099	5.8	
239.314	-5.46	
239.529	3.96	
239.745	4.57	
239.96	11.74	
240.175	15.02	
240.39	45.33	
240.605	43.49	
240.821	41.03	
241.036	52.7	
241.251	68.68	
241.466	47.17	
241.681	56.39	
241.897	70.11	
242.112	83.22	
242.327	64.17	
242.542	54.34	
242.757	49.63	
242.972	38.16	
243.188	24.44	
243.403	33.04	
243.618	36.52	
243.833	52.09	
244.048	50.65	
244.263	51.88	
244.478	40.62	
244.693	41.23	
244.908	21.37	
245.123	18.5	
245.338	31.81	
245.553	45.94	
245.768	24.85	
245.983	13.79	
246.198	19.52	
246.413	3.55	
246.628	-0.14	
246.843	27.1	
247.058	52.5	
247.273	51.47	
247.488	41.44	
247.703	44.51	
247.918	39.18	
248.133	29.76	
248.348	17.27	
248.563	29.56	
248.778	21.16	
248.993	20.75	
249.207	26.28	
249.422	44.1	
249.637	31.61	
249.852	18.7	
250.067	13.58	
250.282	3.96	
250.496	-10.38	
250.711	7.65	
250.926	12.15	
251.141	27.72	
251.356	37.96	
251.57	55.77	
251.785	54.75	
252	59.05	
252.215	44.3	
252.43	36.11	
252.644	31.2	
252.859	31.61	
253.074	36.52	
253.288	36.93	
253.503	36.52	
253.718	41.44	
253.932	60.89	
254.147	64.99	
254.362	79.12	
254.576	88.34	
254.791	83.22	
255.006	65.6	
255.22	72.77	
255.435	60.48	
255.65	60.48	
255.864	54.95	
256.079	37.34	
256.293	32.43	
256.508	29.35	
256.723	49.01	
256.937	41.44	
257.152	37.75	
257.366	26.9	
257.581	32.63	
257.795	7.44	
258.01	39.8	
258.224	51.27	
258.439	61.51	
258.653	45.12	
258.868	50.04	
259.082	22.8	
259.297	21.57	
259.511	8.67	
259.726	9.9	
259.94	2.12	
260.154	-5.46	
260.369	-12.42	
260.583	-0.96	
260.798	-18.98	
261.012	-10.17	
261.226	8.87	
261.441	21.37	
261.655	17.89	
261.869	50.24	
262.084	41.64	
262.298	37.34	
262.512	16.66	
262.727	12.36	
262.941	16.04	
263.155	19.11	
263.37	20.34	
263.584	37.14	
263.798	21.98	
264.012	13.79	
264.227	3.96	
264.441	20.96	
264.655	5.39	
264.869	36.32	
265.084	44.71	
265.298	57.21	
265.512	20.75	
265.726	51.88	
265.94	41.85	
266.155	44.51	
266.369	33.65	
266.583	59.05	
266.797	42.46	
267.011	48.2	
267.225	55.16	
267.439	63.76	
267.654	41.44	
267.868	38.57	
268.082	19.32	
268.296	-1.98	
268.51	-5.26	
268.724	11.33	
268.938	-5.46	
269.152	10.51	
269.366	19.93	
269.58	30.17	
269.794	18.7	
270.008	54.34	
270.222	58.84	
270.436	56.39	
270.65	39.39	
270.864	49.83	
271.078	28.13	
271.292	24.44	
271.506	33.45	
271.72	50.04	
271.934	45.12	
272.148	45.94	
272.362	27.51	
272.575	33.86	
272.789	28.74	
273.003	28.74	
273.217	40.62	
273.431	41.44	
273.645	20.55	
273.859	40	
274.073	50.65	
274.286	41.85	
274.5	50.45	
274.714	53.32	
274.928	49.01	
275.142	45.12	
275.355	47.38	
275.569	54.34	
275.783	67.65	
275.997	61.71	
276.21	66.83	
276.424	82.81	
276.638	77.69	
276.852	68.68	
277.065	48.2	
277.279	50.86	
277.493	36.32	
277.706	50.45	
277.92	60.48	
278.134	64.17	
278.347	53.52	
278.561	42.05	
278.775	38.16	
278.988	31.2	
279.202	39.8	
279.415	54.95	
279.629	62.74	
279.843	61.71	
280.056	75.84	
280.27	76.66	
280.483	56.18	
280.697	59.87	
280.91	57.21	
281.124	66.83	
281.337	64.58	
281.551	86.08	
281.764	74.82	
281.978	71.13	
282.191	46.35	
282.405	52.5	
282.618	30.99	
282.832	29.35	
283.045	13.79	
283.259	22.8	
283.472	11.74	
283.686	16.45	
283.899	23.62	
284.112	46.97	
284.326	32.02	
284.539	48.4	
284.752	57.41	
284.966	61.1	
285.179	59.87	
285.393	73.18	
285.606	62.53	
285.819	67.04	
286.033	58.64	
286.246	67.04	
286.459	53.73	
286.672	46.35	
286.886	24.44	
287.099	39.8	
287.312	10.31	
287.525	15.63	
287.739	22.8	
287.952	34.27	
288.165	29.97	
288.378	46.56	
288.592	52.29	
288.805	45.94	
289.018	50.65	
289.231	45.12	
289.444	44.92	
289.657	41.44	
289.871	32.22	
290.084	19.93	
290.297	33.65	
290.51	29.56	
290.723	7.24	
290.936	33.04	
291.149	44.92	
291.362	43.69	
291.575	36.11	
291.789	51.88	
292.002	34.06	
292.215	36.52	
292.428	15.63	
292.641	37.55	
292.854	37.55	
293.067	36.11	
293.28	27.1	
293.493	38.98	
293.706	7.24	
293.919	28.94	
294.132	34.27	
294.345	35.7	
294.558	23.82	
294.77	32.22	
294.983	14.2	
295.196	27.92	
295.409	36.11	
295.622	64.37	
295.835	91.2	
296.048	105.13	
296.261	91.41	
296.474	91.2	
296.686	79.94	
296.899	78.92	
297.112	67.04	
297.325	62.53	
297.538	72.57	
297.751	64.99	
297.963	53.11	
298.176	51.68	
298.389	49.63	
298.602	25.46	
298.814	77.48	
299.027	70.93	
299.24	76.46	
299.453	99.6	
299.665	94.89	
299.878	32.84	
300.091	24.23	
300.303	19.32	
300.516	1.91	
300.729	20.34	
300.941	38.77	
301.154	44.1	
301.367	36.11	
301.579	33.04	
301.792	30.17	
302.005	19.11	
302.217	14.81	
302.43	24.23	
302.642	25.87	
302.855	17.48	
303.067	10.51	
303.28	20.96	
303.493	4.57	
303.705	32.63	
303.918	37.34	
304.13	50.65	
304.343	45.74	
304.555	65.6	
304.768	40.62	
304.98	45.74	
305.193	38.77	
305.405	56.59	
305.617	33.45	
305.83	46.15	
306.042	44.92	
306.255	44.92	
306.467	32.84	
306.68	39.8	
306.892	24.03	
307.104	28.13	
307.317	28.33	
307.529	31.81	
307.741	49.01	
307.954	72.77	
308.166	66.83	
308.378	84.44	
308.591	88.34	
308.803	101.03	
309.015	92.64	
309.228	102.47	
309.44	87.31	
309.652	72.16	
309.864	40.41	
310.077	38.16	
310.289	26.49	
310.501	23.21	
310.713	20.14	
310.926	30.38	
311.138	14.2	
311.35	21.57	
311.562	15.22	
311.774	38.77	
311.986	41.64	
312.199	74	
312.411	48.4	
312.623	61.3	
312.835	34.88	
313.047	27.72	
313.259	-1.98	
313.471	19.32	
313.683	18.5	
313.895	23.62	
314.108	37.14	
314.32	56.59	
314.532	56.59	
314.744	68.47	
314.956	80.55	
315.168	81.17	
315.38	55.36	
315.592	62.74	
315.804	49.22	
316.016	79.12	
316.228	66.22	
316.44	86.29	
316.651	88.13	
316.863	84.24	
317.075	48.61	
317.287	52.5	
317.499	48.81	
317.711	30.79	
317.923	45.53	
318.135	37.55	
318.347	42.67	
318.559	53.73	
318.77	71.95	
318.982	67.86	
319.194	81.99	
319.406	71.75	
319.618	43.89	
319.83	19.73	
320.041	18.5	
320.253	11.13	
320.465	20.14	
320.677	27.72	
320.888	40.21	
321.1	32.84	
321.312	42.26	
321.524	41.85	
321.735	46.15	
321.947	34.68	
322.159	35.09	
322.37	21.98	
322.582	12.15	
322.794	27.1	
323.005	41.23	
323.217	47.38	
323.429	25.87	
323.64	35.29	
323.852	7.24	
324.063	2.12	
324.275	4.37	
324.487	42.46	
324.698	47.17	
324.91	64.78	
325.121	56.8	
325.333	38.37	
325.544	24.64	
325.756	23.01	
325.967	13.79	
326.179	34.88	
326.39	51.27	
326.602	57.21	
326.813	38.16	
327.025	47.79	
327.236	20.55	
327.448	14.81	
327.659	17.07	
327.871	31.4	
328.082	20.96	
328.293	30.79	
328.505	36.11	
328.716	25.46	
328.928	15.84	
329.139	34.68	
329.35	38.57	
329.562	41.03	
329.773	59.87	
329.984	72.77	
330.196	55.98	
330.407	64.99	
330.618	53.32	
330.83	33.86	
331.041	20.55	
331.252	21.37	
331.463	11.54	
331.675	24.85	
331.886	44.1	
332.097	54.34	
332.308	57.62	
332.52	63.15	
332.731	46.76	
332.942	45.12	
333.153	62.12	
333.364	62.33	
333.575	59.66	
333.787	72.57	
333.998	48.61	
334.209	42.67	
334.42	28.94	
334.631	29.35	
334.842	35.7	
335.053	59.25	
335.264	42.87	
335.475	53.11	
335.686	51.47	
335.898	38.98	
336.109	19.93	
336.32	19.11	
336.531	23.82	
336.742	33.25	
336.953	26.9	
337.164	28.74	
337.375	19.73	
337.586	17.27	
337.797	-10.79	
338.007	4.78	
338.218	-14.47	
338.429	6.21	
338.64	-0.75	
338.851	16.66	
339.062	4.16	
339.273	34.27	
339.484	25.05	
339.695	29.76	
339.906	34.27	
340.116	51.27	
340.327	46.76	
340.538	45.53	
340.749	31.4	
340.96	23.82	
341.171	8.67	
341.381	10.51	
341.592	12.77	
341.803	30.38	
342.014	27.72	
342.224	42.26	
342.435	31.81	
342.646	26.69	
342.857	18.09	
343.067	10.72	
343.278	9.49	
343.489	13.18	
343.699	16.86	
343.91	20.96	
344.121	23.82	
344.331	0.48	
344.542	-4.03	
344.753	22.19	
344.963	29.97	
345.174	45.53	
345.384	73.59	
345.595	96.73	
345.806	76.87	
346.016	63.96	
346.227	57	
346.437	57.41	
346.648	40.82	
346.858	49.63	
347.069	56.39	
347.279	81.37	
347.49	61.92	
347.7	80.96	
347.911	62.53	
348.121	61.92	
348.332	50.86	
348.542	51.06	
348.753	35.29	
348.963	54.95	
349.173	52.7	
349.384	61.3	
349.594	78.1	
349.805	77.28	
350.015	70.11	
350.225	78.71	
350.436	79.73	
350.646	90.59	
350.856	95.09	
351.067	93.87	
351.277	84.65	
351.487	68.47	
351.698	47.99	
351.908	61.1	
352.118	69.9	
352.328	77.69	
352.539	110.25	
352.749	128.48	
352.959	124.18	
353.169	144.65	
353.38	168.21	
353.59	182.34	
353.8	188.69	
354.01	222.48	
354.22	236.2	
354.431	281.46	
354.641	287.19	
354.851	308.29	
355.061	325.7	
355.271	358.67	
355.481	362.15	
355.691	384.68	
355.901	427.89	
356.111	470.9	
356.321	501	
356.532	540.32	
356.742	573.09	
356.952	613.03	
357.162	656.85	
357.372	711.94	
357.582	758.02	
357.792	816.59	
358.002	893.6	
358.212	980.43	
358.422	1034.91	
358.632	1123.58	
358.842	1228.64	
359.051	1329.4	
359.261	1420.74	
359.471	1544.24	
359.681	1682.68	
359.891	1783.44	
360.101	1894.64	
360.311	2036.77	
360.521	2199.79	
360.731	2368.95	
360.94	2577.03	
361.15	2773.02	
361.36	3002.6	
361.57	3239.34	
361.78	3507.42	
361.989	3788.61	
362.199	4116.9	
362.409	4456.04	
362.619	4828.15	
362.828	5227.3	
363.038	5649.39	
363.248	6026.42	
363.458	6421.06	
363.667	6805.88	
363.877	7157.51	
364.087	7551.75	
364.296	8040.19	
364.506	8492.99	
364.716	8976.72	
364.925	9469.67	
365.135	9917.56	
365.345	10339.03	
365.554	10797.78	
365.764	11237.89	
365.973	11647.69	
366.183	12112.78	
366.393	12489.81	
366.602	12883.63	
366.812	13234.45	
367.021	13581.17	
367.231	13852.94	
367.44	14154.19	
367.65	14334.21	
367.859	14522.21	
368.069	14573.41	
368.278	14551.3	
368.488	14471.83	
368.697	14352.44	
368.907	14202.32	
369.116	14202.12	
369.326	14176.31	
369.535	14147.85	
369.744	14083.33	
369.954	14014.11	
370.163	13849.25	
370.373	13689.1	
370.582	13555.78	
370.791	13469.97	
371.001	13330.09	
371.21	13108.91	
371.419	12895.1	
371.629	12579.72	
371.838	12211.7	
372.047	11924.98	
372.256	11685.57	
372.466	11461.32	
372.675	11282.53	
372.884	11147.57	
373.093	10919.02	
373.303	10758.05	
373.512	10549.77	
373.721	10369.55	
373.93	10147.34	
374.139	9985.14	
374.349	9726.28	
374.558	9553.84	
374.767	9251.15	
374.976	9017.07	
375.185	8725.85	
375.394	8498.11	
375.603	8209.76	
375.813	8016.64	
376.022	7781.33	
376.231	7557.48	
376.44	7295.34	
376.649	7049.38	
376.858	6791.95	
377.067	6531.86	
377.276	6265.42	
377.485	6043.62	
377.694	5846.2	
377.903	5667.41	
378.112	5471.83	
378.321	5335.44	
378.53	5142.72	
378.739	4926.66	
378.948	4766.31	
379.157	4623.56	
379.366	4423.07	
379.575	4289.33	
379.784	4150.07	
379.992	3979.48	
380.201	3870.52	
380.41	3743.76	
380.619	3595.28	
380.828	3494.31	
381.037	3402.56	
381.246	3285.83	
381.454	3190.39	
381.663	3148	
381.872	3068.74	
382.081	2999.52	
382.29	2896.92	
382.498	2829.75	
382.707	2749.47	
382.916	2668.98	
383.125	2535.66	
383.333	2458.65	
383.542	2402.34	
383.751	2319.19	
383.959	2249.56	
384.168	2232.97	
384.377	2209.21	
384.585	2157.6	
384.794	2086.33	
385.003	2031.86	
385.211	1991.31	
385.42	1928.23	
385.628	1851.23	
385.837	1831.57	
386.046	1780.78	
386.254	1721.18	
386.463	1655.03	
386.671	1625.54	
386.88	1574.14	
387.088	1554.48	
387.297	1514.75	
387.505	1494.47	
387.714	1441.02	
387.922	1377.33	
388.131	1329.4	
388.339	1272.27	
388.548	1214.92	
388.756	1176.83	
388.965	1149.59	
389.173	1087.54	
389.381	1058.46	
389.59	1030.2	
389.798	993.74	
390.007	975.72	
390.215	954.01	
390.423	945	
390.632	900.36	
390.84	899.54	
391.048	863.08	
391.257	855.3	
391.465	802.87	
391.673	793.25	
391.882	752.29	
392.09	720.34	
392.298	684.29	
392.506	677.13	
392.715	663.81	
392.923	662.18	
393.131	659.31	
393.339	629.41	
393.547	590.7	
393.756	575.75	
393.964	542.58	
394.172	521.07	
394.38	515.13	
394.588	526.81	
394.796	510.42	
395.005	488.71	
395.213	468.85	
395.421	463.32	
395.629	441.61	
395.837	422.77	
396.045	427.07	
396.253	425.43	
396.461	419.08	
396.669	427.27	
396.877	424	
397.085	417.03	
397.293	404.95	
397.501	391.44	
397.709	378.12	
397.917	380.38	
398.125	378.74	
398.333	378.53	
398.541	361.74	
398.749	348.22	
398.957	328.36	
399.165	302.14	
399.373	295.59	
399.581	307.47	
399.788	307.06	
399.996	296.61	
400.204	294.98	
400.412	298.25	
400.62	261.8	
400.828	252.58	
401.035	250.94	
401.243	250.33	
401.451	251.15	
401.659	262.21	
401.867	247.87	
402.074	245.62	
402.282	238.86	
402.49	211.01	
402.697	237.43	
402.905	229.03	
403.113	223.71	
403.321	222.48	
403.528	214.7	
403.736	197.08	
403.944	197.9	
404.151	185.2	
404.359	168.21	
404.566	178.65	
404.774	169.03	
404.982	165.75	
405.189	171.28	
405.397	178.45	
405.604	182.95	
405.812	183.57	
406.02	185.41	
406.227	190.53	
406.435	172.51	
406.642	169.03	
406.85	158.58	
407.057	178.04	
407.265	169.84	
407.472	185.82	
407.679	171.07	
407.887	175.78	
408.094	148.75	
408.302	147.52	
408.509	154.28	
408.717	159.61	
408.924	150.18	
409.131	158.38	
409.339	155.92	
409.546	155.92	
409.753	147.32	
409.961	162.68	
410.168	149.37	
410.375	139.13	
410.583	120.9	
410.79	139.13	
410.997	123.77	
411.205	124.58	
411.412	123.36	
411.619	129.7	
411.826	108.41	
412.034	123.36	
412.241	127.66	
412.448	134.01	
412.655	116.19	
412.862	107.18	
413.07	88.95	
413.277	77.28	
413.484	72.36	
413.691	98.58	
413.898	103.49	
414.105	102.06	
414.312	100.21	
414.519	90.18	
414.727	69.08	
414.934	77.48	
415.141	81.37	
415.348	85.88	
415.555	77.28	
415.762	84.44	
415.969	78.1	
416.176	72.36	
416.383	87.11	
416.59	98.37	
416.797	96.73	
417.004	90.79	
417.211	91.82	
417.418	90.59	
417.625	94.48	
417.831	85.88	
418.038	101.85	
418.245	113.94	
418.452	102.26	
418.659	98.78	
418.866	94.48	
419.073	77.89	
419.28	56.8	
419.486	67.86	
419.693	52.09	
419.9	61.71	
420.107	80.96	
420.314	99.19	
420.52	83.83	
420.727	117.21	
420.934	90.18	
421.141	68.88	
421.347	59.46	
421.554	56.39	
421.761	25.87	
421.967	51.47	
422.174	66.22	
422.381	62.12	
422.588	56.59	
422.794	66.83	
423.001	74.41	
423.207	53.52	
423.414	50.24	
423.621	52.29	
423.827	68.88	
424.034	61.71	
424.24	76.87	
424.447	58.03	
424.654	48.61	
424.86	28.94	
425.067	18.91	
425.273	9.69	
425.48	42.05	
425.686	60.07	
425.893	80.35	
426.099	91.41	
426.306	91.61	
426.512	89.97	
426.718	90.38	
426.925	78.92	
427.131	70.93	
427.338	67.86	
427.544	65.4	
427.75	46.15	
427.957	33.45	
428.163	32.43	
428.37	34.88	
428.576	27.92	
428.782	40	
428.988	57.62	
429.195	49.83	
429.401	47.79	
429.607	47.99	
429.814	55.98	
430.02	49.63	
430.226	50.04	
430.432	62.94	
430.639	74	
430.845	75.23	
431.051	78.3	
431.257	78.3	
431.463	60.69	
431.67	50.24	
431.876	38.57	
432.082	34.88	
432.288	54.95	
432.494	54.13	
432.7	68.68	
432.906	56.8	
433.112	52.09	
433.318	55.16	
433.525	65.81	
433.731	41.23	
433.937	64.78	
434.143	64.37	
434.349	49.01	
434.555	38.57	
434.761	38.57	
434.967	20.34	
435.173	17.27	
435.379	25.87	
435.585	46.56	
435.791	56.39	
435.996	97.96	
436.202	109.43	
436.408	97.55	
436.614	94.27	
436.82	90.79	
437.026	58.03	
437.232	59.25	
437.438	59.05	
437.644	41.03	
437.849	37.34	
438.055	33.65	
438.261	28.33	
438.467	24.44	
438.673	40.21	
438.878	28.13	
439.084	34.06	
439.29	42.05	
439.496	56.59	
439.701	47.79	
439.907	56.39	
440.113	59.25	
440.318	52.09	
440.524	31.4	
440.73	46.97	
440.935	52.09	
441.141	35.91	
441.347	49.83	
441.552	47.38	
441.758	40.82	
441.964	37.34	
442.169	61.92	
442.375	34.68	
442.58	56.59	
442.786	62.53	
442.991	63.15	
443.197	44.92	
443.402	59.66	
443.608	51.88	
443.813	55.57	
444.019	62.33	
444.224	75.02	
444.43	64.58	
444.635	70.93	
444.841	42.05	
445.046	52.91	
445.252	38.57	
445.457	33.04	
445.662	17.07	
445.868	16.86	
446.073	-1.57	
446.278	-3.21	
446.484	-1.16	
446.689	9.9	
446.894	16.04	
447.1	15.02	
447.305	19.11	
447.51	42.26	
447.716	36.52	
447.921	41.03	
448.126	44.71	
448.331	34.27	
448.537	17.68	
448.742	27.31	
448.947	9.08	
449.152	5.19	
449.357	23.01	
449.563	28.94	
449.768	24.64	
449.973	42.05	
450.178	45.74	
450.383	30.58	
450.588	29.97	
450.793	23.62	
450.999	36.11	
451.204	40.82	
451.409	40.62	
451.614	41.64	
451.819	42.67	
452.024	21.37	
452.229	25.46	
452.434	43.28	
452.639	19.73	
452.844	34.06	
453.049	34.27	
453.254	18.91	
453.459	12.56	
453.664	29.97	
453.869	21.98	
454.074	35.09	
454.279	41.23	
454.483	32.63	
454.688	26.69	
454.893	39.39	
455.098	35.7	
455.303	39.59	
455.508	42.05	
455.713	48.61	
455.917	28.94	
456.122	39.18	
456.327	21.57	
456.532	25.67	
456.737	17.68	
456.941	26.28	
457.146	28.74	
457.351	41.64	
457.555	28.33	
457.76	39.39	
457.965	38.57	
458.17	13.99	
458.374	22.6	
458.579	35.09	
458.784	22.6	
458.988	13.18	
459.193	20.14	
459.397	10.51	
459.602	10.1	
459.807	34.88	
460.011	37.96	
460.216	36.52	
460.42	16.45	
460.625	2.32	
460.829	-15.29	
461.034	-21.84	
461.239	-26.15	
461.443	-1.57	
461.648	9.28	
461.852	0.68	
462.056	14.4	
462.261	16.66	
462.465	27.51	
462.67	28.94	
462.874	30.38	
463.079	4.98	
463.283	10.72	
463.487	-5.46	
463.692	-9.97	
463.896	-21.44	
464.1	1.5	
464.305	0.68	
464.509	1.71	
464.713	9.69	
464.918	30.17	
465.122	38.98	
465.326	28.54	
465.531	24.03	
465.735	17.89	
465.939	13.58	
466.143	2.53	
466.348	2.53	
466.552	-10.38	
466.756	-8.94	
466.96	-0.75	
467.164	2.94	
467.368	11.74	
467.573	41.44	
467.777	32.43	
467.981	31.4	
468.185	28.54	
468.389	32.22	
468.593	2.94	
468.797	-5.46	
469.001	-5.26	
469.205	-8.74	
469.409	-13.65	
469.613	-0.55	
469.817	16.04	
470.021	18.09	
470.225	17.89	
470.429	18.91	
470.633	16.66	
470.837	12.15	
471.041	3.75	
471.245	1.71	
471.449	-1.37	
471.653	3.35	
471.857	6.42	
472.061	0.89	
472.265	2.94	
472.469	15.84	
472.673	9.28	
472.876	16.86	
473.08	22.39	
473.284	35.09	
473.488	18.91	
473.692	26.9	
473.895	32.22	
474.099	41.64	
474.303	27.51	
474.507	34.88	
474.71	30.17	
474.914	9.28	
475.118	-4.64	
475.322	-1.16	
475.525	-13.65	
475.729	0.27	
475.933	12.56	
476.136	33.04	
476.34	36.32	
476.543	56.59	
476.747	50.04	
476.951	49.63	
477.154	25.67	
477.358	30.99	
477.561	13.18	
477.765	-3.82	
477.969	-7.51	
478.172	-11.4	
478.376	-25.94	
478.579	-14.88	
478.783	1.91	
478.986	12.77	
479.19	12.36	
479.393	28.13	
479.596	40	
479.8	35.09	
480.003	21.57	
480.207	29.76	
480.41	11.33	
480.614	-6.28	
480.817	-21.23	
481.02	2.12	
481.224	24.23	
481.427	40.62	
481.63	57.82	
481.834	85.47	
482.037	63.76	
482.24	46.76	
482.443	27.72	
482.647	12.97	
482.85	-4.23	
483.053	8.87	
483.256	1.09	
483.46	25.46	
483.663	22.8	
483.866	32.22	
484.069	19.32	
484.272	21.16	
484.476	9.49	
484.679	25.67	
484.882	42.87	
485.085	49.63	
485.288	44.51	
485.491	63.76	
485.694	44.1	
485.897	15.84	
486.101	7.24	
486.304	23.21	
486.507	-7.92	
486.71	-14.06	
486.913	-9.35	
487.116	-10.99	
487.319	-25.12	
487.522	-9.15	
487.725	8.87	
487.928	4.57	
488.13	12.36	
488.333	18.7	
488.536	14.81	
488.739	-3.82	
488.942	5.6	
489.145	-7.71	
489.348	-8.12	
489.551	-10.17	
489.754	6.01	
489.956	5.6	
490.159	7.85	
490.362	-10.17	
490.565	-20.41	
490.768	-26.96	
490.97	-21.03	
491.173	-19.39	
491.376	-5.87	
491.579	0.89	
491.781	9.28	
491.984	-9.56	
492.187	-3.82	
492.39	-0.96	
492.592	-4.64	
492.795	-9.97	
492.998	-3.21	
493.2	-15.7	
493.403	-14.06	
493.605	1.09	
493.808	-10.58	
494.011	-11.2	
494.213	1.91	
494.416	-2.39	
494.618	-13.86	
494.821	-14.06	
495.023	-0.14	
495.226	-1.37	
495.428	5.19	
495.631	17.89	
495.833	45.74	
496.036	35.09	
496.238	25.26	
496.441	29.15	
496.643	17.68	
496.846	-5.26	
497.048	0.07	
497.25	16.45	
497.453	13.99	
497.655	36.93	
497.858	58.23	
498.06	58.84	
498.262	45.33	
498.465	46.97	
498.667	34.27	
498.869	32.02	
499.071	30.99	
499.274	39.18	
499.476	29.35	
499.678	15.02	
499.881	-3.21	
500.083	-12.42	
500.285	-32.49	
500.487	-18.77	
500.689	-10.38	
500.892	-9.15	
501.094	-7.71	
501.296	21.78	
501.498	0.89	
501.7	0.89	
501.902	16.66	
502.104	29.15	
502.306	11.33	
502.509	23.82	
502.711	14.81	
502.913	3.55	
503.115	-21.84	
503.317	-15.09	
503.519	-18.16	
503.721	-7.71	
503.923	10.72	
504.125	23.62	
504.327	38.37	
504.529	47.58	
504.731	49.01	
504.933	43.49	
505.134	41.23	
505.336	33.04	
505.538	40.62	
505.74	26.08	
505.942	13.99	
506.144	9.69	
506.346	5.8	
506.548	6.01	
506.749	15.02	
506.951	33.86	
507.153	47.79	
507.355	44.1	
507.557	36.11	
507.758	33.25	
507.96	8.06	
508.162	2.73	
508.363	4.78	
508.565	-1.16	
508.767	-9.56	
508.969	10.31	
509.17	19.93	
509.372	19.32	
509.574	17.48	
509.775	35.09	
509.977	8.46	
510.178	13.18	
510.38	18.7	
510.582	21.78	
510.783	9.69	
510.985	13.79	
511.186	1.91	
511.388	7.65	
511.589	16.25	
511.791	24.23	
511.992	33.04	
512.194	24.03	
512.395	2.12	
512.597	-1.37	
512.798	-4.03	
513	-5.87	
513.201	8.67	
513.403	34.88	
513.604	28.74	
513.805	21.37	
514.007	18.09	
514.208	6.21	
514.409	-13.04	
514.611	-11.4	
514.812	-3.62	
515.013	12.56	
515.215	9.69	
515.416	7.03	
515.617	-0.55	
515.819	-7.51	
516.02	-11.61	
516.221	14.2	
516.422	16.45	
516.623	18.09	
516.825	14.61	
517.026	3.55	
517.227	-23.28	
517.428	-24.51	
517.629	-15.29	
517.83	-12.63	
518.032	3.96	
518.233	30.99	
518.434	41.44	
518.635	47.17	
518.836	44.51	
519.037	29.97	
519.238	22.8	
519.439	20.96	
519.64	16.86	
519.841	27.72	
520.042	22.6	
520.243	9.9	
520.444	-4.03	
520.645	-15.91	
520.846	-22.25	
521.047	-1.77	
521.248	-5.05	
521.449	4.98	
521.65	18.3	
521.851	34.88	
522.052	23.42	
522.252	30.38	
522.453	39.18	
522.654	15.22	
522.855	2.12	
523.056	0.07	
523.257	0.27	
523.457	-4.03	
523.658	4.78	
523.859	7.44	
524.06	-1.16	
524.26	-15.29	
524.461	-23.48	
524.662	4.78	
524.862	-1.57	
525.063	9.9	
525.264	35.09	
525.464	37.55	
525.665	28.94	
525.866	46.76	
526.066	40.82	
526.267	23.62	
526.468	19.73	
526.668	14.61	
526.869	5.6	
527.069	4.98	
527.27	9.9	
527.47	21.98	
527.671	11.54	
527.871	-0.34	
528.072	12.56	
528.272	1.91	
528.473	-4.44	
528.673	12.97	
528.874	15.84	
529.074	9.08	
529.275	27.31	
529.475	24.85	
529.675	5.39	
529.876	4.78	
530.076	-6.69	
530.277	-21.23	
530.477	-17.75	
530.677	-20.21	
530.878	-8.74	
531.078	18.91	
531.278	21.57	
531.478	19.52	
531.679	24.23	
531.879	12.56	
532.079	7.44	
532.28	15.02	
532.48	13.38	
532.68	14.2	
532.88	18.5	
533.08	3.14	
533.28	-10.58	
533.481	-6.69	
533.681	-7.1	
533.881	-8.94	
534.081	-7.71	
534.281	7.85	
534.481	8.46	
534.681	11.33	
534.881	29.76	
535.081	36.93	
535.281	24.23	
535.481	40	
535.682	32.84	
535.882	12.56	
536.082	0.07	
536.281	12.36	
536.481	-0.75	
536.681	10.1	
536.881	12.97	
537.081	24.03	
537.281	19.52	
537.481	18.3	
537.681	12.77	
537.881	13.38	
538.081	12.77	
538.281	7.44	
538.48	-6.89	
538.68	-4.44	
538.88	3.35	
539.08	-1.16	
539.28	-7.51	
539.479	26.69	
539.679	20.55	
539.879	2.94	
540.079	-0.75	
540.278	22.8	
540.478	-15.29	
540.678	-8.53	
540.877	2.12	
541.077	-0.34	
541.277	-12.22	
541.476	15.84	
541.676	15.43	
541.876	31.81	
542.075	34.68	
542.275	36.73	
542.474	28.13	
542.674	24.23	
542.874	4.37	
543.073	7.65	
543.273	9.28	
543.472	6.01	
543.672	12.77	
543.871	6.62	
544.071	9.69	
544.27	15.84	
544.47	10.92	
544.669	15.84	
544.868	23.82	
545.068	16.66	
545.267	1.3	
545.467	18.91	
545.666	-1.37	
545.865	6.21	
546.065	3.35	
546.264	5.19	
546.463	4.16	
546.663	16.45	
546.862	20.75	
547.061	30.17	
547.261	27.72	
547.46	24.23	
547.659	22.6	
547.858	22.6	
548.058	18.5	
548.257	34.27	
548.456	28.13	
548.655	32.43	
548.854	23.01	
549.053	36.11	
549.253	19.11	
549.452	15.63	
549.651	19.73	
549.85	37.96	
550.049	29.35	
550.248	38.16	
550.447	40.82	
550.646	48.4	
550.845	44.1	
551.044	44.3	
551.243	36.52	
551.442	28.54	
551.641	20.75	
551.84	28.74	
552.039	40.21	
552.238	44.1	
552.437	48.81	
552.636	42.26	
552.835	7.44	
553.034	-2.59	
553.233	-1.37	
553.432	-4.03	
553.63	-2.59	
553.829	22.39	
554.028	7.85	
554.227	6.21	
554.426	8.26	
554.625	20.34	
554.823	18.3	
555.022	32.02	
555.221	41.44	
555.42	44.71	
555.618	36.52	
555.817	17.48	
556.016	18.7	
556.214	15.63	
556.413	14.2	
556.612	13.18	
556.81	22.8	
557.009	12.97	
557.208	6.62	
557.406	22.6	
557.605	15.02	
557.803	12.56	
558.002	21.37	
558.201	27.1	
558.399	19.73	
558.598	13.58	
558.796	16.04	
558.995	18.3	
559.193	14.81	
559.392	7.44	
559.59	16.66	
559.789	21.57	
559.987	32.02	
560.185	53.93	
560.384	51.47	
560.582	43.49	
560.781	57.41	
560.979	38.37	
561.177	9.28	
561.376	6.83	
561.574	33.45	
561.772	9.9	
561.971	39.8	
562.169	45.53	
562.367	39.18	
562.566	18.7	
562.764	11.95	
562.962	-4.23	
563.16	-19.59	
563.358	-1.77	
563.557	6.62	
563.755	22.8	
563.953	17.27	
564.151	30.79	
564.349	29.76	
564.547	46.56	
564.746	37.96	
564.944	38.16	
565.142	36.73	
565.34	31.2	
565.538	1.5	
565.736	11.95	
565.934	-6.49	
566.132	1.91	
566.33	5.39	
566.528	24.85	
566.726	12.77	
566.924	35.09	
567.122	10.92	
567.32	2.73	
567.518	-5.46	
567.716	11.74	
567.914	-1.57	
568.112	25.67	
568.31	38.77	
568.507	41.64	
568.705	11.74	
568.903	16.25	
569.101	14.4	
569.299	28.74	
569.497	36.11	
569.694	63.15	
569.892	55.36	
570.09	57.21	
570.288	25.87	
570.486	14.61	
570.683	8.26	
570.881	17.48	
571.079	12.36	
571.276	26.69	
571.474	30.38	
571.672	5.8	
571.869	14.4	
572.067	6.83	
572.265	4.57	
572.462	11.33	
572.66	37.75	
572.857	33.65	
573.055	43.89	
573.253	37.96	
573.45	23.62	
573.648	24.03	
573.845	18.7	
574.043	16.04	
574.24	23.82	
574.438	13.79	
574.635	3.96	
574.832	-4.23	
575.03	-4.85	
575.227	15.02	
575.425	13.58	
575.622	11.13	
575.82	18.7	
576.017	26.9	
576.214	5.19	
576.412	11.54	
576.609	23.21	
576.806	10.31	
577.004	4.16	
577.201	10.1	
577.398	23.42	
577.595	31.81	
577.793	46.76	
577.99	61.51	
578.187	56.18	
578.384	49.63	
578.582	35.5	
578.779	40.41	
578.976	24.85	
579.173	34.27	
579.37	31.4	
579.567	42.26	
579.764	35.7	
579.962	27.72	
580.159	34.47	
580.356	41.44	
580.553	27.72	
580.75	25.67	
580.947	31.61	
581.144	22.6	
581.341	14.61	
581.538	20.55	
581.735	18.91	
581.932	30.38	
582.129	17.89	
582.326	18.5	
582.523	4.78	
582.72	8.87	
582.916	-19.39	
583.113	-21.64	
583.31	-24.3	
583.507	-8.12	
583.704	8.06	
583.901	36.73	
584.098	40.82	
584.294	45.94	
584.491	41.23	
584.688	32.02	
584.885	19.52	
585.082	59.87	
585.278	67.45	
585.475	74.61	
585.672	55.98	
585.868	55.36	
586.065	18.91	
586.262	6.21	
586.458	-6.08	
586.655	10.51	
586.852	14.81	
587.048	12.77	
587.245	15.02	
587.442	28.33	
587.638	31.81	
587.835	43.08	
588.031	42.05	
588.228	39.39	
588.424	44.1	
588.621	52.29	
588.817	30.17	
589.014	52.7	
589.21	48.61	
589.407	38.98	
589.603	21.78	
589.8	30.79	
589.996	16.86	
590.192	35.5	
590.389	29.15	
590.585	24.64	
590.782	5.19	
590.978	22.6	
591.174	-1.98	
591.371	2.32	
591.567	3.96	
591.763	18.09	
591.959	-9.15	
592.156	9.08	
592.352	9.28	
592.548	12.15	
592.744	19.52	
592.941	17.07	
593.137	12.77	
593.333	9.69	
593.529	28.94	
593.725	27.31	
593.922	17.07	
594.118	21.16	
594.314	18.09	
594.51	-9.56	
594.706	-19.8	
594.902	12.97	
595.098	13.99	
595.294	15.84	
595.49	12.15	
595.686	29.97	
595.882	9.28	
596.078	19.11	
596.274	19.32	
596.47	45.33	
596.666	23.82	
596.862	29.15	
597.058	15.43	
597.254	26.49	
597.45	11.33	
597.646	31.4	
597.842	33.86	
598.037	55.77	
598.233	52.5	
598.429	66.83	
598.625	50.24	
598.821	40	
599.017	19.73	
599.212	20.96	
599.408	16.45	
599.604	28.33	
599.8	28.74	
599.995	29.35	
600.191	32.43	
600.387	28.54	
600.582	25.26	
600.778	37.75	
600.974	34.27	
601.169	31.61	
601.365	33.25	
601.561	17.27	
601.756	4.16	
601.952	8.46	
602.147	-7.3	
602.343	-11.81	
602.538	4.37	
602.734	7.85	
602.93	16.04	
603.125	30.17	
603.321	26.9	
603.516	16.66	
603.711	11.95	
603.907	20.55	
604.102	21.57	
604.298	26.49	
604.493	32.63	
604.689	54.95	
604.884	42.46	
605.079	43.69	
605.275	31.2	
605.47	37.55	
605.665	16.45	
605.861	25.87	
606.056	18.7	
606.251	11.95	
606.447	19.93	
606.642	21.16	
606.837	3.75	
607.032	24.03	
607.227	31.81	
607.423	21.16	
607.618	24.03	
607.813	24.44	
608.008	12.97	
608.203	43.08	
608.398	55.77	
608.594	53.73	
608.789	49.42	
608.984	55.36	
609.179	42.87	
609.374	30.38	
609.569	32.84	
609.764	35.29	
609.959	3.35	
610.154	4.37	
610.349	15.84	
610.544	15.84	
610.739	24.03	
610.934	58.03	
611.129	66.22	
611.324	69.7	
611.519	89.36	
611.714	97.96	
611.909	80.35	
612.103	77.89	
612.298	73.59	
612.493	69.49	
612.688	66.22	
612.883	80.76	
613.078	57.21	
613.272	66.42	
613.467	67.86	
613.662	59.66	
613.857	66.42	
614.051	91.2	
614.246	63.96	
614.441	46.97	
614.635	29.15	
614.83	7.65	
615.025	-4.64	
615.219	0.68	
615.414	-10.99	
615.609	7.65	
615.803	1.09	
615.998	11.95	
616.192	15.43	
616.387	21.57	
616.582	38.37	
616.776	54.75	
616.971	40.62	
617.165	39.8	
617.36	48.4	
617.554	26.69	
617.749	39.8	
617.943	45.12	
618.138	48.81	
618.332	43.08	
618.526	33.65	
618.721	4.78	
618.915	3.55	
619.11	3.75	
619.304	-5.87	
619.498	3.96	
619.693	23.01	
619.887	18.3	
620.081	7.44	
620.275	25.87	
620.47	28.33	
620.664	24.64	
620.858	26.28	
621.052	36.73	
621.247	38.16	
621.441	40	
621.635	34.27	
621.829	48.61	
622.023	40.21	
622.218	41.85	
622.412	40	
622.606	39.59	
622.8	26.9	
622.994	31.81	
623.188	23.42	
623.382	25.67	
623.576	22.6	
623.77	11.95	
623.964	18.5	
624.158	12.36	
624.352	-4.85	
624.546	1.09	
624.74	13.99	
624.934	10.72	
625.128	19.32	
625.322	24.03	
625.516	20.14	
625.71	9.49	
625.904	-8.12	
626.098	-10.17	
626.291	0.48	
626.485	-0.55	
626.679	1.09	
626.873	34.68	
627.067	32.63	
627.26	34.06	
627.454	30.99	
627.648	34.68	
627.842	14.81	
628.035	13.79	
628.229	13.99	
628.423	6.42	
628.617	-2.39	
628.81	-5.26	
629.004	-7.51	
629.198	-17.95	
629.391	-14.47	
629.585	6.42	
629.778	6.42	
629.972	22.8	
630.166	37.75	
630.359	40.21	
630.553	24.44	
630.746	31.2	
630.94	25.05	
631.133	11.13	
631.327	18.3	
631.52	16.66	
631.714	3.75	
631.907	2.73	
632.1	28.74	
632.294	40.62	
632.487	49.42	
632.681	56.39	
632.874	50.86	
633.067	37.14	
633.261	17.89	
633.454	20.34	
633.647	37.14	
633.841	28.94	
634.034	30.79	
634.227	38.77	
634.421	29.97	
634.614	12.56	
634.807	17.89	
635	-1.16	
635.193	4.57	
635.387	0.07	
635.58	-6.08	
635.773	-0.34	
635.966	12.77	
636.159	9.69	
636.352	-1.77	
636.545	-5.26	
636.739	-9.15	
636.932	-7.92	
637.125	-16.73	
637.318	-11.2	
637.511	11.95	
637.704	13.38	
637.897	20.96	
638.09	11.74	
638.283	29.97	
638.476	19.32	
638.669	16.04	
638.862	21.37	
639.055	49.42	
639.247	41.23	
639.44	31.2	
639.633	40.82	
639.826	16.04	
640.019	-1.77	
640.212	-2.8	
640.405	15.84	
640.597	5.8	
640.79	17.89	
640.983	25.05	
641.176	13.99	
641.368	11.95	
641.561	21.57	
641.754	8.87	
641.947	19.32	
642.139	43.28	
642.332	40.41	
642.525	39.59	
642.717	59.05	
642.91	33.25	
643.103	20.14	
643.295	9.49	
643.488	-7.71	
643.68	-23.28	
643.873	-8.33	
644.065	2.32	
644.258	8.87	
644.45	9.69	
644.643	10.51	
644.835	11.95	
645.028	-9.76	
645.22	-14.06	
645.413	-8.94	
645.605	-2.59	
645.798	-9.35	
645.99	10.72	
646.182	17.27	
646.375	28.33	
646.567	25.67	
646.76	20.34	
646.952	16.25	
647.144	16.45	
647.337	15.02	
647.529	19.73	
647.721	21.78	
647.913	30.79	
648.106	21.98	
648.298	-4.23	
648.49	-18.98	
648.682	-22.25	
648.874	-33.93	
649.067	-24.3	
649.259	4.16	
649.451	4.37	
649.643	16.04	
649.835	40.21	
650.027	42.05	
650.219	31.61	
650.411	45.33	
650.603	27.92	
650.796	17.07	
650.988	11.33	
651.18	28.74	
651.372	32.84	
651.564	37.14	
651.756	17.89	
651.948	27.1	
652.139	9.08	
652.331	3.96	
652.523	10.31	
652.715	22.8	
652.907	9.28	
653.099	17.89	
653.291	13.58	
653.483	14.2	
653.674	16.86	
653.866	26.08	
654.058	11.33	
654.25	10.1	
654.442	1.3	
654.633	-9.76	
654.825	-17.95	
655.017	-5.67	
655.209	0.89	
655.4	7.44	
655.592	-1.77	
655.784	1.91	
655.975	1.3	
656.167	-4.44	
656.359	-14.88	
656.55	-13.04	
656.742	-16.93	
656.933	-6.49	
657.125	-1.77	
657.316	9.9	
657.508	10.92	
657.7	24.64	
657.891	10.92	
658.083	9.08	
658.274	9.9	
658.466	16.86	
658.657	15.84	
658.848	3.96	
659.04	4.98	
659.231	-1.57	
659.423	-3.82	
659.614	-16.73	
659.805	17.89	
659.997	26.9	
660.188	32.63	
660.379	40.62	
660.571	30.17	
660.762	12.36	
660.953	4.37	
661.145	10.72	
661.336	5.6	
661.527	90.38	
661.718	96.94	
661.909	95.09	
662.101	90.18	
662.292	105.74	
662.483	32.02	
662.674	22.39	
662.865	17.89	
663.056	19.73	
663.247	-11.81	
663.439	-8.53	
663.63	-4.64	
663.821	-0.75	
664.012	2.12	
664.203	35.5	
664.394	27.92	
664.585	20.75	
664.776	15.84	
664.967	20.34	
665.158	-3.21	
665.349	25.87	
665.54	13.99	
665.73	27.92	
665.921	-2.18	
666.112	6.01	
666.303	-12.01	
666.494	18.09	
666.685	10.31	
666.876	27.51	
667.066	27.72	
667.257	32.84	
667.448	6.62	
667.639	8.67	
667.83	11.13	
668.02	4.98	
668.211	-19.59	
668.402	-12.83	
668.592	-30.86	
668.783	-40.89	
668.974	-36.59	
669.164	-21.44	
669.355	-17.13	
669.546	3.96	
669.736	12.56	
669.927	22.19	
670.117	8.67	
670.308	11.95	
670.499	-1.57	
670.689	-4.44	
670.88	-18.57	
671.07	16.04	
671.261	22.8	
671.451	34.06	
671.641	21.16	
671.832	26.08	
672.022	4.78	
672.213	1.09	
672.403	-12.83	
672.594	15.63	
672.784	28.13	
672.974	34.88	
673.165	10.31	
673.355	27.72	
673.545	19.11	
673.736	16.66	
673.926	2.12	
674.116	25.46	
674.306	1.5	
674.497	-7.51	
674.687	-35.36	
674.877	-21.64	
675.067	-14.27	
675.257	4.16	
675.448	3.75	
675.638	32.43	
675.828	17.68	
676.018	17.48	
676.208	8.67	
676.398	13.18	
676.588	-9.97	
676.778	-6.49	
676.968	-27.78	
677.158	-20.41	
677.348	-21.84	
677.538	-9.97	
677.728	-0.75	
677.918	-4.64	
678.108	-4.44	
678.298	-1.37	
678.488	-19.59	
678.678	-22.25	
678.868	-15.5	
679.058	-12.42	
679.248	-6.69	
679.438	6.01	
679.627	2.12	
679.817	13.58	
680.007	13.38	
680.197	4.57	
680.387	5.39	
680.576	18.5	
680.766	1.5	
680.956	-9.56	
681.146	9.49	
681.335	24.85	
681.525	10.72	
681.715	19.11	
681.904	33.04	
682.094	21.37	
682.284	14.61	
682.473	27.1	
682.663	38.37	
682.852	40.41	
683.042	51.06	
683.231	42.46	
683.421	31.81	
683.61	24.03	
683.8	7.03	
683.989	-2.39	
684.179	20.55	
684.368	16.45	
684.558	20.34	
684.747	28.13	
684.937	13.18	
685.126	2.12	
685.316	10.1	
685.505	-5.87	
685.694	5.6	
685.884	27.92	
686.073	15.43	
686.262	17.27	
686.452	36.32	
686.641	23.42	
686.83	15.43	
687.019	13.38	
687.209	6.01	
687.398	7.24	
687.587	15.22	
687.776	8.67	
687.965	3.55	
688.155	8.46	
688.344	-10.79	
688.533	-12.22	
688.722	-21.23	
688.911	0.89	
689.1	4.37	
689.289	20.34	
689.478	21.37	
689.667	45.12	
689.856	26.49	
690.045	20.75	
690.234	15.63	
690.423	22.6	
690.612	0.48	
690.801	19.32	
690.99	13.38	
691.179	13.38	
691.368	-9.15	
691.557	18.09	
691.746	12.56	
691.935	15.02	
692.124	19.32	
692.312	40.21	
692.501	17.27	
692.69	24.85	
692.879	19.32	
693.068	17.07	
693.256	-0.75	
693.445	20.55	
693.634	1.91	
693.823	-4.23	
694.011	0.27	
694.2	8.06	
694.389	-5.05	
694.577	8.67	
694.766	14.2	
694.955	0.48	
695.143	-4.44	
695.332	13.18	
695.52	4.78	
695.709	15.84	
695.897	22.39	
696.086	20.75	
696.275	-7.71	
696.463	-9.35	
696.652	-19.59	
696.84	-17.34	
697.028	-29.01	
697.217	-26.56	
697.405	-5.87	
697.594	16.45	
697.782	16.04	
697.971	39.18	
698.159	40	
698.347	34.27	
698.536	20.34	
698.724	36.32	
698.912	15.63	
699.1	25.87	
699.289	23.62	
699.477	31.2	
699.665	13.38	
699.854	25.05	
700.042	20.14	
700.23	11.74	
700.418	2.32	
700.606	0.89	
700.794	1.3	
700.983	2.53	
701.171	-0.34	
701.359	0.07	
701.547	14.81	
701.735	23.62	
701.923	23.62	
702.111	14.2	
702.299	5.6	
702.487	3.96	
702.675	-13.04	
702.863	-24.1	
703.051	-11.61	
703.239	9.69	
703.427	-1.37	
703.615	-0.55	
703.803	4.78	
703.991	12.97	
704.179	-1.37	
704.367	-1.16	
704.554	18.91	
704.742	29.35	
704.93	30.79	
705.118	46.56	
705.306	43.28	
705.493	28.94	
705.681	16.45	
705.869	19.11	
706.057	16.04	
706.244	19.32	
706.432	8.46	
706.62	27.1	
706.807	-2.39	
706.995	-5.05	
707.183	-6.69	
707.37	24.23	
707.558	12.77	
707.746	55.98	
707.933	52.91	
708.121	69.08	
708.308	53.32	
708.496	53.73	
708.683	25.46	
708.871	38.98	
709.058	13.79	
709.246	4.37	
709.433	-6.69	
709.621	-1.57	
709.808	-13.24	
709.995	21.98	
710.183	41.23	
710.37	52.91	
710.558	53.11	
710.745	53.52	
710.932	30.38	
711.12	16.45	
711.307	9.08	
711.494	11.33	
711.681	10.92	
711.869	2.94	
712.056	15.02	
712.243	40.62	
712.43	16.45	
712.618	9.9	
712.805	-0.75	
712.992	-1.37	
713.179	-39.25	
713.366	-27.17	
713.553	-15.29	
713.74	2.94	
713.928	-21.03	
714.115	-2.8	
714.302	-11.4	
714.489	-16.73	
714.676	-23.07	
714.863	10.31	
715.05	8.46	
715.237	19.11	
715.424	5.19	
715.611	18.3	
715.798	11.13	
715.984	17.89	
716.171	28.13	
716.358	41.23	
716.545	37.75	
716.732	35.91	
716.919	24.85	
717.106	0.27	
717.293	6.83	
717.479	7.24	
717.666	-8.74	
717.853	0.27	
718.04	5.19	
718.226	4.98	
718.413	-19.39	
718.6	-17.13	
718.786	-27.37	
718.973	-11.4	
719.16	-28.6	
719.346	3.96	
719.533	-0.96	
719.72	2.12	
719.906	-7.3	
720.093	6.83	
720.279	-10.17	
720.466	1.3	
720.652	19.32	
720.839	38.57	
721.025	21.98	
721.212	34.06	
721.398	33.86	
721.585	33.65	
721.771	10.72	
721.958	1.5	
722.144	-2.59	
722.331	-13.24	
722.517	-31.47	
722.703	-22.66	
722.89	-23.89	
723.076	-22.25	
723.262	-7.92	
723.449	-17.95	
723.635	-31.68	
723.821	-7.1	
724.007	-13.65	
724.194	-33.93	
724.38	-34.54	
724.566	-28.6	
724.752	-38.43	
724.938	-37.41	
725.125	-13.24	
725.311	19.11	
725.497	20.34	
725.683	21.37	
725.869	13.58	
726.055	1.71	
726.241	-21.84	
726.427	-22.66	
726.613	-24.92	
726.799	0.48	
726.985	-11.81	
727.171	10.1	
727.357	22.8	
727.543	29.15	
727.729	18.91	
727.915	39.18	
728.101	30.17	
728.287	35.29	
728.473	36.73	
728.659	28.33	
728.845	21.78	
729.03	6.21	
729.216	-4.64	
729.402	-6.89	
729.588	-6.28	
729.774	-3.21	
729.959	7.85	
730.145	10.92	
730.331	15.02	
730.517	20.96	
730.702	26.49	
730.888	31.4	
731.074	15.22	
731.259	13.79	
731.445	27.92	
731.63	17.07	
731.816	-0.34	
732.002	23.82	
732.187	44.92	
732.373	25.46	
732.558	26.9	
732.744	58.84	
732.929	56.8	
733.115	28.13	
733.3	9.9	
733.486	20.55	
733.671	-5.87	
733.857	-12.01	
734.042	-3.62	
734.227	6.83	
734.413	6.83	
734.598	21.98	
734.784	20.34	
734.969	28.74	
735.154	31.81	
735.339	32.02	
735.525	32.43	
735.71	35.7	
735.895	15.84	
736.081	26.49	
736.266	24.23	
736.451	21.98	
736.636	28.33	
736.821	26.69	
737.007	1.71	
737.192	-3.41	
737.377	-16.52	
737.562	-31.27	
737.747	-17.34	
737.932	-6.08	
738.117	-13.65	
738.302	5.8	
738.487	11.54	
738.672	0.27	
738.857	11.95	
739.042	16.45	
739.227	7.65	
739.412	-6.69	
739.597	-1.98	
739.782	6.21	
739.967	8.26	
740.152	11.95	
740.337	25.87	
740.522	23.21	
740.706	17.27	
740.891	35.91	
741.076	36.93	
741.261	44.3	
741.446	57.41	
741.63	60.48	
741.815	46.97	
742	30.99	
742.185	26.49	
742.369	22.39	
742.554	8.06	
742.739	2.53	
742.923	15.63	
743.108	21.16	
743.293	18.7	
743.477	22.8	
743.662	24.85	
743.846	29.76	
744.031	24.64	
744.216	37.34	
744.4	49.83	
744.585	55.16	
744.769	44.3	
744.954	47.79	
745.138	35.5	
745.322	25.46	
745.507	14.61	
745.691	13.38	
745.876	2.12	
746.06	3.96	
746.244	9.69	
746.429	20.14	
746.613	19.52	
746.798	32.02	
746.982	12.97	
747.166	16.45	
747.35	-4.85	
747.535	1.71	
747.719	-1.16	
747.903	28.33	
748.087	-0.55	
748.272	10.1	
748.456	12.97	
748.64	5.8	
748.824	-5.87	
749.008	6.62	
749.192	5.6	
749.376	4.57	
749.56	1.3	
749.745	0.07	
749.929	4.16	
750.113	16.45	
750.297	-13.04	
750.481	10.92	
750.665	23.21	
750.849	31.61	
751.033	30.58	
751.217	50.45	
751.4	25.67	
751.584	8.46	
751.768	9.28	
751.952	6.83	
752.136	12.77	
752.32	13.79	
752.504	24.85	
752.688	30.58	
752.871	38.77	
753.055	26.9	
753.239	35.09	
753.423	39.39	
753.606	24.23	
753.79	34.47	
753.974	45.74	
754.157	42.46	
754.341	30.99	
754.525	33.45	
754.708	7.24	
754.892	6.01	
755.076	21.37	
755.259	36.93	
755.443	30.79	
755.626	41.44	
755.81	46.97	
755.993	28.74	
756.177	9.28	
756.36	17.68	
756.544	13.79	
756.727	-2.39	
756.911	3.55	
757.094	14.61	
757.278	11.13	
757.461	-6.28	
757.644	-4.85	
757.828	-3.82	
758.011	-7.51	
758.195	-1.37	
758.378	1.91	
758.561	14.2	
758.744	7.24	
758.928	19.32	
759.111	7.03	
759.294	22.39	
759.477	19.32	
759.661	23.82	
759.844	22.8	
760.027	34.47	
760.21	33.04	
760.393	30.79	
760.576	26.08	
760.76	5.39	
760.943	0.68	
761.126	7.85	
761.309	17.07	
761.492	21.98	
761.675	33.45	
761.858	40.82	
762.041	15.84	
762.224	10.31	
762.407	18.7	
762.59	22.6	
762.773	-4.44	
762.956	10.51	
763.139	4.16	
763.321	9.28	
763.504	-1.77	
763.687	21.37	
763.87	26.69	
764.053	20.75	
764.236	15.63	
764.418	13.58	
764.601	-3	
764.784	-5.87	
764.967	9.49	
765.149	-6.28	
765.332	8.06	
765.515	18.3	
765.697	14.61	
765.88	5.39	
766.063	8.87	
766.245	-8.12	
766.428	-13.45	
766.611	-17.75	
766.793	-10.99	
766.976	-3.82	
767.158	-7.1	
767.341	10.72	
767.523	2.12	
767.706	10.1	
767.888	-2.8	
768.071	32.02	
768.253	21.57	
768.436	33.25	
768.618	30.38	
768.8	57	
768.983	43.08	
769.165	48.81	
769.348	39.8	
769.53	29.97	
769.712	19.11	
769.895	16.66	
770.077	0.27	
770.259	10.72	
770.441	18.7	
770.624	18.09	
770.806	23.62	
770.988	38.98	
771.17	30.38	
771.352	36.32	
771.535	42.87	
771.717	37.14	
771.899	31.4	
772.081	58.03	
772.263	41.64	
772.445	34.06	
772.627	26.08	
772.809	29.76	
772.991	9.28	
773.173	24.03	
773.355	19.11	
773.537	19.93	
773.719	11.33	
773.901	17.68	
774.083	-8.94	
774.265	-12.01	
774.447	-22.25	
774.629	-15.7	
774.811	-13.86	
774.992	10.72	
775.174	0.07	
775.356	14.4	
775.538	11.33	
775.72	6.01	
775.901	-5.87	
776.083	9.28	
776.265	-0.14	
776.447	17.27	
776.628	27.31	
776.81	22.6	
776.992	26.9	
777.173	32.22	
777.355	20.14	
777.537	24.03	
777.718	33.86	
777.9	25.05	
778.081	12.15	
778.263	19.52	
778.444	-0.14	
778.626	0.27	
778.807	-7.1	
778.989	3.75	
779.17	-25.74	
779.352	-28.19	
779.533	-39.05	
779.715	-23.28	
779.896	-36.39	
780.078	-4.03	
780.259	0.89	
780.44	9.49	
780.622	4.98	
780.803	39.39	
780.984	16.66	
781.166	8.87	
781.347	-6.28	
781.528	-4.23	
781.709	-23.89	
781.891	-5.05	
782.072	5.19	
782.253	24.23	
782.434	14.81	
782.615	13.58	
782.796	10.31	
782.978	25.05	
783.159	28.74	
783.34	49.01	
783.521	51.47	
783.702	53.11	
783.883	41.03	
784.064	42.46	
784.245	28.54	
784.426	48.2	
784.607	36.52	
784.788	52.5	
784.969	37.96	
785.15	40.21	
785.331	4.16	
785.512	21.37	
785.692	-4.44	
785.873	5.19	
786.054	-12.22	
786.235	0.27	
786.416	-6.49	
786.597	14.2	
786.777	7.03	
786.958	35.29	
787.139	33.86	
787.32	28.94	
787.5	26.28	
787.681	27.31	
787.862	10.1	
788.042	27.51	
788.223	23.42	
788.404	6.83	
788.584	8.87	
788.765	12.56	
788.946	-10.17	
789.126	-7.51	
789.307	-0.55	
789.487	17.89	
789.668	19.93	
789.848	7.85	
790.029	5.8	
790.209	5.19	
790.39	-19.18	
790.57	-27.58	
790.75	7.44	
790.931	6.01	
791.111	7.24	
791.292	30.17	
791.472	35.7	
791.652	30.38	
791.833	31.81	
792.013	31.61	
792.193	11.13	
792.373	26.08	
792.554	19.11	
792.734	25.05	
792.914	20.55	
793.094	26.08	
793.275	13.58	
793.455	20.75	
793.635	26.9	
793.815	24.03	
793.995	19.93	
794.175	19.11	
794.355	17.07	
794.535	12.36	
794.715	11.13	
794.896	2.53	
795.076	-15.5	
795.256	-10.58	
795.436	-28.6	
795.616	-17.95	
795.795	-9.15	
795.975	6.01	
796.155	2.73	
796.335	7.24	
796.515	20.34	
796.695	32.63	
796.875	35.09	
797.055	35.91	
797.234	52.29	
797.414	45.53	
797.594	39.39	
797.774	48.81	
797.954	44.92	
798.133	47.99	
798.313	34.68	
798.493	48.61	
798.672	42.87	
798.852	43.49	
799.032	20.75	
799.211	20.75	
799.391	2.12	
799.571	-0.75	
799.75	-16.32	
799.93	3.96	
800.109	7.85	
800.289	8.26	
800.468	0.48	
800.648	15.63	
800.827	8.26	
801.007	12.97	
801.186	6.01	
801.366	18.09	
801.545	7.65	
801.725	26.49	
801.904	16.45	
802.083	22.39	
802.263	2.12	
802.442	29.76	
802.621	2.32	
802.801	25.87	
802.98	35.09	
803.159	49.42	
803.338	23.01	
803.518	45.74	
803.697	13.18	
803.876	3.14	
804.055	13.18	
804.235	18.7	
804.414	-0.75	
804.593	20.96	
804.772	26.49	
804.951	16.25	
805.13	1.5	
805.309	-3.62	
805.488	-15.09	
805.667	-8.53	
805.846	-13.04	
806.025	1.09	
806.204	26.49	
806.383	32.84	
806.562	17.68	
806.741	19.32	
806.92	34.88	
807.099	24.85	
807.278	24.03	
807.457	24.85	
807.636	38.37	
807.814	18.91	
807.993	4.37	
808.172	0.27	
808.351	14.81	
808.53	1.5	
808.708	-3	
808.887	4.78	
809.066	34.06	
809.244	23.01	
809.423	18.7	
809.602	20.75	
809.78	23.21	
809.959	-10.17	
810.138	-7.51	
810.316	-3.41	
810.495	2.94	
810.673	-12.22	
810.852	3.35	
811.03	10.72	
811.209	21.37	
811.388	17.68	
811.566	48.4	
811.744	39.39	
811.923	25.46	
812.101	27.92	
812.28	51.68	
812.458	24.44	
812.637	22.8	
812.815	37.55	
812.993	32.22	
813.172	26.28	
813.35	22.39	
813.528	28.94	
813.706	18.09	
813.885	11.95	
814.063	-0.75	
814.241	28.13	
814.419	36.73	
814.598	49.01	
814.776	40	
814.954	28.94	
815.132	12.56	
815.31	-0.75	
815.488	-6.28	
815.666	2.73	
815.844	4.57	
816.022	-5.26	
816.201	-6.89	
816.379	-7.3	
816.557	-1.77	
816.735	3.96	
816.913	5.6	
817.09	17.89	
817.268	2.73	
817.446	-3	
817.624	-4.23	
817.802	15.43	
817.98	-0.34	
818.158	8.46	
818.336	4.37	
818.514	4.37	
818.691	5.8	
818.869	24.23	
819.047	38.57	
819.225	41.44	
819.402	36.32	
819.58	42.26	
819.758	38.57	
819.935	27.31	
820.113	32.84	
820.291	29.97	
820.468	21.57	
820.646	17.89	
820.824	18.91	
821.001	30.79	
821.179	42.26	
821.356	28.74	
821.534	19.11	
821.711	11.33	
821.889	20.34	
822.066	22.19	
822.244	20.96	
822.421	30.38	
822.599	44.1	
822.776	13.79	
822.953	-7.51	
823.131	-8.33	
823.308	-13.65	
823.486	-22.05	
823.663	-12.83	
823.84	7.03	
824.017	1.5	
824.195	3.35	
824.372	7.24	
824.549	23.62	
824.726	30.17	
824.904	30.99	
825.081	43.69	
825.258	34.47	
825.435	7.85	
825.612	11.13	
825.789	-4.03	
825.967	-3.82	
826.144	14.81	
826.321	35.7	
826.498	34.06	
826.675	58.03	
826.852	30.58	
827.029	19.11	
827.206	7.03	
827.383	-7.51	
827.56	13.79	
827.737	17.48	
827.914	21.57	
828.09	20.75	
828.267	15.63	
828.444	-1.57	
828.621	-7.71	
828.798	3.14	
828.975	-9.15	
829.151	8.67	
829.328	10.1	
829.505	41.23	
829.682	16.04	
829.858	31.81	
830.035	36.11	
830.212	35.91	
830.389	13.18	
830.565	15.02	
830.742	24.23	
830.918	18.5	
831.095	20.34	
831.272	27.31	
831.448	25.46	
831.625	14.4	
831.801	14.2	
831.978	11.33	
832.154	4.78	
832.331	23.82	
832.507	18.09	
832.684	27.92	
832.86	13.79	
833.037	45.33	
833.213	27.72	
833.389	35.09	
833.566	9.69	
833.742	14.4	
833.918	-5.05	
834.095	-16.73	
834.271	-18.57	
834.447	-10.17	
834.624	-3.82	
834.8	-8.33	
834.976	10.51	
835.152	6.62	
835.328	16.86	
835.505	22.39	
835.681	24.85	
835.857	24.23	
836.033	34.47	
836.209	61.1	
836.385	59.66	
836.561	56.39	
836.737	55.98	
836.913	45.53	
837.089	12.97	
837.265	17.48	
837.441	35.29	
837.617	33.65	
837.793	31.61	
837.969	37.34	
838.145	21.98	
838.321	9.9	
838.497	18.91	
838.673	27.31	
838.849	20.34	
839.025	51.27	
839.2	46.76	
839.376	40.82	
839.552	47.58	
839.728	43.69	
839.903	26.49	
840.079	44.71	
840.255	46.15	
840.431	52.7	
840.606	46.97	
840.782	56.59	
840.958	34.88	
841.133	45.53	
841.309	38.37	
841.484	49.42	
841.66	24.03	
841.835	19.32	
842.011	17.07	
842.186	21.16	
842.362	22.19	
842.537	37.34	
842.713	41.23	
842.888	33.86	
843.064	12.97	
843.239	13.99	
843.415	3.96	
843.59	25.87	
843.765	22.19	
843.941	30.79	
844.116	43.69	
844.291	35.29	
844.467	11.54	
844.642	19.11	
844.817	24.23	
844.992	13.58	
845.168	27.1	
845.343	44.51	
845.518	30.38	
845.693	30.79	
845.868	23.42	
846.043	11.95	
846.219	-8.74	
846.394	4.98	
846.569	6.21	
846.744	14.4	
846.919	18.91	
847.094	46.56	
847.269	31.4	
847.444	23.01	
847.619	17.48	
847.794	47.38	
847.969	29.76	
848.144	31.4	
848.319	39.59	
848.494	34.27	
848.668	23.62	
848.843	44.3	
849.018	53.93	
849.193	44.3	
849.368	50.86	
849.542	61.71	
849.717	43.28	
849.892	41.85	
850.067	52.7	
850.241	66.83	
850.416	42.67	
850.591	41.23	
850.765	23.82	
850.94	34.68	
851.115	11.13	
851.289	9.28	
851.464	4.57	
851.639	34.47	
851.813	10.51	
851.988	22.6	
852.162	19.73	
852.337	22.39	
852.511	10.51	
852.686	26.28	
852.86	33.04	
853.035	37.34	
853.209	35.91	
853.383	43.28	
853.558	33.45	
853.732	22.8	
853.906	9.28	
854.081	15.43	
854.255	-0.34	
854.429	3.96	
854.604	0.68	
854.778	16.04	
854.952	20.55	
855.126	22.39	
855.301	18.7	
855.475	24.44	
855.649	29.97	
855.823	24.44	
855.997	19.52	
856.171	21.78	
856.345	27.1	
856.52	36.32	
856.694	40.82	
856.868	63.96	
857.042	56.18	
857.216	70.11	
857.39	55.98	
857.564	40	
857.738	29.56	
857.912	33.45	
858.085	16.86	
858.259	17.07	
858.433	30.38	
858.607	23.62	
858.781	25.67	
858.955	9.9	
859.129	15.02	
859.302	10.72	
859.476	11.33	
859.65	21.78	
859.824	18.09	
859.997	28.94	
860.171	33.25	
860.345	45.53	
860.519	39.18	
860.692	56.59	
860.866	53.32	
861.039	70.72	
861.213	56.39	
861.387	35.29	
861.56	19.93	
861.734	12.77	
861.907	-1.37	
862.081	9.28	
862.254	35.29	
862.428	50.86	
862.601	38.57	
862.775	40.62	
862.948	64.99	
863.122	64.78	
863.295	56.8	
863.468	62.33	
863.642	57.41	
863.815	28.94	
863.988	21.98	
864.162	32.22	
864.335	28.54	
864.508	24.03	
864.682	22.6	
864.855	14.4	
865.028	-4.03	
865.201	14.2	
865.374	19.32	
865.548	37.75	
865.721	41.64	
865.894	64.37	
866.067	52.09	
866.24	51.88	
866.413	36.93	
866.586	41.23	
866.759	22.6	
866.932	15.63	
867.105	4.57	
867.278	-9.97	
867.451	-6.28	
867.624	3.96	
867.797	10.72	
867.97	17.48	
868.143	35.5	
868.316	46.56	
868.489	35.09	
868.661	34.47	
868.834	55.16	
869.007	65.19	
869.18	52.7	
869.353	63.15	
869.525	79.12	
869.698	42.46	
869.871	36.11	
870.044	45.53	
870.216	50.24	
870.389	37.55	
870.562	52.09	
870.734	44.1	
870.907	16.45	
871.079	19.73	
871.252	15.22	
871.425	28.54	
871.597	19.52	
871.77	53.11	
871.942	44.71	
872.115	37.96	
872.287	22.6	
872.459	50.04	
872.632	35.29	
872.804	35.5	
872.977	32.02	
873.149	28.74	
873.321	4.78	
873.494	4.57	
873.666	9.08	
873.838	13.18	
874.011	14.81	
874.183	30.99	
874.355	28.33	
874.528	30.58	
874.7	31.81	
874.872	53.11	
875.044	54.95	
875.216	54.13	
875.388	52.29	
875.561	53.93	
875.733	24.23	
875.905	10.1	
876.077	3.55	
876.249	4.98	
876.421	10.72	
876.593	12.56	
876.765	14.61	
876.937	24.64	
877.109	12.97	
877.281	6.62	
877.453	10.51	
877.625	9.69	
877.797	-7.3	
877.968	-4.44	
878.14	-3.62	
878.312	15.43	
878.484	6.83	
878.656	29.76	
878.828	21.57	
878.999	36.52	
879.171	17.48	
879.343	10.72	
879.515	-8.94	
879.686	-5.46	
879.858	-13.45	
880.03	-11.61	
880.201	1.5	
880.373	4.57	
880.545	-11.81	
880.716	-8.53	
880.888	29.56	
881.059	41.85	
881.231	45.53	
881.402	73.8	
881.574	69.7	
881.745	47.99	
881.917	43.28	
882.088	48.61	
882.26	18.09	
882.431	29.35	
882.602	1.5	
882.774	-7.1	
882.945	-19.18	
883.116	-8.74	
883.288	-24.51	
883.459	-7.51	
883.63	-9.76	
883.802	-5.26	
883.973	16.66	
884.144	25.67	
884.315	36.73	
884.487	54.34	
884.658	71.75	
884.829	68.06	
885	58.03	
885.171	60.89	
885.342	47.17	
885.513	36.32	
885.684	41.23	
885.855	48.81	
886.026	36.93	
886.197	37.55	
886.368	37.55	
886.539	25.05	
886.71	20.75	
886.881	25.05	
887.052	29.56	
887.223	41.85	
887.394	29.35	
887.565	45.33	
887.736	33.65	
887.907	37.96	
888.077	25.67	
888.248	35.09	
888.419	23.42	
888.59	26.9	
888.761	35.7	
888.931	41.64	
889.102	56.18	
889.273	44.51	
889.443	49.42	
889.614	23.82	
889.785	16.04	
889.955	8.67	
890.126	13.99	
890.296	17.68	
890.467	29.35	
890.637	44.51	
890.808	35.09	
890.978	40.41	
891.149	29.97	
891.319	46.15	
891.49	36.11	
891.66	58.23	
891.831	52.29	
892.001	58.03	
892.172	35.7	
892.342	39.8	
892.512	24.64	
892.683	33.65	
892.853	29.97	
893.023	36.32	
893.193	21.78	
893.364	16.66	
893.534	24.64	
893.704	46.76	
893.874	46.35	
894.044	51.27	
894.215	45.74	
894.385	55.16	
894.555	33.04	
894.725	54.75	
894.895	40.62	
895.065	55.36	
895.235	35.5	
895.405	58.23	
895.575	36.32	
895.745	57.26	
895.915	66.9	
