177.618	-127.32	
177.836	-125.27	
178.054	-132.23	
178.271	-105.61	
178.489	-60.76	
178.706	-34.13	
178.924	-16.73	
179.142	15.02	
179.359	21.57	
179.577	-20	
179.794	-18.57	
180.012	-13.04	
180.229	-21.84	
180.447	-26.96	
180.664	-0.55	
180.882	-6.89	
181.1	-9.15	
181.317	-16.52	
181.535	-14.88	
181.752	-23.69	
181.969	-20.21	
182.187	-12.63	
182.404	5.19	
182.622	-2.8	
182.839	9.69	
183.057	8.46	
183.274	14.81	
183.492	13.18	
183.709	33.65	
183.926	23.21	
184.144	31.2	
184.361	28.94	
184.579	32.02	
184.796	0.68	
185.013	11.33	
185.231	9.08	
185.448	8.87	
185.666	10.31	
185.883	21.78	
186.1	15.63	
186.317	0.68	
186.535	-14.06	
186.752	-17.13	
186.969	-11.2	
187.187	17.07	
187.404	3.35	
187.621	33.25	
187.839	36.73	
188.056	39.18	
188.273	11.74	
188.49	47.79	
188.708	33.04	
188.925	48.61	
189.142	55.77	
189.359	52.5	
189.576	30.58	
189.794	20.14	
190.011	20.96	
190.228	11.13	
190.445	15.63	
190.662	38.77	
190.879	49.01	
191.097	28.54	
191.314	17.68	
191.531	15.22	
191.748	-6.89	
191.965	-0.55	
192.182	8.26	
192.399	21.78	
192.616	33.86	
192.834	42.05	
193.051	23.42	
193.268	4.98	
193.485	-0.75	
193.702	-8.94	
193.919	-7.1	
194.136	7.03	
194.353	9.9	
194.57	26.69	
194.787	21.37	
195.004	33.04	
195.221	20.55	
195.438	35.91	
195.655	23.82	
195.872	46.97	
196.089	31.61	
196.306	46.76	
196.523	43.08	
196.74	51.27	
196.957	17.27	
197.173	28.13	
197.39	19.11	
197.607	30.38	
197.824	22.8	
198.041	32.43	
198.258	25.67	
198.475	35.09	
198.692	14.2	
198.909	3.75	
199.125	-4.85	
199.342	13.79	
199.559	-2.8	
199.776	0.07	
199.993	21.98	
200.21	40	
200.426	23.82	
200.643	34.88	
200.86	43.69	
201.077	37.55	
201.293	25.05	
201.51	25.87	
201.727	9.69	
201.944	-9.56	
202.16	-15.5	
202.377	-9.15	
202.594	-15.7	
202.811	6.62	
203.027	27.72	
203.244	24.85	
203.461	31.61	
203.677	55.16	
203.894	54.34	
204.111	51.68	
204.327	50.86	
204.544	32.02	
204.761	15.63	
204.977	-6.28	
205.194	-10.38	
205.41	-6.28	
205.627	-3.41	
205.844	-7.3	
206.06	-10.17	
206.277	-16.11	
206.493	-22.87	
206.71	-20.62	
206.926	-28.6	
207.143	-6.49	
207.36	-17.13	
207.576	-5.67	
207.793	5.8	
208.009	31.4	
208.226	16.86	
208.442	18.09	
208.659	17.68	
208.875	10.92	
209.092	-1.57	
209.308	6.01	
209.524	15.63	
209.741	17.89	
209.957	37.34	
210.174	23.42	
210.39	10.51	
210.607	10.92	
210.823	5.19	
211.039	-12.63	
211.256	7.85	
211.472	5.19	
211.688	18.3	
211.905	28.54	
212.121	21.57	
212.338	5.39	
212.554	28.13	
212.77	18.5	
212.987	14.4	
213.203	30.38	
213.419	51.06	
213.635	41.23	
213.852	43.08	
214.068	34.27	
214.284	26.08	
214.501	26.28	
214.717	17.48	
214.933	17.89	
215.149	4.16	
215.365	0.89	
215.582	-21.84	
215.798	-5.87	
216.014	-20.41	
216.23	0.68	
216.447	0.48	
216.663	5.8	
216.879	2.32	
217.095	15.63	
217.311	23.82	
217.527	20.75	
217.743	23.42	
217.96	12.97	
218.176	10.1	
218.392	-0.14	
218.608	13.38	
218.824	5.6	
219.04	1.3	
219.256	17.48	
219.472	14.4	
219.688	6.62	
219.904	14.4	
220.12	35.5	
220.336	18.7	
220.552	19.11	
220.768	24.23	
220.984	27.51	
221.2	16.25	
221.416	31.2	
221.632	24.03	
221.848	18.5	
222.064	12.77	
222.28	17.89	
222.496	-3.21	
222.712	9.69	
222.928	6.83	
223.144	24.03	
223.36	15.22	
223.576	23.62	
223.792	2.53	
224.008	11.74	
224.224	-5.87	
224.439	-2.39	
224.655	-5.87	
224.871	23.62	
225.087	17.68	
225.303	15.43	
225.519	23.82	
225.734	36.11	
225.95	15.22	
226.166	22.39	
226.382	17.68	
226.598	10.1	
226.813	4.98	
227.029	-2.39	
227.245	-16.32	
227.461	-10.79	
227.677	-6.08	
227.892	1.3	
228.108	-0.34	
228.324	26.9	
228.539	12.36	
228.755	20.55	
228.971	9.69	
229.186	33.04	
229.402	11.33	
229.618	28.94	
229.833	22.6	
230.049	30.17	
230.265	13.18	
230.48	36.73	
230.696	42.26	
230.912	25.26	
231.127	16.66	
231.343	16.86	
231.558	-16.73	
231.774	-8.74	
231.99	24.85	
232.205	32.02	
232.421	37.55	
232.636	51.68	
232.852	30.38	
233.067	10.51	
233.283	10.92	
233.498	12.36	
233.714	17.48	
233.929	20.75	
234.145	13.18	
234.36	22.8	
234.576	34.88	
234.791	44.51	
235.007	57.82	
235.222	75.64	
235.438	67.04	
235.653	77.48	
235.868	68.88	
236.084	83.22	
236.299	90.59	
236.515	92.43	
236.73	60.28	
236.945	53.73	
237.161	23.01	
237.376	1.5	
237.592	-0.96	
237.807	18.09	
238.022	12.56	
238.238	18.3	
238.453	3.35	
238.668	0.48	
238.883	-22.25	
239.099	-17.13	
239.314	-20	
239.529	4.98	
239.745	12.97	
239.96	27.72	
240.175	32.63	
240.39	72.16	
240.605	61.3	
240.821	44.3	
241.036	41.64	
241.251	47.99	
241.466	15.84	
241.681	21.78	
241.897	43.69	
242.112	59.25	
242.327	41.85	
242.542	42.46	
242.757	51.27	
242.972	30.79	
243.188	15.63	
243.403	17.89	
243.618	13.58	
243.833	12.36	
244.048	21.37	
244.263	22.39	
244.478	26.9	
244.693	16.45	
244.908	12.97	
245.123	16.86	
245.338	42.05	
245.553	44.51	
245.768	51.88	
245.983	52.09	
246.198	33.04	
246.413	7.65	
246.628	4.16	
246.843	2.53	
247.058	1.09	
247.273	16.25	
247.488	21.98	
247.703	22.39	
247.918	18.5	
248.133	18.7	
248.348	2.53	
248.563	11.54	
248.778	15.63	
248.993	35.7	
249.207	36.73	
249.422	51.27	
249.637	23.82	
249.852	8.06	
250.067	-6.28	
250.282	-5.05	
250.496	-21.03	
250.711	1.09	
250.926	3.55	
251.141	18.5	
251.356	2.73	
251.57	19.93	
251.785	8.06	
252	11.33	
252.215	-5.46	
252.43	10.51	
252.644	10.31	
252.859	20.55	
253.074	28.33	
253.288	33.86	
253.503	21.16	
253.718	31.4	
253.932	54.13	
254.147	61.3	
254.362	67.24	
254.576	81.17	
254.791	62.33	
255.006	29.76	
255.22	18.5	
255.435	9.9	
255.65	2.94	
255.864	20.55	
256.079	20.55	
256.293	27.1	
256.508	36.11	
256.723	64.78	
256.937	38.77	
257.152	39.39	
257.366	39.39	
257.581	33.86	
257.795	7.44	
258.01	45.94	
258.224	61.51	
258.439	59.87	
258.653	52.91	
258.868	57.82	
259.082	21.78	
259.297	18.09	
259.511	12.56	
259.726	12.15	
259.94	4.57	
260.154	-1.98	
260.369	-4.44	
260.583	0.07	
260.798	-8.53	
261.012	-1.16	
261.226	12.77	
261.441	19.32	
261.655	17.68	
261.869	38.77	
262.084	20.34	
262.298	26.08	
262.512	-3.41	
262.727	-3.41	
262.941	-0.14	
263.155	15.43	
263.37	13.18	
263.584	31.4	
263.798	32.63	
264.012	38.16	
264.227	29.35	
264.441	41.85	
264.655	27.1	
264.869	37.14	
265.084	7.24	
265.298	19.32	
265.512	4.78	
265.726	22.19	
265.94	13.38	
266.155	43.08	
266.369	32.02	
266.583	49.01	
266.797	43.69	
267.011	54.34	
267.225	52.91	
267.439	53.11	
267.654	29.35	
267.868	22.39	
268.082	-7.1	
268.296	-40.48	
268.51	-42.32	
268.724	-23.07	
268.938	-28.4	
269.152	-4.23	
269.366	11.74	
269.58	22.8	
269.794	11.33	
270.008	30.99	
270.222	29.15	
270.436	32.84	
270.65	25.67	
270.864	29.56	
271.078	23.42	
271.292	29.56	
271.506	40.62	
271.72	52.91	
271.934	58.23	
272.148	53.52	
272.362	39.18	
272.575	28.94	
272.789	19.52	
273.003	18.7	
273.217	36.52	
273.431	39.59	
273.645	45.74	
273.859	55.57	
274.073	68.27	
274.286	64.58	
274.5	66.22	
274.714	55.77	
274.928	56.8	
275.142	41.23	
275.355	29.97	
275.569	35.09	
275.783	38.16	
275.997	7.65	
276.21	12.97	
276.424	46.56	
276.638	49.01	
276.852	70.93	
277.065	90.79	
277.279	86.29	
277.493	62.12	
277.706	62.74	
277.92	51.06	
278.134	44.1	
278.347	30.58	
278.561	25.67	
278.775	29.97	
278.988	26.28	
279.202	35.91	
279.415	46.97	
279.629	35.29	
279.843	29.56	
280.056	44.51	
280.27	44.3	
280.483	42.46	
280.697	55.36	
280.91	63.96	
281.124	70.52	
281.337	79.73	
281.551	94.89	
281.764	85.47	
281.978	59.66	
282.191	38.16	
282.405	32.02	
282.618	13.79	
282.832	17.89	
283.045	21.78	
283.259	23.62	
283.472	16.86	
283.686	27.1	
283.899	16.25	
284.112	30.79	
284.326	31.61	
284.539	34.47	
284.752	28.13	
284.966	41.64	
285.179	47.17	
285.393	51.68	
285.606	44.1	
285.819	65.4	
286.033	52.09	
286.246	46.56	
286.459	25.87	
286.672	29.35	
286.886	4.16	
287.099	25.05	
287.312	-0.14	
287.525	8.87	
287.739	8.26	
287.952	15.84	
288.165	23.01	
288.378	41.64	
288.592	38.37	
288.805	36.93	
289.018	40.21	
289.231	29.76	
289.444	40.41	
289.657	33.25	
289.871	33.65	
290.084	25.87	
290.297	43.89	
290.51	24.23	
290.723	21.16	
290.936	47.17	
291.149	37.55	
291.362	39.39	
291.575	33.45	
291.789	39.39	
292.002	7.03	
292.215	22.39	
292.428	-5.87	
292.641	1.91	
292.854	11.13	
293.067	19.93	
293.28	17.07	
293.493	14.2	
293.706	-2.8	
293.919	16.45	
294.132	2.94	
294.345	0.07	
294.558	-16.93	
294.77	7.03	
294.983	-23.69	
295.196	-6.49	
295.409	14.4	
295.622	38.16	
295.835	46.76	
296.048	66.01	
296.261	63.35	
296.474	60.69	
296.686	48.2	
296.899	40	
297.112	36.93	
297.325	38.77	
297.538	28.94	
297.751	46.35	
297.963	53.11	
298.176	51.68	
298.389	44.51	
298.602	50.04	
298.814	100.42	
299.027	92.23	
299.24	94.89	
299.453	110.66	
299.665	84.65	
299.878	13.58	
300.091	15.02	
300.303	10.51	
300.516	-2.8	
300.729	12.77	
300.941	23.42	
301.154	3.55	
301.367	1.71	
301.579	9.9	
301.792	16.86	
302.005	16.86	
302.217	25.26	
302.43	35.09	
302.642	13.38	
302.855	-8.12	
303.067	-6.28	
303.28	2.53	
303.493	-18.98	
303.705	15.84	
303.918	36.11	
304.13	58.23	
304.343	50.45	
304.555	79.94	
304.768	69.29	
304.98	72.57	
305.193	57.21	
305.405	68.27	
305.617	39.8	
305.83	36.11	
306.042	28.74	
306.255	20.75	
306.467	11.13	
306.68	11.33	
306.892	-2.18	
307.104	9.08	
307.317	7.44	
307.529	24.03	
307.741	41.64	
307.954	60.89	
308.166	41.44	
308.378	63.96	
308.591	63.96	
308.803	63.76	
309.015	64.58	
309.228	88.34	
309.44	66.83	
309.652	50.24	
309.864	35.91	
310.077	13.99	
310.289	-10.58	
310.501	-15.29	
310.713	-6.08	
310.926	13.18	
311.138	5.8	
311.35	14.81	
311.562	9.9	
311.774	19.52	
311.986	3.35	
312.199	36.93	
312.411	31.81	
312.623	41.23	
312.835	18.09	
313.047	20.34	
313.259	8.67	
313.471	4.37	
313.683	9.49	
313.895	9.9	
314.108	0.27	
314.32	0.27	
314.532	-12.22	
314.744	-13.86	
314.956	2.32	
315.168	12.15	
315.38	-1.37	
315.592	30.38	
315.804	32.02	
316.016	50.04	
316.228	47.99	
316.44	59.87	
316.651	48.61	
316.863	43.08	
317.075	9.9	
317.287	7.44	
317.499	10.1	
317.711	9.28	
317.923	20.55	
318.135	19.93	
318.347	31.2	
318.559	50.86	
318.77	60.69	
318.982	48.4	
319.194	57.21	
319.406	55.57	
319.618	28.33	
319.83	13.38	
320.041	8.67	
320.253	1.71	
320.465	-5.26	
320.677	-10.17	
320.888	-17.13	
321.1	-8.94	
321.312	12.97	
321.524	17.89	
321.735	26.08	
321.947	34.27	
322.159	13.99	
322.37	-1.98	
322.582	-5.87	
322.794	5.8	
323.005	13.18	
323.217	33.65	
323.429	25.26	
323.64	44.1	
323.852	30.99	
324.063	38.77	
324.275	43.69	
324.487	58.64	
324.698	45.12	
324.91	39.18	
325.121	18.7	
325.333	4.57	
325.544	6.83	
325.756	17.07	
325.967	29.56	
326.179	55.98	
326.39	59.46	
326.602	60.28	
326.813	32.22	
327.025	37.34	
327.236	12.77	
327.448	6.62	
327.659	-22.25	
327.871	-8.33	
328.082	-19.59	
328.293	-13.86	
328.505	-1.98	
328.716	11.33	
328.928	1.71	
329.139	5.6	
329.35	5.19	
329.562	8.67	
329.773	20.75	
329.984	21.98	
330.196	27.1	
330.407	42.05	
330.618	37.14	
330.83	32.43	
331.041	30.99	
331.252	16.45	
331.463	4.98	
331.675	13.99	
331.886	27.51	
332.097	43.08	
332.308	46.15	
332.52	43.08	
332.731	31.61	
332.942	27.92	
333.153	28.74	
333.364	26.28	
333.575	28.13	
333.787	39.59	
333.998	20.34	
334.209	33.04	
334.42	46.56	
334.631	35.29	
334.842	28.54	
335.053	44.1	
335.264	30.38	
335.475	16.86	
335.686	29.35	
335.898	40.21	
336.109	26.08	
336.32	25.46	
336.531	41.03	
336.742	48.2	
336.953	21.57	
337.164	32.22	
337.375	22.6	
337.586	6.01	
337.797	-18.16	
338.007	9.49	
338.218	-1.77	
338.429	11.13	
338.64	23.21	
338.851	22.39	
339.062	11.74	
339.273	30.99	
339.484	15.63	
339.695	-8.74	
339.906	2.53	
340.116	18.5	
340.327	5.19	
340.538	15.84	
340.749	18.5	
340.96	27.92	
341.171	11.13	
341.381	13.58	
341.592	12.56	
341.803	31.4	
342.014	24.44	
342.224	36.93	
342.435	49.83	
342.646	40.41	
342.857	30.38	
343.067	31.81	
343.278	28.94	
343.489	23.42	
343.699	21.78	
343.91	25.26	
344.121	17.07	
344.331	3.35	
344.542	-21.23	
344.753	2.32	
344.963	17.48	
345.174	36.32	
345.384	54.54	
345.595	66.42	
345.806	54.75	
346.016	43.69	
346.227	33.86	
346.437	21.57	
346.648	20.34	
346.858	16.86	
347.069	8.46	
347.279	7.03	
347.49	4.78	
347.7	14.2	
347.911	-4.44	
348.121	4.78	
348.332	10.72	
348.542	5.6	
348.753	2.94	
348.963	33.86	
349.173	32.02	
349.384	39.8	
349.594	59.05	
349.805	75.84	
350.015	63.15	
350.225	68.06	
350.436	59.87	
350.646	72.98	
350.856	54.75	
351.067	68.27	
351.277	62.74	
351.487	62.74	
351.698	45.94	
351.908	55.36	
352.118	55.77	
352.328	74.61	
352.539	98.78	
352.749	97.35	
352.959	102.26	
353.169	108.82	
353.38	122.13	
353.59	134.01	
353.8	157.97	
354.01	175.99	
354.22	194.42	
354.431	234.97	
354.641	235.38	
354.851	256.47	
355.061	287.19	
355.271	318.73	
355.481	309.31	
355.691	334.09	
355.901	347.61	
356.111	374.23	
356.321	408.23	
356.532	442.63	
356.742	476.43	
356.952	532.13	
357.162	579.64	
357.372	623.67	
357.582	687.37	
357.792	749.22	
358.002	807.17	
358.212	892.98	
358.422	968.35	
358.632	1053.75	
358.842	1159.22	
359.051	1283.12	
359.261	1368.32	
359.471	1506.14	
359.681	1638.65	
359.891	1767.06	
360.101	1890.34	
360.311	2065.04	
360.521	2229.08	
360.731	2401.72	
360.94	2613.48	
361.15	2865.18	
361.36	3104.17	
361.57	3376.76	
361.78	3672.28	
361.989	3959.82	
362.199	4226.87	
362.409	4544.72	
362.619	4842.29	
362.828	5225.26	
363.038	5577.71	
363.248	5953.92	
363.458	6303.92	
363.667	6650.23	
363.877	6949.03	
364.087	7303.94	
364.296	7653.53	
364.506	8015.2	
364.716	8409.03	
364.925	8802.65	
365.135	9167.8	
365.345	9555.69	
365.554	9946.85	
365.764	10299.92	
365.973	10563.49	
366.183	10896.7	
366.393	11098.22	
366.602	11305.06	
366.812	11494.91	
367.021	11720.18	
367.231	11841.01	
367.44	12016.32	
367.65	12071	
367.859	12068.75	
368.069	12009.97	
368.278	11918.43	
368.488	11773.84	
368.697	11676.77	
368.907	11603.86	
369.116	11616.76	
369.326	11596.08	
369.535	11626.8	
369.744	11613.48	
369.954	11535.46	
370.163	11372.03	
370.373	11219.05	
370.582	11061.15	
370.791	10876.22	
371.001	10759.89	
371.21	10660.36	
371.419	10573.32	
371.629	10467.24	
371.838	10336.78	
372.047	10288.24	
372.256	10204.48	
372.466	10162.09	
372.675	10080.99	
372.884	10059.69	
373.093	9953.61	
373.303	9880.29	
373.512	9761.51	
373.721	9649.07	
373.93	9542.99	
374.139	9405.77	
374.349	9200.36	
374.558	9009.9	
374.767	8744.08	
374.976	8523.51	
375.185	8295.57	
375.394	8063.74	
375.603	7837.85	
375.813	7715.59	
376.022	7510.99	
376.231	7298.82	
376.44	7100.38	
376.649	6855.64	
376.858	6568.11	
377.067	6305.35	
377.276	6072.5	
377.485	5889.62	
377.694	5706.32	
377.903	5536.75	
378.112	5340.15	
378.321	5142.72	
378.53	4919.7	
378.739	4740.91	
378.948	4548.2	
379.157	4415.28	
379.366	4287.7	
379.575	4154.78	
379.784	3976.81	
379.992	3846.77	
380.201	3700.13	
380.41	3533.63	
380.619	3385.97	
380.828	3288.9	
381.037	3167.25	
381.246	3065.47	
381.454	2969.42	
381.663	2907.57	
381.872	2810.09	
382.081	2762.16	
382.29	2657.72	
382.498	2560.03	
382.707	2459.47	
382.916	2401.93	
383.125	2280.89	
383.333	2212.08	
383.542	2175.42	
383.751	2113.57	
383.959	2057.66	
384.168	2018.55	
384.377	1988.24	
384.585	1927.62	
384.794	1874.78	
385.003	1826.04	
385.211	1796.34	
385.42	1734.9	
385.628	1668.14	
385.837	1633.53	
386.046	1594.41	
386.254	1538.3	
386.463	1502.25	
386.671	1493.04	
386.88	1433.65	
387.088	1372.41	
387.297	1324.9	
387.505	1295.61	
387.714	1230.08	
387.922	1201.82	
388.131	1172.74	
388.339	1159.22	
388.548	1105.77	
388.756	1072.18	
388.965	1026.92	
389.173	992.51	
389.381	939.27	
389.59	921.86	
389.798	908.96	
390.007	893.19	
390.215	860.22	
390.423	870.45	
390.632	834.82	
390.84	830.11	
391.048	808.81	
391.257	791.4	
391.465	763.14	
391.673	729.55	
391.882	687.16	
392.09	656.44	
392.298	631.66	
392.506	586.61	
392.715	580.67	
392.923	579.44	
393.131	592.14	
393.339	572.89	
393.547	560.6	
393.756	557.73	
393.964	525.58	
394.172	493.01	
394.38	489.94	
394.588	486.05	
394.796	457.79	
395.005	453.08	
395.213	436.08	
395.421	425.43	
395.629	403.31	
395.837	403.52	
396.045	391.64	
396.253	399.83	
396.461	400.04	
396.669	410.28	
396.877	399.42	
397.085	389.8	
397.293	369.32	
397.501	347.4	
397.709	331.22	
397.917	333.89	
398.125	326.51	
398.333	317.91	
398.541	304.6	
398.749	303.58	
398.957	269.38	
399.165	265.28	
399.373	267.74	
399.581	261.59	
399.788	254.84	
399.996	258.52	
400.204	249.1	
400.412	231.9	
400.62	220.84	
400.828	212.24	
401.035	212.03	
401.243	221.25	
401.451	226.78	
401.659	233.33	
401.867	227.6	
402.074	224.73	
402.282	203.23	
402.49	189.91	
402.697	200.56	
402.905	188.69	
403.113	198.93	
403.321	194.42	
403.528	192.37	
403.736	178.24	
403.944	183.98	
404.151	161.45	
404.359	158.17	
404.566	167.59	
404.774	167.59	
404.982	154.89	
405.189	160.42	
405.397	155.51	
405.604	148.34	
405.812	151.41	
406.02	142.81	
406.227	144.25	
406.435	149.77	
406.642	163.29	
406.85	161.04	
407.057	187.46	
407.265	175.17	
407.472	192.37	
407.679	165.54	
407.887	153.67	
408.094	136.67	
408.302	130.32	
408.509	111.27	
408.717	119.06	
408.924	117.83	
409.131	119.26	
409.339	132.98	
409.546	143.63	
409.753	136.67	
409.961	132.37	
410.168	129.7	
410.375	147.93	
410.583	127.25	
410.79	123.97	
410.997	123.97	
411.205	119.06	
411.412	82.4	
411.619	90.79	
411.826	98.78	
412.034	115.98	
412.241	123.97	
412.448	144.65	
412.655	124.58	
412.862	121.51	
413.07	104.31	
413.277	89.97	
413.484	74.41	
413.691	84.65	
413.898	66.63	
414.105	60.89	
414.312	60.89	
414.519	61.51	
414.727	63.56	
414.934	72.77	
415.141	92.43	
415.348	106.77	
415.555	95.3	
415.762	84.03	
415.969	87.52	
416.176	80.35	
416.383	83.42	
416.59	80.96	
416.797	89.56	
417.004	92.84	
417.211	78.51	
417.418	72.57	
417.625	85.47	
417.831	87.31	
418.038	92.23	
418.245	102.26	
418.452	93.66	
418.659	90.38	
418.866	79.32	
419.073	63.35	
419.28	34.88	
419.486	40.62	
419.693	39.39	
419.9	45.33	
420.107	54.13	
420.314	79.94	
420.52	74.82	
420.727	82.19	
420.934	78.3	
421.141	64.37	
421.347	48.61	
421.554	47.17	
421.761	25.67	
421.967	38.77	
422.174	58.23	
422.381	67.86	
422.588	57.21	
422.794	65.4	
423.001	72.57	
423.207	38.77	
423.414	34.06	
423.621	43.89	
423.827	47.99	
424.034	33.65	
424.24	56.59	
424.447	53.93	
424.654	39.39	
424.86	37.14	
425.067	22.19	
425.273	27.92	
425.48	45.53	
425.686	53.93	
425.893	51.68	
426.099	62.12	
426.306	48.4	
426.512	49.83	
426.718	65.6	
426.925	61.3	
427.131	49.42	
427.338	35.5	
427.544	22.6	
427.75	1.91	
427.957	-0.55	
428.163	12.97	
428.37	26.49	
428.576	29.15	
428.782	31.4	
428.988	49.83	
429.195	37.75	
429.401	30.79	
429.607	20.75	
429.814	40.62	
430.02	18.3	
430.226	17.68	
430.432	19.73	
430.639	25.87	
430.845	5.6	
431.051	26.69	
431.257	43.08	
431.463	39.18	
431.67	33.86	
431.876	48.2	
432.082	23.62	
432.288	15.43	
432.494	10.1	
432.7	11.33	
432.906	-8.33	
433.112	15.22	
433.318	28.94	
433.525	42.87	
433.731	42.87	
433.937	53.11	
434.143	31.61	
434.349	18.91	
434.555	19.52	
434.761	26.28	
434.967	23.82	
435.173	35.91	
435.379	29.56	
435.585	37.55	
435.791	31.81	
435.996	43.08	
436.202	53.93	
436.408	61.3	
436.614	53.93	
436.82	62.74	
437.026	53.73	
437.232	37.14	
437.438	26.28	
437.644	12.15	
437.849	7.24	
438.055	-1.57	
438.261	-1.98	
438.467	8.46	
438.673	23.62	
438.878	11.13	
439.084	21.57	
439.29	37.55	
439.496	33.25	
439.701	32.02	
439.907	27.1	
440.113	24.03	
440.318	11.33	
440.524	8.06	
440.73	5.6	
440.935	22.19	
441.141	11.13	
441.347	23.62	
441.552	16.25	
441.758	30.17	
441.964	3.35	
442.169	9.9	
442.375	-2.39	
442.58	8.46	
442.786	14.81	
442.991	42.26	
443.197	31.81	
443.402	43.49	
443.608	42.05	
443.813	32.84	
444.019	30.79	
444.224	38.77	
444.43	19.73	
444.635	24.23	
444.841	11.95	
445.046	18.91	
445.252	24.44	
445.457	36.11	
445.662	25.46	
445.868	27.72	
446.073	4.78	
446.278	-5.05	
446.484	-16.73	
446.689	-9.97	
446.894	-14.88	
447.1	-13.04	
447.305	1.91	
447.51	1.5	
447.716	-8.94	
447.921	-4.23	
448.126	7.65	
448.331	-10.58	
448.537	5.39	
448.742	19.73	
448.947	9.9	
449.152	7.65	
449.357	37.14	
449.563	38.98	
449.768	32.43	
449.973	36.93	
450.178	38.37	
450.383	4.98	
450.588	-14.88	
450.793	-8.33	
450.999	17.27	
451.204	19.52	
451.409	21.57	
451.614	36.52	
451.819	31.2	
452.024	1.5	
452.229	-0.96	
452.434	3.96	
452.639	-14.27	
452.844	-12.83	
453.049	-23.69	
453.254	-30.86	
453.459	-35.98	
453.664	-30.04	
453.869	-28.4	
454.074	-10.58	
454.279	-4.23	
454.483	-3.82	
454.688	4.57	
454.893	15.02	
455.098	12.97	
455.303	4.16	
455.508	4.78	
455.713	1.3	
455.917	-17.54	
456.122	-17.34	
456.327	-14.68	
456.532	-4.85	
456.737	-13.86	
456.941	-1.57	
457.146	-2.8	
457.351	7.85	
457.555	12.15	
457.76	30.79	
457.965	22.6	
458.17	34.88	
458.374	25.87	
458.579	21.16	
458.784	9.9	
458.988	-6.08	
459.193	-18.36	
459.397	-20.21	
459.602	-20.41	
459.807	-0.75	
460.011	4.57	
460.216	5.6	
460.42	6.01	
460.625	4.16	
460.829	-1.77	
461.034	-2.59	
461.239	-10.79	
461.443	-8.12	
461.648	-1.98	
461.852	-10.79	
462.056	10.51	
462.261	20.55	
462.465	46.76	
462.67	35.5	
462.874	35.5	
463.079	14.4	
463.283	18.91	
463.487	5.19	
463.692	16.45	
463.896	7.44	
464.1	23.82	
464.305	11.95	
464.509	0.48	
464.713	-0.55	
464.918	27.92	
465.122	37.14	
465.326	28.74	
465.531	30.17	
465.735	11.54	
465.939	1.91	
466.143	-11.2	
466.348	4.78	
466.552	1.91	
466.756	18.09	
466.96	12.36	
467.164	11.13	
467.368	11.95	
467.573	9.08	
467.777	6.01	
467.981	-4.64	
468.185	-16.32	
468.389	-17.34	
468.593	-26.96	
468.797	-32.49	
469.001	-33.52	
469.205	-24.92	
469.409	-30.24	
469.613	-10.79	
469.817	-6.08	
470.021	-0.14	
470.225	10.51	
470.429	8.46	
470.633	-7.71	
470.837	-6.49	
471.041	-1.98	
471.245	-6.89	
471.449	-5.67	
471.653	3.75	
471.857	8.67	
472.061	-11.81	
472.265	-9.97	
472.469	-4.03	
472.673	-11.2	
472.876	-18.57	
473.08	-7.51	
473.284	-4.85	
473.488	-5.67	
473.692	8.46	
473.895	21.37	
474.099	31.2	
474.303	26.08	
474.507	32.02	
474.71	24.64	
474.914	12.56	
475.118	8.67	
475.322	9.28	
475.525	-18.98	
475.729	-13.45	
475.933	-12.01	
476.136	7.03	
476.34	7.85	
476.543	33.65	
476.747	24.03	
476.951	32.84	
477.154	-1.98	
477.358	9.69	
477.561	0.07	
477.765	12.77	
477.969	-4.64	
478.172	2.94	
478.376	-6.49	
478.579	7.24	
478.783	-16.11	
478.986	-2.39	
479.19	0.07	
479.393	4.98	
479.596	-5.87	
479.8	26.9	
480.003	28.54	
480.207	23.62	
480.41	9.9	
480.614	12.15	
480.817	-6.49	
481.02	3.35	
481.224	15.22	
481.427	16.66	
481.63	32.02	
481.834	38.77	
482.037	21.98	
482.24	15.84	
482.443	16.25	
482.647	-7.51	
482.85	-17.95	
483.053	-11.4	
483.256	-16.93	
483.46	-8.33	
483.663	-4.85	
483.866	12.77	
484.069	8.67	
484.272	3.96	
484.476	-4.64	
484.679	1.09	
484.882	1.09	
485.085	-2.8	
485.288	3.75	
485.491	10.51	
485.694	0.27	
485.897	-4.85	
486.101	-7.3	
486.304	0.48	
486.507	-11.4	
486.71	0.68	
486.913	-4.23	
487.116	-4.03	
487.319	-10.79	
487.522	-5.46	
487.725	4.57	
487.928	8.26	
488.13	21.16	
488.333	37.34	
488.536	46.56	
488.739	33.45	
488.942	33.25	
489.145	25.26	
489.348	8.87	
489.551	0.89	
489.754	1.5	
489.956	-6.28	
490.159	-18.57	
490.362	-23.07	
490.565	-27.17	
490.768	-25.33	
490.97	-7.71	
491.173	7.24	
491.376	18.5	
491.579	35.7	
491.781	38.57	
491.984	24.03	
492.187	11.74	
492.39	0.48	
492.592	-16.93	
492.795	-12.22	
492.998	-14.27	
493.2	-0.75	
493.403	12.77	
493.605	28.13	
493.808	20.34	
494.011	7.44	
494.213	-2.8	
494.416	-6.69	
494.618	-16.52	
494.821	-25.74	
495.023	-8.53	
495.226	-10.17	
495.428	-11.81	
495.631	-10.38	
495.833	2.73	
496.036	-7.92	
496.238	-9.56	
496.441	0.27	
496.643	-5.05	
496.846	-12.22	
497.048	-4.85	
497.25	10.51	
497.453	2.73	
497.655	35.09	
497.858	47.79	
498.06	52.29	
498.262	38.16	
498.465	41.85	
498.667	8.46	
498.869	0.27	
499.071	-10.38	
499.274	8.26	
499.476	-5.87	
499.678	-2.8	
499.881	-18.77	
500.083	-9.97	
500.285	-21.84	
500.487	-4.44	
500.689	-5.05	
500.892	-4.85	
501.094	-15.5	
501.296	-8.53	
501.498	-20	
501.7	-26.96	
501.902	-10.38	
502.104	-1.77	
502.306	-23.69	
502.509	-25.74	
502.711	-35.57	
502.913	-30.45	
503.115	-34.75	
503.317	-16.73	
503.519	-29.63	
503.721	-6.28	
503.923	2.53	
504.125	7.65	
504.327	4.37	
504.529	33.86	
504.731	28.13	
504.933	25.05	
505.134	27.31	
505.336	33.65	
505.538	31.2	
505.74	21.16	
505.942	-10.17	
506.144	-26.35	
506.346	-35.36	
506.548	-34.95	
506.749	-13.45	
506.951	3.14	
507.153	2.12	
507.355	6.62	
507.557	-8.12	
507.758	-10.17	
507.96	-25.33	
508.162	-5.05	
508.363	-9.35	
508.565	3.96	
508.767	-16.32	
508.969	3.55	
509.17	1.71	
509.372	1.91	
509.574	-12.01	
509.775	-5.87	
509.977	-26.35	
510.178	-27.78	
510.38	-25.12	
510.582	-4.23	
510.783	-14.06	
510.985	-1.77	
511.186	-0.96	
511.388	7.44	
511.589	4.78	
511.791	3.75	
511.992	5.6	
512.194	7.24	
512.395	-13.04	
512.597	-10.58	
512.798	2.73	
513	8.87	
513.201	10.31	
513.403	34.27	
513.604	34.06	
513.805	32.02	
514.007	30.79	
514.208	8.46	
514.409	8.67	
514.611	-13.04	
514.812	-3.41	
515.013	4.16	
515.215	17.89	
515.416	-3.21	
515.617	-9.15	
515.819	-23.48	
516.02	-39.05	
516.221	-37	
516.422	-30.65	
516.623	-17.75	
516.825	-2.59	
517.026	5.8	
517.227	-1.77	
517.428	-3	
517.629	1.91	
517.83	2.94	
518.032	9.08	
518.233	21.78	
518.434	25.05	
518.635	24.23	
518.836	20.96	
519.037	7.03	
519.238	-7.3	
519.439	-12.22	
519.64	-25.12	
519.841	-15.5	
520.042	-21.64	
520.243	-14.68	
520.444	-6.08	
520.645	7.85	
520.846	-3.82	
521.047	11.33	
521.248	9.69	
521.449	9.08	
521.65	7.24	
521.851	14.81	
522.052	-14.68	
522.252	1.09	
522.453	-4.23	
522.654	-5.05	
522.855	-14.68	
523.056	0.48	
523.257	-14.06	
523.457	-14.47	
523.658	-18.16	
523.859	-15.29	
524.06	-13.04	
524.26	-13.45	
524.461	-8.12	
524.662	-7.3	
524.862	-14.47	
525.063	-3.41	
525.264	-4.23	
525.464	-11.4	
525.665	-3	
525.866	3.55	
526.066	-12.42	
526.267	-10.58	
526.468	-11.2	
526.668	-6.69	
526.869	-11.2	
527.069	5.39	
527.27	14.81	
527.47	31.61	
527.671	23.21	
527.871	22.39	
528.072	21.98	
528.272	20.14	
528.473	19.32	
528.673	30.17	
528.874	37.14	
529.074	32.63	
529.275	33.45	
529.475	21.37	
529.675	-6.49	
529.876	-14.68	
530.076	-24.51	
530.277	-38.23	
530.477	-38.02	
530.677	-27.37	
530.878	-26.56	
531.078	-0.75	
531.278	0.89	
531.478	-0.96	
531.679	-4.64	
531.879	-6.89	
532.079	-24.51	
532.28	-13.24	
532.48	-22.25	
532.68	-16.73	
532.88	-13.04	
533.08	-8.94	
533.28	-30.04	
533.481	-22.66	
533.681	-31.47	
533.881	-19.39	
534.081	-10.58	
534.281	12.97	
534.481	22.19	
534.681	51.88	
534.881	48.2	
535.081	23.42	
535.281	18.3	
535.481	20.96	
535.682	1.91	
535.882	-10.17	
536.082	-8.53	
536.281	-18.16	
536.481	-15.09	
536.681	-18.16	
536.881	-10.99	
537.081	-5.46	
537.281	1.71	
537.481	-11.81	
537.681	-14.68	
537.881	-20.41	
538.081	-12.42	
538.281	-12.42	
538.48	-17.34	
538.68	-7.1	
538.88	4.57	
539.08	12.15	
539.28	-1.98	
539.479	12.36	
539.679	6.62	
539.879	-9.35	
540.079	-18.36	
540.278	-4.85	
540.478	-17.95	
540.678	-22.87	
540.877	0.89	
541.077	-8.33	
541.277	-3.62	
541.476	22.39	
541.676	32.43	
541.876	27.31	
542.075	45.12	
542.275	36.73	
542.474	13.18	
542.674	13.58	
542.874	8.26	
543.073	-13.86	
543.273	-17.95	
543.472	-15.29	
543.672	-17.54	
543.871	-32.29	
544.071	-31.06	
544.27	-2.59	
544.47	-5.05	
544.669	5.8	
544.868	13.38	
545.068	36.32	
545.267	6.21	
545.467	33.86	
545.666	11.33	
545.865	23.01	
546.065	-9.76	
546.264	-8.53	
546.463	-32.29	
546.663	-9.15	
546.862	-23.48	
547.061	-11.4	
547.261	0.48	
547.46	14.2	
547.659	-10.58	
547.858	0.68	
548.058	13.38	
548.257	4.37	
548.456	-11.81	
548.655	0.27	
548.854	2.32	
549.053	-5.67	
549.253	0.27	
549.452	-8.94	
549.651	11.95	
549.85	36.32	
550.049	41.44	
550.248	41.03	
550.447	51.68	
550.646	41.64	
550.845	17.27	
551.044	9.9	
551.243	0.89	
551.442	6.62	
551.641	-8.74	
551.84	-4.03	
552.039	11.95	
552.238	21.37	
552.437	6.42	
552.636	10.92	
552.835	6.83	
553.034	13.99	
553.233	12.36	
553.432	37.14	
553.63	45.33	
553.829	43.49	
554.028	28.13	
554.227	26.9	
554.426	16.04	
554.625	18.91	
554.823	14.4	
555.022	21.98	
555.221	29.56	
555.42	36.11	
555.618	29.56	
555.817	30.99	
556.016	24.03	
556.214	16.86	
556.413	5.19	
556.612	12.36	
556.81	13.38	
557.009	28.33	
557.208	38.16	
557.406	38.77	
557.605	24.03	
557.803	14.61	
558.002	-18.77	
558.201	-28.6	
558.399	-29.83	
558.598	-34.54	
558.796	-34.54	
558.995	-8.94	
559.193	-2.59	
559.392	-3.21	
559.59	18.3	
559.789	25.26	
559.987	36.93	
560.185	51.68	
560.384	53.32	
560.582	38.37	
560.781	38.98	
560.979	37.96	
561.177	21.78	
561.376	22.19	
561.574	34.68	
561.772	6.83	
561.971	7.65	
562.169	2.73	
562.367	-6.69	
562.566	-9.56	
562.764	4.78	
562.962	-12.63	
563.16	-17.54	
563.358	4.16	
563.557	5.19	
563.755	21.78	
563.953	7.03	
564.151	8.67	
564.349	5.6	
564.547	3.55	
564.746	-7.3	
564.944	-2.8	
565.142	-0.96	
565.34	7.44	
565.538	-4.23	
565.736	5.19	
565.934	14.4	
566.132	28.13	
566.33	8.26	
566.528	27.72	
566.726	29.56	
566.924	36.93	
567.122	13.18	
567.32	20.75	
567.518	5.39	
567.716	-9.76	
567.914	-22.66	
568.112	-12.22	
568.31	-18.16	
568.507	-13.65	
568.705	-15.29	
568.903	-18.16	
569.101	-4.85	
569.299	10.1	
569.497	15.63	
569.694	26.9	
569.892	32.63	
570.09	29.35	
570.288	12.77	
570.486	17.48	
570.683	23.01	
570.881	22.6	
571.079	-2.39	
571.276	-3.82	
571.474	-14.88	
571.672	-32.29	
571.869	-31.68	
572.067	-14.27	
572.265	-2.8	
572.462	16.04	
572.66	30.17	
572.857	33.25	
573.055	49.42	
573.253	46.97	
573.45	21.37	
573.648	25.67	
573.845	27.31	
574.043	15.02	
574.24	3.55	
574.438	8.26	
574.635	1.71	
574.832	-8.94	
575.03	-14.27	
575.227	16.45	
575.425	11.74	
575.622	6.83	
575.82	6.83	
576.017	25.26	
576.214	6.42	
576.412	22.6	
576.609	12.36	
576.806	11.95	
577.004	0.68	
577.201	4.98	
577.398	-0.75	
577.595	40	
577.793	55.77	
577.99	49.01	
578.187	42.05	
578.384	39.39	
578.582	14.2	
578.779	8.67	
578.976	13.58	
579.173	28.94	
579.37	25.26	
579.567	30.58	
579.764	32.43	
579.962	30.17	
580.159	23.42	
580.356	40	
580.553	31.4	
580.75	31.4	
580.947	27.31	
581.144	35.7	
581.341	15.22	
581.538	29.35	
581.735	26.28	
581.932	44.92	
582.129	24.44	
582.326	30.58	
582.523	8.87	
582.72	-4.44	
582.916	-15.7	
583.113	-12.01	
583.31	-18.98	
583.507	-2.18	
583.704	27.1	
583.901	41.03	
584.098	42.87	
584.294	56.18	
584.491	42.26	
584.688	21.78	
584.885	1.91	
585.082	27.51	
585.278	35.5	
585.475	49.63	
585.672	40.41	
585.868	45.74	
586.065	18.09	
586.262	-10.79	
586.458	-14.47	
586.655	17.89	
586.852	4.98	
587.048	-1.16	
587.245	4.98	
587.442	10.51	
587.638	-10.99	
587.835	14.2	
588.031	27.92	
588.228	38.16	
588.424	31.81	
588.621	29.76	
588.817	-0.96	
589.014	7.03	
589.21	8.87	
589.407	6.62	
589.603	0.07	
589.8	26.28	
589.996	25.67	
590.192	25.26	
590.389	26.9	
590.585	29.56	
590.782	12.77	
590.978	3.96	
591.174	-2.39	
591.371	-2.8	
591.567	12.56	
591.763	20.55	
591.959	22.8	
592.156	16.25	
592.352	15.02	
592.548	23.42	
592.744	25.26	
592.941	24.03	
593.137	25.46	
593.333	33.25	
593.529	37.55	
593.725	46.56	
593.922	39.18	
594.118	50.65	
594.314	33.86	
594.51	13.58	
594.706	-3.41	
594.902	16.66	
595.098	12.77	
595.294	26.28	
595.49	18.09	
595.686	29.56	
595.882	1.5	
596.078	11.95	
596.274	20.75	
596.47	27.72	
596.666	18.91	
596.862	27.31	
597.058	25.87	
597.254	17.07	
597.45	5.39	
597.646	16.04	
597.842	17.27	
598.037	25.46	
598.233	34.06	
598.429	52.7	
598.625	29.56	
598.821	26.9	
599.017	-7.71	
599.212	-5.05	
599.408	12.97	
599.604	14.4	
599.8	14.61	
599.995	36.52	
600.191	28.94	
600.387	2.53	
600.582	17.89	
600.778	26.08	
600.974	14.61	
601.169	0.68	
601.365	5.8	
601.561	-18.77	
601.756	-39.05	
601.952	-34.75	
602.147	-34.75	
602.343	-31.88	
602.538	-15.7	
602.734	-4.64	
602.93	16.86	
603.125	33.25	
603.321	33.25	
603.516	36.32	
603.711	46.35	
603.907	21.98	
604.102	11.95	
604.298	24.23	
604.493	37.55	
604.689	35.09	
604.884	36.32	
605.079	36.73	
605.275	21.78	
605.47	-2.18	
605.665	-10.17	
605.861	13.79	
606.056	9.28	
606.251	-4.03	
606.447	9.28	
606.642	20.75	
606.837	-9.56	
607.032	10.31	
607.227	14.81	
607.423	14.2	
607.618	7.44	
607.813	11.74	
608.008	-13.65	
608.203	7.85	
608.398	14.4	
608.594	3.96	
608.789	3.75	
608.984	29.76	
609.179	23.21	
609.374	21.98	
609.569	26.08	
609.764	27.1	
609.959	12.56	
610.154	12.15	
610.349	6.62	
610.544	15.02	
610.739	17.89	
610.934	26.9	
611.129	29.15	
611.324	47.99	
611.519	51.88	
611.714	60.69	
611.909	47.99	
612.103	58.84	
612.298	40.21	
612.493	45.12	
612.688	44.71	
612.883	46.97	
613.078	27.51	
613.272	49.63	
613.467	38.16	
613.662	42.46	
613.857	60.28	
614.051	74.82	
614.246	44.51	
614.441	38.37	
614.635	25.87	
614.83	6.83	
615.025	-14.06	
615.219	-4.44	
615.414	-11.4	
615.609	4.57	
615.803	0.89	
615.998	23.82	
616.192	30.99	
616.387	45.33	
616.582	43.08	
616.776	43.28	
616.971	20.34	
617.165	0.48	
617.36	-18.16	
617.554	-24.1	
617.749	-6.69	
617.943	-3	
618.138	10.51	
618.332	26.9	
618.526	20.96	
618.721	-0.96	
618.915	12.56	
619.11	11.33	
619.304	-8.53	
619.498	-9.56	
619.693	4.16	
619.887	-2.59	
620.081	-2.8	
620.275	28.54	
620.47	31.81	
620.664	23.62	
620.858	18.5	
621.052	9.28	
621.247	2.94	
621.441	16.45	
621.635	17.89	
621.829	22.6	
622.023	24.03	
622.218	31.81	
622.412	13.58	
622.606	5.6	
622.8	-0.14	
622.994	-1.37	
623.188	-18.77	
623.382	-9.35	
623.576	12.15	
623.77	14.2	
623.964	27.31	
624.158	29.56	
624.352	10.72	
624.546	4.57	
624.74	15.02	
624.934	10.1	
625.128	26.69	
625.322	46.56	
625.516	47.99	
625.71	36.93	
625.904	32.22	
626.098	24.85	
626.291	20.34	
626.485	9.49	
626.679	5.39	
626.873	39.59	
627.067	31.2	
627.26	42.26	
627.454	59.66	
627.648	64.58	
627.842	28.94	
628.035	33.45	
628.229	15.22	
628.423	-7.71	
628.617	-9.56	
628.81	-3	
629.004	-8.94	
629.198	-9.97	
629.391	-1.77	
629.585	11.13	
629.778	13.18	
629.972	19.73	
630.166	20.14	
630.359	14.4	
630.553	-3.41	
630.746	8.26	
630.94	21.98	
631.133	22.8	
631.327	21.37	
631.52	36.52	
631.714	19.73	
631.907	5.8	
632.1	17.68	
632.294	46.97	
632.487	45.12	
632.681	44.3	
632.874	40.21	
633.067	34.68	
633.261	4.57	
633.454	-8.94	
633.647	-4.03	
633.841	-2.8	
634.034	-0.14	
634.227	11.95	
634.421	28.94	
634.614	35.7	
634.807	34.68	
635	26.08	
635.193	26.28	
635.387	19.52	
635.58	8.26	
635.773	7.85	
635.966	17.07	
636.159	22.6	
636.352	9.9	
636.545	10.92	
636.739	2.53	
636.932	-10.38	
637.125	-31.06	
637.318	-21.44	
637.511	-9.35	
637.704	-1.16	
637.897	12.36	
638.09	27.92	
638.283	30.79	
638.476	25.46	
638.669	15.84	
638.862	11.13	
639.055	2.32	
639.247	0.68	
639.44	-6.28	
639.633	15.02	
639.826	3.75	
640.019	11.33	
640.212	15.43	
640.405	27.72	
640.597	12.36	
640.79	14.81	
640.983	10.31	
641.176	1.09	
641.368	-4.64	
641.561	2.94	
641.754	13.38	
641.947	18.3	
642.139	32.63	
642.332	22.39	
642.525	20.14	
642.717	26.08	
642.91	16.66	
643.103	-0.75	
643.295	-2.39	
643.488	-11.81	
643.68	-28.4	
643.873	-18.36	
644.065	-17.54	
644.258	-6.08	
644.45	2.12	
644.643	7.24	
644.835	8.87	
645.028	5.8	
645.22	2.32	
645.413	9.69	
645.605	0.27	
645.798	-1.16	
645.99	25.67	
646.182	15.84	
646.375	8.87	
646.567	19.52	
646.76	11.54	
646.952	-10.17	
647.144	-4.64	
647.337	3.35	
647.529	8.06	
647.721	17.07	
647.913	21.98	
648.106	18.09	
648.298	-4.85	
648.49	-11.2	
648.682	-33.11	
648.874	-31.68	
649.067	-30.65	
649.259	-27.17	
649.451	-23.89	
649.643	-23.69	
649.835	-14.88	
650.027	-2.8	
650.219	7.44	
650.411	-4.03	
650.603	11.13	
650.796	4.78	
650.988	-11.2	
651.18	3.96	
651.372	23.62	
651.564	22.8	
651.756	6.62	
651.948	25.67	
652.139	10.72	
652.331	12.97	
652.523	14.2	
652.715	22.39	
652.907	12.97	
653.099	25.46	
653.291	16.04	
653.483	13.79	
653.674	19.73	
653.866	14.81	
654.058	7.44	
654.25	9.28	
654.442	6.83	
654.633	-11.4	
654.825	-22.05	
655.017	-21.64	
655.209	-31.68	
655.4	-29.01	
655.592	-34.95	
655.784	-6.89	
655.975	-16.93	
656.167	-7.1	
656.359	0.89	
656.55	17.48	
656.742	-2.8	
656.933	19.93	
657.125	3.96	
657.316	-12.01	
657.508	-7.3	
657.7	11.95	
657.891	-19.18	
658.083	0.48	
658.274	12.36	
658.466	16.66	
658.657	19.93	
658.848	22.19	
659.04	24.85	
659.231	18.09	
659.423	18.7	
659.614	3.75	
659.805	24.85	
659.997	30.38	
660.188	44.51	
660.379	27.72	
660.571	34.88	
660.762	23.62	
660.953	5.19	
661.145	-8.53	
661.336	-16.52	
661.527	56.18	
661.718	74.61	
661.909	65.81	
662.101	69.9	
662.292	91.61	
662.483	3.14	
662.674	-23.89	
662.865	-15.7	
663.056	-6.08	
663.247	-14.88	
663.439	-1.37	
663.63	10.92	
663.821	0.27	
664.012	-0.34	
664.203	9.69	
664.394	2.32	
664.585	1.3	
664.776	6.01	
664.967	5.19	
665.158	-4.85	
665.349	13.79	
665.54	9.9	
665.73	21.98	
665.921	4.16	
666.112	8.67	
666.303	-3.62	
666.494	23.62	
666.685	20.55	
666.876	29.56	
667.066	32.63	
667.257	26.28	
667.448	-2.8	
667.639	-7.1	
667.83	2.73	
668.02	7.24	
668.211	9.49	
668.402	28.74	
668.592	14.81	
668.783	-4.44	
668.974	-6.08	
669.164	4.57	
669.355	-6.28	
669.546	15.22	
669.736	24.03	
669.927	17.68	
670.117	-0.75	
670.308	0.48	
670.499	-11.4	
670.689	-16.93	
670.88	-29.01	
671.07	-13.45	
671.261	-25.12	
671.451	-18.57	
671.641	-29.42	
671.832	-19.39	
672.022	-31.88	
672.213	-28.81	
672.403	-19.39	
672.594	11.13	
672.784	12.97	
672.974	24.44	
673.165	10.51	
673.355	10.31	
673.545	13.38	
673.736	26.9	
673.926	6.21	
674.116	28.74	
674.306	6.83	
674.497	-14.06	
674.687	-19.59	
674.877	-12.42	
675.067	-20.62	
675.257	1.5	
675.448	14.4	
675.638	23.21	
675.828	27.1	
676.018	36.73	
676.208	25.46	
676.398	29.35	
676.588	8.26	
676.778	0.68	
676.968	2.53	
677.158	17.27	
677.348	-14.47	
677.538	-14.47	
677.728	-5.46	
677.918	-14.47	
678.108	-19.39	
678.298	7.65	
678.488	-4.03	
678.678	4.98	
678.868	14.2	
679.058	-4.23	
679.248	-21.23	
679.438	-22.87	
679.627	-24.1	
679.817	-36.59	
680.007	-29.01	
680.197	-21.03	
680.387	-2.59	
680.576	-0.55	
680.766	4.37	
680.956	14.4	
681.146	32.63	
681.335	29.56	
681.525	15.43	
681.715	16.04	
681.904	9.69	
682.094	0.89	
682.284	-0.14	
682.473	19.52	
682.663	27.1	
682.852	24.85	
683.042	21.16	
683.231	16.66	
683.421	0.68	
683.61	-7.71	
683.8	1.09	
683.989	-4.85	
684.179	0.27	
684.368	2.32	
684.558	4.78	
684.747	-6.49	
684.937	-0.75	
685.126	3.96	
685.316	-4.85	
685.505	-16.52	
685.694	2.32	
685.884	16.86	
686.073	3.96	
686.262	19.32	
686.452	36.73	
686.641	13.79	
686.83	-0.55	
687.019	-4.03	
687.209	-5.87	
687.398	-5.87	
687.587	-2.18	
687.776	-11.4	
687.965	-6.49	
688.155	-22.66	
688.344	-49.29	
688.533	-46.42	
688.722	-48.06	
688.911	-23.28	
689.1	-7.3	
689.289	23.01	
689.478	32.22	
689.667	45.94	
689.856	19.52	
690.045	8.46	
690.234	-12.22	
690.423	2.53	
690.612	-11.61	
690.801	4.16	
690.99	7.65	
691.179	4.57	
691.368	1.3	
691.557	21.16	
691.746	5.8	
691.935	15.22	
692.124	30.99	
692.312	21.16	
692.501	8.87	
692.69	28.94	
692.879	15.63	
693.068	7.44	
693.256	-1.77	
693.445	11.74	
693.634	-2.8	
693.823	-4.23	
694.011	-4.03	
694.2	12.56	
694.389	-11.81	
694.577	-16.11	
694.766	-11.2	
694.955	-20.41	
695.143	-35.98	
695.332	-13.04	
695.52	-10.58	
695.709	3.35	
695.897	7.85	
696.086	-2.8	
696.275	-17.75	
696.463	-5.05	
696.652	-14.47	
696.84	1.3	
697.028	12.36	
697.217	12.15	
697.405	17.07	
697.594	23.82	
697.782	14.4	
697.971	16.66	
698.159	7.03	
698.347	2.32	
698.536	-6.28	
698.724	-4.44	
698.912	-15.29	
699.1	1.09	
699.289	9.9	
699.477	10.1	
699.665	13.18	
699.854	14.81	
700.042	3.35	
700.23	-10.17	
700.418	-29.01	
700.606	-37.41	
700.794	-32.29	
700.983	-21.03	
701.171	-24.3	
701.359	-20.62	
701.547	-8.12	
701.735	1.09	
701.923	-9.15	
702.111	-16.32	
702.299	-5.67	
702.487	-7.1	
702.675	-26.56	
702.863	-24.3	
703.051	-31.27	
703.239	-31.06	
703.427	-43.35	
703.615	-34.75	
703.803	-41.1	
703.991	-16.73	
704.179	-1.16	
704.367	10.31	
704.554	13.58	
704.742	19.11	
704.93	20.55	
705.118	21.78	
705.306	6.42	
705.493	2.73	
705.681	-6.89	
705.869	3.14	
706.057	-22.05	
706.244	1.3	
706.432	3.35	
706.62	30.79	
706.807	1.71	
706.995	26.9	
707.183	2.73	
707.37	16.25	
707.558	5.19	
707.746	34.68	
707.933	31.81	
708.121	61.3	
708.308	55.77	
708.496	52.7	
708.683	31.2	
708.871	36.11	
709.058	10.92	
709.246	10.51	
709.433	8.06	
709.621	20.96	
709.808	3.96	
709.995	18.7	
710.183	18.91	
710.37	24.85	
710.558	11.33	
710.745	11.74	
710.932	10.72	
711.12	-4.03	
711.307	-3.21	
711.494	-2.59	
711.681	7.24	
711.869	2.32	
712.056	29.15	
712.243	26.49	
712.43	15.02	
712.618	15.22	
712.805	1.3	
712.992	-17.13	
713.179	-20	
713.366	-6.08	
713.553	7.24	
713.74	9.08	
713.928	-4.23	
714.115	0.07	
714.302	-14.88	
714.489	-30.45	
714.676	-31.06	
714.863	-9.15	
715.05	-7.51	
715.237	-5.26	
715.424	-12.42	
715.611	12.15	
715.798	0.07	
715.984	8.46	
716.171	20.14	
716.358	23.62	
716.545	12.56	
716.732	19.93	
716.919	-0.75	
717.106	-13.65	
717.293	-25.53	
717.479	-17.75	
717.666	-38.64	
717.853	-33.93	
718.04	-17.34	
718.226	13.58	
718.413	-8.74	
718.6	12.97	
718.786	14.4	
718.973	12.97	
719.16	-12.01	
719.346	8.26	
719.533	7.44	
719.72	27.92	
719.906	14.81	
720.093	27.51	
720.279	1.91	
720.466	-0.55	
720.652	-11.81	
720.839	8.06	
721.025	11.74	
721.212	40	
721.398	33.45	
721.585	31.2	
721.771	21.57	
721.958	9.28	
722.144	-2.8	
722.331	-11.61	
722.517	-21.03	
722.703	-21.44	
722.89	-29.42	
723.076	-24.3	
723.262	-3.41	
723.449	-8.74	
723.635	-10.99	
723.821	-1.16	
724.007	-11.81	
724.194	-29.01	
724.38	-29.01	
724.566	-34.13	
724.752	-33.52	
724.938	-23.07	
725.125	0.68	
725.311	14.61	
725.497	15.43	
725.683	29.35	
725.869	16.66	
726.055	10.31	
726.241	11.95	
726.427	18.7	
726.613	-4.85	
726.799	21.37	
726.985	-9.97	
727.171	1.91	
727.357	18.7	
727.543	35.5	
727.729	9.49	
727.915	40	
728.101	26.69	
728.287	12.36	
728.473	4.16	
728.659	9.69	
728.845	0.27	
729.03	-15.09	
729.216	-20.41	
729.402	-27.17	
729.588	-17.13	
729.774	-6.89	
729.959	3.35	
730.145	14.2	
730.331	23.82	
730.517	2.73	
730.702	-9.56	
730.888	6.21	
731.074	-9.15	
731.259	-10.58	
731.445	14.61	
731.63	16.66	
731.816	-10.38	
732.002	9.69	
732.187	11.13	
732.373	-6.89	
732.558	0.48	
732.744	24.03	
732.929	21.98	
733.115	8.67	
733.3	1.09	
733.486	-5.87	
733.671	-25.33	
733.857	-35.16	
734.042	-23.07	
734.227	-24.3	
734.413	-18.36	
734.598	-13.65	
734.784	-19.18	
734.969	-15.5	
735.154	9.08	
735.339	8.46	
735.525	17.68	
735.71	34.27	
735.895	12.56	
736.081	1.09	
736.266	-2.39	
736.451	-11.4	
736.636	-11.4	
736.821	-3.62	
737.007	-6.69	
737.192	-5.05	
737.377	-9.35	
737.562	-36.18	
737.747	-29.42	
737.932	-21.23	
738.117	-25.33	
738.302	-10.38	
738.487	11.74	
738.672	14.2	
738.857	9.69	
739.042	15.84	
739.227	24.64	
739.412	21.37	
739.597	16.66	
739.782	18.5	
739.967	4.78	
740.152	4.16	
740.337	7.44	
740.522	10.92	
740.706	15.22	
740.891	41.03	
741.076	36.93	
741.261	34.06	
741.446	28.33	
741.63	26.08	
741.815	12.56	
742	-5.05	
742.185	-5.46	
742.369	13.99	
742.554	2.12	
742.739	-1.16	
742.923	5.6	
743.108	9.08	
743.293	2.53	
743.477	9.28	
743.662	8.26	
743.846	20.14	
744.031	11.13	
744.216	5.8	
744.4	2.12	
744.585	9.08	
744.769	2.73	
744.954	6.21	
745.138	-10.17	
745.322	-8.74	
745.507	-28.6	
745.691	-29.01	
745.876	-33.72	
746.06	-9.56	
746.244	-1.37	
746.429	15.84	
746.613	6.62	
746.798	8.87	
746.982	-9.97	
747.166	-16.32	
747.35	-22.46	
747.535	-17.54	
747.719	-15.29	
747.903	-2.8	
748.087	-8.94	
748.272	-15.09	
748.456	-6.08	
748.64	-12.22	
748.824	-16.32	
749.008	-2.59	
749.192	6.21	
749.376	-1.16	
749.56	-2.59	
749.745	-13.86	
749.929	-13.65	
750.113	-2.39	
750.297	-16.52	
750.481	-3.62	
750.665	9.69	
750.849	10.31	
751.033	-0.55	
751.217	6.21	
751.4	10.31	
751.584	3.75	
751.768	1.91	
751.952	0.68	
752.136	-4.23	
752.32	-25.94	
752.504	-22.05	
752.688	-17.75	
752.871	-19.8	
753.055	-12.22	
753.239	7.24	
753.423	22.6	
753.606	20.55	
753.79	39.59	
753.974	45.74	
754.157	34.68	
754.341	11.95	
754.525	-8.33	
754.708	-28.81	
754.892	-20.82	
755.076	-5.67	
755.259	2.53	
755.443	16.66	
755.626	26.69	
755.81	14.2	
755.993	1.3	
756.177	2.32	
756.36	12.36	
756.544	12.15	
756.727	12.97	
756.911	18.3	
757.094	20.96	
757.278	17.68	
757.461	8.87	
757.644	-1.57	
757.828	-9.97	
758.011	-18.16	
758.195	-29.01	
758.378	-26.96	
758.561	-32.9	
758.744	-31.68	
758.928	-10.99	
759.111	-15.5	
759.294	-0.96	
759.477	18.5	
759.661	34.06	
759.844	31.4	
760.027	44.71	
760.21	36.11	
760.393	30.58	
760.576	11.54	
760.76	1.3	
760.943	-13.04	
761.126	-8.74	
761.309	10.72	
761.492	25.67	
761.675	15.84	
761.858	16.86	
762.041	0.68	
762.224	-22.46	
762.407	-41.51	
762.59	-34.95	
762.773	-31.88	
762.956	-22.46	
763.139	-16.93	
763.321	2.12	
763.504	-14.68	
763.687	-1.37	
763.87	-8.94	
764.053	-7.92	
764.236	-4.85	
764.418	11.33	
764.601	-4.85	
764.784	3.35	
764.967	5.8	
765.149	-5.67	
765.332	-4.44	
765.515	-1.77	
765.697	-5.46	
765.88	-11.61	
766.063	-10.38	
766.245	-11.4	
766.428	-11.81	
766.611	-11.2	
766.793	-7.92	
766.976	4.37	
767.158	4.78	
767.341	18.09	
767.523	11.74	
767.706	11.33	
767.888	4.98	
768.071	28.13	
768.253	11.54	
768.436	30.17	
768.618	47.38	
768.8	62.74	
768.983	38.77	
769.165	41.44	
769.348	30.99	
769.53	7.44	
769.712	-20.62	
769.895	-19.8	
770.077	-7.92	
770.259	-14.06	
770.441	-9.97	
770.624	9.08	
770.806	5.6	
770.988	4.16	
771.17	0.89	
771.352	23.01	
771.535	20.55	
771.717	28.54	
771.899	15.63	
772.081	42.05	
772.263	13.79	
772.445	12.56	
772.627	-0.14	
772.809	2.53	
772.991	-18.98	
773.173	6.01	
773.355	4.16	
773.537	17.48	
773.719	27.1	
773.901	55.36	
774.083	26.28	
774.265	12.97	
774.447	9.08	
774.629	15.63	
774.811	16.45	
774.992	38.37	
775.174	32.22	
775.356	37.55	
775.538	11.95	
775.72	-17.13	
775.901	-31.27	
776.083	-18.77	
776.265	-25.74	
776.447	-7.3	
776.628	-3.21	
776.81	3.55	
776.992	14.61	
777.173	9.28	
777.355	4.57	
777.537	11.13	
777.718	2.12	
777.9	-3.21	
778.081	11.54	
778.263	19.73	
778.444	9.9	
778.626	7.44	
778.807	-5.67	
778.989	-18.36	
779.17	-25.53	
779.352	-41.1	
779.533	-43.35	
779.715	-30.24	
779.896	-48.88	
780.078	-29.42	
780.259	-6.89	
780.44	5.19	
780.622	-5.87	
780.803	34.06	
780.984	17.48	
781.166	6.42	
781.347	-2.18	
781.528	8.26	
781.709	-15.5	
781.891	-20.41	
782.072	-4.23	
782.253	5.6	
782.434	-5.26	
782.615	-1.98	
782.796	6.42	
782.978	16.66	
783.159	28.33	
783.34	47.79	
783.521	59.66	
783.702	53.52	
783.883	32.02	
784.064	34.47	
784.245	8.87	
784.426	10.92	
784.607	2.73	
784.788	12.36	
784.969	-16.93	
785.15	8.46	
785.331	-5.67	
785.512	11.33	
785.692	4.57	
785.873	20.96	
786.054	3.35	
786.235	7.03	
786.416	9.28	
786.597	15.02	
786.777	18.5	
786.958	16.25	
787.139	27.31	
787.32	25.05	
787.5	27.31	
787.681	15.84	
787.862	33.25	
788.042	21.37	
788.223	12.97	
788.404	-4.03	
788.584	10.72	
788.765	14.61	
788.946	15.43	
789.126	17.07	
789.307	28.74	
789.487	49.63	
789.668	29.97	
789.848	30.38	
790.029	22.39	
790.209	28.54	
790.39	-8.74	
790.57	-3.21	
790.75	10.72	
790.931	13.79	
791.111	-10.58	
791.292	2.94	
791.472	-3.21	
791.652	-23.28	
791.833	-28.4	
792.013	-18.98	
792.193	-31.68	
792.373	-17.75	
792.554	-24.1	
792.734	-11.81	
792.914	-8.12	
793.094	1.91	
793.275	-1.16	
793.455	13.58	
793.635	18.3	
793.815	14.4	
793.995	2.73	
794.175	3.14	
794.355	4.78	
794.535	6.01	
794.715	5.8	
794.896	10.51	
795.076	-9.35	
795.256	2.94	
795.436	-17.95	
795.616	-5.46	
795.795	-8.53	
795.975	5.19	
796.155	-3.82	
796.335	13.38	
796.515	28.94	
796.695	46.15	
796.875	59.46	
797.055	59.66	
797.234	63.35	
797.414	45.12	
797.594	21.16	
797.774	4.98	
797.954	-15.5	
798.133	-12.22	
798.313	-15.91	
798.493	10.51	
798.672	-2.39	
798.852	20.96	
799.032	0.48	
799.211	-4.23	
799.391	-26.35	
799.571	-12.42	
799.75	-33.52	
799.93	-15.29	
800.109	-5.46	
800.289	16.66	
800.468	18.3	
800.648	31.2	
800.827	20.75	
801.007	13.99	
801.186	-2.18	
801.366	-3.82	
801.545	-0.75	
801.725	11.95	
801.904	6.62	
802.083	11.13	
802.263	17.27	
802.442	21.37	
802.621	0.89	
802.801	18.91	
802.98	29.35	
803.159	7.24	
803.338	-4.23	
803.518	11.54	
803.697	-14.88	
803.876	-15.29	
804.055	12.77	
804.235	22.8	
804.414	11.33	
804.593	30.17	
804.772	21.98	
804.951	22.8	
805.13	2.73	
805.309	18.3	
805.488	7.85	
805.667	2.12	
805.846	-8.33	
806.025	9.28	
806.204	18.5	
806.383	16.66	
806.562	14.2	
806.741	28.94	
806.92	34.68	
807.099	10.31	
807.278	6.83	
807.457	6.83	
807.636	-8.12	
807.814	-17.95	
807.993	-11.2	
808.172	-3.41	
808.351	0.89	
808.53	8.87	
808.708	7.24	
808.887	11.13	
809.066	23.62	
809.244	32.43	
809.423	23.01	
809.602	19.11	
809.78	21.37	
809.959	13.79	
810.138	12.97	
810.316	16.04	
810.495	23.01	
810.673	15.63	
810.852	6.62	
811.03	3.35	
811.209	15.22	
811.388	18.91	
811.566	20.14	
811.744	38.77	
811.923	37.34	
812.101	25.26	
812.28	34.68	
812.458	49.83	
812.637	38.37	
812.815	42.26	
812.993	46.56	
813.172	34.88	
813.35	19.11	
813.528	25.46	
813.706	17.27	
813.885	2.73	
814.063	-3.41	
814.241	4.98	
814.419	6.62	
814.598	17.89	
814.776	18.91	
814.954	16.04	
815.132	13.38	
815.31	7.44	
815.488	-8.12	
815.666	2.32	
815.844	-8.33	
816.022	-13.24	
816.201	-16.93	
816.379	0.07	
816.557	0.27	
816.735	31.2	
816.913	15.22	
817.09	18.09	
817.268	-0.55	
817.446	-1.98	
817.624	-20	
817.802	8.46	
817.98	1.5	
818.158	13.58	
818.336	-8.12	
818.514	3.35	
818.691	-20.62	
818.869	7.24	
819.047	6.21	
819.225	25.67	
819.402	9.08	
819.58	28.13	
819.758	2.53	
819.935	-5.26	
820.113	-12.83	
820.291	-7.1	
820.468	-20	
820.646	-9.97	
820.824	-4.44	
821.001	37.75	
821.179	47.38	
821.356	50.45	
821.534	30.38	
821.711	39.59	
821.889	14.81	
822.066	16.66	
822.244	20.34	
822.421	37.14	
822.599	36.73	
822.776	20.96	
822.953	-4.23	
823.131	-4.44	
823.308	-13.24	
823.486	-14.47	
823.663	-7.71	
823.84	10.31	
824.017	0.07	
824.195	7.24	
824.372	-1.57	
824.549	-14.06	
824.726	-19.8	
824.904	-27.99	
825.081	-28.6	
825.258	-31.06	
825.435	-29.63	
825.612	-12.63	
825.789	3.96	
825.967	12.97	
826.144	34.88	
826.321	57.41	
826.498	52.5	
826.675	54.13	
826.852	36.32	
827.029	23.82	
827.206	19.32	
827.383	-1.57	
827.56	5.6	
827.737	19.32	
827.914	24.03	
828.09	36.52	
828.267	46.76	
828.444	39.8	
828.621	25.46	
828.798	30.79	
828.975	0.48	
829.151	2.12	
829.328	-11.81	
829.505	11.95	
829.682	-1.16	
829.858	3.75	
830.035	14.4	
830.212	26.28	
830.389	18.09	
830.565	17.68	
830.742	30.99	
830.918	26.69	
831.095	34.27	
831.272	34.27	
831.448	30.58	
831.625	40	
831.801	26.08	
831.978	15.22	
832.154	5.19	
832.331	7.44	
832.507	-10.38	
832.684	20.96	
832.86	38.77	
833.037	63.76	
833.213	56.59	
833.389	62.74	
833.566	15.22	
833.742	-15.5	
833.918	-38.84	
834.095	-44.37	
834.271	-60.96	
834.447	-35.57	
834.624	-18.36	
834.8	-16.52	
834.976	-2.39	
835.152	10.92	
835.328	11.33	
835.505	6.62	
835.681	6.42	
835.857	-9.35	
836.033	-13.04	
836.209	19.32	
836.385	27.1	
836.561	36.93	
836.737	49.83	
836.913	41.23	
837.089	10.72	
837.265	17.07	
837.441	17.07	
837.617	16.45	
837.793	13.38	
837.969	10.1	
838.145	1.71	
838.321	-4.64	
838.497	-6.28	
838.673	21.78	
838.849	19.32	
839.025	24.85	
839.2	28.33	
839.376	36.32	
839.552	11.13	
839.728	25.67	
839.903	16.04	
840.079	16.25	
840.255	3.14	
840.431	30.17	
840.606	7.03	
840.782	26.9	
840.958	4.98	
841.133	11.95	
841.309	-7.71	
841.484	4.57	
841.66	-17.75	
841.835	-0.14	
842.011	1.5	
842.186	11.95	
842.362	-5.05	
842.537	7.24	
842.713	-4.44	
842.888	-7.92	
843.064	-15.91	
843.239	-9.97	
843.415	-21.84	
843.59	-8.33	
843.765	-9.97	
843.941	-6.89	
844.116	5.19	
844.291	-3.21	
844.467	-6.49	
844.642	5.8	
844.817	17.27	
844.992	9.49	
845.168	16.45	
845.343	35.29	
845.518	43.08	
845.693	37.96	
845.868	43.89	
846.043	35.09	
846.219	19.93	
846.394	3.14	
846.569	-6.28	
846.744	-3.41	
846.919	2.12	
847.094	17.48	
847.269	19.93	
847.444	13.58	
847.619	5.19	
847.794	38.98	
847.969	28.74	
848.144	43.28	
848.319	69.9	
848.494	70.31	
848.668	57.82	
848.843	61.71	
849.018	38.77	
849.193	19.93	
849.368	25.46	
849.542	29.56	
849.717	32.02	
849.892	36.52	
850.067	35.7	
850.241	51.47	
850.416	34.68	
850.591	32.63	
850.765	36.73	
850.94	49.83	
851.115	31.2	
851.289	25.26	
851.464	7.44	
851.639	-4.23	
851.813	-20.41	
851.988	4.16	
852.162	1.3	
852.337	10.31	
852.511	26.28	
852.686	41.64	
852.86	25.26	
853.035	33.65	
853.209	26.08	
853.383	35.09	
853.558	3.35	
853.732	3.96	
853.906	-11.4	
854.081	-1.98	
854.255	-17.95	
854.429	-4.85	
854.604	-13.24	
854.778	8.46	
854.952	1.3	
855.126	3.75	
855.301	17.27	
855.475	14.81	
855.649	12.15	
855.823	17.68	
855.997	27.92	
856.171	24.64	
856.345	20.14	
856.52	17.68	
856.694	27.51	
856.868	34.68	
857.042	26.49	
857.216	51.88	
857.39	48.61	
857.564	39.8	
857.738	22.8	
857.912	23.82	
858.085	12.97	
858.259	15.22	
858.433	6.83	
858.607	-6.89	
858.781	-1.57	
858.955	1.3	
859.129	-10.38	
859.302	-0.55	
859.476	-4.23	
859.65	10.51	
859.824	-12.01	
859.997	5.8	
860.171	-0.75	
860.345	7.65	
860.519	-10.58	
860.692	1.5	
860.866	-6.28	
861.039	5.6	
861.213	17.48	
861.387	18.09	
861.56	8.26	
861.734	21.98	
861.907	4.98	
862.081	-11.4	
862.254	1.71	
862.428	23.21	
862.601	13.99	
862.775	30.17	
862.948	65.4	
863.122	65.81	
863.295	65.19	
863.468	61.51	
863.642	42.05	
863.815	24.03	
863.988	12.97	
864.162	15.22	
864.335	10.51	
864.508	41.03	
864.682	45.53	
864.855	43.49	
865.028	33.65	
865.201	38.77	
865.374	23.21	
865.548	23.21	
865.721	23.21	
865.894	39.8	
866.067	42.87	
866.24	42.26	
866.413	42.46	
866.586	57.21	
866.759	27.31	
866.932	41.44	
867.105	38.57	
867.278	19.52	
867.451	1.91	
867.624	22.6	
867.797	3.35	
867.97	-7.71	
868.143	4.78	
868.316	24.64	
868.489	7.85	
868.661	8.46	
868.834	33.45	
869.007	32.63	
869.18	12.36	
869.353	28.94	
869.525	47.38	
869.698	31.61	
869.871	27.31	
870.044	34.06	
870.216	20.96	
870.389	5.39	
870.562	12.15	
870.734	24.23	
870.907	18.7	
871.079	29.15	
871.252	25.87	
871.425	30.99	
871.597	16.86	
871.77	45.74	
871.942	38.77	
872.115	36.32	
872.287	36.93	
872.459	50.04	
872.632	43.08	
872.804	57.21	
872.977	51.06	
873.149	40.62	
873.321	33.25	
873.494	19.52	
873.666	12.36	
873.838	13.99	
874.011	18.3	
874.183	22.8	
874.355	13.79	
874.528	6.01	
874.7	9.9	
874.872	17.89	
875.044	25.05	
875.216	42.05	
875.388	66.22	
875.561	64.37	
875.733	39.18	
875.905	30.58	
876.077	-4.85	
876.249	-6.69	
876.421	0.89	
876.593	1.91	
876.765	12.77	
876.937	51.06	
877.109	23.62	
877.281	23.82	
877.453	24.23	
877.625	10.1	
877.797	-11.4	
877.968	-13.86	
878.14	-25.74	
878.312	0.68	
878.484	2.32	
878.656	10.92	
878.828	17.68	
878.999	38.57	
879.171	10.51	
879.343	2.53	
879.515	-8.33	
879.686	-0.34	
879.858	-16.73	
880.03	1.71	
880.201	11.13	
880.373	21.16	
880.545	23.42	
880.716	36.11	
880.888	51.68	
881.059	52.29	
881.231	50.65	
881.402	52.29	
881.574	51.68	
881.745	38.98	
881.917	43.69	
882.088	56.59	
882.26	43.08	
882.431	53.11	
882.602	31.81	
882.774	28.54	
882.945	3.35	
883.116	7.44	
883.288	-26.35	
883.459	-10.58	
883.63	-15.29	
883.802	-2.8	
883.973	1.09	
884.144	31.81	
884.315	24.64	
884.487	36.73	
884.658	42.87	
884.829	40.62	
885	29.15	
885.171	43.28	
885.342	18.7	
885.513	1.71	
885.684	2.94	
885.855	3.75	
886.026	-9.35	
886.197	-0.34	
886.368	3.55	
886.539	13.79	
886.71	6.42	
886.881	11.33	
887.052	15.84	
887.223	27.31	
887.394	4.57	
887.565	24.23	
887.736	17.27	
887.907	24.23	
888.077	1.09	
888.248	13.58	
888.419	0.07	
888.59	0.48	
888.761	11.74	
888.931	33.04	
889.102	37.14	
889.273	28.13	
889.443	28.74	
889.614	3.75	
889.785	11.13	
889.955	2.12	
890.126	11.33	
890.296	37.14	
890.467	38.98	
890.637	57.82	
890.808	60.07	
890.978	68.47	
891.149	52.29	
891.319	81.37	
891.49	54.34	
891.66	59.05	
891.831	35.09	
892.001	29.97	
892.172	-7.92	
892.342	1.5	
892.512	-10.58	
892.683	8.26	
892.853	4.37	
893.023	26.28	
893.193	17.89	
893.364	28.13	
893.534	46.76	
893.704	66.01	
893.874	62.94	
894.044	60.69	
894.215	47.79	
894.385	35.5	
894.555	14.81	
894.725	24.85	
894.895	11.33	
895.065	22.19	
895.235	16.04	
895.405	36.52	
895.575	12.36	
895.745	28.33	
895.915	34.82	
