177.618	-204.03	
177.836	-196.35	
178.054	-189.08	
178.271	-139.93	
178.489	-86.27	
178.706	-39.78	
178.924	-11.72	
179.142	27.19	
179.359	23.91	
179.577	5.48	
179.794	-9.88	
180.012	-11.11	
180.229	-29.34	
180.447	-30.57	
180.664	-26.67	
180.882	-33.84	
181.1	-18.28	
181.317	-16.43	
181.535	-17.46	
181.752	-22.78	
181.969	1.38	
182.187	-2.3	
182.404	15.92	
182.622	13.47	
182.839	32.31	
183.057	29.64	
183.274	31.08	
183.492	28.21	
183.709	40.09	
183.926	13.26	
184.144	7.32	
184.361	11.01	
184.579	2.82	
184.796	-21.15	
185.013	2.2	
185.231	-1.48	
185.448	6.5	
185.666	11.21	
185.883	12.03	
186.1	5.48	
186.317	6.71	
186.535	-12.54	
186.752	-2.1	
186.969	14.9	
187.187	31.9	
187.404	16.33	
187.621	28.83	
187.839	20.22	
188.056	15.1	
188.273	-5.58	
188.49	30.67	
188.708	29.64	
188.925	32.72	
189.142	30.67	
189.359	35.99	
189.576	12.03	
189.794	10.39	
190.011	17.77	
190.228	22.07	
190.445	10.39	
190.662	28.01	
190.879	21.45	
191.097	1.79	
191.314	-0.05	
191.531	3.84	
191.748	-18.07	
191.965	-10.91	
192.182	-5.17	
192.399	0.56	
192.616	20.02	
192.834	33.54	
193.051	32.92	
193.268	28.83	
193.485	12.44	
193.702	-2.51	
193.919	-12.95	
194.136	-13.77	
194.353	-13.57	
194.57	3.43	
194.787	0.97	
195.004	24.93	
195.221	16.33	
195.438	30.67	
195.655	16.33	
195.872	31.9	
196.089	4.45	
196.306	9.98	
196.523	3.43	
196.74	19.61	
196.957	-10.5	
197.173	11.21	
197.39	3.02	
197.607	4.66	
197.824	2	
198.041	9.16	
198.258	5.27	
198.475	17.56	
198.692	8.55	
198.909	-7.01	
199.125	-6.81	
199.342	-7.42	
199.559	-7.83	
199.776	-1.48	
199.993	14.28	
200.21	32.92	
200.426	33.95	
200.643	29.85	
200.86	30.46	
201.077	27.39	
201.293	9.16	
201.51	-5.17	
201.727	-22.17	
201.944	-29.95	
202.16	-21.76	
202.377	-16.03	
202.594	-20.53	
202.811	-5.38	
203.027	-0.67	
203.244	-16.03	
203.461	-11.52	
203.677	13.26	
203.894	24.73	
204.111	31.08	
204.327	43.98	
204.544	51.56	
204.761	43.16	
204.977	33.33	
205.194	14.49	
205.41	13.47	
205.627	-6.81	
205.844	-14.8	
206.06	-24.42	
206.277	-12.75	
206.493	-9.47	
206.71	4.45	
206.926	6.5	
207.143	20.43	
207.36	14.28	
207.576	24.52	
207.793	26.16	
208.009	31.69	
208.226	24.52	
208.442	32.92	
208.659	9.16	
208.875	9.78	
209.092	2.2	
209.308	5.27	
209.524	-9.88	
209.741	9.37	
209.957	21.04	
210.174	29.44	
210.39	26.57	
210.607	27.39	
210.823	5.68	
211.039	-19.51	
211.256	-12.34	
211.472	-16.84	
211.688	-1.08	
211.905	12.65	
212.121	12.44	
212.338	-14.8	
212.554	3.02	
212.77	5.07	
212.987	-1.69	
213.203	14.08	
213.419	31.69	
213.635	7.94	
213.852	-13.57	
214.068	-12.54	
214.284	-26.27	
214.501	-18.69	
214.717	-8.24	
214.933	9.57	
215.149	-3.12	
215.365	-5.58	
215.582	-27.9	
215.798	-21.76	
216.014	-22.58	
216.23	-6.4	
216.447	8.35	
216.663	23.91	
216.879	6.91	
217.095	14.08	
217.311	11.42	
217.527	4.86	
217.743	2.82	
217.96	9.78	
218.176	6.91	
218.392	9.78	
218.608	12.65	
218.824	12.24	
219.04	18.18	
219.256	17.56	
219.472	5.89	
219.688	-4.15	
219.904	2	
220.12	8.96	
220.336	2.2	
220.552	-0.87	
220.768	13.87	
220.984	28.62	
221.2	10.19	
221.416	19.4	
221.632	22.68	
221.848	21.86	
222.064	-7.83	
222.28	7.94	
222.496	-3.12	
222.712	15.51	
222.928	3.23	
223.144	18.59	
223.36	6.09	
223.576	9.57	
223.792	-1.08	
224.008	18.79	
224.224	14.28	
224.439	34.35	
224.655	31.49	
224.871	35.38	
225.087	21.45	
225.303	15.72	
225.519	-2.92	
225.734	8.55	
225.95	-10.09	
226.166	-13.77	
226.382	-8.24	
226.598	-5.58	
226.813	-8.86	
227.029	4.86	
227.245	10.19	
227.461	16.13	
227.677	24.93	
227.892	15.72	
228.108	15.31	
228.324	31.9	
228.539	12.65	
228.755	8.76	
228.971	22.48	
229.186	25.14	
229.402	4.04	
229.618	21.45	
229.833	22.27	
230.049	16.95	
230.265	-1.48	
230.48	23.3	
230.696	22.27	
230.912	28.21	
231.127	27.8	
231.343	40.29	
231.558	21.04	
231.774	24.73	
231.99	20.84	
232.205	22.27	
232.421	14.28	
232.636	14.28	
232.852	3.23	
233.067	3.02	
233.283	-0.87	
233.498	23.5	
233.714	22.27	
233.929	39.27	
234.145	25.96	
234.36	31.69	
234.576	20.22	
234.791	37.63	
235.007	28.21	
235.222	46.85	
235.438	31.28	
235.653	49.1	
235.868	36.2	
236.084	54.42	
236.299	57.29	
236.515	75.72	
236.73	46.64	
236.945	40.91	
237.161	10.6	
237.376	-15	
237.592	-27.08	
237.807	-20.74	
238.022	-12.54	
238.238	0.97	
238.453	-0.87	
238.668	7.94	
238.883	0.56	
239.099	-10.91	
239.314	-23.4	
239.529	-6.81	
239.745	-18.69	
239.96	-10.29	
240.175	-6.6	
240.39	25.55	
240.605	31.9	
240.821	40.5	
241.036	39.07	
241.251	51.76	
241.466	25.55	
241.681	16.74	
241.897	30.05	
242.112	49.51	
242.327	26.78	
242.542	19.4	
242.757	18.79	
242.972	0.56	
243.188	-20.33	
243.403	-5.79	
243.618	5.89	
243.833	3.64	
244.048	11.21	
244.263	21.86	
244.478	25.14	
244.693	19.61	
244.908	14.9	
245.123	9.16	
245.338	16.33	
245.553	16.33	
245.768	13.26	
245.983	13.47	
246.198	16.33	
246.413	7.32	
246.628	9.78	
246.843	12.65	
247.058	21.45	
247.273	15.51	
247.488	5.89	
247.703	13.47	
247.918	6.71	
248.133	9.78	
248.348	1.59	
248.563	20.63	
248.778	12.85	
248.993	29.03	
249.207	50.53	
249.422	52.58	
249.637	34.15	
249.852	28.62	
250.067	19.4	
250.282	-1.89	
250.496	-7.42	
250.711	10.6	
250.926	-1.28	
251.141	13.06	
251.356	10.19	
251.57	31.9	
251.785	13.26	
252	15.1	
252.215	1.38	
252.43	-1.28	
252.644	-7.63	
252.859	-5.79	
253.074	-12.34	
253.288	-20.53	
253.503	-20.53	
253.718	-7.63	
253.932	22.68	
254.147	46.64	
254.362	55.65	
254.576	51.76	
254.791	41.93	
255.006	28.01	
255.22	28.01	
255.435	27.6	
255.65	38.45	
255.864	44.18	
256.079	24.32	
256.293	17.36	
256.508	17.15	
256.723	45.21	
256.937	34.15	
257.152	29.03	
257.366	19.2	
257.581	16.95	
257.795	-33.84	
258.01	-21.96	
258.224	-7.83	
258.439	1.59	
258.653	-3.33	
258.868	16.95	
259.082	8.76	
259.297	14.08	
259.511	4.86	
259.726	14.49	
259.94	14.08	
260.154	-8.65	
260.369	-22.99	
260.583	-7.63	
260.798	-35.69	
261.012	-23.81	
261.226	-9.27	
261.441	19.2	
261.655	11.62	
261.869	50.53	
262.084	40.5	
262.298	38.66	
262.512	6.91	
262.727	-7.22	
262.941	-25.24	
263.155	-18.48	
263.37	-19.71	
263.584	-8.24	
263.798	-1.69	
264.012	14.08	
264.227	2.82	
264.441	23.3	
264.655	13.26	
264.869	38.25	
265.084	23.91	
265.298	23.91	
265.512	10.19	
265.726	25.96	
265.94	-2.1	
266.155	18.59	
266.369	25.96	
266.583	39.88	
266.797	37.02	
267.011	56.68	
267.225	52.17	
267.439	42.75	
267.654	31.69	
267.868	28.21	
268.082	8.35	
268.296	-10.29	
268.51	-24.01	
268.724	-21.15	
268.938	-45.11	
269.152	-33.64	
269.366	-30.36	
269.58	-17.05	
269.794	-27.49	
270.008	19.2	
270.222	20.22	
270.436	25.34	
270.65	32.92	
270.864	56.88	
271.078	39.88	
271.292	44.8	
271.506	45.41	
271.72	40.7	
271.934	25.14	
272.148	10.19	
272.362	13.47	
272.575	17.36	
272.789	23.5	
273.003	29.23	
273.217	32.31	
273.431	11.83	
273.645	2.2	
273.859	15.72	
274.073	26.16	
274.286	36.2	
274.5	41.11	
274.714	39.47	
274.928	24.11	
275.142	14.69	
275.355	11.01	
275.569	10.6	
275.783	15.31	
275.997	13.06	
276.21	14.69	
276.424	38.25	
276.638	32.51	
276.852	34.76	
277.065	30.05	
277.279	37.63	
277.493	20.22	
277.706	43.57	
277.92	46.85	
278.134	50.12	
278.347	25.96	
278.561	17.36	
278.775	14.69	
278.988	4.04	
279.202	14.28	
279.415	29.03	
279.629	25.75	
279.843	25.34	
280.056	51.97	
280.27	59.34	
280.483	45	
280.697	51.56	
280.91	52.38	
281.124	55.86	
281.337	41.93	
281.551	61.59	
281.764	47.46	
281.978	36.4	
282.191	18.18	
282.405	22.48	
282.618	0.36	
282.832	2.2	
283.045	0.56	
283.259	-3.33	
283.472	-13.98	
283.686	-0.87	
283.899	4.86	
284.112	8.96	
284.326	16.95	
284.539	16.74	
284.752	27.19	
284.966	34.35	
285.179	42.96	
285.393	42.96	
285.606	40.09	
285.819	42.14	
286.033	31.28	
286.246	37.84	
286.459	20.22	
286.672	19.81	
286.886	-5.17	
287.099	12.44	
287.312	-10.7	
287.525	-14.18	
287.739	-9.68	
287.952	1.38	
288.165	0.36	
288.378	18.38	
288.592	33.54	
288.805	43.78	
289.018	53.2	
289.231	41.11	
289.444	36.2	
289.657	22.48	
289.871	11.42	
290.084	3.64	
290.297	29.23	
290.51	25.96	
290.723	27.8	
290.936	42.96	
291.149	37.63	
291.362	28.21	
291.575	28.42	
291.789	26.16	
292.002	11.42	
292.215	17.15	
292.428	-1.48	
292.641	-0.26	
292.854	10.6	
293.067	2.61	
293.28	0.77	
293.493	5.27	
293.706	-8.04	
293.919	0.15	
294.132	2.82	
294.345	1.18	
294.558	-11.93	
294.77	-7.83	
294.983	-12.34	
295.196	0.77	
295.409	3.43	
295.622	35.79	
295.835	45.62	
296.048	56.88	
296.261	51.56	
296.474	56.47	
296.686	26.98	
296.899	34.56	
297.112	30.26	
297.325	16.95	
297.538	14.9	
297.751	31.9	
297.963	31.08	
298.176	32.51	
298.389	39.88	
298.602	40.91	
298.814	94.56	
299.027	83.51	
299.24	81.46	
299.453	103.99	
299.665	99.28	
299.878	45.41	
300.091	41.32	
300.303	31.9	
300.516	9.98	
300.729	2.2	
300.941	4.66	
301.154	-1.48	
301.367	-15.41	
301.579	4.45	
301.792	20.63	
302.005	0.97	
302.217	-3.53	
302.43	15.92	
302.642	6.3	
302.855	-3.74	
303.067	2.2	
303.28	11.62	
303.493	0.77	
303.705	9.98	
303.918	5.48	
304.13	23.5	
304.343	29.03	
304.555	33.13	
304.768	15.72	
304.98	21.25	
305.193	-3.12	
305.405	6.3	
305.617	3.43	
305.83	13.67	
306.042	19.61	
306.255	29.64	
306.467	13.67	
306.68	12.24	
306.892	0.15	
307.104	0.56	
307.317	-4.76	
307.529	9.78	
307.741	17.77	
307.954	33.95	
308.166	40.09	
308.378	51.35	
308.591	45.21	
308.803	43.78	
309.015	52.38	
309.228	48.49	
309.44	39.27	
309.652	34.97	
309.864	30.46	
310.077	2	
310.289	-24.63	
310.501	-12.34	
310.713	-12.34	
310.926	-1.08	
311.138	-1.08	
311.35	35.38	
311.562	25.96	
311.774	38.86	
311.986	35.58	
312.199	55.65	
312.411	21.45	
312.623	24.11	
312.835	4.66	
313.047	-4.56	
313.259	-10.29	
313.471	2.2	
313.683	14.08	
313.895	11.83	
314.108	5.48	
314.32	-6.2	
314.532	-16.43	
314.744	-24.01	
314.956	-1.69	
315.168	9.78	
315.38	5.68	
315.592	24.93	
315.804	22.89	
316.016	35.58	
316.228	44.59	
316.44	57.09	
316.651	51.97	
316.863	51.76	
317.075	26.16	
317.287	0.36	
317.499	-2.92	
317.711	-10.29	
317.923	-5.99	
318.135	-10.91	
318.347	4.66	
318.559	21.45	
318.77	44.8	
318.982	33.54	
319.194	33.95	
319.406	34.76	
319.618	27.19	
319.83	6.3	
320.041	6.91	
320.253	4.66	
320.465	-7.42	
320.677	-23.4	
320.888	-23.4	
321.1	-16.43	
321.312	2.61	
321.524	16.54	
321.735	16.13	
321.947	11.01	
322.159	12.03	
322.37	3.02	
322.582	-5.17	
322.794	12.85	
323.005	19.81	
323.217	25.96	
323.429	10.19	
323.64	21.86	
323.852	6.3	
324.063	11.42	
324.275	-2.1	
324.487	17.97	
324.698	6.71	
324.91	12.85	
325.121	1.18	
325.333	0.56	
325.544	-4.97	
325.756	12.03	
325.967	2.82	
326.179	20.02	
326.39	34.76	
326.602	30.87	
326.813	15.72	
327.025	28.42	
327.236	9.57	
327.448	-5.38	
327.659	-15.62	
327.871	-9.47	
328.082	-3.74	
328.293	4.04	
328.505	19.2	
328.716	31.08	
328.928	20.43	
329.139	18.18	
329.35	12.44	
329.562	7.32	
329.773	15.72	
329.984	21.25	
330.196	9.78	
330.407	28.83	
330.618	20.84	
330.83	14.49	
331.041	17.97	
331.252	25.55	
331.463	16.13	
331.675	1.79	
331.886	8.14	
332.097	14.9	
332.308	14.69	
332.52	36.4	
332.731	52.99	
332.942	44.59	
333.153	48.49	
333.364	51.56	
333.575	22.27	
333.787	33.54	
333.998	25.34	
334.209	34.35	
334.42	15.31	
334.631	21.25	
334.842	19.4	
335.053	39.07	
335.264	31.28	
335.475	50.74	
335.686	49.3	
335.898	50.94	
336.109	30.46	
336.32	17.36	
336.531	4.04	
336.742	5.27	
336.953	-12.34	
337.164	-16.23	
337.375	-20.33	
337.586	-12.13	
337.797	-26.47	
338.007	-3.94	
338.218	5.68	
338.429	10.19	
338.64	14.49	
338.851	28.62	
339.062	19.4	
339.273	36.2	
339.484	31.9	
339.695	19.81	
339.906	20.84	
340.116	39.07	
340.327	23.91	
340.538	27.39	
340.749	26.98	
340.96	21.04	
341.171	-8.45	
341.381	-1.08	
341.592	11.62	
341.803	18.18	
342.014	20.63	
342.224	29.23	
342.435	22.48	
342.646	7.94	
342.857	-5.99	
343.067	-18.28	
343.278	-9.27	
343.489	-6.6	
343.699	-6.4	
343.91	-0.46	
344.121	0.36	
344.331	-8.45	
344.542	2.82	
344.753	20.02	
344.963	28.83	
345.174	43.37	
345.384	55.86	
345.595	52.99	
345.806	32.92	
346.016	29.23	
346.227	35.38	
346.437	23.71	
346.648	18.38	
346.858	19.2	
347.069	15.72	
347.279	16.13	
347.49	2.82	
347.7	3.02	
347.911	-12.13	
348.121	-1.48	
348.332	-0.67	
348.542	5.89	
348.753	-3.94	
348.963	12.24	
349.173	7.12	
349.384	21.86	
349.594	44.8	
349.805	67.74	
350.015	63.64	
350.225	72.24	
350.436	71.01	
350.646	76.75	
350.856	70.19	
351.067	76.13	
351.277	59.75	
351.487	42.55	
351.698	14.69	
351.908	20.63	
352.118	28.01	
352.328	32.51	
352.539	50.53	
352.749	69.58	
352.959	66.1	
353.169	77.98	
353.38	93.54	
353.59	89.04	
353.8	105.21	
354.01	131.84	
354.22	137.57	
354.431	176.89	
354.641	199.42	
354.851	202.08	
355.061	199.01	
355.271	235.67	
355.481	227.27	
355.691	248.78	
355.901	277.65	
356.111	311.24	
356.321	312.06	
356.532	339.3	
356.742	369.81	
356.952	400.94	
357.162	422.44	
357.372	464.84	
357.582	507.64	
357.792	537.34	
358.002	573.58	
358.212	651.82	
358.422	700.76	
358.632	763.23	
358.842	821.59	
359.051	901.87	
359.261	960.86	
359.471	1051.99	
359.681	1139.64	
359.891	1232.83	
360.101	1321.71	
360.311	1439.88	
360.521	1561.52	
360.731	1696.49	
360.94	1844.35	
361.15	2006.34	
361.36	2140.49	
361.57	2300.02	
361.78	2467.55	
361.989	2661.69	
362.199	2835.77	
362.409	3036.27	
362.619	3249.87	
362.828	3488.46	
363.038	3711.69	
363.248	3981.61	
363.458	4253.17	
363.667	4491.55	
363.877	4743.66	
364.087	4995.56	
364.296	5263.84	
364.506	5556.29	
364.716	5910.8	
364.925	6243.59	
365.135	6585.19	
365.345	6960.18	
365.554	7313.45	
365.764	7605.9	
365.973	7874.18	
366.183	8151.48	
366.393	8263.3	
366.602	8413	
366.812	8540.39	
367.021	8639.1	
367.231	8710.98	
367.44	8854.96	
367.65	8914.35	
367.859	8969.03	
368.069	9014.29	
368.278	9012.44	
368.488	8958.99	
368.697	8901.44	
368.907	8806.01	
369.116	8800.68	
369.326	8773.24	
369.535	8762.18	
369.744	8700.74	
369.954	8627.22	
370.163	8499.43	
370.373	8393.96	
370.582	8288.28	
370.791	8225.21	
371.001	8181.58	
371.21	8091.06	
371.419	7999.52	
371.629	7866.2	
371.838	7712.19	
372.047	7557.98	
372.256	7414.62	
372.466	7279.66	
372.675	7161.29	
372.884	7094.93	
373.093	7042.09	
373.303	6995.2	
373.512	6930.68	
373.721	6877.03	
373.93	6750.67	
374.139	6647.45	
374.349	6510.85	
374.558	6406.81	
374.767	6258.75	
374.976	6145.7	
375.185	5989.85	
375.394	5839.73	
375.603	5641.28	
375.813	5520.04	
376.022	5367.88	
376.231	5216.94	
376.44	5033.45	
376.649	4877.19	
376.858	4695.33	
377.067	4532.72	
377.276	4374	
377.485	4277.34	
377.694	4182.52	
377.903	4059.23	
378.112	3938.6	
378.321	3853.2	
378.53	3725	
378.739	3594.13	
378.948	3483.75	
379.157	3364.76	
379.366	3210.34	
379.575	3091.97	
379.784	2961.93	
379.992	2847.03	
380.201	2763.07	
380.41	2690.98	
380.619	2598.62	
380.828	2541.68	
381.037	2446.86	
381.246	2351.43	
381.454	2241.45	
381.663	2195.99	
381.872	2108.54	
382.081	2081.3	
382.29	2031.74	
382.498	2004.71	
382.707	1932.62	
382.916	1879.37	
383.125	1782.71	
383.333	1730.07	
383.542	1686.25	
383.751	1623.99	
383.959	1577.5	
384.168	1537.15	
384.377	1493.94	
384.585	1442.54	
384.794	1411.41	
385.003	1370.24	
385.211	1350.58	
385.42	1285.46	
385.628	1259.04	
385.837	1197.4	
386.046	1169.34	
386.254	1129.4	
386.463	1113.02	
386.671	1053.42	
386.88	1029.87	
387.088	991.98	
387.297	955.33	
387.505	922.35	
387.714	895.12	
387.922	876.89	
388.131	845.15	
388.339	828.56	
388.548	784.12	
388.756	751.55	
388.965	708.75	
389.173	678.44	
389.381	644.44	
389.59	639.12	
389.798	632.36	
390.007	626.22	
390.215	607.17	
390.423	607.79	
390.632	579.52	
390.84	564.37	
391.048	534.26	
391.257	510.92	
391.465	465.66	
391.673	449.48	
391.882	437.19	
392.09	420.4	
392.298	413.43	
392.506	400.74	
392.715	401.76	
392.923	398.28	
393.131	399.92	
393.339	403.6	
393.547	400.74	
393.756	406.88	
393.964	389.68	
394.172	370.63	
394.38	349.13	
394.588	356.09	
394.796	336.84	
395.005	325.99	
395.213	327.83	
395.421	321.89	
395.629	286.46	
395.837	258.2	
396.045	254.72	
396.253	253.28	
396.461	232.8	
396.669	242.22	
396.877	258.61	
397.085	263.93	
397.293	257.79	
397.501	272.74	
397.709	280.32	
397.917	279.7	
398.125	282.57	
398.333	277.04	
398.541	261.68	
398.749	245.09	
398.957	219.49	
399.165	185.9	
399.373	182.22	
399.581	187.54	
399.788	190.82	
399.996	199.01	
400.204	203.52	
400.412	186.52	
400.62	157.03	
400.828	144.33	
401.035	144.94	
401.243	141.67	
401.451	145.15	
401.659	161.94	
401.867	164.4	
402.074	153.55	
402.282	144.74	
402.49	128.56	
402.697	156.62	
402.905	144.13	
403.113	146.38	
403.321	135.32	
403.528	146.99	
403.736	118.53	
403.944	120.78	
404.151	113.41	
404.359	112.79	
404.566	112.38	
404.774	115.66	
404.982	112.38	
405.189	103.58	
405.397	98.66	
405.604	95.18	
405.812	83.71	
406.02	64.05	
406.227	80.02	
406.435	70.19	
406.642	74.9	
406.85	67.53	
407.057	93.13	
407.265	83.92	
407.472	96.2	
407.679	80.43	
407.887	80.43	
408.094	72.45	
408.302	59.34	
408.509	73.88	
408.717	87.4	
408.924	88.83	
409.131	105.01	
409.339	110.95	
409.546	106.85	
409.753	105.83	
409.961	103.17	
410.168	82.07	
410.375	89.85	
410.583	72.04	
410.79	60.98	
410.997	55.24	
411.205	58.11	
411.412	50.33	
411.619	70.19	
411.826	69.37	
412.034	88.42	
412.241	92.72	
412.448	89.45	
412.655	58.93	
412.862	63.64	
413.07	38.66	
413.277	27.8	
413.484	26.57	
413.691	50.12	
413.898	36.81	
414.105	42.14	
414.312	28.21	
414.519	32.51	
414.727	20.22	
414.934	34.97	
415.141	49.92	
415.348	72.65	
415.555	69.37	
415.762	67.12	
415.969	48.49	
416.176	51.97	
416.383	51.35	
416.59	35.99	
416.797	28.62	
417.004	32.72	
417.211	7.12	
417.418	1.18	
417.625	8.96	
417.831	18.79	
418.038	25.14	
418.245	41.32	
418.452	40.29	
418.659	38.86	
418.866	30.67	
419.073	24.11	
419.28	15.72	
419.486	21.45	
419.693	19.4	
419.9	25.96	
420.107	25.34	
420.314	31.08	
420.52	28.01	
420.727	41.93	
420.934	51.15	
421.141	48.49	
421.347	40.7	
421.554	34.15	
421.761	9.78	
421.967	-7.63	
422.174	8.55	
422.381	11.62	
422.588	1.38	
422.794	9.57	
423.001	33.54	
423.207	13.47	
423.414	7.53	
423.621	21.66	
423.827	28.21	
424.034	26.78	
424.24	34.35	
424.447	31.9	
424.654	7.32	
424.86	10.19	
425.067	-8.24	
425.273	-4.56	
425.48	9.57	
425.686	20.84	
425.893	15.31	
426.099	20.63	
426.306	12.03	
426.512	12.24	
426.718	23.09	
426.925	14.49	
427.131	12.44	
427.338	22.48	
427.544	20.02	
427.75	14.08	
427.957	16.95	
428.163	16.74	
428.37	17.36	
428.576	8.76	
428.782	6.5	
428.988	21.25	
429.195	22.27	
429.401	19.81	
429.607	17.56	
429.814	28.21	
430.02	19.81	
430.226	0.56	
430.432	-6.4	
430.639	4.25	
430.845	1.79	
431.051	8.76	
431.257	16.54	
431.463	9.78	
431.67	-8.65	
431.876	-20.12	
432.082	-34.05	
432.288	-25.04	
432.494	-9.27	
432.7	-3.94	
432.906	-7.01	
433.112	-20.33	
433.318	-5.38	
433.525	-7.22	
433.731	-4.15	
433.937	14.08	
434.143	29.85	
434.349	22.48	
434.555	24.52	
434.761	28.83	
434.967	19.81	
435.173	23.3	
435.379	13.26	
435.585	19.4	
435.791	17.77	
435.996	42.55	
436.202	40.09	
436.408	32.31	
436.614	23.5	
436.82	28.01	
437.026	-4.15	
437.232	0.97	
437.438	0.36	
437.644	-15.21	
437.849	-11.93	
438.055	-17.87	
438.261	-32.2	
438.467	-34.05	
438.673	-21.76	
438.878	-29.34	
439.084	-16.84	
439.29	8.14	
439.496	17.77	
439.701	26.37	
439.907	7.32	
440.113	6.91	
440.318	-7.42	
440.524	-3.12	
440.73	-1.69	
440.935	17.97	
441.141	-0.46	
441.347	14.28	
441.552	5.48	
441.758	-5.17	
441.964	-22.37	
442.169	2.2	
442.375	-16.03	
442.58	-9.68	
442.786	-5.17	
442.991	5.27	
443.197	-11.11	
443.402	2.61	
443.608	16.95	
443.813	29.85	
444.019	39.27	
444.224	55.86	
444.43	42.14	
444.635	38.25	
444.841	16.74	
445.046	30.46	
445.252	9.37	
445.457	3.43	
445.662	-18.69	
445.868	-14.59	
446.073	-37.12	
446.278	-29.75	
446.484	-31.39	
446.689	-24.01	
446.894	-35.48	
447.1	-47.36	
447.305	-34.46	
447.51	-20.94	
447.716	-20.33	
447.921	-10.29	
448.126	14.49	
448.331	1.38	
448.537	-9.47	
448.742	-7.83	
448.947	-18.69	
449.152	-26.27	
449.357	-10.29	
449.563	5.07	
449.768	7.32	
449.973	17.97	
450.178	14.69	
450.383	0.77	
450.588	-9.88	
450.793	-17.66	
450.999	-2.1	
451.204	-4.15	
451.409	-1.69	
451.614	7.32	
451.819	9.37	
452.024	-4.76	
452.229	-5.99	
452.434	4.66	
452.639	-8.86	
452.844	-2.3	
453.049	-3.33	
453.254	-15.21	
453.459	-27.49	
453.664	-21.35	
453.869	-28.72	
454.074	-24.22	
454.279	-8.45	
454.483	-12.54	
454.688	-12.95	
454.893	12.03	
455.098	9.16	
455.303	8.14	
455.508	15.31	
455.713	10.19	
455.917	-17.46	
456.122	-9.27	
456.327	-12.75	
456.532	-6.6	
456.737	-24.42	
456.941	-27.29	
457.146	-39.37	
457.351	-51.86	
457.555	-52.48	
457.76	-33.23	
457.965	-19.3	
458.17	-17.25	
458.374	5.68	
458.579	11.83	
458.784	3.23	
458.988	-14.8	
459.193	-19.3	
459.397	-15.62	
459.602	-27.49	
459.807	8.76	
460.011	20.63	
460.216	31.69	
460.42	11.62	
460.625	-2.71	
460.829	-23.19	
461.034	-29.34	
461.239	-49.41	
461.443	-45.72	
461.648	-16.84	
461.852	-24.83	
462.056	-1.89	
462.261	9.37	
462.465	34.97	
462.67	18.38	
462.874	20.43	
463.079	5.89	
463.283	1.18	
463.487	-20.33	
463.692	-21.76	
463.896	-27.49	
464.1	-35.07	
464.305	-29.75	
464.509	-32	
464.713	-12.34	
464.918	2.41	
465.122	19.4	
465.326	6.91	
465.531	3.84	
465.735	-10.29	
465.939	-12.75	
466.143	-33.64	
466.348	-29.34	
466.552	-31.18	
466.756	-33.43	
466.96	-37.53	
467.164	-13.77	
467.368	-11.93	
467.573	3.64	
467.777	-5.38	
467.981	10.8	
468.185	-7.22	
468.389	-0.46	
468.593	-28.31	
468.797	-28.11	
469.001	-34.25	
469.205	-22.99	
469.409	-23.81	
469.613	-12.13	
469.817	-2.51	
470.021	-7.01	
470.225	-7.83	
470.429	-19.51	
470.633	-10.7	
470.837	-12.13	
471.041	-14.8	
471.245	-40.81	
471.449	-20.12	
471.653	-21.76	
471.857	-10.7	
472.061	-27.29	
472.265	-16.23	
472.469	-22.17	
472.673	-32.61	
472.876	-45.11	
473.08	-40.4	
473.284	-20.12	
473.488	-19.71	
473.692	-0.67	
473.895	1.18	
474.099	11.62	
474.303	3.84	
474.507	9.16	
474.71	13.87	
474.914	12.03	
475.118	11.01	
475.322	12.03	
475.525	-11.52	
475.729	-5.79	
475.933	-4.56	
476.136	13.47	
476.34	8.35	
476.543	30.26	
476.747	8.96	
476.951	11.42	
477.154	-14.8	
477.358	3.64	
477.561	-4.56	
477.765	-4.15	
477.969	-1.28	
478.172	13.87	
478.376	3.02	
478.579	5.89	
478.783	10.19	
478.986	12.24	
479.19	6.91	
479.393	18.38	
479.596	23.71	
479.8	20.63	
480.003	7.32	
480.207	6.5	
480.41	-5.99	
480.614	-17.87	
480.817	-19.71	
481.02	3.02	
481.224	13.47	
481.427	25.34	
481.63	48.28	
481.834	48.28	
482.037	20.84	
482.24	9.37	
482.443	-5.17	
482.647	-17.66	
482.85	-11.32	
483.053	9.37	
483.256	-9.06	
483.46	2.61	
483.663	-4.15	
483.866	4.66	
484.069	1.38	
484.272	10.6	
484.476	-0.26	
484.679	10.39	
484.882	8.96	
485.085	-7.83	
485.288	-12.34	
485.491	-11.11	
485.694	-22.17	
485.897	-13.36	
486.101	-10.91	
486.304	3.84	
486.507	0.36	
486.71	2.2	
486.913	-14.59	
487.116	-6.81	
487.319	-5.38	
487.522	3.43	
487.725	14.49	
487.928	19.4	
488.13	24.32	
488.333	26.57	
488.536	15.72	
488.739	-3.33	
488.942	-6.81	
489.145	-19.3	
489.348	-19.1	
489.551	-13.77	
489.754	3.02	
489.956	-5.17	
490.159	-10.91	
490.362	-13.98	
490.565	-21.15	
490.768	-18.28	
490.97	0.36	
491.173	21.45	
491.376	25.75	
491.579	30.46	
491.781	20.02	
491.984	9.16	
492.187	5.07	
492.39	9.78	
492.592	2.2	
492.795	16.95	
492.998	8.76	
493.2	8.55	
493.403	-2.71	
493.605	28.62	
493.808	17.56	
494.011	19.61	
494.213	13.67	
494.416	20.22	
494.618	-13.57	
494.821	-12.54	
495.023	-4.97	
495.226	3.64	
495.428	-1.08	
495.631	10.19	
495.833	11.62	
496.036	16.54	
496.238	-0.67	
496.441	3.84	
496.643	-12.75	
496.846	-18.89	
497.048	-26.88	
497.25	-9.27	
497.453	-10.91	
497.655	15.1	
497.858	25.96	
498.06	32.51	
498.262	24.11	
498.465	30.05	
498.667	29.23	
498.869	27.19	
499.071	23.71	
499.274	29.85	
499.476	8.96	
499.678	-1.69	
499.881	-1.89	
500.083	-2.92	
500.285	-11.32	
500.487	11.42	
500.689	22.27	
500.892	19.81	
501.094	12.03	
501.296	28.42	
501.498	20.63	
501.7	-7.01	
501.902	-14.18	
502.104	-8.86	
502.306	-25.04	
502.509	-37.32	
502.711	-27.9	
502.913	-22.99	
503.115	-39.58	
503.317	-29.54	
503.519	-25.65	
503.721	-10.7	
503.923	13.67	
504.125	28.01	
504.327	21.66	
504.529	33.54	
504.731	27.6	
504.933	-1.48	
505.134	-15.21	
505.336	-8.45	
505.538	-1.89	
505.74	-2.71	
505.942	-12.34	
506.144	15.1	
506.346	5.68	
506.548	13.47	
506.749	12.24	
506.951	29.85	
507.153	-1.28	
507.355	-11.11	
507.557	-28.52	
507.758	-24.42	
507.96	-47.97	
508.162	-35.07	
508.363	-21.15	
508.565	-23.19	
508.767	-28.31	
508.969	-7.22	
509.17	8.35	
509.372	15.31	
509.574	5.48	
509.775	18.18	
509.977	8.35	
510.178	11.21	
510.38	2	
510.582	6.5	
510.783	-10.5	
510.985	-9.27	
511.186	-22.78	
511.388	-18.48	
511.589	-4.15	
511.791	-11.93	
511.992	-2.92	
512.194	0.77	
512.395	-6.4	
512.597	-12.13	
512.798	-5.79	
513	-5.58	
513.201	-3.53	
513.403	7.94	
513.604	-4.35	
513.805	-2.1	
514.007	-16.03	
514.208	-35.07	
514.409	-41.22	
514.611	-27.9	
514.812	-18.69	
515.013	7.12	
515.215	19.4	
515.416	10.6	
515.617	0.36	
515.819	-19.3	
516.02	-41.42	
516.221	-26.27	
516.422	-17.66	
516.623	-18.07	
516.825	-4.97	
517.026	3.43	
517.227	-16.23	
517.428	-18.28	
517.629	-11.72	
517.83	-12.13	
518.032	-11.93	
518.233	-4.15	
518.434	-15.82	
518.635	-8.65	
518.836	-5.99	
519.037	-10.09	
519.238	-14.59	
519.439	-0.26	
519.64	-14.59	
519.841	-17.87	
520.042	-21.35	
520.243	-26.06	
520.444	-31.18	
520.645	-22.78	
520.846	-20.74	
521.047	-10.09	
521.248	0.56	
521.449	5.68	
521.65	-5.17	
521.851	8.76	
522.052	0.15	
522.252	15.31	
522.453	18.79	
522.654	4.45	
522.855	-11.93	
523.056	-28.52	
523.257	-39.58	
523.457	-47.15	
523.658	-23.6	
523.859	-28.31	
524.06	-16.64	
524.26	-34.25	
524.461	-31.59	
524.662	-34.66	
524.862	-25.86	
525.063	-1.28	
525.264	15.51	
525.464	4.86	
525.665	17.77	
525.866	28.83	
526.066	6.3	
526.267	5.89	
526.468	16.13	
526.668	6.71	
526.869	-17.66	
527.069	-9.27	
527.27	-11.93	
527.47	4.25	
527.671	-0.46	
527.871	14.69	
528.072	20.43	
528.272	19.4	
528.473	17.36	
528.673	37.43	
528.874	32.1	
529.074	28.01	
529.275	29.44	
529.475	19.2	
529.675	-6.81	
529.876	-9.27	
530.076	-37.73	
530.277	-37.73	
530.477	-38.96	
530.677	-44.7	
530.878	-53.71	
531.078	-14.8	
531.278	-22.99	
531.478	-30.16	
531.679	-26.88	
531.879	-19.3	
532.079	-39.58	
532.28	-30.57	
532.48	-39.78	
532.68	-39.99	
532.88	-35.07	
533.08	-35.48	
533.28	-36.51	
533.481	-29.75	
533.681	-21.35	
533.881	-27.29	
534.081	-24.83	
534.281	-19.92	
534.481	0.36	
534.681	12.85	
534.881	28.42	
535.081	27.8	
535.281	15.92	
535.481	25.14	
535.682	15.31	
535.882	-0.87	
536.082	-9.88	
536.281	-7.42	
536.481	-24.83	
536.681	-28.11	
536.881	-22.99	
537.081	-16.64	
537.281	-17.05	
537.481	-17.87	
537.681	-18.89	
537.881	-22.78	
538.081	-2.92	
538.281	-0.46	
538.48	-7.83	
538.68	-6.81	
538.88	11.42	
539.08	1.59	
539.28	-7.83	
539.479	-0.46	
539.679	13.26	
539.879	-13.16	
540.079	-15.21	
540.278	-13.16	
540.478	-33.84	
540.678	-52.48	
540.877	-33.84	
541.077	-49.41	
541.277	-37.94	
541.476	-1.69	
541.676	2.41	
541.876	10.8	
542.075	23.91	
542.275	20.43	
542.474	5.48	
542.674	18.99	
542.874	-2.1	
543.073	4.86	
543.273	5.07	
543.472	7.94	
543.672	-1.28	
543.871	1.79	
544.071	-5.99	
544.27	2	
544.47	-13.77	
544.669	-9.27	
544.868	-9.47	
545.068	-3.94	
545.267	-10.7	
545.467	16.54	
545.666	5.68	
545.865	4.45	
546.065	-8.45	
546.264	-13.98	
546.463	-36.1	
546.663	-30.77	
546.862	-26.27	
547.061	-5.38	
547.261	1.59	
547.46	20.84	
547.659	21.86	
547.858	46.64	
548.058	41.73	
548.257	48.28	
548.456	36.4	
548.655	46.03	
548.854	24.52	
549.053	27.8	
549.253	17.77	
549.452	7.53	
549.651	14.08	
549.85	43.78	
550.049	28.62	
550.248	26.98	
550.447	47.26	
550.646	37.63	
550.845	16.74	
551.044	9.57	
551.243	7.12	
551.442	4.45	
551.641	5.89	
551.84	14.28	
552.039	26.98	
552.238	31.9	
552.437	27.6	
552.636	15.72	
552.835	-0.26	
553.034	11.01	
553.233	23.71	
553.432	23.71	
553.63	36.2	
553.829	41.93	
554.028	20.43	
554.227	5.48	
554.426	1.79	
554.625	9.98	
554.823	4.86	
555.022	26.78	
555.221	42.96	
555.42	46.64	
555.618	38.45	
555.817	31.9	
556.016	8.35	
556.214	12.85	
556.413	23.5	
556.612	14.69	
556.81	20.43	
557.009	40.09	
557.208	21.66	
557.406	11.42	
557.605	13.67	
557.803	12.24	
558.002	0.36	
558.201	-0.26	
558.399	-8.24	
558.598	-17.46	
558.796	-18.89	
558.995	-12.34	
559.193	-20.12	
559.392	-18.48	
559.59	-9.06	
559.789	1.59	
559.987	23.71	
560.185	34.15	
560.384	23.91	
560.582	32.51	
560.781	49.3	
560.979	34.76	
561.177	25.75	
561.376	49.92	
561.574	58.11	
561.772	20.02	
561.971	23.3	
562.169	29.85	
562.367	-2.1	
562.566	-28.11	
562.764	-16.23	
562.962	-23.19	
563.16	-44.9	
563.358	-20.94	
563.557	-2.51	
563.755	-1.69	
563.953	-12.34	
564.151	8.55	
564.349	3.84	
564.547	-5.58	
564.746	-15	
564.944	-10.5	
565.142	-3.53	
565.34	-5.17	
565.538	-3.53	
565.736	0.36	
565.934	8.35	
566.132	10.6	
566.33	10.6	
566.528	9.98	
566.726	1.79	
566.924	-7.83	
567.122	-23.81	
567.32	-32	
567.518	-33.02	
567.716	-21.15	
567.914	-17.05	
568.112	-14.18	
568.31	5.89	
568.507	18.59	
568.705	12.03	
568.903	5.27	
569.101	15.72	
569.299	18.59	
569.497	17.77	
569.694	24.11	
569.892	18.79	
570.09	21.45	
570.288	2.41	
570.486	-4.97	
570.683	6.71	
570.881	7.94	
571.079	-10.5	
571.276	-5.58	
571.474	-1.08	
571.672	-14.8	
571.869	-5.38	
572.067	-3.53	
572.265	-0.46	
572.462	9.16	
572.66	7.32	
572.857	8.76	
573.055	28.83	
573.253	28.21	
573.45	8.14	
573.648	29.44	
573.845	29.85	
574.043	29.44	
574.24	23.91	
574.438	12.03	
574.635	-1.69	
574.832	-10.91	
575.03	-17.05	
575.227	-3.94	
575.425	9.78	
575.622	-10.91	
575.82	-4.56	
576.017	-10.29	
576.214	-7.22	
576.412	-5.79	
576.609	-0.67	
576.806	-11.93	
577.004	-10.5	
577.201	-20.12	
577.398	-10.7	
577.595	27.6	
577.793	52.99	
577.99	57.09	
578.187	41.73	
578.384	32.72	
578.582	1.38	
578.779	-2.1	
578.976	-17.46	
579.173	9.57	
579.37	8.35	
579.567	24.93	
579.764	22.27	
579.962	32.92	
580.159	22.27	
580.356	35.38	
580.553	24.11	
580.75	18.38	
580.947	22.68	
581.144	33.33	
581.341	25.55	
581.538	25.55	
581.735	10.6	
581.932	18.18	
582.129	-4.97	
582.326	-7.22	
582.523	-4.35	
582.72	8.96	
582.916	-7.01	
583.113	2	
583.31	-5.99	
583.507	-0.46	
583.704	-4.15	
583.901	14.69	
584.098	22.27	
584.294	31.28	
584.491	28.62	
584.688	37.02	
584.885	23.09	
585.082	37.84	
585.278	47.26	
585.475	61.18	
585.672	46.23	
585.868	47.46	
586.065	21.45	
586.262	1.59	
586.458	-10.91	
586.655	4.04	
586.852	0.56	
587.048	4.66	
587.245	8.55	
587.442	25.75	
587.638	29.85	
587.835	41.73	
588.031	42.14	
588.228	38.25	
588.424	18.59	
588.621	4.66	
588.817	-9.88	
589.014	5.07	
589.21	12.65	
589.407	-10.7	
589.603	-10.91	
589.8	6.71	
589.996	-2.92	
590.192	2.2	
590.389	42.14	
590.585	50.12	
590.782	32.1	
590.978	30.87	
591.174	29.64	
591.371	24.52	
591.567	15.92	
591.763	20.84	
591.959	26.16	
592.156	30.05	
592.352	6.09	
592.548	13.67	
592.744	15.31	
592.941	-3.33	
593.137	-16.64	
593.333	-13.36	
593.529	4.04	
593.725	9.37	
593.922	9.16	
594.118	14.49	
594.314	14.69	
594.51	-2.71	
594.706	-25.86	
594.902	-6.4	
595.098	-1.69	
595.294	18.79	
595.49	10.19	
595.686	28.83	
595.882	20.43	
596.078	28.01	
596.274	18.38	
596.47	30.46	
596.666	26.37	
596.862	14.08	
597.058	5.89	
597.254	8.14	
597.45	1.59	
597.646	18.99	
597.842	38.86	
598.037	61.59	
598.233	56.47	
598.429	65.48	
598.625	40.09	
598.821	27.39	
599.017	-8.45	
599.212	1.79	
599.408	-5.17	
599.604	5.27	
599.8	14.9	
599.995	26.16	
600.191	12.24	
600.387	11.01	
600.582	6.71	
600.778	7.94	
600.974	-3.33	
601.169	-8.04	
601.365	-5.99	
601.561	-14.8	
601.756	-29.75	
601.952	-21.55	
602.147	-24.63	
602.343	-29.34	
602.538	-4.56	
602.734	-6.2	
602.93	0.97	
603.125	8.35	
603.321	15.1	
603.516	5.68	
603.711	24.52	
603.907	31.9	
604.102	35.38	
604.298	49.51	
604.493	36.81	
604.689	32.31	
604.884	18.38	
605.079	19.61	
605.275	7.94	
605.47	23.71	
605.665	29.44	
605.861	35.38	
606.056	36.61	
606.251	20.84	
606.447	14.9	
606.642	3.84	
606.837	-3.94	
607.032	2	
607.227	14.28	
607.423	20.63	
607.618	13.06	
607.813	8.35	
608.008	-0.46	
608.203	5.89	
608.398	16.54	
608.594	31.08	
608.789	32.92	
608.984	47.46	
609.179	51.76	
609.374	34.15	
609.569	31.08	
609.764	20.02	
609.959	3.02	
610.154	-7.01	
610.349	0.77	
610.544	-2.3	
610.739	7.32	
610.934	5.07	
611.129	18.79	
611.324	9.98	
611.519	11.42	
611.714	17.56	
611.909	19.61	
612.103	17.97	
612.298	14.28	
612.493	12.65	
612.688	13.67	
612.883	17.56	
613.078	-8.65	
613.272	20.84	
613.467	20.63	
613.662	27.8	
613.857	32.51	
614.051	52.58	
614.246	26.37	
614.441	26.78	
614.635	14.9	
614.83	3.02	
615.025	-11.93	
615.219	-4.97	
615.414	-10.91	
615.609	-8.24	
615.803	-7.42	
615.998	20.63	
616.192	13.87	
616.387	24.32	
616.582	31.9	
616.776	30.46	
616.971	8.55	
617.165	7.32	
617.36	-15	
617.554	-18.07	
617.749	10.39	
617.943	16.33	
618.138	29.03	
618.332	46.64	
618.526	33.33	
618.721	5.89	
618.915	7.12	
619.11	3.43	
619.304	-15.41	
619.498	-9.47	
619.693	11.62	
619.887	4.86	
620.081	-4.76	
620.275	24.93	
620.47	39.07	
620.664	28.01	
620.858	5.68	
621.052	2.61	
621.247	-17.46	
621.441	-26.27	
621.635	-32	
621.829	-0.67	
622.023	2.41	
622.218	30.05	
622.412	24.73	
622.606	15.1	
622.8	7.94	
622.994	23.5	
623.188	-10.09	
623.382	-3.12	
623.576	15.92	
623.77	-0.05	
623.964	7.53	
624.158	31.28	
624.352	16.74	
624.546	3.02	
624.74	27.6	
624.934	-6.2	
625.128	-11.11	
625.322	-7.01	
625.516	2	
625.71	-0.87	
625.904	5.27	
626.098	9.37	
626.291	12.85	
626.485	17.36	
626.679	10.8	
626.873	37.84	
627.067	24.73	
627.26	35.17	
627.454	31.28	
627.648	45.21	
627.842	24.52	
628.035	39.07	
628.229	30.05	
628.423	21.25	
628.617	6.91	
628.81	2.61	
629.004	-12.13	
629.198	-2.71	
629.391	1.38	
629.585	16.13	
629.778	28.21	
629.972	40.29	
630.166	37.22	
630.359	28.62	
630.553	9.37	
630.746	13.87	
630.94	13.67	
631.133	4.04	
631.327	7.53	
631.52	8.76	
631.714	0.15	
631.907	-7.01	
632.1	7.12	
632.294	20.02	
632.487	25.14	
632.681	26.78	
632.874	18.59	
633.067	19.2	
633.261	7.53	
633.454	11.83	
633.647	10.39	
633.841	11.01	
634.034	6.91	
634.227	-0.67	
634.421	-4.56	
634.614	-14.18	
634.807	-12.34	
635	-24.42	
635.193	4.66	
635.387	-4.35	
635.58	-3.53	
635.773	22.27	
635.966	26.98	
636.159	20.22	
636.352	12.03	
636.545	17.77	
636.739	-14.39	
636.932	-12.75	
637.125	-20.12	
637.318	-15.82	
637.511	-1.69	
637.704	2.82	
637.897	11.62	
638.09	5.07	
638.283	19.81	
638.476	4.45	
638.669	10.39	
638.862	8.76	
639.055	0.36	
639.247	1.79	
639.44	-1.89	
639.633	15.1	
639.826	-2.71	
640.019	6.91	
640.212	2.61	
640.405	13.87	
640.597	-6.6	
640.79	5.89	
640.983	9.16	
641.176	-2.71	
641.368	-6.4	
641.561	-3.33	
641.754	-10.7	
641.947	7.94	
642.139	15.1	
642.332	8.14	
642.525	11.21	
642.717	32.72	
642.91	3.43	
643.103	12.03	
643.295	11.01	
643.488	12.03	
643.68	-3.94	
643.873	10.6	
644.065	4.66	
644.258	6.5	
644.45	-4.15	
644.643	-4.56	
644.835	-9.47	
645.028	-15.21	
645.22	-27.29	
645.413	-24.01	
645.605	-22.78	
645.798	-27.49	
645.99	-19.51	
646.182	-13.36	
646.375	-1.08	
646.567	-7.63	
646.76	-6.81	
646.952	-6.4	
647.144	-0.05	
647.337	-4.15	
647.529	-1.69	
647.721	18.18	
647.913	20.63	
648.106	14.69	
648.298	12.24	
648.49	10.39	
648.682	-14.18	
648.874	-16.84	
649.067	-12.95	
649.259	-20.94	
649.451	-21.35	
649.643	-24.83	
649.835	-22.99	
650.027	-11.11	
650.219	-3.12	
650.411	5.89	
650.603	10.6	
650.796	21.86	
650.988	18.59	
651.18	36.2	
651.372	54.42	
651.564	67.74	
651.756	48.49	
651.948	43.57	
652.139	19.2	
652.331	-2.51	
652.523	-11.93	
652.715	-1.28	
652.907	-3.12	
653.099	-6.81	
653.291	-8.65	
653.483	1.59	
653.674	-1.48	
653.866	4.66	
654.058	9.16	
654.25	13.06	
654.442	3.02	
654.633	-1.89	
654.825	3.84	
655.017	13.87	
655.209	9.16	
655.4	17.15	
655.592	3.64	
655.784	-7.83	
655.975	-15.21	
656.167	-7.22	
656.359	-16.64	
656.55	7.12	
656.742	-0.46	
656.933	17.15	
657.125	2.41	
657.316	6.71	
657.508	-18.28	
657.7	-2.92	
657.891	-16.64	
658.083	-8.45	
658.274	-8.86	
658.466	-0.26	
658.657	2.2	
658.848	-15.21	
659.04	-14.59	
659.231	-18.89	
659.423	-2.1	
659.614	-6.81	
659.805	14.08	
659.997	28.21	
660.188	43.98	
660.379	46.64	
660.571	35.38	
660.762	33.33	
660.953	16.74	
661.145	8.14	
661.336	-9.88	
661.527	63.23	
661.718	66.51	
661.909	62	
662.101	52.99	
662.292	64.46	
662.483	-4.56	
662.674	-7.22	
662.865	-4.35	
663.056	-10.29	
663.247	-25.45	
663.439	-21.55	
663.63	-20.74	
663.821	-26.67	
664.012	-6.2	
664.203	14.49	
664.394	22.07	
664.585	20.02	
664.776	29.64	
664.967	25.14	
665.158	10.6	
665.349	13.06	
665.54	17.36	
665.73	32.1	
665.921	11.42	
666.112	8.55	
666.303	-3.33	
666.494	13.67	
666.685	-0.87	
666.876	13.26	
667.066	10.19	
667.257	18.59	
667.448	-16.03	
667.639	-16.23	
667.83	-13.98	
668.02	-3.33	
668.211	-17.87	
668.402	7.53	
668.592	1.18	
668.783	-7.83	
668.974	-13.16	
669.164	1.18	
669.355	-9.47	
669.546	0.77	
669.736	14.28	
669.927	7.73	
670.117	-8.45	
670.308	-10.7	
670.499	-33.84	
670.689	-36.3	
670.88	-42.03	
671.07	-33.64	
671.261	-34.87	
671.451	-11.93	
671.641	-32.2	
671.832	-11.72	
672.022	-8.65	
672.213	-14.39	
672.403	-14.8	
672.594	13.06	
672.784	14.9	
672.974	5.27	
673.165	-5.58	
673.355	-2.51	
673.545	-2.1	
673.736	1.38	
673.926	-3.94	
674.116	15.92	
674.306	-3.74	
674.497	-27.08	
674.687	-42.44	
674.877	-34.46	
675.067	-45.72	
675.257	-35.07	
675.448	-22.17	
675.638	-19.92	
675.828	-20.94	
676.018	8.35	
676.208	12.44	
676.398	17.97	
676.588	20.84	
676.778	22.48	
676.968	-1.69	
677.158	2.61	
677.348	-13.36	
677.538	-22.99	
677.728	-20.33	
677.918	-22.99	
678.108	-41.42	
678.298	-34.46	
678.488	-32.82	
678.678	-23.81	
678.868	-25.86	
679.058	-19.1	
679.248	-21.15	
679.438	-8.04	
679.627	-15	
679.817	-8.65	
680.007	0.36	
680.197	8.14	
680.387	-5.58	
680.576	-7.01	
680.766	-26.47	
680.956	-40.4	
681.146	-35.48	
681.335	-39.58	
681.525	-50.64	
681.715	-26.27	
681.904	-16.43	
682.094	-17.66	
682.284	-12.54	
682.473	8.55	
682.663	16.74	
682.852	15.51	
683.042	14.69	
683.231	29.85	
683.421	16.95	
683.61	0.97	
683.8	4.66	
683.989	-5.79	
684.179	1.79	
684.368	8.14	
684.558	20.63	
684.747	13.67	
684.937	5.48	
685.126	-8.45	
685.316	-11.72	
685.505	-36.1	
685.694	-25.65	
685.884	-0.05	
686.073	-0.87	
686.262	-1.08	
686.452	22.27	
686.641	18.18	
686.83	5.07	
687.019	0.36	
687.209	-1.69	
687.398	0.77	
687.587	1.38	
687.776	-7.22	
687.965	-19.3	
688.155	-17.25	
688.344	-34.25	
688.533	-29.75	
688.722	-26.06	
688.911	-4.56	
689.1	11.21	
689.289	38.04	
689.478	39.07	
689.667	36.81	
689.856	12.65	
690.045	-3.74	
690.234	-36.1	
690.423	-34.25	
690.612	-36.51	
690.801	-12.13	
690.99	-22.17	
691.179	0.15	
691.368	0.97	
691.557	24.11	
691.746	14.28	
691.935	32.51	
692.124	-1.08	
692.312	-5.99	
692.501	-23.6	
692.69	-21.55	
692.879	-32	
693.068	-8.45	
693.256	-23.4	
693.445	-0.87	
693.634	-8.86	
693.823	-11.11	
694.011	-14.39	
694.2	0.77	
694.389	-29.13	
694.577	-27.7	
694.766	-21.35	
694.955	-21.76	
695.143	-29.13	
695.332	-13.57	
695.52	-16.03	
695.709	-1.48	
695.897	-1.69	
696.086	7.94	
696.275	1.38	
696.463	12.03	
696.652	-9.68	
696.84	1.79	
697.028	-9.27	
697.217	-8.65	
697.405	-1.69	
697.594	8.55	
697.782	-1.89	
697.971	-1.69	
698.159	3.02	
698.347	-3.53	
698.536	-6.2	
698.724	19.81	
698.912	27.19	
699.1	31.49	
699.289	45.41	
699.477	48.28	
699.665	22.68	
699.854	11.21	
700.042	6.91	
700.23	-9.88	
700.418	-22.99	
700.606	-20.33	
700.794	-19.1	
700.983	-17.66	
701.171	-8.04	
701.359	-8.24	
701.547	-7.01	
701.735	5.07	
701.923	-5.17	
702.111	-25.86	
702.299	-23.6	
702.487	-24.42	
702.675	-29.75	
702.863	-30.36	
703.051	-25.45	
703.239	-11.72	
703.427	-17.46	
703.615	-22.78	
703.803	-19.71	
703.991	5.68	
704.179	1.18	
704.367	16.33	
704.554	21.45	
704.742	28.42	
704.93	31.49	
705.118	35.79	
705.306	23.71	
705.493	15.51	
705.681	1.18	
705.869	-0.67	
706.057	-13.16	
706.244	-13.36	
706.432	-2.92	
706.62	12.44	
706.807	-17.46	
706.995	-6.4	
707.183	-17.87	
707.37	-19.51	
707.558	-22.78	
707.746	1.59	
707.933	9.37	
708.121	29.64	
708.308	28.01	
708.496	14.9	
708.683	-8.65	
708.871	-4.97	
709.058	-20.53	
709.246	-34.25	
709.433	-28.93	
709.621	-15.62	
709.808	-38.35	
709.995	-19.3	
710.183	-1.28	
710.37	6.5	
710.558	1.59	
710.745	-1.28	
710.932	-13.16	
711.12	-10.5	
711.307	-12.13	
711.494	-0.46	
711.681	21.25	
711.869	14.69	
712.056	11.42	
712.243	15.92	
712.43	2.41	
712.618	-9.27	
712.805	-11.93	
712.992	-1.69	
713.179	-7.22	
713.366	-3.33	
713.553	6.3	
713.74	11.21	
713.928	-10.09	
714.115	-10.7	
714.302	-13.98	
714.489	-10.91	
714.676	-17.87	
714.863	-7.83	
715.05	-7.83	
715.237	-10.09	
715.424	-24.01	
715.611	-3.74	
715.798	3.84	
715.984	6.09	
716.171	14.28	
716.358	13.67	
716.545	5.89	
716.732	2	
716.919	-8.65	
717.106	-20.94	
717.293	-25.04	
717.479	-20.74	
717.666	-38.55	
717.853	-29.34	
718.04	-29.54	
718.226	-18.69	
718.413	-36.91	
718.6	-17.87	
718.786	-18.07	
718.973	0.56	
719.16	-8.24	
719.346	-0.67	
719.533	-2.71	
719.72	7.53	
719.906	0.36	
720.093	7.32	
720.279	-3.74	
720.466	-0.05	
720.652	11.42	
720.839	8.14	
721.025	12.24	
721.212	37.22	
721.398	27.19	
721.585	26.57	
721.771	27.19	
721.958	17.97	
722.144	8.96	
722.331	-4.56	
722.517	-31.59	
722.703	-17.66	
722.89	-30.36	
723.076	-35.07	
723.262	-8.86	
723.449	-10.09	
723.635	-38.55	
723.821	-33.84	
724.007	-42.03	
724.194	-52.48	
724.38	-54.32	
724.566	-35.48	
724.752	-21.55	
724.938	-3.12	
725.125	0.15	
725.311	18.38	
725.497	9.78	
725.683	6.09	
725.869	-0.87	
726.055	-8.45	
726.241	-12.75	
726.427	-6.2	
726.613	-17.46	
726.799	-5.99	
726.985	-10.09	
727.171	6.5	
727.357	7.94	
727.543	31.28	
727.729	21.25	
727.915	30.46	
728.101	8.76	
728.287	9.37	
728.473	4.86	
728.659	1.59	
728.845	-16.03	
729.03	-21.96	
729.216	-18.28	
729.402	-33.64	
729.588	-38.96	
729.774	-33.43	
729.959	-27.08	
730.145	-19.51	
730.331	-10.09	
730.517	-1.89	
730.702	9.37	
730.888	11.62	
731.074	-10.29	
731.259	1.79	
731.445	12.24	
731.63	4.04	
731.816	-0.87	
732.002	29.23	
732.187	21.66	
732.373	19.4	
732.558	25.96	
732.744	47.05	
732.929	31.08	
733.115	11.01	
733.3	-14.18	
733.486	-15.82	
733.671	-44.7	
733.857	-52.89	
734.042	-36.51	
734.227	-23.6	
734.413	-17.25	
734.598	8.76	
734.784	2.82	
734.969	11.21	
735.154	14.49	
735.339	-3.33	
735.525	-7.22	
735.71	6.91	
735.895	-16.64	
736.081	-2.92	
736.266	-0.67	
736.451	-11.11	
736.636	-18.89	
736.821	-10.5	
737.007	-28.11	
737.192	-9.27	
737.377	-23.81	
737.562	-24.01	
737.747	-26.27	
737.932	-24.22	
738.117	-37.73	
738.302	-10.91	
738.487	-7.22	
738.672	-6.81	
738.857	6.09	
739.042	4.25	
739.227	5.89	
739.412	11.83	
739.597	6.09	
739.782	2.41	
739.967	4.45	
740.152	0.77	
740.337	-9.27	
740.522	10.8	
740.706	25.75	
740.891	45.82	
741.076	50.94	
741.261	52.99	
741.446	43.37	
741.63	19.81	
741.815	8.14	
742	-14.39	
742.185	-16.84	
742.369	-20.33	
742.554	-25.24	
742.739	-26.88	
742.923	-5.38	
743.108	5.68	
743.293	25.75	
743.477	28.62	
743.662	23.71	
743.846	6.3	
744.031	0.15	
744.216	-16.84	
744.4	-7.83	
744.585	3.43	
744.769	10.8	
744.954	0.97	
745.138	-0.46	
745.322	-4.97	
745.507	-20.74	
745.691	-20.94	
745.876	-5.99	
746.06	13.67	
746.244	8.35	
746.429	32.72	
746.613	34.97	
746.798	24.52	
746.982	-4.56	
747.166	-2.3	
747.35	-23.6	
747.535	-39.37	
747.719	-41.01	
747.903	-19.92	
748.087	-25.24	
748.272	-10.5	
748.456	3.02	
748.64	9.16	
748.824	4.66	
749.008	16.54	
749.192	11.42	
749.376	-0.67	
749.56	-6.6	
749.745	-13.36	
749.929	-13.16	
750.113	-23.4	
750.297	-26.67	
750.481	-22.58	
750.665	-6.6	
750.849	-24.01	
751.033	-16.23	
751.217	-24.01	
751.4	-10.91	
751.584	-28.11	
751.768	-9.68	
751.952	-13.77	
752.136	0.15	
752.32	-26.27	
752.504	-7.63	
752.688	-13.57	
752.871	-20.12	
753.055	-20.12	
753.239	-12.13	
753.423	-19.92	
753.606	-20.53	
753.79	-13.77	
753.974	-4.97	
754.157	-18.48	
754.341	-32.41	
754.525	-36.3	
754.708	-25.45	
754.892	-15.82	
755.076	3.64	
755.259	18.99	
755.443	23.91	
755.626	9.57	
755.81	2.82	
755.993	4.45	
756.177	-5.79	
756.36	-5.79	
756.544	2.2	
756.727	4.04	
756.911	8.76	
757.094	15.31	
757.278	15.1	
757.461	12.65	
757.644	-4.35	
757.828	-15.62	
758.011	-22.58	
758.195	-10.5	
758.378	-8.24	
758.561	3.43	
758.744	1.79	
758.928	18.59	
759.111	0.56	
759.294	9.37	
759.477	-0.87	
759.661	1.59	
759.844	3.84	
760.027	11.62	
760.21	-14.39	
760.393	-3.74	
760.576	-5.79	
760.76	-26.67	
760.943	-38.76	
761.126	-11.11	
761.309	-8.45	
761.492	6.5	
761.675	10.8	
761.858	15.51	
762.041	-4.15	
762.224	-13.57	
762.407	-35.89	
762.59	-18.69	
762.773	-32	
762.956	-37.12	
763.139	-31.59	
763.321	-14.39	
763.504	-38.76	
763.687	-23.19	
763.87	-17.05	
764.053	-11.72	
764.236	-13.16	
764.418	-0.46	
764.601	-0.05	
764.784	10.19	
764.967	6.71	
765.149	-2.71	
765.332	-6.4	
765.515	-5.99	
765.697	-20.74	
765.88	-30.16	
766.063	-14.39	
766.245	-8.45	
766.428	-7.22	
766.611	10.6	
766.793	21.25	
766.976	16.13	
767.158	-3.53	
767.341	0.36	
767.523	-4.35	
767.706	-1.28	
767.888	-6.6	
768.071	24.52	
768.253	15.92	
768.436	17.36	
768.618	8.14	
768.8	35.17	
768.983	22.68	
769.165	37.63	
769.348	13.47	
769.53	10.39	
769.712	-26.27	
769.895	-28.72	
770.077	-30.77	
770.259	-14.59	
770.441	-18.89	
770.624	0.56	
770.806	2	
770.988	-3.94	
771.17	-1.69	
771.352	3.43	
771.535	0.56	
771.717	-1.89	
771.899	-5.17	
772.081	11.01	
772.263	5.89	
772.445	-0.26	
772.627	-14.59	
772.809	-16.03	
772.991	-28.72	
773.173	-0.46	
773.355	-1.89	
773.537	7.53	
773.719	7.73	
773.901	14.08	
774.083	-8.24	
774.265	-5.99	
774.447	-11.72	
774.629	-12.95	
774.811	-13.57	
774.992	-0.46	
775.174	-15.62	
775.356	-0.26	
775.538	3.84	
775.72	-11.93	
775.901	-18.48	
776.083	-18.48	
776.265	-35.07	
776.447	-27.29	
776.628	-17.05	
776.81	-20.33	
776.992	7.32	
777.173	27.19	
777.355	15.51	
777.537	26.37	
777.718	18.18	
777.9	22.48	
778.081	7.94	
778.263	16.33	
778.444	-2.1	
778.626	5.89	
778.807	-13.36	
778.989	-27.29	
779.17	-33.23	
779.352	-33.23	
779.533	-34.05	
779.715	-28.31	
779.896	-10.09	
780.078	3.23	
780.259	20.02	
780.44	12.03	
780.622	-0.05	
780.803	24.73	
780.984	23.71	
781.166	5.07	
781.347	12.65	
781.528	12.65	
781.709	-14.59	
781.891	-25.65	
782.072	-16.84	
782.253	-0.87	
782.434	5.68	
782.615	7.94	
782.796	13.87	
782.978	6.91	
783.159	-7.83	
783.34	7.32	
783.521	-0.05	
783.702	3.02	
783.883	13.26	
784.064	12.65	
784.245	-3.74	
784.426	15.1	
784.607	4.86	
784.788	2.82	
784.969	-7.22	
785.15	-3.94	
785.331	-31.39	
785.512	-35.48	
785.692	-38.14	
785.873	-26.47	
786.054	-36.51	
786.235	-29.75	
786.416	-20.53	
786.597	-7.63	
786.777	-8.24	
786.958	1.18	
787.139	21.25	
787.32	23.71	
787.5	12.03	
787.681	6.71	
787.862	21.66	
788.042	16.33	
788.223	21.86	
788.404	8.55	
788.584	13.26	
788.765	0.36	
788.946	-4.76	
789.126	-0.05	
789.307	26.98	
789.487	29.64	
789.668	30.05	
789.848	13.26	
790.029	3.84	
790.209	-14.8	
790.39	-31.39	
790.57	-37.94	
790.75	-11.32	
790.931	-18.28	
791.111	-24.63	
791.292	-5.58	
791.472	2	
791.652	-5.17	
791.833	-9.06	
792.013	-0.05	
792.193	-10.09	
792.373	-2.92	
792.554	-8.65	
792.734	-2.1	
792.914	-4.35	
793.094	5.68	
793.275	3.64	
793.455	8.14	
793.635	5.07	
793.815	6.5	
793.995	0.97	
794.175	-9.68	
794.355	5.27	
794.535	23.71	
794.715	18.38	
794.896	4.86	
795.076	9.98	
795.256	6.09	
795.436	-21.55	
795.616	-14.8	
795.795	6.91	
795.975	10.19	
796.155	5.48	
796.335	23.3	
796.515	31.49	
796.695	26.57	
796.875	22.48	
797.055	9.16	
797.234	10.39	
797.414	5.89	
797.594	4.86	
797.774	0.97	
797.954	-6.81	
798.133	-10.91	
798.313	-24.63	
798.493	-33.02	
798.672	-42.85	
798.852	-31.59	
799.032	-43.67	
799.211	-47.97	
799.391	-47.77	
799.571	-35.28	
799.75	-23.4	
799.93	3.02	
800.109	13.47	
800.289	17.97	
800.468	18.38	
800.648	17.15	
800.827	-0.05	
801.007	17.97	
801.186	8.76	
801.366	7.73	
801.545	-9.88	
801.725	13.06	
801.904	-11.93	
802.083	15.1	
802.263	14.28	
802.442	46.03	
802.621	19.2	
802.801	46.64	
802.98	44.59	
803.159	33.33	
803.338	-3.12	
803.518	4.04	
803.697	-16.64	
803.876	-26.27	
804.055	-26.06	
804.235	-7.22	
804.414	-17.25	
804.593	-4.56	
804.772	-9.88	
804.951	-1.69	
805.13	-25.45	
805.309	-13.36	
805.488	-20.74	
805.667	-13.98	
805.846	-2.92	
806.025	10.6	
806.204	17.15	
806.383	0.77	
806.562	-8.24	
806.741	-6.6	
806.92	7.94	
807.099	-2.1	
807.278	8.76	
807.457	23.09	
807.636	28.83	
807.814	18.79	
807.993	20.63	
808.172	20.63	
808.351	16.54	
808.53	12.44	
808.708	15.92	
808.887	18.18	
809.066	43.78	
809.244	41.11	
809.423	30.67	
809.602	23.91	
809.78	31.69	
809.959	7.12	
810.138	11.42	
810.316	3.43	
810.495	6.09	
810.673	-9.68	
810.852	-6.81	
811.03	-10.91	
811.209	2.41	
811.388	10.39	
811.566	21.04	
811.744	39.47	
811.923	45.21	
812.101	47.87	
812.28	61.18	
812.458	57.91	
812.637	41.73	
812.815	27.8	
812.993	34.76	
813.172	27.19	
813.35	13.47	
813.528	17.77	
813.706	16.95	
813.885	-7.22	
814.063	-23.19	
814.241	-8.04	
814.419	1.79	
814.598	23.3	
814.776	32.1	
814.954	32.72	
815.132	31.28	
815.31	31.69	
815.488	11.21	
815.666	-3.94	
815.844	-6.4	
816.022	-12.54	
816.201	-25.45	
816.379	-19.71	
816.557	-4.56	
816.735	7.32	
816.913	0.56	
817.09	10.39	
817.268	-2.3	
817.446	-2.92	
817.624	-13.57	
817.802	17.15	
817.98	6.3	
818.158	20.22	
818.336	6.09	
818.514	12.24	
818.691	-6.4	
818.869	-1.89	
819.047	5.48	
819.225	30.67	
819.402	23.91	
819.58	37.22	
819.758	42.96	
819.935	37.84	
820.113	23.71	
820.291	25.14	
820.468	1.79	
820.646	-7.63	
820.824	-8.04	
821.001	13.47	
821.179	14.9	
821.356	16.95	
821.534	4.66	
821.711	-14.39	
821.889	-17.05	
822.066	-16.64	
822.244	-11.72	
822.421	6.09	
822.599	23.3	
822.776	7.53	
822.953	-6.2	
823.131	-14.8	
823.308	-17.87	
823.486	-22.17	
823.663	-28.72	
823.84	-4.15	
824.017	-6.6	
824.195	-4.35	
824.372	-4.76	
824.549	-4.76	
824.726	-22.99	
824.904	-23.19	
825.081	-17.46	
825.258	-21.15	
825.435	-22.17	
825.612	-10.91	
825.789	-20.33	
825.967	-25.65	
826.144	-13.57	
826.321	4.86	
826.498	-2.1	
826.675	16.54	
826.852	-0.26	
827.029	3.02	
827.206	3.02	
827.383	-5.99	
827.56	3.84	
827.737	14.08	
827.914	7.32	
828.09	7.94	
828.267	12.85	
828.444	2.61	
828.621	-14.18	
828.798	14.69	
828.975	-7.01	
829.151	-19.1	
829.328	-22.37	
829.505	-2.3	
829.682	-30.77	
829.858	-39.37	
830.035	-14.8	
830.212	-13.36	
830.389	-14.8	
830.565	-37.12	
830.742	-1.89	
830.918	-0.67	
831.095	-4.35	
831.272	-10.91	
831.448	-10.5	
831.625	-15.21	
831.801	-20.33	
831.978	-10.09	
832.154	-19.1	
832.331	8.55	
832.507	-8.65	
832.684	7.12	
832.86	14.08	
833.037	53.4	
833.213	40.91	
833.389	61.59	
833.566	42.75	
833.742	21.45	
833.918	-14.39	
834.095	-23.81	
834.271	-46.95	
834.447	-34.66	
834.624	-24.83	
834.8	-19.51	
834.976	1.18	
835.152	4.25	
835.328	-11.72	
835.505	-5.79	
835.681	-9.27	
835.857	-36.71	
836.033	-22.78	
836.209	17.15	
836.385	9.98	
836.561	19.2	
836.737	41.93	
836.913	15.92	
837.089	-9.27	
837.265	-5.17	
837.441	7.12	
837.617	-2.71	
837.793	4.04	
837.969	0.97	
838.145	3.23	
838.321	-9.88	
838.497	-11.93	
838.673	-0.46	
838.849	-15.41	
839.025	-13.57	
839.2	-11.52	
839.376	6.09	
839.552	4.45	
839.728	24.32	
839.903	13.87	
840.079	21.86	
840.255	10.19	
840.431	30.26	
840.606	16.54	
840.782	36.81	
840.958	19.4	
841.133	16.95	
841.309	-4.35	
841.484	-0.26	
841.66	-22.17	
841.835	-22.17	
842.011	-34.66	
842.186	-29.95	
842.362	-34.05	
842.537	-9.68	
842.713	-6.2	
842.888	2.41	
843.064	-3.12	
843.239	-1.69	
843.415	-7.22	
843.59	15.92	
843.765	28.62	
843.941	41.52	
844.116	51.35	
844.291	37.84	
844.467	17.97	
844.642	17.36	
844.817	13.87	
844.992	2.82	
845.168	3.23	
845.343	12.03	
845.518	11.01	
845.693	9.57	
845.868	15.31	
846.043	12.85	
846.219	-2.1	
846.394	5.07	
846.569	8.55	
846.744	2.61	
846.919	-4.76	
847.094	29.85	
847.269	13.26	
847.444	4.25	
847.619	8.96	
847.794	49.3	
847.969	35.79	
848.144	47.67	
848.319	58.32	
848.494	73.06	
848.668	47.26	
848.843	45.41	
849.018	37.84	
849.193	35.79	
849.368	28.21	
849.542	38.45	
849.717	27.19	
849.892	31.08	
850.067	25.75	
850.241	35.17	
850.416	25.14	
850.591	38.25	
850.765	38.25	
850.94	53.61	
851.115	30.05	
851.289	26.78	
851.464	15.51	
851.639	10.8	
851.813	-2.1	
851.988	9.16	
852.162	7.94	
852.337	5.48	
852.511	7.32	
852.686	15.1	
852.86	7.94	
853.035	-4.76	
853.209	4.86	
853.383	22.07	
853.558	-5.99	
853.732	-1.48	
853.906	4.04	
854.081	5.07	
854.255	-16.23	
854.429	8.76	
854.604	9.16	
854.778	16.54	
854.952	19.4	
855.126	40.5	
855.301	18.79	
855.475	17.97	
855.649	15.51	
855.823	12.03	
855.997	-1.48	
856.171	14.28	
856.345	6.3	
856.52	9.37	
856.694	-0.67	
856.868	17.97	
857.042	17.77	
857.216	40.7	
857.39	42.34	
857.564	45.21	
857.738	25.75	
857.912	11.62	
858.085	7.73	
858.259	13.26	
858.433	24.11	
858.607	10.19	
858.781	24.32	
858.955	6.5	
859.129	2.41	
859.302	-15.41	
859.476	-17.05	
859.65	-1.28	
859.824	2.41	
859.997	-2.92	
860.171	14.49	
860.345	32.1	
860.519	18.99	
860.692	18.99	
860.866	33.95	
861.039	29.44	
861.213	33.54	
861.387	29.85	
861.56	30.46	
861.734	26.37	
861.907	23.91	
862.081	11.42	
862.254	29.03	
862.428	26.16	
862.601	10.19	
862.775	19.2	
862.948	46.85	
863.122	45.82	
863.295	53.4	
863.468	60.57	
863.642	32.92	
863.815	19.81	
863.988	1.38	
864.162	3.02	
864.335	-11.52	
864.508	6.3	
864.682	3.02	
864.855	5.48	
865.028	-4.35	
865.201	27.39	
865.374	18.99	
865.548	32.72	
865.721	30.46	
865.894	46.85	
866.067	32.31	
866.24	42.75	
866.413	26.57	
866.586	32.1	
866.759	7.73	
866.932	2	
867.105	-1.48	
867.278	-15.62	
867.451	-23.4	
867.624	-12.95	
867.797	-2.51	
867.97	-3.12	
868.143	2.41	
868.316	22.27	
868.489	14.49	
868.661	13.06	
868.834	3.23	
869.007	9.37	
869.18	-6.6	
869.353	-3.74	
869.525	-2.1	
869.698	5.68	
869.871	16.13	
870.044	15.72	
870.216	29.23	
870.389	26.98	
870.562	16.54	
870.734	-1.48	
870.907	-0.46	
871.079	7.53	
871.252	7.73	
871.425	18.99	
871.597	21.66	
871.77	33.54	
871.942	12.65	
872.115	-3.94	
872.287	0.15	
872.459	8.14	
872.632	9.78	
872.804	18.59	
872.977	19.81	
873.149	14.69	
873.321	2.82	
873.494	-1.08	
873.666	0.15	
873.838	3.02	
874.011	-6.2	
874.183	2.41	
874.355	0.36	
874.528	-8.86	
874.7	-8.45	
874.872	19.61	
875.044	29.03	
875.216	35.17	
875.388	52.58	
875.561	63.03	
875.733	41.73	
875.905	37.02	
876.077	17.77	
876.249	25.96	
876.421	20.43	
876.593	15.51	
876.765	9.57	
876.937	23.91	
877.109	5.27	
877.281	15.31	
877.453	13.06	
877.625	14.69	
877.797	0.77	
877.968	-3.33	
878.14	-2.3	
878.312	7.53	
878.484	-5.17	
878.656	12.44	
878.828	10.6	
878.999	-2.71	
879.171	-3.53	
879.343	1.18	
879.515	-12.95	
879.686	-20.12	
879.858	-16.03	
880.03	-15.62	
880.201	-7.01	
880.373	-6.81	
880.545	7.32	
880.716	20.22	
880.888	34.56	
881.059	32.72	
881.231	41.11	
881.402	48.69	
881.574	40.7	
881.745	37.84	
881.917	55.04	
882.088	54.42	
882.26	38.86	
882.431	46.23	
882.602	1.18	
882.774	0.36	
882.945	-5.79	
883.116	-12.34	
883.288	-27.7	
883.459	-2.1	
883.63	-13.77	
883.802	-24.83	
883.973	-16.64	
884.144	-7.63	
884.315	5.27	
884.487	9.16	
884.658	27.6	
884.829	33.33	
885	28.83	
885.171	28.83	
885.342	9.16	
885.513	3.23	
885.684	-1.28	
885.855	3.43	
886.026	-5.79	
886.197	1.38	
886.368	-7.22	
886.539	5.48	
886.71	6.5	
886.881	14.69	
887.052	15.51	
887.223	27.6	
887.394	13.87	
887.565	6.09	
887.736	-7.22	
887.907	3.43	
888.077	-0.26	
888.248	-1.48	
888.419	0.77	
888.59	-3.74	
888.761	8.55	
888.931	11.62	
889.102	20.02	
889.273	20.63	
889.443	27.8	
889.614	2.61	
889.785	0.77	
889.955	-0.26	
890.126	-3.33	
890.296	18.79	
890.467	23.09	
890.637	48.69	
890.808	52.38	
890.978	54.22	
891.149	35.17	
891.319	52.38	
891.49	25.96	
891.66	26.57	
891.831	27.39	
892.001	30.26	
892.172	14.9	
892.342	26.37	
892.512	13.47	
892.683	18.59	
892.853	11.83	
893.023	23.09	
893.193	7.53	
893.364	20.22	
893.534	29.44	
893.704	60.57	
893.874	59.95	
894.044	71.63	
894.215	63.64	
894.385	55.65	
894.555	24.73	
894.725	36.4	
894.895	18.99	
895.065	26.37	
895.235	15.31	
895.405	42.96	
895.575	13.47	
895.745	24.58	
895.915	21.59	
