177.618	-182.78	
177.836	-181.25	
178.054	-170.08	
178.271	-132.61	
178.489	-80.79	
178.706	-49.46	
178.924	-14.03	
179.142	11.57	
179.359	10.75	
179.577	-14.64	
179.794	-4.81	
180.012	-21.4	
180.229	-26.73	
180.447	-26.11	
180.664	-1.54	
180.882	-2.97	
181.1	17.31	
181.317	9.73	
181.535	10.96	
181.752	-6.04	
181.969	-4.81	
182.187	7.68	
182.404	16.49	
182.622	16.28	
182.839	18.74	
183.057	14.64	
183.274	8.5	
183.492	8.5	
183.709	23.45	
183.926	0.31	
184.144	1.54	
184.361	-16.28	
184.579	-2.76	
184.796	-31.03	
185.013	5.84	
185.231	-7.07	
185.448	23.24	
185.666	20.79	
185.883	19.15	
186.1	8.91	
186.317	25.91	
186.535	-3.99	
186.752	-6.45	
186.969	21.81	
187.187	45.57	
187.404	22.22	
187.621	52.12	
187.839	64	
188.056	44.75	
188.273	19.56	
188.49	46.18	
188.708	31.85	
188.925	42.5	
189.142	41.88	
189.359	36.35	
189.576	28.16	
189.794	18.94	
190.011	-5.22	
190.228	0.92	
190.445	10.75	
190.662	25.09	
190.879	22.63	
191.097	9.11	
191.314	8.5	
191.531	4.2	
191.748	-27.34	
191.965	-24.06	
192.182	-18.74	
192.399	-30.21	
192.616	-30.41	
192.834	-7.27	
193.051	-3.17	
193.268	1.13	
193.485	15.46	
193.702	9.52	
193.919	0.31	
194.136	-7.07	
194.353	-12.19	
194.57	-4.2	
194.787	-3.58	
195.004	27.14	
195.221	26.52	
195.438	42.29	
195.655	38.6	
195.872	62.36	
196.089	19.15	
196.306	26.73	
196.523	17.92	
196.74	24.06	
196.957	-14.44	
197.173	-1.54	
197.39	0.92	
197.607	11.78	
197.824	-0.51	
198.041	25.5	
198.258	19.76	
198.475	20.58	
198.692	-6.86	
198.909	-20.99	
199.125	-41.06	
199.342	-19.35	
199.559	-9.93	
199.776	2.76	
199.993	36.35	
200.21	39.42	
200.426	27.34	
200.643	17.71	
200.86	28.16	
201.077	4.4	
201.293	21.2	
201.51	13.21	
201.727	-9.73	
201.944	-21.61	
202.16	-6.04	
202.377	-13.82	
202.594	-16.9	
202.811	-2.36	
203.027	-7.68	
203.244	-25.7	
203.461	-23.24	
203.677	-8.5	
203.894	0.72	
204.111	11.78	
204.327	20.17	
204.544	8.91	
204.761	9.93	
204.977	7.88	
205.194	2.97	
205.41	11.16	
205.627	15.05	
205.844	12.6	
206.06	5.84	
206.277	10.14	
206.493	-0.92	
206.71	-3.58	
206.926	-19.35	
207.143	-17.71	
207.36	-35.53	
207.576	-10.75	
207.793	1.33	
208.009	24.88	
208.226	32.26	
208.442	38.19	
208.659	22.63	
208.875	20.99	
209.092	7.68	
209.308	-3.38	
209.524	6.04	
209.741	16.69	
209.957	11.98	
210.174	14.44	
210.39	15.87	
210.607	12.19	
210.823	-14.03	
211.039	-12.19	
211.256	1.33	
211.472	-5.84	
211.688	4.81	
211.905	20.99	
212.121	16.9	
212.338	14.44	
212.554	27.75	
212.77	15.26	
212.987	6.66	
213.203	10.75	
213.419	-0.72	
213.635	-9.73	
213.852	-9.32	
214.068	-10.55	
214.284	-17.71	
214.501	-11.37	
214.717	-12.6	
214.933	10.96	
215.149	-1.13	
215.365	-6.45	
215.582	-16.49	
215.798	-5.63	
216.014	-29.39	
216.23	-15.26	
216.447	-5.63	
216.663	-11.98	
216.879	-33.48	
217.095	-8.09	
217.311	-3.58	
217.527	10.14	
217.743	31.03	
217.96	35.94	
218.176	16.9	
218.392	20.99	
218.608	14.44	
218.824	2.56	
219.04	4.61	
219.256	22.43	
219.472	5.63	
219.688	0.31	
219.904	12.19	
220.12	36.15	
220.336	5.63	
220.552	7.88	
220.768	24.27	
220.984	22.43	
221.2	4.81	
221.416	31.03	
221.632	27.95	
221.848	17.31	
222.064	4.61	
222.28	0.72	
222.496	-5.02	
222.712	13	
222.928	8.7	
223.144	18.33	
223.36	17.31	
223.576	2.76	
223.792	-11.98	
224.008	-6.25	
224.224	-14.23	
224.439	0.51	
224.655	-4.61	
224.871	12.8	
225.087	-0.72	
225.303	-0.1	
225.519	-10.75	
225.734	6.45	
225.95	-2.56	
226.166	6.04	
226.382	-2.56	
226.598	-13.62	
226.813	-7.88	
227.029	-18.94	
227.245	-19.35	
227.461	-3.99	
227.677	13.62	
227.892	16.28	
228.108	11.16	
228.324	26.52	
228.539	6.86	
228.755	16.08	
228.971	18.12	
229.186	37.58	
229.402	22.22	
229.618	42.9	
229.833	34.51	
230.049	34.92	
230.265	16.9	
230.48	24.88	
230.696	20.58	
230.912	25.29	
231.127	15.26	
231.343	23.86	
231.558	7.27	
231.774	22.83	
231.99	34.51	
232.205	45.57	
232.421	49.05	
232.636	59.29	
232.852	35.33	
233.067	25.29	
233.283	12.19	
233.498	16.49	
233.714	17.1	
233.929	27.55	
234.145	8.7	
234.36	23.86	
234.576	14.85	
234.791	19.35	
235.007	28.36	
235.222	46.39	
235.438	34.3	
235.653	57.86	
235.868	62.16	
236.084	56.42	
236.299	75.88	
236.515	84.68	
236.73	63.79	
236.945	57.65	
237.161	50.07	
237.376	32.26	
237.592	14.03	
237.807	20.38	
238.022	17.31	
238.238	20.79	
238.453	2.76	
238.668	13.82	
238.883	-17.51	
239.099	-16.49	
239.314	-25.7	
239.529	-6.66	
239.745	2.15	
239.96	23.04	
240.175	27.34	
240.39	66.87	
240.605	60.11	
240.821	50.28	
241.036	65.02	
241.251	76.9	
241.466	49.05	
241.681	44.75	
241.897	46.18	
242.112	55.19	
242.327	26.73	
242.542	23.45	
242.757	22.83	
242.972	15.67	
243.188	-11.57	
243.403	-5.63	
243.618	-11.98	
243.833	-10.96	
244.048	1.95	
244.263	11.98	
244.478	9.52	
244.693	2.36	
244.908	2.56	
245.123	-5.22	
245.338	6.25	
245.553	13.41	
245.768	22.83	
245.983	21.4	
246.198	16.49	
246.413	14.44	
246.628	23.65	
246.843	20.58	
247.058	33.07	
247.273	27.55	
247.488	15.26	
247.703	19.15	
247.918	14.23	
248.133	7.07	
248.348	-3.99	
248.563	13.62	
248.778	-9.73	
248.993	10.55	
249.207	21.61	
249.422	30.41	
249.637	-1.54	
249.852	4.81	
250.067	-16.08	
250.282	-37.38	
250.496	-34.71	
250.711	-15.05	
250.926	-26.73	
251.141	-12.39	
251.356	-15.67	
251.57	3.38	
251.785	-7.07	
252	0.72	
252.215	-13	
252.43	7.48	
252.644	-7.48	
252.859	13.41	
253.074	11.78	
253.288	24.88	
253.503	20.17	
253.718	35.12	
253.932	36.97	
254.147	57.65	
254.362	62.36	
254.576	46.59	
254.791	38.6	
255.006	33.28	
255.22	32.26	
255.435	24.47	
255.65	40.04	
255.864	46.18	
256.079	34.71	
256.293	28.77	
256.508	21.4	
256.723	35.12	
256.937	2.97	
257.152	12.6	
257.366	17.51	
257.581	21.4	
257.795	2.56	
258.01	36.35	
258.224	40.65	
258.439	31.44	
258.653	30.62	
258.868	42.9	
259.082	20.58	
259.297	3.58	
259.511	3.79	
259.726	11.37	
259.94	-3.38	
260.154	-12.39	
260.369	-10.55	
260.583	-20.17	
260.798	-30.82	
261.012	-26.11	
261.226	-6.04	
261.441	-3.38	
261.655	-7.48	
261.869	3.99	
262.084	0.92	
262.298	-10.14	
262.512	-17.51	
262.727	-8.09	
262.941	-2.76	
263.155	-3.58	
263.37	-10.34	
263.584	8.91	
263.798	16.08	
264.012	15.87	
264.227	19.56	
264.441	45.36	
264.655	23.65	
264.869	40.45	
265.084	31.23	
265.298	35.94	
265.512	22.02	
265.726	33.69	
265.94	20.38	
266.155	36.76	
266.369	42.29	
266.583	58.88	
266.797	54.17	
267.011	71.17	
267.225	76.29	
267.439	63.18	
267.654	39.22	
267.868	38.6	
268.082	8.09	
268.296	-27.55	
268.51	-37.38	
268.724	-23.04	
268.938	-32.05	
269.152	-16.69	
269.366	-8.29	
269.58	5.84	
269.794	-0.92	
270.008	34.92	
270.222	25.09	
270.436	34.71	
270.65	31.03	
270.864	46.59	
271.078	24.27	
271.292	36.97	
271.506	43.31	
271.72	55.6	
271.934	56.01	
272.148	45.98	
272.362	40.04	
272.575	45.98	
272.789	45.36	
273.003	36.76	
273.217	53.14	
273.431	41.47	
273.645	45.77	
273.859	49.05	
274.073	65.23	
274.286	67.69	
274.5	82.23	
274.714	66.87	
274.928	58.67	
275.142	45.98	
275.355	29.39	
275.569	26.32	
275.783	24.06	
275.997	19.35	
276.21	24.27	
276.424	47.62	
276.638	34.92	
276.852	42.5	
277.065	47.62	
277.279	42.9	
277.493	27.14	
277.706	50.69	
277.92	57.45	
278.134	43.31	
278.347	41.27	
278.561	43.52	
278.775	33.07	
278.988	11.57	
279.202	24.47	
279.415	29.59	
279.629	30.62	
279.843	33.69	
280.056	60.11	
280.27	64	
280.483	38.81	
280.697	28.98	
280.91	38.4	
281.124	50.28	
281.337	40.24	
281.551	63.59	
281.764	70.14	
281.978	56.83	
282.191	27.34	
282.405	34.92	
282.618	10.55	
282.832	12.19	
283.045	0.72	
283.259	7.07	
283.472	-4.4	
283.686	16.9	
283.899	8.5	
284.112	23.04	
284.326	18.94	
284.539	41.27	
284.752	48.43	
284.966	41.06	
285.179	35.53	
285.393	43.52	
285.606	26.93	
285.819	20.58	
286.033	23.45	
286.246	48.02	
286.459	35.94	
286.672	39.83	
286.886	27.75	
287.099	51.92	
287.312	16.49	
287.525	12.8	
287.739	3.17	
287.952	11.57	
288.165	-2.76	
288.378	9.32	
288.592	17.71	
288.805	25.29	
289.018	29.18	
289.231	25.09	
289.444	23.04	
289.657	17.51	
289.871	17.71	
290.084	15.67	
290.297	37.79	
290.51	32.87	
290.723	36.76	
290.936	50.28	
291.149	50.48	
291.362	45.36	
291.575	37.17	
291.789	43.52	
292.002	30.82	
292.215	26.73	
292.428	-2.97	
292.641	13.82	
292.854	6.25	
293.067	1.95	
293.28	0.92	
293.493	7.68	
293.706	-3.17	
293.919	17.51	
294.132	13.21	
294.345	9.93	
294.558	15.87	
294.77	15.46	
294.983	-10.14	
295.196	3.17	
295.409	11.78	
295.622	36.15	
295.835	44.95	
296.048	65.43	
296.261	59.7	
296.474	49.87	
296.686	31.03	
296.899	40.45	
297.112	30.82	
297.325	28.57	
297.538	51.1	
297.751	58.88	
297.963	56.63	
298.176	48.84	
298.389	37.38	
298.602	39.42	
298.814	91.24	
299.027	90.01	
299.24	90.21	
299.453	110.69	
299.665	90.01	
299.878	26.93	
300.091	17.71	
300.303	16.08	
300.516	15.67	
300.729	20.58	
300.941	36.97	
301.154	38.81	
301.367	33.28	
301.579	35.12	
301.792	40.24	
302.005	38.81	
302.217	29.59	
302.43	39.83	
302.642	30.62	
302.855	11.16	
303.067	-5.22	
303.28	13.82	
303.493	-8.91	
303.705	4.61	
303.918	20.17	
304.13	48.43	
304.343	35.74	
304.555	55.19	
304.768	45.57	
304.98	43.72	
305.193	9.32	
305.405	12.39	
305.617	-1.33	
305.83	5.22	
306.042	10.14	
306.255	14.23	
306.467	6.86	
306.68	16.08	
306.892	5.02	
307.104	11.37	
307.317	15.05	
307.529	32.05	
307.741	36.35	
307.954	48.23	
308.166	42.5	
308.378	43.31	
308.591	37.99	
308.803	40.65	
309.015	55.19	
309.228	55.4	
309.44	48.02	
309.652	47	
309.864	40.45	
310.077	14.64	
310.289	-5.43	
310.501	12.6	
310.713	4.4	
310.926	7.27	
311.138	-3.99	
311.35	25.91	
311.562	6.45	
311.774	29.18	
311.986	28.16	
312.199	59.08	
312.411	28.77	
312.623	27.34	
312.835	5.22	
313.047	-0.72	
313.259	-16.49	
313.471	2.76	
313.683	26.73	
313.895	24.88	
314.108	35.12	
314.32	33.69	
314.532	21.61	
314.744	17.31	
314.956	35.94	
315.168	54.37	
315.38	48.64	
315.592	70.76	
315.804	69.94	
316.016	83.45	
316.228	73.01	
316.44	79.15	
316.651	65.84	
316.863	61.54	
317.075	24.88	
317.287	1.95	
317.499	-10.14	
317.711	-20.99	
317.923	-25.7	
318.135	-26.93	
318.347	-25.91	
318.559	-4.61	
318.77	4.4	
318.982	11.78	
319.194	16.69	
319.406	26.11	
319.618	11.16	
319.83	10.75	
320.041	-1.13	
320.253	0.31	
320.465	-7.27	
320.677	-10.75	
320.888	-25.29	
321.1	-24.06	
321.312	-3.38	
321.524	10.14	
321.735	10.75	
321.947	26.32	
322.159	37.17	
322.37	19.15	
322.582	14.44	
322.794	27.14	
323.005	41.88	
323.217	47	
323.429	45.77	
323.64	61.95	
323.852	42.7	
324.063	32.26	
324.275	34.3	
324.487	38.6	
324.698	18.74	
324.91	41.47	
325.121	26.93	
325.333	12.39	
325.544	13.62	
325.756	22.02	
325.967	-0.92	
326.179	25.5	
326.39	20.58	
326.602	30.82	
326.813	26.32	
327.025	43.93	
327.236	18.12	
327.448	19.97	
327.659	-3.38	
327.871	8.91	
328.082	4.81	
328.293	10.14	
328.505	21.2	
328.716	36.76	
328.928	19.76	
329.139	25.09	
329.35	11.16	
329.562	9.73	
329.773	15.26	
329.984	25.09	
330.196	21.61	
330.407	46.59	
330.618	48.84	
330.83	37.58	
331.041	35.74	
331.252	31.44	
331.463	21.4	
331.675	20.58	
331.886	23.45	
332.097	27.95	
332.308	35.12	
332.52	36.56	
332.731	37.17	
332.942	42.09	
333.153	49.66	
333.364	46.59	
333.575	45.16	
333.787	45.36	
333.998	29.18	
334.209	30.41	
334.42	15.87	
334.631	10.34	
334.842	9.93	
335.053	40.65	
335.264	21.2	
335.475	29.8	
335.686	39.01	
335.898	34.71	
336.109	1.13	
336.32	8.29	
336.531	12.6	
336.742	27.95	
336.953	35.74	
337.164	51.71	
337.375	38.4	
337.586	34.1	
337.797	18.53	
338.007	11.78	
338.218	3.79	
338.429	22.02	
338.64	27.55	
338.851	29.59	
339.062	40.24	
339.273	59.29	
339.484	39.42	
339.695	26.52	
339.906	27.75	
340.116	14.23	
340.327	-8.7	
340.538	10.34	
340.749	22.43	
340.96	23.86	
341.171	9.93	
341.381	20.58	
341.592	13.62	
341.803	8.7	
342.014	10.55	
342.224	42.5	
342.435	43.31	
342.646	42.29	
342.857	49.25	
343.067	36.35	
343.278	30.62	
343.489	31.85	
343.699	45.57	
343.91	44.13	
344.121	56.42	
344.331	51.51	
344.542	56.22	
344.753	62.16	
344.963	72.4	
345.174	93.08	
345.384	105.98	
345.595	111.72	
345.806	100.86	
346.016	93.49	
346.227	82.64	
346.437	83.66	
346.648	86.53	
346.858	101.89	
347.069	105.16	
347.279	101.07	
347.49	84.27	
347.7	73.83	
347.911	52.53	
348.121	59.29	
348.332	69.12	
348.542	81	
348.753	85.09	
348.963	114.38	
349.173	118.27	
349.384	135.47	
349.594	169.67	
349.805	182.58	
350.015	177.05	
350.225	199.37	
350.436	206.74	
350.646	224.15	
350.856	258.76	
351.067	278.01	
351.277	276.17	
351.487	289.69	
351.698	299.52	
351.908	334.33	
352.118	375.7	
352.328	429.56	
352.539	489.36	
352.749	535.03	
352.959	564.73	
353.169	626.99	
353.38	671.02	
353.59	717.92	
353.8	763.99	
354.01	836.7	
354.22	871.51	
354.431	959.78	
354.641	1020.4	
354.851	1104.37	
355.061	1163.14	
355.271	1277.63	
355.481	1341.32	
355.691	1435.11	
355.901	1533.21	
356.111	1669.81	
356.321	1771.8	
356.532	1909.42	
356.742	2034.55	
356.952	2155.79	
357.162	2277.65	
357.372	2397.66	
357.582	2540.81	
357.792	2700.76	
358.002	2892.65	
358.212	3092.94	
358.422	3342.59	
358.632	3580.36	
358.842	3840.04	
359.051	4119.59	
359.261	4407.54	
359.471	4726.81	
359.681	5051.01	
359.891	5384.21	
360.101	5719.26	
360.311	6122.91	
360.521	6535.58	
360.731	6981.42	
360.94	7430.54	
361.15	7899.94	
361.36	8313.22	
361.57	8776.26	
361.78	9289.48	
361.989	9860.05	
362.199	10478.33	
362.409	11171.98	
362.619	11847.81	
362.828	12636.48	
363.038	13441.13	
363.248	14218.33	
363.458	14962.15	
363.667	15726.86	
363.877	16415.19	
364.087	17086.72	
364.296	17833.4	
364.506	18649.52	
364.716	19389.25	
364.925	20150.48	
365.135	20904.33	
365.345	21603.1	
365.554	22262.34	
365.764	22862.6	
365.973	23324.01	
366.183	23674.83	
366.393	23823.92	
366.602	23880.24	
366.812	23908.7	
367.021	23840.51	
367.231	23762.48	
367.44	23672.37	
367.65	23575.91	
367.859	23445.25	
368.069	23278.95	
368.278	23025.21	
368.488	22844.17	
368.697	22544.55	
368.907	22274.42	
369.116	22064.3	
369.326	21812.2	
369.535	21463.63	
369.744	21136.98	
369.954	20706.09	
370.163	20255.33	
370.373	19867.45	
370.582	19540.8	
370.791	19133.25	
371.001	18749.87	
371.21	18389.63	
371.419	17927.82	
371.629	17427.7	
371.838	17033.47	
372.047	16786.69	
372.256	16458.19	
372.466	16238.24	
372.675	15998.63	
372.884	15731.57	
373.093	15349.42	
373.303	15029.94	
373.512	14708.41	
373.721	14406.33	
373.93	14104.46	
374.139	13761.02	
374.349	13369.45	
374.558	12981.15	
374.767	12509.1	
374.976	12125.92	
375.185	11770.8	
375.394	11444.97	
375.603	11048.07	
375.813	10751.53	
376.022	10379.21	
376.231	9979.65	
376.44	9552.44	
376.649	9199.99	
376.858	8826.85	
377.067	8442.44	
377.276	8090.6	
377.485	7781.77	
377.694	7518.61	
377.903	7231.68	
378.112	6957.05	
378.321	6777.04	
378.53	6549.51	
378.739	6268.12	
378.948	6071.72	
379.157	5835.58	
379.366	5562.18	
379.575	5333.42	
379.784	5095.65	
379.992	4871.61	
380.201	4713.91	
380.41	4517.31	
380.619	4358.79	
380.828	4236.94	
381.037	4106.28	
381.246	3958.01	
381.454	3810.55	
381.663	3690.95	
381.872	3588.96	
382.081	3484.11	
382.29	3354.06	
382.498	3257.4	
382.707	3149.06	
382.916	3020.86	
383.125	2863.78	
383.333	2825.68	
383.542	2785.95	
383.751	2697.89	
383.959	2638.71	
384.168	2608.6	
384.377	2532.21	
384.585	2438.82	
384.794	2368.78	
385.003	2308.57	
385.211	2262.29	
385.42	2170.13	
385.628	2106.85	
385.837	2053.19	
386.046	1988.88	
386.254	1923.15	
386.463	1855.56	
386.671	1811.94	
386.88	1749.27	
387.088	1693.16	
387.297	1626.6	
387.505	1607.35	
387.714	1545.91	
387.922	1484.67	
388.131	1456.41	
388.339	1417.3	
388.548	1341.11	
388.756	1279.88	
388.965	1254.28	
389.173	1193.86	
389.381	1165.19	
389.59	1134.88	
389.798	1121.16	
390.007	1073.65	
390.215	1037.6	
390.423	1008.73	
390.632	980.67	
390.84	964.7	
391.048	958.35	
391.257	931.31	
391.465	890.56	
391.673	873.36	
391.882	825.23	
392.09	788.37	
392.298	773.21	
392.506	742.49	
392.715	719.14	
392.923	722.42	
393.131	710.34	
393.339	683.51	
393.547	657.3	
393.756	646.24	
393.964	612.04	
394.172	587.66	
394.38	562.27	
394.588	572.71	
394.796	552.23	
395.005	527.86	
395.213	523.36	
395.421	522.54	
395.629	488.95	
395.837	470.11	
396.045	465.4	
396.253	460.08	
396.461	441.64	
396.669	440.01	
396.877	428.54	
397.085	413.38	
397.293	391.67	
397.501	377.75	
397.709	364.03	
397.917	353.79	
398.125	352.56	
398.333	358.09	
398.541	359.11	
398.749	359.93	
398.957	342.52	
399.165	333.51	
399.373	320.61	
399.581	329.42	
399.788	323.89	
399.996	331.46	
400.204	337.61	
400.412	329.01	
400.62	308.73	
400.828	297.26	
401.035	293.58	
401.243	288.87	
401.451	268.8	
401.659	244.02	
401.867	242.58	
402.074	222.51	
402.282	204.69	
402.49	207.77	
402.697	229.07	
402.905	218.21	
403.113	234.39	
403.321	213.3	
403.528	213.3	
403.736	203.26	
403.944	199.57	
404.151	194.45	
404.359	202.44	
404.566	193.23	
404.774	182.99	
404.982	189.95	
405.189	176.64	
405.397	180.73	
405.604	176.84	
405.812	187.9	
406.02	172.95	
406.227	177.87	
406.435	168.65	
406.642	178.89	
406.85	167.01	
407.057	178.07	
407.265	176.02	
407.472	199.37	
407.679	192	
407.887	191.18	
408.094	177.46	
408.302	165.58	
408.509	149.4	
408.717	156.16	
408.924	155.54	
409.131	154.72	
409.339	160.87	
409.546	149.81	
409.753	135.47	
409.961	139.57	
410.168	137.73	
410.375	136.91	
410.583	146.33	
410.79	147.35	
410.997	138.55	
411.205	126.46	
411.412	124.21	
411.619	115.2	
411.826	129.33	
412.034	144.48	
412.241	155.34	
412.448	133.43	
412.655	124.21	
412.862	115.2	
413.07	86.73	
413.277	77.31	
413.484	84.48	
413.691	92.47	
413.898	83.25	
414.105	99.43	
414.312	94.72	
414.519	98.4	
414.727	87.76	
414.934	91.44	
415.141	84.89	
415.348	107.01	
415.555	101.68	
415.762	105.16	
415.969	96.36	
416.176	103.73	
416.383	99.22	
416.59	89.39	
416.797	79.77	
417.004	81.2	
417.211	66.05	
417.418	50.48	
417.625	51.3	
417.831	53.76	
418.038	48.02	
418.245	53.35	
418.452	50.89	
418.659	65.43	
418.866	65.23	
419.073	65.64	
419.28	61.13	
419.486	73.42	
419.693	55.4	
419.9	59.29	
420.107	57.45	
420.314	61.75	
420.52	67.28	
420.727	96.15	
420.934	87.14	
421.141	83.86	
421.347	66.25	
421.554	48.64	
421.761	24.88	
421.967	47.41	
422.174	71.78	
422.381	86.94	
422.588	83.25	
422.794	88.98	
423.001	88.17	
423.207	55.81	
423.414	43.11	
423.621	45.77	
423.827	49.66	
424.034	37.99	
424.24	52.33	
424.447	54.58	
424.654	44.95	
424.86	33.28	
425.067	29.59	
425.273	25.09	
425.48	53.55	
425.686	70.35	
425.893	71.78	
426.099	76.7	
426.306	92.06	
426.512	79.15	
426.718	87.55	
426.925	92.06	
427.131	76.08	
427.338	68.09	
427.544	56.01	
427.75	39.22	
427.957	38.81	
428.163	40.86	
428.37	28.98	
428.576	38.81	
428.782	34.3	
428.988	44.13	
429.195	47.62	
429.401	44.54	
429.607	28.98	
429.814	52.94	
430.02	40.86	
430.226	42.09	
430.432	48.23	
430.639	53.76	
430.845	37.17	
431.051	40.24	
431.257	37.38	
431.463	38.4	
431.67	22.83	
431.876	2.76	
432.082	-6.04	
432.288	12.8	
432.494	16.08	
432.7	41.88	
432.906	58.06	
433.112	57.04	
433.318	51.71	
433.525	50.48	
433.731	29.8	
433.937	42.9	
434.143	52.12	
434.349	43.31	
434.555	39.63	
434.761	38.19	
434.967	23.24	
435.173	31.44	
435.379	27.14	
435.585	36.97	
435.791	44.54	
435.996	69.12	
436.202	68.5	
436.408	62.36	
436.614	65.02	
436.82	75.47	
437.026	50.28	
437.232	41.47	
437.438	49.66	
437.644	26.73	
437.849	21.81	
438.055	16.49	
438.261	10.75	
438.467	8.7	
438.673	15.87	
438.878	11.57	
439.084	23.24	
439.29	34.51	
439.496	26.73	
439.701	29.39	
439.907	16.49	
440.113	17.31	
440.318	10.34	
440.524	19.76	
440.73	29.18	
440.935	33.89	
441.141	13.21	
441.347	25.5	
441.552	10.96	
441.758	9.32	
441.964	14.03	
442.169	31.64	
442.375	16.69	
442.58	44.34	
442.786	55.6	
442.991	61.75	
443.197	49.05	
443.402	55.19	
443.608	52.53	
443.813	53.76	
444.019	49.46	
444.224	69.94	
444.43	59.7	
444.635	56.63	
444.841	18.74	
445.046	33.89	
445.252	13	
445.457	19.76	
445.662	2.56	
445.868	8.09	
446.073	-16.49	
446.278	-0.1	
446.484	1.33	
446.689	2.76	
446.894	14.44	
447.1	27.55	
447.305	25.91	
447.51	30.62	
447.716	24.06	
447.921	26.11	
448.126	28.57	
448.331	11.98	
448.537	13	
448.742	32.46	
448.947	17.71	
449.152	10.55	
449.357	24.27	
449.563	30.41	
449.768	20.99	
449.973	30.82	
450.178	29.39	
450.383	14.85	
450.588	8.91	
450.793	16.08	
450.999	27.34	
451.204	39.01	
451.409	44.54	
451.614	36.97	
451.819	26.93	
452.024	18.74	
452.229	8.09	
452.434	8.7	
452.639	-5.63	
452.844	18.33	
453.049	2.56	
453.254	-7.07	
453.459	-11.16	
453.664	4.4	
453.869	-10.75	
454.074	0.51	
454.279	10.96	
454.483	18.53	
454.688	10.55	
454.893	16.28	
455.098	17.71	
455.303	21.81	
455.508	17.51	
455.713	24.88	
455.917	2.97	
456.122	16.08	
456.327	2.36	
456.532	6.04	
456.737	-7.48	
456.941	6.66	
457.146	-17.71	
457.351	-16.9	
457.555	-19.76	
457.76	-2.56	
457.965	4.61	
458.17	26.52	
458.374	51.71	
458.579	62.57	
458.784	43.93	
458.988	41.68	
459.193	22.22	
459.397	9.32	
459.602	3.99	
459.807	27.34	
460.011	15.46	
460.216	21.81	
460.42	7.07	
460.625	-1.13	
460.829	-8.09	
461.034	-7.68	
461.239	-9.52	
461.443	-2.15	
461.648	7.48	
461.852	0.1	
462.056	9.73	
462.261	14.23	
462.465	36.97	
462.67	36.76	
462.874	30.82	
463.079	35.53	
463.283	19.56	
463.487	-0.51	
463.692	-14.44	
463.896	-17.51	
464.1	-34.3	
464.305	-15.05	
464.509	-22.43	
464.713	-14.23	
464.918	-2.76	
465.122	4.2	
465.326	3.17	
465.531	2.15	
465.735	2.56	
465.939	12.6	
466.143	10.34	
466.348	9.52	
466.552	6.25	
466.756	7.07	
466.96	8.7	
467.164	7.07	
467.368	15.67	
467.573	31.44	
467.777	21.4	
467.981	8.29	
468.185	-2.56	
468.389	-4.81	
468.593	-25.5	
468.797	-22.63	
469.001	-28.77	
469.205	-7.07	
469.409	-14.03	
469.613	-10.14	
469.817	1.33	
470.021	4.4	
470.225	-9.32	
470.429	-13	
470.633	-5.84	
470.837	-17.31	
471.041	-7.68	
471.245	-14.44	
471.449	-2.56	
471.653	0.51	
471.857	26.11	
472.061	13.82	
472.265	22.63	
472.469	21.4	
472.673	13.21	
472.876	5.63	
473.08	7.48	
473.284	26.32	
473.488	15.67	
473.692	25.5	
473.895	18.12	
474.099	30	
474.303	29.59	
474.507	31.44	
474.71	38.4	
474.914	39.42	
475.118	33.69	
475.322	21.61	
475.525	9.11	
475.729	-1.74	
475.933	-10.96	
476.136	-4.61	
476.34	1.54	
476.543	10.75	
476.747	2.97	
476.951	13.21	
477.154	1.95	
477.358	7.68	
477.561	7.27	
477.765	19.76	
477.969	14.85	
478.172	15.87	
478.376	5.63	
478.579	16.08	
478.783	19.15	
478.986	22.02	
479.19	22.22	
479.393	26.93	
479.596	16.49	
479.8	4.81	
480.003	-3.79	
480.207	-2.97	
480.41	-10.75	
480.614	-10.34	
480.817	-14.23	
481.02	3.38	
481.224	10.75	
481.427	19.97	
481.63	33.48	
481.834	50.28	
482.037	21.2	
482.24	17.71	
482.443	7.48	
482.647	-16.9	
482.85	-19.35	
483.053	10.34	
483.256	-5.63	
483.46	13.82	
483.663	25.5	
483.866	40.86	
484.069	26.93	
484.272	26.73	
484.476	7.48	
484.679	13.62	
484.882	9.52	
485.085	0.92	
485.288	13.62	
485.491	17.71	
485.694	5.43	
485.897	-7.88	
486.101	-0.51	
486.304	1.95	
486.507	-2.97	
486.71	6.86	
486.913	2.56	
487.116	-0.72	
487.319	-6.04	
487.522	-2.36	
487.725	0.72	
487.928	1.74	
488.13	-4.4	
488.333	6.45	
488.536	10.96	
488.739	-4.4	
488.942	2.36	
489.145	8.09	
489.348	-3.17	
489.551	-7.68	
489.754	2.36	
489.956	-3.38	
490.159	-9.73	
490.362	-11.37	
490.565	-19.56	
490.768	-16.08	
490.97	-10.96	
491.173	-1.13	
491.376	5.63	
491.579	8.09	
491.781	13.62	
491.984	5.22	
492.187	14.23	
492.39	11.57	
492.592	12.8	
492.795	3.17	
492.998	1.54	
493.2	-20.17	
493.403	-20.58	
493.605	-8.91	
493.808	-13.82	
494.011	-16.9	
494.213	-8.7	
494.416	-8.91	
494.618	-25.5	
494.821	-27.14	
495.023	-19.35	
495.226	-0.1	
495.428	-1.33	
495.631	5.02	
495.833	19.76	
496.036	25.09	
496.238	11.57	
496.441	20.58	
496.643	6.45	
496.846	2.36	
497.048	-3.17	
497.25	-0.1	
497.453	-5.02	
497.655	30.21	
497.858	30.41	
498.06	40.24	
498.262	24.47	
498.465	18.33	
498.667	4.61	
498.869	10.14	
499.071	8.29	
499.274	29.59	
499.476	23.45	
499.678	10.14	
499.881	-1.95	
500.083	-17.31	
500.285	-33.69	
500.487	-7.27	
500.689	-6.66	
500.892	-5.02	
501.094	-10.55	
501.296	14.64	
501.498	5.63	
501.7	8.29	
501.902	18.53	
502.104	37.99	
502.306	15.26	
502.509	14.64	
502.711	17.31	
502.913	8.91	
503.115	1.33	
503.317	7.68	
503.519	-1.74	
503.721	3.79	
503.923	17.71	
504.125	27.14	
504.327	27.55	
504.529	36.76	
504.731	35.53	
504.933	30.82	
505.134	17.92	
505.336	18.94	
505.538	14.64	
505.74	8.5	
505.942	-0.92	
506.144	-4.4	
506.346	-6.04	
506.548	5.63	
506.749	9.11	
506.951	20.79	
507.153	21.81	
507.355	13.21	
507.557	3.99	
507.758	18.74	
507.96	-2.76	
508.162	9.11	
508.363	6.86	
508.565	7.48	
508.767	-34.51	
508.969	-27.95	
509.17	-30.62	
509.372	-13.21	
509.574	-25.09	
509.775	1.33	
509.977	-4.81	
510.178	1.54	
510.38	-5.43	
510.582	17.1	
510.783	2.36	
510.985	2.15	
511.186	-10.34	
511.388	-6.04	
511.589	-7.27	
511.791	-0.51	
511.992	11.16	
512.194	22.22	
512.395	13.82	
512.597	-8.91	
512.798	-10.14	
513	-16.49	
513.201	-19.97	
513.403	-0.31	
513.604	-7.27	
513.805	11.37	
514.007	13	
514.208	2.15	
514.409	-9.32	
514.611	2.56	
514.812	9.93	
515.013	26.52	
515.215	33.07	
515.416	16.08	
515.617	18.94	
515.819	-16.08	
516.02	-29.8	
516.221	-16.28	
516.422	0.51	
516.623	-5.63	
516.825	13.62	
517.026	8.5	
517.227	-14.64	
517.428	-23.04	
517.629	-18.12	
517.83	-26.93	
518.032	-10.75	
518.233	9.52	
518.434	18.33	
518.635	20.99	
518.836	20.17	
519.037	10.14	
519.238	3.58	
519.439	5.63	
519.64	-2.76	
519.841	1.33	
520.042	16.28	
520.243	21.81	
520.444	22.63	
520.645	34.71	
520.846	31.23	
521.047	21.2	
521.248	3.79	
521.449	3.58	
521.65	0.51	
521.851	19.35	
522.052	11.16	
522.252	32.87	
522.453	32.67	
522.654	37.58	
522.855	25.5	
523.056	25.29	
523.257	22.43	
523.457	3.99	
523.658	-7.07	
523.859	-12.8	
524.06	-14.03	
524.26	-29.8	
524.461	-20.58	
524.662	-5.43	
524.862	-6.86	
525.063	7.07	
525.264	16.08	
525.464	18.12	
525.665	9.93	
525.866	23.65	
526.066	1.13	
526.267	6.66	
526.468	4.4	
526.668	9.93	
526.869	12.39	
527.069	23.04	
527.27	19.56	
527.47	32.67	
527.671	19.15	
527.871	5.63	
528.072	0.51	
528.272	-12.39	
528.473	-12.39	
528.673	19.35	
528.874	22.02	
529.074	30.62	
529.275	48.84	
529.475	48.43	
529.675	13.62	
529.876	11.37	
530.076	-7.48	
530.277	-6.45	
530.477	-20.58	
530.677	-19.76	
530.878	-26.52	
531.078	1.13	
531.278	-13	
531.478	-5.43	
531.679	6.86	
531.879	18.53	
532.079	-1.95	
532.28	1.95	
532.48	-15.87	
532.68	-11.98	
532.88	-12.39	
533.08	-6.86	
533.28	-11.16	
533.481	-2.97	
533.681	-9.11	
533.881	-1.33	
534.081	8.29	
534.281	16.28	
534.481	18.94	
534.681	36.97	
534.881	41.47	
535.081	36.35	
535.281	16.28	
535.481	43.11	
535.682	27.14	
535.882	-9.52	
536.082	-18.74	
536.281	-1.13	
536.481	-30.82	
536.681	-24.06	
536.881	-7.48	
537.081	-0.72	
537.281	-2.97	
537.481	1.13	
537.681	-19.56	
537.881	-17.31	
538.081	-2.56	
538.281	-9.93	
538.48	-11.57	
538.68	-5.02	
538.88	13.62	
539.08	14.64	
539.28	24.06	
539.479	43.31	
539.679	42.09	
539.879	30.62	
540.079	9.52	
540.278	14.44	
540.478	-11.78	
540.678	-9.93	
540.877	-0.92	
541.077	-3.79	
541.277	-4.61	
541.476	19.76	
541.676	19.97	
541.876	20.38	
542.075	38.81	
542.275	38.6	
542.474	25.29	
542.674	40.86	
542.874	24.68	
543.073	13.62	
543.273	8.7	
543.472	11.57	
543.672	1.13	
543.871	-6.66	
544.071	-1.54	
544.27	15.26	
544.47	8.29	
544.669	6.25	
544.868	18.33	
545.068	14.44	
545.267	-4.81	
545.467	22.83	
545.666	15.87	
545.865	11.57	
546.065	1.74	
546.264	6.04	
546.463	-24.68	
546.663	-18.33	
546.862	-17.71	
547.061	-5.02	
547.261	-12.8	
547.46	-0.92	
547.659	1.95	
547.858	28.57	
548.058	26.52	
548.257	33.89	
548.456	25.09	
548.655	34.1	
548.854	5.43	
549.053	20.79	
549.253	26.52	
549.452	22.83	
549.651	11.98	
549.85	31.44	
550.049	17.51	
550.248	5.63	
550.447	19.35	
550.646	27.34	
550.845	23.86	
551.044	24.68	
551.243	34.92	
551.442	31.23	
551.641	27.34	
551.84	27.75	
552.039	32.26	
552.238	34.3	
552.437	30.21	
552.636	27.34	
552.835	15.67	
553.034	26.11	
553.233	23.45	
553.432	31.85	
553.63	44.75	
553.829	52.74	
554.028	33.48	
554.227	36.76	
554.426	40.86	
554.625	37.38	
554.823	38.6	
555.022	47	
555.221	50.28	
555.42	39.83	
555.618	43.11	
555.817	32.05	
556.016	29.59	
556.214	23.24	
556.413	26.93	
556.612	24.06	
556.81	18.94	
557.009	13.21	
557.208	6.86	
557.406	11.16	
557.605	-0.51	
557.803	-0.1	
558.002	0.51	
558.201	-6.04	
558.399	-4.4	
558.598	-12.39	
558.796	-2.97	
558.995	-5.63	
559.193	6.25	
559.392	-3.99	
559.59	13.62	
559.789	23.04	
559.987	44.75	
560.185	39.42	
560.384	45.77	
560.582	36.35	
560.781	43.72	
560.979	32.67	
561.177	27.75	
561.376	22.02	
561.574	36.35	
561.772	0.51	
561.971	17.1	
562.169	26.52	
562.367	20.79	
562.566	10.14	
562.764	16.28	
562.962	-4.4	
563.16	-7.88	
563.358	-2.36	
563.557	-3.17	
563.755	16.08	
563.953	12.19	
564.151	10.96	
564.349	15.87	
564.547	13.21	
564.746	1.13	
564.944	-0.31	
565.142	-1.13	
565.34	2.76	
565.538	-0.31	
565.736	8.91	
565.934	4.81	
566.132	14.03	
566.33	10.34	
566.528	20.79	
566.726	9.32	
566.924	17.1	
567.122	-2.36	
567.32	-18.33	
567.518	-21.4	
567.716	-18.33	
567.914	-31.23	
568.112	-19.76	
568.31	-1.74	
568.507	5.63	
568.705	0.31	
568.903	5.43	
569.101	14.85	
569.299	27.75	
569.497	18.94	
569.694	24.88	
569.892	40.04	
570.09	44.54	
570.288	25.29	
570.486	22.63	
570.683	28.16	
570.881	13.21	
571.079	-11.37	
571.276	-17.51	
571.474	-10.55	
571.672	-16.28	
571.869	-10.75	
572.067	3.58	
572.265	14.64	
572.462	9.73	
572.66	16.49	
572.857	26.93	
573.055	29.8	
573.253	34.71	
573.45	37.58	
573.648	40.24	
573.845	32.46	
574.043	36.76	
574.24	16.69	
574.438	7.48	
574.635	-5.43	
574.832	-13.41	
575.03	-17.71	
575.227	12.6	
575.425	0.31	
575.622	-0.72	
575.82	-0.1	
576.017	-2.56	
576.214	-11.37	
576.412	7.07	
576.609	6.04	
576.806	1.54	
577.004	-7.68	
577.201	-15.87	
577.398	-6.86	
577.595	22.43	
577.793	37.79	
577.99	47.41	
578.187	44.54	
578.384	40.65	
578.582	21.81	
578.779	37.38	
578.976	39.22	
579.173	50.48	
579.37	51.1	
579.567	53.96	
579.764	26.11	
579.962	23.24	
580.159	15.05	
580.356	12.39	
580.553	1.74	
580.75	18.33	
580.947	7.48	
581.144	17.31	
581.341	14.44	
581.538	19.35	
581.735	4.4	
581.932	13.41	
582.129	-0.72	
582.326	0.1	
582.523	-3.79	
582.72	-18.12	
582.916	-21.2	
583.113	-25.7	
583.31	-24.06	
583.507	-15.05	
583.704	14.03	
583.901	28.57	
584.098	32.67	
584.294	31.03	
584.491	24.47	
584.688	7.07	
584.885	-14.44	
585.082	14.64	
585.278	15.05	
585.475	21.2	
585.672	36.15	
585.868	41.27	
586.065	15.87	
586.262	9.52	
586.458	15.46	
586.655	25.91	
586.852	23.04	
587.048	21.81	
587.245	20.17	
587.442	26.93	
587.638	25.09	
587.835	39.63	
588.031	34.51	
588.228	47.62	
588.424	18.53	
588.621	8.29	
588.817	0.1	
589.014	19.97	
589.21	3.17	
589.407	16.08	
589.603	12.8	
589.8	27.34	
589.996	21.61	
590.192	32.87	
590.389	36.35	
590.585	36.97	
590.782	22.22	
590.978	28.57	
591.174	24.27	
591.371	28.36	
591.567	23.24	
591.763	9.52	
591.959	-3.79	
592.156	-0.31	
592.352	-0.51	
592.548	-1.54	
592.744	3.17	
592.941	11.37	
593.137	13.82	
593.333	-6.04	
593.529	24.06	
593.725	41.06	
593.922	20.17	
594.118	28.16	
594.314	30.41	
594.51	10.96	
594.706	-13.82	
594.902	4.81	
595.098	-3.17	
595.294	9.73	
595.49	9.52	
595.686	33.48	
595.882	19.97	
596.078	31.44	
596.274	35.94	
596.47	33.07	
596.666	35.33	
596.862	37.99	
597.058	28.98	
597.254	30.41	
597.45	24.06	
597.646	26.11	
597.842	24.47	
598.037	32.05	
598.233	18.53	
598.429	33.48	
598.625	12.39	
598.821	16.49	
599.017	-2.56	
599.212	11.98	
599.408	2.76	
599.604	4.81	
599.8	8.09	
599.995	2.97	
600.191	-10.34	
600.387	-11.98	
600.582	-9.11	
600.778	-2.97	
600.974	2.56	
601.169	6.86	
601.365	19.15	
601.561	13.62	
601.756	-8.29	
601.952	-4.2	
602.147	-12.39	
602.343	-25.7	
602.538	-5.02	
602.734	1.33	
602.93	14.03	
603.125	21.2	
603.321	30.21	
603.516	27.34	
603.711	25.09	
603.907	16.08	
604.102	7.07	
604.298	14.03	
604.493	5.02	
604.689	37.58	
604.884	29.8	
605.079	42.7	
605.275	14.23	
605.47	15.67	
605.665	-9.93	
605.861	-0.92	
606.056	-8.09	
606.251	-9.52	
606.447	8.7	
606.642	0.92	
606.837	-3.58	
607.032	10.34	
607.227	17.92	
607.423	1.33	
607.618	15.67	
607.813	16.69	
608.008	6.86	
608.203	31.23	
608.398	53.35	
608.594	29.8	
608.789	30.82	
608.984	39.42	
609.179	28.77	
609.374	6.45	
609.569	29.59	
609.764	24.06	
609.959	16.49	
610.154	9.52	
610.349	13	
610.544	6.04	
610.739	-1.74	
610.934	-1.74	
611.129	17.71	
611.324	23.86	
611.519	39.22	
611.714	66.66	
611.909	68.09	
612.103	65.64	
612.298	73.62	
612.493	70.96	
612.688	67.48	
612.883	70.96	
613.078	43.31	
613.272	59.08	
613.467	52.33	
613.662	55.81	
613.857	57.86	
614.051	76.7	
614.246	46.59	
614.441	44.13	
614.635	16.9	
614.83	14.85	
615.025	11.57	
615.219	0.92	
615.414	-16.9	
615.609	-4.4	
615.803	-23.24	
615.998	-11.57	
616.192	9.32	
616.387	28.16	
616.582	39.63	
616.776	56.22	
616.971	40.24	
617.165	22.02	
617.36	15.87	
617.554	12.8	
617.749	14.64	
617.943	13	
618.138	17.71	
618.332	23.86	
618.526	8.29	
618.721	13.62	
618.915	24.47	
619.11	31.03	
619.304	21.2	
619.498	29.39	
619.693	24.47	
619.887	16.49	
620.081	1.13	
620.275	10.55	
620.47	12.39	
620.664	2.76	
620.858	-11.16	
621.052	-8.91	
621.247	1.74	
621.441	-7.68	
621.635	-8.91	
621.829	17.31	
622.023	11.78	
622.218	11.78	
622.412	8.91	
622.606	18.94	
622.8	4.61	
622.994	12.8	
623.188	-3.79	
623.382	11.98	
623.576	10.96	
623.77	13.21	
623.964	23.86	
624.158	30.82	
624.352	20.17	
624.546	23.04	
624.74	21.61	
624.934	16.08	
625.128	16.69	
625.322	22.63	
625.516	23.86	
625.71	18.94	
625.904	7.27	
626.098	21.81	
626.291	16.49	
626.485	16.69	
626.679	10.34	
626.873	31.23	
627.067	5.63	
627.26	13	
627.454	7.27	
627.648	21.61	
627.842	8.5	
628.035	7.27	
628.229	-4.81	
628.423	-13	
628.617	-28.77	
628.81	-36.56	
629.004	-28.77	
629.198	-10.14	
629.391	-1.13	
629.585	29.8	
629.778	33.69	
629.972	36.56	
630.166	28.16	
630.359	20.17	
630.553	-3.99	
630.746	10.96	
630.94	9.11	
631.133	-3.17	
631.327	-2.97	
631.52	-0.92	
631.714	-5.43	
631.907	-8.7	
632.1	3.58	
632.294	14.85	
632.487	19.56	
632.681	26.73	
632.874	18.33	
633.067	29.59	
633.261	24.68	
633.454	16.08	
633.647	7.07	
633.841	5.63	
634.034	0.51	
634.227	8.91	
634.421	10.14	
634.614	22.22	
634.807	31.23	
635	15.46	
635.193	16.69	
635.387	20.38	
635.58	8.91	
635.773	20.79	
635.966	32.67	
636.159	37.38	
636.352	19.35	
636.545	6.25	
636.739	-13.41	
636.932	-18.12	
637.125	-37.58	
637.318	-14.85	
637.511	-2.76	
637.704	2.36	
637.897	-2.56	
638.09	-5.63	
638.283	-0.1	
638.476	13.21	
638.669	18.53	
638.862	28.36	
639.055	24.06	
639.247	9.93	
639.44	-5.43	
639.633	-1.13	
639.826	-15.26	
640.019	-7.88	
640.212	-1.33	
640.405	1.74	
640.597	0.72	
640.79	21.2	
640.983	23.86	
641.176	26.32	
641.368	30.41	
641.561	37.17	
641.754	20.58	
641.947	40.45	
642.139	50.07	
642.332	33.07	
642.525	17.31	
642.717	29.59	
642.91	12.39	
643.103	0.51	
643.295	-1.33	
643.488	-3.99	
643.68	-17.1	
643.873	-23.04	
644.065	-27.34	
644.258	-20.17	
644.45	-10.75	
644.643	-0.92	
644.835	-7.68	
645.028	-7.88	
645.22	-8.5	
645.413	-19.76	
645.605	-31.23	
645.798	-28.98	
645.99	-15.46	
646.182	-2.36	
646.375	17.92	
646.567	28.77	
646.76	28.16	
646.952	16.9	
647.144	-1.54	
647.337	-17.51	
647.529	-11.78	
647.721	-0.31	
647.913	1.54	
648.106	1.74	
648.298	-7.68	
648.49	-25.29	
648.682	-40.65	
648.874	-35.12	
649.067	-22.02	
649.259	-12.8	
649.451	-10.34	
649.643	3.38	
649.835	-4.4	
650.027	-11.16	
650.219	-12.39	
650.411	0.51	
650.603	-8.91	
650.796	8.5	
650.988	-1.13	
651.18	19.56	
651.372	19.76	
651.564	19.15	
651.756	0.1	
651.948	-0.1	
652.139	-18.33	
652.331	-22.02	
652.523	-17.71	
652.715	-13.62	
652.907	-4.4	
653.099	-7.27	
653.291	-15.67	
653.483	-16.69	
653.674	-7.68	
653.866	-4.2	
654.058	2.56	
654.25	24.47	
654.442	29.59	
654.633	11.98	
654.825	5.02	
655.017	7.27	
655.209	-26.11	
655.4	-18.53	
655.592	-30.21	
655.784	-6.86	
655.975	-1.95	
656.167	17.92	
656.359	1.54	
656.55	26.11	
656.742	-13.21	
656.933	-13.41	
657.125	-23.04	
657.316	-20.99	
657.508	-36.56	
657.7	4.81	
657.891	0.51	
658.083	11.16	
658.274	14.23	
658.466	35.53	
658.657	26.93	
658.848	20.58	
659.04	16.69	
659.231	11.57	
659.423	-5.43	
659.614	-19.56	
659.805	3.17	
659.997	19.35	
660.188	20.79	
660.379	25.7	
660.571	27.14	
660.762	9.11	
660.953	-9.93	
661.145	5.22	
661.336	-3.99	
661.527	68.71	
661.718	82.64	
661.909	77.52	
662.101	67.07	
662.292	80.38	
662.483	-9.52	
662.674	-20.58	
662.865	-12.6	
663.056	-17.31	
663.247	-30.21	
663.439	-1.95	
663.63	-7.07	
663.821	-16.69	
664.012	-13.21	
664.203	-0.31	
664.394	-7.48	
664.585	-3.17	
664.776	0.92	
664.967	5.02	
665.158	-8.5	
665.349	0.72	
665.54	-5.43	
665.73	2.76	
665.921	-12.6	
666.112	-5.22	
666.303	-17.31	
666.494	6.66	
666.685	9.11	
666.876	28.57	
667.066	23.86	
667.257	39.42	
667.448	1.13	
667.639	-5.22	
667.83	-9.93	
668.02	1.95	
668.211	-28.16	
668.402	-1.74	
668.592	-12.6	
668.783	-20.99	
668.974	-38.4	
669.164	-25.29	
669.355	-35.12	
669.546	-20.17	
669.736	-16.08	
669.927	-12.8	
670.117	-24.47	
670.308	-14.44	
670.499	-33.69	
670.689	-16.9	
670.88	-10.14	
671.07	10.75	
671.261	-0.72	
671.451	16.08	
671.641	-15.26	
671.832	-0.51	
672.022	1.33	
672.213	-10.34	
672.403	-8.09	
672.594	5.63	
672.784	3.17	
672.974	-7.48	
673.165	-7.07	
673.355	-9.93	
673.545	0.31	
673.736	1.33	
673.926	-11.98	
674.116	9.93	
674.306	-2.76	
674.497	-13.41	
674.687	-27.95	
674.877	-21.81	
675.067	-35.12	
675.257	-13.21	
675.448	5.02	
675.638	17.71	
675.828	6.45	
676.018	19.97	
676.208	-5.22	
676.398	-25.09	
676.588	-42.5	
676.778	-33.48	
676.968	-45.36	
677.158	-35.33	
677.348	-35.74	
677.538	-31.03	
677.728	-19.76	
677.918	-13	
678.108	-16.69	
678.298	-14.23	
678.488	-17.31	
678.678	0.1	
678.868	-2.36	
679.058	2.56	
679.248	-1.33	
679.438	5.63	
679.627	-7.68	
679.817	-6.86	
680.007	-3.38	
680.197	0.31	
680.387	-6.04	
680.576	-1.13	
680.766	-23.65	
680.956	-36.76	
681.146	-24.27	
681.335	-21.81	
681.525	-35.74	
681.715	-7.48	
681.904	11.57	
682.094	6.45	
682.284	12.6	
682.473	14.85	
682.663	23.24	
682.852	20.58	
683.042	26.93	
683.231	29.18	
683.421	28.57	
683.61	17.31	
683.8	7.68	
683.989	-0.51	
684.179	6.86	
684.368	-4.81	
684.558	-17.1	
684.747	-15.46	
684.937	-32.26	
685.126	-44.34	
685.316	-33.28	
685.505	-26.73	
685.694	-7.07	
685.884	21.61	
686.073	13.21	
686.262	12.8	
686.452	13.62	
686.641	11.57	
686.83	3.38	
687.019	9.93	
687.209	8.91	
687.398	12.39	
687.587	-2.15	
687.776	-6.86	
687.965	-19.56	
688.155	-15.67	
688.344	-30.82	
688.533	-28.36	
688.722	-37.58	
688.911	-3.17	
689.1	-3.17	
689.289	26.52	
689.478	21.2	
689.667	30.62	
689.856	-10.34	
690.045	-7.68	
690.234	-30.21	
690.423	-10.96	
690.612	-5.63	
690.801	19.35	
690.99	18.74	
691.179	32.46	
691.368	17.51	
691.557	20.58	
691.746	10.14	
691.935	1.33	
692.124	-1.74	
692.312	9.32	
692.501	-9.52	
692.69	-7.48	
692.879	4.81	
693.068	1.54	
693.256	-17.1	
693.445	7.48	
693.634	7.68	
693.823	-7.27	
694.011	-17.92	
694.2	-8.29	
694.389	-27.14	
694.577	-28.36	
694.766	-23.04	
694.955	-12.6	
695.143	-26.11	
695.332	-24.27	
695.52	-32.46	
695.709	-19.76	
695.897	-24.88	
696.086	-22.43	
696.275	-35.12	
696.463	-24.88	
696.652	-45.36	
696.84	-37.38	
697.028	-41.88	
697.217	-19.35	
697.405	-10.34	
697.594	18.74	
697.782	15.87	
697.971	24.06	
698.159	13.62	
698.347	14.64	
698.536	-4.4	
698.724	12.19	
698.912	9.93	
699.1	13.82	
699.289	8.91	
699.477	0.31	
699.665	-30.82	
699.854	-28.36	
700.042	-31.03	
700.23	-33.69	
700.418	-15.87	
700.606	-3.79	
700.794	-8.5	
700.983	-7.27	
701.171	-5.02	
701.359	-6.45	
701.547	5.22	
701.735	19.97	
701.923	8.09	
702.111	-2.97	
702.299	-27.55	
702.487	-27.34	
702.675	-40.24	
702.863	-40.04	
703.051	-31.23	
703.239	5.22	
703.427	-10.96	
703.615	2.15	
703.803	-1.54	
703.991	-2.15	
704.179	-14.85	
704.367	-1.54	
704.554	-1.33	
704.742	8.7	
704.93	27.95	
705.118	36.35	
705.306	27.95	
705.493	27.75	
705.681	15.46	
705.869	-0.1	
706.057	-7.68	
706.244	-4.81	
706.432	-11.57	
706.62	16.9	
706.807	15.26	
706.995	28.77	
707.183	21.2	
707.37	27.14	
707.558	20.99	
707.746	37.58	
707.933	30.41	
708.121	46.39	
708.308	40.86	
708.496	33.69	
708.683	15.67	
708.871	17.31	
709.058	-7.88	
709.246	-1.74	
709.433	-8.91	
709.621	-14.85	
709.808	-19.97	
709.995	5.84	
710.183	-7.88	
710.37	-4.2	
710.558	2.97	
710.745	-0.1	
710.932	-19.35	
711.12	-5.02	
711.307	-6.25	
711.494	-3.79	
711.681	-2.36	
711.869	-3.58	
712.056	-2.76	
712.243	5.02	
712.43	-12.6	
712.618	-8.09	
712.805	3.38	
712.992	6.86	
713.179	-16.9	
713.366	7.07	
713.553	-2.97	
713.74	-12.39	
713.928	-19.35	
714.115	14.23	
714.302	4.4	
714.489	18.33	
714.676	16.69	
714.863	15.26	
715.05	13	
715.237	7.88	
715.424	-12.8	
715.611	0.92	
715.798	1.13	
715.984	-2.76	
716.171	14.64	
716.358	23.24	
716.545	15.87	
716.732	19.97	
716.919	5.63	
717.106	-17.92	
717.293	-25.09	
717.479	-15.67	
717.666	-34.1	
717.853	-24.27	
718.04	-14.23	
718.226	-7.68	
718.413	-15.46	
718.6	4.4	
718.786	4.4	
718.973	10.14	
719.16	17.1	
719.346	27.14	
719.533	21.61	
719.72	24.06	
719.906	12.19	
720.093	7.27	
720.279	-11.37	
720.466	-15.87	
720.652	-14.85	
720.839	-8.09	
721.025	-10.55	
721.212	-4.61	
721.398	-9.52	
721.585	-9.11	
721.771	2.56	
721.958	2.56	
722.144	3.79	
722.331	-0.31	
722.517	-3.38	
722.703	1.13	
722.89	-16.9	
723.076	-14.44	
723.262	-1.95	
723.449	-14.64	
723.635	-44.75	
723.821	-29.39	
724.007	-41.88	
724.194	-43.31	
724.38	-32.46	
724.566	-8.09	
724.752	0.51	
724.938	23.86	
725.125	22.22	
725.311	34.1	
725.497	8.29	
725.683	-0.92	
725.869	-10.75	
726.055	-8.91	
726.241	-20.99	
726.427	-8.5	
726.613	-19.15	
726.799	-15.46	
726.985	-30.41	
727.171	-26.93	
727.357	-25.5	
727.543	-1.13	
727.729	-17.71	
727.915	-3.38	
728.101	-3.58	
728.287	-9.32	
728.473	-18.74	
728.659	-6.66	
728.845	-14.44	
729.03	-12.6	
729.216	-6.45	
729.402	-10.14	
729.588	-12.6	
729.774	-1.33	
729.959	-8.5	
730.145	6.66	
730.331	6.45	
730.517	10.14	
730.702	20.58	
730.888	29.59	
731.074	11.78	
731.259	24.27	
731.445	21.61	
731.63	9.73	
731.816	8.29	
732.002	28.36	
732.187	32.05	
732.373	39.83	
732.558	43.31	
732.744	61.54	
732.929	52.53	
733.115	24.27	
733.3	-2.97	
733.486	-11.37	
733.671	-43.72	
733.857	-53.96	
734.042	-39.42	
734.227	-23.65	
734.413	-8.91	
734.598	5.02	
734.784	6.25	
734.969	7.68	
735.154	9.93	
735.339	7.88	
735.525	17.51	
735.71	27.75	
735.895	18.94	
736.081	20.79	
736.266	14.64	
736.451	-0.51	
736.636	15.67	
736.821	7.68	
737.007	-1.33	
737.192	-3.99	
737.377	-5.84	
737.562	-32.46	
737.747	-11.78	
737.932	-5.22	
738.117	-2.56	
738.302	14.44	
738.487	14.85	
738.672	15.67	
738.857	19.56	
739.042	23.65	
739.227	19.97	
739.412	25.09	
739.597	21.81	
739.782	33.69	
739.967	18.33	
740.152	12.8	
740.337	9.11	
740.522	3.58	
740.706	-12.8	
740.891	3.38	
741.076	18.12	
741.261	25.7	
741.446	28.16	
741.63	44.95	
741.815	32.87	
742	1.13	
742.185	-11.16	
742.369	-18.12	
742.554	-45.98	
742.739	-40.45	
742.923	-30.21	
743.108	-27.75	
743.293	-17.71	
743.477	-12.39	
743.662	-8.91	
743.846	-6.66	
744.031	-2.36	
744.216	-13	
744.4	5.84	
744.585	3.99	
744.769	6.45	
744.954	12.8	
745.138	15.26	
745.322	4.81	
745.507	-9.32	
745.691	-3.17	
745.876	-18.74	
746.06	-10.14	
746.244	-7.88	
746.429	4.4	
746.613	-6.25	
746.798	7.07	
746.982	-0.92	
747.166	-1.33	
747.35	-15.87	
747.535	-13	
747.719	-21.4	
747.903	-5.02	
748.087	-12.19	
748.272	11.98	
748.456	16.08	
748.64	21.61	
748.824	12.6	
749.008	11.78	
749.192	-2.76	
749.376	-5.43	
749.56	-18.74	
749.745	-27.14	
749.929	-18.33	
750.113	-16.69	
750.297	-30.41	
750.481	-7.07	
750.665	7.88	
750.849	6.25	
751.033	17.1	
751.217	23.45	
751.4	5.84	
751.584	-5.43	
751.768	5.84	
751.952	-4.81	
752.136	-5.22	
752.32	-8.5	
752.504	-8.5	
752.688	-18.33	
752.871	-23.24	
753.055	-23.65	
753.239	-12.19	
753.423	-6.86	
753.606	-13.41	
753.79	5.43	
753.974	12.6	
754.157	13.21	
754.341	6.86	
754.525	9.73	
754.708	3.99	
754.892	-5.63	
755.076	-2.76	
755.259	4.61	
755.443	5.02	
755.626	-3.58	
755.81	8.7	
755.993	3.99	
756.177	-8.09	
756.36	-3.38	
756.544	-8.7	
756.727	-21.4	
756.911	-28.57	
757.094	-19.15	
757.278	-21.61	
757.461	-27.34	
757.644	-24.47	
757.828	-26.32	
758.011	-16.28	
758.195	-10.55	
758.378	0.31	
758.561	3.58	
758.744	0.51	
758.928	4.81	
759.111	-5.22	
759.294	6.66	
759.477	23.24	
759.661	36.56	
759.844	23.86	
760.027	24.68	
760.21	9.52	
760.393	-13.62	
760.576	-12.19	
760.76	-15.46	
760.943	-22.63	
761.126	-4.2	
761.309	14.23	
761.492	5.22	
761.675	2.76	
761.858	17.92	
762.041	2.15	
762.224	-6.04	
762.407	-0.31	
762.59	2.56	
762.773	-13.21	
762.956	-21.61	
763.139	-26.52	
763.321	-27.75	
763.504	-33.69	
763.687	-19.35	
763.87	-1.33	
764.053	-3.17	
764.236	3.58	
764.418	8.09	
764.601	-7.07	
764.784	-7.27	
764.967	7.27	
765.149	2.15	
765.332	6.86	
765.515	33.89	
765.697	17.92	
765.88	14.23	
766.063	6.66	
766.245	1.54	
766.428	-25.5	
766.611	-25.7	
766.793	-21.61	
766.976	-5.84	
767.158	-10.14	
767.341	5.02	
767.523	5.63	
767.706	2.36	
767.888	-14.64	
768.071	15.46	
768.253	6.04	
768.436	24.88	
768.618	24.27	
768.8	55.6	
768.983	30.82	
769.165	39.63	
769.348	18.33	
769.53	18.94	
769.712	-14.85	
769.895	-16.9	
770.077	-9.52	
770.259	-2.56	
770.441	-6.25	
770.624	15.26	
770.806	24.88	
770.988	6.45	
771.17	1.95	
771.352	13	
771.535	3.58	
771.717	5.02	
771.899	-0.31	
772.081	13.62	
772.263	-11.16	
772.445	-19.56	
772.627	-36.56	
772.809	-30.21	
772.991	-35.74	
773.173	-25.09	
773.355	-28.77	
773.537	-30.41	
773.719	-29.39	
773.901	-15.26	
774.083	-21.2	
774.265	-22.63	
774.447	-21.81	
774.629	-14.64	
774.811	-17.71	
774.992	-4.2	
775.174	-2.56	
775.356	8.29	
775.538	-1.54	
775.72	-22.02	
775.901	-26.52	
776.083	-20.17	
776.265	-17.51	
776.447	-7.07	
776.628	6.45	
776.81	1.74	
776.992	21.61	
777.173	12.8	
777.355	3.99	
777.537	15.46	
777.718	18.74	
777.9	8.91	
778.081	13.21	
778.263	31.44	
778.444	16.69	
778.626	17.51	
778.807	-6.66	
778.989	-1.13	
779.17	-20.99	
779.352	-32.67	
779.533	-37.58	
779.715	-11.98	
779.896	-42.09	
780.078	-24.88	
780.259	-7.68	
780.44	-5.63	
780.622	-20.58	
780.803	12.6	
780.984	7.48	
781.166	-8.7	
781.347	-8.7	
781.528	1.54	
781.709	-11.78	
781.891	-13.41	
782.072	0.1	
782.253	9.93	
782.434	4.2	
782.615	14.44	
782.796	18.74	
782.978	28.36	
783.159	22.22	
783.34	27.75	
783.521	18.53	
783.702	23.65	
783.883	18.33	
784.064	25.5	
784.245	26.52	
784.426	43.52	
784.607	29.39	
784.788	19.97	
784.969	4.61	
785.15	-2.76	
785.331	-30.62	
785.512	-27.95	
785.692	-24.88	
785.873	-15.46	
786.054	-18.12	
786.235	-0.92	
786.416	5.84	
786.597	9.93	
786.777	-11.78	
786.958	-4.2	
787.139	-10.55	
787.32	-1.33	
787.5	9.32	
787.681	19.56	
787.862	18.74	
788.042	23.65	
788.223	20.38	
788.404	6.45	
788.584	15.46	
788.765	22.83	
788.946	19.56	
789.126	0.51	
789.307	5.84	
789.487	8.29	
789.668	-1.13	
789.848	-6.66	
790.029	-10.55	
790.209	-22.63	
790.39	-33.89	
790.57	-29.18	
790.75	-0.92	
790.931	10.96	
791.111	13.41	
791.292	31.03	
791.472	27.14	
791.652	14.64	
791.833	17.31	
792.013	27.14	
792.193	20.79	
792.373	36.15	
792.554	34.51	
792.734	32.05	
792.914	14.64	
793.094	16.69	
793.275	-2.76	
793.455	-14.44	
793.635	-15.87	
793.815	-11.98	
793.995	-23.86	
794.175	-22.43	
794.355	0.1	
794.535	11.78	
794.715	16.28	
794.896	25.09	
795.076	15.87	
795.256	18.33	
795.436	9.52	
795.616	23.65	
795.795	31.03	
795.975	52.12	
796.155	43.93	
796.335	34.92	
796.515	36.35	
796.695	30.62	
796.875	32.05	
797.055	31.23	
797.234	31.23	
797.414	18.74	
797.594	19.15	
797.774	16.69	
797.954	10.14	
798.133	18.33	
798.313	11.98	
798.493	21.2	
798.672	-2.36	
798.852	-1.33	
799.032	-8.91	
799.211	-3.79	
799.391	-29.59	
799.571	-8.29	
799.75	-13.41	
799.93	4.2	
800.109	13	
800.289	27.75	
800.468	15.46	
800.648	7.07	
800.827	-6.04	
801.007	-12.19	
801.186	-26.11	
801.366	-26.73	
801.545	-23.24	
801.725	-2.15	
801.904	-15.05	
802.083	3.17	
802.263	10.55	
802.442	30.41	
802.621	13	
802.801	33.28	
802.98	15.67	
803.159	17.71	
803.338	-6.66	
803.518	-1.54	
803.697	-12.19	
803.876	1.74	
804.055	-3.17	
804.235	7.88	
804.414	-3.17	
804.593	1.95	
804.772	-2.15	
804.951	-5.63	
805.13	-26.93	
805.309	-18.53	
805.488	-17.1	
805.667	-12.8	
805.846	-16.69	
806.025	-6.66	
806.204	-2.76	
806.383	-1.54	
806.562	-13.21	
806.741	-7.88	
806.92	-2.56	
807.099	-21.81	
807.278	-51.51	
807.457	-37.38	
807.636	-29.59	
807.814	-23.65	
807.993	-13.41	
808.172	6.25	
808.351	1.33	
808.53	-6.86	
808.708	-2.76	
808.887	-11.37	
809.066	13	
809.244	9.32	
809.423	8.09	
809.602	9.52	
809.78	29.39	
809.959	8.29	
810.138	23.04	
810.316	31.03	
810.495	28.36	
810.673	17.71	
810.852	17.1	
811.03	12.6	
811.209	16.08	
811.388	17.31	
811.566	18.33	
811.744	20.58	
811.923	14.64	
812.101	14.23	
812.28	32.46	
812.458	38.6	
812.637	32.05	
812.815	36.76	
812.993	40.45	
813.172	25.91	
813.35	7.48	
813.528	13.21	
813.706	8.29	
813.885	7.48	
814.063	-4.2	
814.241	18.12	
814.419	22.83	
814.598	29.59	
814.776	32.05	
814.954	43.31	
815.132	33.69	
815.31	25.7	
815.488	20.79	
815.666	9.11	
815.844	-7.68	
816.022	-3.58	
816.201	-2.36	
816.379	5.63	
816.557	4.2	
816.735	10.34	
816.913	-0.92	
817.09	13.62	
817.268	0.92	
817.446	-1.74	
817.624	-9.93	
817.802	9.73	
817.98	-8.7	
818.158	-4.2	
818.336	2.36	
818.514	9.52	
818.691	-5.02	
818.869	2.36	
819.047	8.5	
819.225	6.45	
819.402	5.84	
819.58	27.75	
819.758	26.52	
819.935	14.23	
820.113	16.49	
820.291	20.99	
820.468	-13.21	
820.646	6.04	
820.824	26.73	
821.001	26.73	
821.179	34.3	
821.356	58.06	
821.534	38.81	
821.711	12.19	
821.889	36.15	
822.066	23.65	
822.244	4.2	
822.421	23.45	
822.599	38.6	
822.776	0.92	
822.953	-4.81	
823.131	-2.56	
823.308	-21.2	
823.486	-26.52	
823.663	-14.85	
823.84	-5.43	
824.017	-19.97	
824.195	-24.47	
824.372	-12.8	
824.549	-6.45	
824.726	-4.81	
824.904	12.19	
825.081	13.82	
825.258	0.31	
825.435	-4.61	
825.612	-0.1	
825.789	-7.88	
825.967	2.56	
826.144	1.33	
826.321	12.8	
826.498	9.52	
826.675	19.15	
826.852	-1.33	
827.029	20.58	
827.206	8.5	
827.383	4.4	
827.56	25.91	
827.737	35.33	
827.914	19.15	
828.09	11.37	
828.267	8.5	
828.444	-11.98	
828.621	-16.49	
828.798	-1.33	
828.975	-0.72	
829.151	4.81	
829.328	10.55	
829.505	25.09	
829.682	8.5	
829.858	6.25	
830.035	20.99	
830.212	16.49	
830.389	4.4	
830.565	-1.13	
830.742	27.75	
830.918	16.9	
831.095	25.91	
831.272	20.38	
831.448	25.7	
831.625	15.46	
831.801	27.34	
831.978	16.49	
832.154	10.14	
832.331	2.56	
832.507	-16.08	
832.684	-22.83	
832.86	-17.51	
833.037	21.2	
833.213	23.04	
833.389	42.09	
833.566	18.94	
833.742	15.05	
833.918	-5.84	
834.095	-17.51	
834.271	-25.7	
834.447	-14.44	
834.624	-8.91	
834.8	-20.17	
834.976	6.86	
835.152	10.55	
835.328	17.31	
835.505	15.46	
835.681	20.58	
835.857	-4.61	
836.033	-1.33	
836.209	15.46	
836.385	8.29	
836.561	11.98	
836.737	25.5	
836.913	10.75	
837.089	-4.2	
837.265	16.08	
837.441	17.71	
837.617	14.64	
837.793	21.4	
837.969	17.51	
838.145	-1.33	
838.321	6.66	
838.497	10.34	
838.673	19.15	
838.849	12.19	
839.025	23.45	
839.2	24.88	
839.376	27.75	
839.552	24.27	
839.728	32.87	
839.903	19.76	
840.079	10.75	
840.255	3.99	
840.431	19.76	
840.606	3.38	
840.782	19.35	
840.958	-1.95	
841.133	-1.54	
841.309	-29.59	
841.484	-10.55	
841.66	-29.8	
841.835	-17.31	
842.011	-16.49	
842.186	0.92	
842.362	-12.6	
842.537	3.17	
842.713	12.19	
842.888	10.14	
843.064	-0.51	
843.239	9.11	
843.415	-0.31	
843.59	8.7	
843.765	12.39	
843.941	10.55	
844.116	22.63	
844.291	24.47	
844.467	13.21	
844.642	15.26	
844.817	21.2	
844.992	6.66	
845.168	-3.99	
845.343	-0.51	
845.518	5.63	
845.693	8.91	
845.868	7.27	
846.043	19.56	
846.219	9.11	
846.394	13	
846.569	13.41	
846.744	18.94	
846.919	5.63	
847.094	35.33	
847.269	26.93	
847.444	27.14	
847.619	16.49	
847.794	45.36	
847.969	30	
848.144	29.39	
848.319	13.41	
848.494	28.77	
848.668	6.25	
848.843	22.02	
849.018	7.68	
849.193	14.44	
849.368	7.68	
849.542	20.99	
849.717	6.25	
849.892	20.17	
850.067	19.76	
850.241	24.27	
850.416	14.03	
850.591	1.74	
850.765	-12.19	
850.94	-5.02	
851.115	-14.23	
851.289	-9.52	
851.464	-6.45	
851.639	4.61	
851.813	2.76	
851.988	20.38	
852.162	18.12	
852.337	14.03	
852.511	25.29	
852.686	44.95	
852.86	34.51	
853.035	30.62	
853.209	28.36	
853.383	28.36	
853.558	-2.97	
853.732	-3.58	
853.906	-9.32	
854.081	10.96	
854.255	0.1	
854.429	13.41	
854.604	11.57	
854.778	35.12	
854.952	20.17	
855.126	43.52	
855.301	44.13	
855.475	32.67	
855.649	13.62	
855.823	3.38	
855.997	-15.67	
856.171	-21.81	
856.345	-16.08	
856.52	-22.43	
856.694	-4.4	
856.868	6.45	
857.042	14.64	
857.216	32.05	
857.39	36.97	
857.564	28.16	
857.738	11.98	
857.912	1.74	
858.085	-4.61	
858.259	-1.33	
858.433	6.66	
858.607	2.15	
858.781	0.92	
858.955	-6.66	
859.129	8.7	
859.302	13.62	
859.476	10.55	
859.65	19.97	
859.824	14.23	
859.997	7.88	
860.171	14.85	
860.345	31.03	
860.519	32.87	
860.692	42.29	
860.866	45.16	
861.039	45.57	
861.213	30.82	
861.387	26.73	
861.56	25.29	
861.734	30.21	
861.907	19.56	
862.081	19.97	
862.254	23.65	
862.428	39.63	
862.601	19.76	
862.775	33.69	
862.948	66.25	
863.122	76.49	
863.295	57.04	
863.468	58.88	
863.642	30.62	
863.815	1.95	
863.988	-19.76	
864.162	-11.98	
864.335	-19.76	
864.508	2.15	
864.682	26.52	
864.855	30	
865.028	7.68	
865.201	35.53	
865.374	21.81	
865.548	11.57	
865.721	22.22	
865.894	61.95	
866.067	51.1	
866.24	65.43	
866.413	65.84	
866.586	57.24	
866.759	22.83	
866.932	14.23	
867.105	0.1	
867.278	-15.67	
867.451	-9.52	
867.624	-5.22	
867.797	-0.51	
867.97	3.38	
868.143	11.37	
868.316	9.32	
868.489	12.19	
868.661	5.84	
868.834	18.33	
869.007	21.61	
869.18	13.41	
869.353	9.32	
869.525	31.03	
869.698	10.96	
869.871	5.43	
870.044	13.82	
870.216	16.69	
870.389	6.66	
870.562	16.69	
870.734	15.46	
870.907	3.17	
871.079	11.57	
871.252	7.27	
871.425	10.96	
871.597	8.91	
871.77	44.54	
871.942	39.42	
872.115	32.46	
872.287	26.11	
872.459	35.12	
872.632	7.88	
872.804	11.78	
872.977	12.19	
873.149	25.5	
873.321	15.46	
873.494	13.21	
873.666	15.67	
873.838	22.02	
874.011	-8.09	
874.183	-7.88	
874.355	6.25	
874.528	5.43	
874.7	2.15	
874.872	21.61	
875.044	33.48	
875.216	41.06	
875.388	48.84	
875.561	50.69	
875.733	42.29	
875.905	33.89	
876.077	2.97	
876.249	13.21	
876.421	4.81	
876.593	1.95	
876.765	9.73	
876.937	31.23	
877.109	8.09	
877.281	17.92	
877.453	22.02	
877.625	9.93	
877.797	3.17	
877.968	10.55	
878.14	1.95	
878.312	15.46	
878.484	13.62	
878.656	19.15	
878.828	3.58	
878.999	25.91	
879.171	8.09	
879.343	9.32	
879.515	5.63	
879.686	9.52	
879.858	-3.79	
880.03	1.54	
880.201	7.48	
880.373	-5.63	
880.545	0.1	
880.716	1.74	
880.888	11.78	
881.059	24.68	
881.231	37.17	
881.402	48.02	
881.574	32.26	
881.745	32.67	
881.917	25.29	
882.088	26.32	
882.26	12.39	
882.431	37.79	
882.602	10.14	
882.774	11.57	
882.945	3.58	
883.116	1.74	
883.288	-11.78	
883.459	-8.91	
883.63	-6.86	
883.802	-4.61	
883.973	-1.74	
884.144	-2.36	
884.315	14.44	
884.487	12.19	
884.658	9.32	
884.829	27.95	
885	15.87	
885.171	25.91	
885.342	0.51	
885.513	-0.31	
885.684	-16.08	
885.855	-3.17	
886.026	-18.33	
886.197	3.99	
886.368	-6.04	
886.539	7.68	
886.71	-5.43	
886.881	-7.07	
887.052	-8.5	
887.223	14.23	
887.394	-10.75	
887.565	6.25	
887.736	2.15	
887.907	15.46	
888.077	5.84	
888.248	12.6	
888.419	8.7	
888.59	9.32	
888.761	7.88	
888.931	4.2	
889.102	11.57	
889.273	23.24	
889.443	17.31	
889.614	9.32	
889.785	23.24	
889.955	9.11	
890.126	-11.98	
890.296	8.91	
890.467	1.74	
890.637	24.27	
890.808	56.01	
890.978	65.43	
891.149	71.37	
891.319	97.59	
891.49	74.03	
891.66	70.96	
891.831	62.36	
892.001	49.46	
892.172	17.31	
892.342	23.65	
892.512	11.37	
892.683	25.91	
892.853	24.27	
893.023	41.68	
893.193	30.62	
893.364	34.71	
893.534	29.8	
893.704	30.21	
893.874	13.82	
894.044	12.19	
894.215	1.95	
894.385	15.05	
894.555	8.7	
894.725	32.46	
894.895	14.03	
895.065	16.9	
895.235	6.25	
895.405	32.05	
895.575	18.53	
895.745	41.73	
895.915	49.32	
