177.618	-774.3	
177.836	-778.4	
178.054	-784.75	
178.271	-607.39	
178.489	-363.69	
178.706	-230.98	
178.924	-83.32	
179.142	80.52	
179.359	69.26	
179.577	-76.76	
179.794	-56.69	
180.012	-65.09	
180.229	-115.27	
180.447	-93.35	
180.664	-34.58	
180.882	-53.21	
181.1	-7.13	
181.317	-4.68	
181.535	-36.83	
181.752	-34.17	
181.969	23.18	
182.187	30.34	
182.404	73.97	
182.622	84.82	
182.839	98.95	
183.057	91.58	
183.274	70.48	
183.492	64.75	
183.709	91.37	
183.926	52.67	
184.144	24	
184.361	51.03	
184.579	91.17	
184.796	34.24	
185.013	88.51	
185.231	60.65	
185.448	65.36	
185.666	58.2	
185.883	49.8	
186.1	34.44	
186.317	83.39	
186.535	13.14	
186.752	13.55	
186.969	70.07	
187.187	133.36	
187.404	59.22	
187.621	162.03	
187.839	158.75	
188.056	116.15	
188.273	29.93	
188.49	123.12	
188.708	78.06	
188.925	124.14	
189.142	124.55	
189.359	140.73	
189.576	68.23	
189.794	49.8	
190.011	6.38	
190.228	30.75	
190.445	15.19	
190.662	99.57	
190.879	98.54	
191.097	74.99	
191.314	77.45	
191.531	94.24	
191.748	-18.4	
191.965	-5.29	
192.182	-8.98	
192.399	-25.36	
192.616	10.48	
192.834	96.9	
193.051	66.59	
193.268	81.34	
193.485	97.11	
193.702	60.24	
193.919	10.27	
194.136	29.12	
194.353	11.91	
194.57	16.42	
194.787	4.54	
195.004	113.49	
195.221	108.78	
195.438	153.02	
195.655	135	
195.872	226.33	
196.089	108.99	
196.306	129.67	
196.523	113.29	
196.74	151.79	
196.957	25.63	
197.173	78.47	
197.39	59.43	
197.607	87.28	
197.824	67.82	
198.041	125.37	
198.258	98.75	
198.475	147.08	
198.692	94.45	
198.909	43.25	
199.125	0.44	
199.342	61.47	
199.559	33.01	
199.776	69.26	
199.993	154.45	
200.21	186.19	
200.426	114.11	
200.643	121.68	
200.86	121.48	
201.077	118.41	
201.293	96.08	
201.51	98.54	
201.727	-2.83	
201.944	-76.97	
202.16	-90.9	
202.377	-100.93	
202.594	-112.6	
202.811	-51.98	
203.027	-19.63	
203.244	-59.97	
203.461	-39.49	
203.677	49.39	
203.894	90.76	
204.111	116.56	
204.327	132.95	
204.544	123.53	
204.761	99.57	
204.977	53.9	
205.194	10.48	
205.41	61.27	
205.627	47.55	
205.844	26.66	
206.06	13.35	
206.277	62.5	
206.493	11.91	
206.71	53.9	
206.926	38.54	
207.143	114.72	
207.36	44.68	
207.576	115.33	
207.793	104.28	
208.009	140.12	
208.226	105.5	
208.442	125.57	
208.659	87.07	
208.875	96.29	
209.092	34.44	
209.308	9.86	
209.524	29.52	
209.741	81.95	
209.957	114.52	
210.174	152.2	
210.39	158.55	
210.607	150.36	
210.823	28.5	
211.039	-29.46	
211.256	30.14	
211.472	-17.17	
211.688	35.46	
211.905	104.69	
212.121	99.98	
212.338	42.02	
212.554	88.3	
212.77	62.09	
212.987	54.71	
213.203	111.24	
213.419	125.17	
213.635	105.09	
213.852	66.59	
214.068	42.63	
214.284	-14.1	
214.501	12.12	
214.717	8.64	
214.933	53.28	
215.149	-0.58	
215.365	-21.06	
215.582	-105.44	
215.798	-52.39	
216.014	-78.61	
216.23	-9.18	
216.447	36.9	
216.663	56.15	
216.879	2.9	
217.095	52.05	
217.311	64.14	
217.527	68.44	
217.743	96.9	
217.96	83.8	
218.176	34.44	
218.392	8.43	
218.608	26.45	
218.824	-10.62	
219.04	10.48	
219.256	68.23	
219.472	54.51	
219.688	24.81	
219.904	87.28	
220.12	162.23	
220.336	105.71	
220.552	106.53	
220.768	125.17	
220.984	135	
221.2	25.84	
221.416	61.68	
221.632	46.93	
221.848	37.72	
222.064	-48.71	
222.28	-1.19	
222.496	-52.6	
222.712	20.72	
222.928	-15.94	
223.144	60.45	
223.36	56.56	
223.576	95.88	
223.792	59.83	
224.008	142.57	
224.224	126.19	
224.439	158.75	
224.655	136.84	
224.871	170.83	
225.087	135	
225.303	74.38	
225.519	57.17	
225.734	112.06	
225.95	78.68	
226.166	82.77	
226.382	125.37	
226.598	106.12	
226.813	92.4	
227.029	66.18	
227.245	50	
227.461	67.41	
227.677	90.76	
227.892	83.59	
228.108	82.77	
228.324	113.7	
228.539	44.07	
228.755	80.93	
228.971	81.95	
229.186	134.38	
229.402	96.49	
229.618	170.63	
229.833	95.47	
230.049	86.87	
230.265	12.12	
230.48	103.46	
230.696	89.74	
230.912	116.77	
231.127	122.71	
231.343	183.53	
231.558	64.34	
231.774	111.03	
231.99	191.11	
232.205	185.78	
232.421	128.85	
232.636	163.26	
232.852	82.16	
233.067	21.74	
233.283	29.12	
233.498	77.86	
233.714	79.09	
233.929	133.77	
234.145	99.16	
234.36	119.23	
234.576	132.13	
234.791	197.66	
235.007	221.42	
235.222	291.46	
235.438	251.32	
235.653	327.09	
235.868	273.44	
236.084	276.51	
236.299	294.12	
236.515	308.05	
236.73	189.47	
236.945	201.55	
237.161	124.14	
237.376	46.11	
237.592	37.72	
237.807	64.34	
238.022	49.39	
238.238	87.48	
238.453	41.81	
238.668	55.74	
238.883	-25.36	
239.099	-27.41	
239.314	-64.89	
239.529	9.86	
239.745	21.13	
239.96	123.12	
240.175	117.59	
240.39	214.66	
240.605	196.64	
240.821	151.17	
241.036	137.04	
241.251	213.23	
241.466	119.43	
241.681	104.89	
241.897	133.36	
242.112	163.46	
242.327	70.07	
242.542	109.81	
242.757	136.84	
242.972	132.33	
243.188	63.93	
243.403	101.41	
243.618	99.98	
243.833	70.89	
244.048	94.86	
244.263	133.77	
244.478	120.66	
244.693	77.04	
244.908	107.76	
245.123	88.71	
245.338	125.57	
245.553	147.9	
245.768	143.19	
245.983	131.51	
246.198	89.74	
246.413	45.29	
246.628	22.56	
246.843	13.55	
247.058	18.26	
247.273	53.28	
247.488	43.45	
247.703	88.1	
247.918	94.86	
248.133	116.36	
248.348	82.16	
248.563	155.88	
248.778	116.97	
248.993	150.36	
249.207	200.53	
249.422	212.2	
249.637	90.14	
249.852	67.82	
250.067	40.17	
250.282	-48.5	
250.496	-66.93	
250.711	34.64	
250.926	18.47	
251.141	74.58	
251.356	80.11	
251.57	153.43	
251.785	106.73	
252	95.88	
252.215	67.82	
252.43	115.54	
252.644	118	
252.859	127.62	
253.074	163.67	
253.288	141.34	
253.503	89.53	
253.718	108.99	
253.932	183.53	
254.147	207.7	
254.362	220.19	
254.576	222.85	
254.791	157.32	
255.006	88.92	
255.22	90.14	
255.435	105.5	
255.65	143.8	
255.864	180.05	
256.079	142.16	
256.293	151.79	
256.508	145.64	
256.723	228.79	
256.937	161.21	
257.152	165.31	
257.366	140.12	
257.581	125.37	
257.795	34.64	
258.01	151.38	
258.224	189.06	
258.439	195	
258.653	183.94	
258.868	190.9	
259.082	118.2	
259.297	84.41	
259.511	47.34	
259.726	31.16	
259.94	-6.93	
260.154	-51.17	
260.369	-29.46	
260.583	1.88	
260.798	-29.25	
261.012	0.24	
261.226	49.59	
261.441	59.43	
261.655	62.09	
261.869	156.29	
262.084	147.28	
262.298	131.1	
262.512	69.26	
262.727	48.37	
262.941	59.02	
263.155	38.54	
263.37	33.83	
263.584	119.84	
263.798	128.03	
264.012	151.58	
264.227	144.83	
264.441	211.59	
264.655	132.54	
264.869	213.84	
265.084	123.53	
265.298	150.56	
265.512	58.4	
265.726	124.55	
265.94	40.79	
266.155	84.21	
266.369	87.28	
266.583	181.48	
266.797	170.63	
267.011	236.98	
267.225	284.29	
267.439	283.47	
267.654	213.84	
267.868	183.12	
268.082	66.18	
268.296	-60.79	
268.51	-125.92	
268.724	-82.09	
268.938	-131.24	
269.152	-51.57	
269.366	8.43	
269.58	70.28	
269.794	1.26	
270.008	127.01	
270.222	94.24	
270.436	85.43	
270.65	57.17	
270.864	112.88	
271.078	45.5	
271.292	78.27	
271.506	133.97	
271.72	171.04	
271.934	194.39	
272.148	184.35	
272.362	168.58	
272.575	163.67	
272.789	155.47	
273.003	114.11	
273.217	153.84	
273.431	119.02	
273.645	93.01	
273.859	146.46	
274.073	214.87	
274.286	204.63	
274.5	214.66	
274.714	188.86	
274.928	180.87	
275.142	133.97	
275.355	102.84	
275.569	147.08	
275.783	187.01	
275.997	141.55	
276.21	157.11	
276.424	219.78	
276.638	174.52	
276.852	193.16	
277.065	176.98	
277.279	179.23	
277.493	136.22	
277.706	223.67	
277.92	219.78	
278.134	189.88	
278.347	124.35	
278.561	96.7	
278.775	76.42	
278.988	39.56	
279.202	117.18	
279.415	201.96	
279.629	201.14	
279.843	186.6	
280.056	295.56	
280.27	285.93	
280.483	191.93	
280.697	207.08	
280.91	221.62	
281.124	211.38	
281.337	170.22	
281.551	260.74	
281.764	233.09	
281.978	198.89	
282.191	103.66	
282.405	152.4	
282.618	75.81	
282.832	111.85	
283.045	66.8	
283.259	114.31	
283.472	71.92	
283.686	85.64	
283.899	50.62	
284.112	78.88	
284.326	82.16	
284.539	133.36	
284.752	160.19	
284.966	187.42	
285.179	228.18	
285.393	212.41	
285.606	126.19	
285.819	154.86	
286.033	110.62	
286.246	164.69	
286.459	122.09	
286.672	167.97	
286.886	81.34	
287.099	174.11	
287.312	29.73	
287.525	48.98	
287.739	35.26	
287.952	116.97	
288.165	125.57	
288.378	186.4	
288.592	197.05	
288.805	204.01	
289.018	209.95	
289.231	158.96	
289.444	202.58	
289.657	127.01	
289.871	113.7	
290.084	49.19	
290.297	127.62	
290.51	77.45	
290.723	91.17	
290.936	167.76	
291.149	171.04	
291.362	156.29	
291.575	131.72	
291.789	175.75	
292.002	114.72	
292.215	145.85	
292.428	29.12	
292.641	80.31	
292.854	71.1	
293.067	57.58	
293.28	39.97	
293.493	69.87	
293.706	-1.81	
293.919	51.64	
294.132	36.28	
294.345	29.52	
294.558	20.92	
294.77	37.51	
294.983	-35.81	
295.196	20.31	
295.409	67.62	
295.622	147.49	
295.835	190.09	
296.048	257.87	
296.261	237.8	
296.474	231.45	
296.686	182.92	
296.899	194.18	
297.112	192.95	
297.325	175.95	
297.538	182.3	
297.751	206.06	
297.963	226.74	
298.176	204.83	
298.389	200.12	
298.602	196.43	
298.814	312.35	
299.027	277.33	
299.24	262.38	
299.453	325.87	
299.665	285.73	
299.878	124.76	
300.091	103.25	
300.303	100.59	
300.516	48.78	
300.729	56.15	
300.941	107.14	
301.154	59.22	
301.367	32.8	
301.579	77.65	
301.792	109.4	
302.005	65.36	
302.217	82.16	
302.43	117.38	
302.642	49.19	
302.855	-2.63	
303.067	10.89	
303.28	55.12	
303.493	-7.34	
303.705	91.17	
303.918	121.07	
304.13	181.07	
304.343	147.69	
304.555	228.18	
304.768	163.46	
304.98	194.8	
305.193	100.18	
305.405	154.04	
305.617	92.4	
305.83	108.58	
306.042	68.23	
306.255	83.8	
306.467	29.52	
306.68	27.27	
306.892	-1.4	
307.104	18.88	
307.317	22.97	
307.529	97.31	
307.741	147.49	
307.954	180.05	
308.166	158.55	
308.378	219.17	
308.591	194.18	
308.803	203.6	
309.015	223.67	
309.228	284.09	
309.44	196.64	
309.652	181.48	
309.864	143.19	
310.077	65.57	
310.289	-15.94	
310.501	24	
310.713	16.21	
310.926	44.68	
311.138	23.18	
311.35	80.11	
311.562	24.81	
311.774	65.77	
311.986	41.4	
312.199	155.07	
312.411	69.67	
312.623	117.38	
312.835	14.98	
313.047	-5.29	
313.259	-45.43	
313.471	16.21	
313.683	31.57	
313.895	91.37	
314.108	98.13	
314.32	81.95	
314.532	24.61	
314.744	20.31	
314.956	83.8	
315.168	112.26	
315.38	75.19	
315.592	159.98	
315.804	161	
316.016	216.71	
316.228	242.31	
316.44	290.64	
316.651	279.99	
316.863	269.34	
317.075	138.07	
317.287	57.79	
317.499	28.91	
317.711	14.17	
317.923	48.98	
318.135	35.87	
318.347	90.35	
318.559	174.93	
318.77	199.51	
318.982	169.61	
319.194	177.59	
319.406	154.66	
319.618	72.74	
319.83	8.84	
320.041	13.35	
320.253	11.3	
320.465	5.77	
320.677	3.93	
320.888	16.21	
321.1	16.62	
321.312	104.89	
321.524	126.8	
321.735	111.44	
321.947	70.89	
322.159	38.33	
322.37	-43.59	
322.582	-47.89	
322.794	19.08	
323.005	99.57	
323.217	119.02	
323.429	92.4	
323.64	133.56	
323.852	84.41	
324.063	40.17	
324.275	76.42	
324.487	141.55	
324.698	78.06	
324.91	128.03	
325.121	121.48	
325.333	54.92	
325.544	39.97	
325.756	103.87	
325.967	43.86	
326.179	101.41	
326.39	144.83	
326.602	166.94	
326.813	78.68	
327.025	107.55	
327.236	25.02	
327.448	-12.25	
327.659	-88.03	
327.871	-35.81	
328.082	-32.32	
328.293	35.05	
328.505	94.65	
328.716	144.42	
328.928	124.96	
329.139	158.96	
329.35	118.2	
329.562	121.68	
329.773	147.9	
329.984	153.43	
330.196	107.96	
330.407	177.8	
330.618	128.65	
330.83	75.81	
331.041	78.88	
331.252	78.88	
331.463	20.1	
331.675	65.77	
331.886	138.89	
332.097	155.27	
332.308	155.68	
332.52	173.5	
332.731	138.27	
332.942	129.47	
333.153	163.67	
333.364	149.74	
333.575	132.13	
333.787	187.63	
333.998	108.58	
334.209	123.12	
334.42	103.05	
334.631	112.26	
334.842	96.9	
335.053	173.09	
335.264	106.32	
335.475	143.8	
335.686	130.9	
335.898	120.66	
336.109	28.3	
336.32	46.11	
336.531	45.29	
336.742	68.44	
336.953	29.52	
337.164	57.79	
337.375	32.8	
337.586	15.6	
337.797	-38.06	
338.007	5.56	
338.218	-17.78	
338.429	2.9	
338.64	-18.81	
338.851	16.62	
339.062	-2.63	
339.273	105.09	
339.484	72.33	
339.695	51.85	
339.906	54.1	
340.116	90.35	
340.327	34.03	
340.538	55.94	
340.749	80.72	
340.96	70.69	
341.171	9.25	
341.381	16.01	
341.592	38.54	
341.803	62.5	
342.014	90.35	
342.224	144.01	
342.435	135.81	
342.646	89.94	
342.857	61.88	
343.067	9.25	
343.278	14.17	
343.489	4.74	
343.699	26.45	
343.91	52.67	
344.121	58.4	
344.331	1.67	
344.542	-8.98	
344.753	62.09	
344.963	75.4	
345.174	129.06	
345.384	200.12	
345.595	250.09	
345.806	195.21	
346.016	167.97	
346.227	173.7	
346.437	161.62	
346.648	120.45	
346.858	129.88	
347.069	106.94	
347.279	105.91	
347.49	68.03	
347.7	100.18	
347.911	43.04	
348.121	62.09	
348.332	68.03	
348.542	23.18	
348.753	2.9	
348.963	66.59	
349.173	97.31	
349.384	132.54	
349.594	243.54	
349.805	295.56	
350.015	246.4	
350.225	257.26	
350.436	247.84	
350.646	276.31	
350.856	244.97	
351.067	290.03	
351.277	244.36	
351.487	197.66	
351.698	121.89	
351.908	149.54	
352.118	182.92	
352.328	251.93	
352.539	360.89	
352.749	384.85	
352.959	403.89	
353.169	424.58	
353.38	470.45	
353.59	500.35	
353.8	567.53	
354.01	644.94	
354.22	688.15	
354.431	812.05	
354.641	805.5	
354.851	870.22	
355.061	901.35	
355.271	1031.8	
355.481	995.96	
355.691	1067.64	
355.901	1119.86	
356.111	1208.75	
356.321	1225.95	
356.532	1328.96	
356.742	1413.75	
356.952	1534.78	
357.162	1638.2	
357.372	1785.86	
357.582	1923.9	
357.792	2044.52	
358.002	2164.12	
358.212	2386.94	
358.422	2567.16	
358.632	2749.43	
358.842	2965.7	
359.051	3279.04	
359.261	3463.15	
359.471	3692.73	
359.681	3965.52	
359.891	4231.55	
360.101	4377.98	
360.311	4624.55	
360.521	4911.27	
360.731	5261.88	
360.94	5658.16	
361.15	6088.24	
361.36	6514.01	
361.57	6946.54	
361.78	7409.79	
361.989	7902.53	
362.199	8469.41	
362.409	9037.11	
362.619	9562.41	
362.828	10156.53	
363.038	10662.37	
363.248	11193.21	
363.458	11806.37	
363.667	12511.89	
363.877	13138.57	
364.087	13820.55	
364.296	14438.01	
364.506	15018.81	
364.716	15443.97	
364.925	15767.96	
365.135	15965.38	
365.345	16117.96	
365.554	16121.23	
365.764	16184.31	
365.973	16066.14	
366.183	16100.55	
366.393	15990.37	
366.602	15897.39	
366.812	15629.52	
367.021	15534.9	
367.231	15277.47	
367.44	15150.7	
367.65	15050.76	
367.859	15074.31	
368.069	14998.74	
368.278	14934.23	
368.488	14798.04	
368.697	14506	
368.907	14204.54	
369.116	14073.47	
369.326	13785.73	
369.535	13442.29	
369.744	13189.98	
369.954	12857.18	
370.163	12367.51	
370.373	12070.56	
370.582	11788.35	
370.791	11546.28	
371.001	11288.85	
371.21	11108.63	
371.419	10821.5	
371.629	10511.64	
371.838	10139.94	
372.047	9927.77	
372.256	9551.56	
372.466	9285.73	
372.675	8982.22	
372.884	8711.89	
373.093	8293.9	
373.303	8056.74	
373.512	7728.86	
373.721	7471.43	
373.93	7152.97	
374.139	6995.49	
374.349	6620.3	
374.558	6409.97	
374.767	6094.58	
374.976	5884.67	
375.185	5634.2	
375.394	5489.41	
375.603	5223.17	
375.813	5126.3	
376.022	4919.05	
376.231	4652.61	
376.44	4434.09	
376.649	4287.46	
376.858	4081.23	
377.067	3918.82	
377.276	3813.97	
377.485	3707.68	
377.694	3562.68	
377.903	3446.77	
378.112	3313.03	
378.321	3209.82	
378.53	3066.66	
378.739	2936.41	
378.948	2780.97	
379.157	2680.01	
379.366	2554.26	
379.575	2450.22	
379.784	2314.85	
379.992	2228.02	
380.201	2201.19	
380.41	2092.65	
380.619	1994.76	
380.828	1941.3	
381.037	1845.05	
381.246	1678.55	
381.454	1557.51	
381.663	1560.18	
381.872	1495.05	
382.081	1516.76	
382.29	1513.48	
382.498	1529.05	
382.707	1476.62	
382.916	1483.17	
383.125	1372.38	
383.333	1348.42	
383.542	1319.95	
383.751	1262.2	
383.959	1246.43	
384.168	1238.24	
384.377	1254.21	
384.585	1197.89	
384.794	1134.81	
385.003	1061.7	
385.211	1069.48	
385.42	969.75	
385.628	948.24	
385.837	953.98	
386.046	990.64	
386.254	991.46	
386.463	976.1	
386.671	1010.3	
386.88	977.53	
387.088	910.56	
387.297	850.15	
387.505	843.8	
387.714	751.43	
387.922	712.73	
388.131	679.14	
388.339	668.08	
388.548	601.52	
388.756	583.91	
388.965	577.97	
389.173	509.16	
389.381	502.2	
389.59	532.1	
389.798	544.79	
390.007	555.65	
390.215	563.02	
390.423	607.05	
390.632	607.67	
390.84	637.16	
391.048	575.72	
391.257	584.93	
391.465	461.44	
391.673	444.24	
391.882	384.85	
392.09	363.75	
392.298	355.15	
392.506	344.71	
392.715	329.96	
392.923	374.81	
393.131	432.16	
393.339	425.81	
393.547	406.56	
393.756	394.27	
393.964	320.54	
394.172	274.87	
394.38	222.44	
394.588	295.35	
394.796	258.28	
395.005	227.56	
395.213	196.02	
395.421	240.26	
395.629	158.34	
395.837	167.15	
396.045	195.62	
396.253	225.31	
396.461	184.56	
396.669	222.44	
396.877	239.65	
397.085	266.47	
397.293	257.67	
397.501	275.08	
397.709	282.45	
397.917	283.88	
398.125	289.82	
398.333	306.82	
398.541	275.08	
398.749	253.57	
398.957	204.42	
399.165	125.98	
399.373	128.03	
399.581	139.91	
399.788	176.36	
399.996	152.81	
400.204	185.78	
400.412	138.07	
400.62	91.99	
400.828	62.7	
401.035	97.72	
401.243	117.79	
401.451	147.28	
401.659	159.16	
401.867	154.45	
402.074	150.76	
402.282	109.81	
402.49	63.52	
402.697	187.01	
402.905	154.04	
403.113	180.87	
403.321	133.36	
403.528	150.76	
403.736	80.31	
403.944	106.12	
404.151	56.15	
404.359	82.77	
404.566	82.36	
404.774	68.64	
404.982	24	
405.189	38.74	
405.397	6.18	
405.604	3.11	
405.812	18.26	
406.02	9.45	
406.227	25.63	
406.435	72.12	
406.642	113.49	
406.85	86.25	
407.057	149.74	
407.265	154.04	
407.472	185.17	
407.679	148.31	
407.887	142.16	
408.094	104.07	
408.302	42.84	
408.509	28.5	
408.717	41.61	
408.924	46.52	
409.131	67.62	
409.339	102.84	
409.546	111.44	
409.753	101.82	
409.961	130.49	
410.168	104.69	
410.375	127.21	
410.583	103.46	
410.79	103.05	
410.997	79.09	
411.205	94.65	
411.412	73.35	
411.619	99.77	
411.826	106.94	
412.034	164.9	
412.241	202.78	
412.448	201.76	
412.655	126.39	
412.862	128.44	
413.07	51.23	
413.277	-20.04	
413.484	-46.86	
413.691	20.31	
413.898	-15.74	
414.105	-42.36	
414.312	-42.15	
414.519	-43.59	
414.727	-76.76	
414.934	-50.76	
415.141	8.64	
415.348	58.61	
415.555	61.68	
415.762	49.39	
415.969	-5.9	
416.176	-8.98	
416.383	-26.18	
416.59	-40.52	
416.797	-39.7	
417.004	4.95	
417.211	-35.19	
417.418	-33.55	
417.625	-3.65	
417.831	1.06	
418.038	23.59	
418.245	64.14	
418.452	46.93	
418.659	37.72	
418.866	33.01	
419.073	-5.29	
419.28	-82.5	
419.486	-17.17	
419.693	-47.89	
419.9	-37.85	
420.107	-15.94	
420.314	62.29	
420.52	41.2	
420.727	156.7	
420.934	155.68	
421.141	116.15	
421.347	89.12	
421.554	59.02	
421.761	-69.19	
421.967	-36.21	
422.174	28.3	
422.381	34.44	
422.588	-10.21	
422.794	-1.4	
423.001	59.83	
423.207	20.92	
423.414	11.91	
423.621	44.88	
423.827	123.12	
424.034	87.48	
424.24	109.19	
424.447	94.24	
424.654	33.21	
424.86	-16.14	
425.067	-95.2	
425.273	-116.09	
425.48	-28.84	
425.686	57.58	
425.893	111.24	
426.099	130.69	
426.306	142.16	
426.512	114.93	
426.718	129.88	
426.925	79.09	
427.131	58.4	
427.338	53.69	
427.544	15.6	
427.75	-54.85	
427.957	-83.32	
428.163	-59.36	
428.37	-59.15	
428.576	-37.03	
428.782	-34.17	
428.988	44.48	
429.195	35.67	
429.401	21.74	
429.607	10.07	
429.814	98.75	
430.02	47.55	
430.226	20.72	
430.432	20.51	
430.639	22.15	
430.845	0.44	
431.051	28.09	
431.257	74.17	
431.463	74.17	
431.67	34.44	
431.876	-20.65	
432.082	-61.2	
432.288	-34.78	
432.494	-27.41	
432.7	26.04	
432.906	11.09	
433.112	14.78	
433.318	41.81	
433.525	56.15	
433.731	15.19	
433.937	82.98	
434.143	80.11	
434.349	42.63	
434.555	24.81	
434.761	44.07	
434.967	-28.43	
435.173	-16.55	
435.379	-13.48	
435.585	63.11	
435.791	72.53	
435.996	176.77	
436.202	213.84	
436.408	180.46	
436.614	140.52	
436.82	162.23	
437.026	67.41	
437.232	60.04	
437.438	50.82	
437.644	-15.53	
437.849	-38.47	
438.055	-22.29	
438.261	-48.71	
438.467	-70.01	
438.673	-25.98	
438.878	-87.62	
439.084	-72.67	
439.29	-13.69	
439.496	28.71	
439.701	36.49	
439.907	37.51	
440.113	25.02	
440.318	3.31	
440.524	-16.96	
440.73	-27.82	
440.935	17.24	
441.141	-8.57	
441.347	55.74	
441.552	25.63	
441.758	30.75	
441.964	-28.43	
442.169	34.03	
442.375	-66.52	
442.58	-3.24	
442.786	38.74	
442.991	72.12	
443.197	-11.64	
443.402	37.31	
443.608	34.44	
443.813	60.04	
444.019	100.18	
444.224	148.92	
444.43	84.62	
444.635	88.1	
444.841	-11.64	
445.046	38.74	
445.252	12.32	
445.457	24.81	
445.662	-17.58	
445.868	-7.95	
446.073	-77.79	
446.278	-91.1	
446.484	-94.38	
446.689	-97.04	
446.894	-105.03	
447.1	-108.92	
447.305	-27	
447.51	3.52	
447.716	-12.46	
447.921	11.71	
448.126	44.48	
448.331	-41.33	
448.537	-39.08	
448.742	5.56	
448.947	-39.7	
449.152	-92.12	
449.357	-7.75	
449.563	6.59	
449.768	2.29	
449.973	21.13	
450.178	70.48	
450.383	-33.76	
450.588	-68.78	
450.793	-63.66	
450.999	22.97	
451.204	-8.57	
451.409	26.45	
451.614	22.56	
451.819	27.48	
452.024	-41.54	
452.229	-11.64	
452.434	51.03	
452.639	34.85	
452.844	56.76	
453.049	9.25	
453.254	-38.26	
453.459	-81.27	
453.664	-40.52	
453.869	-49.32	
454.074	16.62	
454.279	61.47	
454.483	31.57	
454.688	-2.42	
454.893	50.41	
455.098	42.02	
455.303	4.95	
455.508	45.7	
455.713	65.36	
455.917	-23.72	
456.122	2.49	
456.327	-24.95	
456.532	9.05	
456.737	-50.55	
456.941	-21.88	
457.146	-52.8	
457.351	-22.49	
457.555	-46.05	
457.76	26.04	
457.965	30.14	
458.17	40.79	
458.374	96.7	
458.579	113.08	
458.784	45.91	
458.988	15.8	
459.193	-3.65	
459.397	-31.91	
459.602	-69.19	
459.807	45.91	
460.011	39.36	
460.216	43.45	
460.42	-15.74	
460.625	-58.95	
460.829	-121.82	
461.034	-146.6	
461.239	-163.6	
461.443	-121.82	
461.648	-86.19	
461.852	-107.89	
462.056	-6.52	
462.261	13.96	
462.465	109.4	
462.67	104.69	
462.874	123.12	
463.079	51.44	
463.283	49.8	
463.487	-24.54	
463.692	2.29	
463.896	-47.27	
464.1	-44.2	
464.305	-58.13	
464.509	-72.46	
464.713	-48.3	
464.918	44.88	
465.122	84	
465.326	70.48	
465.531	43.66	
465.735	-11.84	
465.939	-46.45	
466.143	-72.87	
466.348	-65.71	
466.552	-85.78	
466.756	-37.24	
466.96	0.85	
467.164	9.45	
467.368	26.25	
467.573	83.8	
467.777	47.34	
467.981	8.64	
468.185	-25.36	
468.389	-2.22	
468.593	-78.2	
468.797	-104.41	
469.001	-97.86	
469.205	-79.22	
469.409	-74.72	
469.613	-22.29	
469.817	5.56	
470.021	28.09	
470.225	50	
470.429	11.71	
470.633	18.67	
470.837	29.12	
471.041	0.24	
471.245	-59.56	
471.449	-32.94	
471.653	-23.52	
471.857	1.67	
472.061	-51.98	
472.265	-24.34	
472.469	-8.98	
472.673	-39.7	
472.876	-59.77	
473.08	-19.63	
473.284	26.66	
473.488	-13.69	
473.692	40.99	
473.895	86.46	
474.099	126.6	
474.303	112.67	
474.507	154.45	
474.71	135.61	
474.914	63.93	
475.118	30.34	
475.322	40.79	
475.525	-41.74	
475.729	-35.6	
475.933	-16.35	
476.136	92.19	
476.34	106.73	
476.543	167.15	
476.747	157.52	
476.951	172.88	
477.154	40.17	
477.358	77.45	
477.561	61.68	
477.765	51.85	
477.969	25.22	
478.172	44.68	
478.376	-12.05	
478.579	5.97	
478.783	-1.19	
478.986	14.57	
479.19	28.5	
479.393	49.8	
479.596	64.55	
479.8	91.99	
480.003	78.06	
480.207	73.15	
480.41	32.19	
480.614	30.96	
480.817	-0.38	
481.02	77.04	
481.224	138.07	
481.427	165.92	
481.63	203.4	
481.834	227.36	
482.037	116.36	
482.24	60.45	
482.443	40.38	
482.647	-38.88	
482.85	-57.72	
483.053	27.68	
483.256	-27.2	
483.46	18.06	
483.663	24.4	
483.866	65.36	
484.069	17.03	
484.272	40.99	
484.476	2.49	
484.679	53.08	
484.882	86.87	
485.085	56.76	
485.288	58.61	
485.491	90.14	
485.694	17.44	
485.897	-19.83	
486.101	20.1	
486.304	78.06	
486.507	7.61	
486.71	33.62	
486.913	-1.19	
487.116	-21.26	
487.319	-54.65	
487.522	-13.69	
487.725	58.4	
487.928	61.47	
488.13	65.77	
488.333	85.23	
488.536	76.83	
488.739	15.8	
488.942	47.75	
489.145	40.17	
489.348	16.01	
489.551	2.08	
489.754	5.97	
489.956	-21.88	
490.159	-28.02	
490.362	-61.61	
490.565	-85.37	
490.768	-112.4	
490.97	-42.15	
491.173	-13.69	
491.376	8.43	
491.579	25.43	
491.781	68.85	
491.984	-6.52	
492.187	1.47	
492.39	-14.51	
492.592	-14.1	
492.795	1.67	
492.998	-16.55	
493.2	-46.05	
493.403	-13.48	
493.605	66.18	
493.808	11.5	
494.011	4.13	
494.213	2.29	
494.416	25.22	
494.618	-77.58	
494.821	-97.04	
495.023	-47.07	
495.226	-3.65	
495.428	-27.2	
495.631	31.37	
495.833	98.75	
496.036	83.18	
496.238	37.31	
496.441	65.77	
496.643	22.77	
496.846	-22.7	
497.048	8.64	
497.25	68.03	
497.453	53.69	
497.655	166.33	
497.858	236.98	
498.06	238.62	
498.262	167.15	
498.465	169.4	
498.667	108.78	
498.869	90.55	
499.071	54.31	
499.274	123.53	
499.476	106.12	
499.678	59.02	
499.881	11.3	
500.083	30.55	
500.285	-32.32	
500.487	-22.49	
500.689	-11.84	
500.892	-35.4	
501.094	-73.69	
501.296	-22.29	
501.498	-42.97	
501.7	-64.68	
501.902	-19.42	
502.104	-1.81	
502.306	-49.53	
502.509	-41.13	
502.711	-42.15	
502.913	-46.86	
503.115	-84.96	
503.317	-57.92	
503.519	-66.32	
503.721	-20.86	
503.923	66.59	
504.125	96.08	
504.327	128.65	
504.529	155.68	
504.731	139.3	
504.933	90.14	
505.134	85.02	
505.336	64.14	
505.538	64.95	
505.74	39.76	
505.942	-22.9	
506.144	-19.83	
506.346	-38.47	
506.548	24	
506.749	50	
506.951	82.98	
507.153	65.57	
507.355	56.97	
507.557	2.08	
507.758	25.43	
507.96	-22.7	
508.162	15.6	
508.363	35.05	
508.565	22.56	
508.767	-42.77	
508.969	4.54	
509.17	27.89	
509.372	23.59	
509.574	-21.26	
509.775	14.78	
509.977	-36.62	
510.178	-19.01	
510.38	-19.22	
510.582	21.54	
510.783	-8.16	
510.985	28.5	
511.186	-45.23	
511.388	11.71	
511.589	32.39	
511.791	30.96	
511.992	31.78	
512.194	68.85	
512.395	-48.91	
512.597	-36.01	
512.798	-13.69	
513	5.56	
513.201	16.42	
513.403	126.39	
513.604	79.29	
513.805	84.82	
514.007	57.17	
514.208	-9.59	
514.409	-66.32	
514.611	-63.66	
514.812	-32.12	
515.013	28.91	
515.215	70.28	
515.416	36.69	
515.617	15.6	
515.819	-48.91	
516.02	-117.93	
516.221	-76.76	
516.422	-48.71	
516.623	-39.29	
516.825	-32.73	
517.026	1.26	
517.227	-76.15	
517.428	-108.51	
517.629	-77.99	
517.83	-44.2	
518.032	-25.77	
518.233	24.4	
518.434	52.46	
518.635	71.51	
518.836	53.08	
519.037	-0.17	
519.238	11.3	
519.439	33.21	
519.64	-15.94	
519.841	12.73	
520.042	28.3	
520.243	7	
520.444	-20.45	
520.645	-10.62	
520.846	-39.9	
521.047	-13.69	
521.248	-40.11	
521.449	-7.75	
521.65	-7.75	
521.851	66.18	
522.052	6.38	
522.252	42.02	
522.453	56.15	
522.654	34.03	
522.855	-23.93	
523.056	-8.77	
523.257	-13.89	
523.457	-36.42	
523.658	-10	
523.859	-25.16	
524.06	-31.3	
524.26	-69.8	
524.461	-76.15	
524.662	-65.5	
524.862	-86.59	
525.063	-38.06	
525.264	2.7	
525.464	-5.9	
525.665	21.95	
525.866	142.78	
526.066	93.83	
526.267	87.69	
526.468	92.19	
526.668	69.26	
526.869	-4.68	
527.069	5.15	
527.27	20.31	
527.47	81.75	
527.671	56.56	
527.871	26.45	
528.072	62.09	
528.272	48.57	
528.473	13.96	
528.673	95.67	
528.874	109.81	
529.074	111.03	
529.275	134.79	
529.475	142.78	
529.675	34.24	
529.876	52.26	
530.076	-4.27	
530.277	-38.88	
530.477	-57.92	
530.677	-54.65	
530.878	-92.53	
531.078	10.07	
531.278	-17.37	
531.478	-35.4	
531.679	-8.77	
531.879	9.45	
532.079	-43.18	
532.28	0.03	
532.48	-18.19	
532.68	-16.14	
532.88	-4.88	
533.08	-5.29	
533.28	-23.11	
533.481	-5.7	
533.681	-5.9	
533.881	-3.04	
534.081	-13.69	
534.281	13.55	
534.481	40.79	
534.681	79.9	
534.881	115.33	
535.081	91.78	
535.281	59.43	
535.481	99.57	
535.682	50.82	
535.882	-0.58	
536.082	49.59	
536.281	43.86	
536.481	38.74	
536.681	73.97	
536.881	79.9	
537.081	30.75	
537.281	42.22	
537.481	-41.33	
537.681	-87.62	
537.881	-147.21	
538.081	-66.52	
538.281	-66.52	
538.48	-76.36	
538.68	-42.15	
538.88	49.59	
539.08	25.02	
539.28	10.07	
539.479	101.41	
539.679	94.65	
539.879	47.55	
540.079	27.89	
540.278	55.12	
540.478	-25.16	
540.678	-32.94	
540.877	12.32	
541.077	-47.68	
541.277	-51.37	
541.476	47.14	
541.676	60.65	
541.876	81.13	
542.075	140.93	
542.275	104.28	
542.474	39.97	
542.674	44.07	
542.874	-13.48	
543.073	-46.86	
543.273	-17.17	
543.472	2.29	
543.672	-13.28	
543.871	-16.35	
544.071	2.7	
544.27	67.62	
544.47	29.12	
544.669	51.85	
544.868	54.51	
545.068	54.92	
545.267	-19.22	
545.467	59.83	
545.666	16.21	
545.865	59.43	
546.065	12.94	
546.264	15.39	
546.463	-48.09	
546.663	-5.5	
546.862	-35.6	
547.061	0.65	
547.261	26.86	
547.46	73.56	
547.659	50.41	
547.858	109.4	
548.058	117.18	
548.257	132.33	
548.456	81.13	
548.655	92.81	
548.854	52.05	
549.053	98.54	
549.253	69.05	
549.452	74.99	
549.651	102.23	
549.85	156.29	
550.049	122.09	
550.248	102.02	
550.447	120.05	
550.646	130.9	
550.845	112.06	
551.044	95.06	
551.243	107.35	
551.442	104.69	
551.641	86.87	
551.84	94.04	
552.039	124.55	
552.238	132.54	
552.437	115.95	
552.636	82.98	
552.835	22.97	
553.034	43.25	
553.233	68.64	
553.432	75.4	
553.63	101.82	
553.829	124.55	
554.028	42.43	
554.227	31.37	
554.426	49.59	
554.625	65.98	
554.823	44.27	
555.022	116.36	
555.221	147.9	
555.42	136.63	
555.618	141.14	
555.817	147.08	
556.016	114.72	
556.214	104.07	
556.413	93.63	
556.612	60.45	
556.81	65.77	
557.009	61.68	
557.208	24.4	
557.406	51.64	
557.605	35.87	
557.803	3.52	
558.002	-18.6	
558.201	-62.63	
558.399	-71.44	
558.598	-127.76	
558.796	-91.1	
558.995	-73.69	
559.193	-19.83	
559.392	-64.27	
559.59	34.24	
559.789	31.78	
559.987	99.98	
560.185	141.55	
560.384	166.12	
560.582	157.93	
560.781	200.74	
560.979	167.97	
561.177	96.9	
561.376	104.69	
561.574	148.72	
561.772	10.27	
561.971	101.61	
562.169	116.15	
562.367	78.68	
562.566	21.95	
562.764	63.11	
562.962	-61.81	
563.16	-93.76	
563.358	-40.11	
563.557	-32.32	
563.755	5.56	
563.953	24.61	
564.151	72.12	
564.349	87.48	
564.547	99.36	
564.746	90.76	
564.944	66.18	
565.142	60.86	
565.34	19.69	
565.538	-18.4	
565.736	1.67	
565.934	-23.52	
566.132	-17.99	
566.33	7.82	
566.528	69.46	
566.726	29.32	
566.924	98.13	
567.122	57.38	
567.32	12.73	
567.518	-33.55	
567.716	-23.93	
567.914	-39.7	
568.112	-20.24	
568.31	38.74	
568.507	52.67	
568.705	0.44	
568.903	-7.95	
569.101	22.77	
569.299	44.07	
569.497	51.44	
569.694	128.44	
569.892	123.94	
570.09	130.69	
570.288	59.83	
570.486	46.73	
570.683	65.98	
570.881	31.16	
571.079	-19.01	
571.276	-13.89	
571.474	-14.71	
571.672	-59.56	
571.869	-20.24	
572.067	18.26	
572.265	47.34	
572.462	83.59	
572.66	114.52	
572.857	146.05	
573.055	170.22	
573.253	154.25	
573.45	105.5	
573.648	122.3	
573.845	72.33	
574.043	50	
574.24	36.49	
574.438	-7.95	
574.635	-35.4	
574.832	-64.68	
575.03	-66.32	
575.227	25.02	
575.425	44.27	
575.622	13.76	
575.82	35.46	
576.017	60.04	
576.214	5.77	
576.412	61.68	
576.609	34.64	
576.806	18.47	
577.004	-25.36	
577.201	-31.09	
577.398	-2.01	
577.595	128.85	
577.793	175.34	
577.99	197.87	
578.187	148.51	
578.384	107.35	
578.582	9.05	
578.779	35.46	
578.976	31.78	
579.173	120.45	
579.37	119.84	
579.567	162.44	
579.764	117.18	
579.962	118.41	
580.159	78.27	
580.356	94.45	
580.553	88.51	
580.75	114.72	
580.947	122.71	
581.144	174.73	
581.341	150.15	
581.538	182.92	
581.735	140.93	
581.932	158.14	
582.129	58.61	
582.326	63.11	
582.523	6.38	
582.72	1.26	
582.916	-59.36	
583.113	-62.84	
583.31	-81.48	
583.507	-67.96	
583.704	8.84	
583.901	104.28	
584.098	126.39	
584.294	152.81	
584.491	132.95	
584.688	84	
584.885	-11.02	
585.082	108.37	
585.278	133.15	
585.475	168.79	
585.672	150.56	
585.868	177.18	
586.065	84.41	
586.262	9.86	
586.458	11.3	
586.655	66.39	
586.852	43.66	
587.048	13.55	
587.245	7	
587.442	60.86	
587.638	68.44	
587.835	133.97	
588.031	164.69	
588.228	216.91	
588.424	154.66	
588.621	130.08	
588.817	75.19	
589.014	116.15	
589.21	106.94	
589.407	90.76	
589.603	45.29	
589.8	91.99	
589.996	70.89	
590.192	46.11	
590.389	66.8	
590.585	88.1	
590.782	23.18	
590.978	85.23	
591.174	88.92	
591.371	102.64	
591.567	113.29	
591.763	123.12	
591.959	41.81	
592.156	56.76	
592.352	24.2	
592.548	30.14	
592.744	55.53	
592.941	30.14	
593.137	7.82	
593.333	-12.66	
593.529	44.88	
593.725	55.74	
593.922	53.28	
594.118	132.54	
594.314	98.54	
594.51	65.16	
594.706	22.56	
594.902	81.95	
595.098	40.17	
595.294	93.22	
595.49	20.51	
595.686	81.95	
595.882	10.68	
596.078	54.92	
596.274	83.8	
596.47	166.94	
596.666	136.02	
596.862	140.73	
597.058	124.14	
597.254	129.06	
597.45	65.16	
597.646	116.36	
597.842	135.61	
598.037	175.75	
598.233	180.05	
598.429	224.08	
598.625	127.01	
598.821	111.24	
599.017	5.97	
599.212	38.74	
599.408	70.89	
599.604	89.33	
599.8	103.66	
599.995	101.82	
600.191	55.53	
600.387	-26.38	
600.582	9.05	
600.778	47.55	
600.974	79.5	
601.169	54.51	
601.365	103.87	
601.561	42.02	
601.756	-32.32	
601.952	-30.69	
602.147	-49.94	
602.343	-74.92	
602.538	-1.81	
602.734	28.71	
602.93	48.78	
603.125	69.87	
603.321	96.08	
603.516	80.31	
603.711	88.51	
603.907	85.23	
604.102	93.83	
604.298	117.79	
604.493	106.53	
604.689	149.74	
604.884	129.26	
605.079	133.36	
605.275	83.59	
605.47	61.27	
605.665	42.02	
605.861	90.96	
606.056	80.72	
606.251	25.43	
606.447	55.74	
606.642	47.96	
606.837	-15.53	
607.032	52.87	
607.227	70.48	
607.423	73.15	
607.618	57.79	
607.813	55.53	
608.008	-24.95	
608.203	92.19	
608.398	136.63	
608.594	107.55	
608.789	102.02	
608.984	163.05	
609.179	107.96	
609.374	39.36	
609.569	78.68	
609.764	55.53	
609.959	14.37	
610.154	-4.68	
610.349	28.71	
610.544	12.12	
610.739	51.44	
610.934	63.32	
611.129	108.17	
611.324	130.08	
611.519	178.41	
611.714	225.93	
611.909	179.23	
612.103	214.87	
612.298	194.39	
612.493	184.15	
612.688	168.38	
612.883	229.61	
613.078	113.08	
613.272	174.93	
613.467	171.04	
613.662	194.8	
613.857	223.26	
614.051	287.77	
614.246	193.36	
614.441	160.8	
614.635	65.98	
614.83	12.32	
615.025	-42.77	
615.219	-50.14	
615.414	-89.87	
615.609	-40.72	
615.803	-52.39	
615.998	27.27	
616.192	47.96	
616.387	106.12	
616.582	147.69	
616.776	185.58	
616.971	140.32	
617.165	125.57	
617.36	60.24	
617.554	21.95	
617.749	64.55	
617.943	62.29	
618.138	87.89	
618.332	134.18	
618.526	105.71	
618.721	27.68	
618.915	70.48	
619.11	81.75	
619.304	38.74	
619.498	50	
619.693	117.18	
619.887	62.5	
620.081	12.94	
620.275	52.46	
620.47	70.89	
620.664	36.28	
620.858	11.91	
621.052	37.51	
621.247	62.29	
621.441	44.27	
621.635	28.5	
621.829	77.24	
622.023	74.17	
622.218	103.46	
622.412	102.23	
622.606	73.56	
622.8	62.09	
622.994	69.05	
623.188	-1.19	
623.382	4.33	
623.576	22.15	
623.77	1.47	
623.964	4.95	
624.158	32.6	
624.352	-6.72	
624.546	11.5	
624.74	68.03	
624.934	44.07	
625.128	57.17	
625.322	100.18	
625.516	116.15	
625.71	53.49	
625.904	25.63	
626.098	50.82	
626.291	69.67	
626.485	52.67	
626.679	50	
626.873	167.76	
627.067	115.54	
627.26	121.27	
627.454	125.17	
627.648	181.48	
627.842	99.57	
628.035	102.64	
628.229	93.42	
628.423	43.66	
628.617	-0.58	
628.81	-3.24	
629.004	1.26	
629.198	-4.68	
629.391	-8.98	
629.585	64.55	
629.778	55.74	
629.972	76.63	
630.166	86.46	
630.359	97.31	
630.553	29.73	
630.746	72.12	
630.94	98.75	
631.133	27.07	
631.327	46.93	
631.52	43.86	
631.714	1.26	
631.907	-41.13	
632.1	53.69	
632.294	114.31	
632.487	137.25	
632.681	167.97	
632.874	175.95	
633.067	188.24	
633.261	120.66	
633.454	118.41	
633.647	119.23	
633.841	75.81	
634.034	61.06	
634.227	62.7	
634.421	29.52	
634.614	24.2	
634.807	40.17	
635	-56.69	
635.193	6.79	
635.387	-3.24	
635.58	-18.19	
635.773	19.9	
635.966	99.57	
636.159	59.83	
636.352	30.96	
636.545	13.35	
636.739	-35.81	
636.932	-49.12	
637.125	-81.07	
637.318	-70.21	
637.511	-4.68	
637.704	-3.65	
637.897	14.37	
638.09	4.74	
638.283	73.35	
638.476	38.74	
638.669	71.3	
638.862	70.28	
639.055	86.66	
639.247	70.48	
639.44	40.38	
639.633	60.45	
639.826	10.07	
640.019	28.3	
640.212	8.23	
640.405	44.07	
640.597	-2.42	
640.79	34.44	
640.983	38.33	
641.176	38.54	
641.368	82.16	
641.561	121.68	
641.754	83.39	
641.947	140.73	
642.139	186.81	
642.332	113.9	
642.525	122.5	
642.717	174.52	
642.91	77.04	
643.103	26.66	
643.295	28.09	
643.488	-7.34	
643.68	-67.14	
643.873	-44.2	
644.065	-41.33	
644.258	-16.14	
644.45	-28.02	
644.643	1.47	
644.835	2.49	
645.028	-26.79	
645.22	-58.74	
645.413	-68.78	
645.605	-81.07	
645.798	-103.59	
645.99	-13.89	
646.182	9.05	
646.375	40.58	
646.567	44.07	
646.76	27.68	
646.952	-8.36	
647.144	-23.11	
647.337	-40.52	
647.529	-23.72	
647.721	54.51	
647.913	42.63	
648.106	19.9	
648.298	0.44	
648.49	-12.87	
648.682	-95.61	
648.874	-80.66	
649.067	-55.67	
649.259	-42.97	
649.451	-47.89	
649.643	1.06	
649.835	41.81	
650.027	65.57	
650.219	54.1	
650.411	74.99	
650.603	46.52	
650.796	44.88	
650.988	43.25	
651.18	107.76	
651.372	137.66	
651.564	142.16	
651.756	73.15	
651.948	76.83	
652.139	29.52	
652.331	-32.53	
652.523	-8.57	
652.715	9.45	
652.907	-12.46	
653.099	-1.19	
653.291	16.21	
653.483	-4.88	
653.674	8.23	
653.866	31.16	
654.058	19.49	
654.25	32.39	
654.442	24.61	
654.633	-38.47	
654.825	-55.26	
655.017	-49.53	
655.209	-79.22	
655.4	-48.5	
655.592	-59.97	
655.784	-11.84	
655.975	-10.41	
656.167	11.3	
656.359	-11.64	
656.55	36.08	
656.742	-39.29	
656.933	32.8	
657.125	23.18	
657.316	16.62	
657.508	-10.41	
657.7	58.81	
657.891	-45.43	
658.083	-17.37	
658.274	14.98	
658.466	51.44	
658.657	47.14	
658.848	31.57	
659.04	27.27	
659.231	-16.55	
659.423	-24.75	
659.614	-60.38	
659.805	44.68	
659.997	96.29	
660.188	145.24	
660.379	162.03	
660.571	143.6	
660.762	74.38	
660.953	5.97	
661.145	-3.65	
661.336	-46.66	
661.527	133.36	
661.718	188.04	
661.909	187.01	
662.101	188.86	
662.292	220.6	
662.483	11.3	
662.674	-26.38	
662.865	-6.31	
663.056	-51.57	
663.247	-102.77	
663.439	-46.25	
663.63	-38.06	
663.821	-74.72	
664.012	-24.34	
664.203	68.23	
664.394	87.89	
664.585	116.36	
664.776	98.13	
664.967	98.13	
665.158	57.17	
665.349	98.13	
665.54	49.39	
665.73	112.06	
665.921	34.44	
666.112	21.13	
666.303	-46.25	
666.494	54.51	
666.685	27.48	
666.876	112.47	
667.066	120.66	
667.257	149.13	
667.448	22.36	
667.639	11.91	
667.83	-6.11	
668.02	-11.23	
668.211	-81.48	
668.402	-12.87	
668.592	-64.89	
668.783	-81.07	
668.974	-62.63	
669.164	12.53	
669.355	-17.37	
669.546	70.48	
669.736	84.41	
669.927	68.03	
670.117	-11.84	
670.308	-2.42	
670.499	-63.45	
670.689	-66.93	
670.88	-97.24	
671.07	-26.18	
671.261	-25.16	
671.451	53.69	
671.641	-5.5	
671.832	48.37	
672.022	32.8	
672.213	-10	
672.403	-57.51	
672.594	33.83	
672.784	37.72	
672.974	30.96	
673.165	12.53	
673.355	10.07	
673.545	34.64	
673.736	84.82	
673.926	23.38	
674.116	102.23	
674.306	55.74	
674.497	-5.9	
674.687	-86.19	
674.877	-56.08	
675.067	-89.46	
675.257	-39.9	
675.448	-47.27	
675.638	-14.3	
675.828	-26.18	
676.018	20.51	
676.208	13.35	
676.398	44.48	
676.588	14.78	
676.778	36.9	
676.968	5.56	
677.158	36.28	
677.348	-30.07	
677.538	-46.45	
677.728	-29.05	
677.918	-29.66	
678.108	-63.25	
678.298	-12.05	
678.488	-5.9	
678.678	5.97	
678.868	4.33	
679.058	5.15	
679.248	-8.16	
679.438	-0.58	
679.627	-24.13	
679.817	-40.93	
680.007	-36.01	
680.197	-29.05	
680.387	-35.19	
680.576	-0.99	
680.766	-31.91	
680.956	-44.2	
681.146	12.53	
681.335	7.82	
681.525	-45.23	
681.715	-1.4	
681.904	29.73	
682.094	-8.77	
682.284	-0.99	
682.473	37.1	
682.663	78.27	
682.852	63.73	
683.042	72.53	
683.231	74.58	
683.421	57.79	
683.61	16.21	
683.8	-7.34	
683.989	-32.32	
684.179	-11.84	
684.368	-53.21	
684.558	-71.44	
684.747	-57.51	
684.937	-88.64	
685.126	-62.84	
685.316	-37.03	
685.505	-64.07	
685.694	-7.13	
685.884	95.88	
686.073	22.97	
686.262	26.04	
686.452	95.67	
686.641	73.35	
686.83	12.12	
687.019	36.28	
687.209	47.75	
687.398	49.19	
687.587	15.6	
687.776	-8.57	
687.965	-27.41	
688.155	-46.05	
688.344	-111.78	
688.533	-89.67	
688.722	-102.16	
688.911	-4.47	
689.1	67.41	
689.289	134.59	
689.478	133.97	
689.667	172.27	
689.856	28.5	
690.045	-20.65	
690.234	-74.1	
690.423	-34.37	
690.612	-83.73	
690.801	14.98	
690.99	-7.34	
691.179	20.72	
691.368	-7.95	
691.557	89.74	
691.746	51.23	
691.935	68.85	
692.124	47.75	
692.312	39.97	
692.501	-40.93	
692.69	-11.02	
692.879	-15.94	
693.068	-7.95	
693.256	-13.28	
693.445	68.64	
693.634	21.74	
693.823	8.02	
694.011	16.83	
694.2	17.03	
694.389	-59.97	
694.577	-46.45	
694.766	-37.85	
694.955	-36.83	
695.143	-66.12	
695.332	-21.26	
695.52	-19.63	
695.709	35.67	
695.897	24.2	
696.086	12.53	
696.275	-41.74	
696.463	-32.73	
696.652	-85.78	
696.84	-54.85	
697.028	-23.31	
697.217	-2.42	
697.405	17.03	
697.594	62.29	
697.782	42.43	
697.971	32.39	
698.159	37.51	
698.347	60.04	
698.536	51.23	
698.724	86.05	
698.912	70.48	
699.1	82.57	
699.289	99.57	
699.477	79.09	
699.665	39.56	
699.854	35.87	
700.042	34.24	
700.23	7.2	
700.418	7.82	
700.606	-2.63	
700.794	29.73	
700.983	44.48	
701.171	38.74	
701.359	16.21	
701.547	62.5	
701.735	66.8	
701.923	-1.19	
702.111	-41.13	
702.299	-63.45	
702.487	-47.48	
702.675	-90.08	
702.863	-74.92	
703.051	-68.57	
703.239	8.02	
703.427	-57.51	
703.615	-46.66	
703.803	-56.49	
703.991	-9.18	
704.179	-32.53	
704.367	28.3	
704.554	71.3	
704.742	106.73	
704.93	150.56	
705.118	181.89	
705.306	114.11	
705.493	94.65	
705.681	65.77	
705.869	55.74	
706.057	6.18	
706.244	29.32	
706.432	25.22	
706.62	68.85	
706.807	-22.49	
706.995	43.66	
707.183	-10.82	
707.37	19.9	
707.558	21.13	
707.746	113.7	
707.933	80.72	
708.121	185.38	
708.308	150.97	
708.496	128.65	
708.683	32.19	
708.871	76.01	
709.058	-3.04	
709.246	4.74	
709.433	-42.56	
709.621	10.68	
709.808	-71.85	
709.995	4.54	
710.183	15.19	
710.37	69.87	
710.558	37.31	
710.745	48.78	
710.932	12.94	
711.12	42.63	
711.307	19.69	
711.494	50.62	
711.681	81.13	
711.869	17.85	
712.056	-1.4	
712.243	33.01	
712.43	-38.67	
712.618	-37.85	
712.805	-28.23	
712.992	-62.63	
713.179	-106.87	
713.366	-57.92	
713.553	-28.84	
713.74	-3.04	
713.928	-34.37	
714.115	18.47	
714.302	0.85	
714.489	-12.25	
714.676	-37.24	
714.863	56.15	
715.05	48.57	
715.237	30.14	
715.424	-46.45	
715.611	37.1	
715.798	15.8	
715.984	0.65	
716.171	58.4	
716.358	92.19	
716.545	60.86	
716.732	62.91	
716.919	22.77	
717.106	-24.13	
717.293	-9.8	
717.479	20.51	
717.666	-68.78	
717.853	-36.62	
718.04	-1.6	
718.226	16.42	
718.413	-65.71	
718.6	16.21	
718.786	18.67	
718.973	49.39	
719.16	-23.72	
719.346	29.93	
719.533	-2.22	
719.72	48.16	
719.906	-7.34	
720.093	50.62	
720.279	-6.93	
720.466	3.52	
720.652	-7.95	
720.839	44.68	
721.025	57.79	
721.212	87.69	
721.398	87.07	
721.585	89.74	
721.771	35.26	
721.958	-4.06	
722.144	25.02	
722.331	-53.21	
722.517	-109.12	
722.703	-83.52	
722.89	-109.74	
723.076	-118.95	
723.262	-14.3	
723.449	-30.48	
723.635	-77.79	
723.821	-52.6	
724.007	-86.59	
724.194	-132.67	
724.38	-100.52	
724.566	-68.78	
724.752	-31.5	
724.938	26.86	
725.125	82.16	
725.311	111.65	
725.497	102.43	
725.683	71.92	
725.869	14.78	
726.055	-8.98	
726.241	-36.21	
726.427	-20.45	
726.613	-50.76	
726.799	41.4	
726.985	-20.65	
727.171	14.57	
727.357	50	
727.543	120.66	
727.729	52.87	
727.915	115.13	
728.101	86.66	
728.287	54.51	
728.473	12.53	
728.659	3.11	
728.845	-42.15	
729.03	-67.96	
729.216	-62.63	
729.402	-82.91	
729.588	-85.37	
729.774	-62.02	
729.959	-64.68	
730.145	-28.64	
730.331	36.08	
730.517	51.23	
730.702	82.98	
730.888	120.45	
731.074	18.26	
731.259	-4.27	
731.445	29.52	
731.63	-8.36	
731.816	-34.78	
732.002	91.58	
732.187	135.61	
732.373	105.3	
732.558	131.72	
732.744	185.38	
732.929	130.9	
733.115	22.36	
733.3	-52.6	
733.486	-65.71	
733.671	-160.32	
733.857	-187.97	
734.042	-137.38	
734.227	-80.86	
734.413	-31.09	
734.598	64.55	
734.784	50.62	
734.969	43.66	
735.154	70.89	
735.339	42.02	
735.525	49.19	
735.71	109.19	
735.895	73.35	
736.081	52.26	
736.266	51.03	
736.451	0.65	
736.636	24	
736.821	35.46	
737.007	7.82	
737.192	9.05	
737.377	-19.42	
737.562	-93.35	
737.747	-49.12	
737.932	1.88	
738.117	-29.05	
738.302	53.08	
738.487	79.29	
738.672	37.31	
738.857	51.85	
739.042	78.68	
739.227	98.75	
739.412	62.09	
739.597	45.7	
739.782	62.91	
739.967	14.78	
740.152	-14.3	
740.337	24.2	
740.522	64.75	
740.706	34.03	
740.891	120.86	
741.076	108.99	
741.261	122.91	
741.446	134.59	
741.63	121.68	
741.815	97.11	
742	29.32	
742.185	-2.83	
742.369	4.74	
742.554	-24.54	
742.739	-47.27	
742.923	-0.38	
743.108	35.87	
743.293	39.56	
743.477	37.72	
743.662	72.94	
743.846	68.23	
744.031	58.61	
744.216	35.26	
744.4	97.93	
744.585	69.05	
744.769	91.37	
744.954	76.63	
745.138	62.29	
745.322	40.17	
745.507	1.67	
745.691	-26.59	
745.876	-45.43	
746.06	-3.24	
746.244	26.04	
746.429	75.81	
746.613	78.47	
746.798	110.21	
746.982	53.9	
747.166	35.46	
747.35	-12.66	
747.535	-21.67	
747.719	-16.96	
747.903	53.28	
748.087	21.54	
748.272	43.45	
748.456	84.41	
748.64	61.06	
748.824	35.46	
749.008	46.11	
749.192	25.63	
749.376	-7.95	
749.56	-19.42	
749.745	-51.78	
749.929	-25.98	
750.113	8.84	
750.297	-18.19	
750.481	24.61	
750.665	54.92	
750.849	31.78	
751.033	41.2	
751.217	24.2	
751.4	3.31	
751.584	-8.36	
751.768	16.62	
751.952	-14.92	
752.136	12.94	
752.32	-20.65	
752.504	3.72	
752.688	5.56	
752.871	-8.57	
753.055	-8.57	
753.239	13.76	
753.423	21.95	
753.606	-34.17	
753.79	34.64	
753.974	48.98	
754.157	45.29	
754.341	-10.21	
754.525	1.26	
754.708	-36.42	
754.892	-33.76	
755.076	-0.58	
755.259	42.63	
755.443	11.91	
755.626	-4.88	
755.81	22.56	
755.993	15.19	
756.177	-25.77	
756.36	27.89	
756.544	36.08	
756.727	10.27	
756.911	18.47	
757.094	54.71	
757.278	42.02	
757.461	31.37	
757.644	13.35	
757.828	-22.49	
758.011	-2.22	
758.195	10.68	
758.378	7.82	
758.561	1.26	
758.744	-12.05	
758.928	22.97	
759.111	8.64	
759.294	59.02	
759.477	84.82	
759.661	112.26	
759.844	76.42	
760.027	55.33	
760.21	7.41	
760.393	13.55	
760.576	14.98	
760.76	-10.21	
760.943	-15.33	
761.126	67.41	
761.309	101.41	
761.492	89.12	
761.675	75.81	
761.858	108.37	
762.041	11.91	
762.224	-72.46	
762.407	-79.22	
762.59	-45.43	
762.773	-100.32	
762.956	-98.47	
763.139	-74.92	
763.321	-46.25	
763.504	-106.67	
763.687	-49.94	
763.87	-18.19	
764.053	-2.83	
764.236	19.69	
764.418	67.82	
764.601	41.2	
764.784	61.06	
764.967	107.96	
765.149	80.11	
765.332	89.94	
765.515	135	
765.697	76.42	
765.88	43.86	
766.063	47.34	
766.245	15.8	
766.428	-36.21	
766.611	-14.1	
766.793	-15.33	
766.976	20.51	
767.158	-16.35	
767.341	48.57	
767.523	55.94	
767.706	74.38	
767.888	14.17	
768.071	144.01	
768.253	78.47	
768.436	99.98	
768.618	99.57	
768.8	191.93	
768.983	150.36	
769.165	179.44	
769.348	107.35	
769.53	82.16	
769.712	-9.39	
769.895	-55.88	
770.077	-53.62	
770.259	-14.1	
770.441	-39.9	
770.624	14.37	
770.806	50	
770.988	11.09	
771.17	9.66	
771.352	85.64	
771.535	97.52	
771.717	91.99	
771.899	109.4	
772.081	180.66	
772.263	102.84	
772.445	63.11	
772.627	3.11	
772.809	15.39	
772.991	-26.79	
773.173	40.38	
773.355	42.63	
773.537	67.21	
773.719	39.76	
773.901	96.49	
774.083	16.01	
774.265	-46.66	
774.447	-68.57	
774.629	-37.44	
774.811	-79.43	
774.992	-20.86	
775.174	2.08	
775.356	67	
775.538	35.26	
775.72	-8.36	
775.901	-22.7	
776.083	-15.12	
776.265	-64.07	
776.447	-10.21	
776.628	49.59	
776.81	54.51	
776.992	115.95	
777.173	133.77	
777.355	98.95	
777.537	121.68	
777.718	107.96	
777.9	86.46	
778.081	85.02	
778.263	124.96	
778.444	62.91	
778.626	53.08	
778.807	-3.65	
778.989	-13.89	
779.17	-87.41	
779.352	-160.73	
779.533	-190.43	
779.715	-124.07	
779.896	-176.3	
780.078	-82.29	
780.259	4.74	
780.44	21.54	
780.622	-26.59	
780.803	113.29	
780.984	71.51	
781.166	27.68	
781.347	40.38	
781.528	64.34	
781.709	-32.32	
781.891	-14.92	
782.072	35.26	
782.253	58.61	
782.434	42.22	
782.615	62.09	
782.796	47.75	
782.978	75.81	
783.159	73.56	
783.34	140.12	
783.521	119.43	
783.702	128.65	
783.883	117.59	
784.064	143.19	
784.245	57.17	
784.426	127.01	
784.607	101.61	
784.788	94.24	
784.969	36.28	
785.15	80.93	
785.331	-21.06	
785.512	13.96	
785.692	-1.4	
785.873	29.93	
786.054	0.65	
786.235	31.37	
786.416	39.97	
786.597	38.95	
786.777	7.41	
786.958	34.64	
787.139	60.04	
787.32	51.23	
787.5	62.91	
787.681	40.58	
787.862	40.38	
788.042	34.24	
788.223	32.6	
788.404	-36.62	
788.584	14.37	
788.765	33.83	
788.946	14.37	
789.126	-2.42	
789.307	76.42	
789.487	106.73	
789.668	34.64	
789.848	25.22	
790.029	-31.5	
790.209	-84.55	
790.39	-130.22	
790.57	-114.65	
790.75	-26.79	
790.931	16.83	
791.111	10.07	
791.292	63.11	
791.472	90.35	
791.652	47.75	
791.833	52.05	
792.013	75.19	
792.193	-7.95	
792.373	30.34	
792.554	29.52	
792.734	28.71	
792.914	-2.22	
793.094	53.28	
793.275	49.19	
793.455	25.43	
793.635	56.35	
793.815	104.89	
793.995	67	
794.175	52.05	
794.355	125.98	
794.535	140.73	
794.715	115.74	
794.896	125.57	
795.076	79.29	
795.256	82.57	
795.436	18.47	
795.616	54.51	
795.795	86.66	
795.975	107.55	
796.155	104.07	
796.335	123.94	
796.515	142.16	
796.695	185.17	
796.875	233.5	
797.055	196.43	
797.234	212.82	
797.414	196.23	
797.594	133.15	
797.774	89.94	
797.954	36.08	
798.133	44.68	
798.313	1.88	
798.493	27.89	
798.672	2.29	
798.852	39.56	
799.032	-24.75	
799.211	-24.95	
799.391	-64.07	
799.571	-40.72	
799.75	-64.68	
799.93	20.51	
800.109	30.75	
800.289	50.41	
800.468	33.21	
800.648	38.95	
800.827	28.09	
801.007	27.68	
801.186	-22.9	
801.366	-9.59	
801.545	9.86	
801.725	46.73	
801.904	-6.93	
802.083	62.7	
802.263	47.34	
802.442	97.93	
802.621	23.18	
802.801	153.43	
802.98	163.26	
803.159	139.09	
803.338	56.76	
803.518	133.36	
803.697	26.25	
803.876	23.38	
804.055	61.88	
804.235	114.72	
804.414	26.66	
804.593	63.52	
804.772	30.55	
804.951	25.22	
805.13	-61.2	
805.309	-13.89	
805.488	-5.7	
805.667	22.15	
805.846	40.17	
806.025	114.93	
806.204	134.59	
806.383	109.6	
806.562	73.97	
806.741	67.21	
806.92	80.11	
807.099	42.84	
807.278	0.44	
807.457	4.33	
807.636	37.51	
807.814	21.74	
807.993	17.24	
808.172	60.24	
808.351	82.16	
808.53	67.41	
808.708	38.13	
808.887	29.93	
809.066	110.21	
809.244	88.3	
809.423	53.28	
809.602	60.45	
809.78	105.5	
809.959	39.56	
810.138	79.29	
810.316	105.5	
810.495	118.82	
810.673	37.1	
810.852	39.15	
811.03	39.15	
811.209	54.92	
811.388	57.99	
811.566	111.24	
811.744	124.96	
811.923	93.22	
812.101	70.89	
812.28	149.74	
812.458	183.33	
812.637	147.9	
812.815	167.15	
812.993	198.28	
813.172	180.66	
813.35	85.02	
813.528	126.6	
813.706	96.29	
813.885	82.77	
814.063	-1.6	
814.241	101.82	
814.419	107.14	
814.598	176.57	
814.776	139.09	
814.954	135	
815.132	93.01	
815.31	93.01	
815.488	-12.46	
815.666	-30.89	
815.844	-58.54	
816.022	-78.4	
816.201	-129.81	
816.379	-29.05	
816.557	14.98	
816.735	63.93	
816.913	47.14	
817.09	111.85	
817.268	35.05	
817.446	4.33	
817.624	-17.37	
817.802	81.54	
817.98	16.01	
818.158	17.65	
818.336	-6.11	
818.514	33.21	
818.691	2.08	
818.869	77.45	
819.047	140.73	
819.225	169.2	
819.402	123.94	
819.58	149.13	
819.758	137.25	
819.935	94.45	
820.113	98.54	
820.291	103.46	
820.468	28.09	
820.646	30.14	
820.824	57.38	
821.001	134.79	
821.179	173.91	
821.356	204.01	
821.534	159.78	
821.711	120.86	
821.889	131.92	
822.066	119.64	
822.244	102.43	
822.421	159.37	
822.599	184.35	
822.776	79.7	
822.953	33.62	
823.131	-1.6	
823.308	-47.68	
823.486	-47.68	
823.663	-37.85	
823.84	-0.58	
824.017	-20.65	
824.195	-19.42	
824.372	2.9	
824.549	19.29	
824.726	14.37	
824.904	28.09	
825.081	52.67	
825.258	-7.54	
825.435	-21.67	
825.612	12.12	
825.789	-17.78	
825.967	-22.9	
826.144	45.09	
826.321	87.48	
826.498	61.27	
826.675	124.96	
826.852	53.28	
827.029	32.8	
827.206	41.4	
827.383	-4.88	
827.56	27.89	
827.737	77.24	
827.914	87.07	
828.09	67.82	
828.267	103.25	
828.444	86.87	
828.621	60.24	
828.798	103.66	
828.975	42.84	
829.151	33.21	
829.328	24.2	
829.505	105.5	
829.682	33.42	
829.858	55.53	
830.035	106.94	
830.212	89.94	
830.389	37.51	
830.565	16.01	
830.742	89.74	
830.918	76.83	
831.095	87.48	
831.272	86.25	
831.448	84.82	
831.625	76.83	
831.801	79.09	
831.978	81.34	
832.154	48.16	
832.331	102.23	
832.507	36.28	
832.684	59.22	
832.86	77.45	
833.037	199.3	
833.213	149.74	
833.389	192.54	
833.566	101.2	
833.742	54.92	
833.918	-50.35	
834.095	-81.68	
834.271	-135.13	
834.447	-48.5	
834.624	-15.12	
834.8	-1.6	
834.976	54.71	
835.152	84	
835.328	59.63	
835.505	68.03	
835.681	73.15	
835.857	17.44	
836.033	56.35	
836.209	133.56	
836.385	136.84	
836.561	157.11	
836.737	206.47	
836.913	132.54	
837.089	80.52	
837.265	83.8	
837.441	121.68	
837.617	110.83	
837.793	142.98	
837.969	130.08	
838.145	111.44	
838.321	62.5	
838.497	74.99	
838.673	118	
838.849	54.71	
839.025	99.16	
839.2	109.19	
839.376	137.25	
839.552	89.33	
839.728	136.43	
839.903	73.35	
840.079	106.94	
840.255	59.43	
840.431	151.79	
840.606	80.52	
840.782	165.71	
840.958	63.73	
841.133	80.52	
841.309	17.85	
841.484	93.42	
841.66	8.64	
841.835	13.14	
842.011	0.24	
842.186	34.03	
842.362	-5.09	
842.537	45.09	
842.713	49.19	
842.888	50.62	
843.064	-15.94	
843.239	4.33	
843.415	-12.25	
843.59	67.41	
843.765	77.45	
843.941	124.96	
844.116	187.42	
844.291	147.08	
844.467	104.69	
844.642	124.14	
844.817	133.15	
844.992	63.11	
845.168	69.46	
845.343	106.32	
845.518	99.16	
845.693	103.87	
845.868	102.43	
846.043	94.24	
846.219	32.8	
846.394	74.99	
846.569	39.97	
846.744	26.45	
846.919	32.39	
847.094	156.91	
847.269	118.2	
847.444	112.47	
847.619	138.68	
847.794	240.47	
847.969	183.33	
848.144	191.31	
848.319	175.34	
848.494	196.64	
848.668	151.99	
848.843	167.35	
849.018	148.92	
849.193	152.4	
849.368	143.6	
849.542	177.18	
849.717	137.25	
849.892	123.94	
850.067	146.05	
850.241	179.44	
850.416	112.06	
850.591	144.83	
850.765	147.49	
850.94	185.38	
851.115	104.28	
851.289	123.73	
851.464	62.91	
851.639	68.44	
851.813	18.67	
851.988	107.35	
852.162	67.62	
852.337	84.82	
852.511	109.4	
852.686	171.24	
852.86	123.73	
853.035	143.8	
853.209	130.69	
853.383	138.89	
853.558	46.52	
853.732	66.59	
853.906	41.4	
854.081	66.39	
854.255	20.1	
854.429	83.8	
854.604	66.59	
854.778	140.32	
854.952	143.8	
855.126	197.66	
855.301	179.85	
855.475	147.69	
855.649	103.25	
855.823	77.65	
855.997	33.01	
856.171	57.79	
856.345	52.05	
856.52	52.46	
856.694	93.63	
856.868	142.37	
857.042	102.02	
857.216	192.75	
857.39	198.69	
857.564	144.83	
857.738	80.93	
857.912	67.21	
858.085	12.73	
858.259	9.66	
858.433	48.37	
858.607	37.51	
858.781	59.22	
858.955	30.96	
859.129	12.94	
859.302	13.55	
859.476	18.67	
859.65	95.47	
859.824	86.05	
859.997	102.02	
860.171	116.97	
860.345	166.33	
860.519	119.02	
860.692	142.98	
860.866	162.64	
861.039	176.98	
861.213	170.22	
861.387	116.15	
861.56	110.01	
861.734	124.35	
861.907	85.64	
862.081	65.57	
862.254	124.76	
862.428	172.88	
862.601	124.55	
862.775	139.5	
862.948	246	
863.122	228.59	
863.295	179.44	
863.468	184.35	
863.642	127.01	
863.815	39.36	
863.988	31.98	
864.162	45.91	
864.335	8.23	
864.508	58.81	
864.682	73.15	
864.855	54.51	
865.028	32.39	
865.201	112.47	
865.374	71.92	
865.548	110.83	
865.721	129.06	
865.894	215.89	
866.067	165.1	
866.24	219.58	
866.413	199.1	
866.586	197.87	
866.759	85.43	
866.932	76.83	
867.105	38.13	
867.278	-49.12	
867.451	-66.52	
867.624	-0.99	
867.797	49.19	
867.97	57.17	
868.143	90.76	
868.316	123.94	
868.489	56.97	
868.661	42.02	
868.834	51.85	
869.007	108.37	
869.18	96.9	
869.353	135.61	
869.525	171.04	
869.698	148.92	
869.871	105.91	
870.044	115.74	
870.216	137.04	
870.389	79.7	
870.562	98.54	
870.734	155.07	
870.907	109.81	
871.079	122.09	
871.252	114.52	
871.425	168.38	
871.597	76.22	
871.77	182.92	
871.942	140.12	
872.115	136.63	
872.287	108.78	
872.459	130.49	
872.632	79.7	
872.804	111.65	
872.977	69.05	
873.149	56.56	
873.321	34.03	
873.494	18.47	
873.666	36.9	
873.838	69.87	
874.011	16.21	
874.183	74.17	
874.355	55.12	
874.528	24.61	
874.7	31.57	
874.872	149.54	
875.044	167.35	
875.216	200.12	
875.388	257.05	
875.561	286.75	
875.733	172.68	
875.905	133.56	
876.077	55.33	
876.249	78.88	
876.421	52.87	
876.593	31.98	
876.765	65.16	
876.937	146.67	
877.109	68.23	
877.281	74.58	
877.453	90.14	
877.625	38.95	
877.797	-20.86	
877.968	-44.2	
878.14	-62.43	
878.312	-2.83	
878.484	-23.93	
878.656	25.22	
878.828	14.98	
878.999	87.89	
879.171	12.73	
879.343	17.24	
879.515	-4.27	
879.686	-4.88	
879.858	-50.96	
880.03	9.66	
880.201	36.28	
880.373	13.35	
880.545	43.25	
880.716	82.36	
880.888	127.01	
881.059	145.64	
881.231	165.31	
881.402	201.96	
881.574	177.59	
881.745	152.61	
881.917	178.21	
882.088	189.88	
882.26	130.28	
882.431	154.25	
882.602	68.44	
882.774	48.57	
882.945	-4.06	
883.116	-30.07	
883.288	-75.54	
883.459	-29.46	
883.63	-31.5	
883.802	-4.27	
883.973	39.36	
884.144	78.06	
884.315	101.2	
884.487	132.95	
884.658	191.31	
884.829	222.44	
885	178.21	
885.171	191.11	
885.342	108.37	
885.513	70.69	
885.684	58.61	
885.855	103.87	
886.026	64.14	
886.197	106.73	
886.368	67.41	
886.539	90.76	
886.71	57.17	
886.881	72.53	
887.052	107.96	
887.223	155.27	
887.394	98.13	
887.565	155.47	
887.736	123.12	
887.907	144.83	
888.077	117.38	
888.248	111.85	
888.419	66.39	
888.59	69.87	
888.761	57.99	
888.931	77.24	
889.102	125.17	
889.273	95.06	
889.443	92.6	
889.614	25.84	
889.785	42.02	
889.955	14.57	
890.126	33.83	
890.296	99.57	
890.467	132.54	
890.637	213.84	
890.808	250.09	
890.978	267.7	
891.149	239.03	
891.319	320.75	
891.49	253.98	
891.66	250.71	
891.831	231.66	
892.001	246	
892.172	110.83	
892.342	100.59	
892.512	65.98	
892.683	131.92	
892.853	82.36	
893.023	142.16	
893.193	102.84	
893.364	125.98	
893.534	86.66	
893.704	164.49	
893.874	168.79	
894.044	195.62	
894.215	161.82	
894.385	185.58	
894.555	131.1	
894.725	176.16	
894.895	116.36	
895.065	164.49	
895.235	124.96	
895.405	183.33	
895.575	120.45	
895.745	187.99	
895.915	186.19	
