177.618	-775.67	
177.836	-788.72	
178.054	-779.56	
178.271	-601.8	
178.489	-369.76	
178.706	-239.92	
178.924	-79.77	
179.142	72.81	
179.359	61.75	
179.577	-62.57	
179.794	-40.24	
180.012	-74.03	
180.229	-122.78	
180.447	-93.28	
180.664	-36.97	
180.882	-51.71	
181.1	14.64	
181.317	11.78	
181.535	-41.88	
181.752	-49.87	
181.969	-0.31	
182.187	19.56	
182.404	59.49	
182.622	75.88	
182.839	97.59	
183.057	91.24	
183.274	60.52	
183.492	66.66	
183.709	117.25	
183.926	67.48	
184.144	41.06	
184.361	70.14	
184.579	83.25	
184.796	7.07	
185.013	62.77	
185.231	48.84	
185.448	52.94	
185.666	74.44	
185.883	78.95	
186.1	58.26	
186.317	97.59	
186.535	24.27	
186.752	-2.15	
186.969	45.57	
187.187	117.66	
187.404	26.73	
187.621	134.24	
187.839	154.31	
188.056	115.2	
188.273	43.11	
188.49	147.56	
188.708	97.59	
188.925	140.39	
189.142	135.06	
189.359	127.28	
189.576	50.69	
189.794	37.58	
190.011	-15.46	
190.228	4.4	
190.445	16.08	
190.662	106.19	
190.879	107.21	
191.097	96.15	
191.314	122.57	
191.531	120.52	
191.748	18.94	
191.965	33.07	
192.182	20.17	
192.399	-6.25	
192.616	21.61	
192.834	87.14	
193.051	54.37	
193.268	59.08	
193.485	59.9	
193.702	23.86	
193.919	-5.02	
194.136	-3.99	
194.353	-7.48	
194.57	9.73	
194.787	-2.56	
195.004	82.64	
195.221	77.72	
195.438	107.21	
195.655	69.94	
195.872	164.96	
196.089	37.17	
196.306	72.81	
196.523	75.88	
196.74	117.86	
196.957	-0.92	
197.173	67.69	
197.39	42.09	
197.607	61.54	
197.824	54.78	
198.041	120.11	
198.258	109.87	
198.475	174.79	
198.692	124.82	
198.909	66.46	
199.125	14.44	
199.342	55.19	
199.559	16.28	
199.776	53.55	
199.993	137.73	
200.21	153.09	
200.426	93.08	
200.643	91.03	
200.86	85.5	
201.077	88.78	
201.293	80.38	
201.51	93.69	
201.727	-11.57	
201.944	-76.49	
202.16	-89.39	
202.377	-94.72	
202.594	-114.79	
202.811	-47.62	
203.027	-14.44	
203.244	-66.46	
203.461	-52.74	
203.677	33.28	
203.894	71.17	
204.111	82.23	
204.327	112.33	
204.544	104.75	
204.761	76.29	
204.977	33.48	
205.194	-4.61	
205.41	37.17	
205.627	25.5	
205.844	25.29	
206.06	25.29	
206.277	80.38	
206.493	41.88	
206.71	82.64	
206.926	54.37	
207.143	120.73	
207.36	39.22	
207.576	87.96	
207.793	90.42	
208.009	110.69	
208.226	72.81	
208.442	105.78	
208.659	75.26	
208.875	55.81	
209.092	3.79	
209.308	-17.51	
209.524	-5.43	
209.741	54.37	
209.957	111.51	
210.174	124.62	
210.39	115.81	
210.607	107.62	
210.823	-18.53	
211.039	-88.78	
211.256	-2.15	
211.472	-36.56	
211.688	23.65	
211.905	86.53	
212.121	82.84	
212.338	16.08	
212.554	63.38	
212.77	30	
212.987	40.04	
213.203	96.15	
213.419	133.63	
213.635	95.95	
213.852	60.72	
214.068	20.17	
214.284	-34.92	
214.501	-18.33	
214.717	4.81	
214.933	47.82	
215.149	11.16	
215.365	-15.26	
215.582	-103.52	
215.798	-51.1	
216.014	-70.14	
216.23	-37.58	
216.447	10.14	
216.663	25.7	
216.879	-50.48	
217.095	-17.51	
217.311	12.8	
217.527	7.88	
217.743	32.46	
217.96	45.98	
218.176	26.32	
218.392	16.08	
218.608	39.63	
218.824	-0.51	
219.04	6.25	
219.256	42.7	
219.472	37.79	
219.688	17.51	
219.904	102.09	
220.12	173.97	
220.336	139.57	
220.552	149.19	
220.768	179.5	
220.984	158.82	
221.2	48.84	
221.416	71.99	
221.632	38.4	
221.848	7.48	
222.064	-51.92	
222.28	-28.57	
222.496	-86.12	
222.712	-3.38	
222.928	-34.51	
223.144	35.74	
223.36	51.71	
223.576	87.55	
223.792	27.34	
224.008	115.61	
224.224	84.27	
224.439	123.59	
224.655	91.24	
224.871	121.75	
225.087	56.42	
225.303	22.02	
225.519	3.17	
225.734	64.41	
225.95	20.17	
226.166	61.13	
226.382	72.6	
226.598	64.2	
226.813	74.03	
227.029	71.17	
227.245	52.53	
227.461	90.62	
227.677	118.88	
227.892	103.52	
228.108	86.32	
228.324	125.44	
228.539	50.69	
228.755	81	
228.971	84.07	
229.186	153.29	
229.402	114.17	
229.618	181.55	
229.833	92.88	
230.049	85.09	
230.265	-4.81	
230.48	61.13	
230.696	63.18	
230.912	97.38	
231.127	84.07	
231.343	143.05	
231.558	35.94	
231.774	62.77	
231.99	137.93	
232.205	129.94	
232.421	87.14	
232.636	117.66	
232.852	45.77	
233.067	-6.86	
233.283	10.34	
233.498	56.83	
233.714	80.79	
233.929	123.39	
234.145	83.05	
234.36	91.24	
234.576	105.57	
234.791	140.39	
235.007	161.69	
235.222	233.16	
235.438	214.73	
235.653	289.69	
235.868	256.51	
236.084	260.81	
236.299	281.08	
236.515	275.76	
236.73	151.04	
236.945	153.09	
237.161	92.47	
237.376	13	
237.592	21.4	
237.807	55.19	
238.022	42.9	
238.238	87.55	
238.453	43.72	
238.668	45.36	
238.883	-39.01	
239.099	-41.68	
239.314	-97.18	
239.529	-43.11	
239.745	-26.32	
239.96	73.01	
240.175	64.41	
240.39	195.07	
240.605	195.48	
240.821	141	
241.036	123.19	
241.251	195.68	
241.466	93.9	
241.681	95.95	
241.897	131.17	
242.112	167.22	
242.327	77.11	
242.542	88.57	
242.757	106.19	
242.972	99.43	
243.188	35.12	
243.403	69.53	
243.618	70.76	
243.833	39.63	
244.048	66.87	
244.263	98.81	
244.478	88.78	
244.693	56.83	
244.908	81.41	
245.123	58.67	
245.338	108.64	
245.553	122.78	
245.768	125.85	
245.983	124.82	
246.198	89.8	
246.413	63.59	
246.628	51.51	
246.843	47	
247.058	42.29	
247.273	72.6	
247.488	44.95	
247.703	78.74	
247.918	73.21	
248.133	79.56	
248.348	44.54	
248.563	107.83	
248.778	70.76	
248.993	104.34	
249.207	160.25	
249.422	179.91	
249.637	55.4	
249.852	42.5	
250.067	17.51	
250.282	-50.07	
250.496	-85.09	
250.711	19.76	
250.926	21.81	
251.141	88.78	
251.356	86.73	
251.57	166.4	
251.785	127.69	
252	87.35	
252.215	37.79	
252.43	77.11	
252.644	80.38	
252.859	112.33	
253.074	158.62	
253.288	158	
253.503	113.36	
253.718	142.23	
253.932	202.03	
254.147	215.34	
254.362	216.57	
254.576	225.79	
254.791	152.88	
255.006	76.49	
255.22	98.2	
255.435	104.14	
255.65	137.93	
255.864	179.5	
256.079	138.95	
256.293	121.75	
256.508	106.8	
256.723	180.53	
256.937	102.71	
257.152	104.55	
257.366	90.83	
257.581	87.76	
257.795	-1.13	
258.01	131.58	
258.224	162.92	
258.439	165.99	
258.653	148.58	
258.868	165.17	
259.082	71.37	
259.297	44.34	
259.511	17.51	
259.726	5.63	
259.94	-40.86	
260.154	-74.24	
260.369	-58.47	
260.583	-25.29	
260.798	-41.68	
261.012	-6.04	
261.226	38.19	
261.441	78.13	
261.655	78.33	
261.869	153.29	
262.084	140.59	
262.298	130.35	
262.512	44.95	
262.727	20.17	
262.941	47.82	
263.155	38.19	
263.37	16.08	
263.584	87.96	
263.798	95.74	
264.012	109.26	
264.227	90.01	
264.441	160.66	
264.655	100.66	
264.869	181.14	
265.084	93.28	
265.298	134.86	
265.512	69.12	
265.726	130.15	
265.94	45.77	
266.155	93.08	
266.369	95.74	
266.583	173.97	
266.797	158.21	
267.011	225.79	
267.225	268.39	
267.439	272.07	
267.654	190.77	
267.868	153.29	
268.082	37.58	
268.296	-97.38	
268.51	-166.19	
268.724	-113.97	
268.938	-156.36	
269.152	-83.86	
269.366	-31.03	
269.58	9.11	
269.794	-39.22	
270.008	85.3	
270.222	64.82	
270.436	66.05	
270.65	50.89	
270.864	97.38	
271.078	40.04	
271.292	58.06	
271.506	111.31	
271.72	153.7	
271.934	170.08	
272.148	145.1	
272.362	135.27	
272.575	145.3	
272.789	137.32	
273.003	95.33	
273.217	149.19	
273.431	116.63	
273.645	74.65	
273.859	112.33	
274.073	171.31	
274.286	161.07	
274.5	164.76	
274.714	142.03	
274.928	135.27	
275.142	92.47	
275.355	71.58	
275.569	123.39	
275.783	158	
275.997	109.05	
276.21	116.22	
276.424	183.4	
276.638	118.47	
276.852	138.95	
277.065	135.88	
277.279	158.41	
277.493	88.98	
277.706	185.24	
277.92	186.06	
278.134	136.7	
278.347	79.56	
278.561	64.61	
278.775	51.92	
278.988	13.41	
279.202	96.36	
279.415	161.69	
279.629	162.3	
279.843	152.47	
280.056	252.82	
280.27	271.87	
280.483	186.88	
280.697	199.16	
280.91	212.27	
281.124	215.75	
281.337	173.97	
281.551	256.3	
281.764	219.44	
281.978	178.69	
282.191	75.67	
282.405	92.67	
282.618	13.62	
282.832	52.33	
283.045	19.97	
283.259	73.62	
283.472	50.89	
283.686	80.59	
283.899	48.43	
284.112	72.81	
284.326	69.12	
284.539	106.19	
284.752	120.32	
284.966	143.05	
285.179	182.78	
285.393	177.25	
285.606	111.1	
285.819	152.06	
286.033	118.27	
286.246	182.58	
286.459	129.33	
286.672	161.07	
286.886	77.93	
287.099	167.42	
287.312	9.32	
287.525	17.31	
287.739	10.75	
287.952	89.6	
288.165	79.56	
288.378	147.76	
288.592	160.05	
288.805	150.01	
289.018	133.22	
289.231	92.26	
289.444	129.33	
289.657	90.42	
289.871	82.23	
290.084	34.51	
290.297	124	
290.51	79.15	
290.723	81	
290.936	166.81	
291.149	172.54	
291.362	170.29	
291.575	136.29	
291.789	148.38	
292.002	88.78	
292.215	121.75	
292.428	-9.93	
292.641	42.09	
292.854	55.81	
293.067	27.34	
293.28	2.76	
293.493	26.32	
293.706	-45.57	
293.919	26.52	
294.132	3.99	
294.345	2.97	
294.558	-4.61	
294.77	24.68	
294.983	-55.6	
295.196	38.81	
295.409	89.19	
295.622	178.89	
295.835	221.9	
296.048	283.95	
296.261	248.11	
296.474	223.74	
296.686	162.51	
296.899	173.16	
297.112	184.01	
297.325	169.67	
297.538	182.99	
297.751	208.38	
297.963	231.93	
298.176	193.64	
298.389	168.45	
298.602	161.07	
298.814	275.55	
299.027	219.03	
299.24	196.3	
299.453	278.01	
299.665	244.22	
299.878	98.81	
300.091	86.53	
300.303	100.86	
300.516	45.57	
300.729	51.1	
300.941	73.42	
301.154	30.62	
301.367	13.21	
301.579	40.65	
301.792	69.12	
302.005	34.71	
302.217	53.55	
302.43	67.69	
302.642	20.79	
302.855	-39.63	
303.067	-29.59	
303.28	7.68	
303.493	-43.52	
303.705	48.23	
303.918	107.01	
304.13	171.72	
304.343	139.98	
304.555	211.66	
304.768	159.43	
304.98	186.67	
305.193	108.44	
305.405	163.33	
305.617	102.71	
305.83	121.96	
306.042	53.35	
306.255	67.89	
306.467	27.75	
306.68	20.58	
306.892	-14.64	
307.104	36.76	
307.317	36.97	
307.529	111.92	
307.741	154.72	
307.954	196.5	
308.166	162.92	
308.378	222.92	
308.591	182.78	
308.803	207.97	
309.015	209.4	
309.228	251.18	
309.44	165.58	
309.652	146.53	
309.864	106.19	
310.077	27.55	
310.289	-40.24	
310.501	3.99	
310.713	13.41	
310.926	56.63	
311.138	35.94	
311.35	105.78	
311.562	54.78	
311.774	99.63	
311.986	59.49	
312.199	175.41	
312.411	73.42	
312.623	115.61	
312.835	15.05	
313.047	1.54	
313.259	-43.52	
313.471	12.19	
313.683	2.97	
313.895	42.5	
314.108	39.42	
314.32	31.64	
314.532	-8.91	
314.744	16.9	
314.956	75.06	
315.168	118.27	
315.38	68.09	
315.592	146.33	
315.804	141.62	
316.016	202.24	
316.228	202.85	
316.44	263.88	
316.651	273.1	
316.863	260.6	
317.075	141.21	
317.287	62.98	
317.499	54.37	
317.711	3.99	
317.923	31.64	
318.135	7.27	
318.347	56.22	
318.559	120.93	
318.77	164.76	
318.982	127.08	
319.194	134.86	
319.406	138.34	
319.618	55.19	
319.83	-14.03	
320.041	-24.68	
320.253	-5.43	
320.465	-24.27	
320.677	-40.65	
320.888	-15.67	
321.1	7.48	
321.312	82.02	
321.524	92.47	
321.735	79.97	
321.947	41.27	
322.159	11.57	
322.37	-73.83	
322.582	-78.33	
322.794	4.61	
323.005	64	
323.217	80.18	
323.429	40.65	
323.64	113.76	
323.852	39.63	
324.063	13.21	
324.275	54.17	
324.487	127.28	
324.698	40.24	
324.91	98	
325.121	73.62	
325.333	11.78	
325.544	-0.72	
325.756	52.53	
325.967	7.48	
326.179	74.03	
326.39	101.48	
326.602	126.05	
326.813	60.11	
327.025	87.55	
327.236	10.34	
327.448	-11.16	
327.659	-79.56	
327.871	-24.27	
328.082	-35.74	
328.293	35.74	
328.505	63.59	
328.716	96.15	
328.928	62.36	
329.139	110.08	
329.35	67.89	
329.562	95.33	
329.773	123.59	
329.984	135.68	
330.196	99.22	
330.407	158.62	
330.618	113.56	
330.83	67.69	
331.041	75.88	
331.252	63.79	
331.463	30.41	
331.675	89.8	
331.886	159.84	
332.097	154.72	
332.308	157.18	
332.52	154.11	
332.731	119.91	
332.942	95.33	
333.153	142.85	
333.364	118.27	
333.575	104.34	
333.787	139.98	
333.998	59.29	
334.209	74.85	
334.42	60.52	
334.631	56.01	
334.842	46.59	
335.053	145.3	
335.264	70.76	
335.475	106.39	
335.686	108.85	
335.898	82.02	
336.109	-3.17	
336.32	30.82	
336.531	8.91	
336.742	22.22	
336.953	-4.61	
337.164	11.57	
337.375	-38.6	
337.586	-20.99	
337.797	-65.02	
338.007	-16.49	
338.218	-36.15	
338.429	1.13	
338.64	-27.95	
338.851	2.76	
339.062	-34.1	
339.273	51.92	
339.484	17.1	
339.695	3.79	
339.906	7.68	
340.116	52.12	
340.327	11.78	
340.538	29.8	
340.749	48.02	
340.96	23.04	
341.171	-16.08	
341.381	-16.49	
341.592	-4.2	
341.803	13.41	
342.014	49.05	
342.224	86.12	
342.435	80.18	
342.646	33.07	
342.857	17.92	
343.067	-23.65	
343.278	-27.75	
343.489	-22.22	
343.699	18.33	
343.91	24.68	
344.121	33.28	
344.331	-7.27	
344.542	-31.85	
344.753	41.68	
344.963	59.7	
345.174	108.44	
345.384	163.94	
345.595	234.39	
345.806	165.58	
346.016	145.71	
346.227	140.39	
346.437	152.47	
346.648	103.52	
346.858	123.19	
347.069	99.02	
347.279	105.78	
347.49	39.01	
347.7	71.78	
347.911	6.04	
348.121	38.6	
348.332	32.67	
348.542	6.25	
348.753	-26.93	
348.963	55.4	
349.173	65.43	
349.384	96.15	
349.594	185.03	
349.805	249.14	
350.015	194.45	
350.225	209.61	
350.436	212.07	
350.646	242.58	
350.856	197.94	
351.067	224.35	
351.277	177.87	
351.487	133.22	
351.698	62.16	
351.908	98	
352.118	135.47	
352.328	179.91	
352.539	280.06	
352.749	320.81	
352.959	330.23	
353.169	349.9	
353.38	395.57	
353.59	422.19	
353.8	477.28	
354.01	545.68	
354.22	585.41	
354.431	722.63	
354.641	709.11	
354.851	740.24	
355.061	763.99	
355.271	866.19	
355.481	820.72	
355.691	874.18	
355.901	919.03	
356.111	995.82	
356.321	1022.45	
356.532	1096.18	
356.742	1140	
356.952	1194.27	
357.162	1234.21	
357.372	1300.77	
357.582	1363.44	
357.792	1411.97	
358.002	1495.94	
358.212	1651.38	
358.422	1781.43	
358.632	1901.64	
358.842	2074.9	
359.051	2289.53	
359.261	2381.69	
359.471	2544.91	
359.681	2775.1	
359.891	2973.75	
360.101	3126.12	
360.311	3364.71	
360.521	3597.56	
360.731	3867.9	
360.94	4189.22	
361.15	4559.29	
361.36	4956.19	
361.57	5305.78	
361.78	5668.68	
361.989	6000.45	
362.199	6334.06	
362.409	6683.03	
362.619	7087.92	
362.828	7568.37	
363.038	8029.57	
363.248	8500.4	
363.458	8937.03	
363.667	9357.27	
363.877	9730.41	
364.087	10165.4	
364.296	10543.86	
364.506	11023.29	
364.716	11441.69	
364.925	11722.27	
365.135	11997.92	
365.345	12297.75	
365.554	12465.27	
365.764	12664.95	
365.973	12800.93	
366.183	13008.19	
366.393	13070.03	
366.602	13065.94	
366.812	12900.46	
367.021	12870.56	
367.231	12622.96	
367.44	12456.05	
367.65	12284.23	
367.859	12142.51	
368.069	11861.73	
368.278	11605.94	
368.488	11360.8	
368.697	11098.86	
368.907	10843.07	
369.116	10755.42	
369.326	10497.79	
369.535	10153.52	
369.744	9809.05	
369.954	9490.39	
370.163	9039.02	
370.373	8775.65	
370.582	8536.24	
370.791	8278.81	
371.001	8009.3	
371.21	7776.03	
371.419	7491.98	
371.629	7223.08	
371.838	7008.05	
372.047	6926.95	
372.256	6769.87	
372.466	6711.3	
372.675	6584.94	
372.884	6510.39	
373.093	6315.63	
373.303	6239.44	
373.512	6052.46	
373.721	5949.66	
373.93	5701.03	
374.139	5604.37	
374.349	5355.54	
374.558	5247.41	
374.767	4997.76	
374.976	4869.76	
375.185	4652.47	
375.394	4466.31	
375.603	4238.99	
375.813	4098.7	
376.022	3895.75	
376.231	3656.34	
376.44	3469.57	
376.649	3323.75	
376.858	3184.28	
377.067	3050.55	
377.276	2939.55	
377.485	2870.33	
377.694	2728	
377.903	2621.71	
378.112	2471.59	
378.321	2393.36	
378.53	2273.14	
378.739	2196.34	
378.948	2062.82	
379.157	1986.43	
379.366	1941.78	
379.575	1862.73	
379.784	1717.73	
379.992	1664.9	
380.201	1690.5	
380.41	1582.36	
380.619	1508.02	
380.828	1515.8	
381.037	1454.37	
381.246	1327.6	
381.454	1246.29	
381.663	1299.74	
381.872	1241.17	
382.081	1296.06	
382.29	1305.68	
382.498	1322.27	
382.707	1266.57	
382.916	1278.03	
383.125	1139.59	
383.333	1095.97	
383.542	1066.68	
383.751	980.67	
383.959	963.47	
384.168	939.51	
384.377	972.48	
384.585	905.71	
384.794	856.56	
385.003	781.61	
385.211	777.92	
385.42	671.63	
385.628	682.28	
385.837	690.68	
386.046	733.68	
386.254	768.91	
386.463	780.79	
386.671	804.75	
386.88	757.65	
387.088	705.63	
387.297	688.83	
387.505	672.66	
387.714	563.09	
387.922	557.56	
388.131	529.71	
388.339	488.95	
388.548	428.54	
388.756	462.12	
388.965	474.62	
389.173	413.79	
389.381	411.33	
389.59	449.22	
389.798	454.14	
390.007	459.05	
390.215	462.33	
390.423	521.92	
390.632	507.79	
390.84	535.65	
391.048	481.78	
391.257	501.04	
391.465	389.42	
391.673	371.81	
391.882	309.35	
392.09	291.12	
392.298	264.29	
392.506	241.76	
392.715	253.23	
392.923	290.71	
393.131	337.4	
393.339	350.71	
393.547	338.63	
393.756	340.07	
393.964	260.4	
394.172	213.09	
394.38	170.49	
394.588	238.49	
394.796	192	
395.005	192.61	
395.213	170.7	
395.421	207.77	
395.629	122.37	
395.837	116.84	
396.045	113.97	
396.253	125.85	
396.461	93.49	
396.669	136.91	
396.877	164.76	
397.085	202.65	
397.293	209.2	
397.501	201.42	
397.709	196.09	
397.917	210.63	
398.125	221.9	
398.333	229.47	
398.541	206.95	
398.749	204.69	
398.957	135.88	
399.165	50.48	
399.373	56.63	
399.581	77.72	
399.788	91.85	
399.996	71.78	
400.204	107.62	
400.412	58.47	
400.62	10.34	
400.828	-2.76	
401.035	37.38	
401.243	56.42	
401.451	96.97	
401.659	114.58	
401.867	124.41	
402.074	124.41	
402.282	95.54	
402.49	42.09	
402.697	167.22	
402.905	121.75	
403.113	150.63	
403.321	94.72	
403.528	102.71	
403.736	16.69	
403.944	27.55	
404.151	-26.52	
404.359	-5.84	
404.566	-8.29	
404.774	-10.34	
404.982	-32.05	
405.189	-33.69	
405.397	-46.18	
405.604	-33.89	
405.812	-17.1	
406.02	-33.28	
406.227	-7.88	
406.435	4.4	
406.642	38.4	
406.85	11.16	
407.057	86.73	
407.265	111.51	
407.472	150.01	
407.679	113.97	
407.887	100.04	
408.094	55.4	
408.302	-17.51	
408.509	-16.08	
408.717	9.11	
408.924	17.71	
409.131	38.4	
409.339	85.91	
409.546	89.39	
409.753	52.53	
409.961	100.25	
410.168	88.17	
410.375	107.42	
410.583	93.49	
410.79	112.54	
410.997	71.17	
411.205	62.98	
411.412	43.11	
411.619	78.54	
411.826	73.01	
412.034	119.91	
412.241	151.04	
412.448	136.7	
412.655	51.71	
412.862	54.78	
413.07	-16.49	
413.277	-62.57	
413.484	-80.38	
413.691	-27.55	
413.898	-49.05	
414.105	-65.43	
414.312	-93.08	
414.519	-88.17	
414.727	-101.89	
414.934	-78.54	
415.141	-27.75	
415.348	45.16	
415.555	19.76	
415.762	8.29	
415.969	-58.26	
416.176	-57.65	
416.383	-82.64	
416.59	-77.11	
416.797	-90.01	
417.004	-26.32	
417.211	-60.72	
417.418	-58.47	
417.625	-29.8	
417.831	-15.87	
418.038	-4.4	
418.245	22.22	
418.452	1.33	
418.659	-21.4	
418.866	-37.38	
419.073	-79.97	
419.28	-149.6	
419.486	-81.82	
419.693	-103.32	
419.9	-68.91	
420.107	-30.82	
420.314	54.37	
420.52	22.22	
420.727	143.87	
420.934	128.51	
421.141	88.57	
421.347	59.08	
421.554	44.34	
421.761	-79.36	
421.967	-47.21	
422.174	1.33	
422.381	-11.78	
422.588	-62.57	
422.794	-60.11	
423.001	2.15	
423.207	-27.34	
423.414	-21.2	
423.621	6.25	
423.827	66.25	
424.034	30.82	
424.24	63.38	
424.447	35.74	
424.654	-11.57	
424.86	-50.07	
425.067	-134.04	
425.273	-166.81	
425.48	-80.18	
425.686	4.4	
425.893	48.84	
426.099	68.91	
426.306	100.25	
426.512	76.9	
426.718	92.47	
426.925	55.6	
427.131	33.89	
427.338	1.13	
427.544	-22.83	
427.75	-90.21	
427.957	-112.33	
428.163	-66.05	
428.37	-69.53	
428.576	-65.84	
428.782	-60.31	
428.988	13.21	
429.195	-1.95	
429.401	-3.79	
429.607	-18.33	
429.814	65.02	
430.02	15.46	
430.226	-11.57	
430.432	8.5	
430.639	24.27	
430.845	-1.74	
431.051	6.25	
431.257	55.4	
431.463	26.52	
431.67	-11.78	
431.876	-76.08	
432.082	-96.97	
432.288	-79.77	
432.494	-69.94	
432.7	-24.47	
432.906	-17.92	
433.112	-0.1	
433.318	11.37	
433.525	42.09	
433.731	18.12	
433.937	81.82	
434.143	86.73	
434.349	53.55	
434.555	32.46	
434.761	48.64	
434.967	-25.7	
435.173	-20.99	
435.379	-21.2	
435.585	34.1	
435.791	60.11	
435.996	163.94	
436.202	179.3	
436.408	156.36	
436.614	121.55	
436.82	118.47	
437.026	42.5	
437.232	47.62	
437.438	31.44	
437.644	-20.38	
437.849	-32.26	
438.055	-49.66	
438.261	-85.5	
438.467	-101.89	
438.673	-73.21	
438.878	-136.7	
439.084	-114.38	
439.29	-62.57	
439.496	-6.04	
439.701	23.86	
439.907	26.32	
440.113	17.51	
440.318	-5.63	
440.524	-50.69	
440.73	-62.57	
440.935	-31.85	
441.141	-59.29	
441.347	20.79	
441.552	11.98	
441.758	12.6	
441.964	-39.63	
442.169	12.19	
442.375	-89.6	
442.58	-24.06	
442.786	9.52	
442.991	59.08	
443.197	-7.27	
443.402	27.14	
443.608	25.7	
443.813	68.5	
444.019	86.53	
444.224	131.99	
444.43	69.32	
444.635	83.25	
444.841	-6.04	
445.046	45.36	
445.252	12.8	
445.457	19.76	
445.662	-58.26	
445.868	-60.93	
446.073	-122.78	
446.278	-112.54	
446.484	-110.9	
446.689	-108.85	
446.894	-115.4	
447.1	-121.34	
447.305	-62.36	
447.51	-18.53	
447.716	-26.73	
447.921	-31.44	
448.126	16.28	
448.331	-68.71	
448.537	-65.23	
448.742	-7.27	
448.947	-33.28	
449.152	-99.02	
449.357	-3.58	
449.563	11.78	
449.768	-14.64	
449.973	-0.92	
450.178	45.16	
450.383	-69.53	
450.588	-97.59	
450.793	-88.37	
450.999	16.49	
451.204	-16.69	
451.409	22.83	
451.614	-5.22	
451.819	1.95	
452.024	-80.59	
452.229	-48.64	
452.434	19.15	
452.639	7.48	
452.844	25.09	
453.049	-11.98	
453.254	-56.01	
453.459	-98.2	
453.664	-57.86	
453.869	-56.83	
454.074	-1.33	
454.279	35.12	
454.483	-9.11	
454.688	-29.8	
454.893	22.22	
455.098	8.5	
455.303	-20.79	
455.508	11.57	
455.713	13.62	
455.917	-86.12	
456.122	-26.73	
456.327	-36.56	
456.532	7.88	
456.737	-28.77	
456.941	2.36	
457.146	-61.13	
457.351	-42.9	
457.555	-70.76	
457.76	-4.81	
457.965	-5.43	
458.17	15.26	
458.374	73.01	
458.579	99.84	
458.784	30.41	
458.988	7.48	
459.193	-12.39	
459.397	-45.98	
459.602	-91.03	
459.807	34.3	
460.011	42.29	
460.216	47.82	
460.42	-23.24	
460.625	-53.76	
460.829	-114.17	
461.034	-132.2	
461.239	-160.05	
461.443	-119.5	
461.648	-67.48	
461.852	-96.97	
462.056	-16.9	
462.261	9.52	
462.465	106.6	
462.67	83.25	
462.874	84.68	
463.079	24.27	
463.283	16.49	
463.487	-60.72	
463.692	-26.93	
463.896	-45.16	
464.1	-47.41	
464.305	-56.01	
464.509	-60.72	
464.713	-49.66	
464.918	28.57	
465.122	62.57	
465.326	40.45	
465.531	13.21	
465.735	-37.17	
465.939	-69.94	
466.143	-90.21	
466.348	-81.41	
466.552	-98.61	
466.756	-53.96	
466.96	-21.2	
467.164	-20.58	
467.368	2.56	
467.573	45.36	
467.777	11.37	
467.981	-30.82	
468.185	-57.65	
468.389	-35.33	
468.593	-99.43	
468.797	-138.14	
469.001	-125.64	
469.205	-94.51	
469.409	-96.56	
469.613	-38.81	
469.817	-6.04	
470.021	-2.15	
470.225	-8.7	
470.429	-47.62	
470.633	-37.99	
470.837	-22.22	
471.041	-38.81	
471.245	-82.02	
471.449	-46.18	
471.653	-45.77	
471.857	-16.9	
472.061	-71.78	
472.265	-45.16	
472.469	-32.46	
472.673	-61.13	
472.876	-96.97	
473.08	-54.37	
473.284	1.54	
473.488	-34.71	
473.692	11.37	
473.895	56.22	
474.099	85.3	
474.303	59.08	
474.507	82.02	
474.71	72.81	
474.914	5.02	
475.118	-17.71	
475.322	-11.37	
475.525	-91.65	
475.729	-76.29	
475.933	-54.58	
476.136	50.28	
476.34	60.72	
476.543	140.39	
476.747	108.24	
476.951	127.9	
477.154	13.21	
477.358	56.42	
477.561	41.47	
477.765	49.05	
477.969	22.22	
478.172	35.33	
478.376	-22.43	
478.579	-3.17	
478.783	-9.52	
478.986	20.38	
479.19	30	
479.393	42.7	
479.596	46.8	
479.8	76.49	
480.003	58.06	
480.207	58.06	
480.41	24.47	
480.614	17.31	
480.817	-37.79	
481.02	34.3	
481.224	74.24	
481.427	109.87	
481.63	145.92	
481.834	206.54	
482.037	109.26	
482.24	74.85	
482.443	55.6	
482.647	-3.99	
482.85	-48.64	
483.053	31.03	
483.256	-39.01	
483.46	-10.55	
483.663	-11.37	
483.866	50.07	
484.069	-11.57	
484.272	27.75	
484.476	7.07	
484.679	43.52	
484.882	50.48	
485.085	28.77	
485.288	27.34	
485.491	50.28	
485.694	-17.92	
485.897	-48.64	
486.101	-24.06	
486.304	28.36	
486.507	-45.98	
486.71	3.58	
486.913	-24.68	
487.116	-42.5	
487.319	-76.49	
487.522	-32.05	
487.725	28.36	
487.928	38.6	
488.13	51.51	
488.333	63.18	
488.536	69.94	
488.739	7.27	
488.942	29.39	
489.145	33.07	
489.348	10.34	
489.551	-2.76	
489.754	7.68	
489.956	-24.47	
490.159	-34.71	
490.362	-56.22	
490.565	-92.26	
490.768	-108.03	
490.97	-35.12	
491.173	-19.97	
491.376	-6.66	
491.579	1.95	
491.781	35.74	
491.984	-18.33	
492.187	-4.61	
492.39	-10.14	
492.592	5.63	
492.795	20.17	
492.998	-15.26	
493.2	-37.58	
493.403	0.92	
493.605	91.03	
493.808	44.75	
494.011	31.23	
494.213	24.06	
494.416	34.51	
494.618	-71.17	
494.821	-96.15	
495.023	-33.69	
495.226	17.31	
495.428	-9.32	
495.631	26.73	
495.833	99.22	
496.036	85.91	
496.238	42.29	
496.441	85.09	
496.643	60.93	
496.846	7.48	
497.048	8.09	
497.25	58.67	
497.453	29.18	
497.655	126.67	
497.858	202.65	
498.06	223.13	
498.262	146.53	
498.465	156.16	
498.667	102.3	
498.869	77.11	
499.071	56.01	
499.274	124.41	
499.476	93.49	
499.678	50.69	
499.881	-0.51	
500.083	7.68	
500.285	-55.4	
500.487	-18.74	
500.689	-6.25	
500.892	-31.23	
501.094	-82.84	
501.296	-21.4	
501.498	-57.65	
501.7	-91.65	
501.902	-31.85	
502.104	8.5	
502.306	-34.51	
502.509	-27.14	
502.711	-14.03	
502.913	-42.9	
503.115	-78.95	
503.317	-61.34	
503.519	-86.53	
503.721	-30.82	
503.923	66.87	
504.125	87.35	
504.327	105.57	
504.529	163.74	
504.731	129.12	
504.933	72.81	
505.134	62.36	
505.336	61.34	
505.538	52.94	
505.74	30.62	
505.942	-22.83	
506.144	-28.57	
506.346	-53.76	
506.548	-15.46	
506.749	4.2	
506.951	45.16	
507.153	47	
507.355	23.86	
507.557	-7.68	
507.758	17.31	
507.96	-46.18	
508.162	-10.96	
508.363	26.73	
508.565	21.61	
508.767	-31.03	
508.969	15.26	
509.17	36.15	
509.372	13.41	
509.574	-37.79	
509.775	-9.93	
509.977	-34.51	
510.178	-22.63	
510.38	-23.45	
510.582	2.76	
510.783	-27.34	
510.985	-5.02	
511.186	-82.84	
511.388	-32.87	
511.589	7.48	
511.791	-3.58	
511.992	-11.98	
512.194	34.92	
512.395	-64.61	
512.597	-69.53	
512.798	-45.77	
513	-24.27	
513.201	-21.4	
513.403	95.13	
513.604	50.28	
513.805	51.3	
514.007	26.73	
514.208	-28.36	
514.409	-84.68	
514.611	-71.78	
514.812	-24.68	
515.013	27.14	
515.215	61.13	
515.416	22.83	
515.617	-13.41	
515.819	-77.11	
516.02	-135.88	
516.221	-104.75	
516.422	-59.9	
516.623	-40.86	
516.825	-41.47	
517.026	-39.22	
517.227	-110.28	
517.428	-152.68	
517.629	-140.18	
517.83	-94.92	
518.032	-73.83	
518.233	-14.23	
518.434	13.41	
518.635	48.02	
518.836	15.26	
519.037	-2.56	
519.238	-11.98	
519.439	10.34	
519.64	-34.92	
519.841	-6.66	
520.042	-3.99	
520.243	-27.14	
520.444	-62.57	
520.645	-51.92	
520.846	-71.58	
521.047	-45.98	
521.248	-52.53	
521.449	-13.21	
521.65	-5.63	
521.851	79.97	
522.052	22.83	
522.252	67.69	
522.453	73.01	
522.654	36.76	
522.855	-34.71	
523.056	-28.57	
523.257	-53.35	
523.457	-68.91	
523.658	-57.24	
523.859	-72.6	
524.06	-85.71	
524.26	-132.2	
524.461	-137.73	
524.662	-112.95	
524.862	-158	
525.063	-94.51	
525.264	-43.93	
525.464	-55.19	
525.665	-35.12	
525.866	84.68	
526.066	24.88	
526.267	18.74	
526.468	16.69	
526.668	-10.55	
526.869	-72.4	
527.069	-51.51	
527.27	-20.99	
527.47	36.76	
527.671	34.1	
527.871	6.04	
528.072	36.35	
528.272	27.95	
528.473	31.44	
528.673	112.13	
528.874	140.8	
529.074	151.24	
529.275	148.78	
529.475	129.12	
529.675	14.23	
529.876	20.79	
530.076	-25.7	
530.277	-47.62	
530.477	-68.5	
530.677	-65.84	
530.878	-109.05	
531.078	-15.67	
531.278	-37.99	
531.478	-64.61	
531.679	-44.75	
531.879	-13	
532.079	-77.72	
532.28	-38.19	
532.48	-42.29	
532.68	-38.19	
532.88	-25.09	
533.08	-33.07	
533.28	-38.6	
533.481	-24.88	
533.681	-31.44	
533.881	-31.23	
534.081	-29.18	
534.281	-20.79	
534.481	2.76	
534.681	52.53	
534.881	87.14	
535.081	68.5	
535.281	32.87	
535.481	81.41	
535.682	66.46	
535.882	6.86	
536.082	49.25	
536.281	56.63	
536.481	33.48	
536.681	31.85	
536.881	45.16	
537.081	-0.51	
537.281	6.66	
537.481	-49.25	
537.681	-86.53	
537.881	-126.87	
538.081	-39.22	
538.281	-53.96	
538.48	-74.44	
538.68	-43.93	
538.88	56.22	
539.08	24.68	
539.28	6.45	
539.479	99.63	
539.679	94.92	
539.879	12.19	
540.079	-4.4	
540.278	42.09	
540.478	-47.21	
540.678	-58.67	
540.877	-10.96	
541.077	-57.24	
541.277	-57.86	
541.476	44.75	
541.676	72.19	
541.876	104.14	
542.075	156.98	
542.275	128.92	
542.474	74.03	
542.674	67.48	
542.874	23.04	
543.073	-7.68	
543.273	31.85	
543.472	54.17	
543.672	39.63	
543.871	14.64	
544.071	19.56	
544.27	71.58	
544.47	29.18	
544.669	51.1	
544.868	60.11	
545.068	74.85	
545.267	-4.2	
545.467	79.36	
545.666	33.48	
545.865	55.81	
546.065	15.26	
546.264	20.38	
546.463	-42.9	
546.663	-4.4	
546.862	-18.53	
547.061	6.25	
547.261	32.87	
547.46	75.47	
547.659	56.63	
547.858	131.17	
548.058	148.58	
548.257	156.16	
548.456	106.6	
548.655	120.73	
548.854	71.58	
549.053	116.02	
549.253	86.94	
549.452	90.42	
549.651	132.81	
549.85	184.42	
550.049	133.22	
550.248	114.99	
550.447	122.57	
550.646	108.64	
550.845	79.36	
551.044	75.67	
551.243	79.56	
551.442	97.18	
551.641	80.59	
551.84	102.71	
552.039	137.32	
552.238	177.25	
552.437	132.4	
552.636	108.44	
552.835	41.27	
553.034	64.82	
553.233	53.35	
553.432	70.14	
553.63	82.64	
553.829	94.72	
554.028	8.7	
554.227	20.99	
554.426	22.43	
554.625	52.12	
554.823	35.53	
555.022	89.8	
555.221	111.1	
555.42	115.2	
555.618	110.69	
555.817	121.75	
556.016	82.23	
556.214	70.35	
556.413	68.91	
556.612	56.63	
556.81	58.47	
557.009	84.68	
557.208	40.24	
557.406	57.86	
557.605	51.3	
557.803	21.81	
558.002	0.1	
558.201	-29.8	
558.399	-47.41	
558.598	-122.98	
558.796	-91.65	
558.995	-77.72	
559.193	-38.19	
559.392	-74.03	
559.59	13.62	
559.789	36.97	
559.987	102.09	
560.185	147.56	
560.384	178.07	
560.582	184.62	
560.781	233.37	
560.979	173.77	
561.177	98	
561.376	111.31	
561.574	138.55	
561.772	-16.69	
561.971	94.72	
562.169	120.52	
562.367	73.83	
562.566	20.99	
562.764	66.05	
562.962	-64	
563.16	-102.5	
563.358	-42.09	
563.557	-19.35	
563.755	2.56	
563.953	15.46	
564.151	72.81	
564.349	83.25	
564.547	94.72	
564.746	82.43	
564.944	53.55	
565.142	37.79	
565.34	-5.22	
565.538	-48.84	
565.736	-20.79	
565.934	-40.45	
566.132	-39.01	
566.33	-8.7	
566.528	58.47	
566.726	26.73	
566.924	110.28	
567.122	79.36	
567.32	25.91	
567.518	-20.99	
567.716	-23.24	
567.914	-57.65	
568.112	-43.52	
568.31	14.03	
568.507	32.87	
568.705	-9.93	
568.903	-20.99	
569.101	19.97	
569.299	43.31	
569.497	37.99	
569.694	103.12	
569.892	118.07	
570.09	117.04	
570.288	34.1	
570.486	12.19	
570.683	28.57	
570.881	-13.82	
571.079	-74.44	
571.276	-62.77	
571.474	-60.11	
571.672	-103.73	
571.869	-65.23	
572.067	-31.85	
572.265	9.73	
572.462	54.17	
572.66	105.57	
572.857	129.12	
573.055	162.71	
573.253	140.39	
573.45	81.61	
573.648	68.71	
573.845	22.63	
574.043	2.36	
574.24	-6.04	
574.438	-37.79	
574.635	-60.72	
574.832	-83.45	
575.03	-68.3	
575.227	33.48	
575.425	47.62	
575.622	37.38	
575.82	41.88	
576.017	52.33	
576.214	-28.98	
576.412	9.73	
576.609	-16.08	
576.806	-0.92	
577.004	-28.57	
577.201	-14.44	
577.398	16.49	
577.595	130.56	
577.793	179.5	
577.99	182.17	
578.187	135.27	
578.384	97.18	
578.582	3.58	
578.779	14.64	
578.976	18.33	
579.173	113.56	
579.37	121.75	
579.567	167.22	
579.764	122.16	
579.962	144.69	
580.159	103.12	
580.356	110.69	
580.553	112.33	
580.75	146.74	
580.947	108.44	
581.144	147.35	
581.341	148.58	
581.538	173.97	
581.735	131.99	
581.932	166.6	
582.129	72.6	
582.326	57.24	
582.523	2.36	
582.72	-14.03	
582.916	-60.72	
583.113	-45.57	
583.31	-56.83	
583.507	-54.78	
583.704	24.27	
583.901	99.43	
584.098	112.33	
584.294	144.28	
584.491	140.18	
584.688	84.68	
584.885	-0.1	
585.082	96.15	
585.278	108.03	
585.475	126.05	
585.672	114.38	
585.868	132.81	
586.065	51.71	
586.262	-19.35	
586.458	-6.25	
586.655	50.28	
586.852	30.21	
587.048	-9.52	
587.245	-15.26	
587.442	51.51	
587.638	48.23	
587.835	122.16	
588.031	162.71	
588.228	212.89	
588.424	127.9	
588.621	117.25	
588.817	64.41	
589.014	110.49	
589.21	112.74	
589.407	98	
589.603	57.24	
589.8	103.12	
589.996	87.96	
590.192	74.44	
590.389	112.95	
590.585	130.56	
590.782	63.59	
590.978	96.36	
591.174	79.56	
591.371	86.73	
591.567	69.32	
591.763	77.31	
591.959	27.75	
592.156	55.4	
592.352	28.36	
592.548	67.89	
592.744	85.3	
592.941	44.34	
593.137	10.75	
593.333	-6.86	
593.529	39.83	
593.725	58.67	
593.922	45.77	
594.118	116.63	
594.314	86.53	
594.51	46.18	
594.706	-14.23	
594.902	74.85	
595.098	26.52	
595.294	64.61	
595.49	7.27	
595.686	92.26	
595.882	-0.72	
596.078	67.89	
596.274	93.08	
596.47	159.64	
596.666	131.79	
596.862	141.41	
597.058	100.66	
597.254	115.61	
597.45	59.08	
597.646	96.77	
597.842	121.34	
598.037	185.03	
598.233	167.83	
598.429	214.93	
598.625	127.28	
598.821	113.36	
599.017	17.51	
599.212	55.4	
599.408	74.44	
599.604	84.48	
599.8	95.13	
599.995	66.87	
600.191	22.02	
600.387	-42.7	
600.582	-12.6	
600.778	17.51	
600.974	63.79	
601.169	45.36	
601.365	83.05	
601.561	27.95	
601.756	-30.21	
601.952	-48.43	
602.147	-72.19	
602.343	-85.09	
602.538	-10.75	
602.734	0.51	
602.93	38.19	
603.125	69.94	
603.321	79.77	
603.516	59.29	
603.711	84.89	
603.907	58.47	
604.102	69.53	
604.298	104.34	
604.493	96.36	
604.689	125.44	
604.884	112.13	
605.079	94.31	
605.275	29.39	
605.47	14.23	
605.665	-3.38	
605.861	49.25	
606.056	59.08	
606.251	17.1	
606.447	37.99	
606.642	18.33	
606.837	-35.94	
607.032	13.62	
607.227	19.35	
607.423	17.71	
607.618	6.25	
607.813	7.88	
608.008	-46.39	
608.203	80.79	
608.398	125.03	
608.594	113.97	
608.789	116.02	
608.984	163.53	
609.179	122.57	
609.374	72.4	
609.569	109.46	
609.764	72.4	
609.959	31.23	
610.154	-11.16	
610.349	31.64	
610.544	21.4	
610.739	57.45	
610.934	74.03	
611.129	120.73	
611.324	126.26	
611.519	161.28	
611.714	207.77	
611.909	163.94	
612.103	198.14	
612.298	166.81	
612.493	160.25	
612.688	167.63	
612.883	220.05	
613.078	129.33	
613.272	198.14	
613.467	182.99	
613.662	176.64	
613.857	211.86	
614.051	272.28	
614.246	176.02	
614.441	136.91	
614.635	48.84	
614.83	-16.69	
615.025	-89.8	
615.219	-75.26	
615.414	-83.45	
615.609	-35.12	
615.803	-47	
615.998	61.75	
616.192	67.28	
616.387	110.9	
616.582	171.72	
616.776	218.01	
616.971	140.39	
617.165	140.18	
617.36	75.47	
617.554	35.53	
617.749	80.18	
617.943	92.26	
618.138	99.02	
618.332	145.1	
618.526	109.67	
618.721	30.62	
618.915	61.54	
619.11	53.76	
619.304	2.76	
619.498	1.33	
619.693	54.58	
619.887	6.66	
620.081	-24.06	
620.275	24.68	
620.47	69.73	
620.664	63.18	
620.858	45.98	
621.052	76.7	
621.247	90.21	
621.441	59.49	
621.635	24.88	
621.829	55.19	
622.023	51.1	
622.218	73.83	
622.412	64.82	
622.606	50.07	
622.8	66.05	
622.994	57.24	
623.188	1.74	
623.382	14.03	
623.576	13.21	
623.77	-30.41	
623.964	12.39	
624.158	38.19	
624.352	-7.68	
624.546	19.15	
624.74	73.01	
624.934	22.63	
625.128	26.93	
625.322	77.31	
625.516	77.11	
625.71	30.41	
625.904	17.51	
626.098	53.14	
626.291	78.95	
626.485	77.93	
626.679	74.03	
626.873	172.95	
627.067	106.19	
627.26	105.16	
627.454	118.07	
627.648	164.55	
627.842	73.42	
628.035	98.61	
628.229	72.4	
628.423	4.4	
628.617	-32.87	
628.81	-30.41	
629.004	-37.99	
629.198	-12.6	
629.391	27.75	
629.585	100.66	
629.778	93.69	
629.972	116.22	
630.166	108.64	
630.359	75.67	
630.553	5.22	
630.746	52.53	
630.94	73.21	
631.133	-9.73	
631.327	20.99	
631.52	20.38	
631.714	-12.6	
631.907	-48.43	
632.1	55.81	
632.294	109.26	
632.487	129.12	
632.681	140.8	
632.874	158.82	
633.067	161.48	
633.261	104.75	
633.454	97.79	
633.647	118.27	
633.841	71.37	
634.034	65.84	
634.227	65.84	
634.421	44.34	
634.614	27.75	
634.807	46.18	
635	-39.83	
635.193	7.48	
635.387	-18.12	
635.58	-40.65	
635.773	-18.12	
635.966	40.24	
636.159	9.93	
636.352	-18.74	
636.545	-31.44	
636.739	-80.59	
636.932	-86.32	
637.125	-107.21	
637.318	-78.95	
637.511	-11.98	
637.704	-10.55	
637.897	2.15	
638.09	-10.75	
638.283	47.62	
638.476	24.47	
638.669	57.86	
638.862	67.28	
639.055	67.89	
639.247	60.93	
639.44	12.8	
639.633	36.15	
639.826	-7.48	
640.019	14.03	
640.212	-6.66	
640.405	48.64	
640.597	11.98	
640.79	60.52	
640.983	58.67	
641.176	42.29	
641.368	70.76	
641.561	110.28	
641.754	36.56	
641.947	80.18	
642.139	131.17	
642.332	66.66	
642.525	49.46	
642.717	106.39	
642.91	25.09	
643.103	-2.97	
643.295	-28.77	
643.488	-42.09	
643.68	-88.98	
643.873	-60.93	
644.065	-55.81	
644.258	-19.97	
644.45	-41.88	
644.643	-15.87	
644.835	-11.98	
645.028	-66.66	
645.22	-85.09	
645.413	-101.68	
645.605	-108.64	
645.798	-123.39	
645.99	-35.53	
646.182	-29.59	
646.375	18.33	
646.567	22.83	
646.76	-2.56	
646.952	-43.11	
647.144	-42.5	
647.337	-62.98	
647.529	-51.51	
647.721	31.03	
647.913	59.29	
648.106	47.41	
648.298	19.15	
648.49	8.09	
648.682	-86.53	
648.874	-103.32	
649.067	-80.18	
649.259	-66.46	
649.451	-86.94	
649.643	-24.88	
649.835	3.58	
650.027	22.02	
650.219	24.47	
650.411	65.84	
650.603	51.71	
650.796	64.82	
650.988	70.96	
651.18	128.71	
651.372	159.64	
651.564	156.98	
651.756	75.26	
651.948	67.28	
652.139	8.5	
652.331	-44.75	
652.523	-30.21	
652.715	-9.11	
652.907	-15.26	
653.099	5.22	
653.291	12.19	
653.483	-16.9	
653.674	22.63	
653.866	12.6	
654.058	-3.58	
654.25	2.36	
654.442	-0.72	
654.633	-84.89	
654.825	-84.27	
655.017	-61.13	
655.209	-93.49	
655.4	-67.69	
655.592	-81.2	
655.784	-41.68	
655.975	-46.59	
656.167	-36.35	
656.359	-61.34	
656.55	-17.51	
656.742	-76.7	
656.933	3.38	
657.125	8.29	
657.316	20.79	
657.508	7.48	
657.7	69.32	
657.891	-33.28	
658.083	-12.39	
658.274	18.33	
658.466	49.87	
658.657	51.92	
658.848	17.71	
659.04	22.43	
659.231	-12.8	
659.423	-12.19	
659.614	-54.78	
659.805	78.13	
659.997	129.74	
660.188	151.45	
660.379	179.09	
660.571	160.25	
660.762	60.93	
660.953	-8.09	
661.145	-25.29	
661.336	-93.08	
661.527	74.03	
661.718	127.28	
661.909	128.51	
662.101	152.47	
662.292	204.08	
662.483	30.41	
662.674	-8.91	
662.865	-11.37	
663.056	-50.48	
663.247	-101.27	
663.439	-66.66	
663.63	-44.54	
663.821	-66.66	
664.012	-40.86	
664.203	36.76	
664.394	57.04	
664.585	76.7	
664.776	60.72	
664.967	63.59	
665.158	14.44	
665.349	63.38	
665.54	20.17	
665.73	104.75	
665.921	46.18	
666.112	45.98	
666.303	-37.38	
666.494	67.48	
666.685	5.63	
666.876	74.03	
667.066	85.71	
667.257	125.03	
667.448	4.4	
667.639	18.12	
667.83	-13.21	
668.02	-2.36	
668.211	-66.66	
668.402	-2.56	
668.592	-52.33	
668.783	-43.72	
668.974	-52.94	
669.164	-4.2	
669.355	-39.22	
669.546	27.34	
669.736	34.51	
669.927	11.37	
670.117	-47.21	
670.308	-30	
670.499	-85.09	
670.689	-86.73	
670.88	-108.44	
671.07	-47.21	
671.261	-54.17	
671.451	2.15	
671.641	-66.46	
671.832	-5.84	
672.022	-19.76	
672.213	-62.16	
672.403	-86.94	
672.594	13	
672.784	17.51	
672.974	8.29	
673.165	-6.45	
673.355	12.6	
673.545	36.76	
673.736	62.77	
673.926	5.02	
674.116	84.27	
674.306	13.82	
674.497	-60.72	
674.687	-120.52	
674.877	-80.18	
675.067	-131.79	
675.257	-76.7	
675.448	-60.52	
675.638	-23.24	
675.828	-42.5	
676.018	9.52	
676.208	-9.93	
676.398	17.51	
676.588	-9.73	
676.778	8.5	
676.968	-15.87	
677.158	36.76	
677.348	-36.97	
677.538	-55.4	
677.728	-20.99	
677.918	-42.29	
678.108	-98.2	
678.298	-28.16	
678.488	-34.3	
678.678	-12.6	
678.868	9.52	
679.058	34.92	
679.248	14.44	
679.438	30.62	
679.627	11.16	
679.817	-0.92	
680.007	-13.82	
680.197	-14.23	
680.387	-14.44	
680.576	-19.76	
680.766	-40.24	
680.956	-42.29	
681.146	7.68	
681.335	-12.39	
681.525	-51.71	
681.715	-9.11	
681.904	38.6	
682.094	15.46	
682.284	14.23	
682.473	36.15	
682.663	56.22	
682.852	30.82	
683.042	24.06	
683.231	45.36	
683.421	49.46	
683.61	1.74	
683.8	-26.93	
683.989	-63.79	
684.179	-51.3	
684.368	-98.81	
684.558	-92.88	
684.747	-85.5	
684.937	-100.45	
685.126	-90.83	
685.316	-57.24	
685.505	-102.3	
685.694	-36.35	
685.884	51.71	
686.073	9.32	
686.262	12.39	
686.452	81	
686.641	49.46	
686.83	12.8	
687.019	16.49	
687.209	35.53	
687.398	39.22	
687.587	3.58	
687.776	-32.46	
687.965	-47.21	
688.155	-70.76	
688.344	-137.11	
688.533	-116.84	
688.722	-135.68	
688.911	-34.3	
689.1	27.95	
689.289	98.81	
689.478	105.57	
689.667	139.36	
689.856	-8.7	
690.045	-62.77	
690.234	-109.87	
690.423	-58.47	
690.612	-87.55	
690.801	24.47	
690.99	16.9	
691.179	45.57	
691.368	-6.45	
691.557	80.38	
691.746	23.04	
691.935	19.56	
692.124	-23.86	
692.312	-22.02	
692.501	-89.19	
692.69	-33.89	
692.879	-27.95	
693.068	-19.76	
693.256	-36.76	
693.445	34.71	
693.634	-21.4	
693.823	-41.47	
694.011	-9.73	
694.2	4.4	
694.389	-78.33	
694.577	-73.62	
694.766	-62.16	
694.955	-62.77	
695.143	-84.89	
695.332	-32.87	
695.52	-26.32	
695.709	31.85	
695.897	5.02	
696.086	-7.88	
696.275	-56.83	
696.463	-46.8	
696.652	-109.26	
696.84	-64.61	
697.028	-45.36	
697.217	-35.33	
697.405	1.95	
697.594	51.1	
697.782	28.16	
697.971	36.76	
698.159	48.23	
698.347	54.78	
698.536	47.62	
698.724	72.6	
698.912	35.74	
699.1	32.26	
699.289	46.8	
699.477	32.26	
699.665	-5.22	
699.854	-3.99	
700.042	2.15	
700.23	-24.47	
700.418	-26.11	
700.606	-18.74	
700.794	9.73	
700.983	30.21	
701.171	30.21	
701.359	9.52	
701.547	51.92	
701.735	73.62	
701.923	32.46	
702.111	-14.03	
702.299	-43.52	
702.487	-58.67	
702.675	-107.62	
702.863	-122.16	
703.051	-117.04	
703.239	-48.02	
703.427	-101.68	
703.615	-98	
703.803	-91.65	
703.991	-47	
704.179	-52.94	
704.367	15.26	
704.554	70.76	
704.742	93.28	
704.93	142.44	
705.118	164.76	
705.306	100.25	
705.493	79.36	
705.681	45.57	
705.869	42.5	
706.057	-9.73	
706.244	33.07	
706.432	16.69	
706.62	51.92	
706.807	-54.99	
706.995	3.38	
707.183	-59.29	
707.37	-19.35	
707.558	4.61	
707.746	110.08	
707.933	105.16	
708.121	197.32	
708.308	153.7	
708.496	118.88	
708.683	33.07	
708.871	47.82	
709.058	-44.95	
709.246	-32.26	
709.433	-75.06	
709.621	-45.57	
709.808	-99.22	
709.995	-9.32	
710.183	-20.38	
710.37	8.29	
710.558	-13.21	
710.745	-9.11	
710.932	-47	
711.12	-11.98	
711.307	-5.43	
711.494	20.99	
711.681	40.04	
711.869	-2.76	
712.056	9.73	
712.243	43.52	
712.43	-24.27	
712.618	-17.51	
712.805	-27.34	
712.992	-48.43	
713.179	-90.42	
713.366	-43.11	
713.553	-6.04	
713.74	13	
713.928	-56.42	
714.115	-9.93	
714.302	-38.81	
714.489	-65.64	
714.676	-84.27	
714.863	1.54	
715.05	-13.82	
715.237	-30.41	
715.424	-93.08	
715.611	-15.46	
715.798	-8.91	
715.984	-19.76	
716.171	45.57	
716.358	63.79	
716.545	40.86	
716.732	25.91	
716.919	-17.31	
717.106	-59.9	
717.293	-43.93	
717.479	-15.05	
717.666	-85.71	
717.853	-56.83	
718.04	-15.26	
718.226	17.71	
718.413	-69.12	
718.6	7.68	
718.786	12.6	
718.973	34.51	
719.16	-47.41	
719.346	-0.92	
719.533	-46.39	
719.72	4.61	
719.906	-59.9	
720.093	4.61	
720.279	-39.22	
720.466	-20.38	
720.652	-30.21	
720.839	31.85	
721.025	40.04	
721.212	79.77	
721.398	78.74	
721.585	101.07	
721.771	51.1	
721.958	2.97	
722.144	21.81	
722.331	-43.11	
722.517	-108.64	
722.703	-74.24	
722.89	-103.32	
723.076	-107.83	
723.262	-6.04	
723.449	-19.15	
723.635	-78.74	
723.821	-52.94	
724.007	-94.51	
724.194	-152.47	
724.38	-138.14	
724.566	-117.45	
724.752	-84.89	
724.938	-21.81	
725.125	40.86	
725.311	81.41	
725.497	80.79	
725.683	64	
725.869	3.79	
726.055	-32.46	
726.241	-72.6	
726.427	-57.65	
726.613	-86.53	
726.799	-8.29	
726.985	-68.5	
727.171	-31.03	
727.357	-7.07	
727.543	77.72	
727.729	16.9	
727.915	79.97	
728.101	66.87	
728.287	36.97	
728.473	-16.69	
728.659	-4.2	
728.845	-62.36	
729.03	-89.8	
729.216	-84.68	
729.402	-115.61	
729.588	-133.43	
729.774	-91.85	
729.959	-79.36	
730.145	-37.99	
730.331	24.06	
730.517	47	
730.702	69.12	
730.888	78.95	
731.074	-10.75	
731.259	-23.86	
731.445	10.34	
731.63	-24.27	
731.816	-45.36	
732.002	83.25	
732.187	116.22	
732.373	72.81	
732.558	99.63	
732.744	167.22	
732.929	111.51	
733.115	19.97	
733.3	-54.99	
733.486	-56.83	
733.671	-147.97	
733.857	-179.09	
734.042	-119.09	
734.227	-68.71	
734.413	-28.77	
734.598	50.48	
734.784	37.99	
734.969	11.57	
735.154	44.95	
735.339	12.8	
735.525	14.85	
735.71	59.49	
735.895	19.76	
736.081	5.22	
736.266	-3.79	
736.451	-42.7	
736.636	-7.88	
736.821	15.05	
737.007	-1.54	
737.192	-0.51	
737.377	-35.74	
737.562	-114.17	
737.747	-83.05	
737.932	-59.29	
738.117	-79.97	
738.302	-2.76	
738.487	17.71	
738.672	-10.96	
738.857	15.67	
739.042	48.84	
739.227	76.08	
739.412	58.67	
739.597	50.48	
739.782	57.86	
739.967	-7.88	
740.152	-41.47	
740.337	-5.02	
740.522	25.09	
740.706	13	
740.891	127.49	
741.076	114.17	
741.261	118.47	
741.446	127.49	
741.63	105.16	
741.815	64.41	
742	15.46	
742.185	-14.64	
742.369	-20.79	
742.554	-36.35	
742.739	-50.07	
742.923	-2.56	
743.108	27.14	
743.293	51.51	
743.477	48.43	
743.662	69.73	
743.846	48.43	
744.031	54.17	
744.216	23.45	
744.4	88.37	
744.585	56.42	
744.769	83.86	
744.954	81.41	
745.138	69.53	
745.322	39.42	
745.507	2.15	
745.691	-21.61	
745.876	-48.23	
746.06	-4.2	
746.244	7.27	
746.429	66.87	
746.613	49.25	
746.798	70.14	
746.982	14.85	
747.166	26.52	
747.35	-23.24	
747.535	-18.12	
747.719	-18.33	
747.903	56.01	
748.087	-10.75	
748.272	2.76	
748.456	49.66	
748.64	27.75	
748.824	12.6	
749.008	63.38	
749.192	54.78	
749.376	8.91	
749.56	-0.51	
749.745	-52.33	
749.929	-20.79	
750.113	9.32	
750.297	-18.33	
750.481	25.29	
750.665	61.75	
750.849	26.93	
751.033	21.61	
751.217	17.1	
751.4	-7.27	
751.584	-28.57	
751.768	-8.5	
751.952	-32.26	
752.136	-13.21	
752.32	-50.28	
752.504	-26.73	
752.688	-45.57	
752.871	-51.51	
753.055	-50.07	
753.239	-25.91	
753.423	-11.37	
753.606	-45.57	
753.79	30.21	
753.974	39.01	
754.157	48.02	
754.341	0.51	
754.525	-2.97	
754.708	-46.59	
754.892	-44.13	
755.076	-16.28	
755.259	22.22	
755.443	0.51	
755.626	-5.22	
755.81	25.09	
755.993	-4.2	
756.177	-55.19	
756.36	11.98	
756.544	6.25	
756.727	-22.43	
756.911	-5.84	
757.094	35.94	
757.278	-2.56	
757.461	-32.87	
757.644	-41.68	
757.828	-68.91	
758.011	-44.95	
758.195	-26.32	
758.378	-5.43	
758.561	-14.23	
758.744	-32.26	
758.928	-4.61	
759.111	-8.29	
759.294	29.8	
759.477	67.89	
759.661	104.34	
759.844	68.71	
760.027	61.54	
760.21	22.02	
760.393	23.45	
760.576	23.04	
760.76	-12.19	
760.943	-44.13	
761.126	43.52	
761.309	67.69	
761.492	49.66	
761.675	46.18	
761.858	83.66	
762.041	-8.7	
762.224	-95.33	
762.407	-83.25	
762.59	-53.76	
762.773	-97.18	
762.956	-92.88	
763.139	-59.29	
763.321	-39.83	
763.504	-88.78	
763.687	-39.83	
763.87	-13	
764.053	-4.81	
764.236	12.6	
764.418	54.17	
764.601	30.41	
764.784	36.15	
764.967	68.3	
765.149	35.33	
765.332	26.32	
765.515	68.71	
765.697	21.2	
765.88	-9.52	
766.063	6.45	
766.245	-2.56	
766.428	-63.38	
766.611	-28.98	
766.793	-12.19	
766.976	14.85	
767.158	-29.18	
767.341	30	
767.523	23.86	
767.706	22.43	
767.888	-40.04	
768.071	92.47	
768.253	49.46	
768.436	75.88	
768.618	81.61	
768.8	169.47	
768.983	137.52	
769.165	157.18	
769.348	87.76	
769.53	64.61	
769.712	-23.45	
769.895	-87.55	
770.077	-82.02	
770.259	-64.2	
770.441	-67.48	
770.624	11.57	
770.806	60.52	
770.988	45.57	
771.17	57.04	
771.352	118.47	
771.535	106.19	
771.717	83.86	
771.899	75.67	
772.081	142.64	
772.263	77.31	
772.445	45.36	
772.627	-12.19	
772.809	15.26	
772.991	-16.9	
773.173	26.52	
773.355	16.49	
773.537	54.17	
773.719	14.23	
773.901	37.79	
774.083	-29.8	
774.265	-65.64	
774.447	-99.02	
774.629	-81.82	
774.811	-98	
774.992	-26.52	
775.174	-40.24	
775.356	41.88	
775.538	7.27	
775.72	-45.77	
775.901	-67.28	
776.083	-40.04	
776.265	-90.83	
776.447	-14.85	
776.628	48.64	
776.81	33.07	
776.992	95.33	
777.173	111.51	
777.355	72.4	
777.537	94.92	
777.718	93.69	
777.9	72.6	
778.081	73.21	
778.263	107.62	
778.444	57.04	
778.626	50.28	
778.807	-7.27	
778.989	-27.75	
779.17	-90.42	
779.352	-169.47	
779.533	-190.77	
779.715	-128.1	
779.896	-186.47	
780.078	-98.2	
780.259	-19.15	
780.44	-1.33	
780.622	-51.71	
780.803	98.61	
780.984	45.98	
781.166	17.71	
781.347	13.41	
781.528	24.88	
781.709	-53.96	
781.891	-20.17	
782.072	0.31	
782.253	34.92	
782.434	14.23	
782.615	15.26	
782.796	-14.64	
782.978	48.64	
783.159	59.49	
783.34	138.55	
783.521	135.06	
783.702	153.5	
783.883	124.82	
784.064	135.47	
784.245	65.02	
784.426	116.43	
784.607	73.83	
784.788	65.43	
784.969	-10.75	
785.15	14.64	
785.331	-92.88	
785.512	-34.3	
785.692	-42.7	
785.873	-7.07	
786.054	-30.82	
786.235	11.98	
786.416	11.16	
786.597	8.7	
786.777	-3.79	
786.958	34.92	
787.139	62.16	
787.32	57.45	
787.5	79.15	
787.681	51.1	
787.862	47.41	
788.042	42.7	
788.223	27.95	
788.404	-65.64	
788.584	-7.68	
788.765	11.37	
788.946	-2.76	
789.126	-9.52	
789.307	91.85	
789.487	112.54	
789.668	46.59	
789.848	32.46	
790.029	-18.53	
790.209	-64.82	
790.39	-119.29	
790.57	-121.96	
790.75	-65.84	
790.931	-23.45	
791.111	-44.34	
791.292	16.28	
791.472	52.53	
791.652	33.07	
791.833	17.31	
792.013	43.31	
792.193	-30.21	
792.373	12.19	
792.554	15.26	
792.734	40.04	
792.914	11.78	
793.094	59.08	
793.275	43.11	
793.455	13.62	
793.635	39.42	
793.815	72.6	
793.995	40.04	
794.175	33.28	
794.355	97.79	
794.535	100.45	
794.715	93.08	
794.896	111.51	
795.076	77.52	
795.256	95.95	
795.436	36.97	
795.616	71.37	
795.795	88.37	
795.975	92.47	
796.155	81.61	
796.335	116.22	
796.515	137.32	
796.695	169.88	
796.875	226.2	
797.055	187.49	
797.234	195.89	
797.414	165.58	
797.594	115.61	
797.774	72.81	
797.954	34.92	
798.133	27.55	
798.313	-22.83	
798.493	8.29	
798.672	-26.73	
798.852	-10.14	
799.032	-70.76	
799.211	-63.59	
799.391	-108.85	
799.571	-83.05	
799.75	-93.49	
799.93	13.82	
800.109	40.45	
800.289	51.71	
800.468	24.47	
800.648	25.91	
800.827	-15.26	
801.007	-31.44	
801.186	-69.32	
801.366	-28.77	
801.545	-11.98	
801.725	33.07	
801.904	8.91	
802.083	67.48	
802.263	49.66	
802.442	104.55	
802.621	21.61	
802.801	119.09	
802.98	133.83	
803.159	102.91	
803.338	23.24	
803.518	92.88	
803.697	7.68	
803.876	21.4	
804.055	50.69	
804.235	96.56	
804.414	24.27	
804.593	56.01	
804.772	14.44	
804.951	20.58	
805.13	-58.88	
805.309	-13	
805.488	-3.38	
805.667	15.05	
805.846	37.79	
806.025	95.95	
806.204	129.33	
806.383	75.47	
806.562	49.66	
806.741	36.56	
806.92	69.12	
807.099	25.29	
807.278	-1.74	
807.457	-9.32	
807.636	11.98	
807.814	-8.5	
807.993	-32.67	
808.172	17.31	
808.351	44.95	
808.53	23.04	
808.708	6.45	
808.887	9.52	
809.066	95.74	
809.244	78.74	
809.423	69.12	
809.602	62.98	
809.78	117.86	
809.959	42.09	
810.138	61.75	
810.316	67.48	
810.495	79.15	
810.673	5.02	
810.852	10.55	
811.03	29.18	
811.209	48.64	
811.388	67.89	
811.566	102.5	
811.744	124.41	
811.923	82.64	
812.101	73.42	
812.28	131.38	
812.458	155.54	
812.637	105.16	
812.815	139.77	
812.993	173.16	
813.172	153.5	
813.35	68.91	
813.528	107.42	
813.706	68.91	
813.885	37.38	
814.063	-31.03	
814.241	69.53	
814.419	83.05	
814.598	151.65	
814.776	127.9	
814.954	105.78	
815.132	80.38	
815.31	76.49	
815.488	-27.55	
815.666	-42.7	
815.844	-56.01	
816.022	-88.78	
816.201	-126.05	
816.379	-30.21	
816.557	5.02	
816.735	56.63	
816.913	35.74	
817.09	69.73	
817.268	1.13	
817.446	-35.53	
817.624	-67.89	
817.802	48.43	
817.98	7.27	
818.158	6.04	
818.336	-31.85	
818.514	2.36	
818.691	-37.58	
818.869	25.7	
819.047	77.31	
819.225	129.74	
819.402	92.26	
819.58	125.64	
819.758	126.46	
819.935	87.76	
820.113	96.97	
820.291	96.77	
820.468	12.39	
820.646	-3.38	
820.824	26.73	
821.001	96.97	
821.179	151.65	
821.356	179.09	
821.534	136.7	
821.711	81.82	
821.889	93.08	
822.066	75.47	
822.244	63.79	
822.421	121.34	
822.599	162.1	
822.776	59.9	
822.953	2.97	
823.131	-21.4	
823.308	-72.6	
823.486	-70.96	
823.663	-40.86	
823.84	25.29	
824.017	-14.23	
824.195	-0.51	
824.372	13.82	
824.549	20.58	
824.726	-4.2	
824.904	17.92	
825.081	39.63	
825.258	-1.74	
825.435	-35.53	
825.612	3.38	
825.789	-28.16	
825.967	-10.55	
826.144	38.81	
826.321	102.09	
826.498	67.69	
826.675	118.88	
826.852	33.07	
827.029	31.85	
827.206	23.86	
827.383	-25.91	
827.56	28.77	
827.737	64.82	
827.914	61.95	
828.09	27.55	
828.267	69.73	
828.444	36.15	
828.621	8.91	
828.798	58.88	
828.975	25.29	
829.151	12.8	
829.328	1.95	
829.505	96.97	
829.682	18.12	
829.858	22.02	
830.035	85.3	
830.212	80.38	
830.389	11.78	
830.565	-20.79	
830.742	51.51	
830.918	27.14	
831.095	33.89	
831.272	48.43	
831.448	64.2	
831.625	76.9	
831.801	86.53	
831.978	96.36	
832.154	52.74	
832.331	94.31	
832.507	19.76	
832.684	19.15	
832.86	54.58	
833.037	192.61	
833.213	159.02	
833.389	195.89	
833.566	110.9	
833.742	47.82	
833.918	-63.59	
834.095	-119.5	
834.271	-180.73	
834.447	-82.84	
834.624	-71.58	
834.8	-62.57	
834.976	19.76	
835.152	51.51	
835.328	21.81	
835.505	46.18	
835.681	54.17	
835.857	-13.41	
836.033	41.27	
836.209	126.26	
836.385	124.62	
836.561	133.43	
836.737	193.02	
836.913	101.27	
837.089	49.05	
837.265	59.7	
837.441	86.53	
837.617	74.65	
837.793	120.93	
837.969	91.44	
838.145	75.88	
838.321	50.28	
838.497	43.52	
838.673	79.77	
838.849	39.22	
839.025	88.78	
839.2	88.37	
839.376	127.28	
839.552	78.13	
839.728	140.8	
839.903	80.38	
840.079	114.58	
840.255	64.61	
840.431	157.18	
840.606	75.67	
840.782	157.39	
840.958	63.79	
841.133	87.76	
841.309	20.79	
841.484	92.67	
841.66	-4.2	
841.835	2.36	
842.011	-18.94	
842.186	10.96	
842.362	-44.34	
842.537	0.92	
842.713	16.9	
842.888	30.82	
843.064	-19.56	
843.239	0.72	
843.415	-20.38	
843.59	34.71	
843.765	39.83	
843.941	73.83	
844.116	144.69	
844.291	109.26	
844.467	81.2	
844.642	99.22	
844.817	128.71	
844.992	60.11	
845.168	76.08	
845.343	100.04	
845.518	91.65	
845.693	81.2	
845.868	83.25	
846.043	58.47	
846.219	8.29	
846.394	41.88	
846.569	16.28	
846.744	0.72	
846.919	16.28	
847.094	139.77	
847.269	90.42	
847.444	78.95	
847.619	117.45	
847.794	210.63	
847.969	141.82	
848.144	169.06	
848.319	167.63	
848.494	161.28	
848.668	137.73	
848.843	157.39	
849.018	138.14	
849.193	137.11	
849.368	141.41	
849.542	153.7	
849.717	118.88	
849.892	115.4	
850.067	126.67	
850.241	161.89	
850.416	102.71	
850.591	125.03	
850.765	101.07	
850.94	143.26	
851.115	74.44	
851.289	103.73	
851.464	52.94	
851.639	62.77	
851.813	10.96	
851.988	75.47	
852.162	36.97	
852.337	56.22	
852.511	92.06	
852.686	150.42	
852.86	114.99	
853.035	133.02	
853.209	117.66	
853.383	139.98	
853.558	43.52	
853.732	70.55	
853.906	32.67	
854.081	66.66	
854.255	-0.31	
854.429	55.4	
854.604	20.99	
854.778	94.72	
854.952	78.33	
855.126	139.16	
855.301	124.62	
855.475	102.3	
855.649	51.3	
855.823	27.75	
855.997	-14.23	
856.171	-0.51	
856.345	-19.97	
856.52	9.11	
856.694	46.59	
856.868	107.01	
857.042	106.39	
857.216	206.33	
857.39	195.89	
857.564	144.69	
857.738	67.89	
857.912	42.7	
858.085	-6.25	
858.259	7.68	
858.433	60.31	
858.607	52.94	
858.781	62.57	
858.955	22.43	
859.129	-8.09	
859.302	-6.86	
859.476	-28.36	
859.65	61.34	
859.824	53.96	
859.997	69.73	
860.171	90.83	
860.345	177.87	
860.519	103.93	
860.692	131.99	
860.866	147.15	
861.039	137.93	
861.213	110.08	
861.387	90.01	
861.56	76.29	
861.734	105.16	
861.907	68.3	
862.081	54.58	
862.254	93.28	
862.428	147.56	
862.601	92.06	
862.775	112.74	
862.948	215.55	
863.122	203.06	
863.295	162.51	
863.468	165.58	
863.642	122.37	
863.815	42.09	
863.988	34.1	
864.162	44.13	
864.335	-7.07	
864.508	24.47	
864.682	55.19	
864.855	52.74	
865.028	29.59	
865.201	123.39	
865.374	80.79	
865.548	107.42	
865.721	104.34	
865.894	189.13	
866.067	155.13	
866.24	203.47	
866.413	172.95	
866.586	169.67	
866.759	50.48	
866.932	17.71	
867.105	-2.56	
867.278	-93.28	
867.451	-116.43	
867.624	-56.22	
867.797	3.79	
867.97	-7.27	
868.143	31.23	
868.316	89.39	
868.489	37.17	
868.661	17.92	
868.834	33.69	
869.007	88.98	
869.18	56.63	
869.353	87.55	
869.525	101.07	
869.698	102.71	
869.871	76.7	
870.044	92.67	
870.216	125.64	
870.389	91.65	
870.562	87.14	
870.734	116.43	
870.907	71.99	
871.079	68.3	
871.252	44.95	
871.425	101.68	
871.597	30.82	
871.77	148.38	
871.942	115.61	
872.115	125.44	
872.287	99.22	
872.459	127.08	
872.632	70.76	
872.804	89.6	
872.977	47.21	
873.149	38.19	
873.321	14.03	
873.494	-13	
873.666	24.06	
873.838	44.75	
874.011	-4.81	
874.183	39.22	
874.355	27.55	
874.528	-15.87	
874.7	8.29	
874.872	119.5	
875.044	137.52	
875.216	172.75	
875.388	223.74	
875.561	246.88	
875.733	139.16	
875.905	102.09	
876.077	27.55	
876.249	62.98	
876.421	36.56	
876.593	22.43	
876.765	52.74	
876.937	127.49	
877.109	49.46	
877.281	66.46	
877.453	93.08	
877.625	53.14	
877.797	4.61	
877.968	-23.04	
878.14	-35.33	
878.312	7.27	
878.484	-34.51	
878.656	5.02	
878.828	22.83	
878.999	96.77	
879.171	23.86	
879.343	34.51	
879.515	1.74	
879.686	-13.62	
879.858	-75.06	
880.03	-6.66	
880.201	13.82	
880.373	1.54	
880.545	17.1	
880.716	62.36	
880.888	92.88	
881.059	131.99	
881.231	154.31	
881.402	198.35	
881.574	156.98	
881.745	124.82	
881.917	129.12	
882.088	137.32	
882.26	75.47	
882.431	114.38	
882.602	44.75	
882.774	35.33	
882.945	-16.28	
883.116	-27.55	
883.288	-70.96	
883.459	-40.24	
883.63	-48.64	
883.802	-23.45	
883.973	22.22	
884.144	46.59	
884.315	78.33	
884.487	127.49	
884.658	185.03	
884.829	205.92	
885	181.96	
885.171	196.09	
885.342	89.6	
885.513	59.08	
885.684	41.68	
885.855	60.93	
886.026	36.56	
886.197	116.43	
886.368	62.36	
886.539	86.32	
886.71	50.48	
886.881	60.72	
887.052	63.59	
887.223	125.23	
887.394	60.93	
887.565	129.94	
887.736	103.73	
887.907	99.63	
888.077	68.09	
888.248	77.31	
888.419	37.99	
888.59	25.09	
888.761	48.84	
888.931	83.25	
889.102	127.28	
889.273	93.9	
889.443	88.57	
889.614	13.41	
889.785	4.81	
889.955	-28.77	
890.126	-28.16	
890.296	39.22	
890.467	75.88	
890.637	161.48	
890.808	209.61	
890.978	257.94	
891.149	229.47	
891.319	324.5	
891.49	254.66	
891.66	261.42	
891.831	219.03	
892.001	229.27	
892.172	89.19	
892.342	73.42	
892.512	18.33	
892.683	85.09	
892.853	53.55	
893.023	113.76	
893.193	70.76	
893.364	99.63	
893.534	75.47	
893.704	138.55	
893.874	141.21	
894.044	183.81	
894.215	147.35	
894.385	170.29	
894.555	120.73	
894.725	164.35	
894.895	101.07	
895.065	142.85	
895.235	105.37	
895.405	190.56	
895.575	114.38	
895.745	192.25	
895.915	204.97	
