177.618	-742.22	
177.836	-760.91	
178.054	-759.22	
178.271	-591.69	
178.489	-362.52	
178.706	-234.73	
178.924	-78.06	
179.142	76.15	
179.359	47.68	
179.577	-79.9	
179.794	-74.99	
180.012	-91.17	
180.229	-134.38	
180.447	-83.18	
180.664	-19.9	
180.882	-16.42	
181.1	37.03	
181.317	31.91	
181.535	1.6	
181.752	-27.48	
181.969	12.87	
182.187	23.52	
182.404	59.15	
182.622	43.79	
182.839	80.86	
183.057	84.14	
183.274	61.61	
183.492	67.14	
183.709	115.27	
183.926	67.55	
184.144	36.01	
184.361	49.53	
184.579	74.1	
184.796	-2.7	
185.013	48.91	
185.231	24.75	
185.448	39.49	
185.666	39.29	
185.883	45.23	
186.1	28.84	
186.317	72.67	
186.535	-1.88	
186.752	-19.29	
186.969	31.71	
187.187	103.59	
187.404	27.2	
187.621	115.27	
187.839	132.26	
188.056	118.13	
188.273	35.6	
188.49	139.64	
188.708	105.44	
188.925	155.61	
189.142	140.05	
189.359	133.29	
189.576	52.6	
189.794	35.4	
190.011	-18.26	
190.228	-13.76	
190.445	-7.2	
190.662	71.44	
190.879	73.08	
191.097	50.76	
191.314	73.69	
191.531	88.44	
191.748	6.11	
191.965	10.41	
192.182	6.72	
192.399	-4.95	
192.616	36.42	
192.834	93.35	
193.051	79.43	
193.268	104	
193.485	101.14	
193.702	35.6	
193.919	-2.08	
194.136	16.55	
194.353	2.42	
194.57	19.22	
194.787	33.55	
195.004	149.26	
195.221	133.29	
195.438	164.62	
195.655	126.94	
195.872	201.9	
196.089	56.29	
196.306	93.56	
196.523	61.4	
196.74	110.15	
196.957	-24.4	
197.173	28.64	
197.39	-7	
197.607	39.9	
197.824	35.6	
198.041	118.54	
198.258	119.98	
198.475	187.56	
198.692	130.63	
198.909	68.98	
199.125	-8.84	
199.342	32.32	
199.559	4.88	
199.776	29.25	
199.993	112.6	
200.21	156.64	
200.426	88.85	
200.643	67.14	
200.86	83.11	
201.077	82.7	
201.293	83.52	
201.51	83.52	
201.727	-11.3	
201.944	-82.77	
202.16	-104.48	
202.377	-124.35	
202.594	-131.51	
202.811	-62.5	
203.027	-26.45	
203.244	-58.61	
203.461	-34.64	
203.677	47.89	
203.894	74.72	
204.111	100.11	
204.327	112.4	
204.544	96.83	
204.761	70.62	
204.977	42.56	
205.194	-10.07	
205.41	40.11	
205.627	44.82	
205.844	35.6	
206.06	25.36	
206.277	77.99	
206.493	42.15	
206.71	57.51	
206.926	44.41	
207.143	108.92	
207.36	24.34	
207.576	64.68	
207.793	82.91	
208.009	107.48	
208.226	64.27	
208.442	109.33	
208.659	84.55	
208.875	59.56	
209.092	0.58	
209.308	-7.41	
209.524	-13.35	
209.741	33.55	
209.957	107.69	
210.174	129.6	
210.39	119.16	
210.607	126.33	
210.823	2.42	
211.039	-76.83	
211.256	6.72	
211.472	-49.39	
211.688	-8.23	
211.905	75.95	
212.121	67.34	
212.338	-14.17	
212.554	53.62	
212.77	30.69	
212.987	14.51	
213.203	75.95	
213.419	116.5	
213.635	85.57	
213.852	69.6	
214.068	34.58	
214.284	-24	
214.501	0.17	
214.717	22.29	
214.933	57.51	
215.149	10.21	
215.365	-10.89	
215.582	-98.54	
215.798	-77.04	
216.014	-96.9	
216.23	-27.48	
216.447	8.16	
216.663	30.07	
216.879	-26.04	
217.095	-0.03	
217.311	17.78	
217.527	30.07	
217.743	43.59	
217.96	49.94	
218.176	35.6	
218.392	21.67	
218.608	41.95	
218.824	13.89	
219.04	17.37	
219.256	39.9	
219.472	23.93	
219.688	-8.23	
219.904	51.17	
220.12	147.01	
220.336	104.82	
220.552	109.53	
220.768	136.36	
220.984	148.44	
221.2	30.69	
221.416	71.24	
221.632	37.03	
221.848	6.11	
222.064	-74.99	
222.28	-37.1	
222.496	-89.74	
222.712	-1.67	
222.928	-34.03	
223.144	25.77	
223.36	17.58	
223.576	35.81	
223.792	-16.62	
224.008	64.27	
224.224	76.15	
224.439	112.6	
224.655	91.1	
224.871	116.5	
225.087	72.67	
225.303	1.6	
225.519	-19.49	
225.734	44.61	
225.95	22.9	
226.166	54.24	
226.382	83.93	
226.598	95.2	
226.813	85.98	
227.029	63.45	
227.245	33.55	
227.461	51.98	
227.677	66.73	
227.892	65.5	
228.108	67.96	
228.324	126.53	
228.539	53.42	
228.755	93.56	
228.971	85.37	
229.186	145.78	
229.402	101.14	
229.618	182.85	
229.833	97.24	
230.049	92.53	
230.265	2.63	
230.48	56.69	
230.696	45.84	
230.912	62.43	
231.127	74.92	
231.343	139.64	
231.558	40.52	
231.774	81.07	
231.99	178.34	
232.205	159.91	
232.421	104.41	
232.636	131.24	
232.852	56.9	
233.067	-21.95	
233.283	-8.84	
233.498	34.37	
233.714	54.24	
233.929	106.05	
234.145	89.87	
234.36	99.91	
234.576	122.43	
234.791	168.72	
235.007	185.31	
235.222	251.05	
235.438	215.82	
235.653	288.73	
235.868	242.65	
236.084	243.26	
236.299	268.25	
236.515	306.96	
236.73	189.2	
236.945	194.11	
237.161	132.06	
237.376	65.3	
237.592	36.21	
237.807	62.63	
238.022	52.8	
238.238	77.17	
238.453	21.06	
238.668	39.29	
238.883	-28.3	
239.099	-28.5	
239.314	-52.26	
239.529	10.62	
239.745	27	
239.96	119.77	
240.175	110.76	
240.39	212.95	
240.605	198.21	
240.821	152.74	
241.036	128.99	
241.251	207.83	
241.466	118.75	
241.681	108.71	
241.897	135.34	
242.112	164.01	
242.327	78.81	
242.542	91.71	
242.757	112.81	
242.972	103.59	
243.188	40.31	
243.403	63.25	
243.618	71.85	
243.833	48.71	
244.048	67.55	
244.263	96.02	
244.478	85.98	
244.693	50.35	
244.908	88.23	
245.123	73.28	
245.338	126.12	
245.553	132.88	
245.768	129.19	
245.983	123.87	
246.198	72.26	
246.413	29.46	
246.628	19.63	
246.843	18.4	
247.058	-1.67	
247.273	31.3	
247.488	21.47	
247.703	78.81	
247.918	85.57	
248.133	119.77	
248.348	92.74	
248.563	160.12	
248.778	107.28	
248.993	132.47	
249.207	169.13	
249.422	197.19	
249.637	74.51	
249.852	63.66	
250.067	31.5	
250.282	-43.25	
250.496	-87.28	
250.711	10.41	
250.926	0.17	
251.141	67.75	
251.356	67.34	
251.57	152.54	
251.785	106.67	
252	81.07	
252.215	33.96	
252.43	72.26	
252.644	70.01	
252.859	88.85	
253.074	121.82	
253.288	121.82	
253.503	76.76	
253.718	101.95	
253.932	178.14	
254.147	204.76	
254.362	206.2	
254.576	219.51	
254.791	145.17	
255.006	74.92	
255.22	84.55	
255.435	82.91	
255.65	115.47	
255.864	160.12	
256.079	122.84	
256.293	123.46	
256.508	138.61	
256.723	219.71	
256.937	144.14	
257.152	128.17	
257.366	99.91	
257.581	88.85	
257.795	-7	
258.01	106.26	
258.224	166.26	
258.439	193.29	
258.653	157.66	
258.868	179.37	
259.082	105.85	
259.297	65.91	
259.511	34.17	
259.726	24.54	
259.94	-21.33	
260.154	-62.09	
260.369	-40.58	
260.583	-23.59	
260.798	-39.56	
261.012	-7	
261.226	50.76	
261.441	65.5	
261.655	58.54	
261.869	143.53	
262.084	131.86	
262.298	123.25	
262.512	44.2	
262.727	31.3	
262.941	35.4	
263.155	35.6	
263.37	13.69	
263.584	103.39	
263.798	104.21	
264.012	140.87	
264.227	123.46	
264.441	201.28	
264.655	127.14	
264.869	223.6	
265.084	130.83	
265.298	150.7	
265.512	66.73	
265.726	143.12	
265.94	43.18	
266.155	79.43	
266.369	83.32	
266.583	168.51	
266.797	138.61	
267.011	206.4	
267.225	258.83	
267.439	240.6	
267.654	169.95	
267.868	145.37	
268.082	46.05	
268.296	-84.41	
268.51	-121.27	
268.724	-86.05	
268.938	-132.13	
269.152	-67.62	
269.366	-12.94	
269.58	33.55	
269.794	-5.36	
270.008	108.3	
270.222	82.7	
270.436	88.85	
270.65	64.07	
270.864	103.8	
271.078	36.42	
271.292	58.54	
271.506	108.71	
271.72	145.58	
271.934	161.96	
272.148	159.71	
272.362	161.14	
272.575	166.26	
272.789	164.42	
273.003	137.18	
273.217	189.4	
273.431	136.16	
273.645	96.43	
273.859	142.5	
274.073	196.98	
274.286	185.72	
274.5	214.8	
274.714	175.27	
274.928	155.82	
275.142	106.05	
275.355	72.26	
275.569	114.45	
275.783	155	
275.997	111.78	
276.21	122.02	
276.424	196.57	
276.638	131.45	
276.852	152.33	
277.065	148.85	
277.279	159.09	
277.493	97.24	
277.706	185.72	
277.92	180.39	
278.134	136.57	
278.347	78.61	
278.561	54.03	
278.775	38.67	
278.988	20.24	
279.202	108.1	
279.415	178.34	
279.629	180.39	
279.843	166.88	
280.056	263.13	
280.27	267.23	
280.483	185.1	
280.697	208.24	
280.91	230.57	
281.124	221.35	
281.337	165.85	
281.551	261.7	
281.764	213.16	
281.978	181.01	
282.191	87.82	
282.405	120.59	
282.618	34.37	
282.832	81.07	
283.045	50.55	
283.259	94.38	
283.472	71.44	
283.686	88.44	
283.899	53.21	
284.112	55.47	
284.326	51.17	
284.539	99.91	
284.752	118.95	
284.966	150.49	
285.179	194.32	
285.393	199.03	
285.606	116.29	
285.819	164.21	
286.033	103.8	
286.246	159.71	
286.459	105.23	
286.672	152.33	
286.886	62.84	
287.099	174.04	
287.312	29.05	
287.525	51.37	
287.739	35.4	
287.952	110.15	
288.165	109.33	
288.378	168.72	
288.592	172	
288.805	157.45	
289.018	156.43	
289.231	99.91	
289.444	127.96	
289.657	69.39	
289.871	65.71	
290.084	7.54	
290.297	92.74	
290.51	59.15	
290.723	74.51	
290.936	149.88	
291.149	144.96	
291.362	140.25	
291.575	121.62	
291.789	150.49	
292.002	100.52	
292.215	144.76	
292.428	15.33	
292.641	60.59	
292.854	59.97	
293.067	38.26	
293.28	13.28	
293.493	50.76	
293.706	-26.04	
293.919	39.7	
294.132	23.93	
294.345	24.75	
294.558	0.79	
294.77	42.36	
294.983	-28.91	
295.196	44.82	
295.409	88.44	
295.622	182.64	
295.835	217.46	
296.048	263.33	
296.261	234.87	
296.474	221.35	
296.686	158.07	
296.899	173.02	
297.112	171.18	
297.325	166.67	
297.538	176.3	
297.751	205.58	
297.963	213.77	
298.176	182.85	
298.389	153.77	
298.602	136.97	
298.814	254.73	
299.027	202.71	
299.24	205.38	
299.453	281.56	
299.665	258.83	
299.878	93.76	
300.091	81.27	
300.303	78.61	
300.516	12.05	
300.729	15.53	
300.941	64.89	
301.154	33.96	
301.367	9.8	
301.579	36.21	
301.792	69.19	
302.005	43.38	
302.217	56.69	
302.43	81.27	
302.642	38.26	
302.855	-27.07	
303.067	-36.49	
303.28	30.48	
303.493	-22.36	
303.705	75.95	
303.918	109.53	
304.13	177.12	
304.343	127.35	
304.555	200.26	
304.768	137.38	
304.98	180.8	
305.193	114.04	
305.405	145.99	
305.617	91.51	
305.83	115.27	
306.042	71.24	
306.255	62.43	
306.467	15.94	
306.68	9.59	
306.892	-13.35	
307.104	5.5	
307.317	1.4	
307.529	78.2	
307.741	130.22	
307.954	148.24	
308.166	124.28	
308.378	191.66	
308.591	176.09	
308.803	195.75	
309.015	208.65	
309.228	264.77	
309.44	179.78	
309.652	141.69	
309.864	87.41	
310.077	20.04	
310.289	-49.8	
310.501	3.45	
310.713	3.45	
310.926	54.44	
311.138	37.65	
311.35	110.35	
311.562	47.48	
311.774	108.92	
311.986	62.02	
312.199	166.26	
312.411	53.42	
312.623	101.34	
312.835	0.99	
313.047	-1.26	
313.259	-36.49	
313.471	34.17	
313.683	21.26	
313.895	64.27	
314.108	44.82	
314.32	32.73	
314.532	-28.09	
314.744	9.39	
314.956	80.66	
315.168	117.31	
315.38	67.75	
315.592	160.53	
315.804	152.33	
316.016	195.55	
316.228	220.12	
316.44	267.23	
316.651	255.55	
316.863	248.59	
317.075	122.43	
317.287	46.66	
317.499	47.07	
317.711	5.29	
317.923	28.84	
318.135	11.23	
318.347	70.42	
318.559	138	
318.77	199.44	
318.982	156.43	
319.194	165.24	
319.406	131.45	
319.618	47.48	
319.83	-36.69	
320.041	-27.89	
320.253	-2.29	
320.465	5.29	
320.677	-2.7	
320.888	17.99	
321.1	17.99	
321.312	83.52	
321.524	83.32	
321.735	81.68	
321.947	50.35	
322.159	11.23	
322.37	-89.33	
322.582	-71.1	
322.794	-2.29	
323.005	63.25	
323.217	93.35	
323.429	66.93	
323.64	101.14	
323.852	28.84	
324.063	-17.65	
324.275	9.18	
324.487	86.39	
324.698	30.48	
324.91	89.46	
325.121	69.8	
325.333	16.55	
325.544	-7.2	
325.756	43.18	
325.967	-15.19	
326.179	50.96	
326.39	94.79	
326.602	123.66	
326.813	35.6	
327.025	80.66	
327.236	15.33	
327.448	-22.15	
327.659	-93.63	
327.871	-30.75	
328.082	-39.15	
328.293	20.24	
328.505	73.28	
328.716	117.93	
328.928	98.27	
329.139	123.66	
329.35	92.53	
329.562	127.76	
329.773	149.88	
329.984	158.68	
330.196	113.63	
330.407	168.92	
330.618	98.27	
330.83	66.93	
331.041	60.38	
331.252	65.71	
331.463	23.52	
331.675	73.49	
331.886	143.53	
332.097	152.95	
332.308	148.44	
332.52	156.43	
332.731	134.11	
332.942	112.19	
333.153	141.89	
333.364	139.43	
333.575	127.55	
333.787	155	
333.998	60.79	
334.209	76.56	
334.42	45.23	
334.631	38.26	
334.842	14.51	
335.053	92.53	
335.264	41.95	
335.475	87.41	
335.686	100.73	
335.898	94.38	
336.109	21.47	
336.32	22.9	
336.531	-1.47	
336.742	-5.77	
336.953	-27.27	
337.164	-0.03	
337.375	-27.89	
337.586	-23.79	
337.797	-59.63	
338.007	-11.5	
338.218	-31.98	
338.429	16.76	
338.64	-4.33	
338.851	4.68	
339.062	-34.24	
339.273	51.57	
339.484	7.13	
339.695	-17.24	
339.906	7.34	
340.116	38.67	
340.327	7.54	
340.538	30.48	
340.749	62.02	
340.96	60.79	
341.171	24.54	
341.381	17.99	
341.592	20.24	
341.803	27.61	
342.014	36.42	
342.224	70.21	
342.435	58.54	
342.646	14.3	
342.857	6.93	
343.067	-29.52	
343.278	-23.79	
343.489	-14.57	
343.699	27.82	
343.91	40.11	
344.121	26.59	
344.331	-28.09	
344.542	-54.71	
344.753	2.01	
344.963	22.49	
345.174	88.85	
345.384	151.93	
345.595	204.15	
345.806	149.26	
346.016	106.46	
346.227	103.8	
346.437	129.4	
346.648	102.77	
346.858	124.07	
347.069	125.51	
347.279	134.93	
347.49	54.65	
347.7	75.74	
347.911	16.55	
348.121	35.19	
348.332	29.46	
348.542	-0.44	
348.753	-35.67	
348.963	26.18	
349.173	38.06	
349.384	62.63	
349.594	166.06	
349.805	225.86	
350.015	177.52	
350.225	194.93	
350.436	187.15	
350.646	193.29	
350.856	164.62	
351.067	187.36	
351.277	110.56	
351.487	78.4	
351.698	-7.82	
351.908	25.98	
352.118	61.4	
352.328	115.27	
352.539	211.11	
352.749	250.84	
352.959	237.33	
353.169	236.71	
353.38	283.61	
353.59	274.8	
353.8	315.35	
354.01	340.75	
354.22	349.35	
354.431	459.12	
354.641	422.26	
354.851	461.58	
355.061	478.99	
355.271	565.41	
355.481	485.54	
355.691	523.84	
355.901	508.48	
356.111	565.21	
356.321	554.15	
356.532	584.05	
356.742	594.7	
356.952	641.8	
357.162	664.74	
357.372	717.98	
357.582	763.86	
357.792	805.02	
358.002	868.92	
358.212	1010.64	
358.422	1139.25	
358.632	1259.67	
358.842	1392.99	
359.051	1565.84	
359.261	1637.11	
359.471	1713.91	
359.681	1852.56	
359.891	1975.64	
360.101	2027.86	
360.311	2119.2	
360.521	2239.62	
360.731	2381.34	
360.94	2555.63	
361.15	2760.42	
361.36	2945.56	
361.57	3148.92	
361.78	3324.43	
361.989	3498.92	
362.199	3697.16	
362.409	3927.97	
362.619	4093.86	
362.828	4424.19	
363.038	4695.96	
363.248	4986.36	
363.458	5243.38	
363.667	5552.62	
363.877	5744.72	
364.087	6015.05	
364.296	6295.83	
364.506	6655.86	
364.716	7007.5	
364.925	7294.83	
365.135	7566.39	
365.345	7794.33	
365.554	8003.84	
365.764	8242.63	
365.973	8402.78	
366.183	8572.97	
366.393	8612.49	
366.602	8597.95	
366.812	8374.52	
367.021	8289.94	
367.231	8100.3	
367.44	7980.7	
367.65	7837.95	
367.859	7774.46	
368.069	7582.57	
368.278	7443.72	
368.488	7301.79	
368.697	7055.22	
368.907	6836.9	
369.116	6802.7	
369.326	6583.16	
369.535	6324.5	
369.744	6141.41	
369.954	5955.46	
370.163	5667.31	
370.373	5527.02	
370.582	5418.28	
370.791	5331.24	
371.001	5221.06	
371.21	5099	
371.419	4978.58	
371.629	4879.25	
371.838	4766	
372.047	4775.83	
372.256	4678.96	
372.466	4616.09	
372.675	4463.92	
372.884	4363.37	
373.093	4145.05	
373.303	4067.23	
373.512	3889.06	
373.721	3767	
373.93	3554.83	
374.139	3481.92	
374.349	3252.75	
374.558	3157.52	
374.767	2981.19	
374.976	2892.93	
375.185	2730.52	
375.394	2610.51	
375.603	2465.31	
375.813	2401.21	
376.022	2283.66	
376.231	2121.66	
376.44	2034.42	
376.649	1976.67	
376.858	1924.03	
377.067	1863.62	
377.276	1850.72	
377.485	1835.15	
377.694	1764.5	
377.903	1671.52	
378.112	1575.67	
378.321	1543.11	
378.53	1459.55	
378.739	1419	
378.948	1385.21	
379.157	1371.08	
379.366	1330.12	
379.575	1289.16	
379.784	1194.55	
379.992	1170.58	
380.201	1183.9	
380.41	1099.11	
380.619	1018.42	
380.828	1012.28	
381.037	922.17	
381.246	782.9	
381.454	700.78	
381.663	770.82	
381.872	721.06	
382.081	778.6	
382.29	822.23	
382.498	859.91	
382.707	816.29	
382.916	827.75	
383.125	709.79	
383.333	682.55	
383.542	667.4	
383.751	629.1	
383.959	642.82	
384.168	651.42	
384.377	691.16	
384.585	654.91	
384.794	586.3	
385.003	519.54	
385.211	516.05	
385.42	404.44	
385.628	388.67	
385.837	419.59	
386.046	476.73	
386.254	512.78	
386.463	517.69	
386.671	572.99	
386.88	540.63	
387.088	473.46	
387.297	444.78	
387.505	462.6	
387.714	361.84	
387.922	340.75	
388.131	347.71	
388.339	337.47	
388.548	267.43	
388.756	288.52	
388.965	290.16	
389.173	200.67	
389.381	186.95	
389.59	238.55	
389.798	254.53	
390.007	275.21	
390.215	312.9	
390.423	366.35	
390.632	354.26	
390.84	393.59	
391.048	348.12	
391.257	347.3	
391.465	259.65	
391.673	256.78	
391.882	193.09	
392.09	179.16	
392.298	182.44	
392.506	164.01	
392.715	154.79	
392.923	187.15	
393.131	246.95	
393.339	233.43	
393.547	216.44	
393.756	220.94	
393.964	154.38	
394.172	111.99	
394.38	95.61	
394.588	166.06	
394.796	117.52	
395.005	122.64	
395.213	105.23	
395.421	131.24	
395.629	62.43	
395.837	82.7	
396.045	80.04	
396.253	94.58	
396.461	42.36	
396.669	82.29	
396.877	97.45	
397.085	137.38	
397.293	118.34	
397.501	141.48	
397.709	135.75	
397.917	161.55	
398.125	163.39	
398.333	185.31	
398.541	154.38	
398.749	148.85	
398.957	82.91	
399.165	7.54	
399.373	17.17	
399.581	46.25	
399.788	67.75	
399.996	32.73	
400.204	73.28	
400.412	25.98	
400.62	-20.92	
400.828	-43.45	
401.035	10	
401.243	31.91	
401.451	76.15	
401.659	92.74	
401.867	81.27	
402.074	90.49	
402.282	35.6	
402.49	-18.67	
402.697	93.56	
402.905	70.62	
403.113	74.31	
403.321	43.38	
403.528	53.21	
403.736	-12.32	
403.944	5.5	
404.151	-32.8	
404.359	-12.12	
404.566	-17.85	
404.774	-17.24	
404.982	-42.22	
405.189	-37.92	
405.397	-63.52	
405.604	-53.49	
405.812	-48.57	
406.02	-66.8	
406.227	-48.16	
406.435	-18.26	
406.642	15.74	
406.85	-6.38	
407.057	67.14	
407.265	86.8	
407.472	127.55	
407.679	84.34	
407.887	57.92	
408.094	8.16	
408.302	-59.43	
408.509	-64.34	
408.717	-36.28	
408.924	-10.27	
409.131	14.51	
409.339	64.89	
409.546	70.21	
409.753	54.85	
409.961	89.26	
410.168	77.99	
410.375	86.59	
410.583	63.25	
410.79	78.81	
410.997	50.55	
411.205	50.76	
411.412	45.64	
411.619	80.45	
411.826	75.54	
412.034	128.78	
412.241	162.98	
412.448	152.33	
412.655	79.22	
412.862	79.22	
413.07	5.7	
413.277	-38.74	
413.484	-53.9	
413.691	-0.03	
413.898	-25.02	
414.105	-56.35	
414.312	-79.7	
414.519	-93.01	
414.727	-120.05	
414.934	-95.06	
415.141	-33.01	
415.348	38.06	
415.555	15.53	
415.762	9.39	
415.969	-53.08	
416.176	-56.76	
416.383	-76.83	
416.59	-77.04	
416.797	-87.48	
417.004	-31.98	
417.211	-66.18	
417.418	-71.92	
417.625	-45.5	
417.831	-37.31	
418.038	-34.24	
418.245	5.7	
418.452	-32.8	
418.659	-49.19	
418.866	-68.85	
419.073	-88.1	
419.28	-166.53	
419.486	-79.9	
419.693	-95.88	
419.9	-58.61	
420.107	-39.97	
420.314	41.13	
420.52	0.99	
420.727	101.14	
420.934	98.88	
421.141	69.19	
421.347	33.96	
421.554	12.25	
421.761	-99.57	
421.967	-73.35	
422.174	-12.73	
422.381	-9.45	
422.588	-35.26	
422.794	-8.02	
423.001	52.39	
423.207	8.36	
423.414	4.68	
423.621	14.92	
423.827	74.1	
424.034	33.55	
424.24	53.42	
424.447	19.22	
424.654	-30.96	
424.86	-96.08	
425.067	-172.47	
425.273	-199.92	
425.48	-113.29	
425.686	-21.74	
425.893	33.14	
426.099	58.13	
426.306	76.56	
426.512	63.45	
426.718	87.62	
426.925	42.15	
427.131	18.19	
427.338	8.77	
427.544	-39.56	
427.75	-113.49	
427.957	-121.48	
428.163	-86.25	
428.37	-98.13	
428.576	-59.43	
428.782	-51.23	
428.988	27.2	
429.195	5.9	
429.401	12.87	
429.607	-3.93	
429.814	76.76	
430.02	25.77	
430.226	2.63	
430.432	5.09	
430.639	8.16	
430.845	-21.74	
431.051	-1.67	
431.257	33.35	
431.463	22.9	
431.67	-13.96	
431.876	-64.55	
432.082	-104.07	
432.288	-74.17	
432.494	-58.4	
432.7	-2.29	
432.906	-18.47	
433.112	-7	
433.318	14.71	
433.525	29.25	
433.731	5.29	
433.937	82.5	
434.143	75.54	
434.349	43.38	
434.555	46.05	
434.761	48.91	
434.967	-22.56	
435.173	-8.02	
435.379	-9.25	
435.585	25.36	
435.791	24.95	
435.996	113.63	
436.202	146.4	
436.408	120.59	
436.614	90.08	
436.82	100.93	
437.026	25.98	
437.232	13.07	
437.438	-1.26	
437.644	-78.06	
437.849	-81.54	
438.055	-93.22	
438.261	-117.59	
438.467	-126.19	
438.673	-79.09	
438.878	-127.01	
439.084	-104.07	
439.29	-54.92	
439.496	-26.04	
439.701	7.95	
439.907	-8.64	
440.113	-12.12	
440.318	-34.03	
440.524	-52.87	
440.73	-64.14	
440.935	-18.67	
441.141	-63.11	
441.347	4.27	
441.552	-11.91	
441.758	-9.05	
441.964	-60.04	
442.169	3.45	
442.375	-75.19	
442.58	-12.94	
442.786	23.31	
442.991	59.77	
443.197	-11.5	
443.402	21.88	
443.608	13.48	
443.813	49.53	
444.019	80.25	
444.224	120.8	
444.43	55.06	
444.635	81.48	
444.841	-19.9	
445.046	44.82	
445.252	33.55	
445.457	36.42	
445.662	-38.54	
445.868	-35.46	
446.073	-128.44	
446.278	-129.88	
446.484	-128.44	
446.689	-123.53	
446.894	-130.9	
447.1	-146.26	
447.305	-89.94	
447.51	-43.04	
447.716	-54.31	
447.921	-38.13	
448.126	23.52	
448.331	-50.41	
448.537	-51.64	
448.742	5.7	
448.947	-46.11	
449.152	-108.99	
449.357	-15.6	
449.563	-5.36	
449.768	-38.13	
449.973	-12.73	
450.178	40.11	
450.383	-80.93	
450.588	-119.43	
450.793	-112.26	
450.999	-25.63	
451.204	-67.21	
451.409	-14.78	
451.614	-26.45	
451.819	-11.71	
452.024	-65.36	
452.229	-39.76	
452.434	31.5	
452.639	14.71	
452.844	33.96	
453.049	-32.39	
453.254	-73.76	
453.459	-124.55	
453.664	-69.46	
453.869	-81.13	
454.074	-7.82	
454.279	35.4	
454.483	-14.98	
454.688	-56.15	
454.893	0.99	
455.098	-18.26	
455.303	-51.85	
455.508	-1.67	
455.713	25.77	
455.917	-69.26	
456.122	-34.03	
456.327	-60.65	
456.532	-19.69	
456.737	-74.17	
456.941	-39.15	
457.146	-75.4	
457.351	-42.43	
457.555	-69.87	
457.76	-6.38	
457.965	-17.03	
458.17	6.31	
458.374	68.16	
458.579	72.46	
458.784	11.43	
458.988	-4.95	
459.193	-19.49	
459.397	-47.75	
459.602	-87.07	
459.807	27.41	
460.011	32.73	
460.216	40.11	
460.42	-15.19	
460.625	-46.11	
460.829	-103.25	
461.034	-126.39	
461.239	-165.1	
461.443	-138.48	
461.648	-89.33	
461.852	-117.79	
462.056	-24.4	
462.261	-13.96	
462.465	80.66	
462.67	64.07	
462.874	81.68	
463.079	8.36	
463.283	24.54	
463.487	-51.85	
463.692	-11.71	
463.896	-47.14	
464.1	-50.62	
464.305	-62.09	
464.509	-67.62	
464.713	-70.28	
464.918	4.68	
465.122	46.66	
465.326	23.52	
465.531	-5.56	
465.735	-50.21	
465.939	-82.98	
466.143	-102.84	
466.348	-90.96	
466.552	-124.55	
466.756	-87.07	
466.96	-35.26	
467.164	-21.95	
467.368	-8.84	
467.573	64.89	
467.777	35.81	
467.981	-35.87	
468.185	-78.68	
468.389	-55.33	
468.593	-133.15	
468.797	-166.53	
469.001	-140.12	
469.205	-124.76	
469.409	-118.2	
469.613	-70.07	
469.817	-35.26	
470.021	-27.48	
470.225	-13.14	
470.429	-42.84	
470.633	-26.45	
470.837	-16.21	
471.041	-24.2	
471.245	-84	
471.449	-59.22	
471.653	-34.03	
471.857	9.39	
472.061	-33.83	
472.265	19.22	
472.469	28.84	
472.673	-31.16	
472.876	-72.33	
473.08	-46.32	
473.284	-4.33	
473.488	-50.21	
473.692	14.71	
473.895	63.04	
474.099	87.41	
474.303	68.98	
474.507	110.15	
474.71	94.79	
474.914	19.63	
475.118	11.02	
475.322	14.1	
475.525	-67.41	
475.729	-68.64	
475.933	-54.1	
476.136	47.27	
476.34	53.83	
476.543	134.93	
476.747	120.8	
476.951	150.9	
477.154	9.39	
477.358	52.8	
477.561	23.93	
477.765	29.46	
477.969	4.06	
478.172	27	
478.376	-33.42	
478.579	-20.1	
478.783	-33.62	
478.986	-17.85	
479.19	-7.82	
479.393	26.59	
479.596	34.99	
479.8	65.5	
480.003	45.84	
480.207	52.6	
480.41	9.18	
480.614	23.72	
480.817	-24.61	
481.02	56.69	
481.224	89.05	
481.427	114.65	
481.63	156.23	
481.834	198.21	
482.037	82.7	
482.24	41.74	
482.443	15.33	
482.647	-86.66	
482.85	-113.29	
483.053	-29.73	
483.256	-76.63	
483.46	-37.92	
483.663	-18.47	
483.866	26.38	
484.069	-13.96	
484.272	5.9	
484.476	-16.83	
484.679	33.35	
484.882	72.26	
485.085	40.72	
485.288	45.84	
485.491	63.04	
485.694	-17.03	
485.897	-63.11	
486.101	-28.91	
486.304	34.78	
486.507	-19.69	
486.71	4.88	
486.913	-35.67	
487.116	-67.82	
487.319	-123.53	
487.522	-90.14	
487.725	4.06	
487.928	21.67	
488.13	20.65	
488.333	46.86	
488.536	47.27	
488.739	-24.4	
488.942	0.79	
489.145	19.22	
489.348	12.66	
489.551	0.38	
489.754	8.98	
489.956	-19.69	
490.159	-28.09	
490.362	-62.29	
490.565	-103.66	
490.768	-129.06	
490.97	-61.06	
491.173	-34.64	
491.376	-26.86	
491.579	-8.43	
491.781	50.14	
491.984	-13.96	
492.187	-2.7	
492.39	-20.1	
492.592	-4.13	
492.795	-11.3	
492.998	-39.36	
493.2	-50.62	
493.403	-12.53	
493.605	67.34	
493.808	27	
494.011	13.48	
494.213	-19.49	
494.416	6.72	
494.618	-104.28	
494.821	-135.61	
495.023	-70.48	
495.226	-20.51	
495.428	-51.64	
495.631	16.35	
495.833	94.79	
496.036	58.13	
496.238	-1.06	
496.441	41.54	
496.643	-8.84	
496.846	-62.09	
497.048	-35.05	
497.25	40.11	
497.453	9.18	
497.655	124.28	
497.858	181.21	
498.06	199.64	
498.262	124.69	
498.465	146.4	
498.667	79.22	
498.869	60.79	
499.071	33.14	
499.274	101.14	
499.476	61.4	
499.678	10.82	
499.881	-30.14	
500.083	-27.48	
500.285	-87.69	
500.487	-45.91	
500.689	-25.02	
500.892	-36.28	
501.094	-79.7	
501.296	-9.86	
501.498	-70.89	
501.7	-100.18	
501.902	-52.87	
502.104	0.38	
502.306	-65.77	
502.509	-22.56	
502.711	-18.67	
502.913	-41.4	
503.115	-92.4	
503.317	-60.86	
503.519	-98.34	
503.721	-52.46	
503.923	44.82	
504.125	61.81	
504.327	92.12	
504.529	144.76	
504.731	128.58	
504.933	82.29	
505.134	81.27	
505.336	62.02	
505.538	61.4	
505.74	27.41	
505.942	-32.19	
506.144	-41.61	
506.346	-52.67	
506.548	-12.12	
506.749	36.83	
506.951	56.9	
507.153	52.39	
507.355	19.42	
507.557	-27.89	
507.758	-35.46	
507.96	-72.94	
508.162	-29.73	
508.363	20.04	
508.565	17.58	
508.767	-30.55	
508.969	3.24	
509.17	30.89	
509.372	7.34	
509.574	-45.7	
509.775	-3.72	
509.977	-25.84	
510.178	-17.85	
510.38	-15.8	
510.582	24.54	
510.783	-14.78	
510.985	-17.03	
511.186	-76.42	
511.388	-37.72	
511.589	-1.67	
511.791	-8.64	
511.992	4.68	
512.194	20.24	
512.395	-63.32	
512.597	-83.39	
512.798	-52.87	
513	-29.52	
513.201	2.83	
513.403	106.46	
513.604	92.33	
513.805	79.43	
514.007	50.76	
514.208	-31.78	
514.409	-107.14	
514.611	-108.78	
514.812	-56.56	
515.013	6.52	
515.215	51.57	
515.416	17.58	
515.617	-2.7	
515.819	-69.26	
516.02	-140.52	
516.221	-110.42	
516.422	-76.42	
516.623	-77.24	
516.825	-68.23	
517.026	-55.12	
517.227	-122.09	
517.428	-136.63	
517.629	-105.91	
517.83	-75.6	
518.032	-55.12	
518.233	0.17	
518.434	21.88	
518.635	51.98	
518.836	34.37	
519.037	12.46	
519.238	17.99	
519.439	25.36	
519.64	-34.64	
519.841	-9.25	
520.042	0.58	
520.243	-33.62	
520.444	-54.71	
520.645	-45.5	
520.846	-69.05	
521.047	-49.59	
521.248	-60.45	
521.449	-17.65	
521.65	-13.76	
521.851	67.14	
522.052	10	
522.252	62.22	
522.453	66.93	
522.654	52.39	
522.855	-22.15	
523.056	-28.3	
523.257	-57.17	
523.457	-73.76	
523.658	-46.32	
523.859	-63.73	
524.06	-58.2	
524.26	-95.06	
524.461	-94.86	
524.662	-99.36	
524.862	-118	
525.063	-51.03	
525.264	-10.89	
525.464	-42.84	
525.665	-15.19	
525.866	98.27	
526.066	23.93	
526.267	19.83	
526.468	13.07	
526.668	-16.42	
526.869	-87.48	
527.069	-51.23	
527.27	-19.9	
527.47	39.08	
527.671	15.53	
527.871	-8.84	
528.072	17.37	
528.272	-3.31	
528.473	2.22	
528.673	84.55	
528.874	105.03	
529.074	121.41	
529.275	138.41	
529.475	128.78	
529.675	34.99	
529.876	37.44	
530.076	-28.3	
530.277	-73.15	
530.477	-88.92	
530.677	-87.89	
530.878	-118.2	
531.078	-19.69	
531.278	-26.45	
531.478	-31.57	
531.679	-24	
531.879	-6.59	
532.079	-74.58	
532.28	-50.62	
532.48	-98.34	
532.68	-82.36	
532.88	-69.05	
533.08	-68.03	
533.28	-82.16	
533.481	-52.05	
533.681	-56.35	
533.881	-51.23	
534.081	-63.11	
534.281	-36.69	
534.481	-14.37	
534.681	37.03	
534.881	69.39	
535.081	65.91	
535.281	52.19	
535.481	101.75	
535.682	60.59	
535.882	1.19	
536.082	51.17	
536.281	40.31	
536.481	31.5	
536.681	60.38	
536.881	64.48	
537.081	6.11	
537.281	16.35	
537.481	-53.08	
537.681	-98.54	
537.881	-114.93	
538.081	-43.04	
538.281	-44.27	
538.48	-46.32	
538.68	-22.15	
538.88	79.63	
539.08	59.97	
539.28	39.9	
539.479	121.62	
539.679	114.24	
539.879	31.91	
540.079	14.3	
540.278	46.66	
540.478	-47.14	
540.678	-53.9	
540.877	-4.54	
541.077	-55.94	
541.277	-71.3	
541.476	31.71	
541.676	44	
541.876	51.98	
542.075	99.91	
542.275	58.74	
542.474	-6.38	
542.674	-0.03	
542.874	-54.71	
543.073	-80.72	
543.273	-28.09	
543.472	-10.89	
543.672	-26.04	
543.871	-41.4	
544.071	-27.89	
544.27	34.17	
544.47	13.28	
544.669	44	
544.868	63.45	
545.068	71.44	
545.267	-16.21	
545.467	50.76	
545.666	-15.19	
545.865	4.47	
546.065	-47.34	
546.264	-45.5	
546.463	-118.2	
546.663	-65.57	
546.862	-78.27	
547.061	-23.59	
547.261	-6.59	
547.46	50.76	
547.659	34.37	
547.858	118.13	
548.058	112.19	
548.257	138.61	
548.456	98.47	
548.655	103.39	
548.854	48.3	
549.053	101.55	
549.253	68.78	
549.452	62.02	
549.651	105.64	
549.85	161.35	
550.049	123.46	
550.248	119.57	
550.447	132.47	
550.646	126.12	
550.845	85.98	
551.044	61.2	
551.243	62.43	
551.442	83.32	
551.641	63.66	
551.84	90.9	
552.039	132.47	
552.238	157.86	
552.437	112.19	
552.636	92.74	
552.835	36.21	
553.034	52.19	
553.233	55.06	
553.432	70.21	
553.63	75.54	
553.829	85.98	
554.028	-4.33	
554.227	-15.39	
554.426	-5.36	
554.625	23.31	
554.823	-0.24	
555.022	77.79	
555.221	127.76	
555.42	138.2	
555.618	146.6	
555.817	152.74	
556.016	116.5	
556.214	96.22	
556.413	67.14	
556.612	45.43	
556.81	46.66	
557.009	55.47	
557.208	21.67	
557.406	53.21	
557.605	29.05	
557.803	5.29	
558.002	-9.25	
558.201	-55.12	
558.399	-74.78	
558.598	-127.83	
558.796	-94.24	
558.995	-85.02	
559.193	-28.09	
559.392	-59.43	
559.59	28.23	
559.789	38.26	
559.987	99.91	
560.185	139.02	
560.384	149.47	
560.582	141.89	
560.781	194.73	
560.979	163.8	
561.177	82.09	
561.376	101.75	
561.574	150.29	
561.772	7.34	
561.971	95.61	
562.169	132.06	
562.367	92.12	
562.566	22.9	
562.764	59.77	
562.962	-79.5	
563.16	-127.42	
563.358	-73.56	
563.557	-49.8	
563.755	-12.53	
563.953	8.57	
564.151	60.59	
564.349	80.04	
564.547	97.65	
564.746	69.8	
564.944	59.36	
565.142	51.98	
565.34	19.22	
565.538	-31.16	
565.736	16.96	
565.934	-15.39	
566.132	-26.04	
566.33	-16.21	
566.528	47.48	
566.726	-3.52	
566.924	72.46	
567.122	45.02	
567.32	16.14	
567.518	-29.52	
567.716	-36.28	
567.914	-74.38	
568.112	-56.35	
568.31	-8.23	
568.507	5.09	
568.705	-29.52	
568.903	-32.6	
569.101	10	
569.299	30.89	
569.497	24.95	
569.694	82.5	
569.892	73.49	
570.09	71.44	
570.288	-7.61	
570.486	-5.77	
570.683	27.2	
570.881	8.77	
571.079	-43.45	
571.276	-30.34	
571.474	-43.86	
571.672	-109.6	
571.869	-72.12	
572.067	-62.91	
572.265	-42.22	
572.462	6.52	
572.66	68.37	
572.857	101.55	
573.055	152.95	
573.253	155.2	
573.45	103.18	
573.648	121.21	
573.845	81.48	
574.043	62.43	
574.24	50.14	
574.438	12.66	
574.635	-29.73	
574.832	-70.28	
575.03	-63.52	
575.227	36.01	
575.425	50.14	
575.622	12.87	
575.82	14.51	
576.017	51.98	
576.214	-18.47	
576.412	37.03	
576.609	12.25	
576.806	27.61	
577.004	-25.22	
577.201	-20.31	
577.398	-4.33	
577.595	113.83	
577.793	152.74	
577.99	160.94	
578.187	108.3	
578.384	71.03	
578.582	4.88	
578.779	37.24	
578.976	27.82	
579.173	113.83	
579.37	127.55	
579.567	146.6	
579.764	105.03	
579.962	117.11	
580.159	85.16	
580.356	97.65	
580.553	113.01	
580.75	128.99	
580.947	129.81	
581.144	171.79	
581.341	140.87	
581.538	157.66	
581.735	119.36	
581.932	126.33	
582.129	24.13	
582.326	32.73	
582.523	-14.78	
582.72	-17.65	
582.916	-59.22	
583.113	-55.33	
583.31	-73.76	
583.507	-62.91	
583.704	7.75	
583.901	84.75	
584.098	102.57	
584.294	127.96	
584.491	103.18	
584.688	50.76	
584.885	-21.95	
585.082	85.16	
585.278	119.16	
585.475	148.65	
585.672	127.55	
585.868	145.78	
586.065	49.32	
586.262	-35.67	
586.458	-14.57	
586.655	48.91	
586.852	21.47	
587.048	17.17	
587.245	30.69	
587.442	78.61	
587.638	68.98	
587.835	138.61	
588.031	155.61	
588.228	176.91	
588.424	102.16	
588.621	87.82	
588.817	34.17	
589.014	73.49	
589.21	83.52	
589.407	60.38	
589.603	21.88	
589.8	84.14	
589.996	73.28	
590.192	50.76	
590.389	97.04	
590.585	122.64	
590.782	30.69	
590.978	88.03	
591.174	91.71	
591.371	96.02	
591.567	91.92	
591.763	118.54	
591.959	48.09	
592.156	61.81	
592.352	40.93	
592.548	69.39	
592.744	93.35	
592.941	54.85	
593.137	39.9	
593.333	2.63	
593.529	46.66	
593.725	59.15	
593.922	56.49	
594.118	126.94	
594.314	122.02	
594.51	77.17	
594.706	18.6	
594.902	75.95	
595.098	18.81	
595.294	47.07	
595.49	-10.68	
595.686	64.07	
595.882	-16.83	
596.078	55.88	
596.274	61.4	
596.47	131.45	
596.666	103.18	
596.862	133.49	
597.058	101.14	
597.254	113.22	
597.45	59.77	
597.646	104.82	
597.842	120.39	
598.037	151.93	
598.233	163.19	
598.429	219.3	
598.625	128.99	
598.821	98.06	
599.017	7.54	
599.212	38.67	
599.408	48.09	
599.604	57.1	
599.8	76.97	
599.995	66.52	
600.191	28.43	
600.387	-53.28	
600.582	-29.32	
600.778	13.48	
600.974	46.45	
601.169	22.9	
601.365	77.17	
601.561	28.43	
601.756	-44.88	
601.952	-43.86	
602.147	-72.53	
602.343	-86.46	
602.538	-10.48	
602.734	-1.47	
602.93	14.51	
603.125	58.13	
603.321	69.39	
603.516	49.53	
603.711	72.87	
603.907	54.44	
604.102	45.84	
604.298	82.91	
604.493	82.5	
604.689	121.41	
604.884	116.29	
605.079	122.43	
605.275	59.77	
605.47	34.78	
605.665	21.47	
605.861	74.31	
606.056	73.49	
606.251	33.96	
606.447	75.13	
606.642	40.93	
606.837	-28.91	
607.032	28.02	
607.227	35.81	
607.423	22.9	
607.618	43.79	
607.813	55.47	
608.008	-15.39	
608.203	99.5	
608.398	132.88	
608.594	100.93	
608.789	95.81	
608.984	159.3	
609.179	110.97	
609.374	57.72	
609.569	76.56	
609.764	41.74	
609.959	-1.67	
610.154	-19.29	
610.349	15.53	
610.544	6.31	
610.739	52.39	
610.934	63.25	
611.129	96.02	
611.324	118.34	
611.519	161.35	
611.714	194.11	
611.909	151.52	
612.103	181.62	
612.298	149.67	
612.493	155	
612.688	150.7	
612.883	225.45	
613.078	123.87	
613.272	188.79	
613.467	186.74	
613.662	210.7	
613.857	218.48	
614.051	298.76	
614.246	205.99	
614.441	162.37	
614.635	60.79	
614.83	4.88	
615.025	-71.71	
615.219	-71.51	
615.414	-96.49	
615.609	-40.99	
615.803	-47.96	
615.998	53.83	
616.192	72.46	
616.387	110.76	
616.582	172	
616.776	207.43	
616.971	135.34	
617.165	118.34	
617.36	62.02	
617.554	8.36	
617.749	49.12	
617.943	64.89	
618.138	81.27	
618.332	115.47	
618.526	88.23	
618.721	15.53	
618.915	31.09	
619.11	33.55	
619.304	4.27	
619.498	1.81	
619.693	47.48	
619.887	13.28	
620.081	-35.87	
620.275	22.08	
620.47	55.67	
620.664	47.89	
620.858	26.18	
621.052	68.78	
621.247	75.13	
621.441	69.39	
621.635	53.62	
621.829	100.93	
622.023	87.21	
622.218	103.18	
622.412	72.87	
622.606	27.2	
622.8	15.74	
622.994	22.29	
623.188	-44.48	
623.382	-38.13	
623.576	-26.66	
623.77	-59.02	
623.964	-36.08	
624.158	-11.91	
624.352	-59.02	
624.546	-25.43	
624.74	17.37	
624.934	-19.49	
625.128	-0.44	
625.322	53.83	
625.516	68.16	
625.71	23.72	
625.904	10.41	
626.098	33.76	
626.291	55.67	
626.485	28.84	
626.679	41.54	
626.873	150.9	
627.067	105.64	
627.26	125.3	
627.454	151.93	
627.648	184.69	
627.842	88.23	
628.035	102.36	
628.229	66.12	
628.423	4.68	
628.617	-26.04	
628.81	-31.16	
629.004	-46.73	
629.198	-38.33	
629.391	-23.79	
629.585	40.93	
629.778	44	
629.972	83.52	
630.166	88.64	
630.359	87.21	
630.553	37.44	
630.746	78.81	
630.94	92.12	
631.133	18.19	
631.327	30.69	
631.52	23.52	
631.714	-2.9	
631.907	-45.09	
632.1	57.51	
632.294	96.43	
632.487	107.07	
632.681	134.93	
632.874	138.82	
633.067	146.19	
633.261	100.11	
633.454	98.68	
633.647	97.04	
633.841	61.4	
634.034	60.59	
634.227	75.33	
634.421	58.33	
634.614	36.21	
634.807	49.73	
635	-39.36	
635.193	2.83	
635.387	-10.89	
635.58	-31.57	
635.773	4.06	
635.966	62.43	
636.159	32.73	
636.352	-6.59	
636.545	-5.36	
636.739	-54.51	
636.932	-61.47	
637.125	-93.01	
637.318	-73.56	
637.511	-18.06	
637.704	-34.64	
637.897	-28.09	
638.09	-37.1	
638.283	25.36	
638.476	7.75	
638.669	60.79	
638.862	80.04	
639.055	88.03	
639.247	75.13	
639.44	34.99	
639.633	59.15	
639.826	5.29	
640.019	29.87	
640.212	28.43	
640.405	64.07	
640.597	14.1	
640.79	55.88	
640.983	54.65	
641.176	19.42	
641.368	49.12	
641.561	103.59	
641.754	40.11	
641.947	97.65	
642.139	139.43	
642.332	69.19	
642.525	70.42	
642.717	127.35	
642.91	29.25	
643.103	16.76	
643.295	32.94	
643.488	7.95	
643.68	-44.88	
643.873	-12.12	
644.065	-29.12	
644.258	-19.69	
644.45	-58.81	
644.643	-22.56	
644.835	-22.36	
645.028	-55.33	
645.22	-70.07	
645.413	-78.88	
645.605	-100.18	
645.798	-119.23	
645.99	-25.84	
646.182	-21.74	
646.375	28.84	
646.567	44	
646.76	30.69	
646.952	-28.71	
647.144	-32.39	
647.337	-63.32	
647.529	-56.15	
647.721	23.93	
647.913	41.33	
648.106	30.07	
648.298	11.64	
648.49	7.13	
648.682	-99.16	
648.874	-98.75	
649.067	-81.95	
649.259	-59.22	
649.451	-73.56	
649.643	-21.13	
649.835	19.22	
650.027	54.44	
650.219	45.02	
650.411	72.26	
650.603	63.04	
650.796	48.09	
650.988	39.29	
651.18	91.1	
651.372	120.8	
651.564	111.99	
651.756	53.83	
651.948	40.72	
652.139	-10.89	
652.331	-54.71	
652.523	-21.74	
652.715	-2.7	
652.907	-8.84	
653.099	14.51	
653.291	18.81	
653.483	-12.94	
653.674	25.77	
653.866	41.54	
654.058	10.62	
654.25	12.05	
654.442	1.6	
654.633	-75.6	
654.825	-95.06	
655.017	-70.48	
655.209	-103.66	
655.4	-56.76	
655.592	-88.71	
655.784	-47.14	
655.975	-35.26	
656.167	-0.03	
656.359	-34.64	
656.55	32.53	
656.742	-19.29	
656.933	49.12	
657.125	28.84	
657.316	21.47	
657.508	-5.97	
657.7	48.3	
657.891	-54.71	
658.083	-14.17	
658.274	25.57	
658.466	61.4	
658.657	50.35	
658.848	20.04	
659.04	16.55	
659.231	-25.63	
659.423	-34.44	
659.614	-67	
659.805	51.57	
659.997	99.29	
660.188	139.64	
660.379	166.88	
660.571	156.43	
660.762	85.37	
660.953	12.25	
661.145	-1.67	
661.336	-62.7	
661.527	115.68	
661.718	161.76	
661.909	156.02	
662.101	170.56	
662.292	210.91	
662.483	21.06	
662.674	-27.89	
662.865	-18.88	
663.056	-66.39	
663.247	-110.21	
663.439	-59.02	
663.63	-34.03	
663.821	-61.27	
664.012	-13.55	
664.203	73.28	
664.394	79.63	
664.585	101.14	
664.776	81.07	
664.967	82.91	
665.158	41.13	
665.349	82.7	
665.54	24.95	
665.73	96.83	
665.921	36.21	
666.112	26.18	
666.303	-59.63	
666.494	49.94	
666.685	7.75	
666.876	77.99	
667.066	82.29	
667.257	118.13	
667.448	-9.05	
667.639	2.01	
667.83	-29.93	
668.02	-20.92	
668.211	-92.4	
668.402	-30.96	
668.592	-76.83	
668.783	-84.21	
668.974	-74.99	
669.164	-6.59	
669.355	-20.72	
669.546	35.81	
669.736	59.77	
669.927	31.3	
670.117	-27.48	
670.308	-15.19	
670.499	-58.4	
670.689	-79.9	
670.88	-118.2	
671.07	-57.99	
671.261	-62.91	
671.451	2.22	
671.641	-55.12	
671.832	10	
672.022	10.62	
672.213	-37.92	
672.403	-65.57	
672.594	23.72	
672.784	21.88	
672.974	4.68	
673.165	-29.73	
673.355	-30.75	
673.545	-2.49	
673.736	37.24	
673.926	-30.14	
674.116	72.26	
674.306	7.95	
674.497	-63.93	
674.687	-137.66	
674.877	-99.77	
675.067	-137.66	
675.257	-59.02	
675.448	-53.49	
675.638	-2.7	
675.828	-24.2	
676.018	5.09	
676.208	-37.51	
676.398	-0.85	
676.588	-28.5	
676.778	-8.23	
676.968	-16.42	
677.158	31.5	
677.348	-31.98	
677.538	-57.58	
677.728	-29.73	
677.918	-35.05	
678.108	-75.81	
678.298	-31.16	
678.488	-22.56	
678.678	11.84	
678.868	3.65	
679.058	2.83	
679.248	-15.8	
679.438	-9.25	
679.627	-25.43	
679.817	-54.31	
680.007	-33.62	
680.197	-8.64	
680.387	-28.91	
680.576	-12.12	
680.766	-23.18	
680.956	-40.99	
681.146	-4.33	
681.335	-0.24	
681.525	-58.81	
681.715	-1.88	
681.904	39.7	
682.094	7.75	
682.284	7.34	
682.473	37.44	
682.663	56.29	
682.852	37.85	
683.042	34.17	
683.231	55.67	
683.421	46.66	
683.61	7.54	
683.8	-18.67	
683.989	-23.38	
684.179	-1.26	
684.368	-39.76	
684.558	-54.71	
684.747	-47.75	
684.937	-84.82	
685.126	-83.18	
685.316	-60.24	
685.505	-95.26	
685.694	-40.79	
685.884	58.54	
686.073	6.93	
686.262	3.65	
686.452	76.36	
686.641	49.73	
686.83	-14.17	
687.019	-11.91	
687.209	-2.49	
687.398	-3.11	
687.587	-31.16	
687.776	-44.68	
687.965	-43.66	
688.155	-47.14	
688.344	-97.52	
688.533	-74.78	
688.722	-102.02	
688.911	-11.91	
689.1	45.84	
689.289	112.6	
689.478	102.98	
689.667	158.89	
689.856	22.7	
690.045	-25.63	
690.234	-84.21	
690.423	-35.46	
690.612	-86.05	
690.801	18.19	
690.99	-11.3	
691.179	26.79	
691.368	-29.32	
691.557	62.22	
691.746	14.51	
691.935	38.06	
692.124	-8.43	
692.312	15.94	
692.501	-64.14	
692.69	-22.15	
692.879	-33.83	
693.068	-8.84	
693.256	-34.85	
693.445	28.84	
693.634	-29.52	
693.823	-31.37	
694.011	-25.84	
694.2	1.81	
694.389	-50.62	
694.577	-29.52	
694.766	-31.16	
694.955	-31.16	
695.143	-60.24	
695.332	-27.68	
695.52	-52.46	
695.709	-8.23	
695.897	-20.92	
696.086	-37.31	
696.275	-99.77	
696.463	-68.44	
696.652	-111.85	
696.84	-73.76	
697.028	-65.77	
697.217	-37.92	
697.405	-4.13	
697.594	49.73	
697.782	28.84	
697.971	40.52	
698.159	51.98	
698.347	62.43	
698.536	45.84	
698.724	77.79	
698.912	63.25	
699.1	62.43	
699.289	66.52	
699.477	44.2	
699.665	-7.61	
699.854	-14.17	
700.042	-13.96	
700.23	-42.02	
700.418	-42.02	
700.606	-42.02	
700.794	-5.36	
700.983	17.99	
701.171	1.19	
701.359	-2.7	
701.547	35.81	
701.735	41.54	
701.923	-8.64	
702.111	-37.51	
702.299	-73.56	
702.487	-58.2	
702.675	-106.73	
702.863	-110.42	
703.051	-89.12	
703.239	-14.78	
703.427	-84	
703.615	-78.27	
703.803	-88.92	
703.991	-42.63	
704.179	-64.95	
704.367	19.01	
704.554	67.75	
704.742	108.1	
704.93	147.83	
705.118	180.19	
705.306	96.02	
705.493	68.98	
705.681	34.17	
705.869	31.3	
706.057	-21.13	
706.244	7.54	
706.432	22.49	
706.62	75.95	
706.807	-26.25	
706.995	38.88	
707.183	-23.18	
707.37	-2.49	
707.558	-12.73	
707.746	84.96	
707.933	64.48	
708.121	171.79	
708.308	125.51	
708.496	110.97	
708.683	20.65	
708.871	51.57	
709.058	-28.3	
709.246	-17.65	
709.433	-58.2	
709.621	-23.38	
709.808	-93.42	
709.995	-20.1	
710.183	1.6	
710.37	27.82	
710.558	9.39	
710.745	28.02	
710.932	-3.52	
711.12	5.5	
711.307	3.04	
711.494	22.29	
711.681	39.49	
711.869	0.38	
712.056	5.9	
712.243	45.02	
712.43	-19.49	
712.618	-5.36	
712.805	-24.81	
712.992	-55.53	
713.179	-110.42	
713.366	-61.88	
713.553	-54.1	
713.74	-26.25	
713.928	-78.68	
714.115	-18.47	
714.302	-52.67	
714.489	-68.03	
714.676	-83.18	
714.863	6.52	
715.05	-10.48	
715.237	-18.67	
715.424	-78.27	
715.611	-1.47	
715.798	-14.37	
715.984	-30.55	
716.171	29.66	
716.358	55.26	
716.545	31.5	
716.732	26.59	
716.919	-3.31	
717.106	-50	
717.293	-22.97	
717.479	-13.96	
717.666	-95.88	
717.853	-65.36	
718.04	-15.8	
718.226	-10.48	
718.413	-81.34	
718.6	-5.77	
718.786	-7.82	
718.973	3.65	
719.16	-64.95	
719.346	-18.67	
719.533	-41.2	
719.72	5.09	
719.906	-53.28	
720.093	13.69	
720.279	-30.96	
720.466	-5.36	
720.652	-2.7	
720.839	57.31	
721.025	67.34	
721.212	119.16	
721.398	102.57	
721.585	100.32	
721.771	67.14	
721.958	27.2	
722.144	41.33	
722.331	-25.43	
722.517	-88.92	
722.703	-70.69	
722.89	-104.69	
723.076	-119.64	
723.262	-30.75	
723.449	-31.78	
723.635	-94.65	
723.821	-67	
724.007	-114.11	
724.194	-164.69	
724.38	-138.68	
724.566	-103.66	
724.752	-66.8	
724.938	-2.29	
725.125	69.6	
725.311	100.73	
725.497	99.29	
725.683	73.28	
725.869	11.64	
726.055	-4.74	
726.241	-45.29	
726.427	-39.36	
726.613	-53.9	
726.799	54.65	
726.985	-24.61	
727.171	10.21	
727.357	44	
727.543	115.27	
727.729	41.54	
727.915	106.05	
728.101	92.94	
728.287	61.4	
728.473	-6.79	
728.659	-16.83	
728.845	-53.08	
729.03	-90.35	
729.216	-65.57	
729.402	-79.7	
729.588	-88.71	
729.774	-64.55	
729.959	-63.32	
730.145	-40.79	
730.331	5.5	
730.517	24.13	
730.702	41.33	
730.888	96.02	
731.074	-3.11	
731.259	4.88	
731.445	51.37	
731.63	22.49	
731.816	-28.09	
732.002	94.58	
732.187	108.92	
732.373	82.29	
732.558	114.65	
732.744	181.83	
732.929	134.72	
733.115	50.55	
733.3	-34.03	
733.486	-59.02	
733.671	-151.79	
733.857	-181.89	
734.042	-119.43	
734.227	-67.62	
734.413	2.42	
734.598	87	
734.784	74.92	
734.969	44.2	
735.154	69.19	
735.339	22.29	
735.525	35.4	
735.71	83.73	
735.895	44.41	
736.081	3.65	
736.266	5.9	
736.451	-48.98	
736.636	-14.57	
736.821	10.62	
737.007	14.51	
737.192	17.99	
737.377	-5.56	
737.562	-103.87	
737.747	-67.41	
737.932	-32.19	
738.117	-68.85	
738.302	0.79	
738.487	38.67	
738.672	2.01	
738.857	14.1	
739.042	40.72	
739.227	56.29	
739.412	32.94	
739.597	30.48	
739.782	56.08	
739.967	9.59	
740.152	-9.66	
740.337	29.66	
740.522	59.77	
740.706	38.47	
740.891	134.52	
741.076	142.09	
741.261	163.6	
741.446	169.13	
741.63	152.54	
741.815	113.42	
742	34.17	
742.185	-5.56	
742.369	-22.77	
742.554	-48.78	
742.739	-57.99	
742.923	-0.65	
743.108	19.01	
743.293	38.67	
743.477	41.13	
743.662	53.62	
743.846	16.55	
744.031	16.14	
744.216	4.06	
744.4	67.96	
744.585	31.91	
744.769	79.63	
744.954	62.63	
745.138	46.05	
745.322	19.22	
745.507	-2.29	
745.691	-42.22	
745.876	-52.26	
746.06	-6.18	
746.244	0.99	
746.429	63.86	
746.613	55.47	
746.798	82.5	
746.982	27.2	
747.166	30.48	
747.35	-36.9	
747.535	-23.79	
747.719	-33.83	
747.903	29.87	
748.087	-10.07	
748.272	23.52	
748.456	56.49	
748.64	44.2	
748.824	12.87	
749.008	33.14	
749.192	14.1	
749.376	-17.85	
749.56	-24	
749.745	-51.44	
749.929	-23.18	
750.113	2.42	
750.297	-28.09	
750.481	4.27	
750.665	39.08	
750.849	8.98	
751.033	25.16	
751.217	4.88	
751.4	8.77	
751.584	2.63	
751.768	16.14	
751.952	-15.39	
752.136	20.24	
752.32	-32.19	
752.504	-25.43	
752.688	-38.13	
752.871	-47.75	
753.055	-45.7	
753.239	-28.91	
753.423	-9.86	
753.606	-33.42	
753.79	31.71	
753.974	47.68	
754.157	64.89	
754.341	11.23	
754.525	6.93	
754.708	-30.34	
754.892	-43.45	
755.076	-19.08	
755.259	28.23	
755.443	5.9	
755.626	11.02	
755.81	40.52	
755.993	31.71	
756.177	-20.51	
756.36	38.47	
756.544	0.79	
756.727	-33.62	
756.911	-22.56	
757.094	12.25	
757.278	-5.36	
757.461	5.7	
757.644	8.98	
757.828	-39.15	
758.011	-8.64	
758.195	8.16	
758.378	6.11	
758.561	-0.65	
758.744	-5.97	
758.928	11.23	
759.111	-1.67	
759.294	28.43	
759.477	56.29	
759.661	91.1	
759.844	68.37	
760.027	64.89	
760.21	33.76	
760.393	41.33	
760.576	34.78	
760.76	-19.49	
760.943	-54.1	
761.126	32.53	
761.309	65.71	
761.492	46.05	
761.675	64.48	
761.858	99.5	
762.041	8.98	
762.224	-94.45	
762.407	-79.29	
762.59	-62.91	
762.773	-121.07	
762.956	-120.25	
763.139	-72.53	
763.321	-51.44	
763.504	-110.21	
763.687	-52.67	
763.87	-27.68	
764.053	-13.14	
764.236	15.74	
764.418	71.64	
764.601	40.31	
764.784	43.79	
764.967	72.67	
765.149	24.13	
765.332	23.11	
765.515	71.44	
765.697	36.83	
765.88	0.99	
766.063	1.19	
766.245	-4.95	
766.428	-60.65	
766.611	-45.7	
766.793	-46.93	
766.976	3.65	
767.158	-44.48	
767.341	31.91	
767.523	35.6	
767.706	75.13	
767.888	13.07	
768.071	146.81	
768.253	88.64	
768.436	125.1	
768.618	98.68	
768.8	184.69	
768.983	127.96	
769.165	140.87	
769.348	63.66	
769.53	37.44	
769.712	-46.93	
769.895	-75.81	
770.077	-66.39	
770.259	-38.33	
770.441	-40.17	
770.624	18.6	
770.806	49.94	
770.988	21.67	
771.17	23.31	
771.352	90.9	
771.535	95.81	
771.717	72.46	
771.899	88.44	
772.081	157.45	
772.263	82.09	
772.445	39.9	
772.627	-5.77	
772.809	12.87	
772.991	-22.77	
773.173	44.82	
773.355	36.83	
773.537	66.52	
773.719	24.95	
773.901	73.08	
774.083	0.38	
774.265	-39.56	
774.447	-51.64	
774.629	-22.56	
774.811	-48.78	
774.992	1.4	
775.174	3.86	
775.356	49.73	
775.538	11.43	
775.72	-47.75	
775.901	-62.29	
776.083	-44.48	
776.265	-78.27	
776.447	-7	
776.628	48.71	
776.81	41.54	
776.992	101.14	
777.173	117.52	
777.355	77.38	
777.537	85.57	
777.718	82.7	
777.9	69.19	
778.081	58.95	
778.263	100.93	
778.444	59.97	
778.626	54.44	
778.807	4.88	
778.989	-17.24	
779.17	-102.84	
779.352	-179.64	
779.533	-205.65	
779.715	-149.13	
779.896	-193.98	
780.078	-104.07	
780.259	-26.86	
780.44	-5.97	
780.622	-64.34	
780.803	76.15	
780.984	47.89	
781.166	18.19	
781.347	28.02	
781.528	47.68	
781.709	-30.34	
781.891	-20.31	
782.072	21.26	
782.253	34.17	
782.434	29.46	
782.615	31.91	
782.796	8.98	
782.978	44.61	
783.159	46.86	
783.34	113.63	
783.521	105.23	
783.702	132.47	
783.883	104.41	
784.064	138.82	
784.245	50.35	
784.426	111.58	
784.607	70.83	
784.788	80.04	
784.969	1.4	
785.15	47.68	
785.331	-67	
785.512	-19.08	
785.692	-34.44	
785.873	14.92	
786.054	-15.19	
786.235	25.36	
786.416	27	
786.597	29.66	
786.777	-2.49	
786.958	23.11	
787.139	57.72	
787.32	58.13	
787.5	76.56	
787.681	53.83	
787.862	62.22	
788.042	50.14	
788.223	29.87	
788.404	-43.66	
788.584	12.25	
788.765	25.57	
788.946	29.66	
789.126	21.06	
789.307	94.58	
789.487	122.02	
789.668	55.88	
789.848	28.23	
790.029	-16.01	
790.209	-76.42	
790.39	-150.15	
790.57	-139.5	
790.75	-53.08	
790.931	-18.88	
791.111	-13.96	
791.292	54.65	
791.472	81.07	
791.652	41.13	
791.833	51.37	
792.013	76.56	
792.193	6.11	
792.373	35.6	
792.554	28.84	
792.734	21.88	
792.914	-7.2	
793.094	47.68	
793.275	40.52	
793.455	-0.24	
793.635	36.21	
793.815	86.59	
793.995	55.47	
794.175	36.83	
794.355	103.8	
794.535	108.51	
794.715	82.91	
794.896	83.73	
795.076	62.22	
795.256	88.23	
795.436	21.88	
795.616	49.73	
795.795	56.29	
795.975	71.85	
796.155	72.87	
796.335	101.95	
796.515	116.09	
796.695	179.98	
796.875	226.68	
797.055	183.87	
797.234	195.34	
797.414	171.38	
797.594	110.35	
797.774	73.9	
797.954	16.55	
798.133	22.29	
798.313	-15.19	
798.493	10	
798.672	-19.29	
798.852	11.84	
799.032	-41.2	
799.211	-31.78	
799.391	-62.7	
799.571	-48.78	
799.75	-61.88	
799.93	16.14	
800.109	30.48	
800.289	49.32	
800.468	28.84	
800.648	34.78	
800.827	35.19	
801.007	36.62	
801.186	-21.74	
801.366	9.59	
801.545	32.12	
801.725	61.81	
801.904	0.58	
802.083	63.04	
802.263	55.26	
802.442	104.62	
802.621	42.77	
802.801	154.59	
802.98	166.06	
803.159	139.43	
803.338	67.34	
803.518	109.53	
803.697	31.3	
803.876	41.33	
804.055	50.96	
804.235	95.81	
804.414	14.1	
804.593	55.67	
804.772	15.74	
804.951	28.84	
805.13	-57.58	
805.309	-7.61	
805.488	-10.48	
805.667	13.89	
805.846	47.89	
806.025	112.81	
806.204	159.3	
806.383	124.07	
806.562	75.95	
806.741	39.29	
806.92	54.85	
807.099	-3.52	
807.278	-46.73	
807.457	-36.08	
807.636	-2.29	
807.814	-3.93	
807.993	-6.79	
808.172	41.13	
808.351	62.84	
808.53	39.9	
808.708	3.86	
808.887	2.01	
809.066	92.12	
809.244	90.08	
809.423	76.36	
809.602	77.17	
809.78	127.35	
809.959	44.61	
810.138	74.31	
810.316	84.55	
810.495	110.56	
810.673	19.63	
810.852	39.49	
811.03	34.58	
811.209	49.94	
811.388	37.44	
811.566	80.45	
811.744	88.85	
811.923	66.73	
812.101	58.33	
812.28	133.29	
812.458	172.2	
812.637	124.28	
812.815	142.91	
812.993	161.96	
813.172	138.82	
813.35	42.97	
813.528	89.46	
813.706	47.27	
813.885	30.28	
814.063	-46.32	
814.241	64.07	
814.419	83.11	
814.598	139.23	
814.776	114.04	
814.954	106.05	
815.132	57.72	
815.31	43.79	
815.488	-28.09	
815.666	-35.05	
815.844	-44.27	
816.022	-47.14	
816.201	-94.45	
816.379	-21.33	
816.557	12.05	
816.735	47.89	
816.913	14.71	
817.09	76.76	
817.268	18.4	
817.446	-4.54	
817.624	-26.86	
817.802	90.28	
817.98	26.38	
818.158	32.12	
818.336	-14.57	
818.514	36.21	
818.691	-4.13	
818.869	64.68	
819.047	113.63	
819.225	153.97	
819.402	92.74	
819.58	109.53	
819.758	110.35	
819.935	62.43	
820.113	69.39	
820.291	82.91	
820.468	8.77	
820.646	-0.44	
820.824	43.79	
821.001	127.96	
821.179	187.15	
821.356	214.39	
821.534	172.81	
821.711	116.7	
821.889	115.47	
822.066	86.59	
822.244	72.05	
822.421	127.55	
822.599	156.02	
822.776	54.24	
822.953	5.09	
823.131	-27.48	
823.308	-77.24	
823.486	-61.06	
823.663	-43.86	
823.84	-2.9	
824.017	-24.61	
824.195	-12.53	
824.372	-5.56	
824.549	5.9	
824.726	3.45	
824.904	17.37	
825.081	40.52	
825.258	-24.61	
825.435	-35.26	
825.612	-14.78	
825.789	-40.38	
825.967	-38.95	
826.144	37.65	
826.321	72.46	
826.498	58.95	
826.675	109.33	
826.852	35.81	
827.029	34.17	
827.206	32.73	
827.383	-32.39	
827.56	16.35	
827.737	48.3	
827.914	41.74	
828.09	14.71	
828.267	49.73	
828.444	17.58	
828.621	-1.88	
828.798	48.5	
828.975	17.78	
829.151	23.11	
829.328	23.52	
829.505	111.17	
829.682	9.39	
829.858	23.93	
830.035	80.45	
830.212	68.98	
830.389	6.52	
830.565	-11.71	
830.742	54.03	
830.918	27.82	
831.095	24.95	
831.272	53.83	
831.448	80.66	
831.625	88.03	
831.801	105.44	
831.978	110.76	
832.154	59.15	
832.331	96.63	
832.507	31.5	
832.684	39.08	
832.86	68.37	
833.037	197.39	
833.213	163.19	
833.389	191.45	
833.566	104.82	
833.742	51.78	
833.918	-59.02	
834.095	-111.03	
834.271	-160.8	
834.447	-91.78	
834.624	-68.23	
834.8	-57.17	
834.976	13.28	
835.152	30.69	
835.328	28.64	
835.505	63.45	
835.681	53.83	
835.857	-20.31	
836.033	37.24	
836.209	109.33	
836.385	84.14	
836.561	97.45	
836.737	165.85	
836.913	92.74	
837.089	36.83	
837.265	71.44	
837.441	121.21	
837.617	103.18	
837.793	123.05	
837.969	130.83	
838.145	91.71	
838.321	42.36	
838.497	61.61	
838.673	109.53	
838.849	41.95	
839.025	97.24	
839.2	104.82	
839.376	138.2	
839.552	94.99	
839.728	142.91	
839.903	67.75	
840.079	110.97	
840.255	61	
840.431	165.65	
840.606	102.36	
840.782	191.25	
840.958	93.97	
841.133	106.26	
841.309	28.23	
841.484	98.68	
841.66	11.23	
841.835	13.89	
842.011	-14.37	
842.186	16.55	
842.362	-42.84	
842.537	5.29	
842.713	5.29	
842.888	27.61	
843.064	-38.95	
843.239	-13.76	
843.415	-38.54	
843.59	37.85	
843.765	30.89	
843.941	76.76	
844.116	141.48	
844.291	120.8	
844.467	93.97	
844.642	125.51	
844.817	140.66	
844.992	73.9	
845.168	86.19	
845.343	113.01	
845.518	105.64	
845.693	110.15	
845.868	118.95	
846.043	91.31	
846.219	32.32	
846.394	66.32	
846.569	34.78	
846.744	9.59	
846.919	20.65	
847.094	132.47	
847.269	89.87	
847.444	74.1	
847.619	90.49	
847.794	194.52	
847.969	151.11	
848.144	170.77	
848.319	180.39	
848.494	210.5	
848.668	172.4	
848.843	188.99	
849.018	165.24	
849.193	150.08	
849.368	153.56	
849.542	172	
849.717	122.43	
849.892	125.71	
850.067	136.97	
850.241	152.13	
850.416	88.44	
850.591	109.74	
850.765	91.51	
850.94	156.43	
851.115	80.04	
851.289	114.65	
851.464	72.67	
851.639	82.7	
851.813	4.68	
851.988	89.05	
852.162	39.49	
852.337	39.29	
852.511	57.1	
852.686	138.2	
852.86	94.58	
853.035	121.21	
853.209	130.22	
853.383	150.7	
853.558	57.51	
853.732	80.25	
853.906	36.21	
854.081	74.31	
854.255	15.53	
854.429	50.76	
854.604	31.91	
854.778	103.18	
854.952	73.08	
855.126	126.94	
855.301	127.35	
855.475	96.02	
855.649	55.47	
855.823	30.48	
855.997	-6.38	
856.171	7.54	
856.345	3.24	
856.52	18.19	
856.694	53.21	
856.868	109.12	
857.042	94.17	
857.216	175.07	
857.39	166.47	
857.564	127.14	
857.738	52.19	
857.912	34.37	
858.085	-14.37	
858.259	-3.52	
858.433	35.19	
858.607	35.6	
858.781	48.71	
858.955	20.65	
859.129	-0.65	
859.302	0.17	
859.476	-18.67	
859.65	55.88	
859.824	44	
859.997	66.32	
860.171	85.16	
860.345	163.6	
860.519	119.36	
860.692	156.84	
860.866	163.19	
861.039	171.59	
861.213	158.89	
861.387	127.14	
861.56	110.56	
861.734	141.48	
861.907	107.69	
862.081	82.5	
862.254	123.87	
862.428	155.82	
862.601	102.57	
862.775	115.68	
862.948	208.86	
863.122	181.83	
863.295	135.95	
863.468	136.36	
863.642	83.32	
863.815	10.41	
863.988	3.65	
864.162	32.12	
864.335	-7	
864.508	38.67	
864.682	68.98	
864.855	56.69	
865.028	32.73	
865.201	99.5	
865.374	57.92	
865.548	86.19	
865.721	79.22	
865.894	173.02	
866.067	158.27	
866.24	212.55	
866.413	172.61	
866.586	185.51	
866.759	65.71	
866.932	44.41	
867.105	4.88	
867.278	-72.94	
867.451	-93.01	
867.624	-36.69	
867.797	8.77	
867.97	7.54	
868.143	42.15	
868.316	99.09	
868.489	35.6	
868.661	23.31	
868.834	33.76	
869.007	101.75	
869.18	66.12	
869.353	116.9	
869.525	137.18	
869.698	127.35	
869.871	73.9	
870.044	95.81	
870.216	116.09	
870.389	57.51	
870.562	90.69	
870.734	138.2	
870.907	90.69	
871.079	94.17	
871.252	90.49	
871.425	144.76	
871.597	73.28	
871.77	187.76	
871.942	152.95	
872.115	139.84	
872.287	91.1	
872.459	101.75	
872.632	45.23	
872.804	63.66	
872.977	37.65	
873.149	31.71	
873.321	18.19	
873.494	-7	
873.666	22.9	
873.838	49.73	
874.011	18.6	
874.183	72.67	
874.355	65.3	
874.528	36.83	
874.7	42.77	
874.872	128.99	
875.044	147.83	
875.216	168.1	
875.388	228.31	
875.561	258.21	
875.733	154.79	
875.905	100.32	
876.077	35.6	
876.249	56.9	
876.421	40.11	
876.593	38.47	
876.765	76.36	
876.937	141.48	
877.109	57.92	
877.281	63.04	
877.453	70.42	
877.625	36.62	
877.797	-4.33	
877.968	-37.92	
878.14	-53.08	
878.312	8.16	
878.484	-19.69	
878.656	23.72	
878.828	35.19	
878.999	115.06	
879.171	35.19	
879.343	41.33	
879.515	8.77	
879.686	-0.24	
879.858	-61.88	
880.03	-18.67	
880.201	-4.95	
880.373	-17.03	
880.545	20.86	
880.716	79.22	
880.888	136.16	
881.059	158.07	
881.231	185.31	
881.402	229.34	
881.574	174.25	
881.745	148.24	
881.917	164.42	
882.088	176.91	
882.26	106.46	
882.431	143.12	
882.602	53.83	
882.774	22.7	
882.945	-38.13	
883.116	-69.26	
883.288	-120.45	
883.459	-82.98	
883.63	-64.34	
883.802	-43.45	
883.973	9.39	
884.144	60.18	
884.315	96.63	
884.487	139.84	
884.658	199.44	
884.829	227.5	
885	193.91	
885.171	200.26	
885.342	110.76	
885.513	73.49	
885.684	44.82	
885.855	75.95	
886.026	39.49	
886.197	91.92	
886.368	51.98	
886.539	80.66	
886.71	43.59	
886.881	51.57	
887.052	74.31	
887.223	118.75	
887.394	80.25	
887.565	151.52	
887.736	127.96	
887.907	113.01	
888.077	84.75	
888.248	70.42	
888.419	12.66	
888.59	21.88	
888.761	58.95	
888.931	91.31	
889.102	136.36	
889.273	112.81	
889.443	99.29	
889.614	24.13	
889.785	21.06	
889.955	1.4	
890.126	-13.14	
890.296	53.42	
890.467	75.13	
890.637	151.52	
890.808	173.84	
890.978	234.87	
891.149	195.34	
891.319	292.01	
891.49	253.3	
891.66	245.52	
891.831	215.62	
892.001	250.43	
892.172	98.27	
892.342	73.28	
892.512	59.36	
892.683	105.85	
892.853	63.25	
893.023	147.21	
893.193	115.27	
893.364	121.41	
893.534	98.68	
893.704	156.02	
893.874	147.21	
894.044	167.9	
894.215	136.77	
894.385	156.02	
894.555	107.89	
894.725	151.93	
894.895	102.36	
895.065	147.62	
895.235	122.43	
895.405	210.5	
895.575	132.06	
895.745	199.34	
895.915	215.55	
