177.618	-795.89	
177.836	-782.58	
178.054	-783.81	
178.271	-603.18	
178.489	-352.51	
178.706	-214.06	
178.924	-77.87	
179.142	92.52	
179.359	82.28	
179.577	-70.71	
179.794	-60.88	
180.012	-80.95	
180.229	-128.05	
180.447	-112.08	
180.664	-42.24	
180.882	-34.66	
181.1	42.34	
181.317	35.99	
181.535	3.02	
181.752	-8.86	
181.969	24.52	
182.187	11.01	
182.404	51.35	
182.622	66.51	
182.839	97.64	
183.057	88.01	
183.274	71.22	
183.492	75.52	
183.709	107.47	
183.926	65.07	
184.144	39.27	
184.361	53.4	
184.579	66.71	
184.796	6.3	
185.013	55.24	
185.231	35.79	
185.448	65.89	
185.666	62.41	
185.883	58.52	
186.1	40.7	
186.317	89.45	
186.535	12.85	
186.752	-4.97	
186.969	59.34	
187.187	130.61	
187.404	50.12	
187.621	162.97	
187.839	191.43	
188.056	132.86	
188.273	51.56	
188.49	144.74	
188.708	81.46	
188.925	123.24	
189.142	143.1	
189.359	129.59	
189.576	77.77	
189.794	64.87	
190.011	29.64	
190.228	39.07	
190.445	39.27	
190.662	118.12	
190.879	99.89	
191.097	63.85	
191.314	81.66	
191.531	101.53	
191.748	-9.68	
191.965	23.71	
192.182	26.78	
192.399	7.32	
192.616	44.39	
192.834	106.03	
193.051	72.04	
193.268	97.43	
193.485	88.01	
193.702	46.03	
193.919	19.4	
194.136	43.16	
194.353	16.95	
194.57	43.78	
194.787	51.97	
195.004	155.39	
195.221	125.69	
195.438	164.61	
195.655	120.16	
195.872	200.65	
196.089	88.42	
196.306	137.37	
196.523	126.72	
196.74	192.66	
196.957	56.88	
197.173	90.67	
197.39	62.21	
197.607	86.58	
197.824	61.59	
198.041	124.06	
198.258	115.04	
198.475	176.07	
198.692	116.68	
198.909	49.51	
199.125	3.23	
199.342	58.52	
199.559	25.34	
199.776	66.51	
199.993	161.33	
200.21	181.6	
200.426	100.09	
200.643	100.71	
200.86	107.47	
201.077	106.44	
201.293	90.06	
201.51	90.06	
201.727	-7.63	
201.944	-81.77	
202.16	-86.27	
202.377	-94.87	
202.594	-102.65	
202.811	-35.28	
203.027	-7.42	
203.244	-63.95	
203.461	-16.64	
203.677	71.63	
203.894	98.66	
204.111	122.83	
204.327	152.11	
204.544	127.54	
204.761	99.28	
204.977	53.81	
205.194	5.48	
205.41	41.73	
205.627	41.93	
205.844	34.76	
206.06	33.13	
206.277	98.25	
206.493	69.17	
206.71	89.85	
206.926	70.4	
207.143	121.19	
207.36	33.95	
207.576	85.76	
207.793	79.41	
208.009	105.01	
208.226	72.24	
208.442	102.96	
208.659	64.46	
208.875	76.75	
209.092	17.56	
209.308	6.5	
209.524	14.49	
209.741	76.95	
209.957	124.26	
210.174	153.34	
210.39	157.23	
210.607	172.8	
210.823	44.39	
211.039	-37.32	
211.256	40.91	
211.472	-5.58	
211.688	26.37	
211.905	110.13	
212.121	111.15	
212.338	43.57	
212.554	97.23	
212.77	60.98	
212.987	57.09	
213.203	128.77	
213.419	164.81	
213.635	124.67	
213.852	109.11	
214.068	77.57	
214.284	1.59	
214.501	19.61	
214.717	43.37	
214.933	86.78	
215.149	30.26	
215.365	19.61	
215.582	-74.6	
215.798	-48.59	
216.014	-61.9	
216.23	-9.68	
216.447	19.81	
216.663	38.04	
216.879	-13.77	
217.095	11.01	
217.311	44.59	
217.527	62.21	
217.743	83.92	
217.96	84.53	
218.176	46.85	
218.392	16.95	
218.608	34.15	
218.824	10.8	
219.04	26.57	
219.256	75.11	
219.472	60.16	
219.688	13.87	
219.904	83.71	
220.12	169.32	
220.336	124.87	
220.552	141.67	
220.768	185.7	
220.984	187.34	
221.2	74.9	
221.416	123.03	
221.632	90.06	
221.848	64.66	
222.064	-10.5	
222.28	27.6	
222.496	-31.79	
222.712	30.05	
222.928	5.48	
223.144	69.58	
223.36	55.65	
223.576	84.12	
223.792	57.7	
224.008	127.54	
224.224	124.06	
224.439	170.95	
224.655	144.13	
224.871	175.66	
225.087	136.96	
225.303	64.87	
225.519	42.34	
225.734	95.18	
225.95	66.71	
226.166	94.56	
226.382	129.18	
226.598	112.59	
226.813	107.67	
227.029	82.89	
227.245	37.43	
227.461	62.41	
227.677	94.77	
227.892	90.88	
228.108	74.7	
228.324	134.09	
228.539	45.41	
228.755	65.89	
228.971	54.63	
229.186	120.16	
229.402	68.76	
229.618	149.66	
229.833	83.3	
230.049	105.21	
230.265	26.16	
230.48	97.23	
230.696	97.43	
230.912	130.81	
231.127	114.02	
231.343	157.85	
231.558	54.63	
231.774	98.87	
231.99	166.04	
232.205	152.73	
232.421	118.94	
232.636	148.63	
232.852	72.65	
233.067	9.16	
233.283	18.99	
233.498	79	
233.714	101.12	
233.929	159.9	
234.145	132.25	
234.36	159.9	
234.576	163.38	
234.791	219.08	
235.007	223.59	
235.222	293.42	
235.438	240.38	
235.653	300.8	
235.868	249.8	
236.084	258.4	
236.299	283.8	
236.515	303.46	
236.73	202.49	
236.945	213.14	
237.161	155.18	
237.376	92.72	
237.592	72.45	
237.807	96.41	
238.022	81.25	
238.238	112.79	
238.453	60.77	
238.668	89.45	
238.883	4.45	
239.099	0.56	
239.314	-59.65	
239.529	-1.28	
239.745	12.03	
239.96	107.47	
240.175	94.56	
240.39	219.29	
240.605	201.47	
240.821	157.85	
241.036	153.96	
241.251	235.06	
241.466	139.21	
241.681	149.25	
241.897	187.75	
242.112	216.21	
242.327	114.23	
242.542	131.84	
242.757	145.76	
242.972	119.35	
243.188	40.91	
243.403	86.17	
243.618	98.87	
243.833	72.86	
244.048	103.78	
244.263	141.26	
244.478	122.62	
244.693	81.05	
244.908	105.83	
245.123	83.71	
245.338	115.66	
245.553	123.44	
245.768	123.03	
245.983	110.95	
246.198	66.51	
246.413	50.12	
246.628	46.03	
246.843	43.16	
247.058	43.78	
247.273	78.8	
247.488	63.23	
247.703	116.89	
247.918	116.89	
248.133	127.13	
248.348	92.52	
248.563	149.25	
248.778	94.97	
248.993	120.98	
249.207	180.78	
249.422	203.31	
249.637	78.18	
249.852	57.7	
250.067	32.1	
250.282	-44.29	
250.496	-75.62	
250.711	38.86	
250.926	29.44	
251.141	85.35	
251.356	72.65	
251.57	147.61	
251.785	106.44	
252	94.56	
252.215	57.7	
252.43	105.42	
252.644	90.67	
252.859	105.62	
253.074	133.48	
253.288	124.26	
253.503	81.87	
253.718	122.83	
253.932	201.26	
254.147	229.73	
254.362	238.74	
254.576	245.3	
254.791	185.49	
255.006	106.85	
255.22	113.61	
255.435	126.1	
255.65	151.29	
255.864	182.42	
256.079	127.33	
256.293	136.96	
256.508	133.48	
256.723	221.95	
256.937	148.22	
257.152	170.14	
257.366	128.15	
257.581	110.74	
257.795	21.66	
258.01	144.13	
258.224	178.74	
258.439	203.31	
258.653	177.3	
258.868	200.44	
259.082	116.48	
259.297	78.59	
259.511	48.28	
259.726	43.57	
259.94	-8.45	
260.154	-50.84	
260.369	-29.54	
260.583	-6.4	
260.798	-20.94	
261.012	23.71	
261.226	77.36	
261.441	103.58	
261.655	103.58	
261.869	176.69	
262.084	151.91	
262.298	137.57	
262.512	61.59	
262.727	33.74	
262.941	49.92	
263.155	39.47	
263.37	20.43	
263.584	83.51	
263.798	100.91	
264.012	121.39	
264.227	113.2	
264.441	190.21	
264.655	131.84	
264.869	206.79	
265.084	108.08	
265.298	134.71	
265.512	65.89	
265.726	134.3	
265.94	54.02	
266.155	117.3	
266.369	108.08	
266.583	178.33	
266.797	158.46	
267.011	224.61	
267.225	259.84	
267.439	256.56	
267.654	189.18	
267.868	153.14	
268.082	41.32	
268.296	-78.28	
268.51	-125.59	
268.724	-79.1	
268.938	-106.14	
269.152	-35.69	
269.366	6.09	
269.58	56.47	
269.794	6.71	
270.008	112.79	
270.222	78.39	
270.436	85.76	
270.65	63.44	
270.864	95.38	
271.078	39.27	
271.292	65.48	
271.506	114.02	
271.72	144.54	
271.934	164.81	
272.148	150.88	
272.362	166.65	
272.575	201.47	
272.789	206.38	
273.003	172.39	
273.217	213.35	
273.431	162.35	
273.645	104.19	
273.859	149.86	
274.073	228.5	
274.286	229.73	
274.5	242.84	
274.714	200.65	
274.928	182.22	
275.142	124.06	
275.355	99.07	
275.569	144.94	
275.783	188.57	
275.997	140.44	
276.21	161.94	
276.424	215.4	
276.638	150.27	
276.852	171.98	
277.065	168.09	
277.279	156.41	
277.493	98.87	
277.706	195.94	
277.92	190.41	
278.134	155.8	
278.347	112.18	
278.561	84.33	
278.775	60.77	
278.988	33.54	
279.202	99.07	
279.415	168.29	
279.629	174.03	
279.843	161.33	
280.056	260.04	
280.27	266.39	
280.483	184.47	
280.697	202.08	
280.91	224.41	
281.124	226.66	
281.337	197.37	
281.551	280.73	
281.764	234.03	
281.978	203.31	
282.191	96.41	
282.405	114.84	
282.618	32.92	
282.832	88.83	
283.045	48.49	
283.259	94.77	
283.472	63.85	
283.686	87.81	
283.899	51.56	
284.112	73.06	
284.326	75.72	
284.539	120.78	
284.752	147.2	
284.966	170.75	
285.179	198.19	
285.393	193.89	
285.606	119.96	
285.819	145.76	
286.033	108.08	
286.246	166.04	
286.459	124.87	
286.672	188.77	
286.886	105.42	
287.099	197.58	
287.312	71.83	
287.525	77.98	
287.739	43.37	
287.952	119.55	
288.165	118.32	
288.378	165.63	
288.592	172.8	
288.805	164.2	
289.018	168.91	
289.231	115.66	
289.444	143.31	
289.657	102.76	
289.871	94.97	
290.084	19.2	
290.297	96.61	
290.51	66.1	
290.723	57.09	
290.936	136.34	
291.149	160.71	
291.362	159.08	
291.575	130.81	
291.789	173.62	
292.002	130.61	
292.215	169.73	
292.428	55.24	
292.641	99.28	
292.854	97.02	
293.067	61.39	
293.28	19.81	
293.493	40.09	
293.706	-23.81	
293.919	55.45	
294.132	29.64	
294.345	50.53	
294.558	48.9	
294.77	69.17	
294.983	-11.32	
295.196	79.61	
295.409	128.77	
295.622	207.2	
295.835	255.33	
296.048	309.4	
296.261	274.79	
296.474	246.11	
296.686	195.33	
296.899	218.06	
297.112	205.77	
297.325	208.43	
297.538	247.34	
297.751	278.47	
297.963	289.74	
298.176	267	
298.389	237.51	
298.602	212.53	
298.814	310.42	
299.027	248.78	
299.24	238.13	
299.453	302.23	
299.665	260.04	
299.878	113	
300.091	96	
300.303	103.58	
300.516	56.68	
300.729	59.34	
300.941	96.82	
301.154	68.76	
301.367	29.64	
301.579	68.56	
301.792	107.88	
302.005	68.35	
302.217	77.98	
302.43	117.71	
302.642	47.67	
302.855	-13.77	
303.067	-7.42	
303.28	46.44	
303.493	-17.87	
303.705	83.51	
303.918	136.55	
304.13	221.13	
304.343	186.93	
304.555	266.39	
304.768	215.4	
304.98	229.32	
305.193	130.4	
305.405	161.53	
305.617	94.16	
305.83	118.32	
306.042	76.54	
306.255	89.45	
306.467	58.52	
306.68	55.24	
306.892	17.56	
307.104	33.13	
307.317	20.02	
307.529	83.71	
307.741	131.22	
307.954	160.1	
308.166	144.54	
308.378	206.18	
308.591	179.76	
308.803	198.19	
309.015	213.55	
309.228	260.04	
309.44	182.83	
309.652	159.08	
309.864	112.59	
310.077	44.59	
310.289	-24.42	
310.501	17.97	
310.713	12.44	
310.926	57.09	
311.138	25.55	
311.35	89.04	
311.562	40.91	
311.774	99.48	
311.986	71.01	
312.199	180.99	
312.411	91.49	
312.623	137.78	
312.835	33.13	
313.047	20.84	
313.259	-16.03	
313.471	29.23	
313.683	18.38	
313.895	68.35	
314.108	58.52	
314.32	43.16	
314.532	-4.97	
314.744	15.31	
314.956	69.58	
315.168	89.65	
315.38	54.42	
315.592	134.3	
315.804	129.18	
316.016	186.52	
316.228	219.08	
316.44	260.86	
316.651	246.73	
316.863	240.18	
317.075	126.1	
317.287	47.05	
317.499	40.7	
317.711	23.09	
317.923	60.77	
318.135	40.91	
318.347	100.3	
318.559	177.92	
318.77	210.68	
318.982	167.47	
319.194	185.9	
319.406	168.7	
319.618	77.36	
319.83	28.01	
320.041	39.47	
320.253	35.58	
320.465	18.18	
320.677	14.9	
320.888	13.47	
321.1	-0.67	
321.312	75.52	
321.524	90.47	
321.735	89.04	
321.947	63.44	
322.159	35.38	
322.37	-38.96	
322.582	-28.11	
322.794	35.17	
323.005	98.46	
323.217	136.75	
323.429	104.19	
323.64	141.87	
323.852	81.46	
324.063	53.61	
324.275	97.43	
324.487	162.56	
324.698	94.56	
324.91	148.84	
325.121	114.23	
325.333	26.78	
325.544	0.36	
325.756	66.51	
325.967	5.27	
326.179	83.51	
326.39	119.55	
326.602	145.76	
326.813	59.95	
327.025	81.87	
327.236	-2.51	
327.448	-22.58	
327.659	-89.55	
327.871	-21.55	
328.082	-19.3	
328.293	56.06	
328.505	106.24	
328.716	141.67	
328.928	92.31	
329.139	129.18	
329.35	91.29	
329.562	102.76	
329.773	117.3	
329.984	142.9	
330.196	106.65	
330.407	148.63	
330.618	92.11	
330.83	59.75	
331.041	69.17	
331.252	63.64	
331.463	31.69	
331.675	83.92	
331.886	157.64	
332.097	171.57	
332.308	180.37	
332.52	205.77	
332.731	171.98	
332.942	153.75	
333.153	181.19	
333.364	163.79	
333.575	127.95	
333.787	166.45	
333.998	94.16	
334.209	99.07	
334.42	74.9	
334.631	69.78	
334.842	58.73	
335.053	130.2	
335.264	66.92	
335.475	101.73	
335.686	127.54	
335.898	120.16	
336.109	49.51	
336.32	57.09	
336.531	48.69	
336.742	46.23	
336.953	7.12	
337.164	31.69	
337.375	16.54	
337.586	8.35	
337.797	-46.34	
338.007	10.6	
338.218	-26.88	
338.429	11.83	
338.64	-3.33	
338.851	44.18	
339.062	1.79	
339.273	89.04	
339.484	41.11	
339.695	6.71	
339.906	18.18	
340.116	61.8	
340.327	29.23	
340.538	61.39	
340.749	92.93	
340.96	80.23	
341.171	38.25	
341.381	48.49	
341.592	48.08	
341.803	73.06	
342.014	74.09	
342.224	111.36	
342.435	98.66	
342.646	53.61	
342.857	46.44	
343.067	16.95	
343.278	27.6	
343.489	39.27	
343.699	77.16	
343.91	88.63	
344.121	91.49	
344.331	28.42	
344.542	0.77	
344.753	66.71	
344.963	74.49	
345.174	137.16	
345.384	216.42	
345.595	283.8	
345.806	228.3	
346.016	206.79	
346.227	180.17	
346.437	162.15	
346.648	105.42	
346.858	115.66	
347.069	94.77	
347.279	113.2	
347.49	69.78	
347.7	103.37	
347.911	51.15	
348.121	70.4	
348.332	59.34	
348.542	32.1	
348.753	5.07	
348.963	78.39	
349.173	106.44	
349.384	152.11	
349.594	241.4	
349.805	311.85	
350.015	252.05	
350.225	256.35	
350.436	255.13	
350.646	290.15	
350.856	242.43	
351.067	273.35	
351.277	229.12	
351.487	191.23	
351.698	127.54	
351.908	172.18	
352.118	219.29	
352.328	294.65	
352.539	411.18	
352.749	446.41	
352.959	460.13	
353.169	502.11	
353.38	558.84	
353.59	585.87	
353.8	664.11	
354.01	737.01	
354.22	776.95	
354.431	927.47	
354.641	919.69	
354.851	976.42	
355.061	1033.56	
355.271	1151.11	
355.481	1097.05	
355.691	1181.63	
355.901	1219.72	
356.111	1323.76	
356.321	1371.88	
356.532	1490.05	
356.742	1589.38	
356.952	1738.26	
357.162	1825.3	
357.372	1938.76	
357.582	2033.58	
357.792	2131.07	
358.002	2245.14	
358.212	2480.45	
358.422	2693.85	
358.632	2897.01	
358.842	3127.2	
359.051	3413.71	
359.261	3601.71	
359.471	3826.37	
359.681	4129.27	
359.891	4392.43	
360.101	4605.42	
360.311	4873.3	
360.521	5200.97	
360.731	5578.21	
360.94	6001.93	
361.15	6481.77	
361.36	6987.41	
361.57	7521.32	
361.78	8102.33	
361.989	8712.01	
362.199	9368.18	
362.409	10012.67	
362.619	10618.46	
362.828	11337.71	
363.038	11983.84	
363.248	12614.62	
363.458	13187.02	
363.667	13815.14	
363.877	14251.56	
364.087	14773.38	
364.296	15245.23	
364.506	15847.13	
364.716	16349.91	
364.925	16882.99	
365.135	17360.38	
365.345	17828.75	
365.554	18130.62	
365.764	18414.67	
365.973	18458.29	
366.183	18591.2	
366.393	18478.57	
366.602	18395.62	
366.812	18173.42	
367.021	18118.74	
367.231	17874.01	
367.44	17770.38	
367.65	17502.71	
367.859	17297.71	
368.069	16901.43	
368.278	16539.55	
368.488	16133.23	
368.697	15786.31	
368.907	15443.07	
369.116	15288.85	
369.326	14850.59	
369.535	14343.92	
369.744	13845.45	
369.954	13281.23	
370.163	12674.42	
370.373	12296.36	
370.582	11983.64	
370.791	11661.49	
371.001	11342.62	
371.21	10993.85	
371.419	10591.02	
371.629	10144.97	
371.838	9735.99	
372.047	9489.42	
372.256	9124.88	
372.466	8856.59	
372.675	8586.06	
372.884	8343.17	
373.093	7964.5	
373.303	7778.95	
373.512	7483.84	
373.721	7257.95	
373.93	6963.04	
374.139	6829.11	
374.349	6525.19	
374.558	6383.67	
374.767	6121.94	
374.976	5938.03	
375.185	5681.22	
375.394	5426.66	
375.603	5160.63	
375.813	4989.01	
376.022	4769.87	
376.231	4478.24	
376.44	4291.47	
376.649	4114.93	
376.858	3937.58	
377.067	3762.68	
377.276	3679.53	
377.485	3601.92	
377.694	3454.05	
377.903	3339.98	
378.112	3183.11	
378.321	3029.3	
378.53	2850.31	
378.739	2712.89	
378.948	2551.1	
379.157	2467.14	
379.366	2397.1	
379.575	2317.64	
379.784	2187.18	
379.992	2114.89	
380.201	2111.4	
380.41	2006.14	
380.619	1890.84	
380.828	1868.93	
381.037	1798.07	
381.246	1625.22	
381.454	1505.82	
381.663	1540.02	
381.872	1462.81	
382.081	1493.94	
382.29	1495.79	
382.498	1517.49	
382.707	1472.44	
382.916	1505.21	
383.125	1379.05	
383.333	1333.38	
383.542	1307.37	
383.751	1243.07	
383.959	1218.49	
384.168	1194.94	
384.377	1238.77	
384.585	1191.25	
384.794	1122.03	
385.003	1030.9	
385.211	1033.76	
385.42	914.37	
385.628	896.75	
385.837	895.53	
386.046	949.39	
386.254	964.75	
386.463	958.19	
386.671	963.72	
386.88	919.69	
387.088	835.93	
387.297	792.31	
387.505	798.66	
387.714	702.2	
387.922	683.36	
388.131	655.91	
388.339	629.29	
388.548	560.89	
388.756	583.62	
388.965	583.42	
389.173	527.51	
389.381	516.65	
389.59	548.8	
389.798	555.56	
390.007	571.54	
390.215	584.03	
390.423	615.57	
390.632	591.4	
390.84	617	
391.048	549.62	
391.257	539.59	
391.465	446.41	
391.673	451.32	
391.882	378.41	
392.09	366.13	
392.298	373.09	
392.506	347.9	
392.715	327.83	
392.923	390.09	
393.131	446.61	
393.339	427.36	
393.547	421.83	
393.756	402.58	
393.964	309.4	
394.172	256.35	
394.38	208.23	
394.588	257.38	
394.796	225.43	
395.005	221.13	
395.213	194.1	
395.421	239.36	
395.629	181.4	
395.837	171.98	
396.045	176.07	
396.253	196.14	
396.461	171.77	
396.669	202.9	
396.877	243.25	
397.085	265.57	
397.293	260.86	
397.501	262.91	
397.709	256.15	
397.917	260.66	
398.125	274.38	
398.333	288.71	
398.541	260.45	
398.749	237.1	
398.957	184.06	
399.165	111.36	
399.373	115.04	
399.581	129.59	
399.788	161.94	
399.996	158.67	
400.204	183.24	
400.412	142.69	
400.62	83.3	
400.828	71.42	
401.035	83.92	
401.243	118.53	
401.451	156.82	
401.659	192.87	
401.867	189.59	
402.074	193.89	
402.282	150.47	
402.49	87.19	
402.697	184.68	
402.905	143.72	
403.113	177.3	
403.321	120.78	
403.528	141.87	
403.736	75.52	
403.944	86.58	
404.151	25.55	
404.359	52.38	
404.566	49.1	
404.774	50.12	
404.982	28.01	
405.189	40.5	
405.397	18.38	
405.604	10.6	
405.812	15.72	
406.02	8.96	
406.227	28.83	
406.435	58.32	
406.642	108.49	
406.85	83.51	
407.057	151.5	
407.265	164.81	
407.472	202.49	
407.679	154.57	
407.887	135.93	
408.094	89.24	
408.302	24.73	
408.509	11.62	
408.717	33.74	
408.924	32.72	
409.131	47.87	
409.339	82.89	
409.546	91.08	
409.753	73.06	
409.961	135.93	
410.168	121.8	
410.375	158.05	
410.583	139.42	
410.79	173.62	
410.997	150.88	
411.205	158.87	
411.412	139.42	
411.619	159.08	
411.826	135.52	
412.034	167.47	
412.241	197.78	
412.448	177.51	
412.655	114.84	
412.862	128.77	
413.07	55.04	
413.277	12.24	
413.484	-16.43	
413.691	26.16	
413.898	-23.6	
414.105	-50.02	
414.312	-88.32	
414.519	-73.98	
414.727	-75.83	
414.934	-36.1	
415.141	3.64	
415.348	87.81	
415.555	59.95	
415.762	34.15	
415.969	-16.43	
416.176	7.32	
416.383	-7.63	
416.59	-4.35	
416.797	4.66	
417.004	39.47	
417.211	4.86	
417.418	-17.66	
417.625	1.38	
417.831	-9.47	
418.038	-0.26	
418.245	12.65	
418.452	-8.86	
418.659	-33.64	
418.866	-34.87	
419.073	-60.26	
419.28	-104.5	
419.486	-27.7	
419.693	-24.22	
419.9	-5.38	
420.107	24.11	
420.314	91.9	
420.52	62	
420.727	161.12	
420.934	168.29	
421.141	123.03	
421.347	92.72	
421.554	77.57	
421.761	-55.35	
421.967	-23.81	
422.174	41.52	
422.381	42.14	
422.588	-11.72	
422.794	17.36	
423.001	65.89	
423.207	24.93	
423.414	15.31	
423.621	21.04	
423.827	74.29	
424.034	35.99	
424.24	72.45	
424.447	61.39	
424.654	25.75	
424.86	-10.09	
425.067	-85.86	
425.273	-140.95	
425.48	-63.13	
425.686	26.57	
425.893	69.17	
426.099	78.39	
426.306	109.92	
426.512	86.78	
426.718	123.44	
426.925	77.16	
427.131	59.95	
427.338	56.47	
427.544	25.75	
427.75	-53.3	
427.957	-68.45	
428.163	-25.24	
428.37	-40.19	
428.576	-40.81	
428.782	-43.88	
428.988	13.87	
429.195	-6.6	
429.401	-18.48	
429.607	-26.67	
429.814	67.74	
430.02	42.14	
430.226	23.09	
430.432	64.05	
430.639	83.71	
430.845	37.43	
431.051	45.82	
431.257	84.73	
431.463	50.33	
431.67	9.78	
431.876	-32.61	
432.082	-59.44	
432.288	-36.1	
432.494	-38.55	
432.7	20.63	
432.906	26.98	
433.112	23.5	
433.318	46.85	
433.525	68.97	
433.731	20.22	
433.937	80.43	
434.143	92.31	
434.349	61.18	
434.555	67.74	
434.761	100.3	
434.967	22.68	
435.173	44.59	
435.379	35.17	
435.585	82.07	
435.791	90.67	
435.996	187.95	
436.202	197.58	
436.408	172.59	
436.614	140.03	
436.82	157.64	
437.026	72.24	
437.232	83.1	
437.438	89.85	
437.644	15.31	
437.849	-5.17	
438.055	0.15	
438.261	-37.53	
438.467	-74.6	
438.673	-36.91	
438.878	-104.5	
439.084	-89.55	
439.29	-39.37	
439.496	-0.67	
439.701	16.95	
439.907	31.28	
440.113	18.59	
440.318	-4.97	
440.524	-38.76	
440.73	-36.71	
440.935	-24.22	
441.141	-52.68	
441.347	9.57	
441.552	0.15	
441.758	10.6	
441.964	-30.57	
442.169	24.52	
442.375	-67.22	
442.58	4.45	
442.786	44.8	
442.991	77.77	
443.197	7.32	
443.402	61.8	
443.608	48.69	
443.813	78.39	
444.019	107.88	
444.224	154.57	
444.43	79.21	
444.635	99.07	
444.841	5.07	
445.046	75.93	
445.252	42.96	
445.457	64.26	
445.662	-18.07	
445.868	-32.61	
446.073	-117.4	
446.278	-113.92	
446.484	-127.23	
446.689	-111.87	
446.894	-110.23	
447.1	-112.69	
447.305	-43.88	
447.51	-3.33	
447.716	-10.91	
447.921	-1.48	
448.126	25.34	
448.331	-56.17	
448.537	-66.41	
448.742	-24.83	
448.947	-51.46	
449.152	-92.21	
449.357	-8.45	
449.563	7.12	
449.768	-11.11	
449.973	4.86	
450.178	54.22	
450.383	-41.22	
450.588	-65.18	
450.793	-58.42	
450.999	24.93	
451.204	-20.12	
451.409	2.61	
451.614	-3.12	
451.819	14.28	
452.024	-45.72	
452.229	-21.35	
452.434	44.18	
452.639	20.43	
452.844	34.76	
453.049	-27.08	
453.254	-56.58	
453.459	-92	
453.664	-35.28	
453.869	-36.71	
454.074	38.04	
454.279	68.56	
454.483	33.95	
454.688	-0.46	
454.893	51.15	
455.098	39.27	
455.303	6.3	
455.508	27.6	
455.713	42.14	
455.917	-54.32	
456.122	-16.84	
456.327	-29.13	
456.532	24.32	
456.737	-29.34	
456.941	1.79	
457.146	-35.28	
457.351	2	
457.555	-28.11	
457.76	49.51	
457.965	43.98	
458.17	60.98	
458.374	94.56	
458.579	106.03	
458.784	39.27	
458.988	16.54	
459.193	-12.95	
459.397	-34.46	
459.602	-56.78	
459.807	64.66	
460.011	70.81	
460.216	71.01	
460.42	11.83	
460.625	-46.74	
460.829	-108.39	
461.034	-131.94	
461.239	-156.11	
461.443	-107.77	
461.648	-33.02	
461.852	-69.27	
462.056	27.19	
462.261	54.22	
462.465	130.81	
462.67	100.3	
462.874	109.52	
463.079	31.49	
463.283	29.64	
463.487	-33.64	
463.692	-3.94	
463.896	-45.31	
464.1	-42.24	
464.305	-67.63	
464.509	-98.15	
464.713	-90.16	
464.918	2	
465.122	51.15	
465.326	39.68	
465.531	24.11	
465.735	-22.99	
465.939	-52.07	
466.143	-91.8	
466.348	-87.5	
466.552	-106.96	
466.756	-69.48	
466.96	-47.56	
467.164	-33.23	
467.368	-2.92	
467.573	64.87	
467.777	39.47	
467.981	-8.45	
468.185	-36.71	
468.389	-17.46	
468.593	-108.18	
468.797	-138.49	
469.001	-123.13	
469.205	-97.94	
469.409	-85.86	
469.613	-20.53	
469.817	10.39	
470.021	43.37	
470.225	37.63	
470.429	-7.01	
470.633	-2.51	
470.837	11.42	
471.041	-14.39	
471.245	-54.94	
471.449	-27.49	
471.653	-16.03	
471.857	18.38	
472.061	-34.87	
472.265	3.23	
472.469	16.95	
472.673	-20.53	
472.876	-63.33	
473.08	-36.91	
473.284	13.26	
473.488	-36.3	
473.692	27.19	
473.895	68.35	
474.099	106.65	
474.303	59.34	
474.507	108.49	
474.71	84.53	
474.914	27.19	
475.118	6.3	
475.322	22.27	
475.525	-67.02	
475.729	-50.23	
475.933	-32.61	
476.136	63.85	
476.34	81.87	
476.543	160.71	
476.747	137.57	
476.951	156.82	
477.154	45.41	
477.358	93.34	
477.561	69.99	
477.765	58.32	
477.969	27.6	
478.172	24.32	
478.376	-22.17	
478.579	-8.04	
478.783	-11.93	
478.986	16.54	
479.19	30.05	
479.393	43.57	
479.596	64.05	
479.8	87.4	
480.003	63.23	
480.207	68.76	
480.41	25.14	
480.614	20.02	
480.817	-28.31	
481.02	50.53	
481.224	100.71	
481.427	122.83	
481.63	155.39	
481.834	207.41	
482.037	99.28	
482.24	71.01	
482.443	49.1	
482.647	-13.77	
482.85	-33.02	
483.053	42.14	
483.256	-38.76	
483.46	19.2	
483.663	23.91	
483.866	63.64	
484.069	41.93	
484.272	84.33	
484.476	46.85	
484.679	100.09	
484.882	124.26	
485.085	80.64	
485.288	79.82	
485.491	96.61	
485.694	-0.67	
485.897	-40.6	
486.101	-13.77	
486.304	31.49	
486.507	-21.35	
486.71	16.54	
486.913	-10.7	
487.116	-24.22	
487.319	-50.23	
487.522	-24.63	
487.725	47.26	
487.928	50.12	
488.13	49.51	
488.333	70.81	
488.536	70.19	
488.739	14.28	
488.942	48.08	
489.145	55.86	
489.348	37.02	
489.551	36.4	
489.754	43.98	
489.956	8.76	
490.159	-0.26	
490.362	-37.32	
490.565	-79.51	
490.768	-110.85	
490.97	-35.89	
491.173	-4.15	
491.376	14.9	
491.579	20.02	
491.781	62.62	
491.984	-12.95	
492.187	-12.75	
492.39	-33.64	
492.592	-4.76	
492.795	9.37	
492.998	-6.6	
493.2	-27.49	
493.403	7.53	
493.605	65.07	
493.808	29.44	
494.011	21.66	
494.213	5.07	
494.416	24.32	
494.618	-70.71	
494.821	-89.96	
495.023	-18.07	
495.226	29.23	
495.428	17.56	
495.631	88.83	
495.833	143.72	
496.036	118.12	
496.238	69.58	
496.441	96.82	
496.643	51.97	
496.846	3.43	
497.048	-6.81	
497.25	47.05	
497.453	27.6	
497.655	115.04	
497.858	192.46	
498.06	220.52	
498.262	157.03	
498.465	163.38	
498.667	113.2	
498.869	83.1	
499.071	64.46	
499.274	127.74	
499.476	94.36	
499.678	54.02	
499.881	9.78	
500.083	17.97	
500.285	-33.64	
500.487	10.19	
500.689	18.38	
500.892	4.66	
501.094	-45.72	
501.296	25.75	
501.498	-15	
501.7	-48.38	
501.902	-8.86	
502.104	28.21	
502.306	-44.7	
502.509	-28.93	
502.711	-21.35	
502.913	-22.58	
503.115	-61.49	
503.317	-32.41	
503.519	-60.47	
503.721	11.21	
503.923	93.54	
504.125	120.37	
504.327	151.09	
504.529	199.01	
504.731	168.5	
504.933	112.79	
505.134	102.76	
505.336	89.65	
505.538	81.66	
505.74	58.11	
505.942	-3.74	
506.144	-12.13	
506.346	-35.28	
506.548	16.95	
506.749	37.63	
506.951	81.25	
507.153	86.17	
507.355	59.95	
507.557	0.77	
507.758	19.81	
507.96	-26.47	
508.162	8.35	
508.363	43.16	
508.565	30.87	
508.767	-28.52	
508.969	-3.74	
509.17	4.45	
509.372	0.77	
509.574	-42.44	
509.775	-9.88	
509.977	-30.77	
510.178	-11.32	
510.38	-16.84	
510.582	32.1	
510.783	-13.16	
510.985	6.5	
511.186	-61.7	
511.388	-14.59	
511.589	12.03	
511.791	10.6	
511.992	2	
512.194	37.84	
512.395	-51.05	
512.597	-43.47	
512.798	-18.89	
513	3.23	
513.201	18.38	
513.403	115.86	
513.604	71.83	
513.805	78.39	
514.007	63.03	
514.208	-8.04	
514.409	-69.27	
514.611	-68.86	
514.812	-25.65	
515.013	25.75	
515.215	73.68	
515.416	44.8	
515.617	29.85	
515.819	-44.7	
516.02	-114.74	
516.221	-92	
516.422	-64.77	
516.623	-55.14	
516.825	-35.07	
517.026	-4.76	
517.227	-62.92	
517.428	-114.53	
517.629	-91.8	
517.83	-60.67	
518.032	-58.21	
518.233	-8.65	
518.434	35.99	
518.635	72.24	
518.836	51.35	
519.037	27.39	
519.238	17.36	
519.439	38.86	
519.64	-14.39	
519.841	2	
520.042	3.64	
520.243	-6.81	
520.444	-45.72	
520.645	-48.38	
520.846	-71.32	
521.047	-41.62	
521.248	-59.03	
521.449	-6.81	
521.65	-8.04	
521.851	83.1	
522.052	31.49	
522.252	55.24	
522.453	62.41	
522.654	45.21	
522.855	-28.93	
523.056	-23.4	
523.257	-26.06	
523.457	-41.22	
523.658	-30.36	
523.859	-42.85	
524.06	-56.78	
524.26	-90.98	
524.461	-98.97	
524.662	-69.48	
524.862	-109	
525.063	-48.18	
525.264	-14.18	
525.464	-23.4	
525.665	-10.29	
525.866	110.33	
526.066	68.15	
526.267	69.99	
526.468	70.81	
526.668	41.52	
526.869	-14.59	
527.069	-5.79	
527.27	8.96	
527.47	56.06	
527.671	47.67	
527.871	15.92	
528.072	54.63	
528.272	46.03	
528.473	46.03	
528.673	117.5	
528.874	134.91	
529.074	127.33	
529.275	125.69	
529.475	116.48	
529.675	27.39	
529.876	50.12	
530.076	-8.24	
530.277	-29.54	
530.477	-59.24	
530.677	-67.02	
530.878	-111.26	
531.078	-6.6	
531.278	-21.76	
531.478	-22.58	
531.679	-7.83	
531.879	9.78	
532.079	-45.72	
532.28	-13.77	
532.48	-33.02	
532.68	-22.99	
532.88	-1.28	
533.08	-1.48	
533.28	-7.22	
533.481	-8.24	
533.681	-10.5	
533.881	-17.25	
534.081	-47.97	
534.281	-23.81	
534.481	20.02	
534.681	65.07	
534.881	94.56	
535.081	95.38	
535.281	57.5	
535.481	75.31	
535.682	33.54	
535.882	-27.08	
536.082	26.78	
536.281	33.95	
536.481	38.66	
536.681	62	
536.881	80.64	
537.081	20.43	
537.281	23.3	
537.481	-41.62	
537.681	-81.97	
537.881	-118.83	
538.081	-49.82	
538.281	-39.58	
538.48	-55.14	
538.68	-18.69	
538.88	68.15	
539.08	38.66	
539.28	13.06	
539.479	89.85	
539.679	90.88	
539.879	12.65	
540.079	14.08	
540.278	40.5	
540.478	-35.89	
540.678	-61.9	
540.877	11.62	
541.077	-45.72	
541.277	-41.42	
541.476	46.64	
541.676	79.61	
541.876	94.16	
542.075	156.82	
542.275	122.62	
542.474	66.1	
542.674	63.85	
542.874	-0.26	
543.073	-31.39	
543.273	2	
543.472	37.63	
543.672	15.31	
543.871	11.01	
544.071	25.96	
544.27	81.66	
544.47	40.29	
544.669	71.22	
544.868	76.54	
545.068	80.23	
545.267	6.5	
545.467	100.5	
545.666	50.12	
545.865	82.89	
546.065	39.27	
546.264	35.58	
546.463	-56.98	
546.663	-17.46	
546.862	-35.28	
547.061	0.36	
547.261	8.76	
547.46	72.24	
547.659	59.14	
547.858	119.14	
548.058	132.45	
548.257	166.86	
548.456	113.82	
548.655	133.27	
548.854	100.3	
549.053	151.91	
549.253	106.65	
549.452	104.6	
549.651	118.32	
549.85	165.02	
550.049	112.38	
550.248	114.02	
550.447	137.78	
550.646	146.58	
550.845	121.19	
551.044	104.19	
551.243	108.08	
551.442	117.09	
551.641	87.81	
551.84	102.14	
552.039	140.23	
552.238	159.08	
552.437	124.67	
552.636	103.58	
552.835	60.77	
553.034	75.52	
553.233	81.25	
553.432	94.56	
553.63	109.31	
553.829	99.68	
554.028	19.2	
554.227	11.21	
554.426	11.83	
554.625	21.04	
554.823	5.89	
555.022	73.47	
555.221	119.75	
555.42	122.01	
555.618	136.75	
555.817	146.17	
556.016	125.69	
556.214	111.97	
556.413	111.15	
556.612	96.41	
556.81	92.93	
557.009	91.08	
557.208	61.59	
557.406	80.84	
557.605	52.58	
557.803	28.83	
558.002	-1.28	
558.201	-56.98	
558.399	-69.89	
558.598	-124.77	
558.796	-91.19	
558.995	-78.08	
559.193	-25.45	
559.392	-65.38	
559.59	26.78	
559.789	39.07	
559.987	106.03	
560.185	152.93	
560.384	148.63	
560.582	158.87	
560.781	208.02	
560.979	179.76	
561.177	106.24	
561.376	128.77	
561.574	151.5	
561.772	-2.71	
561.971	81.05	
562.169	96	
562.367	58.93	
562.566	5.27	
562.764	54.42	
562.962	-65.79	
563.16	-83.2	
563.358	-26.27	
563.557	0.56	
563.755	32.72	
563.953	50.94	
564.151	74.9	
564.349	96.2	
564.547	93.34	
564.746	73.68	
564.944	47.05	
565.142	43.57	
565.34	7.32	
565.538	-30.16	
565.736	0.77	
565.934	-19.51	
566.132	-27.29	
566.33	1.18	
566.528	79.61	
566.726	34.56	
566.924	107.47	
567.122	79.41	
567.32	29.23	
567.518	-35.89	
567.716	-19.92	
567.914	-51.25	
568.112	-21.76	
568.31	40.29	
568.507	59.54	
568.705	10.8	
568.903	21.04	
569.101	61.59	
569.299	70.4	
569.497	76.54	
569.694	145.97	
569.892	147.81	
570.09	143.1	
570.288	73.47	
570.486	61.8	
570.683	91.08	
570.881	35.79	
571.079	-20.53	
571.276	-2.92	
571.474	-9.47	
571.672	-76.85	
571.869	-20.33	
572.067	0.97	
572.265	29.03	
572.462	79.41	
572.66	121.8	
572.857	129.38	
573.055	176.07	
573.253	153.96	
573.45	102.14	
573.648	117.5	
573.845	67.94	
574.043	41.32	
574.24	24.32	
574.438	-16.64	
574.635	-38.96	
574.832	-51.46	
575.03	-41.01	
575.227	64.46	
575.425	78.18	
575.622	34.97	
575.82	35.58	
576.017	52.99	
576.214	-24.42	
576.412	27.6	
576.609	22.27	
576.806	32.92	
577.004	-6.4	
577.201	7.53	
577.398	29.85	
577.595	143.92	
577.793	184.88	
577.99	195.33	
578.187	159.9	
578.384	107.26	
578.582	25.34	
578.779	36.4	
578.976	28.83	
579.173	105.83	
579.37	109.52	
579.567	145.97	
579.764	118.12	
579.962	135.11	
580.159	97.84	
580.356	120.78	
580.553	118.73	
580.75	142.49	
580.947	133.07	
581.144	180.78	
581.341	150.06	
581.538	180.17	
581.735	140.03	
581.932	165.83	
582.129	68.56	
582.326	80.84	
582.523	26.78	
582.72	30.26	
582.916	-13.98	
583.113	-21.55	
583.31	-46.13	
583.507	-48.38	
583.704	9.37	
583.901	79	
584.098	109.92	
584.294	138.19	
584.491	122.42	
584.688	93.95	
584.885	13.06	
585.082	124.26	
585.278	167.68	
585.475	187.54	
585.672	147.4	
585.868	171.77	
586.065	56.47	
586.262	-22.37	
586.458	5.68	
586.655	73.27	
586.852	50.74	
587.048	36.61	
587.245	31.9	
587.442	100.09	
587.638	83.1	
587.835	152.11	
588.031	177.71	
588.228	203.72	
588.424	113.61	
588.621	124.06	
588.817	61.59	
589.014	113.41	
589.21	112.79	
589.407	84.94	
589.603	37.63	
589.8	92.93	
589.996	76.95	
590.192	78.59	
590.389	135.52	
590.585	141.26	
590.782	74.29	
590.978	122.21	
591.174	100.09	
591.371	96.61	
591.567	110.95	
591.763	123.65	
591.959	48.08	
592.156	69.37	
592.352	42.14	
592.548	63.44	
592.744	72.45	
592.941	47.87	
593.137	26.78	
593.333	-0.26	
593.529	50.53	
593.725	66.51	
593.922	51.15	
594.118	121.39	
594.314	101.94	
594.51	57.29	
594.706	13.47	
594.902	92.11	
595.098	58.73	
595.294	102.35	
595.49	40.29	
595.686	105.42	
595.882	21.45	
596.078	76.34	
596.274	81.66	
596.47	146.58	
596.666	122.01	
596.862	137.78	
597.058	97.43	
597.254	123.24	
597.45	69.17	
597.646	101.32	
597.842	126.72	
598.037	178.53	
598.233	170.75	
598.429	232.8	
598.625	152.32	
598.821	111.56	
599.017	16.13	
599.212	47.67	
599.408	41.32	
599.604	55.65	
599.8	74.29	
599.995	75.93	
600.191	18.38	
600.387	-43.06	
600.582	-27.9	
600.778	20.84	
600.974	39.47	
601.169	19.81	
601.365	54.63	
601.561	14.28	
601.756	-50.02	
601.952	-40.81	
602.147	-51.86	
602.343	-57.8	
602.538	16.95	
602.734	25.34	
602.93	49.1	
603.125	78.18	
603.321	86.78	
603.516	65.07	
603.711	79.21	
603.907	53.4	
604.102	60.16	
604.298	90.26	
604.493	86.78	
604.689	124.06	
604.884	109.52	
605.079	115.86	
605.275	55.86	
605.47	38.86	
605.665	40.29	
605.861	77.16	
606.056	75.52	
606.251	38.86	
606.447	66.3	
606.642	21.86	
606.837	-16.84	
607.032	30.05	
607.227	48.9	
607.423	21.25	
607.618	45.41	
607.813	33.95	
608.008	-33.43	
608.203	68.56	
608.398	136.14	
608.594	97.84	
608.789	110.54	
608.984	175.25	
609.179	138.39	
609.374	79.82	
609.569	102.55	
609.764	72.45	
609.959	26.16	
610.154	-5.58	
610.349	34.76	
610.544	31.28	
610.739	71.22	
610.934	104.8	
611.129	139.62	
611.324	154.16	
611.519	189.39	
611.714	234.24	
611.909	175.25	
612.103	224	
612.298	193.48	
612.493	193.89	
612.688	196.35	
612.883	255.94	
613.078	150.88	
613.272	216.21	
613.467	207.61	
613.662	206.18	
613.857	229.73	
614.051	294.86	
614.246	197.58	
614.441	175.25	
614.635	73.47	
614.83	-0.26	
615.025	-69.27	
615.219	-65.79	
615.414	-98.15	
615.609	-46.13	
615.803	-46.74	
615.998	42.34	
616.192	56.88	
616.387	84.94	
616.582	146.99	
616.776	200.85	
616.971	155.59	
617.165	141.67	
617.36	92.31	
617.554	39.88	
617.749	70.4	
617.943	83.71	
618.138	99.48	
618.332	142.28	
618.526	110.74	
618.721	29.85	
618.915	59.34	
619.11	70.6	
619.304	25.96	
619.498	45.21	
619.693	115.66	
619.887	58.11	
620.081	4.45	
620.275	62	
620.47	79.21	
620.664	53.2	
620.858	31.69	
621.052	62	
621.247	79	
621.441	56.06	
621.635	36.4	
621.829	73.06	
622.023	78.18	
622.218	92.52	
622.412	94.56	
622.606	73.68	
622.8	69.37	
622.994	77.77	
623.188	13.26	
623.382	14.28	
623.576	16.74	
623.77	-17.87	
623.964	-6.4	
624.158	33.74	
624.352	-0.67	
624.546	21.25	
624.74	81.66	
624.934	53.81	
625.128	67.74	
625.322	94.97	
625.516	102.14	
625.71	58.32	
625.904	31.28	
626.098	60.57	
626.291	104.19	
626.485	104.8	
626.679	91.7	
626.873	191.43	
627.067	132.25	
627.26	132.04	
627.454	136.96	
627.648	164.81	
627.842	92.52	
628.035	91.7	
628.229	77.36	
628.423	31.69	
628.617	10.6	
628.81	4.45	
629.004	18.79	
629.198	23.91	
629.391	30.67	
629.585	110.95	
629.778	107.88	
629.972	125.9	
630.166	113	
630.359	101.12	
630.553	28.21	
630.746	73.68	
630.94	98.66	
631.133	46.03	
631.327	58.73	
631.52	46.03	
631.714	10.39	
631.907	-29.13	
632.1	62	
632.294	109.11	
632.487	141.46	
632.681	177.92	
632.874	179.35	
633.067	168.91	
633.261	128.77	
633.454	124.26	
633.647	122.62	
633.841	71.01	
634.034	84.33	
634.227	85.55	
634.421	59.75	
634.614	31.49	
634.807	56.47	
635	-32.41	
635.193	-2.1	
635.387	-2.51	
635.58	-9.47	
635.773	14.08	
635.966	70.81	
636.159	67.74	
636.352	12.85	
636.545	-0.67	
636.739	-51.25	
636.932	-69.48	
637.125	-113.1	
637.318	-94.87	
637.511	-34.87	
637.704	-34.05	
637.897	1.59	
638.09	9.57	
638.283	78.18	
638.476	64.05	
638.669	107.26	
638.862	115.66	
639.055	107.26	
639.247	114.84	
639.44	58.93	
639.633	88.83	
639.826	33.54	
640.019	58.93	
640.212	16.54	
640.405	53.2	
640.597	9.78	
640.79	54.42	
640.983	56.06	
641.176	52.17	
641.368	102.55	
641.561	145.76	
641.754	81.46	
641.947	128.56	
642.139	183.65	
642.332	110.95	
642.525	111.36	
642.717	162.35	
642.91	68.76	
643.103	30.67	
643.295	20.63	
643.488	-18.28	
643.68	-69.48	
643.873	-31.39	
644.065	-37.12	
644.258	1.79	
644.45	-29.75	
644.643	3.64	
644.835	9.98	
645.028	-29.13	
645.22	-73.37	
645.413	-58.01	
645.605	-83.61	
645.798	-104.09	
645.99	-17.25	
646.182	1.38	
646.375	12.65	
646.567	39.88	
646.76	21.45	
646.952	-13.16	
647.144	-11.72	
647.337	-5.79	
647.529	0.97	
647.721	85.55	
647.913	86.99	
648.106	72.86	
648.298	36.2	
648.49	21.45	
648.682	-84.63	
648.874	-77.26	
649.067	-63.95	
649.259	-44.49	
649.451	-72.55	
649.643	-16.64	
649.835	25.34	
650.027	60.98	
650.219	65.48	
650.411	98.66	
650.603	74.7	
650.796	76.54	
650.988	55.65	
651.18	101.12	
651.372	142.28	
651.564	146.99	
651.756	68.97	
651.948	93.75	
652.139	44.18	
652.331	-9.06	
652.523	21.25	
652.715	35.17	
652.907	12.24	
653.099	26.16	
653.291	37.43	
653.483	-0.87	
653.674	28.21	
653.866	39.68	
654.058	1.18	
654.25	-5.79	
654.442	-7.83	
654.633	-72.34	
654.825	-96.92	
655.017	-42.03	
655.209	-62.51	
655.4	-31.39	
655.592	-50.43	
655.784	12.03	
655.975	4.25	
656.167	27.8	
656.359	6.91	
656.55	57.29	
656.742	-24.63	
656.933	24.93	
657.125	33.33	
657.316	20.22	
657.508	-18.48	
657.7	35.17	
657.891	-50.23	
658.083	-31.39	
658.274	10.8	
658.466	54.22	
658.657	62.62	
658.848	34.15	
659.04	33.33	
659.231	-0.67	
659.423	3.84	
659.614	-33.02	
659.805	88.01	
659.997	135.52	
660.188	163.58	
660.379	177.71	
660.571	151.7	
660.762	85.96	
660.953	8.96	
661.145	1.59	
661.336	-40.6	
661.527	139.01	
661.718	183.24	
661.909	185.09	
662.101	204.13	
662.292	227.27	
662.483	47.67	
662.674	0.36	
662.865	-3.74	
663.056	-53.3	
663.247	-79.72	
663.439	-33.43	
663.63	-17.05	
663.821	-26.67	
664.012	15.31	
664.203	92.72	
664.394	104.6	
664.585	119.75	
664.776	97.64	
664.967	98.05	
665.158	43.16	
665.349	101.94	
665.54	66.1	
665.73	138.6	
665.921	67.12	
666.112	62	
666.303	-19.51	
666.494	96.61	
666.685	59.14	
666.876	128.56	
667.066	144.94	
667.257	165.02	
667.448	23.09	
667.639	23.5	
667.83	-17.87	
668.02	-24.42	
668.211	-88.93	
668.402	-19.1	
668.592	-77.05	
668.783	-64.77	
668.974	-44.9	
669.164	10.19	
669.355	-19.71	
669.546	60.36	
669.736	78.59	
669.927	49.51	
670.117	2.41	
670.308	33.74	
670.499	-32.61	
670.689	-39.58	
670.88	-70.91	
671.07	-27.49	
671.261	-58.21	
671.451	19.81	
671.641	-33.84	
671.832	23.71	
672.022	21.86	
672.213	-13.36	
672.403	-53.71	
672.594	40.91	
672.784	48.49	
672.974	43.78	
673.165	17.97	
673.355	29.23	
673.545	33.33	
673.736	63.03	
673.926	-4.76	
674.116	74.49	
674.306	20.02	
674.497	-34.66	
674.687	-111.67	
674.877	-89.96	
675.067	-135.83	
675.257	-85.66	
675.448	-95.08	
675.638	-35.89	
675.828	-52.07	
676.018	16.33	
676.208	-5.17	
676.398	17.77	
676.588	-19.71	
676.778	9.98	
676.968	-37.12	
677.158	-3.74	
677.348	-42.85	
677.538	-51.25	
677.728	-33.43	
677.918	-25.45	
678.108	-48.38	
678.298	4.45	
678.488	0.77	
678.678	42.96	
678.868	38.86	
679.058	42.14	
679.248	17.97	
679.438	19.4	
679.627	0.56	
679.817	-5.17	
680.007	-6.6	
680.197	0.97	
680.387	-17.05	
680.576	-25.45	
680.766	-47.36	
680.956	-66.2	
681.146	-29.34	
681.335	-25.24	
681.525	-74.39	
681.715	-43.47	
681.904	5.89	
682.094	-15.21	
682.284	-10.91	
682.473	23.09	
682.663	56.88	
682.852	40.5	
683.042	57.5	
683.231	58.73	
683.421	66.71	
683.61	37.43	
683.8	4.86	
683.989	-21.76	
684.179	15.72	
684.368	-40.81	
684.558	-72.14	
684.747	-57.19	
684.937	-99.99	
685.126	-88.11	
685.316	-62.1	
685.505	-83.4	
685.694	-27.08	
685.884	84.53	
686.073	21.66	
686.262	37.63	
686.452	113.61	
686.641	85.55	
686.83	21.86	
687.019	43.78	
687.209	55.86	
687.398	55.65	
687.587	28.42	
687.776	14.49	
687.965	-4.35	
688.155	-30.16	
688.344	-97.33	
688.533	-79.92	
688.722	-105.73	
688.911	-5.17	
689.1	69.17	
689.289	148.02	
689.478	157.44	
689.667	207.61	
689.856	64.87	
690.045	2	
690.234	-62.31	
690.423	-20.33	
690.612	-63.54	
690.801	31.49	
690.99	23.3	
691.179	57.91	
691.368	2.82	
691.557	73.88	
691.746	27.8	
691.935	37.63	
692.124	1.38	
692.312	15.31	
692.501	-62.72	
692.69	-33.84	
692.879	-43.88	
693.068	-15.62	
693.256	-36.71	
693.445	48.69	
693.634	4.25	
693.823	-0.05	
694.011	-13.98	
694.2	20.02	
694.389	-54.12	
694.577	-24.42	
694.766	-16.03	
694.955	-20.12	
695.143	-58.83	
695.332	-21.55	
695.52	-43.06	
695.709	-5.58	
695.897	-5.79	
696.086	-19.51	
696.275	-61.29	
696.463	-35.69	
696.652	-65.79	
696.84	-25.24	
697.028	-5.99	
697.217	4.45	
697.405	29.44	
697.594	62	
697.782	24.93	
697.971	19.61	
698.159	43.98	
698.347	54.63	
698.536	40.29	
698.724	79.41	
698.912	60.77	
699.1	52.99	
699.289	71.63	
699.477	66.1	
699.665	23.3	
699.854	29.85	
700.042	22.68	
700.23	-2.1	
700.418	-10.29	
700.606	-0.26	
700.794	27.8	
700.983	50.94	
701.171	39.68	
701.359	14.9	
701.547	59.75	
701.735	68.15	
701.923	17.97	
702.111	-25.24	
702.299	-41.01	
702.487	-54.94	
702.675	-99.17	
702.863	-96.51	
703.051	-75.62	
703.239	16.54	
703.427	-25.04	
703.615	-12.34	
703.803	-6.81	
703.991	26.98	
704.179	-16.64	
704.367	47.67	
704.554	90.67	
704.742	119.55	
704.93	169.93	
705.118	217.24	
705.306	144.54	
705.493	119.75	
705.681	70.81	
705.869	65.48	
706.057	3.64	
706.244	35.99	
706.432	30.05	
706.62	92.31	
706.807	-18.28	
706.995	39.68	
707.183	-23.6	
707.37	22.68	
707.558	30.67	
707.746	129.18	
707.933	106.03	
708.121	214.78	
708.308	163.38	
708.496	143.72	
708.683	72.24	
708.871	114.84	
709.058	29.64	
709.246	41.52	
709.433	-19.3	
709.621	5.27	
709.808	-61.49	
709.995	4.25	
710.183	-1.69	
710.37	32.31	
710.558	11.21	
710.745	11.21	
710.932	-27.49	
711.12	-12.34	
711.307	-4.35	
711.494	18.38	
711.681	45.62	
711.869	9.37	
712.056	31.69	
712.243	55.04	
712.43	-6.4	
712.618	-1.28	
712.805	-12.34	
712.992	-36.71	
713.179	-77.67	
713.366	-33.64	
713.553	-2.3	
713.74	23.3	
713.928	-33.43	
714.115	28.42	
714.302	4.45	
714.489	-7.22	
714.676	-25.24	
714.863	45.82	
715.05	15.92	
715.237	9.16	
715.424	-57.39	
715.611	25.34	
715.798	24.52	
715.984	25.34	
716.171	68.15	
716.358	89.24	
716.545	54.42	
716.732	50.94	
716.919	-6.6	
717.106	-29.34	
717.293	-23.19	
717.479	-3.94	
717.666	-82.17	
717.853	-50.84	
718.04	-13.57	
718.226	9.16	
718.413	-57.39	
718.6	22.48	
718.786	25.55	
718.973	47.26	
719.16	-19.92	
719.346	25.34	
719.533	-4.56	
719.72	47.67	
719.906	-25.04	
720.093	49.71	
720.279	-5.79	
720.466	4.86	
720.652	11.83	
720.839	72.86	
721.025	74.29	
721.212	126.51	
721.398	105.21	
721.585	96.2	
721.771	58.32	
721.958	2	
722.144	19.81	
722.331	-34.46	
722.517	-81.97	
722.703	-58.83	
722.89	-88.11	
723.076	-95.9	
723.262	-1.08	
723.449	-28.52	
723.635	-90.37	
723.821	-68.66	
724.007	-111.26	
724.194	-147.3	
724.38	-107.98	
724.566	-72.55	
724.752	-37.32	
724.938	22.68	
725.125	79	
725.311	114.84	
725.497	95.38	
725.683	73.27	
725.869	6.71	
726.055	-18.89	
726.241	-56.78	
726.427	-36.71	
726.613	-41.01	
726.799	63.03	
726.985	-2.1	
727.171	34.97	
727.357	78.39	
727.543	142.49	
727.729	58.93	
727.915	114.84	
728.101	89.04	
728.287	43.57	
728.473	-9.68	
728.659	2	
728.845	-47.15	
729.03	-82.17	
729.216	-64.56	
729.402	-103.47	
729.588	-119.45	
729.774	-91.19	
729.959	-84.02	
730.145	-35.89	
730.331	37.22	
730.517	64.26	
730.702	95.18	
730.888	126.1	
731.074	14.49	
731.259	8.76	
731.445	35.99	
731.63	18.79	
731.816	-4.76	
732.002	121.39	
732.187	142.28	
732.373	114.43	
732.558	118.73	
732.744	185.29	
732.929	131.02	
733.115	43.37	
733.3	-29.13	
733.486	-30.36	
733.671	-131.12	
733.857	-172.69	
734.042	-123.95	
734.227	-79.31	
734.413	-22.17	
734.598	65.69	
734.784	73.27	
734.969	60.77	
735.154	94.56	
735.339	52.79	
735.525	61.39	
735.71	109.11	
735.895	72.45	
736.081	45.21	
736.266	23.3	
736.451	-29.95	
736.636	4.25	
736.821	12.65	
737.007	-14.8	
737.192	6.91	
737.377	-11.72	
737.562	-110.44	
737.747	-68.25	
737.932	-13.57	
738.117	-51.86	
738.302	17.15	
738.487	46.23	
738.672	14.08	
738.857	26.57	
739.042	68.56	
739.227	85.35	
739.412	61.59	
739.597	63.85	
739.782	81.66	
739.967	12.65	
740.152	-10.5	
740.337	25.96	
740.522	58.52	
740.706	26.98	
740.891	124.47	
741.076	119.35	
741.261	132.45	
741.446	118.73	
741.63	105.83	
741.815	80.84	
742	10.19	
742.185	-23.6	
742.369	-19.71	
742.554	-46.74	
742.739	-55.14	
742.923	-10.5	
743.108	36.2	
743.293	56.06	
743.477	58.52	
743.662	67.74	
743.846	53.4	
744.031	19.81	
744.216	-5.79	
744.4	74.09	
744.585	48.49	
744.769	102.35	
744.954	112.59	
745.138	108.7	
745.322	83.1	
745.507	45.21	
745.691	-2.1	
745.876	-18.48	
746.06	25.96	
746.244	28.21	
746.429	82.07	
746.613	82.07	
746.798	102.96	
746.982	40.09	
747.166	35.79	
747.35	-7.42	
747.535	-8.45	
747.719	-2.71	
747.903	67.33	
748.087	20.84	
748.272	48.69	
748.456	74.49	
748.64	53.81	
748.824	24.11	
749.008	46.64	
749.192	21.25	
749.376	-7.42	
749.56	-17.87	
749.745	-51.25	
749.929	-22.58	
750.113	16.74	
750.297	-9.88	
750.481	43.98	
750.665	71.22	
750.849	44.59	
751.033	34.56	
751.217	16.54	
751.4	-16.43	
751.584	-49	
751.768	-25.45	
751.952	-43.47	
752.136	5.68	
752.32	-39.78	
752.504	4.45	
752.688	-1.48	
752.871	-9.06	
753.055	-24.01	
753.239	2.2	
753.423	5.68	
753.606	-39.58	
753.79	24.32	
753.974	47.87	
754.157	57.09	
754.341	21.86	
754.525	25.96	
754.708	-12.54	
754.892	-27.9	
755.076	13.67	
755.259	52.99	
755.443	43.98	
755.626	56.47	
755.81	79.21	
755.993	45.82	
756.177	-15.21	
756.36	31.9	
756.544	-1.48	
756.727	-22.37	
756.911	-0.87	
757.094	58.11	
757.278	34.35	
757.461	14.49	
757.644	8.76	
757.828	-51.25	
758.011	-44.7	
758.195	-20.12	
758.378	4.25	
758.561	-12.34	
758.744	-6.2	
758.928	15.51	
759.111	2.41	
759.294	33.33	
759.477	77.36	
759.661	107.88	
759.844	84.94	
760.027	66.1	
760.21	36.61	
760.393	40.09	
760.576	28.21	
760.76	-13.16	
760.943	-39.78	
761.126	38.45	
761.309	58.52	
761.492	61.59	
761.675	61.8	
761.858	102.96	
762.041	10.19	
762.224	-72.55	
762.407	-78.69	
762.59	-35.07	
762.773	-88.11	
762.956	-91.39	
763.139	-53.3	
763.321	-24.42	
763.504	-97.33	
763.687	-47.77	
763.87	-4.15	
764.053	2.41	
764.236	28.83	
764.418	75.11	
764.601	48.49	
764.784	53.2	
764.967	101.73	
765.149	58.93	
765.332	67.74	
765.515	114.02	
765.697	72.24	
765.88	21.04	
766.063	35.17	
766.245	20.02	
766.428	-31.79	
766.611	-18.89	
766.793	-11.32	
766.976	16.54	
767.158	-24.83	
767.341	31.49	
767.523	36.81	
767.706	54.42	
767.888	4.66	
768.071	143.72	
768.253	83.3	
768.436	103.37	
768.618	103.58	
768.8	192.25	
768.983	127.54	
769.165	164.2	
769.348	93.75	
769.53	54.42	
769.712	-38.14	
769.895	-80.74	
770.077	-73.16	
770.259	-46.74	
770.441	-57.39	
770.624	9.57	
770.806	73.47	
770.988	46.03	
771.17	54.42	
771.352	127.74	
771.535	133.68	
771.717	100.5	
771.899	99.89	
772.081	175.25	
772.263	122.62	
772.445	73.27	
772.627	6.71	
772.809	25.55	
772.991	-20.74	
773.173	36.61	
773.355	47.26	
773.537	97.23	
773.719	81.05	
773.901	119.14	
774.083	39.27	
774.265	-3.74	
774.447	-35.69	
774.629	-23.4	
774.811	-36.1	
774.992	9.37	
775.174	-2.3	
775.356	51.56	
775.538	20.63	
775.72	-29.34	
775.901	-41.22	
776.083	-18.89	
776.265	-54.32	
776.447	15.51	
776.628	60.57	
776.81	42.75	
776.992	104.19	
777.173	131.02	
777.355	94.36	
777.537	104.6	
777.718	114.84	
777.9	98.87	
778.081	99.07	
778.263	148.84	
778.444	111.77	
778.626	91.7	
778.807	32.1	
778.989	6.5	
779.17	-80.74	
779.352	-154.26	
779.533	-180.07	
779.715	-123.95	
779.896	-178.43	
780.078	-92.41	
780.259	10.39	
780.44	41.73	
780.622	-5.38	
780.803	130.61	
780.984	74.29	
781.166	10.39	
781.347	16.33	
781.528	28.62	
781.709	-49.82	
781.891	-5.38	
782.072	37.43	
782.253	70.6	
782.434	67.74	
782.615	76.34	
782.796	44.39	
782.978	90.26	
783.159	83.3	
783.34	139.42	
783.521	134.09	
783.702	158.26	
783.883	123.44	
784.064	153.96	
784.245	79.61	
784.426	138.8	
784.607	95.79	
784.788	112.18	
784.969	30.46	
785.15	71.83	
785.331	-46.54	
785.512	-8.24	
785.692	-46.13	
785.873	1.79	
786.054	-34.25	
786.235	8.14	
786.416	34.56	
786.597	47.46	
786.777	16.33	
786.958	29.44	
787.139	56.47	
787.32	36.4	
787.5	60.16	
787.681	41.11	
787.862	57.09	
788.042	50.74	
788.223	40.29	
788.404	-44.7	
788.584	5.68	
788.765	27.8	
788.946	10.39	
789.126	2.41	
789.307	92.52	
789.487	120.78	
789.668	74.49	
789.848	83.3	
790.029	35.17	
790.209	-25.86	
790.39	-92.41	
790.57	-117.6	
790.75	-51.25	
790.931	-21.76	
791.111	-28.72	
791.292	42.14	
791.472	91.7	
791.652	53.4	
791.833	57.91	
792.013	93.34	
792.193	20.43	
792.373	50.94	
792.554	39.68	
792.734	64.87	
792.914	27.8	
793.094	81.46	
793.275	92.52	
793.455	74.09	
793.635	87.4	
793.815	129.59	
793.995	77.36	
794.175	35.38	
794.355	98.87	
794.535	106.44	
794.715	108.9	
794.896	128.77	
795.076	94.56	
795.256	110.95	
795.436	45.62	
795.616	63.44	
795.795	97.64	
795.975	115.86	
796.155	98.46	
796.335	135.32	
796.515	131.22	
796.695	162.76	
796.875	225.63	
797.055	194.71	
797.234	186.52	
797.414	182.63	
797.594	129.59	
797.774	84.73	
797.954	42.75	
798.133	57.91	
798.313	20.22	
798.493	40.5	
798.672	6.71	
798.852	39.07	
799.032	-27.49	
799.211	-31.39	
799.391	-57.6	
799.571	-41.83	
799.75	-53.91	
799.93	48.49	
800.109	66.51	
800.289	59.54	
800.468	31.28	
800.648	20.84	
800.827	-11.52	
801.007	-26.27	
801.186	-59.03	
801.366	-16.23	
801.545	6.3	
801.725	58.52	
801.904	14.49	
802.083	66.71	
802.263	61.18	
802.442	112.18	
802.621	35.99	
802.801	152.93	
802.98	160.1	
803.159	124.87	
803.338	38.25	
803.518	91.29	
803.697	-3.33	
803.876	18.99	
804.055	50.12	
804.235	105.83	
804.414	37.84	
804.593	73.27	
804.772	28.01	
804.951	26.57	
805.13	-57.39	
805.309	-9.47	
805.488	2.41	
805.667	31.08	
805.846	62.82	
806.025	118.12	
806.204	153.55	
806.383	122.01	
806.562	87.4	
806.741	55.24	
806.92	85.96	
807.099	33.74	
807.278	-1.28	
807.457	-8.65	
807.636	36.2	
807.814	20.84	
807.993	11.21	
808.172	49.51	
808.351	83.71	
808.53	61.39	
808.708	37.02	
808.887	45	
809.066	121.19	
809.244	109.92	
809.423	75.11	
809.602	76.54	
809.78	100.91	
809.959	31.28	
810.138	56.06	
810.316	84.12	
810.495	101.53	
810.673	42.96	
810.852	55.04	
811.03	54.83	
811.209	53.81	
811.388	60.36	
811.566	92.72	
811.744	114.02	
811.923	92.11	
812.101	83.51	
812.28	141.05	
812.458	176.89	
812.637	120.57	
812.815	128.15	
812.993	156.41	
813.172	147.61	
813.35	50.74	
813.528	95.59	
813.706	80.43	
813.885	64.46	
814.063	-25.65	
814.241	78.39	
814.419	88.01	
814.598	141.26	
814.776	108.49	
814.954	115.86	
815.132	76.13	
815.31	72.24	
815.488	-23.4	
815.666	-28.11	
815.844	-50.84	
816.022	-74.6	
816.201	-109.82	
816.379	-13.57	
816.557	26.37	
816.735	74.49	
816.913	66.51	
817.09	109.72	
817.268	40.29	
817.446	13.06	
817.624	-16.84	
817.802	75.52	
817.98	29.44	
818.158	25.14	
818.336	-21.15	
818.514	18.59	
818.691	-9.06	
818.869	58.32	
819.047	109.11	
819.225	146.58	
819.402	106.85	
819.58	136.34	
819.758	115.25	
819.935	89.65	
820.113	113.61	
820.291	128.77	
820.468	48.49	
820.646	62.21	
820.824	88.42	
821.001	151.91	
821.179	192.46	
821.356	211.91	
821.534	161.53	
821.711	108.29	
821.889	107.06	
822.066	83.51	
822.244	74.7	
822.421	134.71	
822.599	170.14	
822.776	80.84	
822.953	14.28	
823.131	-16.43	
823.308	-68.25	
823.486	-63.54	
823.663	-61.08	
823.84	-3.33	
824.017	-41.83	
824.195	-34.05	
824.372	-15.82	
824.549	-2.71	
824.726	3.23	
824.904	42.96	
825.081	42.75	
825.258	-21.35	
825.435	-21.15	
825.612	-4.97	
825.789	-39.78	
825.967	-15.82	
826.144	51.56	
826.321	86.58	
826.498	70.6	
826.675	129.18	
826.852	56.27	
827.029	44.18	
827.206	42.75	
827.383	0.15	
827.56	47.46	
827.737	83.51	
827.914	83.3	
828.09	60.98	
828.267	91.29	
828.444	61.8	
828.621	44.18	
828.798	88.01	
828.975	32.72	
829.151	20.22	
829.328	20.22	
829.505	91.49	
829.682	2	
829.858	31.28	
830.035	85.14	
830.212	55.04	
830.389	13.67	
830.565	4.45	
830.742	71.63	
830.918	47.26	
831.095	44.59	
831.272	58.52	
831.448	65.48	
831.625	74.09	
831.801	84.12	
831.978	92.31	
832.154	56.88	
832.331	117.09	
832.507	33.13	
832.684	59.34	
832.86	94.77	
833.037	213.35	
833.213	157.64	
833.389	205.56	
833.566	106.44	
833.742	46.23	
833.918	-58.01	
834.095	-81.15	
834.271	-140.95	
834.447	-63.74	
834.624	-36.3	
834.8	-32.61	
834.976	18.38	
835.152	58.32	
835.328	49.71	
835.505	80.43	
835.681	92.93	
835.857	19.2	
836.033	51.76	
836.209	128.77	
836.385	108.08	
836.561	130.2	
836.737	212.53	
836.913	140.64	
837.089	83.3	
837.265	117.91	
837.441	141.05	
837.617	110.54	
837.793	146.17	
837.969	143.51	
838.145	105.62	
838.321	73.47	
838.497	88.42	
838.673	117.71	
838.849	50.33	
839.025	107.47	
839.2	112.38	
839.376	140.64	
839.552	105.83	
839.728	167.06	
839.903	94.77	
840.079	113.41	
840.255	66.92	
840.431	148.43	
840.606	79.21	
840.782	161.53	
840.958	72.65	
841.133	76.54	
841.309	25.14	
841.484	92.72	
841.66	7.32	
841.835	17.56	
842.011	-11.32	
842.186	26.16	
842.362	-12.13	
842.537	31.69	
842.713	44.8	
842.888	81.87	
843.064	3.23	
843.239	12.85	
843.415	4.04	
843.59	62.21	
843.765	71.83	
843.941	116.89	
844.116	174.03	
844.291	145.97	
844.467	109.72	
844.642	119.55	
844.817	131.02	
844.992	59.34	
845.168	63.64	
845.343	92.72	
845.518	80.43	
845.693	100.3	
845.868	110.33	
846.043	94.77	
846.219	47.26	
846.394	99.07	
846.569	58.11	
846.744	48.69	
846.919	54.42	
847.094	177.92	
847.269	124.67	
847.444	106.44	
847.619	133.89	
847.794	227.68	
847.969	159.49	
848.144	170.14	
848.319	188.16	
848.494	178.74	
848.668	145.35	
848.843	146.58	
849.018	142.9	
849.193	134.09	
849.368	147.4	
849.542	176.69	
849.717	167.06	
849.892	165.22	
850.067	169.32	
850.241	207.2	
850.416	145.35	
850.591	156.41	
850.765	124.06	
850.94	168.09	
851.115	98.87	
851.289	120.98	
851.464	58.73	
851.639	79.61	
851.813	25.14	
851.988	83.92	
852.162	35.99	
852.337	56.47	
852.511	62.82	
852.686	136.75	
852.86	111.56	
853.035	127.54	
853.209	124.47	
853.383	174.03	
853.558	63.64	
853.732	80.23	
853.906	40.5	
854.081	64.87	
854.255	-0.05	
854.429	69.17	
854.604	50.12	
854.778	134.91	
854.952	138.19	
855.126	181.81	
855.301	163.58	
855.475	133.07	
855.649	97.23	
855.823	68.97	
855.997	24.73	
856.171	41.32	
856.345	25.55	
856.52	29.44	
856.694	69.37	
856.868	136.14	
857.042	116.07	
857.216	212.73	
857.39	212.94	
857.564	162.76	
857.738	93.95	
857.912	87.4	
858.085	27.39	
858.259	30.26	
858.433	65.69	
858.607	52.58	
858.781	65.28	
858.955	41.52	
859.129	26.37	
859.302	24.32	
859.476	17.36	
859.65	101.94	
859.824	91.29	
859.997	111.15	
860.171	136.55	
860.345	201.26	
860.519	129.99	
860.692	151.29	
860.866	160.71	
861.039	155.8	
861.213	129.99	
861.387	85.14	
861.56	89.45	
861.734	110.54	
861.907	80.43	
862.081	79.21	
862.254	148.02	
862.428	180.37	
862.601	143.31	
862.775	164.4	
862.948	258.2	
863.122	216.21	
863.295	176.28	
863.468	155.59	
863.642	108.08	
863.815	30.26	
863.988	49.92	
864.162	54.22	
864.335	40.5	
864.508	85.55	
864.682	120.37	
864.855	101.32	
865.028	91.08	
865.201	136.75	
865.374	85.96	
865.548	94.77	
865.721	93.95	
865.894	173.82	
866.067	150.06	
866.24	195.94	
866.413	181.6	
866.586	200.85	
866.759	83.92	
866.932	73.68	
867.105	56.06	
867.278	-39.99	
867.451	-63.74	
867.624	12.44	
867.797	37.84	
867.97	29.44	
868.143	62	
868.316	93.54	
868.489	25.34	
868.661	29.64	
868.834	37.22	
869.007	90.88	
869.18	58.93	
869.353	92.52	
869.525	122.21	
869.698	108.9	
869.871	95.59	
870.044	123.65	
870.216	150.47	
870.389	86.78	
870.562	103.99	
870.734	135.93	
870.907	79.82	
871.079	100.71	
871.252	106.85	
871.425	151.09	
871.597	80.84	
871.77	211.3	
871.942	160.92	
872.115	149.04	
872.287	129.18	
872.459	141.46	
872.632	65.48	
872.804	87.6	
872.977	66.92	
873.149	74.29	
873.321	49.92	
873.494	38.45	
873.666	57.5	
873.838	58.93	
874.011	5.07	
874.183	64.46	
874.355	57.29	
874.528	39.27	
874.7	56.88	
874.872	161.12	
875.044	181.81	
875.216	205.56	
875.388	251.85	
875.561	282.16	
875.733	152.52	
875.905	84.33	
876.077	4.04	
876.249	34.56	
876.421	0.77	
876.593	3.23	
876.765	45.82	
876.937	137.98	
877.109	71.01	
877.281	99.28	
877.453	110.74	
877.625	95.38	
877.797	31.28	
877.968	-1.08	
878.14	-19.71	
878.312	34.56	
878.484	-13.57	
878.656	17.15	
878.828	14.9	
878.999	94.56	
879.171	28.42	
879.343	25.14	
879.515	21.66	
879.686	6.71	
879.858	-59.03	
880.03	-2.51	
880.201	37.63	
880.373	5.48	
880.545	35.79	
880.716	80.43	
880.888	119.75	
881.059	130.2	
881.231	162.15	
881.402	210.48	
881.574	178.53	
881.745	149.45	
881.917	175.25	
882.088	205.16	
882.26	142.9	
882.431	175.87	
882.602	97.64	
882.774	67.94	
882.945	5.27	
883.116	-27.08	
883.288	-81.77	
883.459	-39.37	
883.63	-33.64	
883.802	-13.16	
883.973	27.19	
884.144	64.66	
884.315	67.33	
884.487	108.9	
884.658	163.38	
884.829	195.73	
885	160.71	
885.171	179.35	
885.342	90.47	
885.513	58.93	
885.684	41.11	
885.855	74.09	
886.026	56.27	
886.197	121.8	
886.368	65.07	
886.539	90.67	
886.71	67.53	
886.881	80.02	
887.052	86.99	
887.223	113.2	
887.394	52.17	
887.565	111.77	
887.736	60.57	
887.907	69.99	
888.077	73.68	
888.248	86.58	
888.419	30.46	
888.59	46.03	
888.761	68.15	
888.931	91.49	
889.102	128.56	
889.273	94.16	
889.443	97.84	
889.614	21.25	
889.785	21.25	
889.955	-0.46	
890.126	2.2	
890.296	73.27	
890.467	108.49	
890.637	196.55	
890.808	209.05	
890.978	274.58	
891.149	234.24	
891.319	323.94	
891.49	263.73	
891.66	281.75	
891.831	237.1	
892.001	253.08	
892.172	103.99	
892.342	88.01	
892.512	62	
892.683	113	
892.853	66.1	
893.023	130.4	
893.193	95.79	
893.364	122.01	
893.534	97.64	
893.704	176.07	
893.874	195.73	
894.044	218.47	
894.215	175.87	
894.385	214.78	
894.555	158.05	
894.725	189.39	
894.895	138.6	
895.065	173.62	
895.235	132.86	
895.405	201.26	
895.575	124.06	
895.745	187.9	
895.915	200.79	
