177.618	-778.65	
177.836	-791.2	
178.054	-794.42	
178.271	-612.97	
178.489	-373.77	
178.706	-242.7	
178.924	-92.38	
179.142	74.12	
179.359	40.12	
179.577	-97.3	
179.794	-77.23	
180.012	-77.43	
180.229	-119.21	
180.447	-71.9	
180.664	-11.9	
180.882	-17.02	
181.1	36.85	
181.317	27.84	
181.535	-5.75	
181.752	-15.58	
181.969	19.64	
182.187	23.53	
182.404	66.34	
182.622	65.11	
182.839	85.59	
183.057	86.61	
183.274	60.19	
183.492	70.23	
183.709	117.95	
183.926	69.41	
184.144	49.54	
184.361	73.71	
184.579	99.92	
184.796	37.67	
185.013	107.71	
185.231	78.01	
185.448	91.53	
185.666	82.52	
185.883	73.91	
186.1	41.97	
186.317	80.06	
186.535	8.17	
186.752	-10.26	
186.969	48.52	
187.187	123.27	
187.404	56.51	
187.621	171.19	
187.839	196.38	
188.056	136.79	
188.273	62.24	
188.49	148.87	
188.708	83.95	
188.925	121.84	
189.142	128.8	
189.359	117.95	
189.576	49.54	
189.794	50.16	
190.011	-3.7	
190.228	25.99	
190.445	23.74	
190.662	107.09	
190.879	98.29	
191.097	72.28	
191.314	75.96	
191.531	97.26	
191.748	4.9	
191.965	18.82	
192.182	23.94	
192.399	4.08	
192.616	52.41	
192.834	112.01	
193.051	81.49	
193.268	95.42	
193.485	96.85	
193.702	36.44	
193.919	8.99	
194.136	13.09	
194.353	-10.67	
194.57	15.96	
194.787	12.48	
195.004	106.07	
195.221	96.65	
195.438	145.39	
195.655	103.2	
195.872	191.67	
196.089	69.41	
196.306	100.13	
196.523	92.76	
196.74	155.01	
196.957	37.26	
197.173	99.92	
197.39	77.19	
197.607	113.85	
197.824	68.59	
198.041	121.63	
198.258	104.84	
198.475	158.91	
198.692	84.56	
198.909	49.75	
199.125	-3.7	
199.342	37.26	
199.559	3.87	
199.776	52.62	
199.993	141.29	
200.21	180.82	
200.426	113.85	
200.643	111.19	
200.86	106.48	
201.077	99.31	
201.293	80.26	
201.51	88.05	
201.727	-1.04	
201.944	-81.12	
202.16	-92.18	
202.377	-104.46	
202.594	-110.4	
202.811	-48.76	
203.027	-13.94	
203.244	-43.23	
203.461	-26.23	
203.677	56.51	
203.894	83.74	
204.111	105.25	
204.327	112.01	
204.544	108.73	
204.761	69.61	
204.977	32.75	
205.194	-3.29	
205.41	41.76	
205.627	41.15	
205.844	30.7	
206.06	35.21	
206.277	95.62	
206.493	64.08	
206.71	94.8	
206.926	80.88	
207.143	143.14	
207.36	44.63	
207.576	85.38	
207.793	79.03	
208.009	100.13	
208.226	53.43	
208.442	101.77	
208.659	66.95	
208.875	55.28	
209.092	15.96	
209.308	9.2	
209.524	11.25	
209.741	85.18	
209.957	131.46	
210.174	144.16	
210.39	123.27	
210.607	125.11	
210.823	-11.08	
211.039	-73.13	
211.256	-5.14	
211.472	-35.04	
211.688	23.53	
211.905	88.46	
212.121	87.23	
212.338	28.86	
212.554	83.34	
212.77	50.77	
212.987	49.75	
213.203	104.02	
213.419	134.12	
213.635	97.67	
213.852	63.88	
214.068	42.99	
214.284	6.33	
214.501	32.55	
214.717	55.28	
214.933	86.41	
215.149	26.4	
215.365	-6.78	
215.582	-105.49	
215.798	-77.02	
216.014	-78.86	
216.23	-19.68	
216.447	5.1	
216.663	36.85	
216.879	-21.11	
217.095	16.16	
217.311	45.04	
217.527	69.82	
217.743	94.39	
217.96	107.71	
218.176	76.99	
218.392	45.04	
218.608	56.1	
218.824	13.5	
219.04	14.11	
219.256	43.81	
219.472	36.44	
219.688	7.56	
219.904	81.29	
220.12	169.15	
220.336	124.7	
220.552	135.76	
220.768	161.98	
220.984	165.66	
221.2	58.15	
221.416	85.59	
221.632	46.68	
221.848	18.62	
222.064	-64.32	
222.28	-33.81	
222.496	-85.21	
222.712	11.04	
222.928	-10.05	
223.144	67.57	
223.36	62.86	
223.576	109.14	
223.792	50.57	
224.008	126.96	
224.224	108.32	
224.439	157.06	
224.655	119.79	
224.871	156.24	
225.087	117.54	
225.303	65.31	
225.519	34.8	
225.734	100.54	
225.95	76.78	
226.166	100.33	
226.382	118.56	
226.598	115.08	
226.813	112.42	
227.029	90.3	
227.245	62.24	
227.461	82.31	
227.677	106.89	
227.892	99.92	
228.108	77.6	
228.324	121.43	
228.539	72.28	
228.755	104.22	
228.971	97.06	
229.186	171.81	
229.402	125.11	
229.618	186.14	
229.833	106.68	
230.049	98.9	
230.265	10.43	
230.48	100.13	
230.696	87.02	
230.912	120.4	
231.127	120.4	
231.343	178.16	
231.558	56.1	
231.774	92.55	
231.99	155.63	
232.205	151.33	
232.421	97.06	
232.636	123.07	
232.852	49.75	
233.067	-10.26	
233.283	2.85	
233.498	60.4	
233.714	83.54	
233.929	144.98	
234.145	118.36	
234.36	127.57	
234.576	135.15	
234.791	186.55	
235.007	203.55	
235.222	280.35	
235.438	227.72	
235.653	309.64	
235.868	268.68	
236.084	266.83	
236.299	273.8	
236.515	307.59	
236.73	185.12	
236.945	186.76	
237.161	119.99	
237.376	62.45	
237.592	54.05	
237.807	82.52	
238.022	61.22	
238.238	98.7	
238.453	50.36	
238.668	60.4	
238.883	-17.63	
239.099	-6.57	
239.314	-45.89	
239.529	9.61	
239.745	37.26	
239.96	149.28	
240.175	127.57	
240.39	246.35	
240.605	236.73	
240.821	168.53	
241.036	147.03	
241.251	221.37	
241.466	119.58	
241.681	123.07	
241.897	165.66	
242.112	192.49	
242.327	98.49	
242.542	122.66	
242.757	147.23	
242.972	136.58	
243.188	48.11	
243.403	75.76	
243.618	65.11	
243.833	25.99	
244.048	50.57	
244.263	101.97	
244.478	105.86	
244.693	73.3	
244.908	110.98	
245.123	82.72	
245.338	125.73	
245.553	134.94	
245.768	145.59	
245.983	127.37	
246.198	86.41	
246.413	51.8	
246.628	44.63	
246.843	36.44	
247.058	24.97	
247.273	62.24	
247.488	44.42	
247.703	85.18	
247.918	78.83	
248.133	120.2	
248.348	78.42	
248.563	157.88	
248.778	117.33	
248.993	168.74	
249.207	192.29	
249.422	217.68	
249.637	86.61	
249.852	75.76	
250.067	25.17	
250.282	-37.49	
250.496	-55.52	
250.711	43.2	
250.926	21.9	
251.141	83.74	
251.356	73.3	
251.57	135.76	
251.785	80.47	
252	61.83	
252.215	31.32	
252.43	79.03	
252.644	84.36	
252.859	119.58	
253.074	150.1	
253.288	144.36	
253.503	95.83	
253.718	113.85	
253.932	171.6	
254.147	208.26	
254.362	217.89	
254.576	233.86	
254.791	167.51	
255.006	112.21	
255.22	122.45	
255.435	130.64	
255.65	169.15	
255.864	204.17	
256.079	156.24	
256.293	148.87	
256.508	140.88	
256.723	213.59	
256.937	146.41	
257.152	144.98	
257.366	113.85	
257.581	78.62	
257.795	-11.69	
258.01	106.27	
258.224	148.05	
258.439	173.45	
258.653	183.89	
258.868	202.53	
259.082	118.97	
259.297	80.06	
259.511	50.57	
259.726	19.44	
259.94	-22.34	
260.154	-38.11	
260.369	-15.99	
260.583	-6.98	
260.798	-27.66	
261.012	-5.34	
261.226	30.91	
261.441	63.06	
261.655	61.83	
261.869	162.8	
262.084	141.5	
262.298	118.15	
262.512	39.51	
262.727	17.8	
262.941	29.88	
263.155	33.77	
263.37	44.22	
263.584	125.52	
263.798	139.24	
264.012	150.71	
264.227	131.87	
264.441	184.1	
264.655	111.19	
264.869	186.14	
265.084	98.9	
265.298	128.8	
265.512	57.33	
265.726	123.89	
265.94	53.64	
266.155	100.95	
266.369	99.92	
266.583	190.85	
266.797	162.59	
267.011	229.36	
267.225	271.54	
267.439	277.89	
267.654	202.53	
267.868	171.6	
268.082	60.6	
268.296	-59.61	
268.51	-122.28	
268.724	-80.09	
268.938	-104.05	
269.152	-42.41	
269.366	-3.7	
269.58	40.33	
269.794	-2.68	
270.008	114.26	
270.222	102.59	
270.436	108.93	
270.65	83.34	
270.864	114.26	
271.078	43.6	
271.292	61.22	
271.506	112.42	
271.72	167.92	
271.934	180.41	
272.148	163	
272.362	151.74	
272.575	177.34	
272.789	157.06	
273.003	120.4	
273.217	170.37	
273.431	144.57	
273.645	89.89	
273.859	143.55	
274.073	202.32	
274.286	184.1	
274.5	198.02	
274.714	161.77	
274.928	146.82	
275.142	108.32	
275.355	103.41	
275.569	146.41	
275.783	197.61	
275.997	127.98	
276.21	138.84	
276.424	190.65	
276.638	125.11	
276.852	137.81	
277.065	154.81	
277.279	166.28	
277.493	109.34	
277.706	201.91	
277.92	196.79	
278.134	159.72	
278.347	97.06	
278.561	70.23	
278.775	39.3	
278.988	16.78	
279.202	91.94	
279.415	175.7	
279.629	173.65	
279.843	177.34	
280.056	281.17	
280.27	283.01	
280.483	192.7	
280.697	225.67	
280.91	242.46	
281.124	241.44	
281.337	216.45	
281.551	311.68	
281.764	256.59	
281.978	220.14	
282.191	101.56	
282.405	117.33	
282.618	25.79	
282.832	63.88	
283.045	37.87	
283.259	104.02	
283.472	82.31	
283.686	99.51	
283.899	68.39	
284.112	73.1	
284.326	56.3	
284.539	87.43	
284.752	119.79	
284.966	158.91	
285.179	202.32	
285.393	206.42	
285.606	148.26	
285.819	173.24	
286.033	125.11	
286.246	175.49	
286.459	129.21	
286.672	169.55	
286.886	92.14	
287.099	180.41	
287.312	31.11	
287.525	39.92	
287.739	23.33	
287.952	106.07	
288.165	109.14	
288.378	169.35	
288.592	177.75	
288.805	166.48	
289.018	149.89	
289.231	102.18	
289.444	129.41	
289.657	82.31	
289.871	73.51	
290.084	17.8	
290.297	98.49	
290.51	59.58	
290.723	60.81	
290.936	136.99	
291.149	153.58	
291.362	149.28	
291.575	139.86	
291.789	169.55	
292.002	132.28	
292.215	145.18	
292.428	21.69	
292.641	59.78	
292.854	56.71	
293.067	34.8	
293.28	23.74	
293.493	44.01	
293.706	-28.07	
293.919	48.72	
294.132	10.84	
294.345	14.93	
294.558	3.26	
294.77	37.05	
294.983	-35.24	
295.196	42.99	
295.409	80.88	
295.622	187.17	
295.835	238.37	
296.048	289.36	
296.261	261.92	
296.474	261.3	
296.686	210.51	
296.899	208.88	
297.112	204.17	
297.325	190.03	
297.538	199.86	
297.751	211.33	
297.963	248.81	
298.176	216.66	
298.389	203.14	
298.602	187.99	
298.814	309.64	
299.027	248.81	
299.24	235.7	
299.453	289.36	
299.665	257.21	
299.878	91.73	
300.091	72.69	
300.303	89.68	
300.516	40.33	
300.729	47.09	
300.941	87.23	
301.154	46.88	
301.367	18.82	
301.579	61.63	
301.792	80.26	
302.005	64.9	
302.217	87.64	
302.43	115.28	
302.642	69.2	
302.855	13.09	
303.067	3.26	
303.28	71.66	
303.493	13.7	
303.705	102.59	
303.918	158.09	
304.13	228.54	
304.343	172.22	
304.555	256.39	
304.768	196.38	
304.98	225.26	
305.193	140.06	
305.405	179.18	
305.617	99.72	
305.83	124.29	
306.042	69.2	
306.255	76.17	
306.467	28.65	
306.68	28.45	
306.892	4.49	
307.104	33.77	
307.317	30.09	
307.529	98.9	
307.741	144.98	
307.954	170.78	
308.166	134.12	
308.378	197.61	
308.591	177.34	
308.803	208.67	
309.015	218.91	
309.228	285.88	
309.44	198.84	
309.652	170.37	
309.864	120.2	
310.077	43.2	
310.289	-31.76	
310.501	13.91	
310.713	16.37	
310.926	47.7	
311.138	41.35	
311.35	95.01	
311.562	54.05	
311.774	114.26	
311.986	95.01	
312.199	181.43	
312.411	90.09	
312.623	141.5	
312.835	21.08	
313.047	-12.92	
313.259	-37.09	
313.471	17.8	
313.683	-14.56	
313.895	35.82	
314.108	46.47	
314.32	37.67	
314.532	6.54	
314.744	29.27	
314.956	99.92	
315.168	119.17	
315.38	70.02	
315.592	144.77	
315.804	129.82	
316.016	188.4	
316.228	218.91	
316.44	265.19	
316.651	270.31	
316.863	274.21	
317.075	152.56	
317.287	74.73	
317.499	61.01	
317.711	13.5	
317.923	49.95	
318.135	17.8	
318.347	66.54	
318.559	145.39	
318.77	204.58	
318.982	159.11	
319.194	177.75	
319.406	157.88	
319.618	67.16	
319.83	-13.12	
320.041	-10.87	
320.253	5.51	
320.465	-9.03	
320.677	-22.54	
320.888	-26.44	
321.1	-18.24	
321.312	58.15	
321.524	83.95	
321.735	80.88	
321.947	67.16	
322.159	24.56	
322.37	-72.72	
322.582	-73.33	
322.794	2.44	
323.005	63.47	
323.217	97.47	
323.429	64.49	
323.64	131.26	
323.852	72.89	
324.063	30.09	
324.275	76.58	
324.487	152.56	
324.698	64.08	
324.91	100.74	
325.121	86.41	
325.333	10.84	
325.544	-13.74	
325.756	54.25	
325.967	20.46	
326.179	93.37	
326.39	122.86	
326.602	161.57	
326.813	90.3	
327.025	107.5	
327.236	12.48	
327.448	-7.59	
327.659	-88.28	
327.871	-36.47	
328.082	-36.06	
328.293	49.75	
328.505	92.76	
328.716	125.93	
328.928	78.83	
329.139	116.92	
329.35	69.2	
329.562	85.18	
329.773	127.16	
329.984	152.97	
330.196	114.67	
330.407	171.19	
330.618	114.46	
330.83	83.95	
331.041	73.71	
331.252	62.45	
331.463	14.32	
331.675	68.18	
331.886	115.28	
332.097	136.58	
332.308	136.79	
332.52	155.83	
332.731	129.21	
332.942	106.68	
333.153	147.03	
333.364	127.16	
333.575	110.57	
333.787	156.45	
333.998	92.14	
334.209	99.31	
334.42	97.88	
334.631	99.51	
334.842	89.89	
335.053	163	
335.264	90.71	
335.475	122.45	
335.686	134.53	
335.898	122.86	
336.109	39.1	
336.32	65.11	
336.531	49.75	
336.742	49.54	
336.953	3.26	
337.164	25.99	
337.375	-18.04	
337.586	-14.15	
337.797	-76.82	
338.007	-24.8	
338.218	-46.92	
338.429	4.28	
338.64	-21.73	
338.851	18.62	
339.062	-29.1	
339.273	56.3	
339.484	16.16	
339.695	-8.21	
339.906	9.2	
340.116	53.64	
340.327	26.81	
340.538	37.87	
340.749	64.9	
340.96	44.01	
341.171	-3.91	
341.381	-0.02	
341.592	17.6	
341.803	34.8	
342.014	56.92	
342.224	122.86	
342.435	97.06	
342.646	58.15	
342.857	28.24	
343.067	-20.09	
343.278	-17.22	
343.489	0.8	
343.699	23.12	
343.91	45.24	
344.121	51.59	
344.331	-17.02	
344.542	-46.71	
344.753	11.86	
344.963	25.99	
345.174	69.61	
345.384	135.15	
345.595	198.02	
345.806	142.11	
346.016	112.62	
346.227	116.1	
346.437	108.32	
346.648	65.52	
346.858	93.17	
347.069	85.38	
347.279	89.89	
347.49	26.4	
347.7	55.48	
347.911	-11.28	
348.121	0.8	
348.332	2.65	
348.542	-27.05	
348.753	-63.09	
348.963	23.53	
349.173	34.18	
349.384	65.93	
349.594	155.83	
349.805	221.57	
350.015	124.29	
350.225	146.21	
350.436	134.74	
350.646	160.75	
350.856	105.86	
351.067	140.68	
351.277	72.28	
351.487	22.1	
351.698	-56.75	
351.908	-57.97	
352.118	-39.34	
352.328	-14.97	
352.539	41.97	
352.749	54.66	
352.959	58.55	
353.169	50.36	
353.38	67.77	
353.59	65.31	
353.8	81.9	
354.01	95.42	
354.22	98.7	
354.431	187.37	
354.641	143.96	
354.851	150.1	
355.061	143.14	
355.271	197.82	
355.481	114.87	
355.691	116.72	
355.901	86	
356.111	92.96	
356.321	47.09	
356.532	37.87	
356.742	19.44	
356.952	34.18	
357.162	8.38	
357.372	4.69	
357.582	-13.94	
357.792	-39.34	
358.002	-75.18	
358.212	-10.67	
358.422	14.11	
358.632	31.32	
358.842	60.81	
359.051	137.61	
359.261	84.15	
359.471	66.13	
359.681	92.96	
359.891	70.43	
360.101	0.19	
360.311	-14.15	
360.521	-49.37	
360.731	-34.63	
360.94	1.83	
361.15	52	
361.36	84.97	
361.57	112.83	
361.78	92.55	
361.989	81.29	
362.199	78.22	
362.409	88.25	
362.619	77.19	
362.828	178.16	
363.038	180.61	
363.248	175.08	
363.458	158.91	
363.667	170.78	
363.877	89.89	
364.087	97.67	
364.296	48.93	
364.506	79.85	
364.716	85.18	
364.925	52	
365.135	6.74	
365.345	26.61	
365.554	3.87	
365.764	65.52	
365.973	60.81	
366.183	147.64	
366.393	181.23	
366.602	183.89	
366.812	52.21	
367.021	118.97	
367.231	21.49	
367.44	0.19	
367.65	-6.16	
367.859	62.24	
368.069	-6.37	
368.278	69	
368.488	71.25	
368.697	22.51	
368.907	-21.32	
369.116	119.38	
369.326	66.34	
369.535	56.51	
369.744	100.33	
369.954	121.02	
370.163	-3.5	
370.373	34.39	
370.582	21.69	
370.791	3.26	
371.001	-23.98	
371.21	-26.44	
371.419	-80.09	
371.629	-93.61	
371.838	-89.92	
372.047	1.42	
372.256	-23.57	
372.466	24.76	
372.675	-7.39	
372.884	-14.35	
373.093	-107.74	
373.303	-26.64	
373.512	-37.49	
373.721	31.93	
373.93	-0.63	
374.139	110.78	
374.349	33.77	
374.558	79.44	
374.767	31.73	
374.976	61.83	
375.185	33.57	
375.394	25.38	
375.603	2.85	
375.813	13.5	
376.022	3.87	
376.231	-49.37	
376.44	-45.89	
376.649	-28.69	
376.858	12.07	
377.067	18.62	
377.276	50.57	
377.485	108.53	
377.694	77.6	
377.903	53.64	
378.112	33.98	
378.321	43.2	
378.53	9.2	
378.739	20.26	
378.948	19.03	
379.157	47.7	
379.366	65.52	
379.575	77.6	
379.784	41.56	
379.992	46.27	
380.201	95.01	
380.41	60.4	
380.619	35.62	
380.828	68.18	
381.037	46.88	
381.246	-57.36	
381.454	-112.25	
381.663	-42.21	
381.872	-67.4	
382.081	7.56	
382.29	81.9	
382.498	143.55	
382.707	148.87	
382.916	185.94	
383.125	94.8	
383.333	69	
383.542	70.64	
383.751	25.79	
383.959	61.01	
384.168	88.66	
384.377	153.17	
384.585	124.29	
384.794	82.72	
385.003	24.76	
385.211	41.15	
385.42	-36.88	
385.628	-22.54	
385.837	10.02	
386.046	90.91	
386.254	131.05	
386.463	148.87	
386.671	209.69	
386.88	197.61	
387.088	156.65	
387.297	147.23	
387.505	160.54	
387.714	75.14	
387.922	72.48	
388.131	51.18	
388.339	40.12	
388.548	-8	
388.756	17.8	
388.965	13.7	
389.173	-23.36	
389.381	-11.28	
389.59	42.58	
389.798	61.42	
390.007	85.18	
390.215	89.48	
390.423	148.26	
390.632	149.28	
390.84	199.46	
391.048	167.51	
391.257	189.22	
391.465	77.81	
391.673	73.51	
391.882	9.2	
392.09	4.08	
392.298	-5.75	
392.506	-1.45	
392.715	-0.63	
392.923	50.77	
393.131	112.62	
393.339	114.05	
393.547	104.02	
393.756	99.1	
393.964	41.15	
394.172	-4.52	
394.38	-28.69	
394.588	42.38	
394.796	9.4	
395.005	10.43	
395.213	-8	
395.421	24.76	
395.629	-37.9	
395.837	-19.68	
396.045	-23.57	
396.253	3.05	
396.461	-18.86	
396.669	23.74	
396.877	41.35	
397.085	72.48	
397.293	63.67	
397.501	79.24	
397.709	65.31	
397.917	70.23	
398.125	98.29	
398.333	130.03	
398.541	85.79	
398.749	96.65	
398.957	53.03	
399.165	-38.93	
399.373	-40.36	
399.581	-3.91	
399.788	7.56	
399.996	-5.55	
400.204	38.69	
400.412	-5.34	
400.62	-55.72	
400.828	-70.06	
401.035	-25.21	
401.243	-0.63	
401.451	49.95	
401.659	65.11	
401.867	69.61	
402.074	60.81	
402.282	16.98	
402.49	-48.96	
402.697	91.32	
402.905	60.19	
403.113	74.12	
403.321	32.75	
403.528	55.28	
403.736	-29.71	
403.944	-19.27	
404.151	-56.13	
404.359	-34.22	
404.566	-40.77	
404.774	-45.07	
404.982	-67.19	
405.189	-54.08	
405.397	-70.06	
405.604	-65.35	
405.812	-50.81	
406.02	-63.5	
406.227	-44.87	
406.435	-20.7	
406.642	22.31	
406.85	-16.81	
407.057	50.36	
407.265	62.45	
407.472	88.46	
407.679	45.04	
407.887	45.24	
408.094	14.93	
408.302	-35.45	
408.509	-24.39	
408.717	1.21	
408.924	0.8	
409.131	15.55	
409.339	39.1	
409.546	47.09	
409.753	38.48	
409.961	94.8	
410.168	88.46	
410.375	123.07	
410.583	110.57	
410.79	140.27	
410.997	103.2	
411.205	94.39	
411.412	82.93	
411.619	107.5	
411.826	86.61	
412.034	151.33	
412.241	187.99	
412.448	172.83	
412.655	99.1	
412.862	109.14	
413.07	34.39	
413.277	-15.38	
413.484	-29.71	
413.691	31.52	
413.898	-3.91	
414.105	-33.19	
414.312	-51.63	
414.519	-50.6	
414.727	-77.23	
414.934	-32.37	
415.141	40.94	
415.348	106.89	
415.555	87.23	
415.762	76.78	
415.969	15.75	
416.176	6.74	
416.383	2.65	
416.59	6.54	
416.797	21.28	
417.004	87.02	
417.211	56.92	
417.418	50.57	
417.625	74.73	
417.831	87.23	
418.038	90.5	
418.245	129.21	
418.452	103.41	
418.659	97.88	
418.866	92.14	
419.073	72.28	
419.28	12.89	
419.486	98.7	
419.693	82.72	
419.9	103.81	
420.107	139.45	
420.314	205.19	
420.52	185.94	
420.727	303.49	
420.934	298.58	
421.141	250.24	
421.347	237.75	
421.554	229.15	
421.761	123.48	
421.967	172.22	
422.174	255.36	
422.381	274.41	
422.588	247.38	
422.794	274	
423.001	343.63	
423.207	304.31	
423.414	296.12	
423.621	301.44	
423.827	356.53	
424.034	322.95	
424.24	352.64	
424.447	356.94	
424.654	335.44	
424.86	322.54	
425.067	276.25	
425.273	260.48	
425.48	353.46	
425.686	438.04	
425.893	476.95	
426.099	486.38	
426.306	538.39	
426.512	524.26	
426.718	580.58	
426.925	573.82	
427.131	582.43	
427.338	569.52	
427.544	562.15	
427.75	490.88	
427.957	473.27	
428.163	506.04	
428.37	517.91	
428.576	551.5	
428.782	571.16	
428.988	679.09	
429.195	716.98	
429.401	748.11	
429.607	760.8	
429.814	882.25	
430.02	848.25	
430.226	839.24	
430.432	863.61	
430.639	892.28	
430.845	886.34	
431.051	938.77	
431.257	996.93	
431.463	1020.69	
431.67	999.39	
431.876	973.38	
432.082	973.38	
432.288	1025.4	
432.494	1051.41	
432.7	1153.6	
432.906	1185.14	
433.112	1227.54	
433.318	1296.55	
433.525	1367.62	
433.731	1380.31	
433.937	1487.22	
434.143	1529.41	
434.349	1505.04	
434.555	1537.39	
434.761	1567.7	
434.967	1533.09	
435.173	1569.14	
435.379	1637.33	
435.585	1720.07	
435.791	1786.43	
435.996	1938.39	
436.202	2030.13	
436.408	2048.98	
436.614	2068.84	
436.82	2115.33	
437.026	2070.48	
437.232	2106.32	
437.438	2152.6	
437.644	2125.98	
437.849	2199.71	
438.055	2262.78	
438.261	2286.34	
438.467	2319.72	
438.673	2403.68	
438.878	2367.03	
439.084	2437.07	
439.29	2575.92	
439.496	2678.93	
439.701	2811.02	
439.907	2907.89	
440.113	2984.49	
440.318	3020.12	
440.524	3082.59	
440.73	3144.43	
440.935	3267.11	
441.141	3332.44	
441.347	3448.56	
441.552	3507.13	
441.758	3581.47	
441.964	3601.95	
442.169	3721.76	
442.375	3716.84	
442.58	3828.87	
442.786	3924.3	
442.991	3994.14	
443.197	3981.44	
443.402	4077.69	
443.608	4170.06	
443.813	4267.34	
444.019	4368.51	
444.224	4463.33	
444.43	4484.22	
444.635	4550.98	
444.841	4545.86	
445.046	4721.78	
445.252	4780.97	
445.457	4925.14	
445.662	4939.07	
445.868	5060.92	
446.073	5087.75	
446.278	5219.64	
446.484	5339.04	
446.689	5509.43	
446.894	5605.27	
447.1	5713.41	
447.305	5925.99	
447.51	6087.98	
447.716	6238.3	
447.921	6425.48	
448.126	6651.79	
448.331	6709.95	
448.537	6856.58	
448.742	7066.7	
448.947	7164.8	
449.152	7268.43	
449.357	7562.11	
449.563	7797.83	
449.768	7981.53	
449.973	8222.78	
450.178	8485.74	
450.383	8580.97	
450.588	8745.63	
450.793	8941.82	
450.999	9268.68	
451.204	9415.72	
451.409	9646.53	
451.614	9790.3	
451.819	10007.59	
452.024	10070.87	
452.229	10275.26	
452.434	10501.15	
452.639	10722.94	
452.844	10937.36	
453.049	11094.03	
453.254	11267.7	
453.459	11456.12	
453.664	11706.79	
453.869	11920.19	
454.074	12236.8	
454.279	12523.93	
454.483	12684.28	
454.688	12860.61	
454.893	13059.06	
455.098	13208.56	
455.303	13283.31	
455.508	13456.98	
455.713	13530.09	
455.917	13568.19	
456.122	13731.61	
456.327	13918.59	
456.532	14115.2	
456.737	14309.75	
456.941	14567.8	
457.146	14710.54	
457.351	14909.2	
457.555	15090.03	
457.76	15340.7	
457.965	15379.82	
458.17	15614.72	
458.374	15762.99	
458.579	15880.75	
458.784	15885.05	
458.988	15991.55	
459.193	15951.2	
459.397	16014.89	
459.602	15993.19	
459.807	16084.93	
460.011	16025.34	
460.216	15964.1	
460.42	15818.08	
460.625	15782.86	
460.829	15745.18	
461.034	15756.64	
461.239	15761.97	
461.443	15767.09	
461.648	15719.58	
461.852	15561.47	
462.056	15525.22	
462.261	15392.72	
462.465	15284.18	
462.67	15095.36	
462.874	14856.15	
463.079	14600.36	
463.283	14412.97	
463.487	14157.59	
463.692	13961.6	
463.896	13829.1	
464.1	13710.93	
464.305	13534.39	
464.509	13472.55	
464.713	13459.85	
464.918	13475	
465.122	13452.48	
465.326	13410.49	
465.531	13263.65	
465.735	13147.74	
465.939	13031.21	
466.143	12879.04	
466.348	12792.21	
466.552	12704.97	
466.756	12646.39	
466.96	12666.87	
467.164	12639.02	
467.368	12658.48	
467.573	12756.17	
467.777	12743.88	
467.981	12695.34	
468.185	12664.62	
468.389	12670.15	
468.593	12523.11	
468.797	12471.29	
469.001	12441.8	
469.205	12499.76	
469.409	12527.41	
469.613	12657.86	
469.817	12715.41	
470.021	12760.67	
470.225	12768.66	
470.429	12764.97	
470.633	12735.07	
470.837	12785.66	
471.041	12789.75	
471.245	12774.39	
471.449	12770.71	
471.653	12757.39	
471.857	12757.6	
472.061	12628.78	
472.265	12639.02	
472.469	12645.99	
472.673	12656.43	
472.876	12655.61	
473.08	12788.73	
473.284	12853.24	
473.488	12876.79	
473.692	13007.86	
473.895	13060.29	
474.099	13057.63	
474.303	13035.51	
474.507	13066.23	
474.71	13040.83	
474.914	12992.09	
475.118	13026.91	
475.322	13056.81	
475.525	12945.6	
475.729	12985.74	
475.933	12979.8	
476.136	13044.32	
476.34	13058.04	
476.543	13119.48	
476.747	13057.01	
476.951	13064.18	
477.154	12953.39	
477.358	12934.54	
477.561	12869.21	
477.765	12834.4	
477.969	12747.97	
478.172	12702.92	
478.376	12638.41	
478.579	12672.2	
478.783	12585.98	
478.986	12614.45	
479.19	12640.05	
479.393	12676.7	
479.596	12633.08	
479.8	12722.17	
480.003	12667.9	
480.207	12567.34	
480.41	12449.18	
480.614	12390.81	
480.817	12203.42	
481.02	12184.99	
481.224	12200.96	
481.427	12190.93	
481.63	12217.35	
481.834	12216.12	
482.037	12103.68	
482.24	12046.54	
482.443	11991.66	
482.647	11879.02	
482.85	11866.53	
483.053	11924.28	
483.256	11798.74	
483.46	11857.52	
483.663	11900.52	
483.866	11974.25	
484.069	12029.14	
484.272	12178.02	
484.476	12204.44	
484.679	12319.74	
484.882	12425.62	
485.085	12426.03	
485.288	12475.59	
485.491	12560.99	
485.694	12532.32	
485.897	12603.39	
486.101	12745.11	
486.304	12924.1	
486.507	13021.17	
486.71	13201.19	
486.913	13298.67	
487.116	13443.46	
487.319	13581.91	
487.522	13700.69	
487.725	13871.08	
487.928	13932.72	
488.13	13940.3	
488.333	13915.32	
488.536	13917.57	
488.739	13880.09	
488.942	13898.32	
489.145	13925.56	
489.348	13973.68	
489.551	14051.3	
489.754	14082.02	
489.956	14070.14	
490.159	14090.42	
490.362	14044.54	
490.565	13970.2	
490.768	13911.22	
490.97	14010.75	
491.173	14005.84	
491.376	13991.91	
491.579	13988.22	
491.781	14061.95	
491.984	13963.03	
492.187	13953.61	
492.39	13954.02	
492.592	13986.18	
492.795	13947.47	
492.998	13948.49	
493.2	13991.91	
493.403	14029.59	
493.605	14147.97	
493.808	14153.09	
494.011	14222.92	
494.213	14241.97	
494.416	14332.28	
494.618	14276.58	
494.821	14314.87	
495.023	14393.93	
495.226	14411.74	
495.428	14477.89	
495.631	14510.66	
495.833	14650.13	
496.036	14684.53	
496.238	14793.28	
496.441	14861.48	
496.643	14950.97	
496.846	14931.72	
497.048	14964.9	
497.25	15024.7	
497.453	15003.61	
497.655	15058.29	
497.858	15130.38	
498.06	15182.39	
498.262	15200.83	
498.465	15268.41	
498.667	15382.48	
498.869	15540.99	
499.071	15648.1	
499.274	15732.48	
499.476	15785.93	
499.678	15739.85	
499.881	15614.52	
500.083	15577.65	
500.285	15551.23	
500.487	15621.27	
500.689	15673.91	
500.892	15706.26	
501.094	15663.67	
501.296	15733.09	
501.498	15677.18	
501.7	15587.28	
501.902	15597.93	
502.104	15652.61	
502.306	15593.42	
502.509	15606.53	
502.711	15650.76	
502.913	15716.5	
503.115	15740.88	
503.317	15795.97	
503.519	15809.07	
503.721	15876.25	
503.923	15953.05	
504.125	15941.58	
504.327	15949.77	
504.529	15960.62	
504.731	15874.81	
504.933	15830.58	
505.134	15867.24	
505.336	15891.2	
505.538	15896.11	
505.74	15967.79	
505.942	15953.66	
506.144	15977.62	
506.346	16012.85	
506.548	16134.09	
506.749	16220.51	
506.951	16342.16	
507.153	16369.6	
507.355	16376.57	
507.557	16400.12	
507.758	16408.31	
507.96	16345.03	
508.162	16349.12	
508.363	16394.79	
508.565	16369.6	
508.767	16353.01	
508.969	16420.39	
509.17	16480.4	
509.372	16468.11	
509.574	16528.11	
509.775	16594.67	
509.977	16593.24	
510.178	16695.02	
510.38	16744.79	
510.582	16763.02	
510.783	16744.18	
510.985	16814.42	
511.186	16812.37	
511.388	16872.99	
511.589	16909.24	
511.791	16968.63	
511.992	16921.12	
512.194	16898.8	
512.395	16774.49	
512.597	16726.15	
512.798	16698.3	
513	16733.32	
513.201	16705.88	
513.403	16831.62	
513.604	16790.66	
513.805	16778.99	
514.007	16741.51	
514.208	16647.92	
514.409	16584.23	
514.611	16581.36	
514.812	16562.32	
515.013	16586.89	
515.215	16671.27	
515.416	16623.14	
515.617	16583	
515.819	16614.74	
516.02	16613.11	
516.221	16747.25	
516.422	16974.78	
516.623	17165.03	
516.825	17303.68	
517.026	17472.43	
517.227	17496.6	
517.428	17545.75	
517.629	17688.7	
517.83	17779.42	
518.032	17862.98	
518.233	17905.58	
518.434	17855.81	
518.635	17774.71	
518.836	17583.23	
519.037	17293.03	
519.238	17036.42	
519.439	16697.89	
519.64	16202.9	
519.841	15762.38	
520.042	15231.75	
520.243	14651.56	
520.444	14031.23	
520.645	13422.37	
520.846	12843.41	
521.047	12359.88	
521.248	11827.62	
521.449	11389.35	
521.65	11038.33	
521.851	10764.72	
522.052	10409.4	
522.252	10252.93	
522.453	10086.23	
522.654	9909.49	
522.855	9716.98	
523.056	9673.97	
523.257	9582.02	
523.457	9565.43	
523.658	9611.51	
523.859	9619.09	
524.06	9595.54	
524.26	9547.82	
524.461	9531.02	
524.662	9469.59	
524.862	9351.21	
525.063	9246.15	
525.264	9090.92	
525.464	8774.91	
525.665	8444.37	
525.866	8138.41	
526.066	7582.59	
526.267	7030.05	
526.468	6461.73	
526.668	5865.16	
526.869	5223.74	
527.069	4708.06	
527.27	4184.39	
527.47	3739.16	
527.671	3242.53	
527.871	2794.64	
528.072	2444.44	
528.272	2120.86	
528.473	1815.1	
528.673	1638.15	
528.874	1436.63	
529.074	1267.68	
529.275	1123.29	
529.475	1006.56	
529.675	808.73	
529.876	726.19	
530.076	575.67	
530.277	458.73	
530.477	366.77	
530.677	306.77	
530.878	243.08	
531.078	306.56	
531.278	267.04	
531.478	226.08	
531.679	219.73	
531.879	203.76	
532.079	127.57	
532.28	153.99	
532.48	123.27	
532.68	117.54	
532.88	123.07	
533.08	118.97	
533.28	74.53	
533.481	72.89	
533.681	75.76	
533.881	73.71	
534.081	56.51	
534.281	94.39	
534.481	110.57	
534.681	130.85	
534.881	156.65	
535.081	144.57	
535.281	106.07	
535.481	157.88	
535.682	130.23	
535.882	74.32	
536.082	120.81	
536.281	132.69	
536.481	122.86	
536.681	139.45	
536.881	151.12	
537.081	90.3	
537.281	70.84	
537.481	20.87	
537.681	-20.09	
537.881	-81.73	
538.081	-9.64	
538.281	4.28	
538.48	-26.44	
538.68	-4.73	
538.88	105.86	
539.08	83.95	
539.28	62.04	
539.479	154.81	
539.679	143.14	
539.879	79.24	
540.079	52	
540.278	69.82	
540.478	-26.44	
540.678	-24.39	
540.877	19.44	
541.077	-26.03	
541.277	-25.41	
541.476	80.47	
541.676	106.27	
541.876	132.49	
542.075	186.55	
542.275	164.64	
542.474	99.31	
542.674	93.37	
542.874	33.16	
543.073	3.67	
543.273	30.09	
543.472	64.08	
543.672	42.38	
543.871	24.56	
544.071	39.71	
544.27	93.37	
544.47	48.72	
544.669	97.26	
544.868	103.81	
545.068	122.45	
545.267	51.8	
545.467	134.94	
545.666	64.29	
545.865	104.63	
546.065	51.39	
546.264	45.24	
546.463	-26.85	
546.663	26.61	
546.862	2.03	
547.061	38.69	
547.261	57.12	
547.46	81.08	
547.659	55.28	
547.858	120.81	
548.058	128.6	
548.257	152.56	
548.456	135.76	
548.655	140.06	
548.854	87.23	
549.053	121.02	
549.253	95.42	
549.452	81.08	
549.651	138.22	
549.85	219.12	
550.049	189.83	
550.248	175.7	
550.447	201.91	
550.646	176.11	
550.845	127.78	
551.044	116.31	
551.243	106.07	
551.442	113.65	
551.641	101.97	
551.84	117.74	
552.039	148.67	
552.238	190.03	
552.437	147.64	
552.636	137.61	
552.835	101.77	
553.034	117.13	
553.233	118.15	
553.432	125.11	
553.63	131.46	
553.829	110.78	
554.028	29.06	
554.227	28.24	
554.426	59.78	
554.625	68.18	
554.823	64.9	
555.022	143.96	
555.221	172.83	
555.42	138.63	
555.618	153.38	
555.817	164.84	
556.016	129.82	
556.214	125.73	
556.413	132.08	
556.612	111.39	
556.81	103	
557.009	104.02	
557.208	58.35	
557.406	86.2	
557.605	63.47	
557.803	32.14	
558.002	20.05	
558.201	-22.95	
558.399	-32.58	
558.598	-77.02	
558.796	-39.34	
558.995	-30.94	
559.193	21.08	
559.392	-18.04	
559.59	54.46	
559.789	63.47	
559.987	118.77	
560.185	154.6	
560.384	158.7	
560.582	156.45	
560.781	183.69	
560.979	135.35	
561.177	68.79	
561.376	81.08	
561.574	115.69	
561.772	-18.65	
561.971	70.84	
562.169	90.3	
562.367	52.62	
562.566	2.85	
562.764	64.29	
562.962	-45.48	
563.16	-81.53	
563.358	-18.45	
563.557	-1.25	
563.755	27.43	
563.953	41.35	
564.151	86.2	
564.349	107.09	
564.547	126.14	
564.746	106.07	
564.944	72.89	
565.142	72.28	
565.34	34.8	
565.538	-3.09	
565.736	40.33	
565.934	30.29	
566.132	32.14	
566.33	45.24	
566.528	96.24	
566.726	49.34	
566.924	121.84	
567.122	85.38	
567.32	50.98	
567.518	3.87	
567.716	-9.03	
567.914	-37.09	
568.112	-25.21	
568.31	33.36	
568.507	50.57	
568.705	15.34	
568.903	-4.11	
569.101	45.65	
569.299	50.16	
569.497	57.94	
569.694	118.77	
569.892	134.33	
570.09	123.07	
570.288	55.28	
570.486	32.75	
570.683	71.25	
570.881	20.46	
571.079	-18.04	
571.276	-10.05	
571.474	-13.12	
571.672	-82.35	
571.869	-32.37	
572.067	-23.77	
572.265	15.75	
572.462	51.8	
572.66	107.91	
572.857	129.41	
573.055	170.58	
573.253	146.41	
573.45	114.67	
573.648	116.51	
573.845	74.12	
574.043	51.8	
574.24	50.57	
574.438	1.21	
574.635	-28.48	
574.832	-49.99	
575.03	-38.31	
575.227	66.13	
575.425	80.06	
575.622	36.85	
575.82	51.59	
576.017	71.25	
576.214	-15.38	
576.412	37.26	
576.609	38.69	
576.806	11.25	
577.004	-31.35	
577.201	-20.5	
577.398	3.46	
577.595	112.62	
577.793	176.72	
577.99	194.13	
578.187	147.85	
578.384	99.51	
578.582	22.92	
578.779	47.5	
578.976	35.21	
579.173	114.46	
579.37	121.84	
579.567	155.63	
579.764	110.37	
579.962	142.52	
580.159	110.98	
580.356	136.58	
580.553	135.97	
580.75	162.18	
580.947	136.17	
581.144	189.42	
581.341	167.51	
581.538	197.61	
581.735	162.18	
581.932	178.98	
582.129	53.64	
582.326	53.03	
582.523	-13.12	
582.72	-17.83	
582.916	-56.54	
583.113	-34.22	
583.31	-59.61	
583.507	-25.21	
583.704	50.57	
583.901	118.77	
584.098	128.8	
584.294	164.23	
584.491	134.53	
584.688	86	
584.885	18.62	
585.082	138.43	
585.278	167.92	
585.475	182.66	
585.672	150.71	
585.868	165.66	
586.065	72.48	
586.262	-19.47	
586.458	5.51	
586.655	74.94	
586.852	47.5	
587.048	23.33	
587.245	41.35	
587.442	92.35	
587.638	72.28	
587.835	145.8	
588.031	169.76	
588.228	202.12	
588.424	127.16	
588.621	143.96	
588.817	80.06	
589.014	124.29	
589.21	116.31	
589.407	96.24	
589.603	33.16	
589.8	98.7	
589.996	81.29	
590.192	80.47	
590.389	114.87	
590.585	128.6	
590.782	50.16	
590.978	123.07	
591.174	118.56	
591.371	110.16	
591.567	107.71	
591.763	115.9	
591.959	35	
592.156	43.6	
592.352	46.88	
592.548	87.43	
592.744	110.98	
592.941	71.66	
593.137	52.62	
593.333	14.11	
593.529	57.12	
593.725	67.16	
593.922	57.53	
594.118	135.56	
594.314	126.34	
594.51	91.32	
594.706	50.77	
594.902	106.27	
595.098	44.01	
595.294	70.43	
595.49	-1.66	
595.686	68.59	
595.882	8.17	
596.078	70.23	
596.274	81.9	
596.47	146.62	
596.666	104.02	
596.862	109.75	
597.058	77.19	
597.254	104.02	
597.45	60.81	
597.646	117.95	
597.842	145.59	
598.037	189.42	
598.233	177.54	
598.429	224.24	
598.625	123.48	
598.821	105.45	
599.017	5.31	
599.212	39.92	
599.408	56.71	
599.604	75.14	
599.8	75.55	
599.995	73.1	
600.191	36.44	
600.387	-37.9	
600.582	-9.44	
600.778	21.9	
600.974	52.21	
601.169	21.49	
601.365	66.75	
601.561	20.87	
601.756	-36.88	
601.952	-39.95	
602.147	-60.43	
602.343	-76.82	
602.538	-3.29	
602.734	28.04	
602.93	52.82	
603.125	86	
603.321	93.37	
603.516	61.83	
603.711	73.1	
603.907	56.71	
604.102	58.55	
604.298	101.56	
604.493	103.61	
604.689	146	
604.884	137.81	
605.079	140.27	
605.275	75.96	
605.47	66.13	
605.665	44.22	
605.861	103.81	
606.056	108.12	
606.251	71.66	
606.447	84.56	
606.642	66.13	
606.837	-17.02	
607.032	34.39	
607.227	41.97	
607.423	22.51	
607.618	14.52	
607.813	23.74	
608.008	-29.1	
608.203	82.11	
608.398	154.6	
608.594	131.26	
608.789	138.84	
608.984	181.02	
609.179	143.14	
609.374	65.72	
609.569	101.56	
609.764	68.79	
609.959	38.08	
610.154	13.91	
610.349	64.9	
610.544	47.5	
610.739	77.81	
610.934	95.01	
611.129	141.29	
611.324	150.51	
611.519	197.61	
611.714	240.82	
611.909	182.46	
612.103	215.43	
612.298	200.07	
612.493	200.48	
612.688	199.66	
612.883	256.8	
613.078	141.91	
613.272	207.44	
613.467	192.08	
613.662	208.26	
613.857	225.87	
614.051	308	
614.246	205.39	
614.441	170.78	
614.635	72.48	
614.83	21.9	
615.025	-52.24	
615.219	-37.7	
615.414	-70.06	
615.609	-14.97	
615.803	-17.02	
615.998	74.12	
616.192	81.9	
616.387	132.69	
616.582	202.94	
616.776	250.24	
616.971	192.9	
617.165	177.95	
617.36	122.66	
617.554	67.57	
617.749	81.49	
617.943	85.59	
618.138	89.89	
618.332	115.69	
618.526	72.48	
618.721	15.75	
618.915	45.65	
619.11	58.15	
619.304	30.09	
619.498	50.16	
619.693	110.98	
619.887	63.88	
620.081	16.57	
620.275	69.41	
620.47	90.91	
620.664	72.28	
620.858	50.98	
621.052	81.08	
621.247	99.1	
621.441	74.32	
621.635	51.8	
621.829	78.42	
622.023	70.23	
622.218	87.02	
622.412	91.94	
622.606	72.69	
622.8	90.3	
622.994	88.05	
623.188	28.04	
623.382	19.23	
623.576	21.9	
623.77	-19.88	
623.964	24.76	
624.158	36.44	
624.352	-7.8	
624.546	4.49	
624.74	67.16	
624.934	17.39	
625.128	30.5	
625.322	94.8	
625.516	99.31	
625.71	29.68	
625.904	7.15	
626.098	52.21	
626.291	72.28	
626.485	85.18	
626.679	92.76	
626.873	201.3	
627.067	137.4	
627.26	135.15	
627.454	150.92	
627.648	201.91	
627.842	131.67	
628.035	150.51	
628.229	133.51	
628.423	62.45	
628.617	28.65	
628.81	11.66	
629.004	-3.5	
629.198	-2.07	
629.391	17.39	
629.585	75.14	
629.778	87.02	
629.972	124.29	
630.166	123.27	
630.359	88.05	
630.553	16.57	
630.746	50.36	
630.94	57.33	
631.133	-12.92	
631.327	24.15	
631.52	24.97	
631.714	-13.53	
631.907	-29.51	
632.1	85.18	
632.294	135.35	
632.487	166.28	
632.681	190.24	
632.874	187.37	
633.067	178.98	
633.261	118.97	
633.454	106.27	
633.647	117.54	
633.841	67.77	
634.034	53.23	
634.227	56.51	
634.421	54.25	
634.614	30.09	
634.807	48.11	
635	-23.98	
635.193	24.35	
635.387	-6.16	
635.58	-23.57	
635.773	5.92	
635.966	54.05	
636.159	29.06	
636.352	-13.74	
636.545	-20.5	
636.739	-60.23	
636.932	-56.13	
637.125	-94.02	
637.318	-62.48	
637.511	9.61	
637.704	6.13	
637.897	22.72	
638.09	37.87	
638.283	106.07	
638.476	84.56	
638.669	112.01	
638.862	119.17	
639.055	102.38	
639.247	77.6	
639.44	38.48	
639.633	68.59	
639.826	-3.09	
640.019	31.52	
640.212	20.26	
640.405	49.75	
640.597	3.26	
640.79	61.01	
640.983	60.19	
641.176	51.18	
641.368	89.68	
641.561	140.27	
641.754	78.22	
641.947	134.33	
642.139	189.42	
642.332	117.95	
642.525	132.49	
642.717	194.74	
642.91	117.33	
643.103	80.88	
643.295	82.72	
643.488	46.27	
643.68	4.69	
643.873	14.52	
644.065	3.46	
644.258	18.82	
644.45	-10.05	
644.643	11.25	
644.835	1.01	
645.028	-28.69	
645.22	-60.64	
645.413	-79.68	
645.605	-107.13	
645.798	-105.28	
645.99	-40.98	
646.182	-13.12	
646.375	33.98	
646.567	60.6	
646.76	36.85	
646.952	11.66	
647.144	10.84	
647.337	-17.83	
647.529	-15.99	
647.721	63.27	
647.913	58.76	
648.106	32.14	
648.298	10.02	
648.49	7.97	
648.682	-82.14	
648.874	-63.5	
649.067	-35.65	
649.259	-14.97	
649.451	-47.12	
649.643	-4.11	
649.835	17.6	
650.027	31.52	
650.219	38.48	
650.411	81.29	
650.603	58.15	
650.796	68.79	
650.988	81.7	
651.18	124.09	
651.372	157.47	
651.564	173.04	
651.756	100.54	
651.948	95.42	
652.139	36.85	
652.331	-8.62	
652.523	0.8	
652.715	24.76	
652.907	15.55	
653.099	46.68	
653.291	32.34	
653.483	-0.02	
653.674	34.39	
653.866	30.91	
654.058	3.05	
654.25	20.46	
654.442	32.34	
654.633	-41.59	
654.825	-49.17	
655.017	-24.18	
655.209	-41.59	
655.4	-18.86	
655.592	-51.83	
655.784	-13.74	
655.975	-18.86	
656.167	-7.39	
656.359	-32.99	
656.55	27.63	
656.742	-49.58	
656.933	25.38	
657.125	17.8	
657.316	11.25	
657.508	-12.71	
657.7	56.1	
657.891	-37.49	
658.083	-14.56	
658.274	30.91	
658.466	76.17	
658.657	85.18	
658.848	40.33	
659.04	46.88	
659.231	1.62	
659.423	-14.76	
659.614	-59	
659.805	79.24	
659.997	136.99	
660.188	162.8	
660.379	185.73	
660.571	179.18	
660.762	100.33	
660.953	15.34	
661.145	25.58	
661.336	-20.29	
661.527	149.48	
661.718	183.48	
661.909	180	
662.101	190.85	
662.292	221.16	
662.483	30.7	
662.674	-22.14	
662.865	-1.25	
663.056	-63.91	
663.247	-114.91	
663.439	-64.73	
663.63	-30.74	
663.821	-55.11	
664.012	-0.63	
664.203	87.23	
664.394	99.51	
664.585	117.95	
664.776	96.44	
664.967	108.32	
665.158	74.12	
665.349	130.44	
665.54	86.82	
665.73	143.75	
665.921	61.22	
666.112	51.18	
666.303	-39.34	
666.494	67.98	
666.685	30.7	
666.876	103.61	
667.066	97.26	
667.257	126.96	
667.448	-2.07	
667.639	-1.25	
667.83	-18.86	
668.02	-6.37	
668.211	-66.58	
668.402	8.58	
668.592	-26.44	
668.783	-34.42	
668.974	-36.68	
669.164	26.61	
669.355	3.05	
669.546	65.11	
669.736	78.83	
669.927	64.08	
670.117	-0.22	
670.308	7.56	
670.499	-44.25	
670.689	-47.53	
670.88	-68.21	
671.07	-5.75	
671.261	-26.64	
671.451	59.58	
671.641	-0.63	
671.832	47.7	
672.022	38.28	
672.213	10.22	
672.403	-42.21	
672.594	38.48	
672.784	42.58	
672.974	26.4	
673.165	-11.49	
673.355	-6.16	
673.545	24.76	
673.736	59.37	
673.926	2.44	
674.116	93.37	
674.306	39.92	
674.497	-19.68	
674.687	-74.15	
674.877	-41.18	
675.067	-68.83	
675.257	-2.47	
675.448	-7.8	
675.638	30.29	
675.828	28.24	
676.018	75.76	
676.208	66.13	
676.398	113.85	
676.588	89.68	
676.778	131.67	
676.968	126.55	
677.158	191.06	
677.348	167.51	
677.538	214.81	
677.728	295.71	
677.918	372.71	
678.108	435.59	
678.298	610.28	
678.488	718.62	
678.678	873.24	
678.868	1003.9	
679.058	1091.76	
679.248	1112.23	
679.438	1136.4	
679.627	1063.49	
679.817	965.6	
680.007	860.74	
680.197	764.28	
680.387	647.96	
680.576	577.51	
680.766	466.31	
680.956	409.99	
681.146	400.77	
681.335	336.05	
681.525	237.14	
681.715	246.56	
681.904	253.73	
682.094	200.27	
682.284	196.59	
682.473	230.58	
682.663	269.91	
682.852	225.46	
683.042	236.32	
683.231	244.72	
683.421	214.81	
683.61	130.03	
683.8	97.06	
683.989	58.96	
684.179	67.16	
684.368	22.72	
684.558	26.2	
684.747	35.82	
684.937	-8.21	
685.126	5.1	
685.316	26.2	
685.505	-26.03	
685.694	28.86	
685.884	135.15	
686.073	82.93	
686.262	93.78	
686.452	180	
686.641	155.01	
686.83	112.01	
687.019	148.46	
687.209	180.82	
687.398	218.3	
687.587	238.78	
687.776	257.21	
687.965	283.63	
688.155	313.73	
688.344	292.23	
688.533	330.12	
688.722	313.53	
688.911	389.92	
689.1	418.18	
689.289	444.39	
689.478	391.14	
689.667	380.29	
689.856	211.13	
690.045	120.81	
690.234	42.58	
690.423	82.72	
690.612	41.56	
690.801	132.49	
690.99	124.7	
691.179	135.97	
691.368	81.29	
691.557	156.24	
691.746	92.76	
691.935	93.78	
692.124	71.05	
692.312	81.29	
692.501	-2.27	
692.69	32.75	
692.879	38.28	
693.068	41.56	
693.256	19.03	
693.445	102.59	
693.634	65.93	
693.823	40.53	
694.011	53.64	
694.2	66.34	
694.389	-7.8	
694.577	7.15	
694.766	23.74	
694.955	21.28	
695.143	-2.27	
695.332	40.33	
695.52	51.18	
695.709	106.89	
695.897	88.25	
696.086	64.9	
696.275	20.05	
696.463	3.67	
696.652	-55.52	
696.84	-2.88	
697.028	33.36	
697.217	58.96	
697.405	96.24	
697.594	141.29	
697.782	123.07	
697.971	129.62	
698.159	126.55	
698.347	147.44	
698.536	140.47	
698.724	168.33	
698.912	150.1	
699.1	165.05	
699.289	174.06	
699.477	156.04	
699.665	118.36	
699.854	104.63	
700.042	100.95	
700.23	81.7	
700.418	96.03	
700.606	95.01	
700.794	132.28	
700.983	148.67	
701.171	138.63	
701.359	120.61	
701.547	170.58	
701.735	190.24	
701.923	148.87	
702.111	117.54	
702.299	99.72	
702.487	106.89	
702.675	65.72	
702.863	72.89	
703.051	90.09	
703.239	162.8	
703.427	119.17	
703.615	143.96	
703.803	156.45	
703.991	216.86	
704.179	209.08	
704.367	269.5	
704.554	321.31	
704.742	351	
704.93	402.41	
705.118	448.49	
705.306	404.87	
705.493	392.78	
705.681	383.57	
705.869	395.04	
706.057	362.47	
706.244	408.55	
706.432	414.7	
706.62	501.74	
706.807	437.02	
706.995	546.59	
707.183	528.56	
707.37	624.41	
707.558	653.28	
707.746	795.62	
707.933	812.62	
708.121	969.49	
708.308	987.51	
708.496	1017	
708.683	1003.69	
708.871	1095.24	
709.058	1066.16	
709.246	1140.7	
709.433	1163.64	
709.621	1246.38	
709.808	1250.47	
709.995	1389.94	
710.183	1446.05	
710.37	1563.4	
710.558	1607.43	
710.745	1677.68	
710.932	1692.83	
711.12	1750.59	
711.307	1767.99	
711.494	1811.21	
711.681	1850.32	
711.869	1819.19	
712.056	1833.12	
712.243	1867.12	
712.43	1802.2	
712.618	1785.2	
712.805	1764.1	
712.992	1711.47	
713.179	1633.03	
713.366	1639.18	
713.553	1619.93	
713.74	1595.96	
713.928	1514.05	
714.115	1530.23	
714.302	1468.99	
714.489	1419.43	
714.676	1372.53	
714.863	1424.96	
715.05	1385.23	
715.237	1356.15	
715.424	1257.64	
715.611	1310.48	
715.798	1267.06	
715.984	1236.14	
716.171	1263.17	
716.358	1281.4	
716.545	1235.11	
716.732	1234.5	
716.919	1173.06	
717.106	1113.46	
717.293	1135.17	
717.479	1157.49	
717.666	1063.7	
717.853	1103.22	
718.04	1155.24	
718.226	1172.04	
718.413	1115.1	
718.6	1209.51	
718.786	1240.23	
718.973	1307	
719.16	1255.39	
719.346	1327.07	
719.533	1329.32	
719.72	1402.02	
719.906	1369.46	
720.093	1488.45	
720.279	1467.56	
720.466	1526.54	
720.652	1557.67	
720.839	1633.85	
721.025	1661.7	
721.212	1746.08	
721.398	1755.3	
721.585	1780.69	
721.771	1738.3	
721.958	1680.55	
722.144	1662.52	
722.331	1576.92	
722.517	1461.41	
722.703	1445.64	
722.89	1382.98	
723.076	1376.22	
723.262	1442.57	
723.449	1422.09	
723.635	1352.26	
723.821	1352.67	
724.007	1277.92	
724.194	1212.59	
724.38	1214.84	
724.566	1229.58	
724.752	1239.21	
724.938	1266.86	
725.125	1310.68	
725.311	1335.67	
725.497	1314.37	
725.683	1305.56	
725.869	1248.22	
726.055	1196	
726.241	1134.97	
726.427	1138.24	
726.613	1092.78	
726.799	1169.58	
726.985	1103.63	
727.171	1142.14	
727.357	1166.51	
727.543	1232.45	
727.729	1154.42	
727.915	1201.12	
728.101	1167.94	
728.287	1130.87	
728.473	1077.83	
728.659	1065.54	
728.845	1013.32	
729.03	980.76	
729.216	964.37	
729.402	926.07	
729.588	919.93	
729.774	937.34	
729.959	953.52	
730.145	996.52	
730.331	1054.48	
730.517	1067.79	
730.702	1091.14	
730.888	1090.32	
731.074	1005.33	
731.259	995.5	
731.445	1012.29	
731.63	980.55	
731.816	955.57	
732.002	1055.71	
732.187	1060.83	
732.373	1022.74	
732.558	1036.87	
732.744	1082.74	
732.929	1026.83	
733.115	926.69	
733.3	847.64	
733.486	832.07	
733.671	754.86	
733.857	706.74	
734.042	773.3	
734.227	821.01	
734.413	892.49	
734.598	960.89	
734.784	960.07	
734.969	910.51	
735.154	952.9	
735.339	886.14	
735.525	880.4	
735.71	925.46	
735.895	912.56	
736.081	889.42	
736.266	895.56	
736.451	861.77	
736.636	876.51	
736.821	874.47	
737.007	835.96	
737.192	836.58	
737.377	791.11	
737.562	705.71	
737.747	744.01	
737.932	783.54	
738.117	721.28	
738.302	804.83	
738.487	843.95	
738.672	799.92	
738.857	805.65	
739.042	852.35	
739.227	864.23	
739.412	845.59	
739.597	842.11	
739.782	868.73	
739.967	820.19	
740.152	788.86	
740.337	814.05	
740.522	851.32	
740.706	808.93	
740.891	887.98	
741.076	887.78	
741.261	904.78	
741.446	909.28	
741.63	911.74	
741.815	899.66	
742	843.34	
742.185	797.05	
742.369	796.44	
742.554	767.56	
742.739	747.08	
742.923	780.26	
743.108	839.24	
743.293	850.3	
743.477	838.22	
743.662	869.14	
743.846	847.64	
744.031	821.83	
744.216	799.1	
744.4	873.44	
744.585	831.66	
744.769	886.34	
744.954	872.01	
745.138	870.16	
745.322	847.23	
745.507	801.97	
745.691	747.9	
745.876	718.62	
746.06	745.65	
746.244	758.76	
746.429	819.38	
746.613	806.27	
746.798	831.05	
746.982	786.81	
747.166	760.19	
747.35	692.4	
747.535	703.87	
747.719	687.69	
747.903	740.94	
748.087	711.45	
748.272	737.46	
748.456	761.21	
748.64	753.84	
748.824	733.16	
749.008	719.43	
749.192	684.82	
749.376	644.27	
749.56	610.89	
749.745	552.93	
749.929	610.28	
750.113	644.27	
750.297	596.97	
750.481	640.59	
750.665	675.81	
750.849	627.28	
751.033	639.36	
751.217	625.64	
751.4	617.65	
751.584	581.2	
751.768	588.16	
751.952	525.9	
752.136	547.4	
752.32	493.95	
752.504	510.13	
752.688	494.77	
752.871	498.05	
753.055	508.49	
753.239	533.07	
753.423	535.12	
753.606	513	
753.79	549.25	
753.974	554.98	
754.157	539.01	
754.341	492.52	
754.525	463.85	
754.708	432.31	
754.892	407.73	
755.076	436.2	
755.259	480.03	
755.443	467.53	
755.626	455.25	
755.81	484.12	
755.993	466.31	
756.177	399.75	
756.36	450.54	
756.544	435.79	
756.727	389.71	
756.911	387.87	
757.094	424.53	
757.278	385.21	
757.461	362.06	
757.644	344.04	
757.828	292.23	
758.011	295.3	
758.195	298.78	
758.378	291	
758.561	285.06	
758.744	258.44	
758.928	280.76	
759.111	271.34	
759.294	306.97	
759.477	334.42	
759.661	370.87	
759.844	343.63	
760.027	318.44	
760.21	271.34	
760.393	257.82	
760.576	261.92	
760.76	203.96	
760.943	175.9	
761.126	259.67	
761.309	292.64	
761.492	274.62	
761.675	271.54	
761.858	295.91	
762.041	209.9	
762.224	114.26	
762.407	97.67	
762.59	112.42	
762.773	55.07	
762.956	43.81	
763.139	84.15	
763.321	104.02	
763.504	53.43	
763.687	108.32	
763.87	132.69	
764.053	136.99	
764.236	157.68	
764.418	199.66	
764.601	177.34	
764.784	213.59	
764.967	252.91	
765.149	222.8	
765.332	233.25	
765.515	267.24	
765.697	186.35	
765.88	144.16	
766.063	145.8	
766.245	122.86	
766.428	72.69	
766.611	108.12	
766.793	117.33	
766.976	156.65	
767.158	124.09	
767.341	172.63	
767.523	176.52	
767.706	192.7	
767.888	141.09	
768.071	262.53	
768.253	235.91	
768.436	246.76	
768.618	238.78	
768.8	327.45	
768.983	277.07	
769.165	274.82	
769.348	204.98	
769.53	160.95	
769.712	55.28	
769.895	12.27	
770.077	23.53	
770.259	53.03	
770.441	48.52	
770.624	120.81	
770.806	168.53	
770.988	154.81	
771.17	149.89	
771.352	237.14	
771.535	244.51	
771.717	231.61	
771.899	222.39	
772.081	298.78	
772.263	209.9	
772.445	167.92	
772.627	99.51	
772.809	119.38	
772.991	84.56	
773.173	142.52	
773.355	134.12	
773.537	162.39	
773.719	139.86	
773.901	194.34	
774.083	134.53	
774.265	77.4	
774.447	54.87	
774.629	83.74	
774.811	49.13	
774.992	94.19	
775.174	100.95	
775.356	164.64	
775.538	116.92	
775.72	65.52	
775.901	58.96	
776.083	85.38	
776.265	38.08	
776.447	99.51	
776.628	146.21	
776.81	135.35	
776.992	189.83	
777.173	222.6	
777.355	193.11	
777.537	212.56	
777.718	215.84	
777.9	206.42	
778.081	200.07	
778.263	235.29	
778.444	196.59	
778.626	183.48	
778.807	132.69	
778.989	119.99	
779.17	59.99	
779.352	-22.34	
779.533	-45.69	
779.715	7.97	
779.896	-53.67	
780.078	25.17	
780.259	118.97	
780.44	129.82	
780.622	84.36	
780.803	233.04	
780.984	201.3	
781.166	131.46	
781.347	152.76	
781.528	166.48	
781.709	84.36	
781.891	98.9	
782.072	156.65	
782.253	180.41	
782.434	166.48	
782.615	166.48	
782.796	158.29	
782.978	209.08	
783.159	209.69	
783.34	272.98	
783.521	271.54	
783.702	298.37	
783.883	272.16	
784.064	307.59	
784.245	243.49	
784.426	300.42	
784.607	247.58	
784.788	257.62	
784.969	169.55	
785.15	206.62	
785.331	101.77	
785.512	140.68	
785.692	123.27	
785.873	164.84	
786.054	133.92	
786.235	162.8	
786.416	172.83	
786.597	183.28	
786.777	149.48	
786.958	156.86	
787.139	195.56	
787.32	197.61	
787.5	206.01	
787.681	189.01	
787.862	199.05	
788.042	190.44	
788.223	170.78	
788.404	91.32	
788.584	141.29	
788.765	160.75	
788.946	150.1	
789.126	142.93	
789.307	232.63	
789.487	254.34	
789.668	209.69	
789.848	189.22	
790.029	140.88	
790.209	73.1	
790.39	20.26	
790.57	5.92	
790.75	82.11	
790.931	108.32	
791.111	100.74	
791.292	163.41	
791.472	205.19	
791.652	168.74	
791.833	175.08	
792.013	194.34	
792.193	119.17	
792.373	144.77	
792.554	131.87	
792.734	140.88	
792.914	130.23	
793.094	175.9	
793.275	172.42	
793.455	142.11	
793.635	177.75	
793.815	202.94	
793.995	172.42	
794.175	155.01	
794.355	236.73	
794.535	210.51	
794.715	197.61	
794.896	201.91	
795.076	157.88	
795.256	164.03	
795.436	116.51	
795.616	158.5	
795.795	176.52	
795.975	195.97	
796.155	176.11	
796.335	206.62	
796.515	205.19	
796.695	254.75	
796.875	320.9	
797.055	301.65	
797.234	303.08	
797.414	271.75	
797.594	208.88	
797.774	148.05	
797.954	102.38	
798.133	114.46	
798.313	80.06	
798.493	108.53	
798.672	73.71	
798.852	91.73	
799.032	32.34	
799.211	28.86	
799.391	2.85	
799.571	28.45	
799.75	21.49	
799.93	109.75	
800.109	130.64	
800.289	134.74	
800.468	107.3	
800.648	91.73	
800.827	44.63	
801.007	41.76	
801.186	-6.37	
801.366	27.02	
801.545	67.57	
801.725	149.48	
801.904	100.95	
802.083	150.1	
802.263	131.87	
802.442	168.33	
802.621	82.31	
802.801	210.51	
802.98	233.04	
803.159	204.98	
803.338	136.58	
803.518	180.61	
803.697	60.6	
803.876	62.24	
804.055	97.06	
804.235	128.19	
804.414	57.74	
804.593	110.16	
804.772	75.35	
804.951	66.13	
805.13	-6.98	
805.309	45.65	
805.488	42.99	
805.667	65.31	
805.846	101.36	
806.025	144.77	
806.204	167.1	
806.383	134.53	
806.562	92.55	
806.741	65.31	
806.92	91.53	
807.099	30.29	
807.278	-6.16	
807.457	-0.43	
807.636	36.64	
807.814	35.41	
807.993	41.76	
808.172	97.06	
808.351	115.28	
808.53	100.54	
808.708	68.18	
808.887	75.96	
809.066	138.02	
809.244	133.72	
809.423	98.7	
809.602	107.3	
809.78	138.02	
809.959	67.77	
810.138	90.09	
810.316	104.22	
810.495	115.49	
810.673	53.64	
810.852	72.28	
811.03	71.25	
811.209	83.13	
811.388	79.65	
811.566	114.87	
811.744	114.05	
811.923	87.43	
812.101	69.82	
812.28	153.17	
812.458	175.9	
812.637	141.09	
812.815	157.06	
812.993	197	
813.172	154.81	
813.35	79.65	
813.528	131.05	
813.706	110.16	
813.885	84.97	
814.063	23.74	
814.241	127.78	
814.419	138.02	
814.598	198.64	
814.776	169.35	
814.954	160.34	
815.132	111.6	
815.31	100.74	
815.488	-8.21	
815.666	-12.92	
815.844	-19.27	
816.022	-40.57	
816.201	-86.03	
816.379	11.86	
816.557	58.35	
816.735	82.11	
816.913	64.9	
817.09	115.69	
817.268	52.21	
817.446	12.48	
817.624	-11.49	
817.802	102.38	
817.98	60.4	
818.158	69.82	
818.336	24.15	
818.514	79.65	
818.691	24.35	
818.869	73.91	
819.047	114.87	
819.225	160.34	
819.402	98.7	
819.58	139.45	
819.758	137.81	
819.935	100.95	
820.113	107.91	
820.291	131.87	
820.468	52.62	
820.646	59.37	
820.824	103	
821.001	185.32	
821.179	230.58	
821.356	261.92	
821.534	218.91	
821.711	143.34	
821.889	135.76	
822.066	118.56	
822.244	97.67	
822.421	137.2	
822.599	177.34	
822.776	94.19	
822.953	39.3	
823.131	6.95	
823.308	-37.09	
823.486	-24.18	
823.663	-7.8	
823.84	45.86	
824.017	20.46	
824.195	37.26	
824.372	47.09	
824.549	45.24	
824.726	27.63	
824.904	44.22	
825.081	68.18	
825.258	5.72	
825.435	-1.66	
825.612	20.87	
825.789	5.51	
825.967	16.16	
826.144	110.37	
826.321	133.72	
826.498	125.32	
826.675	166.69	
826.852	78.83	
827.029	54.66	
827.206	66.34	
827.383	14.73	
827.56	57.94	
827.737	107.09	
827.914	114.67	
828.09	96.03	
828.267	141.7	
828.444	117.74	
828.621	82.52	
828.798	124.5	
828.975	88.66	
829.151	57.53	
829.328	51.39	
829.505	137.4	
829.682	38.69	
829.858	44.42	
830.035	116.72	
830.212	107.3	
830.389	56.92	
830.565	46.47	
830.742	127.98	
830.918	89.48	
831.095	91.32	
831.272	95.21	
831.448	109.14	
831.625	104.63	
831.801	115.69	
831.978	112.62	
832.154	66.34	
832.331	112.62	
832.507	39.3	
832.684	67.36	
832.86	91.32	
833.037	224.65	
833.213	172.22	
833.389	220.75	
833.566	128.6	
833.742	86.61	
833.918	-10.46	
834.095	-48.35	
834.271	-119	
834.447	-49.37	
834.624	-24.59	
834.8	-39.34	
834.976	30.91	
835.152	61.63	
835.328	49.54	
835.505	65.93	
835.681	88.05	
835.857	16.78	
836.033	63.27	
836.209	142.11	
836.385	129.21	
836.561	138.22	
836.737	217.27	
836.913	140.47	
837.089	92.76	
837.265	128.6	
837.441	159.72	
837.617	143.75	
837.793	165.87	
837.969	142.32	
838.145	103.61	
838.321	68.59	
838.497	73.1	
838.673	123.68	
838.849	71.87	
839.025	132.49	
839.2	150.71	
839.376	179.18	
839.552	138.22	
839.728	203.55	
839.903	136.38	
840.079	158.29	
840.255	102.38	
840.431	189.83	
840.606	119.99	
840.782	197	
840.958	104.84	
841.133	107.91	
841.309	42.17	
841.484	90.91	
841.66	2.65	
841.835	7.97	
842.011	-10.67	
842.186	26.2	
842.362	-8	
842.537	31.11	
842.713	24.97	
842.888	39.92	
843.064	-25.41	
843.239	-20.7	
843.415	-26.03	
843.59	44.01	
843.765	58.96	
843.941	112.62	
844.116	188.19	
844.291	148.26	
844.467	111.19	
844.642	130.44	
844.817	141.29	
844.992	66.75	
845.168	80.06	
845.343	118.77	
845.518	122.45	
845.693	122.25	
845.868	135.56	
846.043	121.84	
846.219	70.02	
846.394	92.14	
846.569	47.91	
846.744	25.58	
846.919	39.3	
847.094	158.29	
847.269	123.89	
847.444	119.58	
847.619	149.89	
847.794	241.03	
847.969	184.1	
848.144	200.68	
848.319	210.92	
848.494	212.36	
848.668	160.34	
848.843	177.54	
849.018	144.98	
849.193	122.45	
849.368	131.87	
849.542	163	
849.717	121.43	
849.892	111.39	
850.067	139.24	
850.241	180.82	
850.416	128.19	
850.591	143.14	
850.765	137.4	
850.94	168.94	
851.115	82.93	
851.289	107.3	
851.464	69.2	
851.639	87.43	
851.813	45.65	
851.988	127.78	
852.162	86.41	
852.337	101.56	
852.511	123.68	
852.686	190.85	
852.86	139.24	
853.035	150.3	
853.209	134.74	
853.383	146.62	
853.558	37.67	
853.732	73.71	
853.906	31.52	
854.081	63.67	
854.255	11.86	
854.429	64.7	
854.604	30.91	
854.778	110.78	
854.952	107.5	
855.126	147.85	
855.301	140.88	
855.475	114.46	
855.649	67.57	
855.823	29.47	
855.997	6.13	
856.171	17.8	
856.345	14.11	
856.52	31.32	
856.694	73.91	
856.868	121.63	
857.042	110.37	
857.216	188.6	
857.39	203.14	
857.564	160.75	
857.738	107.91	
857.912	91.94	
858.085	53.03	
858.259	52	
858.433	84.97	
858.607	65.11	
858.781	71.46	
858.955	37.46	
859.129	7.77	
859.302	11.25	
859.476	7.56	
859.65	99.72	
859.824	81.49	
859.997	105.86	
860.171	133.31	
860.345	204.17	
860.519	149.89	
860.692	181.02	
860.866	197.2	
861.039	189.83	
861.213	160.34	
861.387	117.33	
861.56	116.72	
861.734	146.41	
861.907	131.26	
862.081	124.7	
862.254	174.88	
862.428	197	
862.601	127.98	
862.775	127.57	
862.948	218.09	
863.122	197.2	
863.295	170.58	
863.468	177.95	
863.642	124.29	
863.815	54.46	
863.988	46.88	
864.162	62.65	
864.335	23.53	
864.508	80.47	
864.682	103.61	
864.855	85.38	
865.028	55.07	
865.201	120.4	
865.374	73.71	
865.548	112.21	
865.721	124.29	
865.894	209.49	
866.067	176.93	
866.24	230.79	
866.413	186.55	
866.586	193.93	
866.759	86	
866.932	78.83	
867.105	36.23	
867.278	-32.58	
867.451	-56.54	
867.624	-3.5	
867.797	38.69	
867.97	33.77	
868.143	58.96	
868.316	105.45	
868.489	45.45	
868.661	35	
868.834	60.4	
869.007	115.08	
869.18	91.94	
869.353	128.6	
869.525	142.52	
869.698	110.78	
869.871	76.78	
870.044	80.06	
870.216	112.42	
870.389	68.39	
870.562	102.18	
870.734	138.63	
870.907	110.57	
871.079	113.24	
871.252	111.19	
871.425	152.35	
871.597	87.84	
871.77	200.89	
871.942	169.15	
872.115	172.01	
872.287	146.62	
872.459	159.11	
872.632	91.94	
872.804	115.69	
872.977	84.15	
873.149	65.31	
873.321	46.27	
873.494	32.14	
873.666	69.82	
873.838	78.01	
874.011	41.76	
874.183	88.46	
874.355	62.86	
874.528	10.63	
874.7	27.22	
874.872	124.29	
875.044	134.74	
875.216	167.71	
875.388	218.09	
875.561	244.72	
875.733	132.9	
875.905	87.43	
876.077	12.27	
876.249	56.51	
876.421	30.91	
876.593	23.74	
876.765	63.06	
876.937	152.15	
877.109	60.4	
877.281	69.61	
877.453	112.21	
877.625	78.83	
877.797	15.14	
877.968	-7.18	
878.14	-15.58	
878.312	24.15	
878.484	-10.26	
878.656	23.33	
878.828	28.04	
878.999	83.95	
879.171	2.24	
879.343	-2.27	
879.515	-15.17	
879.686	-17.22	
879.858	-69.03	
880.03	-11.28	
880.201	23.53	
880.373	5.92	
880.545	30.91	
880.716	84.36	
880.888	161.77	
881.059	176.93	
881.231	189.42	
881.402	229.56	
881.574	200.68	
881.745	132.28	
881.917	158.5	
882.088	179.79	
882.26	114.05	
882.431	146.41	
882.602	74.32	
882.774	60.81	
882.945	5.51	
883.116	-14.56	
883.288	-73.13	
883.459	-38.31	
883.63	-40.77	
883.802	-4.52	
883.973	41.15	
884.144	91.32	
884.315	121.22	
884.487	146.21	
884.658	208.67	
884.829	233.66	
885	204.17	
885.171	217.07	
885.342	135.56	
885.513	86.2	
885.684	78.62	
885.855	96.65	
886.026	45.86	
886.197	104.84	
886.368	62.65	
886.539	79.44	
886.71	28.86	
886.881	65.52	
887.052	85.38	
887.223	131.26	
887.394	68.39	
887.565	145.59	
887.736	94.39	
887.907	92.96	
888.077	54.66	
888.248	50.36	
888.419	-0.02	
888.59	3.87	
888.761	28.24	
888.931	55.69	
889.102	111.19	
889.273	85.18	
889.443	80.67	
889.614	13.5	
889.785	34.59	
889.955	9.2	
890.126	12.27	
890.296	83.13	
890.467	109.96	
890.637	178.77	
890.808	195.15	
890.978	232.02	
891.149	200.89	
891.319	274.82	
891.49	215.43	
891.66	236.52	
891.831	213.18	
892.001	232.84	
892.172	104.43	
892.342	92.96	
892.512	60.4	
892.683	118.15	
892.853	86.41	
893.023	153.79	
893.193	124.09	
893.364	139.65	
893.534	103.61	
893.704	172.01	
893.874	169.35	
894.044	194.13	
894.215	165.25	
894.385	202.94	
894.555	144.98	
894.725	198.84	
894.895	139.45	
895.065	170.17	
895.235	131.87	
895.405	210.51	
895.575	138.84	
895.745	212.56	
895.915	232.02	
