177.618	-767.31	
177.836	-760.65	
178.054	-767.31	
178.271	-597.32	
178.489	-369.39	
178.706	-234.63	
178.924	-96.6	
179.142	59.66	
179.359	63.56	
179.577	-60.35	
179.794	-39.05	
180.012	-47.44	
180.229	-97.01	
180.447	-76.53	
180.664	-30.65	
180.882	-41.1	
181.1	18.91	
181.317	25.05	
181.535	-15.7	
181.752	-14.88	
181.969	32.43	
182.187	26.28	
182.404	75.02	
182.622	86.49	
182.839	114.14	
183.057	103.9	
183.274	94.68	
183.492	84.24	
183.709	121.92	
183.926	66.01	
184.144	33.25	
184.361	46.56	
184.579	79.32	
184.796	5.19	
185.013	57	
185.231	36.52	
185.448	55.98	
185.666	71.34	
185.883	53.32	
186.1	65.6	
186.317	112.91	
186.535	33.45	
186.752	5.6	
186.969	76.25	
187.187	148.14	
187.404	71.13	
187.621	179.47	
187.839	196.06	
188.056	157.97	
188.273	57	
188.49	152.85	
188.708	100.83	
188.925	135.64	
189.142	142.61	
189.359	136.05	
189.576	78.1	
189.794	63.56	
190.011	25.67	
190.228	50.65	
190.445	55.36	
190.662	139.74	
190.879	127.45	
191.097	111.27	
191.314	125.81	
191.531	140.35	
191.748	20.75	
191.965	63.76	
192.182	38.57	
192.399	12.77	
192.616	49.01	
192.834	124.99	
193.051	67.45	
193.268	98.37	
193.485	103.9	
193.702	50.04	
193.919	18.3	
194.136	48.4	
194.353	31.2	
194.57	53.32	
194.787	52.91	
195.004	138.31	
195.221	111.68	
195.438	157.15	
195.655	107.18	
195.872	198.31	
196.089	79.32	
196.306	114.96	
196.523	86.49	
196.74	142.2	
196.957	24.23	
197.173	84.24	
197.39	64.37	
197.607	108.82	
197.824	89.15	
198.041	156.12	
198.258	136.67	
198.475	190.73	
198.692	130.93	
198.909	61.71	
199.125	1.71	
199.342	55.57	
199.559	29.97	
199.776	51.68	
199.993	143.02	
200.21	164.32	
200.426	78.71	
200.643	65.6	
200.86	73.8	
201.077	86.49	
201.293	90.18	
201.51	119.46	
201.727	22.39	
201.944	-48.06	
202.16	-65.88	
202.377	-83.9	
202.594	-109.7	
202.811	-42.94	
203.027	4.16	
203.244	-40.07	
203.461	-25.94	
203.677	65.4	
203.894	86.08	
204.111	98.78	
204.327	115.57	
204.544	112.09	
204.761	81.37	
204.977	50.65	
205.194	5.39	
205.41	65.4	
205.627	54.75	
205.844	53.73	
206.06	56.18	
206.277	117.01	
206.493	73.39	
206.71	101.03	
206.926	69.9	
207.143	130.93	
207.36	49.63	
207.576	101.65	
207.793	118.03	
208.009	151	
208.226	118.24	
208.442	132.98	
208.659	101.44	
208.875	95.5	
209.092	36.11	
209.308	18.09	
209.524	37.34	
209.741	87.93	
209.957	122.95	
210.174	163.09	
210.39	143.22	
210.607	147.93	
210.823	17.07	
211.039	-48.88	
211.256	20.55	
211.472	-4.23	
211.688	46.56	
211.905	129.91	
212.121	119.87	
212.338	41.85	
212.554	99.19	
212.77	53.73	
212.987	48.2	
213.203	121.72	
213.419	158.58	
213.635	129.3	
213.852	104.31	
214.068	61.71	
214.284	-4.85	
214.501	19.73	
214.717	33.86	
214.933	88.13	
215.149	49.01	
215.365	29.56	
215.582	-56.66	
215.798	-35.98	
216.014	-57.48	
216.23	-3	
216.447	17.07	
216.663	17.89	
216.879	-22.66	
217.095	4.78	
217.311	26.28	
217.527	50.24	
217.743	97.55	
217.96	81.99	
218.176	55.98	
218.392	46.97	
218.608	73.59	
218.824	39.59	
219.04	57.62	
219.256	101.85	
219.472	73.8	
219.688	35.29	
219.904	96.32	
220.12	171.89	
220.336	125.61	
220.552	144.65	
220.768	175.58	
220.984	168.41	
221.2	57.82	
221.416	88.34	
221.632	48.61	
221.848	21.78	
222.064	-49.29	
222.28	-9.97	
222.496	-75.71	
222.712	8.06	
222.928	-20.82	
223.144	61.3	
223.36	66.63	
223.576	122.95	
223.792	78.71	
224.008	178.45	
224.224	159.81	
224.439	204.25	
224.655	170.66	
224.871	203.64	
225.087	142.61	
225.303	82.4	
225.519	53.93	
225.734	123.15	
225.95	99.8	
226.166	111.89	
226.382	133.8	
226.598	141.58	
226.813	127.66	
227.029	103.08	
227.245	84.65	
227.461	104.31	
227.677	119.46	
227.892	111.27	
228.108	91.82	
228.324	141.99	
228.539	80.76	
228.755	118.65	
228.971	106.36	
229.186	168.82	
229.402	138.51	
229.618	211.42	
229.833	118.24	
230.049	121.1	
230.265	42.87	
230.48	99.6	
230.696	93.66	
230.912	120.28	
231.127	110.66	
231.343	179.88	
231.558	69.9	
231.774	104.11	
231.99	183.77	
232.205	178.65	
232.421	112.09	
232.636	152.85	
232.852	78.3	
233.067	15.63	
233.283	32.02	
233.498	87.93	
233.714	102.47	
233.929	153.26	
234.145	131.55	
234.36	142.81	
234.576	166.36	
234.791	201.59	
235.007	194.22	
235.222	255.25	
235.438	218.59	
235.653	273.47	
235.868	235.79	
236.084	261.18	
236.299	280.23	
236.515	304.19	
236.73	210.39	
236.945	207.73	
237.161	153.26	
237.376	79.94	
237.592	62.74	
237.807	76.87	
238.022	60.48	
238.238	83.63	
238.453	51.06	
238.668	69.7	
238.883	-8.12	
239.099	4.98	
239.314	-28.6	
239.529	27.92	
239.745	45.33	
239.96	137.08	
240.175	122.54	
240.39	237.63	
240.605	215.72	
240.821	159.81	
241.036	153.67	
241.251	233.33	
241.466	140.76	
241.681	143.63	
241.897	184.18	
242.112	207.73	
242.327	118.03	
242.542	134.21	
242.757	143.84	
242.972	128.68	
243.188	65.6	
243.403	95.5	
243.618	83.01	
243.833	71.54	
244.048	83.22	
244.263	103.7	
244.478	88.75	
244.693	71.54	
244.908	90.59	
245.123	90.18	
245.338	135.44	
245.553	159.61	
245.768	149.98	
245.983	157.76	
246.198	109.84	
246.413	97.76	
246.628	82.6	
246.843	73.18	
247.058	60.89	
247.273	95.09	
247.488	63.35	
247.703	104.11	
247.918	110.04	
248.133	121.31	
248.348	81.78	
248.563	155.71	
248.778	105.33	
248.993	137.69	
249.207	200.56	
249.422	208.55	
249.637	71.54	
249.852	66.42	
250.067	34.27	
250.282	-59.12	
250.496	-64.85	
250.711	51.68	
250.926	39.59	
251.141	104.11	
251.356	105.95	
251.57	164.52	
251.785	115.98	
252	98.99	
252.215	64.17	
252.43	106.97	
252.644	113.73	
252.859	129.91	
253.074	167.39	
253.288	148.55	
253.503	98.37	
253.718	117.62	
253.932	195.85	
254.147	212.24	
254.362	232.72	
254.576	249.31	
254.791	197.49	
255.006	119.67	
255.22	135.85	
255.435	138.72	
255.65	177.22	
255.864	207.73	
256.079	174.76	
256.293	167.18	
256.508	161.24	
256.723	227.39	
256.937	153.67	
257.152	151.62	
257.366	123.77	
257.581	120.28	
257.795	31.2	
258.01	141.79	
258.224	177.83	
258.439	198.31	
258.653	163.09	
258.868	178.45	
259.082	100.83	
259.297	69.29	
259.511	40	
259.726	36.32	
259.94	-16.73	
260.154	-42.94	
260.369	-36.39	
260.583	-13.86	
260.798	-34.54	
261.012	14.61	
261.226	60.69	
261.441	108	
261.655	96.32	
261.869	177.83	
262.084	157.97	
262.298	147.11	
262.512	51.47	
262.727	35.91	
262.941	41.44	
263.155	36.73	
263.37	28.54	
263.584	113.32	
263.798	124.79	
264.012	158.58	
264.227	150.39	
264.441	211.21	
264.655	145.47	
264.869	217.15	
265.084	116.6	
265.298	143.84	
265.512	64.58	
265.726	128.68	
265.94	55.36	
266.155	118.24	
266.369	114.55	
266.583	193.81	
266.797	187.05	
267.011	249.51	
267.225	283.3	
267.439	279.41	
267.654	216.74	
267.868	171.48	
268.082	68.88	
268.296	-61.99	
268.51	-131.41	
268.724	-89.63	
268.938	-129.36	
269.152	-73.45	
269.366	-24.51	
269.58	38.77	
269.794	-7.3	
270.008	119.87	
270.222	119.87	
270.436	120.69	
270.65	99.39	
270.864	135.44	
271.078	65.19	
271.292	63.96	
271.506	132.78	
271.72	164.11	
271.934	182.13	
272.148	163.91	
272.362	166.77	
272.575	175.17	
272.789	183.57	
273.003	150.39	
273.217	209.37	
273.431	155.1	
273.645	104.31	
273.859	139.94	
274.073	189.71	
274.286	164.52	
274.5	200.15	
274.714	170.87	
274.928	161.86	
275.142	129.5	
275.355	115.98	
275.569	157.76	
275.783	216.33	
275.997	158.58	
276.21	187.87	
276.424	248.69	
276.638	182.34	
276.852	185.61	
277.065	192.78	
277.279	179.68	
277.493	129.3	
277.706	221.04	
277.92	214.9	
278.134	171.07	
278.347	115.16	
278.561	80.96	
278.775	66.63	
278.988	36.93	
279.202	117.83	
279.415	191.35	
279.629	205.27	
279.843	193.19	
280.056	296.41	
280.27	294.98	
280.483	207.73	
280.697	208.76	
280.91	240.91	
281.124	237.02	
281.337	212.44	
281.551	301.53	
281.764	271.63	
281.978	220.02	
282.191	113.12	
282.405	131.14	
282.618	49.01	
282.832	94.27	
283.045	61.71	
283.259	119.26	
283.472	94.68	
283.686	122.74	
283.899	71.34	
284.112	100.62	
284.326	90.18	
284.539	129.7	
284.752	141.99	
284.966	176.81	
285.179	203.23	
285.393	206.09	
285.606	124.79	
285.819	153.87	
286.033	111.27	
286.246	180.7	
286.459	125.81	
286.672	170.66	
286.886	96.32	
287.099	193.6	
287.312	34.27	
287.525	45.94	
287.739	41.03	
287.952	110.45	
288.165	118.24	
288.378	175.99	
288.592	188.07	
288.805	176.6	
289.018	184.8	
289.231	129.91	
289.444	154.08	
289.657	113.32	
289.871	103.7	
290.084	50.45	
290.297	122.54	
290.51	88.34	
290.723	98.17	
290.936	171.28	
291.149	163.7	
291.362	155.92	
291.575	146.29	
291.789	161.86	
292.002	119.67	
292.215	153.26	
292.428	51.68	
292.641	99.39	
292.854	92.02	
293.067	73.18	
293.28	50.24	
293.493	61.51	
293.706	-20	
293.919	62.53	
294.132	34.06	
294.345	39.59	
294.558	50.24	
294.77	68.68	
294.983	-1.57	
295.196	79.53	
295.409	133.39	
295.622	197.9	
295.835	256.27	
296.048	296.41	
296.261	263.64	
296.474	249.1	
296.686	207.12	
296.899	195.65	
297.112	186.43	
297.325	180.29	
297.538	189.71	
297.751	204.25	
297.963	241.93	
298.176	234.97	
298.389	213.06	
298.602	197.08	
298.814	299.28	
299.027	262.21	
299.24	244.39	
299.453	318.32	
299.665	276.34	
299.878	123.15	
300.091	86.29	
300.303	80.35	
300.516	21.16	
300.729	45.12	
300.941	85.06	
301.154	57.41	
301.367	50.24	
301.579	79.32	
301.792	109.84	
302.005	83.22	
302.217	91.41	
302.43	121.92	
302.642	70.11	
302.855	4.16	
303.067	8.67	
303.28	62.12	
303.493	6.01	
303.705	100.42	
303.918	144.04	
304.13	219.2	
304.343	188.28	
304.555	246.03	
304.768	172.92	
304.98	208.14	
305.193	98.17	
305.405	140.35	
305.617	82.81	
305.83	118.44	
306.042	58.64	
306.255	90.18	
306.467	29.97	
306.68	34.88	
306.892	19.11	
307.104	58.03	
307.317	58.44	
307.529	143.22	
307.741	182.13	
307.954	201.18	
308.166	165.95	
308.378	236.81	
308.591	226.98	
308.803	249.92	
309.015	275.32	
309.228	324.88	
309.44	223.3	
309.652	183.98	
309.864	141.17	
310.077	50.65	
310.289	-21.03	
310.501	20.14	
310.713	17.07	
310.926	51.47	
311.138	28.74	
311.35	103.29	
311.562	59.46	
311.774	104.11	
311.986	79.94	
312.199	191.55	
312.411	81.99	
312.623	128.48	
312.835	30.17	
313.047	-6.89	
313.259	-45.19	
313.471	23.82	
313.683	9.08	
313.895	56.18	
314.108	61.71	
314.32	53.11	
314.532	-2.8	
314.744	27.51	
314.956	96.32	
315.168	137.9	
315.38	99.19	
315.592	179.47	
315.804	162.47	
316.016	215.31	
316.228	219.61	
316.44	265.89	
316.651	265.49	
316.863	268.15	
317.075	155.92	
317.287	88.75	
317.499	84.44	
317.711	52.29	
317.923	81.99	
318.135	47.17	
318.347	109.02	
318.559	170.46	
318.77	206.09	
318.982	157.15	
319.194	178.45	
319.406	147.73	
319.618	73.59	
319.83	1.09	
320.041	3.96	
320.253	6.62	
320.465	-9.15	
320.677	-26.15	
320.888	-6.08	
321.1	21.98	
321.312	95.09	
321.524	124.38	
321.735	125.4	
321.947	97.35	
322.159	49.22	
322.37	-38.23	
322.582	-37.82	
322.794	18.09	
323.005	78.92	
323.217	89.36	
323.429	66.01	
323.64	103.29	
323.852	52.91	
324.063	17.89	
324.275	66.01	
324.487	126.43	
324.698	61.51	
324.91	102.88	
325.121	76.66	
325.333	23.01	
325.544	12.36	
325.756	85.26	
325.967	32.02	
326.179	109.02	
326.39	120.49	
326.602	145.68	
326.813	52.5	
327.025	78.51	
327.236	-3.82	
327.448	-22.66	
327.659	-91.48	
327.871	-38.84	
328.082	-38.02	
328.293	24.03	
328.505	79.32	
328.716	128.89	
328.928	100.21	
329.139	152.03	
329.35	119.67	
329.562	146.09	
329.773	154.28	
329.984	174.96	
330.196	113.12	
330.407	167.39	
330.618	103.9	
330.83	82.81	
331.041	81.17	
331.252	82.81	
331.463	53.52	
331.675	104.51	
331.886	162.06	
332.097	178.45	
332.308	183.98	
332.52	191.76	
332.731	153.26	
332.942	129.91	
333.153	175.78	
333.364	148.96	
333.575	123.97	
333.787	163.7	
333.998	84.44	
334.209	93.25	
334.42	87.11	
334.631	81.99	
334.842	71.75	
335.053	153.67	
335.264	77.48	
335.475	108.82	
335.686	116.8	
335.898	120.9	
336.109	48.81	
336.32	69.49	
336.531	63.56	
336.742	79.12	
336.953	36.11	
337.164	55.98	
337.375	28.54	
337.586	26.08	
337.797	-35.16	
338.007	20.75	
338.218	-9.97	
338.429	18.7	
338.64	-8.33	
338.851	41.23	
339.062	-4.44	
339.273	94.68	
339.484	55.98	
339.695	26.08	
339.906	20.96	
340.116	66.83	
340.327	17.07	
340.538	37.34	
340.749	78.51	
340.96	68.47	
341.171	14.2	
341.381	20.75	
341.592	36.93	
341.803	52.7	
342.014	68.88	
342.224	108.61	
342.435	88.95	
342.646	39.8	
342.857	18.3	
343.067	-24.1	
343.278	-10.58	
343.489	4.37	
343.699	41.85	
343.91	50.24	
344.121	57.41	
344.331	-10.38	
344.542	-45.6	
344.753	21.78	
344.963	39.59	
345.174	109.02	
345.384	174.15	
345.595	246.85	
345.806	171.28	
346.016	137.9	
346.227	121.92	
346.437	134.21	
346.648	90.38	
346.858	116.19	
347.069	106.77	
347.279	100.21	
347.49	44.51	
347.7	62.12	
347.911	-0.55	
348.121	25.26	
348.332	22.19	
348.542	-22.25	
348.753	-43.96	
348.963	33.25	
349.173	39.18	
349.384	87.11	
349.594	189.71	
349.805	234.97	
350.015	160.83	
350.225	175.99	
350.436	149.16	
350.646	153.46	
350.856	117.62	
351.067	147.32	
351.277	70.72	
351.487	16.45	
351.698	-76.32	
351.908	-66.08	
352.118	-41.92	
352.328	-8.94	
352.539	80.55	
352.749	101.85	
352.959	85.47	
353.169	68.88	
353.38	96.12	
353.59	88.34	
353.8	114.14	
354.01	123.56	
354.22	111.89	
354.431	192.58	
354.641	118.24	
354.851	102.67	
355.061	97.55	
355.271	162.27	
355.481	70.93	
355.691	97.96	
355.901	93.25	
356.111	115.57	
356.321	64.17	
356.532	75.84	
356.742	43.49	
356.952	44.3	
357.162	8.46	
357.372	8.26	
357.582	-25.12	
357.792	-54.41	
358.002	-66.9	
358.212	-5.87	
358.422	21.57	
358.632	39.39	
358.842	71.54	
359.051	136.67	
359.261	74.82	
359.471	49.83	
359.681	84.24	
359.891	64.78	
360.101	-16.52	
360.311	-10.79	
360.521	-23.07	
360.731	-18.98	
360.94	14.81	
361.15	89.15	
361.36	100.01	
361.57	100.42	
361.78	78.71	
361.989	68.06	
362.199	52.7	
362.409	83.01	
362.619	74.41	
362.828	177.01	
363.038	194.42	
363.248	188.89	
363.458	170.05	
363.667	200.36	
363.877	110.45	
364.087	94.48	
364.296	54.34	
364.506	72.36	
364.716	53.93	
364.925	29.76	
365.135	9.28	
365.345	25.67	
365.554	-2.59	
365.764	73.18	
365.973	87.31	
366.183	164.32	
366.393	196.67	
366.602	213.47	
366.812	93.05	
367.021	145.88	
367.231	51.47	
367.44	11.74	
367.65	6.83	
367.859	72.98	
368.069	7.65	
368.278	76.87	
368.488	96.32	
368.697	45.12	
368.907	-7.1	
369.116	121.72	
369.326	77.48	
369.535	73.59	
369.744	131.55	
369.954	151.82	
370.163	28.13	
370.373	58.03	
370.582	27.72	
370.791	3.55	
371.001	-25.33	
371.21	-16.11	
371.419	-57.48	
371.629	-64.85	
371.838	-70.18	
372.047	20.55	
372.256	6.01	
372.466	40.62	
372.675	10.51	
372.884	3.96	
373.093	-86.15	
373.303	-22.25	
373.512	-44.78	
373.721	12.97	
373.93	-19.8	
374.139	89.36	
374.349	12.97	
374.558	75.23	
374.767	29.35	
374.976	68.06	
375.185	26.08	
375.394	32.43	
375.603	10.92	
375.813	40.21	
376.022	27.31	
376.231	-29.63	
376.44	-32.9	
376.649	-21.03	
376.858	-7.1	
377.067	2.94	
377.276	58.44	
377.485	101.85	
377.694	87.11	
377.903	92.43	
378.112	68.68	
378.321	77.48	
378.53	72.98	
378.739	72.98	
378.948	62.12	
379.157	93.87	
379.366	103.49	
379.575	92.64	
379.784	40.21	
379.992	38.16	
380.201	97.96	
380.41	63.15	
380.619	41.44	
380.828	75.43	
381.037	66.22	
381.246	-49.08	
381.454	-102.13	
381.663	-24.3	
381.872	-36.8	
382.081	15.84	
382.29	91	
382.498	144.04	
382.707	132.78	
382.916	176.6	
383.125	97.14	
383.333	68.88	
383.542	91.2	
383.751	58.23	
383.959	86.9	
384.168	112.91	
384.377	177.42	
384.585	144.04	
384.794	103.29	
385.003	54.54	
385.211	81.99	
385.42	-4.23	
385.628	4.16	
385.837	30.58	
386.046	93.46	
386.254	126.84	
386.463	149.77	
386.671	205.27	
386.88	187.25	
387.088	141.38	
387.297	122.54	
387.505	135.44	
387.714	44.92	
387.922	45.53	
388.131	35.09	
388.339	31.81	
388.548	-17.13	
388.756	14.81	
388.965	44.71	
389.173	9.69	
389.381	14.2	
389.59	79.73	
389.798	110.45	
390.007	114.14	
390.215	125.4	
390.423	179.88	
390.632	164.72	
390.84	213.67	
391.048	176.4	
391.257	176.6	
391.465	98.99	
391.673	106.77	
391.882	55.98	
392.09	42.67	
392.298	53.52	
392.506	31.81	
392.715	37.14	
392.923	79.12	
393.131	147.73	
393.339	146.7	
393.547	140.76	
393.756	136.05	
393.964	71.54	
394.172	35.09	
394.38	0.89	
394.588	75.23	
394.796	20.55	
395.005	11.74	
395.213	-11.4	
395.421	29.76	
395.629	-49.08	
395.837	-28.81	
396.045	-13.04	
396.253	8.46	
396.461	-7.3	
396.669	45.94	
396.877	87.52	
397.085	123.97	
397.293	117.01	
397.501	125.61	
397.709	124.58	
397.917	127.25	
398.125	125.81	
398.333	149.37	
398.541	109.63	
398.749	103.08	
398.957	50.65	
399.165	-25.74	
399.373	-25.53	
399.581	2.32	
399.788	30.99	
399.996	11.74	
400.204	40.82	
400.412	-4.03	
400.62	-55.84	
400.828	-79.8	
401.035	-35.77	
401.243	5.39	
401.451	50.04	
401.659	67.86	
401.867	64.37	
402.074	60.69	
402.282	5.8	
402.49	-49.7	
402.697	86.29	
402.905	66.42	
403.113	80.14	
403.321	67.04	
403.528	97.14	
403.736	14.4	
403.944	15.84	
404.151	-17.95	
404.359	-15.91	
404.566	-35.16	
404.774	-40.69	
404.982	-65.06	
405.189	-53.79	
405.397	-70.38	
405.604	-61.17	
405.812	-53.79	
406.02	-59.94	
406.227	-41.71	
406.435	-9.97	
406.642	36.93	
406.85	14.81	
407.057	95.09	
407.265	118.03	
407.472	147.52	
407.679	111.27	
407.887	94.07	
408.094	33.86	
408.302	-47.44	
408.509	-41.51	
408.717	-26.96	
408.924	4.16	
409.131	33.65	
409.339	83.63	
409.546	93.87	
409.753	63.96	
409.961	100.21	
410.168	96.73	
410.375	119.26	
410.583	88.95	
410.79	123.77	
410.997	99.39	
411.205	93.46	
411.412	79.32	
411.619	112.3	
411.826	111.27	
412.034	156.12	
412.241	180.9	
412.448	162.88	
412.655	88.75	
412.862	86.49	
413.07	19.32	
413.277	-35.36	
413.484	-47.04	
413.691	16.04	
413.898	-19.8	
414.105	-43.14	
414.312	-44.37	
414.519	-32.29	
414.727	-56.05	
414.934	-4.64	
415.141	49.63	
415.348	117.01	
415.555	94.07	
415.762	92.02	
415.969	28.74	
416.176	36.32	
416.383	17.07	
416.59	24.64	
416.797	15.02	
417.004	78.51	
417.211	57.62	
417.418	69.7	
417.625	97.96	
417.831	112.71	
418.038	118.03	
418.245	145.68	
418.452	124.99	
418.659	113.12	
418.866	121.1	
419.073	106.77	
419.28	48.4	
419.486	120.69	
419.693	104.51	
419.9	120.28	
420.107	145.06	
420.314	227.8	
420.52	197.49	
420.727	308.08	
420.934	311.97	
421.141	276.95	
421.347	242.14	
421.554	221.25	
421.761	111.07	
421.967	146.09	
422.174	210.8	
422.381	228.01	
422.588	210.6	
422.794	246.23	
423.001	323.65	
423.207	293.54	
423.414	285.35	
423.621	325.08	
423.827	382.01	
424.034	342.69	
424.24	380.38	
424.447	373.21	
424.654	331.63	
424.86	310.75	
425.067	245.82	
425.273	232.72	
425.48	348.63	
425.686	446.32	
425.893	503.66	
426.099	543.39	
426.306	586.2	
426.512	572.27	
426.718	611.8	
426.925	578.01	
427.131	580.87	
427.338	587.22	
427.544	578.01	
427.75	522.3	
427.957	516.57	
428.163	569.81	
428.37	577.19	
428.576	597.26	
428.782	606.68	
428.988	709.48	
429.195	706	
429.401	710.51	
429.607	717.06	
429.814	821.92	
430.02	796.11	
430.226	811.27	
430.432	852.43	
430.639	901.38	
430.845	924.93	
431.051	974.49	
431.257	1024.26	
431.463	1029.58	
431.67	998.25	
431.876	940.09	
432.082	936.4	
432.288	991.29	
432.494	1034.09	
432.7	1123.38	
432.906	1153.07	
433.112	1189.53	
433.318	1248.71	
433.525	1291.93	
433.731	1285.58	
433.937	1389.41	
434.143	1412.76	
434.349	1410.91	
434.555	1453.92	
434.761	1502.25	
434.967	1469.28	
435.173	1537.68	
435.379	1567.38	
435.585	1670.6	
435.791	1752.31	
435.996	1887.68	
436.202	1984.96	
436.408	2018.14	
436.614	2019.16	
436.82	2060.32	
437.026	2057.05	
437.232	2086.13	
437.438	2122.58	
437.644	2118.28	
437.849	2184.84	
438.055	2239.93	
438.261	2269.01	
438.467	2323.49	
438.673	2394.76	
438.878	2388.82	
439.084	2457.43	
439.29	2555.73	
439.496	2633.35	
439.701	2735.13	
439.907	2771.17	
440.113	2809.06	
440.318	2847.77	
440.524	2885.04	
440.73	2933.58	
440.935	3054.82	
441.141	3081.85	
441.347	3195.51	
441.552	3244.05	
441.758	3322.28	
441.964	3319.21	
442.169	3456.22	
442.375	3448.44	
442.58	3586.06	
442.786	3714.88	
442.991	3813.39	
443.197	3810.11	
443.402	3947.12	
443.608	4029.45	
443.813	4140.04	
444.019	4273.97	
444.224	4434.13	
444.43	4466.89	
444.635	4557	
444.841	4545.53	
445.046	4714.29	
445.252	4761.19	
445.457	4853.75	
445.662	4868.7	
445.868	4953.29	
446.073	4968.65	
446.278	5073.5	
446.484	5140.67	
446.689	5293.66	
446.894	5417.15	
447.1	5528.15	
447.305	5730.9	
447.51	5968.67	
447.716	6086.63	
447.921	6241.25	
448.126	6436.83	
448.331	6480.66	
448.537	6592.68	
448.742	6767.79	
448.947	6861.38	
449.152	6904.79	
449.357	7121.67	
449.563	7263.19	
449.768	7374.8	
449.973	7515.09	
450.178	7727.87	
450.383	7784.81	
450.588	7968.92	
450.793	8154.06	
450.999	8504.67	
451.204	8661.54	
451.409	8946.82	
451.614	9085.88	
451.819	9373.62	
452.024	9482.37	
452.229	9789.56	
452.434	10085.5	
452.639	10305.04	
452.844	10553.87	
453.049	10744.12	
453.254	10899.56	
453.459	11065.45	
453.664	11370.6	
453.869	11536.28	
454.074	11785.51	
454.279	12037.41	
454.483	12171.56	
454.688	12300.37	
454.893	12547.77	
455.098	12766.08	
455.303	12852.1	
455.508	13105.43	
455.713	13272.13	
455.917	13344.63	
456.122	13508.27	
456.327	13763.24	
456.532	13960.66	
456.737	14139.24	
456.941	14366.57	
457.146	14482.28	
457.351	14643.66	
457.555	14740.73	
457.76	14888.39	
457.965	14931.81	
458.17	15107.93	
458.374	15206.44	
458.579	15249.04	
458.784	15222.82	
458.988	15222.42	
459.193	15141.52	
459.397	15113.46	
459.602	15057.96	
459.807	15150.33	
460.011	15135.38	
460.216	15119.4	
460.42	14950.44	
460.625	14929.76	
460.829	14948.81	
461.034	14955.56	
461.239	14941.43	
461.443	15076.8	
461.648	15096.67	
461.852	14897.2	
462.056	14917.47	
462.261	14828.39	
462.465	14786.2	
462.67	14629.12	
462.874	14518.12	
463.079	14277.89	
463.283	14153.79	
463.487	13883.66	
463.692	13723.3	
463.896	13554.75	
464.1	13460.34	
464.305	13273.98	
464.509	13166.46	
464.713	13142.7	
464.918	13170.56	
465.122	13164.21	
465.326	13103.59	
465.531	12985.42	
465.735	12871.76	
465.939	12736.39	
466.143	12542.24	
466.348	12494.32	
466.552	12413.63	
466.756	12344.2	
466.96	12366.93	
467.164	12374.1	
467.368	12408.1	
467.573	12509.27	
467.777	12491.45	
467.981	12427.35	
468.185	12379.22	
468.389	12308.36	
468.593	12097.83	
468.797	12028.2	
469.001	11992.56	
469.205	11990.72	
469.409	11945.05	
469.613	12085.13	
469.817	12133.05	
470.021	12128.96	
470.225	12152.51	
470.429	12208.62	
470.633	12238.73	
470.837	12292.39	
471.041	12344.2	
471.245	12332.32	
471.449	12320.65	
471.653	12288.7	
471.857	12293	
472.061	12179.75	
472.265	12168.07	
472.469	12178.72	
472.673	12160.29	
472.876	12106.02	
473.08	12185.69	
473.284	12266.38	
473.488	12283.38	
473.692	12400.93	
473.895	12533.43	
474.099	12611.66	
474.303	12625.39	
474.507	12695.63	
474.71	12680.27	
474.914	12566.4	
475.118	12526.67	
475.322	12531.18	
475.525	12407.69	
475.729	12375.74	
475.933	12376.76	
476.136	12447.83	
476.34	12390.69	
476.543	12420.59	
476.747	12396.22	
476.951	12405.23	
477.154	12256.34	
477.358	12277.03	
477.561	12270.88	
477.765	12244.05	
477.969	12192.04	
478.172	12210.26	
478.376	12177.29	
478.579	12194.7	
478.783	12137.76	
478.986	12185.07	
479.19	12220.5	
479.393	12236.07	
479.596	12200.02	
479.8	12288.7	
480.003	12216.41	
480.207	12177.09	
480.41	12165.62	
480.614	12170.94	
480.817	12077.76	
481.02	12171.15	
481.224	12138.99	
481.427	12068.34	
481.63	12016.12	
481.834	11993.59	
482.037	11803.54	
482.24	11748.86	
482.443	11729.6	
482.647	11661	
482.85	11651.17	
483.053	11761.14	
483.256	11720.39	
483.46	11762.78	
483.663	11780.39	
483.866	11854.33	
484.069	11847.36	
484.272	11930.92	
484.476	11932.15	
484.679	12034.14	
484.882	12094.14	
485.085	12126.3	
485.288	12156.81	
485.491	12251.02	
485.694	12229.72	
485.897	12212.52	
486.101	12245.08	
486.304	12337.65	
486.507	12277.64	
486.71	12301.6	
486.913	12326.59	
487.116	12323.11	
487.319	12350.34	
487.522	12473.84	
487.725	12629.07	
487.928	12646.07	
488.13	12726.76	
488.333	12764.65	
488.536	12708.12	
488.739	12612.28	
488.942	12597.94	
489.145	12519.92	
489.348	12347.89	
489.551	12206.17	
489.754	12035.98	
489.956	11795.14	
490.159	11496.55	
490.362	11199.59	
490.565	10875.81	
490.768	10531.54	
490.97	10273.29	
491.173	9995.79	
491.376	9680.2	
491.579	9371.78	
491.781	9119.67	
491.984	8744.69	
492.187	8475.18	
492.39	8188.05	
492.592	7975.68	
492.795	7772.11	
492.998	7607.86	
493.2	7483.55	
493.403	7461.84	
493.605	7494.41	
493.808	7416.58	
494.011	7382.79	
494.213	7334.46	
494.416	7361.9	
494.618	7267.69	
494.821	7284.69	
495.023	7416.58	
495.226	7493.79	
495.428	7458.57	
495.631	7526.76	
495.833	7619.95	
496.036	7546.01	
496.238	7517.14	
496.441	7576.12	
496.643	7555.43	
496.846	7463.28	
497.048	7461.43	
497.25	7479.05	
497.453	7396.31	
497.655	7422.11	
497.858	7472.9	
498.06	7494.41	
498.262	7429.07	
498.465	7479.45	
498.667	7472.49	
498.869	7500.34	
499.071	7544.79	
499.274	7676.88	
499.476	7721.52	
499.678	7718.04	
499.881	7725.83	
500.083	7713.13	
500.285	7625.27	
500.487	7638.38	
500.689	7635.71	
500.892	7558.92	
501.094	7497.07	
501.296	7563.63	
501.498	7537.41	
501.7	7489.49	
501.902	7545.81	
502.104	7577.96	
502.306	7549.91	
502.509	7548.47	
502.711	7553.39	
502.913	7505.05	
503.115	7407.98	
503.317	7306.61	
503.519	7109.18	
503.721	6938.59	
503.923	6783.35	
504.125	6543.74	
504.327	6227.12	
504.529	5923	
504.731	5541.67	
504.933	5134.53	
505.134	4732.1	
505.336	4370.02	
505.538	4007.94	
505.74	3639.72	
505.942	3215.99	
506.144	2871.93	
506.346	2520.91	
506.548	2278.84	
506.749	2042.3	
506.951	1839.55	
507.153	1648.07	
507.355	1446.75	
507.557	1243.8	
507.758	1105.15	
507.96	933.12	
508.162	858.99	
508.363	801.23	
508.565	718.09	
508.767	594.8	
508.969	582.51	
509.17	542.37	
509.372	488.1	
509.574	384.68	
509.775	384.88	
509.977	302.14	
510.178	275.11	
510.38	245.21	
510.582	262	
510.783	200.36	
510.985	213.88	
511.186	146.29	
511.388	187.25	
511.589	199.13	
511.791	180.29	
511.992	165.95	
512.194	174.15	
512.395	54.13	
512.597	44.51	
512.798	58.44	
513	68.06	
513.201	75.23	
513.403	177.01	
513.604	148.55	
513.805	161.65	
514.007	143.84	
514.208	74.82	
514.409	10.51	
514.611	13.79	
514.812	41.23	
515.013	78.92	
515.215	118.24	
515.416	91.61	
515.617	50.24	
515.819	-11.81	
516.02	-89.63	
516.221	-48.47	
516.422	-16.93	
516.623	-5.05	
516.825	-1.98	
517.026	22.8	
517.227	-46.01	
517.428	-76.53	
517.629	-48.26	
517.83	-4.03	
518.032	27.92	
518.233	70.72	
518.434	84.03	
518.635	106.77	
518.836	84.24	
519.037	52.7	
519.238	47.99	
519.439	70.93	
519.64	25.05	
519.841	33.04	
520.042	45.74	
520.243	32.84	
520.444	11.74	
520.645	27.92	
520.846	16.25	
521.047	34.47	
521.248	23.62	
521.449	62.33	
521.65	44.51	
521.851	113.53	
522.052	59.87	
522.252	84.85	
522.453	91	
522.654	87.31	
522.855	14.4	
523.056	11.54	
523.257	2.53	
523.457	-19.18	
523.658	-10.79	
523.859	-12.63	
524.06	-23.07	
524.26	-61.99	
524.461	-72.43	
524.662	-57.07	
524.862	-79.6	
525.063	-30.45	
525.264	16.86	
525.464	-5.46	
525.665	14.61	
525.866	123.36	
526.066	81.78	
526.267	75.02	
526.468	95.5	
526.668	59.25	
526.869	-5.87	
527.069	8.26	
527.27	18.09	
527.47	59.66	
527.671	57.62	
527.871	32.43	
528.072	70.31	
528.272	76.05	
528.473	76.05	
528.673	165.54	
528.874	174.15	
529.074	177.22	
529.275	185.41	
529.475	194.42	
529.675	90.18	
529.876	113.12	
530.076	54.34	
530.277	16.04	
530.477	-17.54	
530.677	-26.35	
530.878	-61.37	
531.078	43.08	
531.278	22.6	
531.478	-10.58	
531.679	2.73	
531.879	10.72	
532.079	-58.91	
532.28	-7.92	
532.48	-22.87	
532.68	-20.62	
532.88	-1.77	
533.08	13.99	
533.28	-9.56	
533.481	13.18	
533.681	16.66	
533.881	15.43	
534.081	2.12	
534.281	30.17	
534.481	49.22	
534.681	100.01	
534.881	134.01	
535.081	127.45	
535.281	97.96	
535.481	155.51	
535.682	121.72	
535.882	75.23	
536.082	117.62	
536.281	120.08	
536.481	111.27	
536.681	130.93	
536.881	125.61	
537.081	65.81	
537.281	63.15	
537.481	-12.22	
537.681	-59.73	
537.881	-87.38	
538.081	-7.3	
538.281	3.35	
538.48	-12.83	
538.68	17.68	
538.88	115.78	
539.08	82.4	
539.28	68.27	
539.479	159.2	
539.679	149.77	
539.879	86.49	
540.079	73.39	
540.278	84.65	
540.478	4.57	
540.678	-8.12	
540.877	34.27	
541.077	-18.36	
541.277	-18.57	
541.476	80.35	
541.676	107.18	
541.876	134.62	
542.075	180.49	
542.275	160.42	
542.474	86.9	
542.674	81.58	
542.874	9.69	
543.073	-8.53	
543.273	18.5	
543.472	46.56	
543.672	45.33	
543.871	40	
544.071	68.06	
544.27	129.3	
544.47	108	
544.669	132.98	
544.868	138.51	
545.068	140.15	
545.267	52.91	
545.467	136.46	
545.666	73.18	
545.865	103.29	
546.065	58.23	
546.264	58.44	
546.463	-28.4	
546.663	26.69	
546.862	8.06	
547.061	42.87	
547.261	67.86	
547.46	106.77	
547.659	74.41	
547.858	143.63	
548.058	153.87	
548.257	174.96	
548.456	135.23	
548.655	157.35	
548.854	109.02	
549.053	151.82	
549.253	117.21	
549.452	126.84	
549.651	149.16	
549.85	200.15	
550.049	154.69	
550.248	156.74	
550.447	162.88	
550.646	183.98	
550.845	159.61	
551.044	145.27	
551.243	138.72	
551.442	138.72	
551.641	106.15	
551.84	123.15	
552.039	169.44	
552.238	196.47	
552.437	174.56	
552.636	149.98	
552.835	104.72	
553.034	102.67	
553.233	97.55	
553.432	107.38	
553.63	125.4	
553.829	117.83	
554.028	45.53	
554.227	43.28	
554.426	52.91	
554.625	60.89	
554.823	46.76	
555.022	100.01	
555.221	135.03	
555.42	129.7	
555.618	144.45	
555.817	155.3	
556.016	125.81	
556.214	110.66	
556.413	105.13	
556.612	80.76	
556.81	84.85	
557.009	86.7	
557.208	60.89	
557.406	76.66	
557.605	74.61	
557.803	41.44	
558.002	44.51	
558.201	-3.62	
558.399	-1.77	
558.598	-72.63	
558.796	-21.85	
558.995	-26.15	
559.193	26.08	
559.392	-12.83	
559.59	71.13	
559.789	79.12	
559.987	158.79	
560.185	198.72	
560.384	212.44	
560.582	210.39	
560.781	241.52	
560.979	199.54	
561.177	124.58	
561.376	143.22	
561.574	175.58	
561.772	40.41	
561.971	123.15	
562.169	141.99	
562.367	88.95	
562.566	47.79	
562.764	90.38	
562.962	-26.76	
563.16	-55.43	
563.358	8.06	
563.557	18.3	
563.755	34.68	
563.953	28.33	
564.151	76.87	
564.349	88.34	
564.547	110.25	
564.746	101.65	
564.944	97.14	
565.142	85.88	
565.34	64.99	
565.538	21.98	
565.736	44.3	
565.934	4.37	
566.132	0.48	
566.33	9.08	
566.528	60.69	
566.726	19.52	
566.924	110.45	
567.122	81.99	
567.32	34.27	
567.518	-6.28	
567.716	15.22	
567.914	-11.2	
568.112	2.94	
568.31	68.27	
568.507	93.05	
568.705	38.77	
568.903	21.98	
569.101	73.8	
569.299	96.53	
569.497	88.75	
569.694	158.79	
569.892	169.44	
570.09	169.03	
570.288	79.73	
570.486	61.1	
570.683	86.08	
570.881	36.11	
571.079	-19.8	
571.276	3.35	
571.474	3.14	
571.672	-61.78	
571.869	-7.3	
572.067	9.69	
572.265	19.11	
572.462	63.15	
572.66	124.99	
572.857	143.84	
573.055	184.39	
573.253	176.81	
573.45	118.03	
573.648	107.79	
573.845	79.94	
574.043	59.05	
574.24	47.38	
574.438	21.57	
574.635	0.89	
574.832	-41.1	
575.03	-43.35	
575.227	57.21	
575.425	68.88	
575.622	35.29	
575.82	52.91	
576.017	80.76	
576.214	21.37	
576.412	58.23	
576.609	40.62	
576.806	24.44	
577.004	-26.56	
577.201	-34.54	
577.398	1.5	
577.595	120.69	
577.793	173.33	
577.99	209.17	
578.187	175.78	
578.384	137.49	
578.582	54.34	
578.779	94.27	
578.976	87.31	
579.173	165.13	
579.37	167.18	
579.567	214.29	
579.764	163.7	
579.962	169.84	
580.159	147.32	
580.356	171.48	
580.553	161.65	
580.75	181.31	
580.947	167.39	
581.144	195.85	
581.341	154.28	
581.538	161.65	
581.735	125.4	
581.932	141.17	
582.129	45.12	
582.326	53.52	
582.523	23.21	
582.72	17.27	
582.916	-28.81	
583.113	-13.45	
583.31	-37	
583.507	-28.81	
583.704	32.63	
583.901	119.26	
584.098	130.73	
584.294	178.24	
584.491	165.95	
584.688	148.96	
584.885	71.13	
585.082	182.95	
585.278	203.43	
585.475	218.18	
585.672	182.13	
585.868	200.77	
586.065	102.26	
586.262	24.64	
586.458	47.17	
586.655	114.96	
586.852	90.59	
587.048	78.92	
587.245	69.9	
587.442	137.08	
587.638	115.37	
587.835	185.82	
588.031	195.85	
588.228	225.14	
588.424	135.85	
588.621	129.7	
588.817	61.92	
589.014	113.12	
589.21	133.8	
589.407	107.18	
589.603	61.71	
589.8	106.97	
589.996	95.09	
590.192	72.98	
590.389	114.34	
590.585	135.23	
590.782	66.83	
590.978	103.9	
591.174	105.95	
591.371	91.2	
591.567	87.11	
591.763	111.27	
591.959	59.05	
592.156	64.17	
592.352	69.9	
592.548	97.35	
592.744	111.89	
592.941	77.07	
593.137	68.27	
593.333	29.76	
593.529	77.89	
593.725	100.01	
593.922	71.34	
594.118	129.3	
594.314	105.95	
594.51	69.08	
594.706	18.5	
594.902	116.39	
595.098	67.86	
595.294	129.91	
595.49	61.1	
595.686	128.48	
595.882	33.45	
596.078	93.87	
596.274	89.77	
596.47	157.76	
596.666	121.1	
596.862	124.79	
597.058	100.83	
597.254	121.1	
597.45	75.23	
597.646	134.01	
597.842	163.7	
598.037	200.97	
598.233	189.51	
598.429	238.45	
598.625	128.27	
598.821	109.22	
599.017	13.79	
599.212	43.89	
599.408	48.4	
599.604	76.66	
599.8	86.9	
599.995	88.75	
600.191	50.24	
600.387	5.19	
600.582	20.34	
600.778	53.73	
600.974	67.04	
601.169	54.75	
601.365	88.13	
601.561	50.86	
601.756	-9.35	
601.952	7.24	
602.147	-16.11	
602.343	-40.89	
602.538	45.74	
602.734	72.77	
602.93	93.05	
603.125	120.28	
603.321	139.74	
603.516	98.37	
603.711	100.83	
603.907	94.07	
604.102	108	
604.298	128.89	
604.493	129.5	
604.689	179.06	
604.884	160.22	
605.079	166.57	
605.275	119.26	
605.47	115.57	
605.665	107.59	
605.861	169.84	
606.056	187.87	
606.251	159.4	
606.447	184.18	
606.642	178.45	
606.837	125.81	
607.032	165.34	
607.227	185.41	
607.423	172.92	
607.618	156.33	
607.813	129.91	
608.008	42.67	
608.203	132.78	
608.398	166.77	
608.594	127.86	
608.789	135.85	
608.984	198.93	
609.179	152.23	
609.374	102.88	
609.569	136.26	
609.764	106.56	
609.959	54.75	
610.154	11.33	
610.349	43.89	
610.544	27.72	
610.739	63.35	
610.934	86.9	
611.129	140.15	
611.324	155.92	
611.519	205.27	
611.714	239.27	
611.909	190.73	
612.103	223.91	
612.298	207.12	
612.493	198.93	
612.688	196.88	
612.883	253.2	
613.078	150.8	
613.272	211.01	
613.467	206.3	
613.662	221.66	
613.857	248.08	
614.051	320.37	
614.246	231.49	
614.441	190.32	
614.635	91.82	
614.83	41.85	
615.025	-26.56	
615.219	-33.93	
615.414	-54.61	
615.609	-1.98	
615.803	-8.53	
615.998	76.87	
616.192	90.38	
616.387	129.5	
616.582	187.66	
616.776	217.77	
616.971	166.36	
617.165	162.68	
617.36	115.98	
617.554	80.35	
617.749	114.75	
617.943	128.68	
618.138	135.64	
618.332	171.89	
618.526	135.03	
618.721	68.88	
618.915	100.83	
619.11	118.03	
619.304	79.12	
619.498	82.81	
619.693	142.2	
619.887	98.37	
620.081	47.79	
620.275	95.09	
620.47	111.48	
620.664	94.27	
620.858	52.09	
621.052	69.7	
621.247	87.11	
621.441	75.23	
621.635	58.84	
621.829	108.82	
622.023	94.27	
622.218	102.88	
622.412	107.79	
622.606	78.71	
622.8	85.67	
622.994	105.74	
623.188	34.27	
623.382	31.81	
623.576	49.01	
623.77	13.58	
623.964	37.34	
624.158	84.65	
624.352	30.17	
624.546	42.46	
624.74	97.55	
624.934	49.63	
625.128	53.32	
625.322	111.48	
625.516	113.94	
625.71	50.24	
625.904	44.51	
626.098	78.71	
626.291	102.88	
626.485	101.65	
626.679	102.26	
626.873	198.11	
627.067	143.02	
627.26	136.05	
627.454	143.43	
627.648	177.01	
627.842	97.76	
628.035	102.26	
628.229	87.93	
628.423	25.67	
628.617	6.62	
628.81	21.16	
629.004	16.86	
629.198	41.64	
629.391	61.71	
629.585	137.9	
629.778	119.46	
629.972	161.24	
630.166	152.03	
630.359	143.22	
630.553	63.15	
630.746	114.55	
630.94	133.6	
631.133	71.54	
631.327	98.58	
631.52	100.62	
631.714	50.24	
631.907	-3.21	
632.1	88.13	
632.294	124.18	
632.487	145.06	
632.681	175.17	
632.874	189.1	
633.067	185.82	
633.261	136.87	
633.454	128.07	
633.647	141.58	
633.841	110.86	
634.034	104.92	
634.227	110.25	
634.421	104.11	
634.614	75.43	
634.807	88.34	
635	12.56	
635.193	61.71	
635.387	44.3	
635.58	46.56	
635.773	71.54	
635.966	143.43	
636.159	120.28	
636.352	84.65	
636.545	69.9	
636.739	27.1	
636.932	17.89	
637.125	-1.37	
637.318	30.38	
637.511	98.37	
637.704	109.63	
637.897	158.38	
638.09	172.3	
638.283	278.18	
638.476	293.75	
638.669	366.86	
638.862	407.61	
639.055	463.32	
639.247	517.79	
639.44	585.38	
639.633	740.41	
639.826	854.69	
640.019	1060.51	
640.212	1242.57	
640.405	1493.04	
640.597	1675.72	
640.79	1895.67	
640.983	2071.38	
641.176	2191.8	
641.368	2289.7	
641.561	2346.43	
641.754	2222.32	
641.947	2134.26	
642.139	1969.8	
642.332	1705	
642.525	1488.94	
642.717	1346.61	
642.91	1092.05	
643.103	932.92	
643.295	814.75	
643.488	680.4	
643.68	573.91	
643.873	551.18	
644.065	514.93	
644.258	480.93	
644.45	418.06	
644.643	404.34	
644.835	367.88	
645.028	297.84	
645.22	251.15	
645.413	225.75	
645.605	191.96	
645.798	159.61	
645.99	222.89	
646.182	235.99	
646.375	259.55	
646.567	257.91	
646.76	220.84	
646.952	175.99	
647.144	164.11	
647.337	141.79	
647.529	174.56	
647.721	245.62	
647.913	242.96	
648.106	222.27	
648.298	186.23	
648.49	137.08	
648.682	59.66	
648.874	71.13	
649.067	73.39	
649.259	100.42	
649.451	86.7	
649.643	126.43	
649.835	157.76	
650.027	190.73	
650.219	182.95	
650.411	219	
650.603	188.89	
650.796	192.99	
650.988	185.82	
651.18	230.87	
651.372	255.45	
651.564	267.74	
651.756	197.7	
651.948	205.89	
652.139	162.06	
652.331	125.2	
652.523	146.5	
652.715	157.35	
652.907	143.84	
653.099	155.71	
653.291	159.2	
653.483	136.87	
653.674	165.13	
653.866	154.69	
654.058	128.27	
654.25	126.84	
654.442	113.32	
654.633	51.47	
654.825	44.71	
655.017	76.66	
655.209	47.38	
655.4	95.71	
655.592	75.84	
655.784	132.98	
655.975	132.37	
656.167	155.51	
656.359	116.8	
656.55	169.44	
656.742	93.25	
656.933	173.94	
657.125	181.93	
657.316	188.28	
657.508	165.95	
657.7	237.63	
657.891	134.21	
658.083	157.97	
658.274	198.72	
658.466	230.67	
658.657	244.19	
658.848	213.88	
659.04	227.8	
659.231	201.79	
659.423	225.96	
659.614	194.42	
659.805	334.91	
659.997	405.16	
660.188	453.49	
660.379	487.89	
660.571	493.63	
660.762	446.73	
660.953	399.42	
661.145	439.36	
661.336	429.53	
661.527	692.49	
661.718	815.57	
661.909	887.45	
662.101	935.58	
662.292	993.95	
662.483	764.17	
662.674	685.32	
662.865	625.52	
663.056	542.78	
663.247	474.38	
663.439	528.65	
663.63	540.53	
663.821	522.71	
664.012	576.37	
664.203	658.08	
664.394	667.3	
664.585	707.64	
664.776	738.77	
664.967	771.33	
665.158	764.37	
665.349	854.07	
665.54	850.18	
665.73	947.05	
665.921	925.55	
666.112	968.14	
666.303	939.47	
666.494	1109.25	
666.685	1125.43	
666.876	1243.8	
667.066	1334.52	
667.257	1443.89	
667.448	1392.28	
667.639	1504.51	
667.83	1588.27	
668.02	1684.32	
668.211	1719.13	
668.402	1896.69	
668.592	1950.76	
668.783	2074.05	
668.974	2210.24	
669.164	2434.9	
669.355	2563.31	
669.546	2796.36	
669.736	2979.86	
669.927	3145.95	
670.117	3246.51	
670.308	3453.76	
670.499	3583.19	
670.689	3763.01	
670.88	3905.75	
671.07	4135.33	
671.261	4246.33	
671.451	4450.51	
671.641	4511.95	
671.832	4638.92	
672.022	4696.47	
672.213	4700.77	
672.403	4695.04	
672.594	4753.4	
672.784	4768.56	
672.974	4732.1	
673.165	4680.91	
673.355	4635.44	
673.545	4629.71	
673.736	4588.75	
673.926	4460.95	
674.116	4468.94	
674.306	4349.95	
674.497	4187.75	
674.687	4051.36	
674.877	3987.67	
675.067	3867.86	
675.257	3828.95	
675.448	3761.57	
675.638	3724.09	
675.828	3646.89	
676.018	3602.45	
676.208	3477.93	
676.398	3428.16	
676.588	3300.98	
676.778	3246.3	
676.968	3162.75	
677.158	3165	
677.348	3063.22	
677.538	3031.27	
677.728	3025.33	
677.918	3014.27	
678.108	2954.67	
678.298	2973.1	
678.488	2941.77	
678.678	2913.92	
678.868	2859.65	
679.058	2845.11	
679.248	2788.58	
679.438	2766.05	
679.627	2753.77	
679.817	2742.3	
680.007	2709.74	
680.197	2702.77	
680.387	2672.26	
680.576	2668.78	
680.766	2630.07	
680.956	2611.84	
681.146	2654.65	
681.335	2657.92	
681.525	2576.82	
681.715	2632.12	
681.904	2661.4	
682.094	2628.23	
682.284	2632.53	
682.473	2665.7	
682.663	2677.58	
682.852	2665.7	
683.042	2665.09	
683.231	2654.65	
683.421	2660.79	
683.61	2591.16	
683.8	2559.41	
683.989	2547.74	
684.179	2574.57	
684.368	2523.78	
684.558	2537.91	
684.747	2560.03	
684.937	2534.84	
685.126	2528.49	
685.316	2557.37	
685.505	2527.26	
685.694	2601.81	
685.884	2709.33	
686.073	2698.68	
686.262	2721	
686.452	2801.89	
686.641	2764.01	
686.83	2708.92	
687.019	2716.49	
687.209	2744.76	
687.398	2761.96	
687.587	2760.53	
687.776	2766.67	
687.965	2759.3	
688.155	2739.02	
688.344	2678.81	
688.533	2689.05	
688.722	2637.24	
688.911	2730.22	
689.1	2791.45	
689.289	2861.9	
689.478	2841.62	
689.667	2898.35	
689.856	2753.15	
690.045	2694.99	
690.234	2612.05	
690.423	2681.47	
690.612	2643.79	
690.801	2742.09	
690.99	2751.51	
691.179	2809.27	
691.368	2776.5	
691.557	2877.46	
691.746	2894.05	
691.935	2939.72	
692.124	2979.66	
692.312	3046.22	
692.501	3078.37	
692.69	3179.54	
692.879	3265.96	
693.068	3382.7	
693.256	3473.63	
693.445	3627.64	
693.634	3691.94	
693.823	3783.49	
694.011	3849.02	
694.2	3936.88	
694.389	3923.77	
694.577	3963.3	
694.766	3969.85	
694.955	3953.88	
695.143	3864.59	
695.332	3816.87	
695.52	3712.01	
695.709	3635.01	
695.897	3526.47	
696.086	3434.92	
696.275	3289.52	
696.463	3226.03	
696.652	3121.58	
696.84	3082.67	
697.028	3022.05	
697.217	2985.6	
697.405	2960.61	
697.594	2953.44	
697.782	2880.54	
697.971	2832.82	
698.159	2825.86	
698.347	2825.04	
698.536	2793.91	
698.724	2805.99	
698.912	2785.31	
699.1	2751.51	
699.289	2713.63	
699.477	2675.53	
699.665	2622.08	
699.854	2584.6	
700.042	2568.22	
700.23	2558.39	
700.418	2556.34	
700.606	2553.07	
700.794	2597.92	
700.983	2622.08	
701.171	2631.3	
701.359	2598.53	
701.547	2625.36	
701.735	2626.18	
701.923	2582.56	
702.111	2509.03	
702.299	2462.96	
702.487	2483.03	
702.675	2420.97	
702.863	2401.31	
703.051	2410.12	
703.239	2522.76	
703.427	2465.62	
703.615	2489.99	
703.803	2489.17	
703.991	2547.13	
704.179	2526.44	
704.367	2575.39	
704.554	2651.78	
704.742	2697.04	
704.93	2729.81	
705.118	2792.06	
705.306	2750.9	
705.493	2710.96	
705.681	2683.73	
705.869	2700.93	
706.057	2630.68	
706.244	2673.49	
706.432	2670.82	
706.62	2710.76	
706.807	2606.11	
706.995	2665.29	
707.183	2587.88	
707.37	2627.61	
707.558	2645.43	
707.746	2746.8	
707.933	2722.23	
708.121	2827.9	
708.308	2773.63	
708.496	2725.71	
708.683	2630.27	
708.871	2657.31	
709.058	2533.2	
709.246	2531.36	
709.433	2477.09	
709.621	2486.71	
709.808	2393.73	
709.995	2452.92	
710.183	2425.68	
710.37	2423.43	
710.558	2360.76	
710.745	2313.04	
710.932	2239.52	
711.12	2200.61	
711.307	2162.11	
711.494	2144.7	
711.681	2140.4	
711.869	2072.2	
712.056	2070.97	
712.243	2072.41	
712.43	1987.62	
712.618	1978.41	
712.805	1946.46	
712.992	1883.38	
713.179	1811.7	
713.366	1825.22	
713.553	1816.41	
713.74	1804.33	
713.928	1704.8	
714.115	1706.85	
714.302	1640.08	
714.489	1581.3	
714.676	1526.01	
714.863	1611.21	
715.05	1587.24	
715.237	1576.8	
715.424	1477.68	
715.611	1540.35	
715.798	1504.92	
715.984	1468.46	
716.171	1487.3	
716.358	1501.43	
716.545	1438.77	
716.732	1418.9	
716.919	1375.07	
717.106	1315.48	
717.293	1314.66	
717.479	1348.86	
717.666	1236.43	
717.853	1235.81	
718.04	1273.29	
718.226	1261.21	
718.413	1158.81	
718.6	1234.17	
718.786	1248.71	
718.973	1244.62	
719.16	1184.61	
719.346	1212.26	
719.533	1175.6	
719.72	1208.78	
719.906	1150.41	
720.093	1208.17	
720.279	1158.6	
720.466	1177.86	
720.652	1167.82	
720.839	1221.89	
721.025	1231.72	
721.212	1267.76	
721.398	1229.46	
721.585	1230.69	
721.771	1187.07	
721.958	1134.64	
722.144	1154.71	
722.331	1110.89	
722.517	1040.64	
722.703	1053.13	
722.89	1039	
723.076	1038.39	
723.262	1121.54	
723.449	1122.15	
723.635	1074.84	
723.821	1078.32	
724.007	1042.28	
724.194	992.1	
724.38	991.49	
724.566	1004.39	
724.752	1027.74	
724.938	1061.53	
725.125	1108.43	
725.311	1140.17	
725.497	1107.4	
725.683	1050.68	
725.869	952.37	
726.055	887.86	
726.241	823.56	
726.427	808.61	
726.613	792.84	
726.799	883.15	
726.985	806.76	
727.171	824.17	
727.357	864.11	
727.543	912.03	
727.729	817.62	
727.915	859.81	
728.101	818.03	
728.287	744.3	
728.473	673.24	
728.659	676.92	
728.845	619.58	
729.03	576.16	
729.216	592.55	
729.402	572.07	
729.588	548.72	
729.774	565.92	
729.959	563.67	
730.145	607.29	
730.331	652.35	
730.517	654.19	
730.702	677.54	
730.888	706.82	
731.074	595.21	
731.259	555.48	
731.445	568.58	
731.63	524.14	
731.816	488.92	
732.002	595.62	
732.187	624.49	
732.373	601.35	
732.558	631.87	
732.744	684.09	
732.929	621.01	
733.115	519.02	
733.3	439.97	
733.486	413.14	
733.671	332.45	
733.857	300.1	
734.042	379.97	
734.227	423.79	
734.413	471.92	
734.598	541.35	
734.784	532.95	
734.969	500.59	
735.154	536.43	
735.339	516.98	
735.525	519.84	
735.71	569.2	
735.895	518.82	
736.081	508.99	
736.266	484.41	
736.451	439.97	
736.636	474.79	
736.821	503.25	
737.007	478.06	
737.192	497.72	
737.377	465.37	
737.562	373.82	
737.747	410.48	
737.932	460.66	
738.117	428.91	
738.302	521.07	
738.487	565.72	
738.672	527.22	
738.857	522.3	
739.042	565.1	
739.227	584.15	
739.412	557.32	
739.597	572.07	
739.782	607.7	
739.967	549.33	
740.152	519.02	
740.337	568.99	
740.522	601.97	
740.706	574.93	
740.891	667.5	
741.076	679.58	
741.261	698.43	
741.446	700.68	
741.63	694.53	
741.815	667.5	
742	601.15	
742.185	539.91	
742.369	545.03	
742.554	514.11	
742.739	490.15	
742.923	536.23	
743.108	594.39	
743.293	601.35	
743.477	594.39	
743.662	631.46	
743.846	621.63	
744.031	606.68	
744.216	597.87	
744.4	648.66	
744.585	618.55	
744.769	641.49	
744.954	617.12	
745.138	604.63	
745.322	604.63	
745.507	574.32	
745.691	547.7	
745.876	540.94	
746.06	566.13	
746.244	566.54	
746.429	613.64	
746.613	593.36	
746.798	595.41	
746.982	543.19	
747.166	535.41	
747.35	469.67	
747.535	478.27	
747.719	483.59	
747.903	546.88	
748.087	497.52	
748.272	512.88	
748.456	535.82	
748.64	498.75	
748.824	459.43	
749.008	485.44	
749.192	460.66	
749.376	417.24	
749.56	404.13	
749.745	361.94	
749.929	375.46	
750.113	411.71	
750.297	368.7	
750.481	427.48	
750.665	459.84	
750.849	431.78	
751.033	420.52	
751.217	399.83	
751.4	366.65	
751.584	338.39	
751.768	350.89	
751.952	314.02	
752.136	343.31	
752.32	294.57	
752.504	319.14	
752.688	303.58	
752.871	299.69	
753.055	304.81	
753.239	328.97	
753.423	333.68	
753.606	296.41	
753.79	337.98	
753.974	342.69	
754.157	334.71	
754.341	276.95	
754.525	272.04	
754.708	238.86	
754.892	231.49	
755.076	281.05	
755.259	342.9	
755.443	328.56	
755.626	348.43	
755.81	366.86	
755.993	322.01	
756.177	265.69	
756.36	330.82	
756.544	300.71	
756.727	279.21	
756.911	306.44	
757.094	340.44	
757.278	299.69	
757.461	279.62	
757.644	265.69	
757.828	217.97	
758.011	232.51	
758.195	243.37	
758.378	260.37	
758.561	260.77	
758.744	263.23	
758.928	297.43	
759.111	291.49	
759.294	351.7	
759.477	387.13	
759.661	422.15	
759.844	371.77	
760.027	374.64	
760.21	328.56	
760.393	315.46	
760.576	312.38	
760.76	289.65	
760.943	250.74	
761.126	332.66	
761.309	371.57	
761.492	365.84	
761.675	360.72	
761.858	382.63	
762.041	280.44	
762.224	199.54	
762.407	205.68	
762.59	244.6	
762.773	204.66	
762.956	214.29	
763.139	234.97	
763.321	250.33	
763.504	172.71	
763.687	238.25	
763.87	258.93	
764.053	278.8	
764.236	291.7	
764.418	344.13	
764.601	319.55	
764.784	345.36	
764.967	393.48	
765.149	352.73	
765.332	359.69	
765.515	395.33	
765.697	332.66	
765.88	287.81	
766.063	292.11	
766.245	269.38	
766.428	209.37	
766.611	218.18	
766.793	215.51	
766.976	259.34	
767.158	221.04	
767.341	292.93	
767.523	300.91	
767.706	299.48	
767.888	248.69	
768.071	384.06	
768.253	323.24	
768.436	355.8	
768.618	365.63	
768.8	440.38	
768.983	375.05	
769.165	396.15	
769.348	312.38	
769.53	274.7	
769.712	185	
769.895	147.11	
770.077	157.35	
770.259	199.75	
770.441	196.26	
770.624	263.85	
770.806	303.58	
770.988	264.05	
771.17	268.56	
771.352	334.3	
771.535	339.42	
771.717	333.48	
771.899	339.62	
772.081	394.1	
772.263	328.56	
772.445	282.89	
772.627	223.91	
772.809	239.48	
772.991	202	
773.173	256.27	
773.355	250.53	
773.537	274.5	
773.719	239.89	
773.901	282.69	
774.083	232.51	
774.265	181.11	
774.447	162.27	
774.629	206.91	
774.811	181.31	
774.992	226.57	
775.174	236.4	
775.356	301.32	
775.538	245.82	
775.72	190.32	
775.901	166.98	
776.083	189.1	
776.265	138.31	
776.447	210.6	
776.628	287.81	
776.81	266.51	
776.992	322.62	
777.173	336.34	
777.355	309.31	
777.537	320.17	
777.718	326.31	
777.9	296.82	
778.081	309.31	
778.263	328.36	
778.444	256.06	
778.626	241.11	
778.807	185.2	
778.989	152.03	
779.17	81.58	
779.352	6.21	
779.533	-13.65	
779.715	53.11	
779.896	-7.3	
780.078	82.6	
780.259	184.39	
780.44	196.67	
780.622	149.57	
780.803	300.3	
780.984	251.35	
781.166	206.71	
781.347	232.51	
781.528	246.85	
781.709	168	
781.891	203.23	
782.072	230.67	
782.253	230.87	
782.434	203.23	
782.615	193.81	
782.796	176.81	
782.978	224.12	
783.159	251.15	
783.34	317.5	
783.521	329.18	
783.702	339.21	
783.883	306.03	
784.064	297.64	
784.245	210.39	
784.426	259.34	
784.607	212.03	
784.788	217.56	
784.969	156.53	
785.15	225.14	
785.331	120.49	
785.512	173.53	
785.692	169.44	
785.873	212.03	
786.054	160.83	
786.235	190.94	
786.416	188.89	
786.597	184.39	
786.777	149.37	
786.958	166.57	
787.139	196.06	
787.32	194.83	
787.5	202.82	
787.681	188.28	
787.862	203.84	
788.042	199.54	
788.223	186.84	
788.404	114.34	
788.584	152.44	
788.765	178.04	
788.946	161.65	
789.126	156.74	
789.307	241.32	
789.487	273.27	
789.668	203.02	
789.848	181.11	
790.029	113.53	
790.209	48.81	
790.39	-10.79	
790.57	-14.88	
790.75	68.68	
790.931	102.67	
791.111	93.05	
791.292	158.79	
791.472	187.25	
791.652	150.8	
791.833	163.7	
792.013	208.96	
792.193	128.07	
792.373	170.05	
792.554	152.85	
792.734	156.33	
792.914	119.87	
793.094	176.19	
793.275	165.95	
793.455	153.26	
793.635	181.93	
793.815	206.71	
793.995	177.01	
794.175	156.12	
794.355	210.39	
794.535	214.29	
794.715	197.29	
794.896	206.09	
795.076	182.95	
795.256	190.12	
795.436	122.33	
795.616	164.32	
795.795	176.6	
795.975	178.65	
796.155	169.44	
796.335	198.52	
796.515	206.3	
796.695	248.9	
796.875	326.1	
797.055	291.08	
797.234	306.44	
797.414	289.24	
797.594	223.91	
797.774	160.63	
797.954	109.84	
798.133	112.09	
798.313	68.27	
798.493	107.79	
798.672	74.61	
798.852	105.13	
799.032	40.62	
799.211	52.29	
799.391	18.3	
799.571	44.1	
799.75	46.35	
799.93	143.43	
800.109	160.42	
800.289	156.94	
800.468	133.39	
800.648	138.31	
800.827	95.09	
801.007	84.44	
801.186	53.73	
801.366	96.32	
801.545	121.72	
801.725	172.51	
801.904	127.04	
802.083	186.43	
802.263	146.09	
802.442	183.77	
802.621	112.91	
802.801	221.45	
802.98	234.77	
803.159	217.15	
803.338	139.94	
803.518	209.37	
803.697	120.49	
803.876	131.55	
804.055	172.51	
804.235	227.6	
804.414	145.68	
804.593	189.51	
804.772	136.05	
804.951	134.42	
805.13	43.89	
805.309	88.95	
805.488	91.41	
805.667	111.48	
805.846	138.92	
806.025	196.67	
806.204	225.55	
806.383	186.84	
806.562	168.82	
806.741	147.52	
806.92	157.35	
807.099	127.45	
807.278	84.24	
807.457	86.08	
807.636	106.15	
807.814	111.89	
807.993	91.61	
808.172	134.42	
808.351	153.26	
808.53	124.79	
808.708	104.11	
808.887	118.24	
809.066	188.28	
809.244	163.5	
809.423	152.03	
809.602	146.09	
809.78	163.09	
809.959	100.62	
810.138	130.93	
810.316	152.85	
810.495	167.59	
810.673	97.55	
810.852	102.67	
811.03	127.86	
811.209	140.76	
811.388	137.9	
811.566	179.47	
811.744	188.48	
811.923	138.31	
812.101	119.46	
812.28	200.15	
812.458	230.46	
812.637	193.6	
812.815	208.76	
812.993	243.78	
813.172	217.56	
813.35	126.63	
813.528	177.42	
813.706	151	
813.885	127.66	
814.063	50.04	
814.241	160.83	
814.419	173.12	
814.598	252.58	
814.776	213.47	
814.954	203.43	
815.132	177.22	
815.31	169.84	
815.488	62.33	
815.666	58.44	
815.844	47.58	
816.022	23.21	
816.201	-14.68	
816.379	67.45	
816.557	109.22	
816.735	142.2	
816.913	113.32	
817.09	152.64	
817.268	99.8	
817.446	63.96	
817.624	54.34	
817.802	157.15	
817.98	110.86	
818.158	107.59	
818.336	63.15	
818.514	90.18	
818.691	51.88	
818.869	108.2	
819.047	143.02	
819.225	196.88	
819.402	157.76	
819.58	188.07	
819.758	168.62	
819.935	138.31	
820.113	133.8	
820.291	132.16	
820.468	44.71	
820.646	67.45	
820.824	100.01	
821.001	166.77	
821.179	208.14	
821.356	242.55	
821.534	186.23	
821.711	141.17	
821.889	162.06	
822.066	152.64	
822.244	135.23	
822.421	193.4	
822.599	234.77	
822.776	143.02	
822.953	79.53	
823.131	38.16	
823.308	-6.28	
823.486	-18.36	
823.663	-24.92	
823.84	25.87	
824.017	12.56	
824.195	12.77	
824.372	21.16	
824.549	42.05	
824.726	32.84	
824.904	43.89	
825.081	70.72	
825.258	25.46	
825.435	10.92	
825.612	45.74	
825.789	23.01	
825.967	29.56	
826.144	86.49	
826.321	122.54	
826.498	101.85	
826.675	152.85	
826.852	77.69	
827.029	84.44	
827.206	79.32	
827.383	35.29	
827.56	64.99	
827.737	98.78	
827.914	95.3	
828.09	73.39	
828.267	112.5	
828.444	102.26	
828.621	82.4	
828.798	125.4	
828.975	75.64	
829.151	50.24	
829.328	48.61	
829.505	117.42	
829.682	36.93	
829.858	78.3	
830.035	137.9	
830.212	118.65	
830.389	80.76	
830.565	58.44	
830.742	119.67	
830.918	112.5	
831.095	123.77	
831.272	140.35	
831.448	143.02	
831.625	143.63	
831.801	141.17	
831.978	135.85	
832.154	78.51	
832.331	139.53	
832.507	59.05	
832.684	76.05	
832.86	112.3	
833.037	244.8	
833.213	185.2	
833.389	233.33	
833.566	150.39	
833.742	94.68	
833.918	-5.46	
834.095	-38.23	
834.271	-88.2	
834.447	-13.86	
834.624	10.51	
834.8	15.22	
834.976	80.76	
835.152	105.95	
835.328	82.6	
835.505	107.38	
835.681	115.37	
835.857	49.63	
836.033	91.61	
836.209	160.63	
836.385	133.6	
836.561	146.29	
836.737	199.34	
836.913	113.94	
837.089	61.71	
837.265	94.68	
837.441	129.5	
837.617	121.92	
837.793	150.8	
837.969	152.64	
838.145	107.79	
838.321	70.93	
838.497	72.57	
838.673	126.22	
838.849	82.6	
839.025	136.67	
839.2	129.7	
839.376	158.99	
839.552	95.5	
839.728	139.94	
839.903	86.29	
840.079	139.94	
840.255	101.85	
840.431	220.63	
840.606	140.15	
840.782	229.24	
840.958	115.37	
841.133	134.01	
841.309	61.71	
841.484	128.07	
841.66	30.38	
841.835	46.97	
842.011	12.97	
842.186	49.42	
842.362	11.13	
842.537	57.41	
842.713	74.41	
842.888	95.91	
843.064	21.57	
843.239	28.54	
843.415	12.77	
843.59	64.37	
843.765	59.66	
843.941	105.33	
844.116	171.89	
844.291	141.99	
844.467	109.84	
844.642	155.51	
844.817	180.7	
844.992	105.13	
845.168	126.43	
845.343	146.29	
845.518	118.24	
845.693	114.34	
845.868	134.62	
846.043	106.36	
846.219	64.99	
846.394	93.66	
846.569	47.38	
846.744	28.33	
846.919	47.38	
847.094	160.01	
847.269	127.04	
847.444	124.18	
847.619	154.08	
847.794	241.32	
847.969	183.77	
848.144	197.9	
848.319	203.23	
848.494	208.14	
848.668	161.45	
848.843	164.93	
849.018	145.47	
849.193	153.05	
849.368	149.77	
849.542	168.41	
849.717	157.15	
849.892	155.51	
850.067	162.47	
850.241	198.31	
850.416	151.21	
850.591	157.76	
850.765	136.87	
850.94	164.32	
851.115	99.39	
851.289	118.24	
851.464	59.46	
851.639	89.56	
851.813	42.87	
851.988	113.73	
852.162	81.37	
852.337	103.08	
852.511	127.04	
852.686	202	
852.86	147.11	
853.035	164.52	
853.209	162.06	
853.383	171.89	
853.558	56.8	
853.732	100.62	
853.906	52.7	
854.081	80.14	
854.255	25.26	
854.429	92.43	
854.604	58.03	
854.778	137.69	
854.952	113.53	
855.126	154.28	
855.301	151.82	
855.475	138.31	
855.649	100.21	
855.823	86.08	
855.997	56.8	
856.171	58.23	
856.345	56.39	
856.52	70.72	
856.694	108.2	
856.868	162.47	
857.042	158.79	
857.216	240.09	
857.39	236.81	
857.564	203.43	
857.738	138.31	
857.912	118.24	
858.085	73.59	
858.259	79.53	
858.433	104.72	
858.607	87.72	
858.781	96.12	
858.955	55.98	
859.129	37.96	
859.302	37.14	
859.476	27.51	
859.65	113.32	
859.824	87.72	
859.997	89.36	
860.171	123.36	
860.345	199.95	
860.519	145.68	
860.692	166.98	
860.866	196.88	
861.039	196.67	
861.213	185.2	
861.387	129.7	
861.56	152.64	
861.734	174.35	
861.907	142.2	
862.081	124.38	
862.254	185	
862.428	189.1	
862.601	129.09	
862.775	139.13	
862.948	233.95	
863.122	199.95	
863.295	174.35	
863.468	183.16	
863.642	131.75	
863.815	51.88	
863.988	66.83	
864.162	92.02	
864.335	51.88	
864.508	96.32	
864.682	123.36	
864.855	107.79	
865.028	65.4	
865.201	128.27	
865.374	90.38	
865.548	108.61	
865.721	111.89	
865.894	203.02	
866.067	188.07	
866.24	239.68	
866.413	201.18	
866.586	208.76	
866.759	108.61	
866.932	84.24	
867.105	37.34	
867.278	-39.05	
867.451	-72.84	
867.624	-11.61	
867.797	34.27	
867.97	33.25	
868.143	81.37	
868.316	126.02	
868.489	61.1	
868.661	41.23	
868.834	83.63	
869.007	140.56	
869.18	127.25	
869.353	164.32	
869.525	193.19	
869.698	152.03	
869.871	110.25	
870.044	111.07	
870.216	125.61	
870.389	73.8	
870.562	99.6	
870.734	149.37	
870.907	126.43	
871.079	139.33	
871.252	128.27	
871.425	174.15	
871.597	84.24	
871.77	183.98	
871.942	158.79	
872.115	165.34	
872.287	129.91	
872.459	147.32	
872.632	85.26	
872.804	98.78	
872.977	62.33	
873.149	62.53	
873.321	36.32	
873.494	21.57	
873.666	51.88	
873.838	80.76	
874.011	41.85	
874.183	106.97	
874.355	98.58	
874.528	60.28	
874.7	65.81	
874.872	159.4	
875.044	165.95	
875.216	190.73	
875.388	244.8	
875.561	270.6	
875.733	157.56	
875.905	115.57	
876.077	39.8	
876.249	72.77	
876.421	38.37	
876.593	39.59	
876.765	76.46	
876.937	165.34	
877.109	75.64	
877.281	99.6	
877.453	113.73	
877.625	72.57	
877.797	16.45	
877.968	-2.18	
878.14	-7.1	
878.312	54.75	
878.484	27.51	
878.656	62.94	
878.828	58.84	
878.999	130.11	
879.171	62.33	
879.343	65.4	
879.515	45.53	
879.686	40.21	
879.858	-27.99	
880.03	-2.39	
880.201	42.87	
880.373	19.11	
880.545	54.95	
880.716	94.48	
880.888	178.45	
881.059	185	
881.231	202	
881.402	249.1	
881.574	231.28	
881.745	171.07	
881.917	189.91	
882.088	203.43	
882.26	129.7	
882.431	145.27	
882.602	78.3	
882.774	57.21	
882.945	12.36	
883.116	-16.32	
883.288	-64.65	
883.459	-29.63	
883.63	-33.52	
883.802	-8.94	
883.973	42.87	
884.144	94.48	
884.315	113.73	
884.487	153.67	
884.658	207.53	
884.829	233.54	
885	197.49	
885.171	211.62	
885.342	118.24	
885.513	84.24	
885.684	60.48	
885.855	95.3	
886.026	65.81	
886.197	139.74	
886.368	93.05	
886.539	123.36	
886.71	75.84	
886.881	93.87	
887.052	107.79	
887.223	152.85	
887.394	96.53	
887.565	161.86	
887.736	110.25	
887.907	111.48	
888.077	88.95	
888.248	94.68	
888.419	40.62	
888.59	54.34	
888.761	77.28	
888.931	93.66	
889.102	136.05	
889.273	123.36	
889.443	111.27	
889.614	34.68	
889.785	41.85	
889.955	20.55	
890.126	16.66	
890.296	102.47	
890.467	131.14	
890.637	209.58	
890.808	211.62	
890.978	236.81	
891.149	184.18	
891.319	264.46	
891.49	202	
891.66	217.15	
891.831	214.08	
892.001	249.92	
892.172	116.6	
892.342	107.59	
892.512	91	
892.683	123.56	
892.853	69.49	
893.023	131.96	
893.193	99.39	
893.364	99.8	
893.534	92.23	
893.704	159.2	
893.874	157.76	
894.044	180.08	
894.215	160.01	
894.385	190.12	
894.555	149.77	
894.725	202.82	
894.895	152.44	
895.065	195.85	
895.235	155.3	
895.405	225.34	
895.575	148.14	
895.745	220.58	
895.915	226.3	
