177.618	-762.61	
177.836	-772.34	
178.054	-768.76	
178.271	-598.16	
178.489	-361.01	
178.706	-221.54	
178.924	-78.59	
179.142	89.55	
179.359	78.28	
179.577	-68.35	
179.794	-70.19	
180.012	-86.99	
180.229	-138.39	
180.447	-104.6	
180.664	-34.35	
180.882	-41.52	
181.1	14.18	
181.317	0.46	
181.535	-34.15	
181.752	-52.99	
181.969	-8.14	
182.187	4.97	
182.404	48.18	
182.622	34.66	
182.839	65.79	
183.057	70.5	
183.274	46.74	
183.492	41.22	
183.709	92	
183.926	46.54	
184.144	26.27	
184.361	53.91	
184.579	73.98	
184.796	8.45	
185.013	61.29	
185.231	36.3	
185.448	47.77	
185.666	69.68	
185.883	65.79	
186.1	55.76	
186.317	81.56	
186.535	4.97	
186.752	-20.22	
186.969	42.44	
187.187	115.76	
187.404	54.12	
187.621	162.86	
187.839	180.27	
188.056	137.06	
188.273	50.23	
188.49	139.72	
188.708	88.93	
188.925	136.24	
189.142	139.11	
189.359	141.36	
189.576	81.15	
189.794	59.44	
190.011	13.98	
190.228	29.95	
190.445	34.66	
190.662	114.53	
190.879	117.81	
191.097	98.56	
191.314	113.1	
191.531	112.08	
191.748	8.24	
191.965	36.3	
192.182	30.57	
192.399	19.1	
192.616	52.48	
192.834	115.15	
193.051	65.79	
193.268	80.74	
193.485	66.81	
193.702	8.65	
193.919	-25.96	
194.136	3.74	
194.353	-10.39	
194.57	19.92	
194.787	49.82	
195.004	159.18	
195.221	131.33	
195.438	155.08	
195.655	113.51	
195.872	192.15	
196.089	67.84	
196.306	121.91	
196.523	125.18	
196.74	188.67	
196.957	56.37	
197.173	107.57	
197.39	84.63	
197.607	110.85	
197.824	67.84	
198.041	136.45	
198.258	133.37	
198.475	172.29	
198.692	105.11	
198.909	65.59	
199.125	5.58	
199.342	43.88	
199.559	33.02	
199.776	89.34	
199.993	167.98	
200.21	204.03	
200.426	134.4	
200.643	107.77	
200.86	103.47	
201.077	115.35	
201.293	110.44	
201.51	115.15	
201.727	24.63	
201.944	-62	
202.16	-90.06	
202.377	-114.43	
202.594	-116.48	
202.811	-50.74	
203.027	-18.18	
203.244	-48.28	
203.461	-5.89	
203.677	70.3	
203.894	104.09	
204.111	143.82	
204.327	165.53	
204.544	130.3	
204.761	111.87	
204.977	73.16	
205.194	25.04	
205.41	67.84	
205.627	83.2	
205.844	61.08	
206.06	47.77	
206.277	110.64	
206.493	73.57	
206.71	83.4	
206.926	59.03	
207.143	131.94	
207.36	32.82	
207.576	81.15	
207.793	84.63	
208.009	123.13	
208.226	80.95	
208.442	125.59	
208.659	80.13	
208.875	70.09	
209.092	19.3	
209.308	12.34	
209.524	6.81	
209.741	93.03	
209.957	139.93	
210.174	156.52	
210.39	138.7	
210.607	138.7	
210.823	-0.77	
211.039	-61.18	
211.256	21.55	
211.472	-8.55	
211.688	61.29	
211.905	121.91	
212.121	119.24	
212.338	52.48	
212.554	110.44	
212.77	64.97	
212.987	59.85	
213.203	111.46	
213.419	135.83	
213.635	114.33	
213.852	82.17	
214.068	58.83	
214.284	8.86	
214.501	35.07	
214.717	19.51	
214.933	61.9	
215.149	4.76	
215.365	-22.07	
215.582	-109.72	
215.798	-63.03	
216.014	-76.34	
216.23	-5.68	
216.447	34.87	
216.663	53.5	
216.879	-0.56	
217.095	35.28	
217.311	53.91	
217.527	73.37	
217.743	90.57	
217.96	75.62	
218.176	46.34	
218.392	24.63	
218.608	48.79	
218.824	21.76	
219.04	41.83	
219.256	81.56	
219.472	56.78	
219.688	0.67	
219.904	71.93	
220.12	153.65	
220.336	111.87	
220.552	143	
220.768	195.43	
220.984	193.38	
221.2	102.04	
221.416	145.25	
221.632	91.8	
221.848	52.27	
222.064	-29.44	
222.28	-9.37	
222.496	-84.12	
222.712	6.2	
222.928	-13.47	
223.144	47.15	
223.36	54.94	
223.576	97.12	
223.792	55.96	
224.008	125.18	
224.224	128.87	
224.439	152.62	
224.655	116.38	
224.871	135.01	
225.087	99.99	
225.303	28.52	
225.519	6.4	
225.734	76.03	
225.95	54.73	
226.166	78.9	
226.382	109.82	
226.598	114.74	
226.813	105.11	
227.029	90.78	
227.245	53.09	
227.461	76.03	
227.677	97.12	
227.892	86.07	
228.108	80.54	
228.324	137.67	
228.539	60.67	
228.755	80.54	
228.971	74.19	
229.186	124.77	
229.402	81.97	
229.618	168.8	
229.833	94.05	
230.049	91.39	
230.265	10.29	
230.48	74.39	
230.696	66.61	
230.912	101.84	
231.127	109	
231.343	160	
231.558	52.89	
231.774	84.63	
231.99	166.14	
232.205	162.25	
232.421	117.4	
232.636	143.82	
232.852	70.91	
233.067	0.05	
233.283	-4.86	
233.498	47.36	
233.714	73.57	
233.929	127.84	
234.145	104.29	
234.36	129.48	
234.576	149.55	
234.791	197.27	
235.007	213.65	
235.222	280.83	
235.438	256.87	
235.653	325.88	
235.868	283.69	
236.084	298.65	
236.299	319.94	
236.515	328.14	
236.73	216.32	
236.945	215.91	
237.161	147.5	
237.376	81.15	
237.592	69.48	
237.807	78.49	
238.022	56.78	
238.238	88.52	
238.453	34.87	
238.668	44.49	
238.883	-9.98	
239.099	-0.97	
239.314	-50.74	
239.529	8.65	
239.745	26.88	
239.96	107.98	
240.175	100.81	
240.39	208.94	
240.605	198.09	
240.821	138.7	
241.036	118.22	
241.251	207.1	
241.466	122.72	
241.681	127.64	
241.897	167.17	
242.112	202.8	
242.327	96.92	
242.542	125.39	
242.757	131.12	
242.972	119.86	
243.188	45.52	
243.403	81.77	
243.618	72.96	
243.833	51.25	
244.048	72.34	
244.263	106.75	
244.478	84.63	
244.693	54.53	
244.908	92.41	
245.123	80.13	
245.338	131.12	
245.553	144.02	
245.768	136.04	
245.983	123.34	
246.198	80.13	
246.413	45.52	
246.628	46.95	
246.843	50.84	
247.058	50.43	
247.273	86.07	
247.488	77.26	
247.703	123.54	
247.918	117.2	
248.133	134.19	
248.348	98.76	
248.563	154.67	
248.778	89.14	
248.993	124.36	
249.207	168.39	
249.422	188.46	
249.637	66.41	
249.852	60.88	
250.067	27.7	
250.282	-49.1	
250.496	-68.15	
250.711	46.74	
250.926	38.76	
251.141	110.85	
251.356	118.01	
251.57	190.72	
251.785	140.13	
252	127.03	
252.215	96.1	
252.43	126.62	
252.644	122.93	
252.859	136.45	
253.074	156.11	
253.288	127.23	
253.503	89.34	
253.718	110.85	
253.932	210.38	
254.147	244.17	
254.362	254.41	
254.576	258.71	
254.791	193.79	
255.006	100.2	
255.22	104.09	
255.435	117.4	
255.65	150.99	
255.864	179.86	
256.079	132.15	
256.293	128.46	
256.508	115.97	
256.723	186.62	
256.937	103.68	
257.152	107.16	
257.366	79.72	
257.581	61.29	
257.795	-12.85	
258.01	118.42	
258.224	162.05	
258.439	191.74	
258.653	177.61	
258.868	179.86	
259.082	101.63	
259.297	71.93	
259.511	27.9	
259.726	17.25	
259.94	-38.66	
260.154	-81.87	
260.369	-73.88	
260.583	-50.74	
260.798	-85.14	
261.012	-24.93	
261.226	37.12	
261.441	51.05	
261.655	52.68	
261.869	152.22	
262.084	119.24	
262.298	85.25	
262.512	28.52	
262.727	14.59	
262.941	30.98	
263.155	26.88	
263.37	28.72	
263.584	89.75	
263.798	85.45	
264.012	96.31	
264.227	91.39	
264.441	156.93	
264.655	104.5	
264.869	192.36	
265.084	103.68	
265.298	118.01	
265.512	46.34	
265.726	118.42	
265.94	40.6	
266.155	106.14	
266.369	120.88	
266.583	206.28	
266.797	187.65	
267.011	256.05	
267.225	285.54	
267.439	280.21	
267.654	209.35	
267.868	169.01	
268.082	61.08	
268.296	-67.94	
268.51	-130.61	
268.724	-89.45	
268.938	-136.75	
269.152	-68.56	
269.366	-4.86	
269.58	49.41	
269.794	-0.56	
270.008	129.89	
270.222	115.97	
270.436	115.76	
270.65	83.2	
270.864	141.57	
271.078	67.63	
271.292	82.38	
271.506	112.48	
271.72	168.8	
271.934	178.22	
272.148	163.48	
272.362	157.34	
272.575	176.59	
272.789	168.6	
273.003	114.33	
273.217	173.92	
273.431	134.19	
273.645	97.53	
273.859	130.3	
274.073	197.68	
274.286	183.96	
274.5	200.14	
274.714	178.22	
274.928	154.88	
275.142	110.85	
275.355	87.09	
275.569	134.6	
275.783	163.07	
275.997	130.3	
276.21	159.59	
276.424	218.57	
276.638	151.19	
276.852	175.97	
277.065	179.45	
277.279	163.07	
277.493	115.97	
277.706	213.04	
277.92	198.91	
278.134	155.9	
278.347	112.89	
278.561	80.33	
278.775	48.79	
278.988	22.58	
279.202	113.71	
279.415	183.14	
279.629	190.51	
279.843	177	
280.056	290.66	
280.27	284.31	
280.483	198.7	
280.697	212.02	
280.91	223.28	
281.124	216.32	
281.337	185.39	
281.551	268.95	
281.764	224.1	
281.978	203	
282.191	101.43	
282.405	115.35	
282.618	37.53	
282.832	86.68	
283.045	56.58	
283.259	102.86	
283.472	81.56	
283.686	103.06	
283.899	53.3	
284.112	69.68	
284.326	66.61	
284.539	94.05	
284.752	105.32	
284.966	148.73	
285.179	187.24	
285.393	191.33	
285.606	118.63	
285.819	158.97	
286.033	122.93	
286.246	175.77	
286.459	121.5	
286.672	184.16	
286.886	104.7	
287.099	179.04	
287.312	46.54	
287.525	67.43	
287.739	48.79	
287.952	111.46	
288.165	112.28	
288.378	164.71	
288.592	152.01	
288.805	140.54	
289.018	157.74	
289.231	108.59	
289.444	144.23	
289.657	121.5	
289.871	130.3	
290.084	64.77	
290.297	147.5	
290.51	89.96	
290.723	73.78	
290.936	131.94	
291.149	140.13	
291.362	139.52	
291.575	116.17	
291.789	163.89	
292.002	123.75	
292.215	164.09	
292.428	48.79	
292.641	98.35	
292.854	89.14	
293.067	55.96	
293.28	21.35	
293.493	47.97	
293.706	-25.34	
293.919	53.91	
294.132	27.49	
294.345	45.72	
294.558	34.25	
294.77	71.53	
294.983	-5.27	
295.196	82.17	
295.409	123.13	
295.622	201.98	
295.835	237	
296.048	277.76	
296.261	246.83	
296.474	224.92	
296.686	170.85	
296.899	185.8	
297.112	182.32	
297.325	162.86	
297.538	187.44	
297.751	219.59	
297.963	217.55	
298.176	212.43	
298.389	204.64	
298.602	186.42	
298.814	305.4	
299.027	277.96	
299.24	263.62	
299.453	328.34	
299.665	296.39	
299.878	111.46	
300.091	96.51	
300.303	75.42	
300.516	18.69	
300.729	11.11	
300.941	64.97	
301.154	28.93	
301.367	6.81	
301.579	36.91	
301.792	80.95	
302.005	59.03	
302.217	83.2	
302.43	122.93	
302.642	73.57	
302.855	6.4	
303.067	-9.57	
303.28	45.11	
303.493	-20.84	
303.705	80.13	
303.918	133.99	
304.13	224.71	
304.343	170.85	
304.555	244.17	
304.768	165.73	
304.98	178.43	
305.193	83.81	
305.405	135.63	
305.617	79.31	
305.83	107.98	
306.042	54.94	
306.255	64.56	
306.467	9.06	
306.68	7.01	
306.892	-12.03	
307.104	33.23	
307.317	30.77	
307.529	104.09	
307.741	154.88	
307.954	173.31	
308.166	145.05	
308.378	204.03	
308.591	185.8	
308.803	201.57	
309.015	222.67	
309.228	273.46	
309.44	190.31	
309.652	161.23	
309.864	111.26	
310.077	29.75	
310.289	-48.69	
310.501	0.67	
310.713	-2.61	
310.926	45.52	
311.138	24.83	
311.35	72.55	
311.562	18.69	
311.774	70.91	
311.986	32.2	
312.199	141.98	
312.411	67.63	
312.623	126.62	
312.835	36.1	
313.047	31.59	
313.259	-2.41	
313.471	47.15	
313.683	32.2	
313.895	66.61	
314.108	59.24	
314.32	50.64	
314.532	0.87	
314.744	2.1	
314.956	77.26	
315.168	104.09	
315.38	70.09	
315.592	171.88	
315.804	182.73	
316.016	232.09	
316.228	241.71	
316.44	290.04	
316.651	275.91	
316.863	260.96	
317.075	150.37	
317.287	96.92	
317.499	81.56	
317.711	50.43	
317.923	87.09	
318.135	44.9	
318.347	95.08	
318.559	164.91	
318.77	192.97	
318.982	151.19	
319.194	162.05	
319.406	131.94	
319.618	37.94	
319.83	-21.04	
320.041	-20.02	
320.253	0.46	
320.465	-6.09	
320.677	-13.47	
320.888	-10.39	
321.1	5.58	
321.312	82.17	
321.524	94.05	
321.735	94.26	
321.947	64.77	
322.159	15.82	
322.37	-64.87	
322.582	-54.02	
322.794	15.21	
323.005	93.03	
323.217	136.24	
323.429	86.07	
323.64	129.07	
323.852	67.43	
324.063	20.12	
324.275	50.23	
324.487	126	
324.698	47.56	
324.91	93.03	
325.121	80.95	
325.333	4.15	
325.544	-5.27	
325.756	62.31	
325.967	8.65	
326.179	68.66	
326.39	113.1	
326.602	120.47	
326.813	47.15	
327.025	73.57	
327.236	-0.56	
327.448	-33.74	
327.659	-89.65	
327.871	-52.99	
328.082	-52.99	
328.293	21.35	
328.505	70.3	
328.716	106.34	
328.928	89.34	
329.139	127.64	
329.35	88.93	
329.562	109.82	
329.773	134.19	
329.984	145.87	
330.196	111.05	
330.407	154.88	
330.618	106.75	
330.83	65.18	
331.041	73.37	
331.252	70.5	
331.463	39.99	
331.675	75.21	
331.886	135.83	
332.097	146.28	
332.308	145.46	
332.52	143.61	
332.731	120.47	
332.942	126.82	
333.153	153.44	
333.364	136.04	
333.575	114.12	
333.787	160.82	
333.998	68.25	
334.209	94.26	
334.42	79.1	
334.631	101.02	
334.842	82.17	
335.053	178.84	
335.264	114.33	
335.475	147.3	
335.686	153.44	
335.898	149.96	
336.109	67.63	
336.32	74.19	
336.531	61.7	
336.742	52.68	
336.953	8.04	
337.164	13.98	
337.375	-23.5	
337.586	-36.61	
337.797	-91.08	
338.007	-34.97	
338.218	-40.7	
338.429	6.81	
338.64	-0.36	
338.851	48.79	
339.062	19.71	
339.273	105.93	
339.484	59.24	
339.695	21.76	
339.906	30.57	
340.116	53.91	
340.327	21.96	
340.538	41.83	
340.749	75.83	
340.96	54.94	
341.171	2.92	
341.381	-2	
341.592	16.23	
341.803	48.38	
342.014	59.03	
342.224	125.59	
342.435	84.22	
342.646	37.53	
342.857	6.6	
343.067	-40.29	
343.278	-51.56	
343.489	-9.37	
343.699	21.35	
343.91	50.64	
344.121	68.25	
344.331	15.62	
344.542	-33.95	
344.753	30.77	
344.963	31.79	
345.174	89.96	
345.384	145.25	
345.595	223.07	
345.806	168.19	
346.016	150.37	
346.227	137.67	
346.437	147.91	
346.648	93.03	
346.858	114.94	
347.069	81.97	
347.279	94.26	
347.49	21.96	
347.7	51.46	
347.911	-6.3	
348.121	19.71	
348.332	16.23	
348.542	5.38	
348.753	-19.4	
348.963	42.24	
349.173	67.63	
349.384	99.99	
349.594	176.38	
349.805	244.78	
350.015	169.62	
350.225	161.64	
350.436	139.11	
350.646	145.87	
350.856	82.79	
351.067	118.22	
351.277	51.86	
351.487	-1.59	
351.698	-74.49	
351.908	-62.21	
352.118	-59.14	
352.328	-29.03	
352.539	56.78	
352.749	57.39	
352.959	37.53	
353.169	64.77	
353.38	85.45	
353.59	55.76	
353.8	93.44	
354.01	122.11	
354.22	102.24	
354.431	201.16	
354.641	159.79	
354.851	167.58	
355.061	152.42	
355.271	208.94	
355.481	113.71	
355.691	122.31	
355.901	93.23	
356.111	104.7	
356.321	49.2	
356.532	53.71	
356.742	28.11	
356.952	31.79	
357.162	5.79	
357.372	6.4	
357.582	-18.59	
357.792	-48.08	
358.002	-75.93	
358.212	-4.45	
358.422	13.36	
358.632	18.28	
358.842	51.05	
359.051	126	
359.261	62.51	
359.471	41.62	
359.681	82.99	
359.891	73.37	
360.101	-4.45	
360.311	-17.97	
360.521	-37.43	
360.731	-40.5	
360.94	-18.59	
361.15	47.56	
361.36	78.28	
361.57	86.89	
361.78	74.19	
361.989	61.08	
362.199	39.37	
362.409	51.66	
362.619	31.39	
362.828	146.48	
363.038	170.85	
363.248	183.14	
363.458	175.77	
363.667	219.8	
363.877	129.07	
364.087	125.39	
364.296	76.44	
364.506	90.37	
364.716	70.91	
364.925	29.54	
365.135	-21.04	
365.345	-11.01	
365.554	-34.15	
365.764	56.37	
365.973	63.13	
366.183	157.34	
366.393	197.88	
366.602	212.84	
366.812	70.91	
367.021	122.11	
367.231	21.96	
367.44	-10.19	
367.65	-16.95	
367.859	47.15	
368.069	-11.62	
368.278	63.13	
368.488	67.43	
368.697	17.66	
368.907	-28.21	
369.116	118.01	
369.326	75.42	
369.535	73.98	
369.744	130.51	
369.954	143.61	
370.163	6.81	
370.373	20.53	
370.582	-2	
370.791	-47.87	
371.001	-78.39	
371.21	-75.31	
371.419	-96.41	
371.629	-91.9	
371.838	-92.72	
372.047	8.45	
372.256	-7.12	
372.466	24.63	
372.675	-27.39	
372.884	-21.45	
373.093	-103.58	
373.303	-33.54	
373.512	-42.75	
373.721	28.11	
373.93	4.56	
374.139	108.39	
374.349	35.28	
374.558	86.27	
374.767	24.01	
374.976	40.4	
375.185	6.81	
375.394	-6.3	
375.603	-37.43	
375.813	3.74	
376.022	11.72	
376.231	-64.66	
376.44	-50.12	
376.649	-41.93	
376.858	-9.78	
377.067	-12.65	
377.276	51.05	
377.485	102.86	
377.694	85.04	
377.903	79.1	
378.112	42.24	
378.321	39.37	
378.53	13.16	
378.739	24.22	
378.948	-5.48	
379.157	19.1	
379.366	47.77	
379.575	46.95	
379.784	-2.2	
379.992	11.93	
380.201	83.4	
380.41	43.88	
380.619	30.16	
380.828	80.54	
381.037	64.77	
381.246	-35.58	
381.454	-92.93	
381.663	-20.43	
381.872	-56.68	
382.081	17.25	
382.29	73.37	
382.498	144.23	
382.707	132.76	
382.916	187.85	
383.125	92.82	
383.333	84.22	
383.542	74.39	
383.751	30.57	
383.959	45.93	
384.168	56.37	
384.377	110.23	
384.585	96.31	
384.794	63.13	
385.003	18.28	
385.211	49.2	
385.42	-29.44	
385.628	-29.85	
385.837	7.42	
386.046	76.03	
386.254	119.65	
386.463	127.64	
386.671	191.33	
386.88	177.61	
387.088	141.98	
387.297	116.38	
387.505	144.23	
387.714	52.89	
387.922	44.7	
388.131	28.31	
388.339	33.43	
388.548	-11.01	
388.756	10.5	
388.965	17.46	
389.173	-43.16	
389.381	-52.38	
389.59	-1.79	
389.798	36.1	
390.007	66.41	
390.215	97.74	
390.423	183.96	
390.632	186.83	
390.84	241.3	
391.048	194.61	
391.257	209.97	
391.465	109.82	
391.673	114.33	
391.882	51.66	
392.09	35.48	
392.298	41.01	
392.506	14.18	
392.715	21.55	
392.923	70.5	
393.131	141.57	
393.339	136.45	
393.547	136.24	
393.756	120.06	
393.964	45.93	
394.172	11.32	
394.38	-16.54	
394.588	51.25	
394.796	7.22	
395.005	5.79	
395.213	-15.72	
395.421	22.17	
395.629	-39.68	
395.837	-27.8	
396.045	-21.04	
396.253	1.08	
396.461	-37.22	
396.669	4.56	
396.877	43.06	
397.085	83.81	
397.293	78.28	
397.501	87.29	
397.709	87.29	
397.917	95.28	
398.125	89.34	
398.333	103.68	
398.541	75.01	
398.749	72.34	
398.957	17.25	
399.165	-45.41	
399.373	-17.97	
399.581	4.76	
399.788	16.03	
399.996	-0.36	
400.204	20.33	
400.412	-28.62	
400.62	-72.04	
400.828	-95.59	
401.035	-48.49	
401.243	-0.15	
401.451	28.31	
401.659	48.38	
401.867	69.07	
402.074	66.2	
402.282	25.86	
402.49	-17.77	
402.697	114.12	
402.905	73.16	
403.113	86.07	
403.321	37.53	
403.528	45.11	
403.736	-38.25	
403.944	-15.72	
404.151	-57.5	
404.359	-41.52	
404.566	-39.07	
404.774	-37.43	
404.982	-68.56	
405.189	-61.59	
405.397	-89.45	
405.604	-98.05	
405.812	-92.72	
406.02	-101.73	
406.227	-82.07	
406.435	-37.02	
406.642	11.72	
406.85	-18.79	
407.057	53.3	
407.265	84.43	
407.472	113.51	
407.679	85.04	
407.887	74.19	
408.094	16.43	
408.302	-59.75	
408.509	-53.81	
408.717	-37.43	
408.924	-15.92	
409.131	31.59	
409.339	85.45	
409.546	84.22	
409.753	57.19	
409.961	104.91	
410.168	79.31	
410.375	93.03	
410.583	85.25	
410.79	117.2	
410.997	79.72	
411.205	80.74	
411.412	67.63	
411.619	87.91	
411.826	71.53	
412.034	124.77	
412.241	174.95	
412.448	165.32	
412.655	88.93	
412.862	91.19	
413.07	28.31	
413.277	-38.66	
413.484	-59.34	
413.691	2.3	
413.898	-21.86	
414.105	-41.73	
414.312	-64.05	
414.519	-56.47	
414.727	-63.23	
414.934	-23.5	
415.141	15.21	
415.348	94.26	
415.555	76.24	
415.762	61.9	
415.969	-6.3	
416.176	12.75	
416.383	10.09	
416.59	3.74	
416.797	7.22	
417.004	74.8	
417.211	35.69	
417.418	22.37	
417.625	56.17	
417.831	53.5	
418.038	61.08	
418.245	98.56	
418.452	78.28	
418.659	73.57	
418.866	79.72	
419.073	70.91	
419.28	20.12	
419.486	88.11	
419.693	70.71	
419.9	104.29	
420.107	130.1	
420.314	195.84	
420.52	169.83	
420.727	281.85	
420.934	272.84	
421.141	243.35	
421.347	223.48	
421.554	219.59	
421.761	105.73	
421.967	150.99	
422.174	206.69	
422.381	220	
422.588	195.43	
422.794	231.88	
423.001	285.74	
423.207	246.83	
423.414	255.23	
423.621	273.86	
423.827	321.58	
424.034	286.56	
424.24	329.16	
424.447	310.11	
424.654	271.41	
424.86	256.66	
425.067	205.05	
425.273	175.97	
425.48	265.26	
425.686	366.84	
425.893	416.61	
426.099	446.3	
426.306	490.54	
426.512	471.08	
426.718	509.79	
426.925	491.36	
427.131	481.94	
427.338	473.54	
427.544	465.55	
427.75	413.33	
427.957	400.22	
428.163	455.52	
428.37	486.65	
428.576	526.79	
428.782	517.16	
428.988	594.99	
429.195	599.29	
429.401	595.4	
429.607	599.29	
429.814	721.76	
430.02	704.96	
430.226	682.43	
430.432	724.01	
430.639	753.91	
430.845	749.61	
431.051	807.57	
431.257	889.48	
431.463	901.77	
431.67	901.36	
431.876	871.87	
432.082	846.48	
432.288	891.53	
432.494	919.18	
432.7	989.22	
432.906	1014	
433.112	1060.49	
433.318	1118.24	
433.525	1155.31	
433.731	1151.21	
433.937	1248.08	
434.143	1266.31	
434.349	1260.99	
434.555	1297.85	
434.761	1325.5	
434.967	1269.38	
435.173	1342.9	
435.379	1389.39	
435.585	1496.71	
435.791	1577.81	
435.996	1741.44	
436.202	1783.83	
436.408	1790.59	
436.614	1770.93	
436.82	1830.12	
437.026	1787.72	
437.232	1856.74	
437.438	1891.15	
437.644	1889.1	
437.849	1918.79	
438.055	1967.33	
438.261	1988.63	
438.467	2021.4	
438.673	2077.92	
438.878	2054.16	
439.084	2121.13	
439.29	2214.52	
439.496	2290.29	
439.701	2387.57	
439.907	2457.82	
440.113	2498.16	
440.318	2507.79	
440.524	2556.94	
440.73	2599.13	
440.935	2675.11	
441.141	2709.1	
441.347	2838.33	
441.552	2891.99	
441.758	2987.42	
441.964	3005.04	
442.169	3130.99	
442.375	3136.31	
442.58	3248.95	
442.786	3331.69	
442.991	3435.31	
443.197	3414.22	
443.402	3505.15	
443.608	3582.15	
443.813	3709.13	
444.019	3821.36	
444.224	3976.18	
444.43	4016.73	
444.635	4121.18	
444.841	4118.31	
445.046	4273.14	
445.252	4326.59	
445.457	4415.68	
445.662	4401.55	
445.868	4470.36	
446.073	4471.79	
446.278	4580.54	
446.484	4660.2	
446.689	4803.97	
446.894	4918.86	
447.1	5029.45	
447.305	5224.01	
447.51	5412.63	
447.716	5537.35	
447.921	5680.09	
448.126	5870.35	
448.331	5865.64	
448.537	5978.89	
448.742	6123.27	
448.947	6208.06	
449.152	6248.2	
449.357	6485.97	
449.563	6663.32	
449.768	6792.34	
449.973	6920.55	
450.178	7128.42	
450.383	7160.57	
450.588	7225.28	
450.793	7362.7	
450.999	7646.96	
451.204	7713.73	
451.409	7893.13	
451.614	8019.69	
451.819	8182.3	
452.024	8193.97	
452.229	8429.49	
452.434	8631.83	
452.639	8751.64	
452.844	8921.62	
453.049	9008.66	
453.254	9032.82	
453.459	9080.54	
453.664	9211	
453.869	9239.26	
454.074	9369.3	
454.279	9462.28	
454.483	9422.96	
454.688	9434.22	
454.893	9502.22	
455.098	9524.13	
455.303	9511.84	
455.508	9621.61	
455.713	9640.66	
455.917	9596.42	
456.122	9657.66	
456.327	9672.4	
456.532	9718.48	
456.737	9673.63	
456.941	9705.38	
457.146	9617.52	
457.351	9606.25	
457.555	9496.48	
457.76	9509.79	
457.965	9376.47	
458.17	9336.74	
458.374	9264.65	
458.579	9197.89	
458.784	9003.95	
458.988	8857.72	
459.193	8692.04	
459.397	8553.19	
459.602	8377.47	
459.807	8355.97	
460.011	8242.31	
460.216	8044.47	
460.42	7789.09	
460.625	7586.55	
460.829	7373.56	
461.034	7197.43	
461.239	7065.95	
461.443	6995.71	
461.648	6923.21	
461.852	6749.34	
462.056	6718	
462.261	6630.35	
462.465	6637.72	
462.67	6534.3	
462.874	6493.14	
463.079	6385	
463.283	6342	
463.487	6210.52	
463.692	6191.88	
463.896	6135.77	
464.1	6085.18	
464.305	6013.71	
464.509	5959.85	
464.713	5956.77	
464.918	5966.19	
465.122	5963.53	
465.326	5904.96	
465.531	5818.33	
465.735	5748.29	
465.939	5682.35	
466.143	5592.44	
466.348	5555.78	
466.552	5453.79	
466.756	5368.8	
466.96	5348.73	
467.164	5308.59	
467.368	5287.29	
467.573	5345.45	
467.777	5332.96	
467.981	5282.58	
468.185	5253.91	
468.389	5271.32	
468.593	5213.97	
468.797	5192.47	
469.001	5204.96	
469.205	5241.01	
469.409	5235.27	
469.613	5249	
469.817	5243.47	
470.021	5229.95	
470.225	5217.05	
470.429	5181.62	
470.633	5230.56	
470.837	5268.45	
471.041	5301.42	
471.245	5276.64	
471.449	5351.6	
471.653	5342.79	
471.857	5421.43	
472.061	5340.54	
472.265	5394.4	
472.469	5413.45	
472.673	5459.73	
472.876	5426.55	
473.08	5529.77	
473.284	5614.56	
473.488	5607.8	
473.692	5692.99	
473.895	5787.61	
474.099	5852.74	
474.303	5868.71	
474.507	5959.64	
474.71	5941.82	
474.914	5870.96	
475.118	5876.29	
475.322	5899.02	
475.525	5836.97	
475.729	5857.86	
475.933	5921.55	
476.136	6017.8	
476.34	6041.35	
476.543	6084.16	
476.747	6061.01	
476.951	6011.66	
477.154	5863.39	
477.358	5848.03	
477.561	5786.18	
477.765	5720.03	
477.969	5654.49	
478.172	5601.25	
478.376	5454	
478.579	5395.22	
478.783	5353.03	
478.986	5330.5	
479.19	5310.84	
479.393	5317.19	
479.596	5277.67	
479.8	5219.91	
480.003	5100.52	
480.207	4938.93	
480.41	4746.42	
480.614	4576.44	
480.817	4361.82	
481.02	4235.86	
481.224	4100.9	
481.427	3934.2	
481.63	3780.19	
481.834	3591.37	
482.037	3281.31	
482.24	3014.25	
482.443	2771.98	
482.647	2511.88	
482.85	2304.84	
483.053	2197.32	
483.256	1965.08	
483.46	1839.33	
483.663	1666.07	
483.866	1558.97	
484.069	1370.96	
484.272	1269.79	
484.476	1099.81	
484.679	1018.1	
484.882	935.15	
485.085	806.75	
485.288	730.15	
485.491	689.6	
485.694	548.7	
485.897	458.8	
486.101	451.01	
486.304	454.29	
486.507	357.22	
486.71	360.9	
486.913	285.54	
487.116	220.62	
487.319	165.73	
487.522	178.84	
487.725	231.88	
487.928	238.23	
488.13	225.74	
488.333	226.56	
488.536	224.1	
488.739	137.27	
488.942	143.82	
489.145	155.08	
489.348	147.3	
489.551	104.29	
489.754	130.3	
489.956	77.26	
490.159	66.2	
490.362	25.04	
490.565	-5.27	
490.768	-54.42	
490.97	36.91	
491.173	54.53	
491.376	63.74	
491.579	90.57	
491.781	149.14	
491.984	70.09	
492.187	78.28	
492.39	65.18	
492.592	75.21	
492.795	62.1	
492.998	25.86	
493.2	-3.23	
493.403	18.69	
493.605	78.69	
493.808	44.7	
494.011	45.31	
494.213	44.49	
494.416	68.86	
494.618	-18.79	
494.821	-44.18	
495.023	23.81	
495.226	62.51	
495.428	30.77	
495.631	74.6	
495.833	140.75	
496.036	108.18	
496.238	56.58	
496.441	96.92	
496.643	60.26	
496.846	20.12	
497.048	29.95	
497.25	93.03	
497.453	73.98	
497.655	175.77	
497.858	234.54	
498.06	250.93	
498.262	177	
498.465	190.1	
498.667	139.11	
498.869	110.23	
499.071	95.28	
499.274	162.05	
499.476	136.65	
499.678	100.4	
499.881	78.69	
500.083	74.19	
500.285	5.99	
500.487	37.53	
500.689	43.67	
500.892	8.04	
501.094	-36.81	
501.296	21.55	
501.498	-26.16	
501.7	-60.77	
501.902	-7.94	
502.104	25.24	
502.306	-20.02	
502.509	1.28	
502.711	11.32	
502.913	-3.84	
503.115	-28.21	
503.317	-7.73	
503.519	-44.59	
503.721	-1.18	
503.923	85.86	
504.125	111.87	
504.327	127.84	
504.529	167.17	
504.731	136.24	
504.933	109	
505.134	92.21	
505.336	93.23	
505.538	98.35	
505.74	83.4	
505.942	8.45	
506.144	13.16	
506.346	-7.94	
506.548	45.11	
506.749	60.88	
506.951	98.56	
507.153	81.15	
507.355	53.09	
507.557	6.2	
507.758	17.25	
507.96	-41.32	
508.162	8.45	
508.363	54.73	
508.565	45.31	
508.767	2.51	
508.969	32	
509.17	46.34	
509.372	28.93	
509.574	-9.57	
509.775	32.2	
509.977	19.3	
510.178	30.57	
510.38	24.01	
510.582	51.86	
510.783	9.88	
510.985	19.1	
511.186	-42.14	
511.388	19.3	
511.589	58.42	
511.791	73.78	
511.992	79.51	
512.194	113.71	
512.395	21.96	
512.597	17.46	
512.798	29.34	
513	64.56	
513.201	83.81	
513.403	172.49	
513.604	132.96	
513.805	131.33	
514.007	90.78	
514.208	24.83	
514.409	-40.09	
514.611	-33.33	
514.812	1.48	
515.013	47.56	
515.215	78.49	
515.416	63.54	
515.617	29.75	
515.819	-37.02	
516.02	-92.72	
516.221	-59.14	
516.422	-40.91	
516.623	-26.37	
516.825	-10.19	
517.026	1.28	
517.227	-72.86	
517.428	-101.32	
517.629	-66.3	
517.83	-34.35	
518.032	-14.08	
518.233	41.83	
518.434	80.13	
518.635	97.12	
518.836	82.17	
519.037	54.12	
519.238	43.67	
519.439	47.36	
519.64	-4.66	
519.841	8.24	
520.042	3.94	
520.243	-18.38	
520.444	-54.42	
520.645	-38.45	
520.846	-60.77	
521.047	-25.55	
521.248	-31.69	
521.449	15.41	
521.65	14.18	
521.851	98.97	
522.052	38.14	
522.252	84.43	
522.453	108.59	
522.654	63.74	
522.855	-22.68	
523.056	-13.67	
523.257	-41.93	
523.457	-75.11	
523.658	-36.61	
523.859	-33.33	
524.06	-48.9	
524.26	-91.49	
524.461	-88.83	
524.662	-68.15	
524.862	-96.82	
525.063	-37.43	
525.264	5.17	
525.464	-24.52	
525.665	-7.12	
525.866	102.65	
526.066	56.78	
526.267	51.46	
526.468	61.29	
526.668	39.78	
526.869	-31.08	
527.069	-14.69	
527.27	-3.23	
527.47	40.81	
527.671	23.4	
527.871	5.99	
528.072	43.47	
528.272	34.87	
528.473	42.24	
528.673	114.33	
528.874	129.28	
529.074	133.37	
529.275	157.34	
529.475	144.64	
529.675	51.66	
529.876	70.71	
530.076	3.12	
530.277	-32.92	
530.477	-55.65	
530.677	-62.62	
530.878	-114.84	
531.078	1.48	
531.278	-16.74	
531.478	-31.69	
531.679	-17.56	
531.879	17.66	
532.079	-48.28	
532.28	-4.04	
532.48	-30.26	
532.68	-23.09	
532.88	-9.57	
533.08	-1.59	
533.28	-18.18	
533.481	-4.45	
533.681	6.2	
533.881	1.48	
534.081	-20.22	
534.281	9.06	
534.481	37.12	
534.681	71.73	
534.881	102.04	
535.081	89.34	
535.281	53.09	
535.481	104.5	
535.682	70.3	
535.882	13.36	
536.082	47.77	
536.281	57.19	
536.481	38.35	
536.681	58.21	
536.881	59.03	
537.081	25.65	
537.281	22.99	
537.481	-41.73	
537.681	-79.82	
537.881	-103.58	
538.081	-30.67	
538.281	-32.72	
538.48	-46.64	
538.68	-20.43	
538.88	77.46	
539.08	47.36	
539.28	34.05	
539.479	129.28	
539.679	118.22	
539.879	36.3	
540.079	13.98	
540.278	42.44	
540.478	-43.98	
540.678	-48.28	
540.877	10.5	
541.077	-33.13	
541.277	-32.92	
541.476	61.7	
541.676	76.24	
541.876	96.1	
542.075	143.61	
542.275	111.26	
542.474	51.46	
542.674	45.93	
542.874	-20.84	
543.073	-47.05	
543.273	-13.06	
543.472	23.19	
543.672	34.25	
543.871	31.79	
544.071	49.2	
544.27	109.21	
544.47	72.14	
544.669	90.57	
544.868	96.51	
545.068	100.4	
545.267	17.87	
545.467	97.74	
545.666	44.29	
545.865	72.34	
546.065	43.47	
546.264	44.08	
546.463	-33.54	
546.663	19.92	
546.862	-2.41	
547.061	35.07	
547.261	56.58	
547.46	93.44	
547.659	56.37	
547.858	145.87	
548.058	140.54	
548.257	158.36	
548.456	136.04	
548.655	159.79	
548.854	96.51	
549.053	139.93	
549.253	127.03	
549.452	112.28	
549.651	147.3	
549.85	208.12	
550.049	167.98	
550.248	133.99	
550.447	150.78	
550.646	133.17	
550.845	92.41	
551.044	96.51	
551.243	100.81	
551.442	109.41	
551.641	81.36	
551.84	114.33	
552.039	132.55	
552.238	172.9	
552.437	133.78	
552.636	132.96	
552.835	69.89	
553.034	84.43	
553.233	73.37	
553.432	80.74	
553.63	90.16	
553.829	91.8	
554.028	14.39	
554.227	2.3	
554.426	17.46	
554.625	36.71	
554.823	33.23	
555.022	91.6	
555.221	140.75	
555.42	139.31	
555.618	147.71	
555.817	150.37	
556.016	124.36	
556.214	106.75	
556.413	111.87	
556.612	85.45	
556.81	83.61	
557.009	83.81	
557.208	47.36	
557.406	64.77	
557.605	47.36	
557.803	33.02	
558.002	20.74	
558.201	-26.16	
558.399	-41.52	
558.598	-86.99	
558.796	-77.36	
558.995	-57.09	
559.193	12.34	
559.392	-39.68	
559.59	32	
559.789	54.73	
559.987	102.45	
560.185	137.47	
560.384	171.26	
560.582	172.69	
560.781	221.23	
560.979	188.26	
561.177	113.51	
561.376	122.52	
561.574	152.22	
561.772	18.28	
561.971	103.88	
562.169	121.09	
562.367	84.63	
562.566	42.24	
562.764	75.83	
562.962	-24.93	
563.16	-55.04	
563.358	-1.38	
563.557	18.89	
563.755	55.14	
563.953	42.65	
564.151	85.86	
564.349	127.03	
564.547	132.96	
564.746	109.41	
564.944	122.72	
565.142	138.29	
565.34	112.28	
565.538	128.66	
565.736	200.96	
565.934	219.8	
566.132	257.48	
566.33	309.7	
566.528	366.43	
566.726	340.01	
566.924	402.07	
567.122	335.92	
567.32	243.55	
567.518	178.43	
567.716	148.73	
567.914	87.7	
568.112	98.15	
568.31	148.73	
568.507	128.25	
568.705	67.02	
568.903	37.73	
569.101	60.88	
569.299	78.69	
569.497	92.62	
569.694	156.93	
569.892	163.27	
570.09	162.25	
570.288	70.09	
570.486	48.18	
570.683	78.49	
570.881	45.52	
571.079	-13.06	
571.276	12.95	
571.474	10.29	
571.672	-59.54	
571.869	-22.89	
572.067	4.56	
572.265	24.01	
572.462	63.95	
572.66	124.57	
572.857	138.08	
573.055	186.42	
573.253	170.03	
573.45	118.42	
573.648	118.01	
573.845	98.97	
574.043	62.51	
574.24	54.73	
574.438	14.8	
574.635	-14.49	
574.832	-63.64	
575.03	-63.03	
575.227	32.61	
575.425	53.91	
575.622	32.2	
575.82	50.64	
576.017	78.28	
576.214	11.52	
576.412	56.37	
576.609	35.69	
576.806	22.17	
577.004	-13.47	
577.201	-7.12	
577.398	13.16	
577.595	130.3	
577.793	193.38	
577.99	203.82	
578.187	164.09	
578.384	127.43	
578.582	36.91	
578.779	68.25	
578.976	46.13	
579.173	135.01	
579.37	147.5	
579.567	197.68	
579.764	147.5	
579.962	183.55	
580.159	136.24	
580.356	157.13	
580.553	147.3	
580.75	159.38	
580.947	159.18	
581.144	199.52	
581.341	173.1	
581.538	190.51	
581.735	150.99	
581.932	157.34	
582.129	59.65	
582.326	62.72	
582.523	6.6	
582.72	16.03	
582.916	-27.6	
583.113	-23.09	
583.31	-46.85	
583.507	-20.22	
583.704	46.54	
583.901	119.65	
584.098	143	
584.294	169.21	
584.491	148.73	
584.688	105.32	
584.885	35.28	
585.082	148.12	
585.278	194.61	
585.475	220.41	
585.672	200.34	
585.868	225.12	
586.065	115.35	
586.262	36.91	
586.458	52.89	
586.655	105.93	
586.852	73.98	
587.048	69.68	
587.245	57.39	
587.442	116.79	
587.638	100.4	
587.835	171.06	
588.031	191.13	
588.228	233.93	
588.424	152.42	
588.621	168.19	
588.817	109.41	
589.014	163.89	
589.21	154.67	
589.407	127.84	
589.603	60.88	
589.8	113.71	
589.996	81.97	
590.192	81.15	
590.389	128.66	
590.585	165.32	
590.782	88.93	
590.978	147.1	
591.174	132.35	
591.371	125.18	
591.567	118.22	
591.763	138.49	
591.959	77.46	
592.156	87.5	
592.352	86.89	
592.548	129.89	
592.744	155.29	
592.941	120.68	
593.137	100.61	
593.333	67.02	
593.529	112.08	
593.725	136.45	
593.922	132.35	
594.118	213.86	
594.314	201.37	
594.51	171.06	
594.706	121.29	
594.902	198.7	
595.098	166.14	
595.294	221.03	
595.49	177.2	
595.686	263.01	
595.882	225.94	
596.078	315.85	
596.274	375.03	
596.47	465.96	
596.666	491.77	
596.862	548.09	
597.058	584.34	
597.254	662.77	
597.45	723.6	
597.646	873.51	
597.842	1034.89	
598.037	1261.4	
598.233	1487.7	
598.429	1777.69	
598.625	1962.62	
598.821	2216.98	
599.017	2371.6	
599.212	2581.11	
599.408	2725.28	
599.604	2797.17	
599.8	2753.95	
599.995	2597.49	
600.191	2383.48	
600.387	2070.96	
600.582	1838.31	
600.778	1649.89	
600.974	1485.85	
601.169	1275.53	
601.365	1168.83	
601.561	999.66	
601.756	827.43	
601.952	740.19	
602.147	654.17	
602.343	563.65	
602.538	585.16	
602.734	566.93	
602.93	544.4	
603.125	523.1	
603.321	533.14	
603.516	470.88	
603.711	461.87	
603.907	446.3	
604.102	447.12	
604.298	449.38	
604.493	425.41	
604.689	438.93	
604.884	396.33	
605.079	375.85	
605.275	305.2	
605.47	294.75	
605.665	266.49	
605.861	307.45	
606.056	300.69	
606.251	246.01	
606.447	243.96	
606.642	223.28	
606.837	155.9	
607.032	195.63	
607.227	208.53	
607.423	210.58	
607.618	205.87	
607.813	210.38	
608.008	163.27	
608.203	271	
608.398	309.5	
608.594	273.66	
608.789	268.95	
608.984	317.49	
609.179	290.25	
609.374	244.17	
609.569	279.8	
609.764	246.42	
609.959	197.88	
610.154	170.03	
610.349	214.27	
610.544	212.84	
610.739	263.42	
610.934	285.74	
611.129	327.93	
611.324	334.69	
611.519	372.58	
611.714	402.68	
611.909	356.19	
612.103	387.32	
612.298	369.71	
612.493	377.9	
612.688	383.64	
612.883	449.38	
613.078	363.16	
613.272	433.61	
613.467	433.81	
613.662	449.99	
613.857	469.65	
614.051	544.61	
614.246	457.98	
614.441	432.99	
614.635	334.48	
614.83	286.56	
615.025	203.21	
615.219	210.99	
615.414	178.63	
615.609	248.06	
615.803	258.3	
615.998	357.22	
616.192	371.14	
616.387	415.38	
616.582	491.56	
616.776	541.53	
616.971	510.81	
617.165	523.92	
617.36	509.38	
617.554	475.79	
617.749	518.6	
617.943	535.8	
618.138	570.41	
618.332	632.05	
618.526	628.16	
618.721	593.55	
618.915	676.7	
619.11	704.76	
619.304	670.15	
619.498	722.37	
619.693	803.26	
619.887	760.05	
620.081	753.29	
620.275	851.39	
620.47	912.83	
620.664	942.32	
620.858	985.53	
621.052	1069.3	
621.247	1137.49	
621.441	1167.19	
621.635	1210.61	
621.829	1312.8	
622.023	1371.37	
622.218	1468.65	
622.412	1542.79	
622.606	1619.99	
622.8	1716.25	
622.994	1809.23	
623.188	1841.58	
623.382	1955.04	
623.576	2065.63	
623.77	2151.24	
623.964	2320.19	
624.158	2504.92	
624.352	2615.31	
624.546	2834.24	
624.74	3086.14	
624.934	3260.62	
625.128	3502.49	
625.322	3799.65	
625.516	4028.2	
625.71	4205.35	
625.904	4447.62	
626.098	4727.58	
626.291	4974.57	
626.485	5202.51	
626.679	5478.37	
626.873	5823.04	
627.067	6001.83	
627.26	6229.97	
627.454	6483.72	
627.648	6694.25	
627.842	6814.05	
628.035	6982.19	
628.229	7133.33	
628.423	7201.12	
628.617	7295.33	
628.81	7344.48	
629.004	7402.64	
629.198	7438.89	
629.391	7431.92	
629.585	7438.89	
629.778	7367.82	
629.972	7301.26	
630.166	7205.01	
630.359	7105.07	
630.553	6974	
630.746	6924.03	
630.94	6833.92	
631.133	6621.34	
631.327	6494.77	
631.52	6327.87	
631.714	6169.56	
631.907	6043.2	
632.1	6089.07	
632.294	6079.86	
632.487	6065.32	
632.681	6047.91	
632.874	5993.43	
633.067	5918.68	
633.261	5824.88	
633.454	5752.8	
633.647	5677.43	
633.841	5523.63	
634.034	5438.84	
634.227	5320.88	
634.421	5210.29	
634.614	5096.22	
634.807	5062.63	
635	4914.56	
635.193	4926.64	
635.387	4890.6	
635.58	4865.41	
635.773	4901.45	
635.966	4957.16	
636.159	4970.06	
636.352	4962.48	
636.545	4977.02	
636.739	4947.12	
636.932	4949.17	
637.125	4891.42	
637.318	4906.17	
637.511	4952.65	
637.704	4969.45	
637.897	5004.26	
638.09	5001.19	
638.283	5068.98	
638.476	5062.22	
638.669	5058.33	
638.862	5057.92	
639.055	5050.55	
639.247	5025.56	
639.44	4945.49	
639.633	4992.38	
639.826	4945.08	
640.019	4979.28	
640.212	4958.18	
640.405	5025.15	
640.597	4990.54	
640.79	5050.55	
640.983	5091.51	
641.176	5088.02	
641.368	5160.11	
641.561	5212.75	
641.754	5176.29	
641.947	5197.59	
642.139	5265.17	
642.332	5187.97	
642.525	5201.28	
642.717	5258.83	
642.91	5185.71	
643.103	5139.84	
643.295	5172.4	
643.488	5149.05	
643.68	5106.25	
643.873	5175.68	
644.065	5205.99	
644.258	5208.65	
644.45	5179.98	
644.643	5185.3	
644.835	5172.61	
645.028	5118.74	
645.22	5099.9	
645.413	5110.14	
645.605	5115.06	
645.798	5076.97	
645.99	5150.49	
646.182	5152.13	
646.375	5156.43	
646.567	5179.36	
646.76	5183.05	
646.952	5155.61	
647.144	5158.88	
647.337	5182.23	
647.529	5159.5	
647.721	5218.07	
647.913	5205.17	
648.106	5154.99	
648.298	5068.57	
648.49	5036.21	
648.682	4932.38	
648.874	4908.83	
649.067	4919.48	
649.259	4900.02	
649.451	4844.73	
649.643	4841.65	
649.835	4845.34	
650.027	4815.44	
650.219	4807.45	
650.411	4836.94	
650.603	4812.57	
650.796	4794.76	
650.988	4777.35	
651.18	4828.96	
651.372	4850.26	
651.564	4841.04	
651.756	4767.31	
651.948	4790.86	
652.139	4709.97	
652.331	4639.31	
652.523	4633.17	
652.715	4641.57	
652.907	4607.78	
653.099	4608.6	
653.291	4609.41	
653.483	4598.36	
653.674	4633.38	
653.866	4650.17	
654.058	4632.97	
654.25	4658.16	
654.442	4650.58	
654.633	4581.36	
654.825	4567.84	
655.017	4607.16	
655.209	4579.31	
655.4	4613.72	
655.592	4623.14	
655.784	4683.14	
655.975	4703.21	
656.167	4727.58	
656.359	4733.52	
656.55	4796.8	
656.742	4749.29	
656.933	4860.29	
657.125	4925.62	
657.316	4966.58	
657.508	4977.84	
657.7	5078.81	
657.891	5014.3	
658.083	5022.49	
658.274	5091.3	
658.466	5138.61	
658.657	5149.67	
658.848	5127.14	
659.04	5132.67	
659.231	5094.37	
659.423	5122.23	
659.614	5066.11	
659.805	5208.65	
659.997	5316.37	
660.188	5384.16	
660.379	5442.32	
660.571	5505.61	
660.762	5474.48	
660.953	5468.74	
661.145	5491.88	
661.336	5466.08	
661.527	5710.2	
661.718	5757.1	
661.909	5736	
662.101	5803.18	
662.292	5860.52	
662.483	5666.58	
662.674	5669.03	
662.865	5711.63	
663.056	5648.76	
663.247	5615.58	
663.439	5678.45	
663.63	5718.39	
663.821	5734.98	
664.012	5864.41	
664.203	6029.68	
664.394	6202.32	
664.585	6410.81	
664.776	6593.49	
664.967	6793.57	
665.158	6974.61	
665.349	7151.97	
665.54	7174.29	
665.73	7251.91	
665.921	7099.54	
666.112	6952.5	
666.303	6660.86	
666.494	6528.36	
666.685	6250.66	
666.876	6087.02	
667.066	5831.64	
667.257	5615.17	
667.448	5271.93	
667.639	5061.61	
667.83	4853.94	
668.02	4731.27	
668.211	4577.47	
668.402	4558.22	
668.592	4422.43	
668.783	4322.49	
668.974	4227.06	
669.164	4181.8	
669.355	4093.33	
669.546	4074.28	
669.736	4025.95	
669.927	3908.39	
670.117	3752.75	
670.308	3637.04	
670.499	3489.18	
670.689	3391.49	
670.88	3294	
671.07	3282.74	
671.261	3213.52	
671.451	3252.02	
671.641	3144.91	
671.832	3143.27	
672.022	3106.61	
672.213	3023.26	
672.403	2940.12	
672.594	2952.2	
672.784	2919.02	
672.974	2865.98	
673.165	2807.2	
673.355	2747.61	
673.545	2738.8	
673.736	2734.29	
673.926	2631.9	
674.116	2658.93	
674.306	2581.93	
674.497	2517.21	
674.687	2411.53	
674.877	2418.91	
675.067	2366.48	
675.257	2416.65	
675.448	2403.14	
675.638	2435.5	
675.828	2413.79	
676.018	2465.4	
676.208	2433.65	
676.398	2460.69	
676.588	2427.3	
676.778	2454.75	
676.968	2441.84	
677.158	2483.42	
677.348	2430.38	
677.538	2438.98	
677.728	2478.09	
677.918	2487.72	
678.108	2491.2	
678.298	2549.57	
678.488	2574.14	
678.678	2616.33	
678.868	2625.55	
679.058	2637.63	
679.248	2671.83	
679.438	2721.19	
679.627	2726.31	
679.817	2761.74	
680.007	2811.09	
680.197	2805.15	
680.387	2809.05	
680.576	2872.12	
680.766	2837.72	
680.956	2808.23	
681.146	2898.13	
681.335	2898.34	
681.525	2812.73	
681.715	2884.62	
681.904	2955.07	
682.094	2921.48	
682.284	2960.59	
682.473	3030.84	
682.663	3062.99	
682.852	3025.93	
683.042	3017.12	
683.231	2991.72	
683.421	2980.26	
683.61	2926.6	
683.8	2914.93	
683.989	2902.02	
684.179	2924.96	
684.368	2873.35	
684.558	2860.65	
684.747	2853.08	
684.937	2808.84	
685.126	2810.48	
685.316	2826.04	
685.505	2785.49	
685.694	2818.47	
685.884	2901.82	
686.073	2864.34	
686.262	2865.57	
686.452	2943.19	
686.641	2960.19	
686.83	2930.28	
687.019	2975.54	
687.209	3023.67	
687.398	3075.9	
687.587	3063.81	
687.776	3084.09	
687.965	3072	
688.155	3101.5	
688.344	3021.21	
688.533	3074.26	
688.722	3061.56	
688.911	3175.22	
689.1	3245.88	
689.289	3362.61	
689.478	3406.64	
689.667	3494.71	
689.856	3403.57	
690.045	3358.92	
690.234	3308.75	
690.423	3357.49	
690.612	3313.87	
690.801	3420.77	
690.99	3414.83	
691.179	3471.97	
691.368	3415.24	
691.557	3501.26	
691.746	3427.74	
691.935	3457.84	
692.124	3442.69	
692.312	3469.31	
692.501	3411.56	
692.69	3467.88	
692.879	3445.76	
693.068	3439.21	
693.256	3412.17	
693.445	3477.5	
693.634	3416.27	
693.823	3392.92	
694.011	3358.11	
694.2	3355.03	
694.389	3244.65	
694.577	3227.85	
694.766	3203.28	
694.955	3196.73	
695.143	3118.49	
695.332	3111.12	
695.52	3067.5	
695.709	3080.4	
695.897	3032.68	
696.086	2979.85	
696.275	2913.9	
696.463	2913.7	
696.652	2833.01	
696.84	2821.33	
697.028	2811.3	
697.217	2813.14	
697.405	2805.15	
697.594	2839.15	
697.782	2797.99	
697.971	2774.43	
698.159	2745.35	
698.347	2752.93	
698.536	2697.84	
698.724	2723.24	
698.912	2676.95	
699.1	2651.56	
699.289	2595.65	
699.477	2558.17	
699.665	2466.22	
699.854	2437.95	
700.042	2397.4	
700.23	2349.07	
700.418	2321.83	
700.606	2292.55	
700.794	2290.91	
700.983	2271.86	
701.171	2218.41	
701.359	2157.79	
701.547	2154.72	
701.735	2129.12	
701.923	2053.34	
702.111	2015.46	
702.299	1959.34	
702.487	1927.19	
702.675	1871.89	
702.863	1869.44	
703.051	1854.49	
703.239	1878.04	
703.427	1811.68	
703.615	1785.68	
703.803	1745.74	
703.991	1744.31	
704.179	1731.81	
704.367	1783.42	
704.554	1801.44	
704.742	1819.88	
704.93	1847.93	
705.118	1866.98	
705.306	1766.63	
705.493	1711.54	
705.681	1651.74	
705.869	1620.81	
706.057	1518.42	
706.244	1529.88	
706.432	1507.56	
706.62	1497.73	
706.807	1374.85	
706.995	1424.21	
707.183	1327.75	
707.37	1365.43	
707.558	1366.87	
707.746	1462.92	
707.933	1426.87	
708.121	1520.26	
708.308	1440.8	
708.496	1405.37	
708.683	1297.64	
708.871	1307.68	
709.058	1196.06	
709.246	1188.9	
709.433	1130.73	
709.621	1136.06	
709.808	1049.64	
709.995	1129.1	
710.183	1114.35	
710.37	1135.85	
710.558	1111.07	
710.745	1128.28	
710.932	1075.44	
711.12	1106.36	
711.307	1092.03	
711.494	1112.71	
711.681	1133.4	
711.869	1088.34	
712.056	1089.98	
712.243	1137.49	
712.43	1060.28	
712.618	1058.85	
712.805	1057.83	
712.992	997.62	
713.179	941.71	
713.366	972.84	
713.553	972.22	
713.74	989.42	
713.928	946.21	
714.115	983.49	
714.302	946.01	
714.489	929.42	
714.676	895.42	
714.863	954.2	
715.05	932.9	
715.237	929.42	
715.424	852.62	
715.611	934.13	
715.798	940.89	
715.984	920.41	
716.171	976.73	
716.358	1012.77	
716.545	961.98	
716.732	970.99	
716.919	932.49	
717.106	894.81	
717.293	891.94	
717.479	933.31	
717.666	844.43	
717.853	883.54	
718.04	930.65	
718.226	966.28	
718.413	890.92	
718.6	979.39	
718.786	994.95	
718.973	1018.1	
719.16	955.02	
719.346	1004.58	
719.533	949.69	
719.72	989.63	
719.906	930.65	
720.093	987.79	
720.279	927.17	
720.466	963.21	
720.652	957.48	
720.839	1002.53	
721.025	1005.6	
721.212	1049.43	
721.398	1041.24	
721.585	1047.59	
721.771	1018.71	
721.958	1001.92	
722.144	1043.29	
722.331	992.29	
722.517	922.46	
722.703	969.56	
722.89	947.44	
723.076	936.79	
723.262	1028.95	
723.449	1047.59	
723.635	992.29	
723.821	1029.97	
724.007	1018.3	
724.194	987.79	
724.38	1027.93	
724.566	1073.8	
724.752	1119.06	
724.938	1196.27	
725.125	1259.55	
725.311	1307.47	
725.497	1299.08	
725.683	1265.7	
725.869	1187.46	
726.055	1157.77	
726.241	1118.65	
726.427	1131.76	
726.613	1111.28	
726.799	1189.72	
726.985	1136.26	
727.171	1161.86	
727.357	1189.51	
727.543	1241.53	
727.729	1177.63	
727.915	1219.82	
728.101	1179.07	
728.287	1121.93	
728.473	1058.85	
728.659	1052.5	
728.845	1000.89	
729.03	963.62	
729.216	971.81	
729.402	957.27	
729.588	939.66	
729.774	934.74	
729.959	937	
730.145	959.93	
730.331	993.32	
730.517	980.82	
730.702	1010.52	
730.888	1030.38	
731.074	936.38	
731.259	927.78	
731.445	954.81	
731.63	922.46	
731.816	888.05	
732.002	992.91	
732.187	1025.88	
732.373	989.02	
732.558	1019.33	
732.744	1073.8	
732.929	1014	
733.115	907.51	
733.3	830.91	
733.486	804.08	
733.671	710.7	
733.857	658.27	
734.042	707.42	
734.227	754.93	
734.413	780.33	
734.598	839.92	
734.784	845.45	
734.969	803.26	
735.154	840.74	
735.339	810.23	
735.525	815.55	
735.71	850.37	
735.895	818.21	
736.081	769.06	
736.266	755.14	
736.451	707.21	
736.636	743.67	
736.821	747.35	
737.007	712.95	
737.192	722.16	
737.377	675.88	
737.562	586.38	
737.747	614.65	
737.932	670.56	
738.117	617.31	
738.302	710.08	
738.487	723.6	
738.672	685.92	
738.857	688.99	
739.042	736.71	
739.227	726.67	
739.412	689.81	
739.597	691.86	
739.782	704.35	
739.967	636.97	
740.152	624.89	
740.337	673.42	
740.522	694.72	
740.706	661.75	
740.891	750.02	
741.076	726.06	
741.261	715.2	
741.446	716.64	
741.63	696.36	
741.815	675.06	
742	608.09	
742.185	576.35	
742.369	572.87	
742.554	558.94	
742.739	522.9	
742.923	566.72	
743.108	617.31	
743.293	622.84	
743.477	597.85	
743.662	624.27	
743.846	614.44	
744.031	583.72	
744.216	563.65	
744.4	627.75	
744.585	574.3	
744.769	609.32	
744.954	597.03	
745.138	580.04	
745.322	544.61	
745.507	512.25	
745.691	476	
745.876	449.99	
746.06	487.06	
746.244	504.67	
746.429	559.15	
746.613	547.47	
746.798	574.71	
746.982	503.03	
747.166	510	
747.35	458.8	
747.535	442.62	
747.719	439.75	
747.903	529.04	
748.087	484.4	
748.272	495.45	
748.456	535.8	
748.64	507.33	
748.824	465.35	
749.008	480.5	
749.192	474.98	
749.376	426.64	
749.56	412.31	
749.745	366.64	
749.929	392.65	
750.113	415.79	
750.297	399.2	
750.481	448.15	
750.665	479.69	
750.849	441.39	
751.033	442	
751.217	420.7	
751.4	397.15	
751.584	388.35	
751.768	409.85	
751.952	385.89	
752.136	440.57	
752.32	394.29	
752.504	405.14	
752.688	383.64	
752.871	375.44	
753.055	339.4	
753.239	365.41	
753.423	390.8	
753.606	369.3	
753.79	414.36	
753.974	438.11	
754.157	432.99	
754.341	368.69	
754.525	368.07	
754.708	342.06	
754.892	326.09	
755.076	360.7	
755.259	396.95	
755.443	384.25	
755.626	394.69	
755.81	431.15	
755.993	410.26	
756.177	367.46	
756.36	412.51	
756.544	380.97	
756.727	356.4	
756.911	373.4	
757.094	413.33	
757.278	380.15	
757.461	363.16	
757.644	340.01	
757.828	300.69	
758.011	312.98	
758.195	345.75	
758.378	368.07	
758.561	369.91	
758.744	347.18	
758.928	370.53	
759.111	350.87	
759.294	385.89	
759.477	432.79	
759.661	491.36	
759.844	462.28	
760.027	449.38	
760.21	410.26	
760.393	398.59	
760.576	386.91	
760.76	351.07	
760.943	326.09	
761.126	399.61	
761.309	442.21	
761.492	442.82	
761.675	448.56	
761.858	491.77	
762.041	409.85	
762.224	298.24	
762.407	296.39	
762.59	321.79	
762.773	255.84	
762.956	250.93	
763.139	281.44	
763.321	301.92	
763.504	256.05	
763.687	312.98	
763.87	356.19	
764.053	374.42	
764.236	398.59	
764.418	435.65	
764.601	427.26	
764.784	450.6	
764.967	497.91	
765.149	457.57	
765.332	471.29	
765.515	500.37	
765.697	427.05	
765.88	385.07	
766.063	387.12	
766.245	368.07	
766.428	319.53	
766.611	336.53	
766.793	354.14	
766.976	381.59	
767.158	340.01	
767.341	405.34	
767.523	402.07	
767.706	400.22	
767.888	346.57	
768.071	464.53	
768.253	417.63	
768.436	455.52	
768.618	465.14	
768.8	564.88	
768.983	518.39	
769.165	505.9	
769.348	434.02	
769.53	401.66	
769.712	309.5	
769.895	266.29	
770.077	288.2	
770.259	322.61	
770.441	298.85	
770.624	359.88	
770.806	398.59	
770.988	366.64	
771.17	353.12	
771.352	429.51	
771.535	412.51	
771.717	399	
771.899	412.92	
772.081	488.08	
772.263	406.78	
772.445	375.85	
772.627	315.23	
772.809	333.46	
772.991	285.74	
773.173	343.5	
773.355	340.42	
773.537	372.99	
773.719	338.17	
773.901	388.55	
774.083	318.31	
774.265	275.09	
774.447	242.33	
774.629	260.14	
774.811	228.81	
774.992	281.03	
775.174	268.74	
775.356	333.05	
775.538	291.48	
775.72	231.06	
775.901	208.12	
776.083	218.57	
776.265	163.27	
776.447	223.28	
776.628	275.5	
776.81	251.75	
776.992	318.31	
777.173	353.33	
777.355	319.53	
777.537	342.06	
777.718	359.47	
777.9	345.54	
778.081	329.16	
778.263	357.22	
778.444	304.17	
778.626	281.24	
778.807	222.67	
778.989	195.84	
779.17	126.82	
779.352	50.43	
779.533	29.95	
779.715	83.81	
779.896	25.04	
780.078	113.71	
780.259	203.21	
780.44	216.52	
780.622	167.78	
780.803	311.96	
780.984	258.91	
781.166	212.63	
781.347	221.23	
781.528	229.63	
781.709	145.05	
781.891	185.39	
782.072	211.4	
782.253	226.15	
782.434	214.88	
782.615	224.92	
782.796	192.97	
782.978	250.72	
783.159	271.82	
783.34	334.89	
783.521	330.59	
783.702	343.29	
783.883	310.52	
784.064	321.38	
784.245	245.19	
784.426	291.07	
784.607	252.98	
784.788	259.94	
784.969	180.48	
785.15	219.59	
785.331	112.08	
785.512	154.26	
785.692	124.77	
785.873	177.41	
786.054	138.49	
786.235	195.63	
786.416	204.23	
786.597	210.38	
786.777	168.8	
786.958	182.93	
787.139	189.28	
787.32	194.4	
787.5	214.88	
787.681	198.29	
787.862	224.71	
788.042	240.69	
788.223	225.53	
788.404	157.54	
788.584	199.32	
788.765	205.46	
788.946	189.49	
789.126	169.01	
789.307	240.28	
789.487	282.88	
789.668	232.09	
789.848	215.7	
790.029	167.58	
790.209	122.52	
790.39	48.18	
790.57	47.36	
790.75	109.41	
790.931	145.25	
791.111	119.24	
791.292	186.83	
791.472	222.67	
791.652	207.72	
791.833	210.38	
792.013	250.72	
792.193	174.33	
792.373	199.52	
792.554	165.94	
792.734	175.15	
792.914	135.63	
793.094	201.57	
793.275	192.36	
793.455	185.39	
793.635	212.43	
793.815	246.42	
793.995	199.52	
794.175	183.14	
794.355	237.21	
794.535	223.07	
794.715	217.75	
794.896	235.36	
795.076	200.14	
795.256	217.96	
795.436	178.84	
795.616	212.63	
795.795	219.18	
795.975	224.1	
796.155	212.22	
796.335	232.7	
796.515	232.5	
796.695	275.71	
796.875	328.95	
797.055	297.42	
797.234	297.83	
797.414	274.07	
797.594	215.5	
797.774	181.5	
797.954	120.68	
798.133	132.55	
798.313	89.75	
798.493	120.68	
798.672	80.74	
798.852	112.69	
799.032	47.77	
799.211	50.64	
799.391	19.1	
799.571	52.27	
799.75	38.96	
799.93	120.27	
800.109	150.17	
800.289	159.18	
800.468	135.22	
800.648	128.66	
800.827	96.1	
801.007	78.69	
801.186	22.17	
801.366	38.35	
801.545	58.62	
801.725	117.2	
801.904	75.83	
802.083	138.08	
802.263	130.3	
802.442	184.57	
802.621	104.5	
802.801	209.56	
802.98	224.3	
803.159	192.97	
803.338	118.22	
803.518	185.6	
803.697	95.28	
803.876	113.51	
804.055	151.19	
804.235	195.63	
804.414	120.68	
804.593	163.48	
804.772	115.56	
804.951	106.55	
805.13	23.4	
805.309	73.78	
805.488	71.73	
805.667	97.12	
805.846	129.07	
806.025	193.79	
806.204	221.85	
806.383	195.02	
806.562	161.43	
806.741	131.53	
806.92	143.61	
807.099	89.75	
807.278	47.15	
807.457	52.89	
807.636	88.32	
807.814	80.54	
807.993	74.8	
808.172	120.88	
808.351	132.35	
808.53	120.47	
808.708	96.72	
808.887	105.52	
809.066	185.39	
809.244	169.42	
809.423	141.98	
809.602	123.13	
809.78	145.05	
809.959	77.46	
810.138	109.21	
810.316	118.83	
810.495	166.55	
810.673	87.09	
810.852	86.68	
811.03	110.85	
811.209	133.58	
811.388	111.05	
811.566	175.97	
811.744	199.11	
811.923	139.31	
812.101	126.82	
812.28	206.28	
812.458	214.06	
812.637	160.61	
812.815	188.05	
812.993	212.63	
813.172	191.13	
813.35	104.91	
813.528	161.23	
813.706	116.38	
813.885	78.49	
814.063	-8.55	
814.241	99.38	
814.419	94.26	
814.598	175.97	
814.776	163.27	
814.954	166.76	
815.132	119.65	
815.31	113.92	
815.488	18.28	
815.666	0.67	
815.844	-3.84	
816.022	-14.28	
816.201	-57.91	
816.379	20.74	
816.557	65.79	
816.735	100.61	
816.913	86.27	
817.09	142.18	
817.268	88.52	
817.446	69.07	
817.624	40.19	
817.802	136.45	
817.98	74.6	
818.158	61.49	
818.336	15.62	
818.514	59.44	
818.691	18.48	
818.869	86.48	
819.047	141.77	
819.225	170.65	
819.402	119.65	
819.58	149.96	
819.758	138.49	
819.935	105.52	
820.113	113.1	
820.291	132.35	
820.468	68.66	
820.646	75.01	
820.824	111.46	
821.001	193.38	
821.179	223.48	
821.356	236.8	
821.534	201.57	
821.711	137.06	
821.889	145.46	
822.066	143.41	
822.244	129.69	
822.421	169.62	
822.599	210.17	
822.776	107.98	
822.953	44.49	
823.131	18.48	
823.308	-9.78	
823.486	-11.83	
823.663	-3.02	
823.84	35.28	
824.017	-0.56	
824.195	3.94	
824.372	20.12	
824.549	31.59	
824.726	32.82	
824.904	70.09	
825.081	75.83	
825.258	30.98	
825.435	26.88	
825.612	54.73	
825.789	11.52	
825.967	18.69	
826.144	71.73	
826.321	97.33	
826.498	72.96	
826.675	131.53	
826.852	66.41	
827.029	67.22	
827.206	67.22	
827.383	14.18	
827.56	63.54	
827.737	89.75	
827.914	81.56	
828.09	65.79	
828.267	108.39	
828.444	76.85	
828.621	60.06	
828.798	109.82	
828.975	48.59	
829.151	41.42	
829.328	32.82	
829.505	110.64	
829.682	28.72	
829.858	58.83	
830.035	103.06	
830.212	79.1	
830.389	27.7	
830.565	10.7	
830.742	76.24	
830.918	59.44	
831.095	70.91	
831.272	88.93	
831.448	90.78	
831.625	100.2	
831.801	113.1	
831.978	124.36	
832.154	75.62	
832.331	129.07	
832.507	55.96	
832.684	62.51	
832.86	104.09	
833.037	244.37	
833.213	186.42	
833.389	239.25	
833.566	151.81	
833.742	84.84	
833.918	-22.27	
834.095	-48.9	
834.271	-119.35	
834.447	-29.64	
834.624	-9.16	
834.8	-8.55	
834.976	53.91	
835.152	85.66	
835.328	75.42	
835.505	98.35	
835.681	104.29	
835.857	37.32	
836.033	86.27	
836.209	159.18	
836.385	150.99	
836.561	163.48	
836.737	221.44	
836.913	140.54	
837.089	93.64	
837.265	94.87	
837.441	135.01	
837.617	131.74	
837.793	154.06	
837.969	130.3	
838.145	117.4	
838.321	59.24	
838.497	55.14	
838.673	112.89	
838.849	61.9	
839.025	112.48	
839.2	131.12	
839.376	164.09	
839.552	100.61	
839.728	156.31	
839.903	101.84	
840.079	143.41	
840.255	99.17	
840.431	212.63	
840.606	132.15	
840.782	198.29	
840.958	98.97	
841.133	92.21	
841.309	18.48	
841.484	95.08	
841.66	11.93	
841.835	18.69	
842.011	21.96	
842.186	65.18	
842.362	12.13	
842.537	64.77	
842.713	71.32	
842.888	85.04	
843.064	10.29	
843.239	26.27	
843.415	11.52	
843.59	67.22	
843.765	65.79	
843.941	111.87	
844.116	187.44	
844.291	148.32	
844.467	127.84	
844.642	165.73	
844.817	172.49	
844.992	93.85	
845.168	116.38	
845.343	131.33	
845.518	105.52	
845.693	114.74	
845.868	124.98	
846.043	95.69	
846.219	45.93	
846.394	92.21	
846.569	65.79	
846.744	42.24	
846.919	55.76	
847.094	167.98	
847.269	124.98	
847.444	110.03	
847.619	134.19	
847.794	214.88	
847.969	166.55	
848.144	182.32	
848.319	178.84	
848.494	199.73	
848.668	182.73	
848.843	186.42	
849.018	157.74	
849.193	164.71	
849.368	164.5	
849.542	171.47	
849.717	147.91	
849.892	146.28	
850.067	145.66	
850.241	178.43	
850.416	128.46	
850.591	158.56	
850.765	146.69	
850.94	201.16	
851.115	127.64	
851.289	152.83	
851.464	89.34	
851.639	96.1	
851.813	34.46	
851.988	88.11	
852.162	40.6	
852.337	46.34	
852.511	70.71	
852.686	140.13	
852.86	112.28	
853.035	135.42	
853.209	136.65	
853.383	170.44	
853.558	71.32	
853.732	104.5	
853.906	64.36	
854.081	94.26	
854.255	22.58	
854.429	59.65	
854.604	34.25	
854.778	108.39	
854.952	93.03	
855.126	147.91	
855.301	157.13	
855.475	130.51	
855.649	89.14	
855.823	62.31	
855.997	38.35	
856.171	39.78	
856.345	38.14	
856.52	45.93	
856.694	104.7	
856.868	137.47	
857.042	128.46	
857.216	198.5	
857.39	212.22	
857.564	156.31	
857.738	107.98	
857.912	88.93	
858.085	45.52	
858.259	48.79	
858.433	83.4	
858.607	59.03	
858.781	64.97	
858.955	19.1	
859.129	-11.62	
859.302	-16.13	
859.476	-36.4	
859.65	45.93	
859.824	44.9	
859.997	62.72	
860.171	90.98	
860.345	167.78	
860.519	115.56	
860.692	157.13	
860.866	178.02	
861.039	192.77	
861.213	178.43	
861.387	158.15	
861.56	137.47	
861.734	167.58	
861.907	114.12	
862.081	87.91	
862.254	131.94	
862.428	171.88	
862.601	97.74	
862.775	119.86	
862.948	233.52	
863.122	200.55	
863.295	166.14	
863.468	172.9	
863.642	125.59	
863.815	41.01	
863.988	34.25	
864.162	55.35	
864.335	22.78	
864.508	71.53	
864.682	96.51	
864.855	96.92	
865.028	56.58	
865.201	129.28	
865.374	80.74	
865.548	112.69	
865.721	116.58	
865.894	215.09	
866.067	183.34	
866.24	236.39	
866.413	208.74	
866.586	207.92	
866.759	87.29	
866.932	70.71	
867.105	37.53	
867.278	-48.08	
867.451	-75.11	
867.624	-2.61	
867.797	32.2	
867.97	34.87	
868.143	71.32	
868.316	123.95	
868.489	49.2	
868.661	42.44	
868.834	62.51	
869.007	117.4	
869.18	88.93	
869.353	133.37	
869.525	153.65	
869.698	120.27	
869.871	81.36	
870.044	98.35	
870.216	117.6	
870.389	77.46	
870.562	96.72	
870.734	137.88	
870.907	90.98	
871.079	94.26	
871.252	80.13	
871.425	130.51	
871.597	58.21	
871.77	168.8	
871.942	151.4	
872.115	161.64	
872.287	139.72	
872.459	160.82	
872.632	96.72	
872.804	99.58	
872.977	58.83	
873.149	45.31	
873.321	18.28	
873.494	16.23	
873.666	50.23	
873.838	60.26	
874.011	16.03	
874.183	74.6	
874.355	60.26	
874.528	29.34	
874.7	49.61	
874.872	157.13	
875.044	173.72	
875.216	199.52	
875.388	244.58	
875.561	274.89	
875.733	163.68	
875.905	112.89	
876.077	36.1	
876.249	77.26	
876.421	41.01	
876.593	24.22	
876.765	54.12	
876.937	148.32	
877.109	48.79	
877.281	83.2	
877.453	112.28	
877.625	71.73	
877.797	4.56	
877.968	-2.41	
878.14	-36.2	
878.312	10.5	
878.484	-4.04	
878.656	30.16	
878.828	27.9	
878.999	100.2	
879.171	40.4	
879.343	37.53	
879.515	24.01	
879.686	22.58	
879.858	-16.74	
880.03	17.66	
880.201	41.62	
880.373	11.72	
880.545	22.37	
880.716	57.6	
880.888	111.46	
881.059	137.47	
881.231	162.46	
881.402	218.16	
881.574	187.24	
881.745	149.14	
881.917	168.8	
882.088	194.61	
882.26	126.41	
882.431	146.89	
882.602	78.49	
882.774	63.74	
882.945	1.48	
883.116	-15.92	
883.288	-71.63	
883.459	-31.69	
883.63	-24.52	
883.802	9.06	
883.973	47.56	
884.144	112.69	
884.315	135.83	
884.487	166.35	
884.658	215.09	
884.829	262.6	
885	211.2	
885.171	217.14	
885.342	119.24	
885.513	81.77	
885.684	43.47	
885.855	78.9	
886.026	48.18	
886.197	110.64	
886.368	72.55	
886.539	95.28	
886.71	54.73	
886.881	79.31	
887.052	90.16	
887.223	132.35	
887.394	81.77	
887.565	150.37	
887.736	102.45	
887.907	98.56	
888.077	75.01	
888.248	75.21	
888.419	20.12	
888.59	28.93	
888.761	58.42	
888.931	83.2	
889.102	146.48	
889.273	128.25	
889.443	116.17	
889.614	52.89	
889.785	43.47	
889.955	3.12	
890.126	1.89	
890.296	74.8	
890.467	97.12	
890.637	194.81	
890.808	225.74	
890.978	275.71	
891.149	249.9	
891.319	334.48	
891.49	287.79	
891.66	283.08	
891.831	243.35	
892.001	260.14	
892.172	129.89	
892.342	94.87	
892.512	64.15	
892.683	119.45	
892.853	77.67	
893.023	138.49	
893.193	102.65	
893.364	121.29	
893.534	104.29	
893.704	172.29	
893.874	168.19	
894.044	200.96	
894.215	157.95	
894.385	177.41	
894.555	115.76	
894.725	174.54	
894.895	111.67	
895.065	170.24	
895.235	146.28	
895.405	214.47	
895.575	131.33	
895.745	207.36	
895.915	208.12	
