177.618	-852.81	
177.836	-830.79	
178.054	-825.16	
178.271	-634.29	
178.489	-380.14	
178.706	-232.68	
178.924	-94.45	
179.142	71.24	
179.359	61.2	
179.577	-65.57	
179.794	-53.08	
180.012	-66.59	
180.229	-116.77	
180.447	-88.71	
180.664	-38.33	
180.882	-50	
181.1	7.95	
181.317	2.63	
181.535	-36.49	
181.752	-54.1	
181.969	-1.06	
182.187	14.71	
182.404	61	
182.622	56.9	
182.839	85.78	
183.057	82.91	
183.274	45.02	
183.492	47.48	
183.709	107.48	
183.926	47.68	
184.144	14.92	
184.361	27.61	
184.579	47.07	
184.796	-38.13	
185.013	25.16	
185.231	-1.47	
185.448	29.25	
185.666	24.75	
185.883	15.12	
186.1	3.65	
186.317	47.68	
186.535	-35.05	
186.752	-41.4	
186.969	29.66	
187.187	98.27	
187.404	18.6	
187.621	136.36	
187.839	136.77	
188.056	105.85	
188.273	25.57	
188.49	133.29	
188.708	79.63	
188.925	143.53	
189.142	124.48	
189.359	114.04	
189.576	43.79	
189.794	31.09	
190.011	-26.04	
190.228	4.68	
190.445	21.26	
190.662	100.93	
190.879	94.17	
191.097	71.44	
191.314	70.21	
191.531	75.54	
191.748	-7.61	
191.965	7.75	
192.182	1.6	
192.399	-21.33	
192.616	17.78	
192.834	70.62	
193.051	35.4	
193.268	76.36	
193.485	96.63	
193.702	40.11	
193.919	14.1	
194.136	34.58	
194.353	-12.73	
194.57	10	
194.787	9.39	
195.004	90.28	
195.221	79.43	
195.438	138	
195.655	84.96	
195.872	190.63	
196.089	79.02	
196.306	123.66	
196.523	106.67	
196.74	173.22	
196.957	29.66	
197.173	77.79	
197.39	36.83	
197.607	66.12	
197.824	40.72	
198.041	113.63	
198.258	97.45	
198.475	164.21	
198.692	101.75	
198.909	41.74	
199.125	-17.44	
199.342	42.77	
199.559	-0.03	
199.776	39.29	
199.993	133.49	
200.21	165.03	
200.426	81.48	
200.643	75.13	
200.86	81.27	
201.077	74.92	
201.293	69.19	
201.51	86.8	
201.727	-6.38	
201.944	-74.78	
202.16	-80.31	
202.377	-106.94	
202.594	-125.98	
202.811	-57.17	
203.027	-33.83	
203.244	-81.75	
203.461	-42.22	
203.677	51.78	
203.894	78.4	
204.111	100.73	
204.327	117.31	
204.544	106.67	
204.761	76.76	
204.977	47.27	
205.194	7.95	
205.41	69.39	
205.627	70.42	
205.844	47.27	
206.06	36.01	
206.277	92.33	
206.493	40.93	
206.71	52.39	
206.926	46.86	
207.143	105.64	
207.36	2.42	
207.576	57.72	
207.793	64.48	
208.009	89.87	
208.226	50.55	
208.442	116.9	
208.659	84.14	
208.875	91.1	
209.092	18.6	
209.308	19.01	
209.524	5.9	
209.741	59.56	
209.957	86.39	
210.174	125.71	
210.39	108.3	
210.607	112.81	
210.823	-26.04	
211.039	-99.77	
211.256	-27.89	
211.472	-68.03	
211.688	0.79	
211.905	88.03	
212.121	91.92	
212.338	32.32	
212.554	85.57	
212.77	40.72	
212.987	39.29	
213.203	96.43	
213.419	132.47	
213.635	115.06	
213.852	92.53	
214.068	60.59	
214.284	19.42	
214.501	22.08	
214.717	36.42	
214.933	60.18	
215.149	7.95	
215.365	-13.76	
215.582	-91.78	
215.798	-71.1	
216.014	-70.48	
216.23	-4.54	
216.447	21.26	
216.663	40.72	
216.879	-14.57	
217.095	14.71	
217.311	34.58	
217.527	50.96	
217.743	73.28	
217.96	67.55	
218.176	45.84	
218.392	19.63	
218.608	31.3	
218.824	-3.72	
219.04	15.94	
219.256	34.78	
219.472	14.1	
219.688	-15.39	
219.904	55.47	
220.12	134.72	
220.336	90.9	
220.552	99.5	
220.768	123.46	
220.984	134.11	
221.2	22.9	
221.416	72.87	
221.632	43.59	
221.848	32.12	
222.064	-55.33	
222.28	-16.83	
222.496	-73.15	
222.712	1.19	
222.928	-27.27	
223.144	64.07	
223.36	71.64	
223.576	105.44	
223.792	75.13	
224.008	147.42	
224.224	122.02	
224.439	166.06	
224.655	136.36	
224.871	148.44	
225.087	94.17	
225.303	18.81	
225.519	-20.72	
225.734	31.5	
225.95	18.4	
226.166	45.64	
226.382	85.16	
226.598	83.11	
226.813	74.31	
227.029	44	
227.245	21.47	
227.461	37.44	
227.677	57.31	
227.892	52.6	
228.108	47.07	
228.324	88.03	
228.539	22.9	
228.755	61.81	
228.971	50.76	
229.186	115.88	
229.402	81.27	
229.618	150.49	
229.833	61	
230.049	68.37	
230.265	-20.1	
230.48	48.09	
230.696	34.99	
230.912	75.13	
231.127	78.61	
231.343	141.69	
231.558	27	
231.774	67.14	
231.99	139.64	
232.205	131.65	
232.421	79.02	
232.636	120.8	
232.852	42.56	
233.067	-18.26	
233.283	-0.65	
233.498	48.09	
233.714	65.09	
233.929	134.93	
234.145	111.58	
234.36	112.81	
234.576	139.84	
234.791	170.97	
235.007	196.78	
235.222	258.01	
235.438	230.16	
235.653	295.9	
235.868	269.89	
236.084	252.48	
236.299	274.8	
236.515	289.55	
236.73	163.19	
236.945	165.44	
237.161	104	
237.376	23.31	
237.592	15.12	
237.807	48.71	
238.022	38.88	
238.238	65.3	
238.453	34.99	
238.668	42.15	
238.883	-30.75	
239.099	-46.73	
239.314	-88.51	
239.529	-45.7	
239.745	-30.96	
239.96	57.51	
240.175	48.91	
240.39	168.51	
240.605	155	
240.821	107.07	
241.036	101.14	
241.251	199.44	
241.466	108.92	
241.681	122.43	
241.897	156.64	
242.112	177.32	
242.327	76.36	
242.542	91.92	
242.757	91.31	
242.972	83.11	
243.188	23.52	
243.403	47.48	
243.618	65.91	
243.833	65.71	
244.048	75.13	
244.263	105.03	
244.478	90.28	
244.693	50.35	
244.908	72.26	
245.123	57.92	
245.338	92.33	
245.553	113.63	
245.768	99.29	
245.983	78.81	
246.198	40.93	
246.413	8.57	
246.628	-18.06	
246.843	-19.69	
247.058	-17.65	
247.273	8.36	
247.488	-6.59	
247.703	66.32	
247.918	58.33	
248.133	70.83	
248.348	40.31	
248.563	125.71	
248.778	65.71	
248.993	104	
249.207	164.83	
249.422	187.76	
249.637	56.9	
249.852	52.6	
250.067	24.13	
250.282	-58.4	
250.496	-80.72	
250.711	32.53	
250.926	25.57	
251.141	80.45	
251.356	66.12	
251.57	141.69	
251.785	81.27	
252	46.86	
252.215	17.17	
252.43	84.55	
252.644	93.97	
252.859	112.6	
253.074	151.11	
253.288	151.11	
253.503	84.55	
253.718	93.15	
253.932	173.43	
254.147	191.45	
254.362	194.52	
254.576	223.6	
254.791	156.64	
255.006	69.8	
255.22	94.17	
255.435	111.38	
255.65	140.05	
255.864	182.44	
256.079	153.15	
256.293	142.3	
256.508	118.95	
256.723	190.02	
256.937	124.89	
257.152	133.29	
257.366	96.02	
257.581	91.31	
257.795	-2.08	
258.01	100.52	
258.224	127.96	
258.439	149.88	
258.653	126.53	
258.868	146.81	
259.082	83.73	
259.297	57.92	
259.511	24.13	
259.726	11.43	
259.94	-40.99	
260.154	-80.72	
260.369	-66.39	
260.583	-33.21	
260.798	-53.28	
261.012	-3.31	
261.226	46.05	
261.441	68.57	
261.655	72.26	
261.869	160.53	
262.084	139.02	
262.298	118.75	
262.512	33.14	
262.727	7.75	
262.941	24.13	
263.155	9.59	
263.37	2.22	
263.584	99.7	
263.798	108.92	
264.012	124.89	
264.227	121.62	
264.441	183.26	
264.655	120.59	
264.869	186.33	
265.084	93.56	
265.298	121.41	
265.512	48.3	
265.726	113.01	
265.94	39.29	
266.155	90.9	
266.369	93.15	
266.583	170.56	
266.797	150.9	
267.011	231.8	
267.225	264.56	
267.439	263.95	
267.654	192.88	
267.868	139.23	
268.082	20.65	
268.296	-93.63	
268.51	-163.05	
268.724	-124.55	
268.938	-159.57	
269.152	-96.9	
269.366	-43.45	
269.58	6.72	
269.794	-43.25	
270.008	81.88	
270.222	66.52	
270.436	64.89	
270.65	45.84	
270.864	111.17	
271.078	48.3	
271.292	63.45	
271.506	114.65	
271.72	161.35	
271.934	165.65	
272.148	150.9	
272.362	142.91	
272.575	166.67	
272.789	155.41	
273.003	123.05	
273.217	175.07	
273.431	144.14	
273.645	84.34	
273.859	120.59	
274.073	182.24	
274.286	164.62	
274.5	189.61	
274.714	162.16	
274.928	162.57	
275.142	122.64	
275.355	106.26	
275.569	132.88	
275.783	171.79	
275.997	118.34	
276.21	105.64	
276.424	172.2	
276.638	130.22	
276.852	156.23	
277.065	137.59	
277.279	149.67	
277.493	90.69	
277.706	175.89	
277.92	174.45	
278.134	141.89	
278.347	98.47	
278.561	59.77	
278.775	24.75	
278.988	-6.38	
279.202	84.96	
279.415	151.31	
279.629	149.06	
279.843	146.4	
280.056	232.21	
280.27	219.51	
280.483	136.16	
280.697	168.92	
280.91	202.71	
281.124	219.71	
281.337	186.54	
281.551	274.6	
281.764	232	
281.978	187.15	
282.191	74.31	
282.405	116.5	
282.618	39.9	
282.832	88.85	
283.045	42.97	
283.259	100.93	
283.472	52.6	
283.686	63.45	
283.899	13.48	
284.112	36.21	
284.326	23.93	
284.539	72.67	
284.752	93.76	
284.966	137.38	
285.179	175.89	
285.393	168.92	
285.606	88.44	
285.819	128.78	
286.033	68.16	
286.246	127.76	
286.459	67.34	
286.672	129.81	
286.886	44.82	
287.099	151.52	
287.312	0.58	
287.525	30.89	
287.739	9.39	
287.952	84.14	
288.165	80.45	
288.378	143.12	
288.592	150.08	
288.805	121	
289.018	113.83	
289.231	64.68	
289.444	87.21	
289.657	43.59	
289.871	55.67	
290.084	-1.47	
290.297	64.89	
290.51	31.3	
290.723	32.53	
290.936	110.97	
291.149	129.4	
291.362	135.54	
291.575	118.34	
291.789	148.44	
292.002	96.22	
292.215	117.72	
292.428	0.58	
292.641	47.48	
292.854	50.14	
293.067	17.78	
293.28	-7	
293.493	18.6	
293.706	-45.09	
293.919	25.16	
294.132	20.04	
294.345	31.91	
294.558	25.98	
294.77	49.12	
294.983	-21.13	
295.196	47.27	
295.409	83.93	
295.622	171.59	
295.835	195.55	
296.048	236.92	
296.261	210.7	
296.474	206.4	
296.686	142.91	
296.899	167.9	
297.112	167.9	
297.325	161.96	
297.538	164.62	
297.751	193.5	
297.963	217.87	
298.176	189.81	
298.389	167.08	
298.602	165.85	
298.814	273.37	
299.027	216.23	
299.24	195.34	
299.453	260.88	
299.665	220.94	
299.878	75.54	
300.091	73.08	
300.303	94.58	
300.516	39.49	
300.729	47.68	
300.941	81.68	
301.154	24.95	
301.367	-1.47	
301.579	34.17	
301.792	70.21	
302.005	46.05	
302.217	71.03	
302.43	95.4	
302.642	46.05	
302.855	-26.86	
303.067	-36.08	
303.28	10	
303.493	-45.7	
303.705	37.24	
303.918	86.19	
304.13	160.94	
304.343	114.45	
304.555	190.84	
304.768	139.23	
304.98	180.19	
305.193	82.91	
305.405	144.14	
305.617	73.49	
305.83	92.33	
306.042	25.77	
306.255	34.17	
306.467	-18.47	
306.68	-11.09	
306.892	-40.58	
307.104	-0.24	
307.317	10	
307.529	81.68	
307.741	115.27	
307.954	152.54	
308.166	135.54	
308.378	191.25	
308.591	175.68	
308.803	196.78	
309.015	214.18	
309.228	239.58	
309.44	165.44	
309.652	138.82	
309.864	102.98	
310.077	30.07	
310.289	-21.95	
310.501	22.9	
310.713	13.07	
310.926	50.35	
311.138	25.16	
311.35	80.04	
311.562	34.58	
311.774	90.08	
311.986	60.38	
312.199	162.37	
312.411	78.2	
312.623	118.54	
312.835	16.14	
313.047	-4.74	
313.259	-26.04	
313.471	18.19	
313.683	12.46	
313.895	54.44	
314.108	44.41	
314.32	22.49	
314.532	-16.42	
314.744	-5.15	
314.956	53.01	
315.168	98.68	
315.38	46.25	
315.592	126.12	
315.804	132.88	
316.016	192.68	
316.228	205.79	
316.44	256.78	
316.651	263.33	
316.863	242.65	
317.075	133.29	
317.287	62.84	
317.499	52.39	
317.711	5.9	
317.923	31.5	
318.135	2.63	
318.347	54.24	
318.559	131.04	
318.77	165.85	
318.982	132.06	
319.194	137.38	
319.406	120.18	
319.618	29.87	
319.83	-39.56	
320.041	-25.02	
320.253	-2.7	
320.465	-19.49	
320.677	-18.06	
320.888	2.22	
321.1	-0.65	
321.312	79.63	
321.524	105.44	
321.735	97.04	
321.947	65.3	
322.159	35.81	
322.37	-50.82	
322.582	-54.51	
322.794	13.89	
323.005	83.32	
323.217	95.61	
323.429	54.44	
323.64	95.4	
323.852	29.46	
324.063	-14.37	
324.275	25.57	
324.487	87	
324.698	24.13	
324.91	62.02	
325.121	49.12	
325.333	-16.83	
325.544	-33.42	
325.756	25.57	
325.967	-6.18	
326.179	53.42	
326.39	94.38	
326.602	114.45	
326.813	43.38	
327.025	72.87	
327.236	0.58	
327.448	-33.62	
327.659	-93.83	
327.871	-57.58	
328.082	-64.14	
328.293	3.45	
328.505	54.65	
328.716	81.27	
328.928	56.9	
329.139	96.63	
329.35	55.88	
329.562	67.75	
329.773	109.94	
329.984	118.13	
330.196	75.13	
330.407	140.05	
330.618	95.61	
330.83	58.33	
331.041	71.24	
331.252	70.01	
331.463	38.67	
331.675	83.93	
331.886	143.32	
332.097	154.18	
332.308	136.16	
332.52	125.71	
332.731	97.24	
332.942	80.25	
333.153	116.9	
333.364	102.98	
333.575	88.44	
333.787	126.74	
333.998	54.03	
334.209	50.96	
334.42	39.29	
334.631	60.18	
334.842	52.6	
335.053	135.54	
335.264	96.83	
335.475	127.35	
335.686	104.62	
335.898	87.82	
336.109	-1.47	
336.32	4.88	
336.531	3.24	
336.742	20.65	
336.953	-25.22	
337.164	-6.59	
337.375	-37.72	
337.586	-44.68	
337.797	-103.46	
338.007	-38.54	
338.218	-56.35	
338.429	-28.91	
338.64	-53.49	
338.851	-2.08	
339.062	-42.22	
339.273	45.84	
339.484	17.99	
339.695	-7.2	
339.906	-1.26	
340.116	35.4	
340.327	1.6	
340.538	21.47	
340.749	59.56	
340.96	45.43	
341.171	6.72	
341.381	6.11	
341.592	12.05	
341.803	20.04	
342.014	23.72	
342.224	68.98	
342.435	51.78	
342.646	12.25	
342.857	-5.97	
343.067	-33.01	
343.278	-32.6	
343.489	-13.96	
343.699	15.74	
343.91	38.26	
344.121	37.03	
344.331	-31.98	
344.542	-67.82	
344.753	-26.04	
344.963	-2.49	
345.174	51.37	
345.384	128.78	
345.595	199.85	
345.806	158.89	
346.016	109.74	
346.227	99.09	
346.437	85.37	
346.648	40.52	
346.858	64.27	
347.069	57.51	
347.279	59.36	
347.49	14.1	
347.7	34.58	
347.911	-34.24	
348.121	-5.56	
348.332	-8.02	
348.542	-41.81	
348.753	-76.42	
348.963	1.19	
349.173	11.02	
349.384	55.88	
349.594	153.97	
349.805	214.18	
350.015	159.3	
350.225	159.5	
350.436	136.16	
350.646	128.58	
350.856	82.7	
351.067	100.11	
351.277	31.09	
351.487	-36.9	
351.698	-105.5	
351.908	-103.66	
352.118	-105.09	
352.328	-57.99	
352.539	32.73	
352.749	53.62	
352.959	43.38	
353.169	54.44	
353.38	59.15	
353.59	45.43	
353.8	63.86	
354.01	83.52	
354.22	65.91	
354.431	161.35	
354.641	101.95	
354.851	103.18	
355.061	91.1	
355.271	150.7	
355.481	77.58	
355.691	86.8	
355.901	55.06	
356.111	78.81	
356.321	38.67	
356.532	26.59	
356.742	4.88	
356.952	21.06	
357.162	-9.05	
357.372	-13.14	
357.582	-36.49	
357.792	-70.69	
358.002	-108.99	
358.212	-36.69	
358.422	-22.56	
358.632	-19.08	
358.842	13.28	
359.051	96.43	
359.261	23.52	
359.471	6.72	
359.681	41.13	
359.891	49.94	
360.101	-29.32	
360.311	-37.1	
360.521	-53.28	
360.731	-55.94	
360.94	-25.22	
361.15	26.79	
361.36	61.61	
361.57	85.57	
361.78	89.05	
361.989	64.89	
362.199	54.65	
362.409	63.45	
362.619	33.14	
362.828	130.01	
363.038	137.18	
363.248	137.38	
363.458	137.38	
363.667	160.32	
363.877	85.16	
364.087	82.29	
364.296	32.73	
364.506	51.17	
364.716	45.84	
364.925	-13.76	
365.135	-48.57	
365.345	-27.27	
365.554	-61.88	
365.764	16.76	
365.973	39.29	
366.183	116.7	
366.393	158.68	
366.602	185.92	
366.812	52.8	
367.021	96.22	
367.231	0.99	
367.44	-32.6	
367.65	-48.16	
367.859	28.84	
368.069	-31.16	
368.278	36.62	
368.488	47.07	
368.697	0.79	
368.907	-59.63	
369.116	74.92	
369.326	40.31	
369.535	46.45	
369.744	87.62	
369.954	122.84	
370.163	13.28	
370.373	35.81	
370.582	11.43	
370.791	-8.23	
371.001	-49.19	
371.21	-56.97	
371.419	-88.1	
371.629	-97.52	
371.838	-97.11	
372.047	8.36	
372.256	-3.72	
372.466	27.2	
372.675	-17.44	
372.884	-16.21	
373.093	-108.58	
373.303	-35.46	
373.512	-37.51	
373.721	28.43	
373.93	-15.19	
374.139	81.88	
374.349	-4.54	
374.558	42.77	
374.767	-8.02	
374.976	18.81	
375.185	-26.45	
375.394	-26.45	
375.603	-53.08	
375.813	-38.95	
376.022	-38.74	
376.231	-84.82	
376.44	-89.53	
376.649	-82.16	
376.858	-34.44	
377.067	-36.08	
377.276	23.72	
377.485	85.37	
377.694	76.76	
377.903	63.86	
378.112	48.71	
378.321	52.6	
378.53	26.38	
378.739	26.18	
378.948	12.66	
379.157	37.65	
379.366	48.71	
379.575	58.54	
379.784	18.6	
379.992	31.91	
380.201	89.26	
380.41	49.53	
380.619	9.18	
380.828	44.41	
381.037	7.75	
381.246	-98.75	
381.454	-155.68	
381.663	-73.15	
381.872	-82.98	
382.081	-9.45	
382.29	55.47	
382.498	124.07	
382.707	113.01	
382.916	138.82	
383.125	61	
383.333	48.3	
383.542	48.71	
383.751	11.02	
383.959	26.38	
384.168	45.02	
384.377	108.92	
384.585	76.15	
384.794	40.72	
385.003	15.53	
385.211	34.37	
385.42	-53.49	
385.628	-37.1	
385.837	1.4	
386.046	51.37	
386.254	103.59	
386.463	129.4	
386.671	180.39	
386.88	160.73	
387.088	119.77	
387.297	94.38	
387.505	94.58	
387.714	10.62	
387.922	-2.9	
388.131	-5.56	
388.339	-6.79	
388.548	-41.61	
388.756	-9.86	
388.965	22.9	
389.173	-20.1	
389.381	-24.81	
389.59	14.71	
389.798	39.9	
390.007	58.33	
390.215	68.78	
390.423	140.05	
390.632	141.07	
390.84	188.38	
391.048	137.59	
391.257	144.35	
391.465	44.82	
391.673	46.25	
391.882	-17.65	
392.09	-14.37	
392.298	-5.56	
392.506	-13.14	
392.715	-6.59	
392.923	32.12	
393.131	79.84	
393.339	85.98	
393.547	73.49	
393.756	65.09	
393.964	19.42	
394.172	-12.94	
394.38	-47.96	
394.588	12.87	
394.796	-9.86	
395.005	-21.95	
395.213	-40.38	
395.421	-13.55	
395.629	-79.7	
395.837	-86.46	
396.045	-77.45	
396.253	-59.02	
396.461	-85.43	
396.669	-35.87	
396.877	0.99	
397.085	37.24	
397.293	40.72	
397.501	50.76	
397.709	45.23	
397.917	53.21	
398.125	65.5	
398.333	85.98	
398.541	60.18	
398.749	74.92	
398.957	29.05	
399.165	-40.58	
399.373	-30.34	
399.581	-6.59	
399.788	-4.33	
399.996	-20.72	
400.204	4.68	
400.412	-47.34	
400.62	-98.34	
400.828	-102.23	
401.035	-72.33	
401.243	-34.85	
401.451	7.95	
401.659	37.03	
401.867	31.5	
402.074	30.48	
402.282	-8.43	
402.49	-62.09	
402.697	53.21	
402.905	21.47	
403.113	52.19	
403.321	-11.71	
403.528	-4.54	
403.736	-79.7	
403.944	-72.12	
404.151	-131.51	
404.359	-104.48	
404.566	-99.98	
404.774	-109.6	
404.982	-116.15	
405.189	-93.22	
405.397	-111.44	
405.604	-113.08	
405.812	-87.48	
406.02	-106.12	
406.227	-84.62	
406.435	-47.96	
406.642	1.4	
406.85	-42.02	
407.057	30.89	
407.265	29.46	
407.472	56.49	
407.679	13.69	
407.887	9.18	
408.094	-45.91	
408.302	-96.7	
408.509	-102.84	
408.717	-77.24	
408.924	-53.28	
409.131	-27.48	
409.339	15.74	
409.546	38.47	
409.753	21.06	
409.961	64.68	
410.168	60.59	
410.375	86.39	
410.583	61.61	
410.79	85.16	
410.997	36.62	
411.205	23.93	
411.412	8.36	
411.619	20.86	
411.826	16.96	
412.034	87.21	
412.241	128.99	
412.448	109.94	
412.655	54.24	
412.862	57.72	
413.07	-22.36	
413.277	-57.38	
413.484	-79.5	
413.691	-14.17	
413.898	-62.29	
414.105	-83.8	
414.312	-127.01	
414.519	-105.3	
414.727	-126.8	
414.934	-80.11	
415.141	-17.44	
415.348	58.33	
415.555	29.46	
415.762	19.83	
415.969	-48.98	
416.176	-45.91	
416.383	-45.7	
416.59	-43.86	
416.797	-49.8	
417.004	18.6	
417.211	-9.66	
417.418	-20.92	
417.625	10.21	
417.831	27.61	
418.038	32.32	
418.245	61.4	
418.452	21.67	
418.659	2.42	
418.866	-13.76	
419.073	-42.02	
419.28	-115.54	
419.486	-26.66	
419.693	-43.25	
419.9	-7.2	
420.107	31.5	
420.314	114.86	
420.52	92.12	
420.727	204.97	
420.934	188.79	
421.141	154.79	
421.347	148.65	
421.554	132.26	
421.761	23.72	
421.967	65.09	
422.174	127.14	
422.381	125.3	
422.588	83.73	
422.794	97.65	
423.001	174.66	
423.207	141.89	
423.414	156.64	
423.621	180.8	
423.827	246.34	
424.034	204.35	
424.24	237.33	
424.447	212.75	
424.654	173.84	
424.86	149.26	
425.067	73.08	
425.273	40.72	
425.48	128.99	
425.686	211.32	
425.893	248.18	
426.099	287.5	
426.306	324.77	
426.512	294.67	
426.718	327.44	
426.925	299.17	
427.131	263.95	
427.338	258.21	
427.544	231.8	
427.75	164.83	
427.957	131.24	
428.163	166.88	
428.37	159.09	
428.576	177.93	
428.782	181.83	
428.988	271.53	
429.195	266	
429.401	260.67	
429.607	253.5	
429.814	339.93	
430.02	294.26	
430.226	272.35	
430.432	291.6	
430.639	327.44	
430.845	310.03	
431.051	351.4	
431.257	401.16	
431.463	394.4	
431.67	355.9	
431.876	311.87	
432.082	295.49	
432.288	336.24	
432.494	358.77	
432.7	430.45	
432.906	441.3	
433.112	444.78	
433.318	459.53	
433.525	475.71	
433.731	424.3	
433.937	497.21	
434.143	512.37	
434.349	529.57	
434.555	534.08	
434.761	567.05	
434.967	523.22	
435.173	552.71	
435.379	531.41	
435.585	626.03	
435.791	654.5	
435.996	753.82	
436.202	791.71	
436.408	790.69	
436.614	744.4	
436.82	761.2	
437.026	691.16	
437.232	693.61	
437.438	700.58	
437.644	638.73	
437.849	649.38	
438.055	650.2	
438.261	635.45	
438.467	622.55	
438.673	668.63	
438.878	608.01	
439.084	630.95	
439.29	696.89	
439.496	732.11	
439.701	770	
439.907	784.95	
440.113	799.7	
440.318	772.46	
440.524	767.54	
440.73	778.81	
440.935	831.24	
441.141	818.95	
441.347	905.78	
441.552	918.68	
441.758	970.5	
441.964	949.2	
442.169	1039.31	
442.375	992.62	
442.58	1082.52	
442.786	1126.35	
442.991	1175.09	
443.197	1144.17	
443.402	1200.08	
443.608	1219.12	
443.813	1282.81	
444.019	1325.82	
444.224	1373.33	
444.43	1320.7	
444.635	1337.29	
444.841	1258.24	
445.046	1349.37	
445.252	1338.72	
445.457	1410.81	
445.662	1379.89	
445.868	1398.93	
446.073	1351.42	
446.278	1375.38	
446.484	1364.12	
446.689	1405.69	
446.894	1431.7	
447.1	1463.03	
447.305	1547.82	
447.51	1618.48	
447.716	1623.8	
447.921	1679.3	
448.126	1728.45	
448.331	1686.06	
448.537	1730.09	
448.742	1806.48	
448.947	1797.47	
449.152	1788.66	
449.357	1926.29	
449.563	1973.39	
449.768	2034.01	
449.973	2085.21	
450.178	2196	
450.383	2132.11	
450.588	2171.84	
450.793	2221.19	
450.999	2394.86	
451.204	2399.16	
451.409	2535.56	
451.614	2601.3	
451.819	2683.62	
452.024	2695.5	
452.229	2850.33	
452.434	2995.32	
452.639	3067.41	
452.844	3238.83	
453.049	3318.08	
453.254	3407.17	
453.459	3512.85	
453.664	3700.03	
453.869	3808.16	
454.074	3993.91	
454.279	4189.91	
454.483	4263.22	
454.688	4377.7	
454.893	4553.42	
455.098	4659.5	
455.303	4702.51	
455.508	4882.53	
455.713	4983.7	
455.917	5011.96	
456.122	5166.79	
456.327	5254.03	
456.532	5357.66	
456.737	5367.28	
456.941	5420.53	
457.146	5360.11	
457.351	5369.54	
457.555	5340.25	
457.76	5409.88	
457.965	5374.45	
458.17	5433.02	
458.374	5510.03	
458.579	5506.75	
458.784	5433.64	
458.988	5396.77	
459.193	5307.89	
459.397	5228.43	
459.602	5120.3	
459.807	5147.54	
460.011	5074.42	
460.216	5020.15	
460.42	4831.12	
460.625	4706.61	
460.829	4555.06	
461.034	4402.48	
461.239	4178.64	
461.443	4063.14	
461.648	3907.08	
461.852	3627.74	
462.056	3486.63	
462.261	3311.53	
462.465	3189.68	
462.67	2964.2	
462.874	2785.41	
463.079	2519.38	
463.283	2313.15	
463.487	2047.53	
463.692	1885.74	
463.896	1696.3	
464.1	1554.58	
464.305	1390.33	
464.509	1225.88	
464.713	1118.36	
464.918	1081.7	
465.122	1009.2	
465.326	904.55	
465.531	809.53	
465.735	678.05	
465.939	578.52	
466.143	484.11	
466.348	443.56	
466.552	356.72	
466.756	364.09	
466.96	356.11	
467.164	329.28	
467.368	313.71	
467.573	347.92	
467.777	281.97	
467.981	199.23	
468.185	144.55	
468.389	140.46	
468.593	43.59	
468.797	0.58	
469.001	3.65	
469.205	10.41	
469.409	25.57	
469.613	83.52	
469.817	121.21	
470.021	120.8	
470.225	140.87	
470.429	82.5	
470.633	74.51	
470.837	74.72	
471.041	66.32	
471.245	-10.68	
471.449	11.02	
471.653	23.52	
471.857	55.67	
472.061	-6.38	
472.265	17.58	
472.469	20.65	
472.673	-22.15	
472.876	-71.71	
473.08	-59.22	
473.284	4.88	
473.488	-19.29	
473.692	46.25	
473.895	95.61	
474.099	149.67	
474.303	119.77	
474.507	167.08	
474.71	138.82	
474.914	63.25	
475.118	25.77	
475.322	43.59	
475.525	-62.29	
475.729	-46.32	
475.933	-29.93	
476.136	85.16	
476.34	90.69	
476.543	183.26	
476.747	165.85	
476.951	195.96	
477.154	71.24	
477.358	101.75	
477.561	63.66	
477.765	46.25	
477.969	13.89	
478.172	23.31	
478.376	-26.66	
478.579	-0.85	
478.783	-7	
478.986	16.55	
479.19	17.99	
479.393	42.56	
479.596	44.61	
479.8	86.59	
480.003	63.25	
480.207	61.2	
480.41	18.81	
480.614	16.14	
480.817	-41.2	
481.02	42.97	
481.224	99.91	
481.427	122.02	
481.63	165.03	
481.834	208.86	
482.037	103.18	
482.24	55.67	
482.443	46.45	
482.647	-41.4	
482.85	-57.58	
483.053	13.48	
483.256	-35.46	
483.46	-5.77	
483.663	6.31	
483.866	42.56	
484.069	-11.5	
484.272	11.02	
484.476	-11.3	
484.679	43.18	
484.882	55.26	
485.085	37.65	
485.288	49.73	
485.491	94.38	
485.694	19.22	
485.897	-0.03	
486.101	19.22	
486.304	77.17	
486.507	-7.82	
486.71	27.2	
486.913	-19.08	
487.116	-25.84	
487.319	-76.01	
487.522	-35.46	
487.725	32.73	
487.928	56.29	
488.13	61.2	
488.333	76.15	
488.536	73.28	
488.739	13.28	
488.942	46.45	
489.145	51.17	
489.348	58.74	
489.551	55.88	
489.754	77.99	
489.956	49.73	
490.159	45.02	
490.362	15.53	
490.565	-12.12	
490.768	-34.44	
490.97	52.8	
491.173	86.39	
491.376	112.6	
491.579	133.7	
491.781	196.57	
491.984	121.82	
492.187	133.49	
492.39	111.78	
492.592	108.71	
492.795	110.76	
492.998	80.86	
493.2	39.49	
493.403	84.75	
493.605	188.38	
493.808	134.93	
494.011	121.82	
494.213	135.75	
494.416	146.6	
494.618	30.07	
494.821	5.5	
495.023	73.08	
495.226	105.03	
495.428	81.88	
495.631	127.55	
495.833	178.14	
496.036	144.35	
496.238	91.92	
496.441	94.58	
496.643	50.96	
496.846	-10.07	
497.048	-14.57	
497.25	37.03	
497.453	27.41	
497.655	128.58	
497.858	199.64	
498.06	232.62	
498.262	162.78	
498.465	164.21	
498.667	93.35	
498.869	72.46	
499.071	25.57	
499.274	78.2	
499.476	71.85	
499.678	44.41	
499.881	18.4	
500.083	29.66	
500.285	-32.8	
500.487	-11.09	
500.689	-14.57	
500.892	-44.48	
501.094	-98.95	
501.296	-14.98	
501.498	-48.37	
501.7	-62.09	
501.902	-22.77	
502.104	32.53	
502.306	-26.86	
502.509	-13.35	
502.711	-15.6	
502.913	-28.71	
503.115	-76.22	
503.317	-52.87	
503.519	-87.89	
503.721	-34.03	
503.923	47.27	
504.125	82.09	
504.327	116.5	
504.529	149.67	
504.731	124.69	
504.933	93.76	
505.134	81.48	
505.336	60.18	
505.538	70.42	
505.74	42.15	
505.942	-45.5	
506.144	-44.48	
506.346	-84.62	
506.548	-49.39	
506.749	-12.73	
506.951	40.72	
507.153	26.38	
507.355	23.52	
507.557	-10.07	
507.758	-19.29	
507.96	-66.18	
508.162	-27.89	
508.363	-1.47	
508.565	-0.03	
508.767	-37.31	
508.969	-11.71	
509.17	7.13	
509.372	-3.72	
509.574	-64.75	
509.775	-36.49	
509.977	-56.15	
510.178	-31.78	
510.38	-18.88	
510.582	18.6	
510.783	-15.39	
510.985	-10.68	
511.186	-97.52	
511.388	-50	
511.589	-20.31	
511.791	-37.1	
511.992	-16.21	
512.194	37.44	
512.395	-69.46	
512.597	-68.85	
512.798	-31.78	
513	-19.9	
513.201	4.47	
513.403	114.24	
513.604	82.5	
513.805	77.79	
514.007	57.51	
514.208	-22.36	
514.409	-87.48	
514.611	-91.37	
514.812	-46.32	
515.013	10.21	
515.215	42.36	
515.416	11.23	
515.617	-12.53	
515.819	-72.33	
516.02	-140.52	
516.221	-101	
516.422	-79.09	
516.623	-70.07	
516.825	-52.05	
517.026	-39.15	
517.227	-108.58	
517.428	-132.74	
517.629	-94.04	
517.83	-71.92	
518.032	-51.23	
518.233	2.01	
518.434	35.81	
518.635	49.12	
518.836	39.7	
519.037	14.51	
519.238	29.46	
519.439	44	
519.64	-2.9	
519.841	8.57	
520.042	13.07	
520.243	-26.25	
520.444	-62.09	
520.645	-59.22	
520.846	-85.43	
521.047	-59.63	
521.248	-68.85	
521.449	-22.56	
521.65	-10.07	
521.851	63.45	
522.052	23.31	
522.252	58.95	
522.453	51.98	
522.654	27.2	
522.855	-36.08	
523.056	-41.81	
523.257	-52.87	
523.457	-54.71	
523.658	-28.71	
523.859	-31.57	
524.06	-47.14	
524.26	-88.92	
524.461	-88.92	
524.662	-85.64	
524.862	-123.53	
525.063	-64.75	
525.264	-20.92	
525.464	-43.86	
525.665	-22.97	
525.866	103.18	
526.066	50.96	
526.267	29.87	
526.468	32.53	
526.668	3.86	
526.869	-71.71	
527.069	-44.27	
527.27	-1.06	
527.47	42.56	
527.671	40.31	
527.871	18.6	
528.072	61.4	
528.272	54.24	
528.473	64.48	
528.673	124.28	
528.874	139.64	
529.074	132.67	
529.275	148.24	
529.475	157.66	
529.675	94.17	
529.876	127.35	
530.076	68.78	
530.277	31.5	
530.477	4.06	
530.677	8.57	
530.878	-11.5	
531.078	137.18	
531.278	176.71	
531.478	235.28	
531.679	318.63	
531.879	427.17	
532.079	476.32	
532.28	629.92	
532.48	705.08	
532.68	815.26	
532.88	889.19	
533.08	908.44	
533.28	863.39	
533.481	814.65	
533.681	724.54	
533.881	624.19	
534.081	501.72	
534.281	429.02	
534.481	373.52	
534.681	339.93	
534.881	321.29	
535.081	267.84	
535.281	193.91	
535.481	219.71	
535.682	165.65	
535.882	91.31	
536.082	122.43	
536.281	129.4	
536.481	106.87	
536.681	131.24	
536.881	134.52	
537.081	67.96	
537.281	52.39	
537.481	-16.21	
537.681	-71.92	
537.881	-106.73	
538.081	-29.52	
538.281	-24.61	
538.48	-37.92	
538.68	-0.65	
538.88	80.66	
539.08	56.49	
539.28	51.98	
539.479	136.77	
539.679	116.9	
539.879	41.54	
540.079	31.09	
540.278	41.95	
540.478	-45.91	
540.678	-54.1	
540.877	8.98	
541.077	-40.99	
541.277	-51.44	
541.476	59.77	
541.676	74.1	
541.876	90.28	
542.075	143.12	
542.275	124.48	
542.474	40.52	
542.674	46.45	
542.874	-3.93	
543.073	-39.56	
543.273	-5.15	
543.472	52.39	
543.672	57.92	
543.871	32.94	
544.071	46.25	
544.27	105.23	
544.47	42.77	
544.669	57.51	
544.868	61.61	
545.068	63.66	
545.267	-19.49	
545.467	62.84	
545.666	4.88	
545.865	47.68	
546.065	9.39	
546.264	19.01	
546.463	-50.62	
546.663	-9.86	
546.862	-31.57	
547.061	9.18	
547.261	17.99	
547.46	59.77	
547.659	46.25	
547.858	116.29	
548.058	126.12	
548.257	139.64	
548.456	97.24	
548.655	96.83	
548.854	57.92	
549.053	91.31	
549.253	66.12	
549.452	69.8	
549.651	121.21	
549.85	160.53	
550.049	134.11	
550.248	122.84	
550.447	138.82	
550.646	131.65	
550.845	118.95	
551.044	86.8	
551.243	97.04	
551.442	104.62	
551.641	76.36	
551.84	91.92	
552.039	123.46	
552.238	154.18	
552.437	136.97	
552.636	122.43	
552.835	63.25	
553.034	94.99	
553.233	84.34	
553.432	83.32	
553.63	91.51	
553.829	94.17	
554.028	4.06	
554.227	2.01	
554.426	3.24	
554.625	36.42	
554.823	38.47	
555.022	117.93	
555.221	170.56	
555.42	174.66	
555.618	184.49	
555.817	182.64	
556.016	144.14	
556.214	123.66	
556.413	126.94	
556.612	106.46	
556.81	108.1	
557.009	116.29	
557.208	82.7	
557.406	98.47	
557.605	75.54	
557.803	62.22	
558.002	66.93	
558.201	28.64	
558.399	37.03	
558.598	1.19	
558.796	35.6	
558.995	47.27	
559.193	121.41	
559.392	98.88	
559.59	196.78	
559.789	238.96	
559.987	331.12	
560.185	387.65	
560.384	431.88	
560.582	458.92	
560.781	529.16	
560.979	534.9	
561.177	517.9	
561.376	608.83	
561.574	746.86	
561.772	714.91	
561.971	934.45	
562.169	1128.19	
562.367	1283.63	
562.566	1473.27	
562.764	1829.01	
562.962	2089.3	
563.16	2487.43	
563.358	3029.12	
563.557	3501.17	
563.755	3914.66	
563.953	4205.88	
564.151	4358.86	
564.349	4268.14	
564.547	4036.51	
564.746	3676.07	
564.944	3231.87	
565.142	2811.21	
565.34	2410.22	
565.538	2062.88	
565.736	1831.46	
565.934	1577.72	
566.132	1386.24	
566.33	1244.31	
566.528	1163.01	
566.726	1005.93	
566.924	993.85	
567.122	864.41	
567.32	734.57	
567.518	616.81	
567.716	575.45	
567.914	491.68	
568.112	480.01	
568.31	514.21	
568.507	504.79	
568.705	419.19	
568.903	395.63	
569.101	425.12	
569.299	421.64	
569.497	407.72	
569.694	456.87	
569.892	444.99	
570.09	428.4	
570.288	346.69	
570.486	310.44	
570.683	326	
570.881	279.72	
571.079	213.16	
571.276	212.34	
571.474	217.05	
571.672	152.74	
571.869	177.32	
572.067	183.67	
572.265	204.97	
572.462	252.69	
572.66	304.09	
572.857	331.12	
573.055	376.38	
573.253	366.14	
573.45	302.66	
573.648	299.79	
573.845	265.38	
574.043	252.07	
574.24	234.05	
574.438	194.93	
574.635	177.32	
574.832	147.83	
575.03	137.18	
575.227	245.31	
575.425	260.26	
575.622	235.69	
575.82	258.42	
576.017	289.55	
576.214	219.1	
576.412	268.86	
576.609	245.72	
576.806	229.34	
577.004	184.69	
577.201	203.53	
577.398	233.23	
577.595	349.35	
577.793	402.39	
577.99	428.2	
578.187	381.5	
578.384	327.44	
578.582	251.05	
578.779	287.3	
578.976	293.64	
579.173	375.15	
579.37	403.21	
579.567	467.52	
579.764	424.1	
579.962	436.8	
580.159	414.68	
580.356	459.12	
580.553	450.93	
580.75	488.61	
580.947	501.92	
581.144	553.94	
581.341	527.52	
581.538	572.78	
581.735	540.83	
581.932	580.77	
582.129	492.09	
582.326	509.71	
582.523	471.82	
582.72	500.69	
582.916	478.78	
583.113	508.07	
583.31	524.25	
583.507	572.58	
583.704	674.57	
583.901	777.17	
584.098	842.3	
584.294	910.9	
584.491	931.18	
584.688	933.23	
584.885	901.48	
585.082	1070.85	
585.278	1176.52	
585.475	1241.03	
585.672	1275.65	
585.868	1366.17	
586.065	1337.9	
586.262	1324.39	
586.458	1433.13	
586.655	1586.53	
586.852	1665.37	
587.048	1777.4	
587.245	1892.7	
587.442	2067.6	
587.638	2189.45	
587.835	2406.74	
588.031	2546.21	
588.228	2720.28	
588.424	2822.07	
588.621	2978.33	
588.817	3091.58	
589.014	3335.49	
589.21	3513.26	
589.407	3673.61	
589.603	3814.1	
589.8	4044.91	
589.996	4183.56	
590.192	4354.36	
590.389	4529.87	
590.585	4687.36	
590.782	4735.89	
590.978	4900.35	
591.174	4966.09	
591.371	5050.46	
591.567	5093.67	
591.763	5127.06	
591.959	5060.09	
592.156	5056.61	
592.352	5007.45	
592.548	5010.12	
592.744	4973.25	
592.941	4901.16	
593.137	4821.7	
593.333	4726.27	
593.529	4663.19	
593.725	4614.24	
593.922	4533.55	
594.118	4511.23	
594.314	4403.3	
594.51	4285.34	
594.706	4130.51	
594.902	4049	
595.098	3939.85	
595.294	3888.03	
595.49	3752.46	
595.686	3769.05	
595.882	3634.91	
596.078	3621.39	
596.274	3589.24	
596.47	3599.48	
596.666	3519.4	
596.862	3508.96	
597.058	3463.49	
597.254	3458.99	
597.45	3410.86	
597.646	3439.12	
597.842	3452.02	
598.037	3483.56	
598.233	3465.74	
598.429	3498.31	
598.625	3392.84	
598.821	3341.02	
599.017	3203.19	
599.212	3211.39	
599.408	3215.69	
599.604	3236.78	
599.8	3275.28	
599.995	3300.47	
600.191	3280.81	
600.387	3218.96	
600.582	3246.2	
600.778	3280.4	
600.974	3312.96	
601.169	3277.74	
601.365	3334.26	
601.561	3266.48	
601.756	3205.24	
601.952	3209.34	
602.147	3197.87	
602.343	3185.38	
602.538	3283.47	
602.734	3325.66	
602.93	3342.05	
603.125	3402.26	
603.321	3417.62	
603.516	3407.99	
603.711	3397.96	
603.907	3420.28	
604.102	3453.25	
604.298	3520.63	
604.493	3551.76	
604.689	3664.6	
604.884	3695.32	
605.079	3705.56	
605.275	3670.75	
605.47	3705.97	
605.665	3712.32	
605.861	3759.22	
606.056	3785.02	
606.251	3748.57	
606.447	3746.93	
606.642	3721.74	
606.837	3647.81	
607.032	3704.95	
607.227	3744.47	
607.423	3761.47	
607.618	3758.81	
607.813	3789.73	
608.008	3738.94	
608.203	3852.2	
608.398	3896.43	
608.594	3932.89	
608.789	3950.91	
608.984	4036.72	
609.179	4015.83	
609.374	3983.27	
609.569	4016.44	
609.764	4028.32	
609.959	3993.5	
610.154	3972.41	
610.349	4055.35	
610.544	4038.97	
610.739	4079.31	
610.934	4115.97	
611.129	4181.51	
611.324	4158.78	
611.519	4219.81	
611.714	4257.49	
611.909	4201.99	
612.103	4238.24	
612.298	4228.61	
612.493	4219.6	
612.688	4235.57	
612.883	4313.81	
613.078	4237.01	
613.272	4339.61	
613.467	4399	
613.662	4469.04	
613.857	4547.48	
614.051	4680.6	
614.246	4635.54	
614.441	4642.71	
614.635	4558.95	
614.83	4508.77	
615.025	4440.58	
615.219	4445.9	
615.414	4392.65	
615.609	4441.4	
615.803	4456.14	
615.998	4566.53	
616.192	4633.29	
616.387	4737.12	
616.582	4817.81	
616.776	4893.18	
616.971	4890.92	
617.165	4924.92	
617.36	4914.68	
617.554	4972.23	
617.749	5066.64	
617.943	5108.01	
618.138	5161.05	
618.332	5227.41	
618.526	5236.01	
618.721	5204.47	
618.915	5315.47	
619.11	5371.79	
619.304	5400.25	
619.498	5449.61	
619.693	5548.53	
619.887	5511.66	
620.081	5488.73	
620.275	5555.49	
620.47	5581.7	
620.664	5614.47	
620.858	5615.09	
621.052	5669.56	
621.247	5723.42	
621.441	5743.9	
621.635	5738.99	
621.829	5855.11	
622.023	5910.4	
622.218	5976.35	
622.412	5992.12	
622.606	5990.89	
622.8	5941.12	
622.994	5879.07	
623.188	5752.51	
623.382	5752.51	
623.576	5737.15	
623.77	5679.19	
623.964	5700.69	
624.158	5719.12	
624.352	5678.98	
624.546	5696.39	
624.74	5735.3	
624.934	5673.86	
625.128	5670.79	
625.322	5652.97	
625.516	5595.43	
625.71	5531.73	
625.904	5486.88	
626.098	5494.46	
626.291	5491.59	
626.485	5457.39	
626.679	5397.39	
626.873	5465.99	
627.067	5366.26	
627.26	5308.3	
627.454	5264.27	
627.648	5221.67	
627.842	5061.73	
628.035	4997.01	
628.229	4906.49	
628.423	4801.84	
628.617	4744.7	
628.81	4717.26	
629.004	4648.85	
629.198	4600.73	
629.391	4503.86	
629.585	4491.98	
629.778	4398.59	
629.972	4361.93	
630.166	4255.64	
630.359	4193.39	
630.553	4051.46	
630.746	4015.62	
630.94	3945.38	
631.133	3833.76	
631.327	3768.64	
631.52	3689.38	
631.714	3570.39	
631.907	3502.4	
632.1	3569.78	
632.294	3599.68	
632.487	3582.27	
632.681	3595.38	
632.874	3534.96	
633.067	3450.38	
633.261	3323.41	
633.454	3255.01	
633.647	3204.42	
633.841	3119.43	
634.034	3117.18	
634.227	3109.4	
634.421	3085.03	
634.614	3040.79	
634.807	3028.5	
635	2910.95	
635.193	2919.55	
635.387	2879.41	
635.58	2812.24	
635.773	2814.69	
635.966	2817.77	
636.159	2788.07	
636.352	2712.09	
636.545	2685.06	
636.739	2631.61	
636.932	2606.01	
637.125	2525.93	
637.318	2533.51	
637.511	2566.69	
637.704	2534.33	
637.897	2563.82	
638.09	2543.34	
638.283	2585.32	
638.476	2591.06	
638.669	2626.69	
638.862	2614.2	
639.055	2650.65	
639.247	2678.3	
639.44	2642.26	
639.633	2708.61	
639.826	2744.04	
640.019	2852.58	
640.212	3002.49	
640.405	3258.69	
640.597	3484.58	
640.79	3836.84	
640.983	4143.62	
641.176	4356.2	
641.368	4550.76	
641.561	4611.99	
641.754	4434.43	
641.947	4305	
642.139	4117.61	
642.332	3803.45	
642.525	3608.69	
642.717	3502.4	
642.91	3280.4	
643.103	3152.2	
643.295	3091.78	
643.488	3017.85	
643.68	2918.53	
643.873	2915.66	
644.065	2907.06	
644.258	2914.43	
644.45	2881.25	
644.643	2925.28	
644.835	2927.33	
645.028	2879	
645.22	2867.33	
645.413	2851.76	
645.605	2842.34	
645.798	2842.14	
645.99	2936.75	
646.182	2956.41	
646.375	3017.85	
646.567	3031.98	
646.76	3006.79	
646.952	2998.6	
647.144	3023.59	
647.337	3045.7	
647.529	3107.55	
647.721	3244.36	
647.913	3267.5	
648.106	3265.45	
648.298	3268.32	
648.49	3276.1	
648.682	3219.78	
648.874	3264.84	
649.067	3328.94	
649.259	3334.26	
649.451	3317.27	
649.643	3368.87	
649.835	3417.82	
650.027	3456.94	
650.219	3520.63	
650.411	3623.03	
650.603	3681.6	
650.796	3742.63	
650.988	3799.97	
651.18	3897.66	
651.372	3970.36	
651.564	3998.22	
651.756	3978.96	
651.948	4029.14	
652.139	4029.14	
652.331	4038.56	
652.523	4104.3	
652.715	4201.17	
652.907	4258.92	
653.099	4329.99	
653.291	4426.65	
653.483	4490.75	
653.674	4591.51	
653.866	4681.83	
654.058	4714.39	
654.25	4773.17	
654.442	4878.64	
654.633	4910.59	
654.825	4969.16	
655.017	5120.91	
655.209	5202.01	
655.4	5263.66	
655.592	5293.97	
655.784	5384.49	
655.975	5418.48	
656.167	5481.15	
656.359	5553.44	
656.55	5658.09	
656.742	5665.26	
656.933	5784.45	
657.125	5792.44	
657.316	5763.36	
657.508	5729.98	
657.7	5771.55	
657.891	5676.73	
658.083	5696.39	
658.274	5718.71	
658.466	5705.81	
658.657	5654.61	
658.848	5560.41	
659.04	5476.85	
659.231	5424.01	
659.423	5396.77	
659.614	5327.96	
659.805	5433.02	
659.997	5487.7	
660.188	5475.01	
660.379	5475.82	
660.571	5478.69	
660.762	5403.33	
660.953	5316.7	
661.145	5302.98	
661.336	5263.45	
661.527	5420.32	
661.718	5456.78	
661.909	5467.84	
662.101	5446.33	
662.292	5430.77	
662.483	5188.29	
662.674	5124.39	
662.865	5101.46	
663.056	5044.11	
663.247	4973.46	
663.439	4998.24	
663.63	4925.54	
663.821	4829.69	
664.012	4828.87	
664.203	4862.87	
664.394	4815.56	
664.585	4818.63	
664.776	4749.41	
664.967	4675.48	
665.158	4574.92	
665.349	4577.18	
665.54	4431.98	
665.73	4437.5	
665.921	4297.83	
666.112	4213.87	
666.303	4076.65	
666.494	4163.69	
666.685	4060.88	
666.876	4080.54	
667.066	4016.44	
667.257	3982.65	
667.448	3773.76	
667.639	3713.55	
667.83	3602.55	
668.02	3555.85	
668.211	3404.51	
668.402	3378.5	
668.592	3270.57	
668.783	3214.25	
668.974	3163.67	
669.164	3185.58	
669.355	3132.74	
669.546	3158.14	
669.736	3133.36	
669.927	3088.71	
670.117	2986.52	
670.308	2962.56	
670.499	2851.15	
670.689	2805.27	
670.88	2734.62	
671.07	2756.33	
671.261	2732.16	
671.451	2802.2	
671.641	2733.39	
671.832	2750.18	
672.022	2723.35	
672.213	2648.19	
672.403	2574.67	
672.594	2626.49	
672.784	2614.81	
672.974	2564.02	
673.165	2492.55	
673.355	2478.83	
673.545	2473.09	
673.736	2486.61	
673.926	2409.2	
674.116	2493.16	
674.306	2405.92	
674.497	2326.87	
674.687	2226.93	
674.877	2257.85	
675.067	2238.4	
675.257	2300.45	
675.448	2306.8	
675.638	2365.37	
675.828	2329.74	
676.018	2339.97	
676.208	2325.02	
676.398	2346.12	
676.588	2299.43	
676.778	2331.78	
676.968	2302.7	
677.158	2319.09	
677.348	2258.26	
677.538	2256.83	
677.728	2282.84	
677.918	2285.29	
678.108	2264.4	
678.298	2342.02	
678.488	2336.49	
678.678	2353.7	
678.868	2367.01	
679.058	2390.56	
679.248	2382.37	
679.438	2406.12	
679.627	2417.59	
679.817	2406.74	
680.007	2390.56	
680.197	2394.66	
680.387	2380.32	
680.576	2381.34	
680.766	2359.23	
680.956	2367.62	
681.146	2429.06	
681.335	2431.11	
681.525	2386.67	
681.715	2451.79	
681.904	2491.12	
682.094	2452	
682.284	2456.71	
682.473	2482.31	
682.663	2500.54	
682.852	2463.26	
683.042	2461.21	
683.231	2477.39	
683.421	2485.38	
683.61	2440.33	
683.8	2434.18	
683.989	2412.88	
684.179	2440.94	
684.368	2400.39	
684.558	2382.16	
684.747	2381.34	
684.937	2367.01	
685.126	2374.59	
685.316	2395.68	
685.505	2395.88	
685.694	2481.49	
685.884	2565.87	
686.073	2525.93	
686.262	2551.33	
686.452	2623.82	
686.641	2613.17	
686.83	2581.23	
687.019	2586.96	
687.209	2579.59	
687.398	2577.74	
687.587	2539.45	
687.776	2518.15	
687.965	2507.91	
688.155	2507.09	
688.344	2437.05	
688.533	2439.71	
688.722	2402.03	
688.911	2489.48	
689.1	2533.51	
689.289	2601.09	
689.478	2607.23	
689.667	2667.65	
689.856	2519.79	
690.045	2481.9	
690.234	2420.87	
690.423	2469	
690.612	2403.26	
690.801	2501.35	
690.99	2479.65	
691.179	2507.91	
691.368	2460.81	
691.557	2534.94	
691.746	2486.81	
691.935	2493.98	
692.124	2482.51	
692.312	2468.18	
692.501	2387.28	
692.69	2441.96	
692.879	2453.43	
693.068	2460.6	
693.256	2480.47	
693.445	2580	
693.634	2526.54	
693.823	2507.7	
694.011	2501.15	
694.2	2513.85	
694.389	2435.62	
694.577	2469.2	
694.766	2514.87	
694.955	2541.29	
695.143	2529.62	
695.332	2596.59	
695.52	2571.81	
695.709	2602.11	
695.897	2599.04	
696.086	2565.25	
696.275	2516.31	
696.463	2539.04	
696.652	2482.72	
696.84	2481.69	
697.028	2474.12	
697.217	2454.87	
697.405	2456.91	
697.594	2459.17	
697.782	2422.3	
697.971	2404.69	
698.159	2388.1	
698.347	2377.86	
698.536	2327.69	
698.724	2329.94	
698.912	2291.23	
699.1	2286.73	
699.289	2294.92	
699.477	2274.44	
699.665	2218.53	
699.854	2188.43	
700.042	2135.18	
700.23	2076.4	
700.418	2042.2	
700.606	2004.31	
700.794	2014.96	
700.983	2010.66	
701.171	1980.35	
701.359	1946.36	
701.547	1970.73	
701.735	1960.9	
701.923	1917.27	
702.111	1860.55	
702.299	1819.59	
702.487	1811.6	
702.675	1739.51	
702.863	1725.38	
703.051	1721.9	
703.239	1786.2	
703.427	1709.61	
703.615	1705.1	
703.803	1671.52	
703.991	1689.74	
704.179	1677.87	
704.367	1747.91	
704.554	1803.2	
704.742	1845.6	
704.93	1891.06	
705.118	1918.3	
705.306	1852.56	
705.493	1826.14	
705.681	1794.6	
705.869	1792.96	
706.057	1707.77	
706.244	1713.71	
706.432	1678.07	
706.62	1689.34	
706.807	1565.43	
706.995	1613.77	
707.183	1529.8	
707.37	1553.55	
707.558	1544.34	
707.746	1628.51	
707.933	1628.1	
708.121	1724.77	
708.308	1700.6	
708.496	1698.35	
708.683	1621.14	
708.871	1626.46	
709.058	1532.67	
709.246	1525.29	
709.433	1443.58	
709.621	1451.98	
709.808	1404.67	
709.995	1458.94	
710.183	1424.94	
710.37	1464.47	
710.558	1426.79	
710.745	1391.56	
710.932	1360.64	
711.12	1398.73	
711.307	1388.9	
711.494	1418.18	
711.681	1437.64	
711.869	1394.02	
712.056	1388.28	
712.243	1401.8	
712.43	1323.57	
712.618	1320.5	
712.805	1295.72	
712.992	1259.26	
713.179	1208.88	
713.366	1260.08	
713.553	1281.58	
713.74	1297.15	
713.928	1252.09	
714.115	1286.3	
714.302	1240.63	
714.489	1213.8	
714.676	1187.58	
714.863	1273.8	
715.05	1275.65	
715.237	1271.96	
715.424	1195.57	
715.611	1265.82	
715.798	1225.06	
715.984	1212.36	
716.171	1252.71	
716.358	1276.26	
716.545	1265	
716.732	1261.31	
716.919	1210.93	
717.106	1156.86	
717.293	1161.78	
717.479	1159.12	
717.666	1069.01	
717.853	1073.31	
718.04	1103.41	
718.226	1107.71	
718.413	1020.67	
718.6	1080.47	
718.786	1066.14	
718.973	1085.39	
719.16	1015.55	
719.346	1065.52	
719.533	1034.19	
719.72	1091.12	
719.906	1030.91	
720.093	1088.67	
720.279	1038.7	
720.466	1048.53	
720.652	1040.54	
720.839	1071.67	
721.025	1069.21	
721.212	1089.69	
721.398	1073.51	
721.585	1063.68	
721.771	1022.52	
721.958	959.44	
722.144	968.25	
722.331	897.18	
722.517	827.96	
722.703	835.54	
722.89	806.46	
723.076	781.88	
723.262	869.94	
723.449	851.92	
723.635	804	
723.821	825.5	
724.007	803.18	
724.194	736.21	
724.38	749.11	
724.566	759.97	
724.752	793.76	
724.938	836.77	
725.125	898.82	
725.311	938.14	
725.497	922.78	
725.683	888.58	
725.869	821	
726.055	790.48	
726.241	749.52	
726.427	757.92	
726.613	741.74	
726.799	827.55	
726.985	760.17	
727.171	785.57	
727.357	823.25	
727.543	886.94	
727.729	835.33	
727.915	881.62	
728.101	863.18	
728.287	821.82	
728.473	758.33	
728.659	743.17	
728.845	709.38	
729.03	671.09	
729.216	679.28	
729.402	651.22	
729.588	635.66	
729.774	639.14	
729.959	651.83	
730.145	693.41	
730.331	754.23	
730.517	764.47	
730.702	787.82	
730.888	809.73	
731.074	728.84	
731.259	710.2	
731.445	745.02	
731.63	731.91	
731.816	696.48	
732.002	800.93	
732.187	845.37	
732.373	820.79	
732.558	841.27	
732.744	921.14	
732.929	865.44	
733.115	761.4	
733.3	683.78	
733.486	669.45	
733.671	563.98	
733.857	532.64	
734.042	585.48	
734.227	619.48	
734.413	680.1	
734.598	758.12	
734.784	751.16	
734.969	736.01	
735.154	770.41	
735.339	722.49	
735.525	718.19	
735.71	767.95	
735.895	712.86	
736.081	673.95	
736.266	644.05	
736.451	606.78	
736.636	610.67	
736.821	629.72	
737.007	604.53	
737.192	614.15	
737.377	545.75	
737.562	450.11	
737.747	480.83	
737.932	521.38	
738.117	475.71	
738.302	552.71	
738.487	584.87	
738.672	536.53	
738.857	541.65	
739.042	587.12	
739.227	621.73	
739.412	608.62	
739.597	622.55	
739.782	656.95	
739.967	606.78	
740.152	574.42	
740.337	593.67	
740.522	611.9	
740.706	591.21	
740.891	663.92	
741.076	665.15	
741.261	675.8	
741.446	677.02	
741.63	638.32	
741.815	623.78	
742	564.18	
742.185	539.61	
742.369	530.59	
742.554	505.2	
742.739	481.44	
742.923	510.93	
743.108	533.05	
743.293	546.98	
743.477	549.85	
743.662	556.6	
743.846	534.49	
744.031	525.27	
744.216	504.79	
744.4	551.28	
744.585	515.03	
744.769	537.35	
744.954	523.63	
745.138	499.88	
745.322	480.42	
745.507	461.37	
745.691	453.8	
745.876	431.88	
746.06	486.36	
746.244	512.57	
746.429	567.25	
746.613	547.59	
746.798	563.36	
746.982	489.43	
747.166	477.96	
747.35	423.9	
747.535	417.55	
747.719	422.26	
747.903	497.42	
748.087	447.24	
748.272	460.35	
748.456	487.59	
748.64	462.6	
748.824	432.91	
749.008	467.31	
749.192	446.83	
749.376	424.92	
749.56	420.21	
749.745	382.32	
749.929	403.62	
750.113	439.87	
750.297	399.73	
750.481	438.64	
750.665	468.95	
750.849	446.83	
751.033	433.11	
751.217	408.54	
751.4	371.67	
751.584	347.1	
751.768	348.12	
751.952	338.29	
752.136	387.24	
752.32	361.43	
752.504	387.24	
752.688	358.57	
752.871	334.6	
753.055	328.66	
753.239	349.55	
753.423	359.18	
753.606	349.76	
753.79	410.58	
753.974	424.51	
754.157	421.64	
754.341	364.3	
754.525	349.55	
754.708	322.11	
754.892	304.7	
755.076	334.19	
755.259	387.65	
755.443	379.04	
755.626	367.99	
755.81	380.89	
755.993	361.43	
756.177	301.63	
756.36	332.56	
756.544	301.22	
756.727	271.53	
756.911	277.88	
757.094	313.92	
757.278	295.08	
757.461	270.71	
757.644	278.08	
757.828	229.34	
758.011	224.83	
758.195	242.65	
758.378	266.61	
758.561	252.89	
758.744	237.33	
758.928	266.2	
759.111	251.05	
759.294	277.88	
759.477	294.67	
759.661	344.43	
759.844	318.43	
760.027	310.44	
760.21	288.32	
760.393	290.98	
760.576	274.8	
760.76	253.09	
760.943	226.27	
761.126	287.71	
761.309	330.71	
761.492	337.68	
761.675	328.87	
761.858	348.33	
762.041	263.54	
762.224	157.45	
762.407	146.4	
762.59	182.85	
762.773	130.22	
762.956	128.99	
763.139	180.8	
763.321	199.85	
763.504	138.41	
763.687	192.68	
763.87	231.8	
764.053	217.46	
764.236	238.55	
764.418	271.53	
764.601	248.59	
764.784	263.95	
764.967	315.97	
765.149	270.91	
765.332	278.69	
765.515	320.47	
765.697	257.6	
765.88	214.18	
766.063	224.83	
766.245	216.03	
766.428	158.27	
766.611	173.63	
766.793	176.5	
766.976	217.46	
767.158	181.21	
767.341	246.34	
767.523	247.97	
767.706	276.03	
767.888	226.47	
768.071	359.79	
768.253	307.57	
768.436	340.95	
768.618	337.27	
768.8	409.56	
768.983	333.58	
769.165	350.58	
769.348	283.4	
769.53	257.19	
769.712	160.73	
769.895	126.53	
770.077	131.04	
770.259	168.31	
770.441	157.25	
770.624	232.82	
770.806	266.41	
770.988	246.75	
771.17	238.76	
771.352	301.84	
771.535	309.82	
771.717	289.34	
771.899	304.29	
772.081	381.91	
772.263	310.64	
772.445	251.87	
772.627	195.34	
772.809	204.97	
772.991	139.43	
773.173	186.74	
773.355	193.29	
773.537	232.62	
773.719	189.2	
773.901	242.45	
774.083	184.9	
774.265	143.94	
774.447	131.86	
774.629	167.69	
774.811	160.32	
774.992	211.11	
775.174	213.77	
775.356	258.42	
775.538	229.95	
775.72	163.19	
775.901	138.61	
776.083	152.33	
776.265	101.34	
776.447	153.77	
776.628	207.43	
776.81	200.87	
776.992	259.65	
777.173	287.3	
777.355	255.96	
777.537	256.78	
777.718	262.93	
777.9	253.09	
778.081	263.74	
778.263	283	
778.444	241.42	
778.626	199.85	
778.807	124.89	
778.989	84.96	
779.17	32.73	
779.352	-35.46	
779.533	-49.19	
779.715	9.18	
779.896	-48.16	
780.078	28.43	
780.259	107.28	
780.44	132.88	
780.622	99.09	
780.803	244.7	
780.984	193.09	
781.166	159.3	
781.347	170.77	
781.528	182.03	
781.709	99.29	
781.891	128.99	
782.072	165.65	
782.253	184.9	
782.434	172.2	
782.615	175.68	
782.796	156.43	
782.978	200.26	
783.159	210.91	
783.34	272.55	
783.521	263.33	
783.702	280.33	
783.883	240.19	
784.064	247.57	
784.245	168.92	
784.426	233.84	
784.607	193.29	
784.788	205.17	
784.969	143.53	
785.15	185.92	
785.331	65.09	
785.512	119.98	
785.692	107.89	
785.873	143.73	
786.054	103.18	
786.235	149.67	
786.416	156.23	
786.597	144.14	
786.777	105.23	
786.958	115.88	
787.139	141.28	
787.32	117.11	
787.5	138	
787.681	125.51	
787.862	148.24	
788.042	144.35	
788.223	125.3	
788.404	53.83	
788.584	88.44	
788.765	109.12	
788.946	101.55	
789.126	113.42	
789.307	194.52	
789.487	243.67	
789.668	188.58	
789.848	174.45	
790.029	110.97	
790.209	56.08	
790.39	-11.5	
790.57	-27.07	
790.75	50.14	
790.931	83.32	
791.111	71.85	
791.292	125.92	
791.472	156.43	
791.652	121.82	
791.833	140.66	
792.013	150.29	
792.193	83.32	
792.373	116.5	
792.554	90.69	
792.734	96.63	
792.914	76.36	
793.094	144.35	
793.275	144.35	
793.455	131.86	
793.635	135.95	
793.815	187.15	
793.995	141.89	
794.175	117.93	
794.355	176.5	
794.535	206.4	
794.715	178.96	
794.896	173.84	
795.076	133.29	
795.256	138.41	
795.436	67.34	
795.616	109.53	
795.795	139.84	
795.975	165.65	
796.155	165.03	
796.335	186.13	
796.515	193.09	
796.695	211.32	
796.875	267.23	
797.055	227.29	
797.234	246.34	
797.414	243.06	
797.594	203.94	
797.774	155	
797.954	106.67	
798.133	113.42	
798.313	57.72	
798.493	90.49	
798.672	64.68	
798.852	105.23	
799.032	52.39	
799.211	52.39	
799.391	20.86	
799.571	19.22	
799.75	-0.03	
799.93	68.16	
800.109	84.55	
800.289	98.06	
800.468	91.92	
800.648	90.69	
800.827	42.77	
801.007	32.73	
801.186	-9.25	
801.366	15.94	
801.545	30.28	
801.725	105.85	
801.904	54.85	
802.083	90.9	
802.263	85.78	
802.442	141.69	
802.621	56.49	
802.801	166.88	
802.98	190.22	
803.159	160.73	
803.338	82.91	
803.518	149.67	
803.697	52.39	
803.876	61.61	
804.055	98.47	
804.235	131.24	
804.414	60.18	
804.593	113.83	
804.772	69.19	
804.951	63.45	
805.13	3.45	
805.309	39.49	
805.488	39.29	
805.667	61.61	
805.846	83.52	
806.025	142.3	
806.204	181.62	
806.383	152.33	
806.562	126.74	
806.741	116.29	
806.92	130.83	
807.099	75.95	
807.278	38.88	
807.457	33.76	
807.636	57.72	
807.814	49.32	
807.993	49.53	
808.172	94.17	
808.351	114.45	
808.53	99.09	
808.708	74.1	
808.887	78.2	
809.066	159.09	
809.244	147.62	
809.423	107.69	
809.602	98.68	
809.78	136.77	
809.959	69.8	
810.138	93.35	
810.316	113.22	
810.495	138.41	
810.673	57.1	
810.852	66.52	
811.03	88.03	
811.209	113.42	
811.388	114.24	
811.566	157.45	
811.744	156.23	
811.923	121	
812.101	89.26	
812.28	168.72	
812.458	193.5	
812.637	152.54	
812.815	178.75	
812.993	221.76	
813.172	196.78	
813.35	108.92	
813.528	166.88	
813.706	140.25	
813.885	104.21	
814.063	9.18	
814.241	105.85	
814.419	108.71	
814.598	164.21	
814.776	164.21	
814.954	174.66	
815.132	136.77	
815.31	128.37	
815.488	14.71	
815.666	-21.74	
815.844	-35.67	
816.022	-49.59	
816.201	-90.35	
816.379	2.63	
816.557	58.13	
816.735	87.21	
816.913	74.72	
817.09	112.81	
817.268	37.24	
817.446	2.22	
817.624	-11.09	
817.802	90.49	
817.98	37.65	
818.158	65.5	
818.336	25.77	
818.514	42.36	
818.691	-0.03	
818.869	66.52	
819.047	120.18	
819.225	152.95	
819.402	127.14	
819.58	152.74	
819.758	155.82	
819.935	96.02	
820.113	93.56	
820.291	108.51	
820.468	35.19	
820.646	26.38	
820.824	68.98	
821.001	163.19	
821.179	205.38	
821.356	235.69	
821.534	202.51	
821.711	152.95	
821.889	160.12	
822.066	126.53	
822.244	101.75	
822.421	148.85	
822.599	184.08	
822.776	76.97	
822.953	23.11	
823.131	0.38	
823.308	-48.37	
823.486	-51.03	
823.663	-43.66	
823.84	16.14	
824.017	-21.95	
824.195	-17.24	
824.372	-7.41	
824.549	10	
824.726	4.27	
824.904	26.18	
825.081	39.7	
825.258	-19.69	
825.435	-44.27	
825.612	-15.39	
825.789	-43.45	
825.967	-19.9	
826.144	57.72	
826.321	115.47	
826.498	87	
826.675	136.97	
826.852	52.39	
827.029	41.33	
827.206	27.82	
827.383	-13.35	
827.56	33.14	
827.737	75.74	
827.914	79.43	
828.09	49.32	
828.267	79.63	
828.444	63.45	
828.621	40.31	
828.798	75.33	
828.975	41.95	
829.151	34.58	
829.328	16.35	
829.505	95.81	
829.682	16.55	
829.858	42.97	
830.035	88.44	
830.212	70.62	
830.389	22.49	
830.565	-16.01	
830.742	48.09	
830.918	32.12	
831.095	48.3	
831.272	48.91	
831.448	85.37	
831.625	89.05	
831.801	93.35	
831.978	89.46	
832.154	42.56	
832.331	85.57	
832.507	6.52	
832.684	28.84	
832.86	68.16	
833.037	205.38	
833.213	154.38	
833.389	193.09	
833.566	102.57	
833.742	42.56	
833.918	-71.71	
834.095	-114.31	
834.271	-165.31	
834.447	-70.07	
834.624	-40.58	
834.8	-31.37	
834.976	43.18	
835.152	75.13	
835.328	40.31	
835.505	63.25	
835.681	75.13	
835.857	0.17	
836.033	37.24	
836.209	111.17	
836.385	97.45	
836.561	101.14	
836.737	172.2	
836.913	114.45	
837.089	76.76	
837.265	99.7	
837.441	152.95	
837.617	133.08	
837.793	146.81	
837.969	134.31	
838.145	99.7	
838.321	47.89	
838.497	46.05	
838.673	96.22	
838.849	20.65	
839.025	80.86	
839.2	95.2	
839.376	138.61	
839.552	87.82	
839.728	142.71	
839.903	78.4	
840.079	103.39	
840.255	49.94	
840.431	146.81	
840.606	81.27	
840.782	157.45	
840.958	69.19	
841.133	79.43	
841.309	12.66	
841.484	86.19	
841.66	-4.74	
841.835	9.59	
842.011	-3.31	
842.186	32.53	
842.362	-19.49	
842.537	17.17	
842.713	17.78	
842.888	24.13	
843.064	-47.75	
843.239	-23.18	
843.415	-21.54	
843.59	46.05	
843.765	61.61	
843.941	98.68	
844.116	155.61	
844.291	101.34	
844.467	63.25	
844.642	78.4	
844.817	105.64	
844.992	35.81	
845.168	48.91	
845.343	76.56	
845.518	66.32	
845.693	81.07	
845.868	86.59	
846.043	71.85	
846.219	22.49	
846.394	65.5	
846.569	21.47	
846.744	0.99	
846.919	18.6	
847.094	130.63	
847.269	92.33	
847.444	71.24	
847.619	105.23	
847.794	210.91	
847.969	157.45	
848.144	170.97	
848.319	178.55	
848.494	191.04	
848.668	151.52	
848.843	173.22	
849.018	145.78	
849.193	141.28	
849.368	138.41	
849.542	151.93	
849.717	127.35	
849.892	127.96	
850.067	155.41	
850.241	191.45	
850.416	134.72	
850.591	150.9	
850.765	131.24	
850.94	166.47	
851.115	92.53	
851.289	121	
851.464	59.77	
851.639	76.76	
851.813	15.94	
851.988	87.62	
852.162	32.12	
852.337	49.12	
852.511	74.31	
852.686	143.12	
852.86	106.05	
853.035	144.76	
853.209	121.82	
853.383	157.45	
853.558	63.45	
853.732	87	
853.906	31.09	
854.081	57.31	
854.255	-10.89	
854.429	33.55	
854.604	13.69	
854.778	95.2	
854.952	104.82	
855.126	143.73	
855.301	134.11	
855.475	104.21	
855.649	61.81	
855.823	32.32	
855.997	21.06	
856.171	27.61	
856.345	24.13	
856.52	42.15	
856.694	69.6	
856.868	97.65	
857.042	96.02	
857.216	173.63	
857.39	169.74	
857.564	135.75	
857.738	76.36	
857.912	66.52	
858.085	30.48	
858.259	27.2	
858.433	64.68	
858.607	53.83	
858.781	59.97	
858.955	20.04	
859.129	6.72	
859.302	3.65	
859.476	-11.5	
859.65	64.68	
859.824	40.93	
859.997	53.01	
860.171	83.11	
860.345	156.02	
860.519	107.89	
860.692	161.76	
860.866	182.24	
861.039	179.16	
861.213	169.33	
861.387	142.09	
861.56	114.65	
861.734	141.69	
861.907	113.42	
862.081	82.7	
862.254	127.96	
862.428	167.9	
862.601	119.57	
862.775	115.88	
862.948	224.42	
863.122	187.76	
863.295	149.47	
863.468	143.53	
863.642	104.21	
863.815	35.81	
863.988	33.35	
864.162	51.37	
864.335	20.86	
864.508	73.69	
864.682	84.14	
864.855	78.4	
865.028	55.67	
865.201	126.12	
865.374	71.44	
865.548	109.74	
865.721	122.43	
865.894	208.45	
866.067	169.95	
866.24	219.3	
866.413	192.07	
866.586	190.43	
866.759	67.75	
866.932	63.86	
867.105	29.66	
867.278	-66.8	
867.451	-100.59	
867.624	-27.89	
867.797	6.72	
867.97	8.98	
868.143	52.19	
868.316	115.47	
868.489	43.18	
868.661	20.86	
868.834	34.58	
869.007	71.24	
869.18	26.38	
869.353	76.15	
869.525	105.23	
869.698	98.27	
869.871	79.43	
870.044	85.57	
870.216	106.26	
870.389	63.04	
870.562	75.13	
870.734	112.6	
870.907	93.76	
871.079	87	
871.252	84.34	
871.425	138.41	
871.597	65.09	
871.77	166.06	
871.942	140.87	
872.115	131.86	
872.287	106.26	
872.459	121.21	
872.632	64.07	
872.804	84.75	
872.977	42.77	
873.149	24.34	
873.321	14.92	
873.494	1.19	
873.666	26.18	
873.838	60.79	
874.011	24.95	
874.183	72.87	
874.355	51.98	
874.528	29.46	
874.7	43.18	
874.872	132.67	
875.044	139.84	
875.216	164.42	
875.388	212.55	
875.561	237.12	
875.733	139.84	
875.905	91.31	
876.077	13.28	
876.249	38.06	
876.421	9.39	
876.593	-4.54	
876.765	41.54	
876.937	137.38	
877.109	52.8	
877.281	60.79	
877.453	84.96	
877.625	43.59	
877.797	-12.53	
877.968	-29.73	
878.14	-48.98	
878.312	0.38	
878.484	-24	
878.656	14.51	
878.828	8.36	
878.999	88.64	
879.171	12.87	
879.343	9.39	
879.515	-14.78	
879.686	-18.47	
879.858	-73.35	
880.03	-7.82	
880.201	5.9	
880.373	-23.79	
880.545	3.04	
880.716	54.44	
880.888	99.91	
881.059	141.28	
881.231	184.69	
881.402	219.71	
881.574	183.87	
881.745	148.03	
881.917	166.06	
882.088	172	
882.26	133.29	
882.431	157.45	
882.602	72.26	
882.774	54.24	
882.945	11.64	
883.116	-27.89	
883.288	-83.39	
883.459	-43.86	
883.63	-55.94	
883.802	-27.27	
883.973	8.98	
884.144	47.89	
884.315	72.05	
884.487	121.41	
884.658	164.42	
884.829	211.93	
885	186.74	
885.171	191.25	
885.342	85.37	
885.513	51.78	
885.684	31.91	
885.855	54.03	
886.026	19.22	
886.197	101.95	
886.368	60.79	
886.539	81.27	
886.71	49.73	
886.881	75.54	
887.052	86.19	
887.223	128.58	
887.394	73.49	
887.565	139.64	
887.736	83.93	
887.907	84.14	
888.077	48.5	
888.248	32.32	
888.419	-3.52	
888.59	13.69	
888.761	19.42	
888.931	51.17	
889.102	125.92	
889.273	96.63	
889.443	88.64	
889.614	33.76	
889.785	38.26	
889.955	6.31	
890.126	-0.65	
890.296	74.1	
890.467	95.81	
890.637	175.89	
890.808	180.6	
890.978	222.58	
891.149	188.58	
891.319	272.76	
891.49	213.77	
891.66	222.99	
891.831	197.19	
892.001	206.4	
892.172	61.61	
892.342	77.38	
892.512	49.12	
892.683	109.33	
892.853	89.26	
893.023	158.48	
893.193	103.59	
893.364	116.9	
893.534	76.56	
893.704	135.34	
893.874	153.97	
894.044	162.57	
894.215	146.19	
894.385	176.5	
894.555	133.08	
894.725	165.24	
894.895	111.78	
895.065	154.59	
895.235	123.87	
895.405	186.33	
895.575	110.35	
895.745	186.54	
895.915	184.49	
