177.618	-154.19	
177.836	-161.87	
178.054	-158.7	
178.271	-123.48	
178.489	-73.91	
178.706	-53.03	
178.924	-16.16	
179.142	4.73	
179.359	-3.46	
179.577	-28.24	
179.794	-13.7	
180.012	-17.19	
180.229	-14.73	
180.447	0.22	
180.664	5.14	
180.882	-7.15	
181.1	5.75	
181.317	-4.08	
181.535	-15.75	
181.752	-9.81	
181.969	-0.39	
182.187	2.47	
182.404	8.82	
182.622	11.28	
182.839	10.05	
183.057	15.17	
183.274	0.22	
183.492	15.38	
183.709	19.06	
183.926	2.27	
184.144	-19.03	
184.361	-13.91	
184.579	-19.44	
184.796	-33.77	
185.013	-16.57	
185.231	-4.08	
185.448	4.32	
185.666	0.43	
185.883	-4.28	
186.1	-7.56	
186.317	-13.29	
186.535	-30.29	
186.752	-23.53	
186.969	-7.36	
187.187	9.85	
187.404	10.46	
187.621	29.1	
187.839	31.97	
188.056	28.69	
188.273	8	
188.49	15.38	
188.708	15.79	
188.925	27.87	
189.142	23.98	
189.359	31.76	
189.576	27.87	
189.794	22.54	
190.011	4.93	
190.228	17.63	
190.445	18.86	
190.662	41.39	
190.879	32.58	
191.097	43.02	
191.314	38.31	
191.531	37.49	
191.748	6.16	
191.965	15.58	
192.182	-3.46	
192.399	-9.4	
192.616	-0.6	
192.834	19.27	
193.051	4.93	
193.268	19.88	
193.485	23.16	
193.702	7.59	
193.919	-2.03	
194.136	4.11	
194.353	8.41	
194.57	21.52	
194.787	21.32	
195.004	36.88	
195.221	38.93	
195.438	46.51	
195.655	38.52	
195.872	64.73	
196.089	33.4	
196.306	42.61	
196.523	36.68	
196.74	39.95	
196.957	7.59	
197.173	32.78	
197.39	26.03	
197.607	32.78	
197.824	39.75	
198.041	60.02	
198.258	52.04	
198.475	60.23	
198.692	47.12	
198.909	25.62	
199.125	13.33	
199.342	29.71	
199.559	17.42	
199.776	30.33	
199.993	37.9	
200.21	42.82	
200.426	10.67	
200.643	13.74	
200.86	4.11	
201.077	16.2	
201.293	6.57	
201.51	22.14	
201.727	18.45	
201.944	1.25	
202.16	-16.16	
202.377	-3.87	
202.594	-14.11	
202.811	-9.4	
203.027	4.32	
203.244	5.96	
203.461	-5.1	
203.677	30.53	
203.894	35.45	
204.111	30.94	
204.327	25	
204.544	41.8	
204.761	33.19	
204.977	27.46	
205.194	17.22	
205.41	34.01	
205.627	22.34	
205.844	18.45	
206.06	17.02	
206.277	30.94	
206.493	27.66	
206.71	28.89	
206.926	8.21	
207.143	11.69	
207.36	-15.96	
207.576	-1.83	
207.793	-1.21	
208.009	10.05	
208.226	12.3	
208.442	32.78	
208.659	26.85	
208.875	30.94	
209.092	26.44	
209.308	19.68	
209.524	18.04	
209.741	30.33	
209.957	35.24	
210.174	32.58	
210.39	22.14	
210.607	17.83	
210.823	-8.38	
211.039	-30.29	
211.256	-7.56	
211.472	3.09	
211.688	12.3	
211.905	12.3	
212.121	20.29	
212.338	4.93	
212.554	6.98	
212.77	13.33	
212.987	10.46	
213.203	15.38	
213.419	28.89	
213.635	17.42	
213.852	14.56	
214.068	19.68	
214.284	18.86	
214.501	21.11	
214.717	18.45	
214.933	19.06	
215.149	11.69	
215.365	-1.62	
215.582	-22.1	
215.798	-3.26	
216.014	-1.83	
216.23	19.68	
216.447	25.62	
216.663	20.7	
216.879	3.5	
217.095	18.04	
217.311	3.5	
217.527	5.55	
217.743	17.42	
217.96	26.03	
218.176	2.47	
218.392	4.11	
218.608	6.78	
218.824	8	
219.04	-2.44	
219.256	3.91	
219.472	5.34	
219.688	9.44	
219.904	16.81	
220.12	41.59	
220.336	42.21	
220.552	41.39	
220.768	50.4	
220.984	52.65	
221.2	31.35	
221.416	35.24	
221.632	23.98	
221.848	9.03	
222.064	-3.46	
222.28	10.46	
222.496	-8.38	
222.712	2.88	
222.928	-7.15	
223.144	-5.72	
223.36	-11.86	
223.576	-2.65	
223.792	-8.79	
224.008	22.54	
224.224	38.31	
224.439	56.34	
224.655	61.87	
224.871	72.31	
225.087	53.06	
225.303	29.51	
225.519	19.06	
225.734	26.44	
225.95	37.09	
226.166	44.66	
226.382	40.57	
226.598	33.81	
226.813	37.09	
227.029	25.41	
227.245	23.98	
227.461	34.22	
227.677	39.95	
227.892	26.44	
228.108	17.22	
228.324	31.56	
228.539	17.63	
228.755	26.23	
228.971	37.29	
229.186	66.78	
229.402	48.35	
229.618	58.79	
229.833	39.34	
230.049	40.36	
230.265	5.75	
230.48	17.42	
230.696	23.77	
230.912	33.19	
231.127	28.07	
231.343	38.31	
231.558	22.75	
231.774	35.65	
231.99	52.85	
232.205	42.82	
232.421	37.09	
232.636	35.65	
232.852	13.74	
233.067	-7.56	
233.283	0.22	
233.498	18.86	
233.714	18.24	
233.929	26.03	
234.145	21.93	
234.36	25.82	
234.576	23.16	
234.791	48.35	
235.007	55.31	
235.222	71.29	
235.438	63.5	
235.653	74.77	
235.868	59	
236.084	72.52	
236.299	92.18	
236.515	91.77	
236.73	72.72	
236.945	66.78	
237.161	39.95	
237.376	9.64	
237.592	16.61	
237.807	12.92	
238.022	5.34	
238.238	9.44	
238.453	-4.08	
238.668	4.32	
238.883	-7.77	
239.099	5.34	
239.314	-9.4	
239.529	-4.49	
239.745	-0.39	
239.96	28.48	
240.175	13.33	
240.39	50.4	
240.605	60.84	
240.821	37.7	
241.036	20.7	
241.251	54.9	
241.466	40.36	
241.681	35.24	
241.897	51.63	
242.112	75.59	
242.327	51.22	
242.542	46.92	
242.757	46.92	
242.972	31.97	
243.188	-2.65	
243.403	5.96	
243.618	11.28	
243.833	9.64	
244.048	12.3	
244.263	35.86	
244.478	29.1	
244.693	15.99	
244.908	21.52	
245.123	23.77	
245.338	14.97	
245.553	18.45	
245.768	21.11	
245.983	21.73	
246.198	13.53	
246.413	20.09	
246.628	11.08	
246.843	-3.46	
247.058	-8.99	
247.273	-1.83	
247.488	-8.58	
247.703	16.4	
247.918	20.09	
248.133	28.89	
248.348	22.14	
248.563	25.82	
248.778	14.97	
248.993	36.27	
249.207	45.28	
249.422	49.37	
249.637	34.83	
249.852	19.06	
250.067	7.18	
250.282	6.57	
250.496	-2.44	
250.711	19.47	
250.926	21.52	
251.141	35.65	
251.356	32.37	
251.57	46.3	
251.785	26.85	
252	25.21	
252.215	17.02	
252.43	23.77	
252.644	24.18	
252.859	38.52	
253.074	35.65	
253.288	24.8	
253.503	-2.44	
253.718	4.52	
253.932	17.02	
254.147	38.52	
254.362	53.26	
254.576	68.21	
254.791	57.97	
255.006	33.6	
255.22	39.95	
255.435	34.42	
255.65	39.13	
255.864	47.33	
256.079	52.85	
256.293	47.33	
256.508	43.84	
256.723	74.36	
256.937	56.13	
257.152	53.26	
257.366	38.11	
257.581	37.09	
257.795	-7.56	
258.01	21.52	
258.224	34.42	
258.439	26.23	
258.653	17.83	
258.868	35.86	
259.082	15.38	
259.297	-5.1	
259.511	2.07	
259.726	8.41	
259.94	-11.04	
260.154	-14.32	
260.369	-8.17	
260.583	-5.72	
260.798	-17.19	
261.012	-3.67	
261.226	3.09	
261.441	6.78	
261.655	7.8	
261.869	27.26	
262.084	21.11	
262.298	26.85	
262.512	20.7	
262.727	21.11	
262.941	22.95	
263.155	22.75	
263.37	15.38	
263.584	40.36	
263.798	38.52	
264.012	52.04	
264.227	55.11	
264.441	61.87	
264.655	34.22	
264.869	46.71	
265.084	16.81	
265.298	23.77	
265.512	3.29	
265.726	19.27	
265.94	7.8	
266.155	21.52	
266.369	17.02	
266.583	41.39	
266.797	41.18	
267.011	69.65	
267.225	74.97	
267.439	67.8	
267.654	58.79	
267.868	58.18	
268.082	25.21	
268.296	1.66	
268.51	3.5	
268.724	-1.21	
268.938	-20.05	
269.152	3.09	
269.366	17.02	
269.58	29.3	
269.794	19.27	
270.008	50.81	
270.222	30.33	
270.436	30.94	
270.65	13.12	
270.864	26.44	
271.078	-1.01	
271.292	25.41	
271.506	43.43	
271.72	48.55	
271.934	56.95	
272.148	64.73	
272.362	51.63	
272.575	37.49	
272.789	52.04	
273.003	50.6	
273.217	53.47	
273.431	18.65	
273.645	13.74	
273.859	14.97	
274.073	24.18	
274.286	15.99	
274.5	35.04	
274.714	30.12	
274.928	34.01	
275.142	22.95	
275.355	25.82	
275.569	44.46	
275.783	55.93	
275.997	39.75	
276.21	38.31	
276.424	52.04	
276.638	31.15	
276.852	33.6	
277.065	32.58	
277.279	44.66	
277.493	31.76	
277.706	43.43	
277.92	39.34	
278.134	26.44	
278.347	3.7	
278.561	3.91	
278.775	-4.9	
278.988	0.22	
279.202	26.85	
279.415	46.51	
279.629	54.29	
279.843	68.01	
280.056	78.45	
280.27	63.5	
280.483	46.51	
280.697	44.05	
280.91	47.53	
281.124	55.52	
281.337	65.96	
281.551	77.84	
281.764	66.17	
281.978	54.7	
282.191	23.36	
282.405	16.4	
282.618	-5.92	
282.832	10.46	
283.045	12.1	
283.259	34.83	
283.472	35.24	
283.686	53.88	
283.899	31.56	
284.112	35.65	
284.326	27.46	
284.539	26.85	
284.752	32.58	
284.966	46.71	
285.179	51.22	
285.393	52.04	
285.606	58.18	
285.819	70.26	
286.033	58.59	
286.246	69.24	
286.459	44.66	
286.672	42	
286.886	22.95	
287.099	37.09	
287.312	-0.39	
287.525	17.42	
287.739	7.39	
287.952	15.38	
288.165	19.27	
288.378	41.39	
288.592	44.05	
288.805	45.28	
289.018	48.76	
289.231	40.57	
289.444	45.48	
289.657	30.12	
289.871	36.47	
290.084	20.91	
290.297	39.34	
290.51	22.75	
290.723	30.74	
290.936	35.86	
291.149	34.63	
291.362	27.87	
291.575	29.51	
291.789	36.27	
292.002	29.51	
292.215	40.36	
292.428	28.69	
292.641	47.33	
292.854	40.98	
293.067	38.11	
293.28	25.41	
293.493	25.82	
293.706	5.75	
293.919	16.81	
294.132	5.75	
294.345	20.91	
294.558	6.78	
294.77	13.74	
294.983	11.9	
295.196	38.72	
295.409	46.51	
295.622	71.08	
295.835	88.49	
296.048	83.78	
296.261	76.41	
296.474	62.28	
296.686	45.28	
296.899	40.57	
297.112	53.26	
297.325	54.7	
297.538	46.71	
297.751	63.09	
297.963	57.16	
298.176	49.78	
298.389	41.8	
298.602	43.43	
298.814	89.31	
299.027	83.16	
299.24	78.86	
299.453	86.44	
299.665	88.69	
299.878	32.99	
300.091	21.73	
300.303	23.77	
300.516	-1.62	
300.729	-0.6	
300.941	8.41	
301.154	14.97	
301.367	1.86	
301.579	28.89	
301.792	31.97	
302.005	14.76	
302.217	16.61	
302.43	35.45	
302.642	23.16	
302.855	12.51	
303.067	22.14	
303.28	23.36	
303.493	5.96	
303.705	17.63	
303.918	27.05	
304.13	38.52	
304.343	38.93	
304.555	52.04	
304.768	35.86	
304.98	48.14	
305.193	32.37	
305.405	48.14	
305.617	41.8	
305.83	53.47	
306.042	44.05	
306.255	49.78	
306.467	28.69	
306.68	18.04	
306.892	3.29	
307.104	14.76	
307.317	2.07	
307.529	21.73	
307.741	40.98	
307.954	57.97	
308.166	53.47	
308.378	81.32	
308.591	76.82	
308.803	79.07	
309.015	90.13	
309.228	84.6	
309.44	56.75	
309.652	49.78	
309.864	38.72	
310.077	11.69	
310.289	8.62	
310.501	29.1	
310.713	25.41	
310.926	34.22	
311.138	36.68	
311.35	42.21	
311.562	9.44	
311.774	11.69	
311.986	9.23	
312.199	28.28	
312.411	3.7	
312.623	32.37	
312.835	35.86	
313.047	30.12	
313.259	24.39	
313.471	38.52	
313.683	33.6	
313.895	30.74	
314.108	25.82	
314.32	14.35	
314.532	4.11	
314.744	6.37	
314.956	23.98	
315.168	23.16	
315.38	32.78	
315.592	62.89	
315.804	61.66	
316.016	64.73	
316.228	82.55	
316.44	86.65	
316.651	72.72	
316.863	72.92	
317.075	46.92	
317.287	21.73	
317.499	17.22	
317.711	25	
317.923	28.28	
318.135	26.64	
318.347	40.77	
318.559	53.88	
318.77	51.22	
318.982	49.17	
319.194	57.16	
319.406	56.54	
319.618	34.22	
319.83	23.98	
320.041	11.49	
320.253	10.87	
320.465	6.98	
320.677	9.85	
320.888	0.43	
321.1	20.29	
321.312	37.9	
321.524	39.75	
321.735	39.13	
321.947	38.31	
322.159	24.8	
322.37	4.52	
322.582	5.14	
322.794	13.94	
323.005	42.61	
323.217	40.36	
323.429	36.68	
323.64	48.35	
323.852	39.13	
324.063	21.93	
324.275	30.94	
324.487	45.07	
324.698	23.16	
324.91	24.8	
325.121	15.38	
325.333	14.56	
325.544	6.37	
325.756	33.4	
325.967	38.72	
326.179	65.96	
326.39	67.8	
326.602	80.71	
326.813	58.38	
327.025	53.06	
327.236	31.56	
327.448	17.42	
327.659	-6.33	
327.871	1.04	
328.082	5.34	
328.293	14.15	
328.505	13.53	
328.716	20.91	
328.928	8.62	
329.139	12.3	
329.35	6.37	
329.562	28.48	
329.773	35.86	
329.984	45.28	
330.196	31.15	
330.407	35.65	
330.618	19.68	
330.83	9.64	
331.041	6.16	
331.252	26.23	
331.463	22.34	
331.675	31.76	
331.886	47.12	
332.097	59.61	
332.308	47.94	
332.52	51.63	
332.731	51.83	
332.942	44.25	
333.153	54.9	
333.364	49.99	
333.575	44.25	
333.787	57.97	
333.998	51.01	
334.209	40.36	
334.42	36.68	
334.631	29.71	
334.842	15.99	
335.053	36.06	
335.264	26.85	
335.475	31.76	
335.686	30.53	
335.898	37.9	
336.109	3.91	
336.32	5.34	
336.531	7.39	
336.742	19.47	
336.953	0.84	
337.164	13.33	
337.375	3.09	
337.586	6.16	
337.797	-7.77	
338.007	3.29	
338.218	1.86	
338.429	22.14	
338.64	24.18	
338.851	25.82	
339.062	0.84	
339.273	7.18	
339.484	-11.66	
339.695	-22.51	
339.906	-12.48	
340.116	16.81	
340.327	22.34	
340.538	30.12	
340.749	19.47	
340.96	22.95	
341.171	12.3	
341.381	4.32	
341.592	8.82	
341.803	22.14	
342.014	27.66	
342.224	39.13	
342.435	43.64	
342.646	36.88	
342.857	38.93	
343.067	18.86	
343.278	21.73	
343.489	32.37	
343.699	40.16	
343.91	43.64	
344.121	58.18	
344.331	37.9	
344.542	26.44	
344.753	44.87	
344.963	51.22	
345.174	58.38	
345.384	74.15	
345.595	78.86	
345.806	56.13	
346.016	43.43	
346.227	40.36	
346.437	47.73	
346.648	36.06	
346.858	47.12	
347.069	37.09	
347.279	42	
347.49	24.18	
347.7	37.9	
347.911	20.09	
348.121	39.75	
348.332	26.23	
348.542	19.68	
348.753	10.46	
348.963	41.39	
349.173	39.13	
349.384	53.26	
349.594	72.11	
349.805	91.77	
350.015	56.13	
350.225	54.9	
350.436	54.9	
350.646	57.16	
350.856	37.29	
351.067	49.37	
351.277	46.1	
351.487	40.36	
351.698	33.19	
351.908	35.45	
352.118	36.68	
352.328	40.98	
352.539	56.54	
352.749	51.22	
352.959	40.36	
353.169	32.37	
353.38	33.6	
353.59	11.69	
353.8	7.8	
354.01	24.18	
354.22	31.56	
354.431	44.25	
354.641	42.21	
354.851	60.02	
355.061	57.56	
355.271	80.3	
355.481	58.18	
355.691	53.67	
355.901	39.95	
356.111	36.88	
356.321	16.61	
356.532	16.2	
356.742	16.81	
356.952	6.78	
357.162	11.9	
357.372	14.56	
357.582	12.92	
357.792	10.05	
358.002	12.71	
358.212	17.02	
358.422	26.44	
358.632	29.1	
358.842	33.4	
359.051	56.13	
359.261	43.43	
359.471	25.21	
359.681	36.27	
359.891	41.8	
360.101	10.05	
360.311	11.28	
360.521	20.29	
360.731	17.42	
360.94	14.35	
361.15	41.39	
361.36	42.61	
361.57	42.61	
361.78	37.09	
361.989	40.36	
362.199	32.37	
362.409	35.86	
362.619	28.07	
362.828	62.68	
363.038	63.91	
363.248	71.7	
363.458	76.82	
363.667	80.71	
363.877	50.4	
364.087	50.6	
364.296	35.86	
364.506	36.06	
364.716	28.89	
364.925	31.35	
365.135	22.34	
365.345	20.7	
365.554	18.45	
365.764	50.19	
365.973	43.43	
366.183	53.47	
366.393	73.74	
366.602	88.49	
366.812	60.64	
367.021	74.97	
367.231	56.95	
367.44	47.94	
367.65	30.94	
367.859	39.54	
368.069	19.47	
368.278	39.13	
368.488	47.12	
368.697	31.97	
368.907	22.95	
369.116	73.13	
369.326	68.42	
369.535	57.56	
369.744	71.08	
369.954	77.84	
370.163	44.66	
370.373	59.2	
370.582	56.54	
370.791	52.65	
371.001	53.67	
371.21	48.96	
371.419	38.52	
371.629	47.12	
371.838	64.94	
372.047	82.76	
372.256	81.94	
372.466	73.54	
372.675	66.78	
372.884	61.46	
373.093	36.88	
373.303	57.36	
373.512	86.24	
373.721	94.84	
373.93	94.84	
374.139	139.07	
374.349	134.98	
374.558	156.48	
374.767	160.37	
374.976	170.41	
375.185	165.9	
375.394	166.11	
375.603	153.21	
375.813	162.63	
376.022	178.19	
376.231	160.78	
376.44	179.21	
376.649	196.83	
376.858	225.09	
377.067	230	
377.276	264	
377.485	285.5	
377.694	288.58	
377.903	301.48	
378.112	321.34	
378.321	343.87	
378.53	354.52	
378.739	365.17	
378.948	385.04	
379.157	397.53	
379.366	409.2	
379.575	431.73	
379.784	461.01	
379.992	482.11	
380.201	545.19	
380.41	575.5	
380.619	595.57	
380.828	635.91	
381.037	670.32	
381.246	684.86	
381.454	707.39	
381.663	777.63	
381.872	814.29	
382.081	882.49	
382.29	938.19	
382.498	1019.7	
382.707	1083.8	
382.916	1153.23	
383.125	1187.22	
383.333	1240.27	
383.542	1295.77	
383.751	1333.04	
383.959	1419.87	
384.168	1496.06	
384.377	1589.65	
384.585	1672.39	
384.794	1751.24	
385.003	1833.77	
385.211	1931.87	
385.42	2022.59	
385.628	2119.05	
385.837	2229.03	
386.046	2324.46	
386.254	2439.15	
386.463	2545.23	
386.671	2666.06	
386.88	2782.59	
387.088	2890.52	
387.297	3025.69	
387.505	3147.95	
387.714	3276.77	
387.922	3418.49	
388.131	3589.29	
388.339	3744.11	
388.548	3911.64	
388.756	4057.86	
388.965	4222.93	
389.173	4358.5	
389.381	4530.53	
389.59	4703.18	
389.798	4902.44	
390.007	5124.03	
390.215	5322.69	
390.423	5518.06	
390.632	5728.39	
390.84	5969.44	
391.048	6148.02	
391.257	6411.39	
391.465	6639.53	
391.673	6889.18	
391.882	7083.53	
392.09	7326.01	
392.298	7571.36	
392.506	7818.96	
392.715	8079.46	
392.923	8390.14	
393.131	8707.37	
393.339	9005.14	
393.547	9321.96	
393.756	9629.98	
393.964	9908.91	
394.172	10250.1	
394.38	10563.85	
394.588	10907.91	
394.796	11267.74	
395.005	11644.15	
395.213	11989.44	
395.421	12405.18	
395.629	12796.14	
395.837	13195.08	
396.045	13614.5	
396.253	14030.04	
396.461	14512.95	
396.669	14965.96	
396.877	15476.11	
397.085	16011.86	
397.293	16595.32	
397.501	17088.06	
397.709	17654.53	
397.917	18153.62	
398.125	18747.12	
398.333	19319.94	
398.541	19887.84	
398.749	20565.1	
398.957	21222.3	
399.165	21860.45	
399.373	22546.51	
399.581	23252.45	
399.788	23887.73	
399.996	24600.42	
400.204	25433.33	
400.412	26187.19	
400.62	26966.85	
400.828	27860.17	
401.035	28802.24	
401.243	29486.47	
401.451	30336.58	
401.659	31077.53	
401.867	31878.7	
402.074	32692.77	
402.282	33574.83	
402.49	34328.89	
402.697	35265.22	
402.905	36079.08	
403.113	36808.77	
403.321	37513.89	
403.528	38245.22	
403.736	38868.01	
403.944	39526.43	
404.151	40336.81	
404.359	41025.95	
404.566	41737.01	
404.774	42430.45	
404.982	42957.6	
405.189	43370.47	
405.397	43943.69	
405.604	44323.8	
405.812	44667.24	
406.02	44778.65	
406.227	45004.74	
406.435	44967.88	
406.642	45001.26	
406.85	45172.68	
407.057	45287.98	
407.265	45171.65	
407.472	45187.01	
407.679	45063.93	
407.887	44602.52	
408.094	44318.47	
408.302	43800.33	
408.509	43281.17	
408.717	42831.24	
408.924	42301.02	
409.131	41635.43	
409.339	41106.64	
409.546	40385.14	
409.753	39497.55	
409.961	38751.68	
410.168	37936.79	
410.375	36999.64	
410.583	36001.26	
410.79	35099.95	
410.997	34049.96	
411.205	33142.91	
411.412	32251.02	
411.619	31553.48	
411.826	30642.75	
412.034	29836.26	
412.241	28910.17	
412.448	28105.32	
412.655	27136.42	
412.862	26335.87	
413.07	25496.2	
413.277	24747.88	
413.484	23969.03	
413.691	23251.22	
413.898	22563.51	
414.105	21926.8	
414.312	21335.76	
414.519	20740.41	
414.727	20261.8	
414.934	19799.37	
415.141	19381.17	
415.348	18904	
415.555	18429.89	
415.762	17916.47	
415.969	17407.96	
416.176	16979.52	
416.383	16604.74	
416.59	16279.12	
416.797	15888.16	
417.004	15543.28	
417.211	15196.76	
417.418	14854.14	
417.625	14492.06	
417.831	14226.03	
418.038	13947.91	
418.245	13674.92	
418.452	13406.84	
418.659	13178.49	
418.866	12916.97	
419.073	12633.94	
419.28	12318.96	
419.486	12071.97	
419.693	11827.45	
419.9	11633.91	
420.107	11463.52	
420.314	11262	
420.52	11012.15	
420.727	10741.61	
420.934	10444.04	
421.141	10145.86	
421.347	9878.19	
421.554	9618.92	
421.761	9358.62	
421.967	9131.09	
422.174	8890.66	
422.381	8650.23	
422.588	8459.36	
422.794	8235.92	
423.001	8059.59	
423.207	7836.77	
423.414	7624.2	
423.621	7375.16	
423.827	7153.98	
424.034	6874.23	
424.24	6667.79	
424.447	6456.65	
424.654	6271.72	
424.86	6089.24	
425.067	5932.98	
425.273	5780.82	
425.48	5649.75	
425.686	5488.37	
425.893	5322.89	
426.099	5129.15	
426.306	4973.71	
426.512	4791.65	
426.718	4671.23	
426.925	4521.52	
427.131	4432.03	
427.338	4332.7	
427.544	4234.6	
427.75	4093.91	
427.957	3984.34	
428.163	3906.52	
428.37	3805.35	
428.576	3716.67	
428.782	3622.67	
428.988	3543.62	
429.195	3431.59	
429.401	3343.33	
429.607	3247.89	
429.814	3200.58	
430.02	3147.54	
430.226	3058.45	
430.432	2971.01	
430.639	2910.18	
430.845	2819.46	
431.051	2743.68	
431.257	2696.99	
431.463	2674.05	
431.67	2614.45	
431.876	2574.93	
432.082	2523.32	
432.288	2480.31	
432.494	2381.6	
432.7	2339.62	
432.906	2241.93	
433.112	2185.4	
433.318	2157.35	
433.525	2141.78	
433.731	2075.43	
433.937	2078.3	
434.143	2062.94	
434.349	1989.41	
434.555	1931.25	
434.761	1903.4	
434.967	1843.39	
435.173	1780.93	
435.379	1739.56	
435.585	1716.21	
435.791	1669.52	
435.996	1651.09	
436.202	1625.49	
436.408	1592.72	
436.614	1545.62	
436.82	1508.14	
437.026	1442.81	
437.232	1404.51	
437.438	1346.56	
437.644	1302.12	
437.849	1284.71	
438.055	1264.02	
438.261	1206.27	
438.467	1175.14	
438.673	1138.69	
438.878	1077.25	
439.084	1034.24	
439.29	1028.71	
439.496	1000.25	
439.701	978.33	
439.907	955.39	
440.113	955.19	
440.318	924.27	
440.524	906.65	
440.73	877.78	
440.935	844.8	
441.141	799.54	
441.347	774.15	
441.552	753.26	
441.758	737.49	
441.964	714.14	
442.169	706.77	
442.375	674.41	
442.58	662.74	
442.786	658.85	
442.991	671.75	
443.197	636.94	
443.402	629.56	
443.608	614.2	
443.813	590.86	
444.019	556.86	
444.224	555.02	
444.43	533.51	
444.635	519.79	
444.841	501.36	
445.046	511.19	
445.252	494.4	
445.457	496.85	
445.662	467.57	
445.868	448.52	
446.073	419.85	
446.278	411.66	
446.484	391.18	
446.689	386.47	
446.894	372.54	
447.1	377.05	
447.305	371.72	
447.51	367.22	
447.716	360.87	
447.921	357.39	
448.126	336.29	
448.331	309.26	
448.537	315.4	
448.742	312.74	
448.947	283.66	
449.152	279.77	
449.357	302.91	
449.563	298.41	
449.768	296.77	
449.973	307.62	
450.178	300.04	
450.383	264.41	
450.588	235.94	
450.793	219.76	
450.999	225.09	
451.204	211.98	
451.409	223.45	
451.614	223.25	
451.819	223.45	
452.024	222.22	
452.229	221.2	
452.434	220.17	
452.639	203.59	
452.844	217.92	
453.049	190.48	
453.254	186.79	
453.459	171.02	
453.664	188.02	
453.869	174.09	
454.074	188.02	
454.279	196.62	
454.483	192.32	
454.688	183.31	
454.893	179.01	
455.098	172.46	
455.303	152.59	
455.508	168.16	
455.713	163.44	
455.917	145.83	
456.122	147.88	
456.327	137.44	
456.532	133.14	
456.737	120.03	
456.941	123.71	
457.146	116.96	
457.351	131.7	
457.555	117.16	
457.76	122.69	
457.965	124.33	
458.17	131.5	
458.374	132.73	
458.579	130.68	
458.784	107.74	
458.988	106.51	
459.193	98.73	
459.397	94.43	
459.602	91.15	
459.807	130.47	
460.011	119.21	
460.216	109.79	
460.42	103.64	
460.625	90.54	
460.829	81.12	
461.034	84.19	
461.239	73.13	
461.443	68.42	
461.648	74.56	
461.852	71.9	
462.056	78.25	
462.261	96.48	
462.465	120.03	
462.67	121.46	
462.874	91.56	
463.079	71.29	
463.283	67.19	
463.487	64.32	
463.692	65.35	
463.896	73.13	
464.1	84.8	
464.305	67.8	
464.509	55.31	
464.713	55.52	
464.918	74.97	
465.122	69.85	
465.326	66.37	
465.531	46.71	
465.735	40.98	
465.939	34.22	
466.143	32.58	
466.348	32.58	
466.552	31.97	
466.756	34.83	
466.96	47.33	
467.164	57.77	
467.368	60.43	
467.573	64.73	
467.777	64.12	
467.981	32.37	
468.185	20.7	
468.389	21.11	
468.593	11.9	
468.797	7.39	
469.001	27.05	
469.205	38.72	
469.409	48.55	
469.613	65.96	
469.817	57.56	
470.021	53.67	
470.225	49.78	
470.429	40.57	
470.633	36.27	
470.837	47.94	
471.041	52.65	
471.245	42.82	
471.449	48.14	
471.653	55.93	
471.857	60.02	
472.061	41.39	
472.265	46.92	
472.469	55.52	
472.673	28.69	
472.876	21.11	
473.08	17.42	
473.284	31.97	
473.488	29.71	
473.692	56.13	
473.895	52.65	
474.099	59.41	
474.303	46.1	
474.507	36.27	
474.71	31.56	
474.914	28.48	
475.118	40.36	
475.322	36.47	
475.525	29.92	
475.729	26.64	
475.933	24.39	
476.136	40.36	
476.34	53.88	
476.543	63.71	
476.747	61.66	
476.951	75.59	
477.154	42	
477.358	49.78	
477.561	43.23	
477.765	32.78	
477.969	24.18	
478.172	27.46	
478.376	9.23	
478.579	18.24	
478.783	23.77	
478.986	14.56	
479.19	30.74	
479.393	38.11	
479.596	40.16	
479.8	56.54	
480.003	76.41	
480.207	62.07	
480.41	46.1	
480.614	39.95	
480.817	16.81	
481.02	17.83	
481.224	36.47	
481.427	45.28	
481.63	56.75	
481.834	78.25	
482.037	59	
482.24	45.28	
482.443	46.71	
482.647	27.46	
482.85	17.22	
483.053	35.65	
483.256	18.24	
483.46	19.88	
483.663	15.58	
483.866	18.86	
484.069	6.37	
484.272	12.3	
484.476	5.55	
484.679	33.19	
484.882	44.46	
485.085	46.71	
485.288	44.87	
485.491	47.94	
485.694	26.23	
485.897	13.53	
486.101	18.04	
486.304	37.09	
486.507	30.12	
486.71	32.99	
486.913	24.18	
487.116	14.97	
487.319	-3.87	
487.522	11.49	
487.725	32.58	
487.928	52.45	
488.13	68.83	
488.333	81.12	
488.536	58.38	
488.739	34.63	
488.942	17.02	
489.145	6.57	
489.348	-3.46	
489.551	2.27	
489.754	10.26	
489.956	6.98	
490.159	-6.33	
490.362	0.84	
490.565	-6.54	
490.768	-10.63	
490.97	1.45	
491.173	13.74	
491.376	19.68	
491.579	25.62	
491.781	25.82	
491.984	11.9	
492.187	14.97	
492.39	8.21	
492.592	3.5	
492.795	0.84	
492.998	-8.99	
493.2	-21.49	
493.403	-24.35	
493.605	0.43	
493.808	1.25	
494.011	16.61	
494.213	27.46	
494.416	39.13	
494.618	20.5	
494.821	17.83	
495.023	40.16	
495.226	40.57	
495.428	35.65	
495.631	39.13	
495.833	50.4	
496.036	32.58	
496.238	22.14	
496.441	26.64	
496.643	21.11	
496.846	9.03	
497.048	8	
497.25	16.4	
497.453	-0.19	
497.655	21.52	
497.858	35.04	
498.06	47.94	
498.262	41.8	
498.465	47.73	
498.667	25.21	
498.869	24.39	
499.071	6.37	
499.274	20.5	
499.476	29.51	
499.678	45.89	
499.881	42.82	
500.083	57.77	
500.285	45.48	
500.487	46.3	
500.689	32.78	
500.892	21.93	
501.094	13.33	
501.296	26.64	
501.498	18.86	
501.7	14.76	
501.902	21.11	
502.104	25.21	
502.306	10.26	
502.509	3.7	
502.711	6.16	
502.913	0.02	
503.115	-33.36	
503.317	-25.17	
503.519	-28.04	
503.721	-9.2	
503.923	15.58	
504.125	42.61	
504.327	37.49	
504.529	51.22	
504.731	44.66	
504.933	41.39	
505.134	39.34	
505.336	40.36	
505.538	43.43	
505.74	36.88	
505.942	10.67	
506.144	10.46	
506.346	5.96	
506.548	13.33	
506.749	23.16	
506.951	37.9	
507.153	35.65	
507.355	40.98	
507.557	38.31	
507.758	31.56	
507.96	21.11	
508.162	26.03	
508.363	27.26	
508.565	17.22	
508.767	7.39	
508.969	16.4	
509.17	18.04	
509.372	22.34	
509.574	16.4	
509.775	31.35	
509.977	23.36	
510.178	34.22	
510.38	21.11	
510.582	30.12	
510.783	14.15	
510.985	8.21	
511.186	-22.31	
511.388	-7.56	
511.589	-7.15	
511.791	-11.04	
511.992	1.25	
512.194	25.41	
512.395	-1.62	
512.597	1.04	
512.798	-1.21	
513	-6.13	
513.201	-6.74	
513.403	11.08	
513.604	0.43	
513.805	10.87	
514.007	10.67	
514.208	-2.85	
514.409	-2.24	
514.611	8.41	
514.812	22.75	
515.013	39.34	
515.215	44.87	
515.416	30.53	
515.617	11.28	
515.819	-11.86	
516.02	-24.76	
516.221	-17.39	
516.422	-7.77	
516.623	4.93	
516.825	-2.44	
517.026	2.88	
517.227	-24.15	
517.428	-27.84	
517.629	-23.12	
517.83	-10.02	
518.032	-9.4	
518.233	12.92	
518.434	22.54	
518.635	15.99	
518.836	18.65	
519.037	10.05	
519.238	10.05	
519.439	4.32	
519.64	13.53	
519.841	14.56	
520.042	13.94	
520.243	18.04	
520.444	13.94	
520.645	-1.21	
520.846	-10.84	
521.047	3.29	
521.248	-3.87	
521.449	9.85	
521.65	26.03	
521.851	39.54	
522.052	10.87	
522.252	19.27	
522.453	15.99	
522.654	-3.26	
522.855	-24.56	
523.056	-12.07	
523.257	-21.28	
523.457	-32.75	
523.658	-28.86	
523.859	-10.43	
524.06	-28.24	
524.26	-25.79	
524.461	-20.67	
524.662	1.45	
524.862	-15.96	
525.063	11.08	
525.264	18.04	
525.464	6.98	
525.665	-6.13	
525.866	21.11	
526.066	7.39	
526.267	-2.03	
526.468	8.41	
526.668	8.41	
526.869	-7.15	
527.069	-1.42	
527.27	1.86	
527.47	16.2	
527.671	14.15	
527.871	11.49	
528.072	28.07	
528.272	27.05	
528.473	25.41	
528.673	39.13	
528.874	45.28	
529.074	41.18	
529.275	42	
529.475	39.34	
529.675	17.42	
529.876	31.56	
530.076	12.92	
530.277	16.81	
530.477	8.82	
530.677	7.39	
530.878	-6.95	
531.078	21.93	
531.278	17.22	
531.478	17.63	
531.679	17.42	
531.879	17.02	
532.079	-0.8	
532.28	-6.74	
532.48	-21.9	
532.68	-16.37	
532.88	-18.01	
533.08	-21.9	
533.28	-18.21	
533.481	6.78	
533.681	-0.6	
533.881	1.04	
534.081	-11.04	
534.281	-5.51	
534.481	-13.29	
534.681	7.18	
534.881	8.62	
535.081	9.64	
535.281	1.45	
535.481	5.55	
535.682	-6.13	
535.882	-8.17	
536.082	-11.86	
536.281	3.29	
536.481	0.22	
536.681	5.75	
536.881	8	
537.081	24.18	
537.281	10.87	
537.481	-3.46	
537.681	-2.03	
537.881	-9.4	
538.081	-9.4	
538.281	-5.51	
538.48	-1.21	
538.68	-1.83	
538.88	12.3	
539.08	15.17	
539.28	4.73	
539.479	30.12	
539.679	19.68	
539.879	6.57	
540.079	4.93	
540.278	19.47	
540.478	-22.72	
540.678	-28.24	
540.877	-22.51	
541.077	-38.28	
541.277	-41.97	
541.476	-8.79	
541.676	5.34	
541.876	11.08	
542.075	21.93	
542.275	14.97	
542.474	-11.04	
542.674	-14.73	
542.874	-17.8	
543.073	-21.9	
543.273	-7.56	
543.472	17.22	
543.672	18.04	
543.871	17.02	
544.071	22.75	
544.27	29.71	
544.47	11.28	
544.669	4.11	
544.868	-4.69	
545.068	-7.97	
545.267	-24.35	
545.467	-1.42	
545.666	0.63	
545.865	19.68	
546.065	18.24	
546.264	17.83	
546.463	9.64	
546.663	14.97	
546.862	6.57	
547.061	19.47	
547.261	15.99	
547.46	17.22	
547.659	15.79	
547.858	33.6	
548.058	37.29	
548.257	42.82	
548.456	42.21	
548.655	44.66	
548.854	14.97	
549.053	15.38	
549.253	13.74	
549.452	12.3	
549.651	21.11	
549.85	51.83	
550.049	49.99	
550.248	59.82	
550.447	60.23	
550.646	62.28	
550.845	59.41	
551.044	53.06	
551.243	43.64	
551.442	49.17	
551.641	35.86	
551.84	30.33	
552.039	38.31	
552.238	41.59	
552.437	26.44	
552.636	19.68	
552.835	0.43	
553.034	-2.44	
553.233	-0.39	
553.432	9.85	
553.63	20.29	
553.829	28.69	
554.028	15.58	
554.227	10.26	
554.426	8	
554.625	-1.01	
554.823	-16.78	
555.022	-1.83	
555.221	-7.97	
555.42	-16.78	
555.618	-7.77	
555.817	-1.01	
556.016	-13.29	
556.214	0.43	
556.413	5.55	
556.612	13.12	
556.81	14.56	
557.009	21.32	
557.208	17.63	
557.406	26.23	
557.605	21.32	
557.803	22.75	
558.002	23.36	
558.201	9.85	
558.399	-1.42	
558.598	-16.57	
558.796	-7.56	
558.995	-15.75	
559.193	-5.1	
559.392	-0.6	
559.59	9.64	
559.789	8.82	
559.987	29.71	
560.185	25	
560.384	19.27	
560.582	29.92	
560.781	37.29	
560.979	32.17	
561.177	47.53	
561.376	53.26	
561.574	57.97	
561.772	34.01	
561.971	46.51	
562.169	30.12	
562.367	21.73	
562.566	6.37	
562.764	6.57	
562.962	-11.25	
563.16	-14.52	
563.358	3.29	
563.557	8.21	
563.755	20.29	
563.953	21.73	
564.151	33.81	
564.349	37.7	
564.547	36.88	
564.746	30.94	
564.944	28.07	
565.142	22.54	
565.34	17.22	
565.538	13.53	
565.736	18.04	
565.934	2.47	
566.132	9.64	
566.33	1.86	
566.528	13.74	
566.726	2.68	
566.924	18.45	
567.122	0.63	
567.32	-2.65	
567.518	-12.68	
567.716	-2.44	
567.914	-4.69	
568.112	10.67	
568.31	25.21	
568.507	31.15	
568.705	9.23	
568.903	19.27	
569.101	28.07	
569.299	29.71	
569.497	17.42	
569.694	47.73	
569.892	22.14	
570.09	20.7	
570.288	13.74	
570.486	34.22	
570.683	28.69	
570.881	35.45	
571.079	23.36	
571.276	20.09	
571.474	-3.67	
571.672	-18.21	
571.869	-14.11	
572.067	-18.41	
572.265	-29.27	
572.462	-6.95	
572.66	-1.21	
572.857	9.85	
573.055	15.99	
573.253	22.75	
573.45	-1.01	
573.648	6.98	
573.845	-1.83	
574.043	-4.49	
574.24	-8.99	
574.438	-7.15	
574.635	-5.72	
574.832	-14.32	
575.03	-19.64	
575.227	5.14	
575.425	9.64	
575.622	17.22	
575.82	19.88	
576.017	42.41	
576.214	29.51	
576.412	40.36	
576.609	19.06	
576.806	12.51	
577.004	-0.39	
577.201	3.7	
577.398	8.21	
577.595	42.82	
577.793	52.65	
577.99	54.49	
578.187	36.68	
578.384	21.73	
578.582	-8.58	
578.779	4.93	
578.976	-3.87	
579.173	17.63	
579.37	20.29	
579.567	41.39	
579.764	31.97	
579.962	37.49	
580.159	40.16	
580.356	40.77	
580.553	26.85	
580.75	30.33	
580.947	34.42	
581.144	35.04	
581.341	30.33	
581.538	44.66	
581.735	43.23	
581.932	35.65	
582.129	12.71	
582.326	17.22	
582.523	6.37	
582.72	-0.19	
582.916	-0.6	
583.113	-4.9	
583.31	0.02	
583.507	-1.01	
583.704	5.14	
583.901	19.27	
584.098	37.09	
584.294	34.22	
584.491	32.17	
584.688	34.83	
584.885	17.02	
585.082	30.74	
585.278	38.11	
585.475	40.57	
585.672	33.6	
585.868	31.97	
586.065	18.04	
586.262	4.73	
586.458	-2.65	
586.655	8.21	
586.852	11.49	
587.048	16.81	
587.245	13.12	
587.442	36.06	
587.638	32.37	
587.835	46.1	
588.031	35.45	
588.228	49.37	
588.424	36.27	
588.621	47.53	
588.817	37.9	
589.014	57.77	
589.21	48.35	
589.407	40.98	
589.603	22.54	
589.8	34.83	
589.996	28.48	
590.192	27.46	
590.389	36.88	
590.585	34.22	
590.782	11.69	
590.978	16.81	
591.174	15.79	
591.371	15.99	
591.567	15.79	
591.763	29.51	
591.959	18.45	
592.156	26.64	
592.352	17.02	
592.548	18.45	
592.744	32.58	
592.941	18.65	
593.137	4.11	
593.333	7.18	
593.529	26.03	
593.725	13.53	
593.922	17.83	
594.118	30.94	
594.314	19.88	
594.51	0.84	
594.706	-16.16	
594.902	-5.72	
595.098	-5.31	
595.294	3.91	
595.49	-1.42	
595.686	22.14	
595.882	26.03	
596.078	26.85	
596.274	27.66	
596.47	46.1	
596.666	41.59	
596.862	30.94	
597.058	36.47	
597.254	51.83	
597.45	31.56	
597.646	41.18	
597.842	51.22	
598.037	66.78	
598.233	49.58	
598.429	69.24	
598.625	44.46	
598.821	39.34	
599.017	3.09	
599.212	21.52	
599.408	27.87	
599.604	27.05	
599.8	28.07	
599.995	40.77	
600.191	26.64	
600.387	-3.67	
600.582	9.85	
600.778	-6.13	
600.974	-10.22	
601.169	-8.79	
601.365	1.86	
601.561	-18.82	
601.756	-16.57	
601.952	-18.41	
602.147	-35.82	
602.343	-23.74	
602.538	12.71	
602.734	15.58	
602.93	30.74	
603.125	48.96	
603.321	51.01	
603.516	41.59	
603.711	47.33	
603.907	45.69	
604.102	50.6	
604.298	56.95	
604.493	49.17	
604.689	62.48	
604.884	49.37	
605.079	36.88	
605.275	20.5	
605.47	14.76	
605.665	15.58	
605.861	24.18	
606.056	30.53	
606.251	30.74	
606.447	32.37	
606.642	19.47	
606.837	5.96	
607.032	15.99	
607.227	16.81	
607.423	15.17	
607.618	0.63	
607.813	-3.87	
608.008	-12.27	
608.203	8	
608.398	21.93	
608.594	31.15	
608.789	53.26	
608.984	72.31	
609.179	57.77	
609.374	46.51	
609.569	55.31	
609.764	31.35	
609.959	10.87	
610.154	5.96	
610.349	-1.01	
610.544	-13.5	
610.739	-1.21	
610.934	-2.44	
611.129	6.16	
611.324	15.58	
611.519	35.45	
611.714	46.71	
611.909	30.53	
612.103	40.57	
612.298	37.09	
612.493	24.18	
612.688	12.1	
612.883	15.79	
613.078	-9.4	
613.272	15.38	
613.467	19.68	
613.662	35.65	
613.857	65.76	
614.051	75.79	
614.246	56.95	
614.441	50.19	
614.635	25.21	
614.83	-3.26	
615.025	-12.07	
615.219	-25.79	
615.414	-25.58	
615.609	-15.55	
615.803	-7.77	
615.998	0.63	
616.192	0.22	
616.387	-1.62	
616.582	5.34	
616.776	8.21	
616.971	-5.31	
617.165	-1.01	
617.36	-6.54	
617.554	-5.1	
617.749	14.35	
617.943	29.3	
618.138	34.63	
618.332	45.07	
618.526	43.43	
618.721	23.57	
618.915	30.53	
619.11	30.33	
619.304	20.91	
619.498	13.74	
619.693	33.6	
619.887	21.32	
620.081	10.46	
620.275	13.94	
620.47	4.73	
620.664	-15.75	
620.858	-14.11	
621.052	-3.26	
621.247	8.21	
621.441	25.62	
621.635	21.52	
621.829	18.04	
622.023	19.47	
622.218	18.45	
622.412	17.02	
622.606	9.85	
622.8	13.94	
622.994	5.14	
623.188	-11.86	
623.382	-8.58	
623.576	18.45	
623.77	10.67	
623.964	21.32	
624.158	36.68	
624.352	16.61	
624.546	1.04	
624.74	3.5	
624.934	-10.43	
625.128	-10.02	
625.322	7.39	
625.516	15.99	
625.71	22.54	
625.904	15.17	
626.098	25.21	
626.291	37.9	
626.485	23.77	
626.679	19.88	
626.873	46.51	
627.067	26.23	
627.26	13.33	
627.454	23.98	
627.648	27.87	
627.842	14.76	
628.035	21.93	
628.229	19.27	
628.423	4.32	
628.617	-2.03	
628.81	0.43	
629.004	-9.2	
629.198	-13.7	
629.391	-10.63	
629.585	6.16	
629.778	5.96	
629.972	10.26	
630.166	23.16	
630.359	23.98	
630.553	2.47	
630.746	11.49	
630.94	31.97	
631.133	8.21	
631.327	13.53	
631.52	23.36	
631.714	19.27	
631.907	4.93	
632.1	21.32	
632.294	32.78	
632.487	28.28	
632.681	32.37	
632.874	35.24	
633.067	56.34	
633.261	46.51	
633.454	41.18	
633.647	35.65	
633.841	21.52	
634.034	8.21	
634.227	5.96	
634.421	12.92	
634.614	11.9	
634.807	3.91	
635	-24.56	
635.193	-17.8	
635.387	-27.22	
635.58	-23.53	
635.773	-8.58	
635.966	17.83	
636.159	19.68	
636.352	12.92	
636.545	-4.69	
636.739	-15.75	
636.932	-17.8	
637.125	-43.2	
637.318	-36.44	
637.511	-15.75	
637.704	-18.82	
637.897	-14.93	
638.09	-3.67	
638.283	11.69	
638.476	5.75	
638.669	31.15	
638.862	28.89	
639.055	41.59	
639.247	40.98	
639.44	33.19	
639.633	19.06	
639.826	10.46	
640.019	2.27	
640.212	2.47	
640.405	25.62	
640.597	28.28	
640.79	41.39	
640.983	44.46	
641.176	40.16	
641.368	38.93	
641.561	41.8	
641.754	22.14	
641.947	31.35	
642.139	34.42	
642.332	9.85	
642.525	15.38	
642.717	35.86	
642.91	23.36	
643.103	20.29	
643.295	28.28	
643.488	11.49	
643.68	-15.75	
643.873	-19.64	
644.065	-27.02	
644.258	-20.87	
644.45	-15.96	
644.643	-0.8	
644.835	-1.42	
645.028	-3.05	
645.22	-16.98	
645.413	-22.1	
645.605	-33.16	
645.798	-28.86	
645.99	-13.7	
646.182	-11.04	
646.375	11.08	
646.567	31.56	
646.76	19.06	
646.952	6.78	
647.144	8.21	
647.337	-14.73	
647.529	-21.9	
647.721	3.29	
647.913	15.99	
648.106	20.29	
648.298	21.73	
648.49	8.62	
648.682	-17.6	
648.874	-20.87	
649.067	-21.08	
649.259	-4.69	
649.451	-10.22	
649.643	0.63	
649.835	-5.51	
650.027	-6.95	
650.219	-12.89	
650.411	11.28	
650.603	11.49	
650.796	22.34	
650.988	27.66	
651.18	37.09	
651.372	28.48	
651.564	35.45	
651.756	10.67	
651.948	10.87	
652.139	3.09	
652.331	-1.62	
652.523	-9.61	
652.715	4.32	
652.907	11.49	
653.099	13.53	
653.291	12.1	
653.483	19.88	
653.674	28.69	
653.866	24.39	
654.058	7.18	
654.25	20.7	
654.442	6.37	
654.633	-10.84	
654.825	-15.34	
655.017	-0.8	
655.209	-16.57	
655.4	-8.17	
655.592	-11.04	
655.784	-6.33	
655.975	-9.2	
656.167	1.45	
656.359	8.82	
656.55	14.56	
656.742	-11.45	
656.933	-7.97	
657.125	-12.89	
657.316	-16.37	
657.508	-22.31	
657.7	6.37	
657.891	-4.49	
658.083	10.26	
658.274	13.74	
658.466	22.34	
658.657	23.36	
658.848	8.21	
659.04	1.86	
659.231	-1.62	
659.423	4.73	
659.614	-4.08	
659.805	28.48	
659.997	43.02	
660.188	42.41	
660.379	41.18	
660.571	31.76	
660.762	19.47	
660.953	-12.07	
661.145	-20.46	
661.336	-25.99	
661.527	54.7	
661.718	73.33	
661.909	87.67	
662.101	97.3	
662.292	107.13	
662.483	19.47	
662.674	0.84	
662.865	5.55	
663.056	-2.24	
663.247	-13.5	
663.439	8.62	
663.63	6.98	
663.821	-7.36	
664.012	-1.83	
664.203	10.87	
664.394	3.7	
664.585	15.99	
664.776	14.97	
664.967	23.16	
665.158	19.68	
665.349	35.45	
665.54	21.93	
665.73	41.59	
665.921	32.78	
666.112	22.34	
666.303	13.74	
666.494	52.24	
666.685	39.95	
666.876	42	
667.066	51.63	
667.257	46.92	
667.448	1.45	
667.639	-1.62	
667.83	-4.08	
668.02	-8.17	
668.211	-12.07	
668.402	3.7	
668.592	-4.69	
668.783	-8.58	
668.974	-10.22	
669.164	6.16	
669.355	1.04	
669.546	20.91	
669.736	27.66	
669.927	14.56	
670.117	-3.87	
670.308	-16.16	
670.499	-22.1	
670.689	-23.94	
670.88	-27.02	
671.07	-21.69	
671.261	-6.33	
671.451	-5.51	
671.641	-23.33	
671.832	7.18	
672.022	2.88	
672.213	-4.69	
672.403	-6.74	
672.594	12.92	
672.784	10.87	
672.974	15.38	
673.165	7.59	
673.355	1.66	
673.545	9.44	
673.736	3.7	
673.926	-14.93	
674.116	6.37	
674.306	2.07	
674.497	-9.81	
674.687	-4.69	
674.877	10.05	
675.067	9.03	
675.257	11.9	
675.448	18.65	
675.638	18.45	
675.828	5.96	
676.018	2.47	
676.208	1.25	
676.398	7.39	
676.588	9.64	
676.778	16.4	
676.968	7.39	
677.158	19.27	
677.348	-4.49	
677.538	-11.45	
677.728	-5.92	
677.918	-3.87	
678.108	-6.95	
678.298	0.84	
678.488	-1.01	
678.678	2.88	
678.868	2.27	
679.058	-1.42	
679.248	6.37	
679.438	8	
679.627	7.8	
679.817	10.26	
680.007	13.94	
680.197	12.51	
680.387	-1.01	
680.576	4.32	
680.766	1.86	
680.956	-8.79	
681.146	-13.09	
681.335	-5.1	
681.525	-18.82	
681.715	-6.33	
681.904	-2.03	
682.094	4.73	
682.284	7.8	
682.473	18.24	
682.663	23.77	
682.852	28.28	
683.042	23.36	
683.231	15.58	
683.421	5.96	
683.61	-21.49	
683.8	-31.11	
683.989	-25.17	
684.179	-13.5	
684.368	-15.34	
684.558	-14.73	
684.747	-7.77	
684.937	-20.46	
685.126	-21.69	
685.316	-10.63	
685.505	-12.68	
685.694	-11.66	
685.884	12.1	
686.073	4.11	
686.262	-2.44	
686.452	10.67	
686.641	21.11	
686.83	11.28	
687.019	10.26	
687.209	13.53	
687.398	21.93	
687.587	0.84	
687.776	-11.86	
687.965	-19.85	
688.155	-21.49	
688.344	-42.17	
688.533	-27.63	
688.722	-30.7	
688.911	-2.65	
689.1	1.86	
689.289	19.06	
689.478	17.83	
689.667	20.09	
689.856	-14.73	
690.045	-26.61	
690.234	-39.51	
690.423	-28.65	
690.612	-28.45	
690.801	5.55	
690.99	6.16	
691.179	16.61	
691.368	12.3	
691.557	37.29	
691.746	15.79	
691.935	23.77	
692.124	23.16	
692.312	23.57	
692.501	-2.85	
692.69	12.51	
692.879	9.85	
693.068	-1.21	
693.256	-8.58	
693.445	11.69	
693.634	-1.83	
693.823	0.22	
694.011	15.99	
694.2	19.27	
694.389	-6.95	
694.577	-13.29	
694.766	-15.34	
694.955	-21.9	
695.143	-34.18	
695.332	-17.6	
695.52	-10.63	
695.709	-0.6	
695.897	10.67	
696.086	15.79	
696.275	4.93	
696.463	6.57	
696.652	-11.66	
696.84	-15.75	
697.028	-18.82	
697.217	-10.02	
697.405	-5.1	
697.594	14.56	
697.782	9.44	
697.971	20.29	
698.159	22.95	
698.347	29.51	
698.536	17.63	
698.724	21.52	
698.912	12.92	
699.1	22.75	
699.289	27.66	
699.477	32.37	
699.665	25.21	
699.854	25.62	
700.042	25.62	
700.23	17.22	
700.418	16.81	
700.606	7.59	
700.794	15.58	
700.983	-1.62	
701.171	-4.69	
701.359	-15.14	
701.547	2.07	
701.735	4.32	
701.923	0.22	
702.111	-17.39	
702.299	-26.81	
702.487	-22.1	
702.675	-40.53	
702.863	-42.38	
703.051	-22.92	
703.239	0.63	
703.427	-26.81	
703.615	-22.72	
703.803	-25.58	
703.991	-24.15	
704.179	-14.73	
704.367	21.93	
704.554	23.36	
704.742	49.37	
704.93	55.11	
705.118	49.58	
705.306	18.45	
705.493	32.78	
705.681	8	
705.869	13.33	
706.057	-1.01	
706.244	11.9	
706.432	-8.38	
706.62	10.46	
706.807	-13.91	
706.995	-3.67	
707.183	-13.29	
707.37	10.46	
707.558	13.12	
707.746	32.37	
707.933	26.23	
708.121	52.65	
708.308	34.22	
708.496	21.52	
708.683	7.8	
708.871	33.4	
709.058	9.64	
709.246	10.46	
709.433	2.27	
709.621	3.7	
709.808	-27.43	
709.995	-7.36	
710.183	-3.87	
710.37	6.57	
710.558	6.37	
710.745	21.73	
710.932	4.32	
711.12	8	
711.307	13.33	
711.494	18.65	
711.681	14.97	
711.869	19.47	
712.056	17.83	
712.243	17.42	
712.43	-2.24	
712.618	1.86	
712.805	-2.44	
712.992	3.91	
713.179	-3.67	
713.366	6.57	
713.553	-2.24	
713.74	-2.65	
713.928	-24.76	
714.115	-5.51	
714.302	-10.02	
714.489	1.66	
714.676	-10.84	
714.863	11.08	
715.05	-3.46	
715.237	5.96	
715.424	-0.6	
715.611	21.11	
715.798	17.83	
715.984	14.35	
716.171	18.45	
716.358	6.16	
716.545	5.34	
716.732	3.29	
716.919	-11.25	
717.106	-13.09	
717.293	2.68	
717.479	13.74	
717.666	3.91	
717.853	14.15	
718.04	7.8	
718.226	-4.28	
718.413	-26.2	
718.6	-16.16	
718.786	-7.56	
718.973	10.26	
719.16	-3.67	
719.346	-1.83	
719.533	-8.99	
719.72	4.11	
719.906	-20.46	
720.093	8.21	
720.279	5.34	
720.466	16.4	
720.652	6.98	
720.839	26.64	
721.025	26.44	
721.212	34.63	
721.398	28.48	
721.585	27.26	
721.771	6.37	
721.958	-10.84	
722.144	-10.84	
722.331	-24.56	
722.517	-29.68	
722.703	-10.02	
722.89	-6.74	
723.076	-8.17	
723.262	1.45	
723.449	-3.67	
723.635	-12.07	
723.821	-6.33	
724.007	-4.69	
724.194	-2.85	
724.38	-7.56	
724.566	-10.02	
724.752	-10.43	
724.938	-3.05	
725.125	8.41	
725.311	30.53	
725.497	22.34	
725.683	30.53	
725.869	13.94	
726.055	4.93	
726.241	-8.17	
726.427	-6.13	
726.613	-32.75	
726.799	-8.38	
726.985	-12.68	
727.171	1.04	
727.357	21.93	
727.543	44.87	
727.729	14.56	
727.915	22.14	
728.101	21.11	
728.287	9.44	
728.473	-5.1	
728.659	14.35	
728.845	3.29	
729.03	-6.13	
729.216	-12.48	
729.402	-12.68	
729.588	-28.45	
729.774	-28.65	
729.959	-39.1	
730.145	-25.99	
730.331	-6.95	
730.517	1.25	
730.702	8.41	
730.888	15.79	
731.074	-3.26	
731.259	-7.97	
731.445	0.63	
731.63	-10.84	
731.816	-5.92	
732.002	19.06	
732.187	23.98	
732.373	21.73	
732.558	46.3	
732.744	55.31	
732.929	44.66	
733.115	19.06	
733.3	-7.77	
733.486	-29.27	
733.671	-61.83	
733.857	-62.45	
734.042	-44.83	
734.227	-30.7	
734.413	-7.56	
734.598	17.02	
734.784	8	
734.969	5.96	
735.154	5.55	
735.339	-14.32	
735.525	1.25	
735.71	7.39	
735.895	-0.39	
736.081	11.49	
736.266	19.27	
736.451	6.98	
736.636	24.18	
736.821	30.12	
737.007	14.35	
737.192	23.16	
737.377	8.62	
737.562	-16.98	
737.747	-11.45	
737.932	4.11	
738.117	-15.14	
738.302	4.52	
738.487	2.47	
738.672	-18.01	
738.857	-19.85	
739.042	-4.49	
739.227	-8.99	
739.412	4.52	
739.597	10.87	
739.782	27.26	
739.967	23.98	
740.152	12.1	
740.337	8.62	
740.522	19.47	
740.706	11.9	
740.891	24.39	
741.076	29.51	
741.261	40.77	
741.446	36.27	
741.63	19.27	
741.815	12.71	
742	5.96	
742.185	-10.43	
742.369	-6.13	
742.554	-3.46	
742.739	-1.21	
742.923	0.84	
743.108	19.27	
743.293	11.28	
743.477	4.32	
743.662	-6.54	
743.846	-5.1	
744.031	-23.33	
744.216	-7.56	
744.4	8.82	
744.585	9.44	
744.769	12.3	
744.954	23.36	
745.138	18.86	
745.322	18.86	
745.507	5.75	
745.691	8	
745.876	-1.21	
746.06	12.51	
746.244	10.87	
746.429	29.92	
746.613	10.67	
746.798	22.54	
746.982	-4.08	
747.166	-5.72	
747.35	-15.14	
747.535	3.5	
747.719	-5.1	
747.903	3.09	
748.087	1.86	
748.272	4.73	
748.456	1.25	
748.64	5.34	
748.824	9.85	
749.008	13.12	
749.192	11.08	
749.376	3.5	
749.56	-7.15	
749.745	-26.4	
749.929	-21.08	
750.113	-26.2	
750.297	-30.7	
750.481	-13.09	
750.665	4.32	
750.849	-3.46	
751.033	1.25	
751.217	12.1	
751.4	8.82	
751.584	-0.39	
751.768	0.84	
751.952	-0.6	
752.136	0.22	
752.32	-13.91	
752.504	-8.38	
752.688	-17.39	
752.871	-18.21	
753.055	-37.67	
753.239	-28.24	
753.423	-17.19	
753.606	-9.81	
753.79	1.66	
753.974	17.83	
754.157	33.4	
754.341	14.97	
754.525	0.84	
754.708	-4.69	
754.892	1.04	
755.076	-11.25	
755.259	5.55	
755.443	8	
755.626	-5.1	
755.81	8	
755.993	10.05	
756.177	-9.2	
756.36	-5.72	
756.544	2.47	
756.727	-3.87	
756.911	1.45	
757.094	4.52	
757.278	-2.24	
757.461	-3.05	
757.644	-23.74	
757.828	-39.3	
758.011	-26.2	
758.195	-4.9	
758.378	-4.49	
758.561	15.17	
758.744	0.02	
758.928	12.92	
759.111	2.88	
759.294	2.68	
759.477	6.16	
759.661	23.57	
759.844	-1.01	
760.027	-5.51	
760.21	-9.81	
760.393	-12.07	
760.576	-17.19	
760.76	-11.25	
760.943	-17.6	
761.126	-0.6	
761.309	7.39	
761.492	15.79	
761.675	9.64	
761.858	19.47	
762.041	9.44	
762.224	-16.16	
762.407	-16.98	
762.59	0.63	
762.773	-15.14	
762.956	-9.61	
763.139	-5.1	
763.321	-10.63	
763.504	-32.14	
763.687	-7.36	
763.87	-19.23	
764.053	-6.33	
764.236	-0.39	
764.418	9.03	
764.601	-2.03	
764.784	2.88	
764.967	5.55	
765.149	13.33	
765.332	4.32	
765.515	2.88	
765.697	-4.9	
765.88	-15.14	
766.063	-23.33	
766.245	-13.29	
766.428	-7.97	
766.611	3.29	
766.793	8	
766.976	13.33	
767.158	17.63	
767.341	23.98	
767.523	23.77	
767.706	33.6	
767.888	18.04	
768.071	29.3	
768.253	28.89	
768.436	31.97	
768.618	20.91	
768.8	53.26	
768.983	37.9	
769.165	20.5	
769.348	4.52	
769.53	12.1	
769.712	-22.1	
769.895	-22.72	
770.077	-8.99	
770.259	-13.29	
770.441	-28.86	
770.624	-7.15	
770.806	-9.4	
770.988	-17.39	
771.17	-2.44	
771.352	22.54	
771.535	14.35	
771.717	19.88	
771.899	22.95	
772.081	34.01	
772.263	6.16	
772.445	4.11	
772.627	-6.33	
772.809	-3.46	
772.991	-3.26	
773.173	15.99	
773.355	15.17	
773.537	17.63	
773.719	5.34	
773.901	10.05	
774.083	-6.74	
774.265	-23.33	
774.447	-19.85	
774.629	-0.39	
774.811	-17.6	
774.992	-24.56	
775.174	-4.69	
775.356	0.84	
775.538	-12.27	
775.72	-7.15	
775.901	4.52	
776.083	-1.01	
776.265	5.55	
776.447	13.53	
776.628	12.92	
776.81	18.65	
776.992	25.41	
777.173	15.17	
777.355	11.08	
777.537	22.34	
777.718	21.32	
777.9	22.14	
778.081	25.21	
778.263	38.93	
778.444	19.27	
778.626	10.26	
778.807	-7.36	
778.989	-22.92	
779.17	-49.95	
779.352	-64.08	
779.533	-58.96	
779.715	-37.46	
779.896	-46.27	
780.078	-27.43	
780.259	-8.38	
780.44	-18.62	
780.622	-28.65	
780.803	14.35	
780.984	17.22	
781.166	12.71	
781.347	23.36	
781.528	25.41	
781.709	-4.49	
781.891	-5.72	
782.072	-0.8	
782.253	-6.33	
782.434	-14.11	
782.615	1.66	
782.796	-0.19	
782.978	24.18	
783.159	29.1	
783.34	44.05	
783.521	35.04	
783.702	36.68	
783.883	22.34	
784.064	21.93	
784.245	25.21	
784.426	48.76	
784.607	52.85	
784.788	56.13	
784.969	43.23	
785.15	31.35	
785.331	-2.03	
785.512	-10.22	
785.692	-18.82	
785.873	-4.9	
786.054	-5.31	
786.235	3.91	
786.416	9.44	
786.597	21.73	
786.777	15.99	
786.958	10.05	
787.139	5.75	
787.32	6.57	
787.5	0.84	
787.681	0.02	
787.862	27.26	
788.042	37.7	
788.223	42.41	
788.404	12.92	
788.584	19.27	
788.765	17.02	
788.946	10.05	
789.126	4.52	
789.307	35.86	
789.487	48.35	
789.668	35.65	
789.848	34.63	
790.029	17.42	
790.209	2.68	
790.39	-26.61	
790.57	-29.68	
790.75	-12.27	
790.931	-2.44	
791.111	-3.05	
791.292	20.5	
791.472	17.02	
791.652	11.49	
791.833	14.76	
792.013	18.24	
792.193	-6.33	
792.373	3.5	
792.554	-11.04	
792.734	-11.66	
792.914	-15.96	
793.094	1.25	
793.275	5.14	
793.455	9.03	
793.635	7.8	
793.815	11.69	
793.995	13.33	
794.175	15.17	
794.355	27.05	
794.535	31.15	
794.715	38.31	
794.896	28.89	
795.076	6.98	
795.256	14.56	
795.436	11.69	
795.616	14.15	
795.795	27.87	
795.975	42	
796.155	39.13	
796.335	33.19	
796.515	25.62	
796.695	32.99	
796.875	29.3	
797.055	34.63	
797.234	46.71	
797.414	57.56	
797.594	40.57	
797.774	41.39	
797.954	19.27	
798.133	11.49	
798.313	-1.01	
798.493	9.03	
798.672	1.04	
798.852	6.57	
799.032	0.02	
799.211	-1.62	
799.391	-6.54	
799.571	-2.03	
799.75	-6.33	
799.93	7.39	
800.109	-5.31	
800.289	3.29	
800.468	-5.31	
800.648	-10.22	
800.827	-14.93	
801.007	-9.2	
801.186	-22.1	
801.366	-17.39	
801.545	-16.57	
801.725	1.45	
801.904	-4.9	
802.083	19.06	
802.263	21.93	
802.442	40.36	
802.621	14.15	
802.801	45.28	
802.98	30.53	
803.159	35.65	
803.338	27.66	
803.518	51.63	
803.697	38.72	
803.876	40.36	
804.055	30.74	
804.235	32.37	
804.414	7.39	
804.593	11.08	
804.772	3.29	
804.951	11.9	
805.13	-13.29	
805.309	-2.44	
805.488	-22.1	
805.667	-16.37	
805.846	-2.85	
806.025	26.44	
806.204	44.46	
806.383	48.55	
806.562	42.82	
806.741	25.82	
806.92	16.2	
807.099	2.07	
807.278	5.55	
807.457	4.73	
807.636	9.44	
807.814	7.18	
807.993	10.67	
808.172	10.46	
808.351	6.57	
808.53	17.63	
808.708	7.18	
808.887	-0.39	
809.066	9.44	
809.244	12.3	
809.423	3.7	
809.602	22.54	
809.78	34.63	
809.959	33.4	
810.138	36.88	
810.316	25.62	
810.495	19.68	
810.673	-2.44	
810.852	1.66	
811.03	12.71	
811.209	19.06	
811.388	22.34	
811.566	34.63	
811.744	31.15	
811.923	27.26	
812.101	21.93	
812.28	37.29	
812.458	48.55	
812.637	46.71	
812.815	51.01	
812.993	63.91	
813.172	63.91	
813.35	30.74	
813.528	29.1	
813.706	16.2	
813.885	7.8	
814.063	-12.48	
814.241	16.2	
814.419	22.95	
814.598	24.18	
814.776	11.69	
814.954	14.15	
815.132	-1.01	
815.31	-6.95	
815.488	-22.31	
815.666	-16.78	
815.844	-28.65	
816.022	-18.41	
816.201	-10.22	
816.379	19.06	
816.557	28.07	
816.735	38.72	
816.913	28.69	
817.09	34.63	
817.268	7.18	
817.446	-2.65	
817.624	-6.74	
817.802	12.71	
817.98	-13.09	
818.158	0.84	
818.336	-6.33	
818.514	1.45	
818.691	-7.36	
818.869	11.28	
819.047	23.98	
819.225	26.85	
819.402	13.12	
819.58	21.32	
819.758	22.34	
819.935	4.52	
820.113	13.33	
820.291	26.23	
820.468	11.69	
820.646	14.56	
820.824	27.66	
821.001	44.87	
821.179	42.82	
821.356	54.29	
821.534	45.07	
821.711	36.88	
821.889	32.37	
822.066	36.27	
822.244	29.92	
822.421	39.34	
822.599	43.02	
822.776	36.27	
822.953	24.39	
823.131	27.46	
823.308	15.79	
823.486	18.04	
823.663	20.91	
823.84	25	
824.017	9.64	
824.195	6.78	
824.372	11.28	
824.549	4.52	
824.726	7.18	
824.904	7.8	
825.081	15.17	
825.258	-9.4	
825.435	-5.51	
825.612	-4.08	
825.789	-0.19	
825.967	-0.19	
826.144	23.98	
826.321	21.32	
826.498	16.81	
826.675	22.95	
826.852	7.8	
827.029	-0.39	
827.206	0.43	
827.383	-6.13	
827.56	-6.95	
827.737	-3.26	
827.914	-2.85	
828.09	-8.38	
828.267	3.91	
828.444	-0.39	
828.621	-1.62	
828.798	9.03	
828.975	3.5	
829.151	3.7	
829.328	14.35	
829.505	41.39	
829.682	20.09	
829.858	27.66	
830.035	32.99	
830.212	21.52	
830.389	0.63	
830.565	-12.89	
830.742	-4.49	
830.918	-1.21	
831.095	11.49	
831.272	14.56	
831.448	33.4	
831.625	30.33	
831.801	24.8	
831.978	24.8	
832.154	15.99	
832.331	18.04	
832.507	15.79	
832.684	11.9	
832.86	-7.97	
833.037	9.44	
833.213	4.93	
833.389	13.94	
833.566	9.03	
833.742	2.68	
833.918	-8.58	
834.095	-24.56	
834.271	-42.38	
834.447	-34.59	
834.624	-23.94	
834.8	-21.49	
834.976	-7.15	
835.152	-0.6	
835.328	1.04	
835.505	5.75	
835.681	5.14	
835.857	-6.33	
836.033	-3.26	
836.209	25.62	
836.385	24.18	
836.561	36.68	
836.737	51.83	
836.913	38.52	
837.089	9.03	
837.265	8.62	
837.441	22.95	
837.617	31.97	
837.793	40.36	
837.969	39.75	
838.145	30.74	
838.321	14.76	
838.497	9.85	
838.673	22.34	
838.849	16.4	
839.025	43.23	
839.2	37.09	
839.376	33.4	
839.552	25	
839.728	26.03	
839.903	15.17	
840.079	17.42	
840.255	26.85	
840.431	46.51	
840.606	39.75	
840.782	68.01	
840.958	47.53	
841.133	37.29	
841.309	7.39	
841.484	18.04	
841.66	-23.33	
841.835	3.09	
842.011	-5.51	
842.186	14.35	
842.362	3.91	
842.537	20.5	
842.713	6.37	
842.888	11.69	
843.064	-7.77	
843.239	6.78	
843.415	7.59	
843.59	19.06	
843.765	13.33	
843.941	35.65	
844.116	31.15	
844.291	14.35	
844.467	0.02	
844.642	23.57	
844.817	22.14	
844.992	20.5	
845.168	25.21	
845.343	40.77	
845.518	21.93	
845.693	22.34	
845.868	14.76	
846.043	15.38	
846.219	0.84	
846.394	21.73	
846.569	7.8	
846.744	8.62	
846.919	3.7	
847.094	36.27	
847.269	27.26	
847.444	31.35	
847.619	39.95	
847.794	71.7	
847.969	60.43	
848.144	62.28	
848.319	65.35	
848.494	59	
848.668	45.48	
848.843	42.61	
849.018	34.83	
849.193	30.53	
849.368	44.66	
849.542	47.53	
849.717	47.73	
849.892	36.68	
850.067	33.19	
850.241	32.99	
850.416	21.73	
850.591	12.71	
850.765	23.77	
850.94	41.18	
851.115	27.46	
851.289	37.09	
851.464	40.36	
851.639	37.49	
851.813	27.46	
851.988	49.37	
852.162	33.19	
852.337	21.73	
852.511	39.13	
852.686	44.46	
852.86	26.23	
853.035	39.34	
853.209	41.59	
853.383	37.7	
853.558	23.57	
853.732	33.19	
853.906	20.91	
854.081	30.94	
854.255	14.97	
854.429	17.02	
854.604	1.86	
854.778	17.83	
854.952	15.58	
855.126	33.4	
855.301	39.13	
855.475	46.71	
855.649	24.59	
855.823	16.2	
855.997	5.75	
856.171	5.34	
856.345	-11.04	
856.52	-2.44	
856.694	9.64	
856.868	19.27	
857.042	23.57	
857.216	57.16	
857.39	62.07	
857.564	59.2	
857.738	35.04	
857.912	25.82	
858.085	12.71	
858.259	15.58	
858.433	15.79	
858.607	27.66	
858.781	43.43	
858.955	36.47	
859.129	27.46	
859.302	37.29	
859.476	37.49	
859.65	38.52	
859.824	30.74	
859.997	24.8	
860.171	16.2	
860.345	25.82	
860.519	9.85	
860.692	9.64	
860.866	21.73	
861.039	22.95	
861.213	12.71	
861.387	6.78	
861.56	18.24	
861.734	36.27	
861.907	30.74	
862.081	34.63	
862.254	43.43	
862.428	34.22	
862.601	3.7	
862.775	0.63	
862.948	16.2	
863.122	22.95	
863.295	27.66	
863.468	35.45	
863.642	23.36	
863.815	9.85	
863.988	9.23	
864.162	19.47	
864.335	0.84	
864.508	11.69	
864.682	15.17	
864.855	13.53	
865.028	-12.89	
865.201	13.12	
865.374	7.59	
865.548	19.68	
865.721	11.28	
865.894	36.27	
866.067	40.16	
866.24	47.53	
866.413	42	
866.586	56.13	
866.759	43.02	
866.932	31.76	
867.105	29.51	
867.278	11.08	
867.451	-18.01	
867.624	-0.19	
867.797	2.27	
867.97	5.96	
868.143	11.69	
868.316	32.17	
868.489	-1.01	
868.661	-0.8	
868.834	-4.28	
869.007	6.37	
869.18	-1.62	
869.353	17.02	
869.525	21.93	
869.698	20.91	
869.871	14.56	
870.044	25.62	
870.216	32.58	
870.389	18.86	
870.562	27.05	
870.734	30.12	
870.907	29.71	
871.079	22.14	
871.252	27.26	
871.425	32.78	
871.597	18.24	
871.77	31.56	
871.942	39.54	
872.115	40.98	
872.287	33.4	
872.459	38.31	
872.632	22.95	
872.804	22.34	
872.977	4.52	
873.149	10.05	
873.321	8	
873.494	2.68	
873.666	1.04	
873.838	13.94	
874.011	0.02	
874.183	13.12	
874.355	21.32	
874.528	8.21	
874.7	1.04	
874.872	19.06	
875.044	18.86	
875.216	20.91	
875.388	48.96	
875.561	59	
875.733	49.99	
875.905	40.57	
876.077	23.57	
876.249	16.4	
876.421	12.51	
876.593	0.02	
876.765	0.22	
876.937	16.81	
877.109	8	
877.281	12.1	
877.453	5.75	
877.625	3.09	
877.797	-2.44	
877.968	-4.69	
878.14	-11.86	
878.312	5.75	
878.484	-7.56	
878.656	-10.63	
878.828	-15.34	
878.999	2.07	
879.171	-20.87	
879.343	-13.7	
879.515	-12.89	
879.686	-16.57	
879.858	-30.5	
880.03	-5.51	
880.201	4.52	
880.373	-3.46	
880.545	12.1	
880.716	21.73	
880.888	30.33	
881.059	32.37	
881.231	41.59	
881.402	33.19	
881.574	24.18	
881.745	17.83	
881.917	30.33	
882.088	38.31	
882.26	36.27	
882.431	40.57	
882.602	14.35	
882.774	-0.39	
882.945	-33.16	
883.116	-40.74	
883.288	-38.28	
883.459	-18.62	
883.63	-24.35	
883.802	-13.09	
883.973	2.07	
884.144	9.64	
884.315	5.96	
884.487	21.93	
884.658	43.43	
884.829	40.98	
885	41.59	
885.171	50.81	
885.342	20.29	
885.513	8.41	
885.684	7.18	
885.855	4.32	
886.026	-5.72	
886.197	16.61	
886.368	6.57	
886.539	14.15	
886.71	15.17	
886.881	23.16	
887.052	17.83	
887.223	34.63	
887.394	27.26	
887.565	39.13	
887.736	20.5	
887.907	33.4	
888.077	31.97	
888.248	25.21	
888.419	2.68	
888.59	2.27	
888.761	8	
888.931	2.88	
889.102	20.09	
889.273	19.06	
889.443	26.23	
889.614	14.15	
889.785	16.4	
889.955	-3.05	
890.126	-13.29	
890.296	-4.08	
890.467	-10.84	
890.637	16.2	
890.808	24.8	
890.978	43.23	
891.149	44.25	
891.319	71.49	
891.49	57.97	
891.66	65.14	
891.831	61.87	
892.001	71.08	
892.172	35.04	
892.342	22.14	
892.512	9.23	
892.683	19.27	
892.853	4.93	
893.023	25.21	
893.193	18.24	
893.364	15.38	
893.534	3.5	
893.704	18.45	
893.874	21.52	
894.044	31.97	
894.215	29.71	
894.385	47.94	
894.555	39.34	
894.725	51.01	
894.895	36.27	
895.065	48.55	
895.235	30.53	
895.405	35.24	
895.575	9.44	
895.745	21.42	
895.915	22.95	
