177.618	-162.56	
177.836	-171.52	
178.054	-166.86	
178.271	-131.84	
178.489	-71.42	
178.706	-36.81	
178.924	-4.66	
179.142	20.94	
179.359	22.17	
179.577	-21.25	
179.794	-21.45	
180.012	-15.51	
180.229	-23.5	
180.447	-24.73	
180.664	-9.16	
180.882	-15.92	
181.1	-11.01	
181.317	-4.66	
181.535	-1.59	
181.752	9.68	
181.969	19.92	
182.187	27.29	
182.404	33.43	
182.622	34.46	
182.839	37.94	
183.057	37.12	
183.274	47.77	
183.492	53.91	
183.709	63.95	
183.926	52.89	
184.144	52.48	
184.361	47.77	
184.579	44.29	
184.796	20.74	
185.013	42.03	
185.231	29.75	
185.448	27.29	
185.666	34.25	
185.883	26.27	
186.1	3.74	
186.317	17.05	
186.535	3.94	
186.752	-7.73	
186.969	19.71	
187.187	38.55	
187.404	27.49	
187.621	53.91	
187.839	57.6	
188.056	47.56	
188.273	25.45	
188.49	46.13	
188.708	22.78	
188.925	45.11	
189.142	47.56	
189.359	49.41	
189.576	36.71	
189.794	39.58	
190.011	30.57	
190.228	32.41	
190.445	31.39	
190.662	45.11	
190.879	32.2	
191.097	26.88	
191.314	20.53	
191.531	29.13	
191.748	7.83	
191.965	20.74	
192.182	6.81	
192.399	5.99	
192.616	10.29	
192.834	23.19	
193.051	22.99	
193.268	42.65	
193.485	48.18	
193.702	40.6	
193.919	32.61	
194.136	32.41	
194.353	12.95	
194.57	24.22	
194.787	14.8	
195.004	32.2	
195.221	23.4	
195.438	46.34	
195.655	24.22	
195.872	44.9	
196.089	12.54	
196.306	26.06	
196.523	15.21	
196.74	20.74	
196.957	-7.12	
197.173	12.95	
197.39	2.3	
197.607	13.98	
197.824	22.99	
198.041	49.61	
198.258	48.59	
198.475	65.59	
198.692	43.26	
198.909	30.57	
199.125	15.82	
199.342	15.82	
199.559	9.47	
199.776	27.9	
199.993	37.53	
200.21	45.93	
200.426	38.35	
200.643	42.03	
200.86	28.93	
201.077	42.03	
201.293	37.32	
201.51	40.4	
201.727	6.4	
201.944	5.58	
202.16	3.33	
202.377	-11.62	
202.594	-11.83	
202.811	1.28	
203.027	7.01	
203.244	-12.44	
203.461	-8.14	
203.677	7.22	
203.894	17.87	
204.111	19.92	
204.327	34.46	
204.544	36.1	
204.761	29.95	
204.977	21.76	
205.194	4.97	
205.41	22.78	
205.627	25.86	
205.844	11.93	
206.06	11.93	
206.277	24.01	
206.493	8.86	
206.71	23.4	
206.926	32	
207.143	49.41	
207.36	39.17	
207.576	44.49	
207.793	37.53	
208.009	38.76	
208.226	42.65	
208.442	43.88	
208.659	37.73	
208.875	41.42	
209.092	34.46	
209.308	12.13	
209.524	26.27	
209.741	34.87	
209.957	34.25	
210.174	36.3	
210.39	32.2	
210.607	11.93	
210.823	-22.68	
211.039	-39.27	
211.256	-20.63	
211.472	-15.51	
211.688	10.09	
211.905	25.65	
212.121	34.66	
212.338	19.1	
212.554	18.07	
212.77	-0.97	
212.987	8.65	
213.203	16.64	
213.419	26.67	
213.635	25.86	
213.852	29.54	
214.068	22.37	
214.284	16.64	
214.501	20.74	
214.717	32.41	
214.933	42.03	
215.149	24.22	
215.365	28.52	
215.582	7.83	
215.798	3.74	
216.014	-8.35	
216.23	15	
216.447	10.5	
216.663	17.25	
216.879	17.87	
217.095	28.52	
217.311	26.06	
217.527	22.78	
217.743	35.48	
217.96	29.34	
218.176	27.9	
218.392	24.83	
218.608	41.01	
218.824	29.75	
219.04	23.6	
219.256	23.4	
219.472	24.83	
219.688	16.23	
219.904	37.53	
220.12	71.53	
220.336	68.25	
220.552	82.17	
220.768	97.33	
220.984	88.11	
221.2	53.3	
221.416	54.32	
221.632	27.7	
221.848	18.07	
222.064	1.48	
222.28	10.91	
222.496	2.71	
222.712	16.03	
222.928	-3.64	
223.144	6.6	
223.36	14.18	
223.576	22.58	
223.792	22.17	
224.008	45.93	
224.224	53.71	
224.439	48.38	
224.655	45.72	
224.871	50.02	
225.087	32.61	
225.303	9.68	
225.519	13.98	
225.734	22.78	
225.95	17.05	
226.166	28.93	
226.382	37.73	
226.598	29.75	
226.813	34.05	
227.029	38.76	
227.245	35.28	
227.461	42.03	
227.677	54.73	
227.892	53.5	
228.108	39.37	
228.324	45.52	
228.539	25.04	
228.755	24.22	
228.971	14.8	
229.186	40.19	
229.402	33.43	
229.618	61.49	
229.833	58.21	
230.049	68.66	
230.265	47.77	
230.48	53.71	
230.696	37.53	
230.912	34.25	
231.127	19.92	
231.343	38.55	
231.558	12.75	
231.774	20.74	
231.99	42.03	
232.205	42.85	
232.421	20.53	
232.636	36.91	
232.852	26.67	
233.067	4.15	
233.283	12.75	
233.498	17.66	
233.714	21.96	
233.929	35.89	
234.145	36.91	
234.36	38.14	
234.576	51.66	
234.791	50.64	
235.007	56.78	
235.222	76.03	
235.438	64.77	
235.653	64.56	
235.868	54.12	
236.084	61.08	
236.299	52.27	
236.515	65.18	
236.73	53.71	
236.945	66.61	
237.161	44.08	
237.376	37.94	
237.592	35.69	
237.807	47.56	
238.022	43.47	
238.238	48.59	
238.453	44.29	
238.668	39.37	
238.883	12.95	
239.099	14.59	
239.314	6.6	
239.529	8.24	
239.745	5.99	
239.96	31.39	
240.175	29.75	
240.39	63.33	
240.605	70.09	
240.821	64.97	
241.036	59.65	
241.251	81.15	
241.466	46.95	
241.681	39.37	
241.897	59.03	
242.112	70.09	
242.327	53.09	
242.542	65.18	
242.757	69.07	
242.972	55.55	
243.188	33.23	
243.403	28.72	
243.618	24.63	
243.833	21.35	
244.048	27.29	
244.263	36.71	
244.478	38.96	
244.693	29.13	
244.908	27.7	
245.123	22.78	
245.338	35.07	
245.553	46.34	
245.768	53.5	
245.983	61.08	
246.198	51.25	
246.413	41.22	
246.628	32.41	
246.843	29.34	
247.058	26.06	
247.273	38.35	
247.488	34.25	
247.703	40.81	
247.918	43.06	
248.133	46.54	
248.348	29.34	
248.563	43.47	
248.778	26.06	
248.993	30.16	
249.207	38.76	
249.422	46.74	
249.637	22.78	
249.852	29.54	
250.067	22.17	
250.282	11.72	
250.496	9.27	
250.711	19.71	
250.926	12.34	
251.141	18.07	
251.356	17.66	
251.57	29.95	
251.785	37.12	
252	42.65	
252.215	45.31	
252.43	58.62	
252.644	69.07	
252.859	70.5	
253.074	68.66	
253.288	59.44	
253.503	33.84	
253.718	36.91	
253.932	58.62	
254.147	66.41	
254.362	74.19	
254.576	85.04	
254.791	71.12	
255.006	53.5	
255.22	53.3	
255.435	54.32	
255.65	67.63	
255.864	69.27	
256.079	59.03	
256.293	61.29	
256.508	58.83	
256.723	61.29	
256.937	46.95	
257.152	32.41	
257.366	12.54	
257.581	19.71	
257.795	1.08	
258.01	40.81	
258.224	55.76	
258.439	64.97	
258.653	51.25	
258.868	60.06	
259.082	27.08	
259.297	21.76	
259.511	11.93	
259.726	5.17	
259.94	-4.66	
260.154	-6.71	
260.369	0.26	
260.583	23.81	
260.798	14.59	
261.012	20.33	
261.226	33.02	
261.441	33.23	
261.655	14.18	
261.869	31.18	
262.084	37.73	
262.298	32.61	
262.512	25.65	
262.727	27.7	
262.941	38.76	
263.155	22.17	
263.37	20.74	
263.584	36.71	
263.798	51.66	
264.012	65.59	
264.227	70.09	
264.441	87.09	
264.655	58.42	
264.869	67.22	
265.084	40.81	
265.298	52.27	
265.512	45.72	
265.726	67.63	
265.94	41.62	
266.155	53.91	
266.369	46.34	
266.583	56.17	
266.797	53.3	
267.011	75.62	
267.225	89.55	
267.439	96.1	
267.654	69.07	
267.868	55.55	
268.082	28.11	
268.296	-7.73	
268.51	-18.99	
268.724	-6.71	
268.938	-14.9	
269.152	8.04	
269.366	27.29	
269.58	36.51	
269.794	26.47	
270.008	52.07	
270.222	45.93	
270.436	33.64	
270.65	27.49	
270.864	36.71	
271.078	21.15	
271.292	27.29	
271.506	47.15	
271.72	52.68	
271.934	56.58	
272.148	68.04	
272.362	51.66	
272.575	44.7	
272.789	39.99	
273.003	36.91	
273.217	44.08	
273.431	46.54	
273.645	42.03	
273.859	51.66	
274.073	68.25	
274.286	68.86	
274.5	78.08	
274.714	69.48	
274.928	71.73	
275.142	53.09	
275.355	34.87	
275.569	34.87	
275.783	44.49	
275.997	32.41	
276.21	30.16	
276.424	59.24	
276.638	42.85	
276.852	51.05	
277.065	47.15	
277.279	56.78	
277.493	34.05	
277.706	67.02	
277.92	69.68	
278.134	59.24	
278.347	37.32	
278.561	25.04	
278.775	12.54	
278.988	6.81	
279.202	24.83	
279.415	44.9	
279.629	70.3	
279.843	73.57	
280.056	88.73	
280.27	97.94	
280.483	73.57	
280.697	75.83	
280.91	81.56	
281.124	78.28	
281.337	63.33	
281.551	81.36	
281.764	50.43	
281.978	45.93	
282.191	23.6	
282.405	39.58	
282.618	28.52	
282.832	53.09	
283.045	31.18	
283.259	44.7	
283.472	36.3	
283.686	41.22	
283.899	29.13	
284.112	36.1	
284.326	36.91	
284.539	37.73	
284.752	46.54	
284.966	45.93	
285.179	46.95	
285.393	48.79	
285.606	48.79	
285.819	53.5	
286.033	36.91	
286.246	49.2	
286.459	38.14	
286.672	37.73	
286.886	17.05	
287.099	52.27	
287.312	37.73	
287.525	37.53	
287.739	27.29	
287.952	44.08	
288.165	35.69	
288.378	44.29	
288.592	43.88	
288.805	43.67	
289.018	48.38	
289.231	47.15	
289.444	48.79	
289.657	32.2	
289.871	34.25	
290.084	25.65	
290.297	42.03	
290.51	37.32	
290.723	52.27	
290.936	74.6	
291.149	59.85	
291.362	49.61	
291.575	38.14	
291.789	37.12	
292.002	20.74	
292.215	25.24	
292.428	-5.07	
292.641	14.39	
292.854	11.32	
293.067	6.81	
293.28	9.88	
293.493	20.12	
293.706	8.45	
293.919	22.58	
294.132	18.89	
294.345	16.23	
294.558	23.19	
294.77	22.17	
294.983	23.4	
295.196	43.26	
295.409	64.36	
295.622	77.46	
295.835	87.7	
296.048	81.56	
296.261	80.74	
296.474	78.28	
296.686	67.02	
296.899	67.43	
297.112	74.6	
297.325	64.15	
297.538	60.88	
297.751	69.48	
297.963	72.96	
298.176	64.36	
298.389	56.17	
298.602	62.31	
298.814	114.94	
299.027	113.1	
299.24	109.82	
299.453	123.95	
299.665	113.71	
299.878	38.35	
300.091	33.23	
300.303	33.64	
300.516	25.65	
300.729	25.04	
300.941	45.72	
301.154	30.16	
301.367	30.57	
301.579	33.43	
301.792	46.74	
302.005	33.43	
302.217	45.52	
302.43	47.36	
302.642	34.46	
302.855	6.4	
303.067	10.5	
303.28	12.54	
303.493	11.93	
303.705	31.59	
303.918	51.25	
304.13	71.73	
304.343	57.8	
304.555	62.92	
304.768	53.3	
304.98	58.62	
305.193	21.15	
305.405	37.32	
305.617	22.78	
305.83	29.95	
306.042	9.47	
306.255	26.67	
306.467	12.75	
306.68	13.57	
306.892	9.68	
307.104	28.11	
307.317	22.78	
307.529	43.47	
307.741	58.42	
307.954	72.96	
308.166	58.01	
308.378	80.54	
308.591	79.72	
308.803	78.08	
309.015	66.81	
309.228	73.57	
309.44	53.71	
309.652	45.93	
309.864	36.51	
310.077	23.6	
310.289	29.34	
310.501	25.04	
310.713	20.94	
310.926	40.19	
311.138	37.32	
311.35	51.46	
311.562	47.77	
311.774	62.92	
311.986	47.15	
312.199	69.48	
312.411	34.25	
312.623	53.3	
312.835	36.51	
313.047	43.47	
313.259	18.48	
313.471	30.57	
313.683	39.78	
313.895	43.88	
314.108	35.28	
314.32	58.01	
314.532	54.12	
314.744	49	
314.956	63.74	
315.168	55.76	
315.38	38.35	
315.592	54.53	
315.804	43.67	
316.016	51.66	
316.228	68.86	
316.44	82.58	
316.651	74.8	
316.863	90.16	
317.075	65.59	
317.287	63.74	
317.499	51.25	
317.711	51.25	
317.923	50.23	
318.135	40.4	
318.347	34.05	
318.559	58.42	
318.77	55.14	
318.982	41.42	
319.194	49	
319.406	49.82	
319.618	29.95	
319.83	18.07	
320.041	12.75	
320.253	14.8	
320.465	10.29	
320.677	16.64	
320.888	21.35	
321.1	33.02	
321.312	53.5	
321.524	55.55	
321.735	42.44	
321.947	56.37	
322.159	48.18	
322.37	18.48	
322.582	16.23	
322.794	25.04	
323.005	28.31	
323.217	36.1	
323.429	42.85	
323.64	52.68	
323.852	47.97	
324.063	41.01	
324.275	45.52	
324.487	58.62	
324.698	55.96	
324.91	51.25	
325.121	39.58	
325.333	19.51	
325.544	6.2	
325.756	18.48	
325.967	27.29	
326.179	43.26	
326.39	59.65	
326.602	62.1	
326.813	37.32	
327.025	43.06	
327.236	18.48	
327.448	2.92	
327.659	-4.66	
327.871	14.8	
328.082	6.81	
328.293	31.18	
328.505	39.37	
328.716	49.82	
328.928	28.72	
329.139	49.82	
329.35	40.6	
329.562	54.73	
329.773	67.22	
329.984	83.81	
330.196	63.54	
330.407	80.13	
330.618	65.79	
330.83	43.06	
331.041	33.23	
331.252	36.51	
331.463	31.59	
331.675	48.18	
331.886	67.84	
332.097	72.75	
332.308	86.89	
332.52	86.68	
332.731	64.36	
332.942	60.47	
333.153	73.16	
333.364	56.17	
333.575	41.42	
333.787	55.35	
333.998	41.62	
334.209	52.07	
334.42	42.44	
334.631	47.36	
334.842	51.05	
335.053	70.09	
335.264	48.18	
335.475	67.63	
335.686	81.15	
335.898	73.37	
336.109	50.43	
336.32	64.36	
336.531	59.44	
336.742	60.26	
336.953	55.55	
337.164	68.86	
337.375	58.01	
337.586	57.6	
337.797	39.58	
338.007	44.7	
338.218	21.96	
338.429	23.4	
338.64	21.96	
338.851	30.57	
339.062	22.37	
339.273	50.43	
339.484	35.69	
339.695	22.37	
339.906	28.93	
340.116	40.19	
340.327	35.48	
340.538	50.64	
340.749	51.86	
340.96	31.18	
341.171	31.79	
341.381	32	
341.592	23.19	
341.803	29.54	
342.014	40.4	
342.224	38.76	
342.435	27.9	
342.646	27.9	
342.857	20.74	
343.067	5.17	
343.278	15	
343.489	17.05	
343.699	25.45	
343.91	39.58	
344.121	37.94	
344.331	23.6	
344.542	27.9	
344.753	35.48	
344.963	32.2	
345.174	45.72	
345.384	60.88	
345.595	76.85	
345.806	73.78	
346.016	62.31	
346.227	62.92	
346.437	55.55	
346.648	46.74	
346.858	36.71	
347.069	41.01	
347.279	50.64	
347.49	41.62	
347.7	51.46	
347.911	51.46	
348.121	58.01	
348.332	59.24	
348.542	60.06	
348.753	42.85	
348.963	47.36	
349.173	42.24	
349.384	54.94	
349.594	60.26	
349.805	68.45	
350.015	62.51	
350.225	71.53	
350.436	58.21	
350.646	69.68	
350.856	62.92	
351.067	67.63	
351.277	49.82	
351.487	36.1	
351.698	20.33	
351.908	20.74	
352.118	20.53	
352.328	23.4	
352.539	46.34	
352.749	40.4	
352.959	45.31	
353.169	40.19	
353.38	52.48	
353.59	42.24	
353.8	56.58	
354.01	63.54	
354.22	70.91	
354.431	95.69	
354.641	79.31	
354.851	77.05	
355.061	67.22	
355.271	82.17	
355.481	56.78	
355.691	70.09	
355.901	50.84	
356.111	60.26	
356.321	36.3	
356.532	30.98	
356.742	18.69	
356.952	25.24	
357.162	19.92	
357.372	34.87	
357.582	32.82	
357.792	27.49	
358.002	32.41	
358.212	33.43	
358.422	27.29	
358.632	33.43	
358.842	48.59	
359.051	68.25	
359.261	61.7	
359.471	70.3	
359.681	73.57	
359.891	56.17	
360.101	42.03	
360.311	35.28	
360.521	16.43	
360.731	27.49	
360.94	44.08	
361.15	53.71	
361.36	67.43	
361.57	74.6	
361.78	67.84	
361.989	66	
362.199	59.03	
362.409	62.51	
362.619	52.89	
362.828	75.21	
363.038	75.21	
363.248	59.03	
363.458	59.44	
363.667	78.9	
363.877	66	
364.087	68.04	
364.296	75.01	
364.506	84.02	
364.716	72.75	
364.925	55.76	
365.135	47.77	
365.345	52.07	
365.554	22.99	
365.764	57.39	
365.973	45.31	
366.183	58.42	
366.393	63.33	
366.602	93.64	
366.812	44.49	
367.021	72.34	
367.231	63.13	
367.44	64.56	
367.65	51.86	
367.859	71.12	
368.069	58.62	
368.278	74.6	
368.488	75.83	
368.697	66.81	
368.907	59.24	
369.116	97.74	
369.326	89.14	
369.535	84.43	
369.744	90.37	
369.954	105.73	
370.163	70.91	
370.373	74.19	
370.582	70.09	
370.791	71.12	
371.001	50.23	
371.21	52.68	
371.419	44.08	
371.629	48.18	
371.838	56.58	
372.047	89.75	
372.256	81.97	
372.466	104.29	
372.675	94.26	
372.884	93.44	
373.093	72.14	
373.303	98.56	
373.512	93.23	
373.721	116.58	
373.93	135.01	
374.139	170.03	
374.349	156.11	
374.558	180.07	
374.767	162.25	
374.976	153.44	
375.185	151.19	
375.394	167.17	
375.603	164.71	
375.813	197.48	
376.022	201.57	
376.231	209.76	
376.44	210.17	
376.649	218.98	
376.858	221.85	
377.067	247.86	
377.276	253.79	
377.485	288.61	
377.694	318.72	
377.903	346.77	
378.112	353.12	
378.321	377.08	
378.53	389.78	
378.739	404.53	
378.948	420.7	
379.157	452.45	
379.366	463.51	
379.575	512.04	
379.784	534.37	
379.992	561.4	
380.201	601.33	
380.41	651.92	
380.619	654.79	
380.828	680.18	
381.037	713.56	
381.246	731.38	
381.454	739.16	
381.663	799.99	
381.872	845.66	
382.081	909.96	
382.29	958.71	
382.498	1018.71	
382.707	1073.6	
382.916	1133.6	
383.125	1152.24	
383.333	1218.18	
383.542	1294.16	
383.751	1337.58	
383.959	1386.32	
384.168	1473.77	
384.377	1567.98	
384.585	1657.68	
384.794	1742.46	
385.003	1834.62	
385.211	1926.98	
385.42	1984.33	
385.628	2044.54	
385.837	2150.21	
386.046	2258.14	
386.254	2366.89	
386.463	2475.84	
386.671	2622.88	
386.88	2721.39	
387.088	2823.79	
387.297	2945.64	
387.505	3089.41	
387.714	3190.58	
387.922	3344.18	
388.131	3505.76	
388.339	3681.89	
388.548	3828.93	
388.756	4006.29	
388.965	4156.81	
389.173	4336.22	
389.381	4511.32	
389.59	4717.34	
389.798	4921.52	
390.007	5162.57	
390.215	5357.33	
390.423	5580.97	
390.632	5777.37	
390.84	6013.71	
391.048	6190.86	
391.257	6466.72	
391.465	6678.27	
391.673	6961.3	
391.882	7210.74	
392.09	7489.47	
392.298	7751.2	
392.506	8049.39	
392.715	8341.63	
392.923	8665.83	
393.131	9000.67	
393.339	9330.39	
393.547	9647.42	
393.756	9969.97	
393.964	10273.07	
394.172	10636.38	
394.38	11000.72	
394.588	11385.73	
394.796	11778.33	
395.005	12179.53	
395.213	12532.19	
395.421	12903.07	
395.629	13301.2	
395.837	13671.68	
396.045	14122.02	
396.253	14601.04	
396.461	15120.82	
396.669	15600.04	
396.877	16171.63	
397.085	16699.39	
397.293	17277.33	
397.501	17793.01	
397.709	18421.12	
397.917	18989.43	
398.125	19661.58	
398.333	20312.83	
398.541	20918.21	
398.749	21606.94	
398.957	22269.46	
399.165	22904.74	
399.373	23549.23	
399.581	24296.13	
399.788	24945.13	
399.996	25660.28	
400.204	26407.99	
400.412	27217.76	
400.62	28001.11	
400.828	28895.66	
401.035	29907.77	
401.243	30690.91	
401.451	31532.83	
401.659	32367.17	
401.867	33156.46	
402.074	33844.78	
402.282	34732.78	
402.49	35508.55	
402.697	36333.47	
402.905	37152.25	
403.113	37903.86	
403.321	38664.47	
403.528	39307.33	
403.736	39909.84	
403.944	40489.62	
404.151	41275.02	
404.359	41865.86	
404.566	42589.4	
404.774	43286.53	
404.982	43850.54	
405.189	44266.49	
405.397	44685.91	
405.604	45004.78	
405.812	45313.41	
406.02	45465.16	
406.227	45694.53	
406.435	45751.88	
406.642	45699.04	
406.85	45748.6	
407.057	45757.2	
407.265	45569.61	
407.472	45505.1	
407.679	45434.85	
407.887	44987.78	
408.094	44646.18	
408.302	43997.59	
408.509	43377.67	
408.717	42799.53	
408.924	42251.08	
409.131	41546.17	
409.339	41055.68	
409.546	40400.13	
409.753	39541.82	
409.961	38747.42	
410.168	37959.15	
410.375	37079.34	
410.583	36171.89	
410.79	35409.84	
410.997	34496.24	
411.205	33772.49	
411.412	32892.68	
411.619	32121.83	
411.826	31136.34	
412.034	30207.18	
412.241	29106.19	
412.448	28222.9	
412.655	27256.06	
412.862	26431.75	
413.07	25659.05	
413.277	24897.62	
413.484	24141.1	
413.691	23399.12	
413.898	22688.47	
414.105	22013.46	
414.312	21452.93	
414.519	20822.57	
414.727	20247.29	
414.934	19775.03	
415.141	19314.03	
415.348	18812.49	
415.555	18354.15	
415.762	17952.34	
415.969	17529.43	
416.176	17176.16	
416.383	16816.13	
416.59	16483.33	
416.797	16124.73	
417.004	15756.3	
417.211	15436	
417.418	15118.36	
417.625	14837.18	
417.831	14571.35	
418.038	14344.43	
418.245	14065.09	
418.452	13755.23	
418.659	13514.6	
418.866	13232.8	
419.073	12920.69	
419.28	12568.23	
419.486	12340.29	
419.693	12056.44	
419.9	11861.07	
420.107	11669.58	
420.314	11463.15	
420.52	11191.18	
420.727	10962.42	
420.934	10688.6	
421.141	10389.81	
421.347	10124.39	
421.554	9930.65	
421.761	9632.06	
421.967	9390.81	
422.174	9172.9	
422.381	8966.47	
422.588	8711.09	
422.794	8504.45	
423.001	8266.27	
423.207	8000.65	
423.414	7760.01	
423.621	7495.21	
423.827	7262.97	
424.034	7031.75	
424.24	6839.86	
424.447	6632.6	
424.654	6486.79	
424.86	6296.74	
425.067	6114.88	
425.273	5921.96	
425.48	5768.97	
425.686	5583.02	
425.893	5428.81	
426.099	5270.91	
426.306	5121.82	
426.512	4957.98	
426.718	4809.3	
426.925	4631.53	
427.131	4490.84	
427.338	4371.65	
427.544	4232.59	
427.75	4111.76	
427.957	4001.99	
428.163	3917.41	
428.37	3808.25	
428.576	3734.93	
428.782	3633.56	
428.988	3577.85	
429.195	3495.11	
429.401	3407.05	
429.607	3306.7	
429.814	3242.6	
430.02	3150.24	
430.226	3053.98	
430.432	2985.99	
430.639	2930.9	
430.845	2860.24	
431.051	2846.11	
431.257	2803.72	
431.463	2751.29	
431.67	2674.29	
431.876	2613.46	
432.082	2522.94	
432.288	2459.05	
432.494	2415.02	
432.7	2381.02	
432.906	2315.28	
433.112	2253.84	
433.318	2206.74	
433.525	2156.77	
433.731	2095.74	
433.937	2068.29	
434.143	2026.93	
434.349	1988.22	
434.555	1945.83	
434.761	1914.7	
434.967	1857.35	
435.173	1819.47	
435.379	1767.86	
435.585	1724.85	
435.791	1677.54	
435.996	1669.96	
436.202	1625.93	
436.408	1586.2	
436.614	1559.78	
436.82	1528.45	
437.026	1462.92	
437.232	1430.15	
437.438	1394.51	
437.644	1331.23	
437.849	1291.5	
438.055	1257.3	
438.261	1221.25	
438.467	1178.66	
438.673	1140.16	
438.878	1100.63	
439.084	1068.27	
439.29	1048.41	
439.496	1013.18	
439.701	1012.16	
439.907	974.47	
440.113	946.42	
440.318	912.63	
440.524	887.23	
440.73	842.79	
440.935	818.01	
441.141	786.06	
441.347	769.27	
441.552	754.73	
441.758	733.63	
441.964	699.84	
442.169	684.48	
442.375	660.52	
442.58	658.27	
442.786	657.86	
442.991	668.71	
443.197	644.96	
443.402	630.42	
443.608	607.68	
443.813	589.46	
444.019	570.41	
444.224	559.97	
444.43	536.21	
444.635	533.34	
444.841	522.49	
445.046	523.51	
445.252	515.93	
445.457	513.89	
445.662	481.12	
445.868	455.31	
446.073	439.55	
446.278	431.76	
446.484	409.64	
446.689	385.68	
446.894	380.56	
447.1	352.71	
447.305	365.82	
447.51	365.82	
447.716	379.74	
447.921	380.15	
448.126	393.06	
448.331	352.51	
448.537	347.59	
448.742	351.89	
448.947	325.88	
449.152	296.6	
449.357	310.93	
449.563	325.88	
449.768	309.91	
449.973	299.67	
450.178	315.03	
450.383	283.08	
450.588	247.04	
450.793	243.96	
450.999	249.29	
451.204	234.95	
451.409	240.48	
451.614	235.57	
451.819	219.8	
452.024	213.86	
452.229	223.28	
452.434	219.8	
452.639	211.81	
452.844	207.1	
453.049	186.21	
453.254	161.02	
453.459	151.19	
453.664	163.27	
453.869	166.96	
454.074	190.51	
454.279	189.9	
454.483	197.68	
454.688	175.15	
454.893	179.25	
455.098	162.46	
455.303	151.6	
455.508	155.49	
455.713	154.06	
455.917	131.53	
456.122	141.16	
456.327	141.98	
456.532	127.84	
456.737	120.88	
456.941	136.24	
457.146	122.52	
457.351	129.48	
457.555	141.16	
457.76	152.62	
457.965	146.89	
458.17	154.47	
458.374	162.25	
458.579	155.9	
458.784	150.17	
458.988	139.93	
459.193	132.35	
459.397	127.43	
459.602	112.28	
459.807	123.54	
460.011	130.51	
460.216	134.6	
460.42	111.46	
460.625	117.2	
460.829	105.73	
461.034	100.4	
461.239	89.55	
461.443	98.35	
461.648	82.79	
461.852	78.69	
462.056	95.28	
462.261	104.7	
462.465	125.59	
462.67	125.59	
462.874	110.44	
463.079	87.09	
463.283	77.26	
463.487	64.77	
463.692	79.92	
463.896	90.78	
464.1	91.8	
464.305	81.77	
464.509	62.92	
464.713	57.19	
464.918	64.77	
465.122	69.89	
465.326	74.8	
465.531	78.08	
465.735	72.75	
465.939	71.53	
466.143	60.47	
466.348	53.91	
466.552	42.24	
466.756	44.29	
466.96	40.81	
467.164	37.94	
467.368	45.72	
467.573	61.49	
467.777	64.56	
467.981	57.6	
468.185	50.23	
468.389	51.25	
468.593	41.42	
468.797	30.98	
469.001	34.66	
469.205	59.24	
469.409	61.29	
469.613	69.48	
469.817	70.91	
470.021	87.7	
470.225	76.65	
470.429	70.3	
470.633	74.19	
470.837	77.26	
471.041	63.54	
471.245	59.24	
471.449	60.67	
471.653	60.26	
471.857	62.51	
472.061	45.31	
472.265	46.95	
472.469	50.02	
472.673	38.96	
472.876	39.78	
473.08	51.25	
473.284	55.35	
473.488	42.24	
473.692	44.7	
473.895	48.79	
474.099	42.44	
474.303	38.76	
474.507	53.3	
474.71	51.86	
474.914	47.56	
475.118	50.64	
475.322	55.76	
475.525	25.04	
475.729	32.2	
475.933	30.77	
476.136	59.44	
476.34	62.51	
476.543	86.48	
476.747	91.8	
476.951	93.64	
477.154	57.6	
477.358	61.29	
477.561	44.29	
477.765	35.07	
477.969	22.78	
478.172	30.98	
478.376	18.69	
478.579	34.46	
478.783	25.24	
478.986	38.14	
479.19	39.78	
479.393	32.41	
479.596	17.25	
479.8	33.02	
480.003	26.47	
480.207	24.01	
480.41	14.18	
480.614	44.29	
480.817	36.91	
481.02	55.76	
481.224	61.49	
481.427	88.11	
481.63	104.29	
481.834	98.97	
482.037	77.26	
482.24	74.19	
482.443	62.51	
482.647	16.03	
482.85	23.6	
483.053	31.59	
483.256	12.95	
483.46	14.8	
483.663	29.34	
483.866	37.12	
484.069	33.43	
484.272	37.12	
484.476	44.29	
484.679	52.48	
484.882	54.73	
485.085	48.59	
485.288	53.09	
485.491	41.83	
485.694	26.47	
485.897	15.82	
486.101	25.86	
486.304	39.17	
486.507	31.79	
486.71	39.99	
486.913	24.63	
487.116	11.72	
487.319	-2.61	
487.522	5.17	
487.725	23.6	
487.928	33.02	
488.13	30.36	
488.333	47.15	
488.536	54.53	
488.739	30.16	
488.942	36.71	
489.145	41.62	
489.348	26.67	
489.551	15.62	
489.754	22.78	
489.956	16.64	
490.159	12.13	
490.362	23.4	
490.565	21.96	
490.768	21.96	
490.97	32.2	
491.173	32	
491.376	21.96	
491.579	26.06	
491.781	19.51	
491.984	6.81	
492.187	20.94	
492.39	25.86	
492.592	22.17	
492.795	32.82	
492.998	25.45	
493.2	16.64	
493.403	25.24	
493.605	43.06	
493.808	43.26	
494.011	47.77	
494.213	51.25	
494.416	41.62	
494.618	27.49	
494.821	19.1	
495.023	30.57	
495.226	25.04	
495.428	35.89	
495.631	37.12	
495.833	55.96	
496.036	51.25	
496.238	50.23	
496.441	45.11	
496.643	49	
496.846	27.49	
497.048	35.48	
497.25	52.27	
497.453	43.47	
497.655	53.09	
497.858	52.89	
498.06	44.9	
498.262	33.43	
498.465	41.22	
498.667	39.58	
498.869	52.07	
499.071	48.18	
499.274	51.46	
499.476	42.24	
499.678	25.45	
499.881	9.06	
500.083	8.65	
500.285	-3.02	
500.487	6.81	
500.689	-0.77	
500.892	3.12	
501.094	6.81	
501.296	30.77	
501.498	27.08	
501.7	20.12	
501.902	11.93	
502.104	5.17	
502.306	-11.21	
502.509	-17.36	
502.711	-10.6	
502.913	2.3	
503.115	-0.36	
503.317	-3.84	
503.519	-3.84	
503.721	14.8	
503.923	24.22	
504.125	23.4	
504.327	22.78	
504.529	26.47	
504.731	27.7	
504.933	27.29	
505.134	31.79	
505.336	31.79	
505.538	27.08	
505.74	12.95	
505.942	-9.98	
506.144	-11.62	
506.346	1.89	
506.548	40.19	
506.749	46.74	
506.951	73.57	
507.153	77.26	
507.355	58.83	
507.557	34.66	
507.758	35.69	
507.96	7.83	
508.162	13.77	
508.363	28.11	
508.565	26.88	
508.767	20.33	
508.969	40.6	
509.17	45.93	
509.372	39.99	
509.574	25.04	
509.775	37.12	
509.977	29.54	
510.178	29.54	
510.38	21.76	
510.582	29.75	
510.783	20.74	
510.985	24.22	
511.186	2.92	
511.388	22.99	
511.589	26.47	
511.791	23.6	
511.992	27.29	
512.194	48.59	
512.395	20.74	
512.597	23.4	
512.798	22.58	
513	25.04	
513.201	20.74	
513.403	55.76	
513.604	47.97	
513.805	50.43	
514.007	39.58	
514.208	27.7	
514.409	0.46	
514.611	-4.45	
514.812	9.06	
515.013	16.03	
515.215	17.66	
515.416	19.71	
515.617	21.15	
515.819	10.09	
516.02	1.48	
516.221	21.15	
516.422	30.57	
516.623	34.66	
516.825	24.63	
517.026	28.31	
517.227	22.17	
517.428	3.74	
517.629	-4.45	
517.83	6.81	
518.032	22.78	
518.233	31.18	
518.434	52.27	
518.635	69.68	
518.836	72.75	
519.037	52.07	
519.238	40.4	
519.439	24.42	
519.64	10.5	
519.841	7.83	
520.042	8.24	
520.243	0.46	
520.444	1.08	
520.645	7.83	
520.846	0.05	
521.047	13.98	
521.248	25.24	
521.449	49.82	
521.65	50.23	
521.851	63.54	
522.052	41.83	
522.252	41.22	
522.453	21.96	
522.654	8.04	
522.855	5.38	
523.056	13.16	
523.257	1.69	
523.457	5.99	
523.658	20.33	
523.859	6.81	
524.06	3.12	
524.26	1.48	
524.461	0.05	
524.662	-3.64	
524.862	-5.27	
525.063	9.47	
525.264	18.07	
525.464	25.86	
525.665	25.86	
525.866	38.35	
526.066	21.15	
526.267	15.62	
526.468	4.15	
526.668	9.88	
526.869	14.18	
527.069	20.74	
527.27	22.99	
527.47	28.52	
527.671	18.89	
527.871	6.2	
528.072	14.39	
528.272	21.15	
528.473	19.71	
528.673	36.51	
528.874	36.1	
529.074	33.23	
529.275	30.98	
529.475	39.17	
529.675	22.37	
529.876	27.08	
530.076	22.99	
530.277	12.34	
530.477	13.16	
530.677	18.28	
530.878	14.59	
531.078	31.39	
531.278	20.53	
531.478	19.3	
531.679	10.09	
531.879	16.23	
532.079	3.94	
532.28	24.83	
532.48	2.71	
532.68	6.6	
532.88	5.58	
533.08	7.22	
533.28	-1.38	
533.481	8.86	
533.681	3.74	
533.881	5.58	
534.081	2.3	
534.281	9.68	
534.481	8.65	
534.681	31.18	
534.881	36.91	
535.081	34.66	
535.281	27.08	
535.481	36.71	
535.682	26.27	
535.882	11.52	
536.082	4.15	
536.281	8.86	
536.481	5.38	
536.681	7.42	
536.881	16.03	
537.081	19.3	
537.281	14.18	
537.481	11.32	
537.681	1.08	
537.881	-16.33	
538.081	-7.53	
538.281	-2	
538.48	-8.96	
538.68	-2.61	
538.88	14.18	
539.08	25.86	
539.28	15.41	
539.479	39.17	
539.679	38.14	
539.879	35.48	
540.079	4.76	
540.278	9.27	
540.478	-22.68	
540.678	-19.4	
540.877	-8.55	
541.077	5.38	
541.277	4.76	
541.476	40.4	
541.676	34.66	
541.876	48.59	
542.075	49.61	
542.275	49.41	
542.474	16.23	
542.674	25.65	
542.874	7.01	
543.073	3.33	
543.273	5.58	
543.472	19.71	
543.672	4.76	
543.871	-5.48	
544.071	-10.19	
544.27	8.24	
544.47	9.88	
544.669	25.86	
544.868	26.47	
545.068	40.6	
545.267	28.52	
545.467	53.3	
545.666	40.19	
545.865	58.21	
546.065	36.71	
546.264	44.29	
546.463	16.23	
546.663	31.79	
546.862	11.93	
547.061	28.11	
547.261	16.03	
547.46	24.63	
547.659	17.25	
547.858	48.38	
548.058	56.37	
548.257	59.44	
548.456	60.06	
548.655	72.34	
548.854	45.11	
549.053	55.55	
549.253	58.01	
549.452	54.94	
549.651	43.67	
549.85	51.86	
550.049	35.28	
550.248	31.79	
550.447	32.2	
550.646	38.96	
550.845	40.6	
551.044	40.4	
551.243	34.66	
551.442	32.82	
551.641	25.04	
551.84	52.68	
552.039	58.42	
552.238	65.79	
552.437	60.88	
552.636	64.56	
552.835	37.12	
553.034	37.73	
553.233	47.77	
553.432	54.53	
553.63	55.55	
553.829	46.95	
554.028	31.39	
554.227	24.63	
554.426	22.37	
554.625	24.63	
554.823	24.42	
555.022	45.31	
555.221	51.86	
555.42	49.2	
555.618	49	
555.817	48.38	
556.016	32.82	
556.214	17.66	
556.413	25.45	
556.612	20.94	
556.81	18.28	
557.009	13.57	
557.208	17.66	
557.406	27.49	
557.605	21.15	
557.803	17.46	
558.002	19.92	
558.201	11.52	
558.399	5.58	
558.598	1.28	
558.796	17.25	
558.995	16.64	
559.193	21.96	
559.392	8.45	
559.59	14.8	
559.789	16.84	
559.987	32.61	
560.185	42.24	
560.384	41.22	
560.582	60.26	
560.781	70.71	
560.979	64.97	
561.177	47.15	
561.376	47.15	
561.574	32	
561.772	4.76	
561.971	19.1	
562.169	39.17	
562.367	35.28	
562.566	28.52	
562.764	33.84	
562.962	21.15	
563.16	14.59	
563.358	25.86	
563.557	35.28	
563.755	43.06	
563.953	34.87	
564.151	27.9	
564.349	18.69	
564.547	12.13	
564.746	5.38	
564.944	9.27	
565.142	11.72	
565.34	21.96	
565.538	14.39	
565.736	18.28	
565.934	5.17	
566.132	11.52	
566.33	15.41	
566.528	42.44	
566.726	23.81	
566.924	33.43	
567.122	15.82	
567.32	-5.27	
567.518	-25.96	
567.716	-14.69	
567.914	-9.98	
568.112	4.76	
568.31	25.24	
568.507	33.84	
568.705	10.29	
568.903	14.59	
569.101	11.11	
569.299	16.03	
569.497	15.82	
569.694	41.83	
569.892	35.07	
570.09	41.83	
570.288	19.92	
570.486	8.86	
570.683	21.15	
570.881	17.05	
571.079	9.06	
571.276	16.84	
571.474	25.86	
571.672	1.08	
571.869	-9.78	
572.067	-3.43	
572.265	-1.79	
572.462	0.67	
572.66	17.25	
572.857	47.36	
573.055	50.43	
573.253	55.14	
573.45	38.14	
573.648	51.05	
573.845	31.79	
574.043	28.31	
574.24	26.67	
574.438	29.75	
574.635	11.93	
574.832	12.54	
575.03	-3.64	
575.227	21.76	
575.425	21.35	
575.622	11.72	
575.82	5.79	
576.017	35.69	
576.214	10.5	
576.412	24.63	
576.609	36.3	
576.806	42.65	
577.004	30.57	
577.201	39.37	
577.398	49.2	
577.595	62.51	
577.793	69.89	
577.99	72.14	
578.187	48.38	
578.384	38.76	
578.582	16.64	
578.779	22.58	
578.976	10.91	
579.173	30.98	
579.37	13.98	
579.567	31.18	
579.764	10.5	
579.962	17.05	
580.159	13.16	
580.356	37.94	
580.553	45.11	
580.75	64.77	
580.947	53.09	
581.144	68.25	
581.341	51.66	
581.538	46.34	
581.735	31.18	
581.932	43.26	
582.129	20.74	
582.326	21.55	
582.523	11.93	
582.72	-0.15	
582.916	-18.38	
583.113	-11.62	
583.31	-14.08	
583.507	-10.8	
583.704	7.42	
583.901	40.81	
584.098	37.53	
584.294	49.61	
584.491	44.49	
584.688	40.81	
584.885	13.77	
585.082	33.64	
585.278	42.03	
585.475	42.65	
585.672	46.13	
585.868	60.26	
586.065	41.01	
586.262	14.18	
586.458	23.19	
586.655	34.66	
586.852	30.16	
587.048	20.33	
587.245	30.77	
587.442	41.42	
587.638	39.78	
587.835	55.96	
588.031	69.27	
588.228	72.14	
588.424	59.44	
588.621	56.78	
588.817	31.59	
589.014	38.14	
589.21	41.22	
589.407	24.63	
589.603	5.17	
589.8	18.28	
589.996	16.03	
590.192	11.72	
590.389	27.7	
590.585	32.61	
590.782	27.49	
590.978	46.95	
591.174	59.85	
591.371	59.65	
591.567	67.43	
591.763	56.37	
591.959	30.16	
592.156	18.69	
592.352	22.17	
592.548	29.13	
592.744	35.28	
592.941	25.04	
593.137	13.16	
593.333	-5.68	
593.529	7.83	
593.725	19.51	
593.922	26.06	
594.118	36.1	
594.314	45.31	
594.51	27.49	
594.706	17.25	
594.902	38.76	
595.098	46.34	
595.294	56.98	
595.49	43.47	
595.686	59.44	
595.882	30.57	
596.078	36.3	
596.274	38.76	
596.47	44.7	
596.666	38.14	
596.862	38.96	
597.058	31.59	
597.254	19.71	
597.45	22.17	
597.646	41.01	
597.842	57.19	
598.037	68.25	
598.233	69.89	
598.429	76.65	
598.625	45.31	
598.821	33.43	
599.017	1.48	
599.212	12.95	
599.408	6.2	
599.604	17.66	
599.8	28.31	
599.995	36.1	
600.191	21.76	
600.387	21.96	
600.582	17.87	
600.778	6.6	
600.974	13.98	
601.169	5.79	
601.365	16.23	
601.561	7.42	
601.756	0.67	
601.952	10.91	
602.147	13.77	
602.343	0.26	
602.538	16.23	
602.734	29.95	
602.93	31.59	
603.125	44.7	
603.321	57.19	
603.516	45.72	
603.711	33.02	
603.907	30.98	
604.102	30.36	
604.298	38.96	
604.493	47.56	
604.689	66	
604.884	61.9	
605.079	63.74	
605.275	43.47	
605.47	36.51	
605.665	32	
605.861	35.89	
606.056	19.1	
606.251	11.93	
606.447	20.74	
606.642	24.22	
606.837	4.15	
607.032	17.87	
607.227	23.81	
607.423	21.55	
607.618	20.33	
607.813	24.63	
608.008	22.17	
608.203	44.49	
608.398	35.48	
608.594	24.63	
608.789	20.33	
608.984	17.05	
609.179	9.47	
609.374	22.78	
609.569	32.41	
609.764	35.07	
609.959	44.7	
610.154	49.61	
610.349	47.36	
610.544	52.07	
610.739	56.78	
610.934	50.23	
611.129	41.83	
611.324	45.52	
611.519	46.34	
611.714	55.14	
611.909	52.68	
612.103	57.19	
612.298	46.54	
612.493	41.42	
612.688	43.26	
612.883	56.58	
613.078	38.35	
613.272	63.74	
613.467	55.55	
613.662	56.17	
613.857	60.88	
614.051	80.13	
614.246	59.44	
614.441	67.63	
614.635	44.49	
614.83	30.16	
615.025	10.29	
615.219	6.6	
615.414	-11.21	
615.609	4.97	
615.803	1.48	
615.998	26.47	
616.192	21.55	
616.387	40.6	
616.582	46.13	
616.776	59.03	
616.971	39.58	
617.165	37.94	
617.36	22.17	
617.554	20.33	
617.749	19.71	
617.943	22.58	
618.138	25.04	
618.332	35.28	
618.526	21.15	
618.721	11.11	
618.915	21.55	
619.11	16.43	
619.304	1.48	
619.498	13.36	
619.693	33.84	
619.887	27.9	
620.081	28.93	
620.275	45.31	
620.47	44.9	
620.664	22.78	
620.858	3.33	
621.052	1.08	
621.247	2.51	
621.441	3.94	
621.635	18.28	
621.829	38.55	
622.023	46.34	
622.218	45.93	
622.412	34.66	
622.606	9.06	
622.8	12.13	
622.994	8.65	
623.188	3.94	
623.382	7.83	
623.576	18.69	
623.77	-3.23	
623.964	10.09	
624.158	13.98	
624.352	-3.84	
624.546	4.97	
624.74	18.48	
624.934	16.03	
625.128	30.98	
625.322	58.83	
625.516	61.9	
625.71	53.3	
625.904	33.02	
626.098	19.1	
626.291	-2.41	
626.485	-6.09	
626.679	-5.68	
626.873	19.92	
627.067	23.81	
627.26	42.65	
627.454	40.6	
627.648	45.31	
627.842	36.71	
628.035	33.23	
628.229	35.89	
628.423	31.79	
628.617	34.46	
628.81	21.15	
629.004	10.7	
629.198	5.58	
629.391	2.92	
629.585	16.84	
629.778	15.62	
629.972	21.96	
630.166	26.88	
630.359	34.46	
630.553	12.75	
630.746	36.71	
630.94	46.54	
631.133	37.53	
631.327	23.81	
631.52	30.36	
631.714	14.18	
631.907	12.34	
632.1	18.48	
632.294	36.3	
632.487	39.37	
632.681	34.87	
632.874	31.39	
633.067	31.59	
633.261	23.4	
633.454	18.28	
633.647	28.93	
633.841	21.55	
634.034	14.59	
634.227	7.42	
634.421	0.67	
634.614	1.48	
634.807	0.05	
635	-16.54	
635.193	-1.18	
635.387	2.71	
635.58	0.46	
635.773	12.75	
635.966	40.4	
636.159	27.7	
636.352	24.83	
636.545	22.58	
636.739	16.03	
636.932	13.36	
637.125	17.25	
637.318	24.42	
637.511	28.31	
637.704	21.15	
637.897	27.29	
638.09	27.08	
638.283	21.35	
638.476	28.31	
638.669	33.02	
638.862	27.49	
639.055	12.34	
639.247	21.35	
639.44	5.58	
639.633	8.65	
639.826	-9.37	
640.019	5.99	
640.212	-4.25	
640.405	11.11	
640.597	-1.38	
640.79	14.18	
640.983	17.66	
641.176	7.22	
641.368	14.39	
641.561	38.35	
641.754	25.04	
641.947	43.47	
642.139	67.63	
642.332	46.13	
642.525	43.88	
642.717	55.76	
642.91	25.24	
643.103	21.96	
643.295	15.62	
643.488	-3.84	
643.68	-22.89	
643.873	-16.33	
644.065	-21.04	
644.258	-11.83	
644.45	-16.33	
644.643	7.83	
644.835	1.69	
645.028	-7.32	
645.22	-12.65	
645.413	-14.28	
645.605	-24.93	
645.798	-23.91	
645.99	-6.71	
646.182	1.48	
646.375	17.87	
646.567	15.21	
646.76	3.12	
646.952	-6.09	
647.144	-5.68	
647.337	-16.74	
647.529	-11.42	
647.721	5.38	
647.913	3.12	
648.106	9.27	
648.298	4.15	
648.49	-0.97	
648.682	-7.53	
648.874	-2.82	
649.067	-15.51	
649.259	3.33	
649.451	11.93	
649.643	18.69	
649.835	21.35	
650.027	31.79	
650.219	26.27	
650.411	26.67	
650.603	17.25	
650.796	27.7	
650.988	25.45	
651.18	22.99	
651.372	27.29	
651.564	33.02	
651.756	-5.27	
651.948	5.17	
652.139	8.04	
652.331	-4.66	
652.523	8.24	
652.715	21.96	
652.907	6.81	
653.099	2.51	
653.291	3.53	
653.483	-9.57	
653.674	3.94	
653.866	9.27	
654.058	5.17	
654.25	3.74	
654.442	5.58	
654.633	5.79	
654.825	-0.36	
655.017	13.77	
655.209	13.36	
655.4	22.58	
655.592	9.06	
655.784	19.1	
655.975	18.69	
656.167	25.65	
656.359	4.76	
656.55	12.95	
656.742	-7.12	
656.933	-0.36	
657.125	-4.86	
657.316	8.86	
657.508	-8.76	
657.7	5.99	
657.891	-11.83	
658.083	-6.71	
658.274	-2.82	
658.466	14.18	
658.657	20.53	
658.848	18.69	
659.04	7.42	
659.231	-5.48	
659.423	1.08	
659.614	-9.57	
659.805	2.3	
659.997	28.93	
660.188	52.48	
660.379	46.74	
660.571	42.44	
660.762	48.79	
660.953	37.53	
661.145	24.63	
661.336	23.81	
661.527	103.27	
661.718	99.99	
661.909	84.63	
662.101	87.5	
662.292	83.81	
662.483	5.99	
662.674	3.33	
662.865	12.75	
663.056	4.97	
663.247	-0.15	
663.439	8.45	
663.63	8.04	
663.821	0.67	
664.012	-0.36	
664.203	18.69	
664.394	17.87	
664.585	22.78	
664.776	18.07	
664.967	16.03	
665.158	18.89	
665.349	31.39	
665.54	25.86	
665.73	37.53	
665.921	35.07	
666.112	23.6	
666.303	6.81	
666.494	33.02	
666.685	35.07	
666.876	53.71	
667.066	54.94	
667.257	61.29	
667.448	28.11	
667.639	27.7	
667.83	15.82	
668.02	19.51	
668.211	11.72	
668.402	22.37	
668.592	16.23	
668.783	11.72	
668.974	3.12	
669.164	11.52	
669.355	-0.97	
669.546	5.58	
669.736	11.32	
669.927	17.46	
670.117	-0.56	
670.308	8.65	
670.499	-2.61	
670.689	-7.73	
670.88	-22.27	
671.07	-9.98	
671.261	-14.08	
671.451	3.33	
671.641	7.22	
671.832	27.29	
672.022	17.87	
672.213	13.98	
672.403	-5.48	
672.594	3.74	
672.784	3.12	
672.974	11.72	
673.165	3.74	
673.355	28.11	
673.545	23.6	
673.736	27.08	
673.926	18.89	
674.116	44.08	
674.306	24.01	
674.497	12.95	
674.687	-1.59	
674.877	5.79	
675.067	-15.1	
675.257	-1.79	
675.448	-4.25	
675.638	10.5	
675.828	6.4	
676.018	21.15	
676.208	11.72	
676.398	28.11	
676.588	9.88	
676.778	17.25	
676.968	1.08	
677.158	7.83	
677.348	-18.79	
677.538	-12.03	
677.728	-5.68	
677.918	5.58	
678.108	-14.08	
678.298	-3.02	
678.488	-10.8	
678.678	-13.06	
678.868	-13.26	
679.058	4.35	
679.248	3.94	
679.438	20.94	
679.627	9.68	
679.817	1.28	
680.007	-7.73	
680.197	-2.61	
680.387	-23.09	
680.576	-6.09	
680.766	4.56	
680.956	-0.36	
681.146	11.11	
681.335	13.16	
681.525	-6.09	
681.715	1.08	
681.904	10.91	
682.094	12.75	
682.284	29.95	
682.473	41.01	
682.663	27.08	
682.852	37.94	
683.042	29.95	
683.231	13.36	
683.421	10.5	
683.61	15	
683.8	2.71	
683.989	2.71	
684.179	19.92	
684.368	14.18	
684.558	13.16	
684.747	6.81	
684.937	-5.07	
685.126	-5.07	
685.316	-0.36	
685.505	-5.68	
685.694	9.88	
685.884	31.39	
686.073	17.87	
686.262	15	
686.452	15.62	
686.641	19.71	
686.83	13.57	
687.019	19.71	
687.209	26.88	
687.398	35.48	
687.587	18.69	
687.776	7.42	
687.965	0.67	
688.155	-11.62	
688.344	-30.67	
688.533	-27.39	
688.722	-30.87	
688.911	-17.15	
689.1	-4.66	
689.289	11.11	
689.478	20.74	
689.667	34.87	
689.856	15.41	
690.045	12.95	
690.234	1.28	
690.423	8.04	
690.612	2.3	
690.801	24.01	
690.99	12.75	
691.179	19.51	
691.368	6.4	
691.557	19.92	
691.746	4.76	
691.935	12.75	
692.124	8.04	
692.312	6.6	
692.501	-4.86	
692.69	0.05	
692.879	3.12	
693.068	18.89	
693.256	21.15	
693.445	27.29	
693.634	18.69	
693.823	11.93	
694.011	-5.48	
694.2	1.08	
694.389	-3.64	
694.577	3.94	
694.766	3.53	
694.955	2.71	
695.143	-9.98	
695.332	-9.16	
695.52	-0.97	
695.709	26.88	
695.897	33.02	
696.086	33.02	
696.275	19.71	
696.463	13.98	
696.652	-13.06	
696.84	-4.25	
697.028	-7.32	
697.217	8.45	
697.405	8.65	
697.594	21.35	
697.782	17.87	
697.971	27.9	
698.159	14.18	
698.347	20.53	
698.536	19.51	
698.724	32.41	
698.912	16.23	
699.1	30.16	
699.289	40.81	
699.477	32.41	
699.665	15.41	
699.854	29.13	
700.042	28.93	
700.23	21.76	
700.418	28.93	
700.606	29.34	
700.794	30.98	
700.983	32.82	
701.171	23.4	
701.359	18.07	
701.547	34.87	
701.735	37.53	
701.923	23.19	
702.111	20.94	
702.299	9.27	
702.487	4.35	
702.675	-7.32	
702.863	-2.82	
703.051	-6.5	
703.239	9.68	
703.427	-4.66	
703.615	-9.78	
703.803	-10.39	
703.991	7.01	
704.179	0.26	
704.367	17.66	
704.554	43.26	
704.742	45.72	
704.93	55.35	
705.118	60.88	
705.306	58.83	
705.493	50.64	
705.681	47.15	
705.869	36.51	
706.057	24.42	
706.244	24.63	
706.432	15	
706.62	16.43	
706.807	-3.23	
706.995	22.78	
707.183	0.05	
707.37	6.2	
707.558	18.89	
707.746	46.13	
707.933	33.02	
708.121	57.6	
708.308	57.39	
708.496	53.09	
708.683	38.35	
708.871	52.48	
709.058	44.29	
709.246	37.94	
709.433	21.96	
709.621	14.18	
709.808	-4.86	
709.995	10.5	
710.183	20.94	
710.37	35.48	
710.558	25.24	
710.745	32.61	
710.932	-1.79	
711.12	2.71	
711.307	-16.95	
711.494	-1.18	
711.681	-10.19	
711.869	-0.36	
712.056	2.71	
712.243	18.69	
712.43	1.89	
712.618	4.15	
712.805	-0.36	
712.992	-13.87	
713.179	-23.09	
713.366	-5.27	
713.553	14.18	
713.74	20.33	
713.928	17.05	
714.115	33.02	
714.302	28.93	
714.489	26.27	
714.676	29.34	
714.863	43.47	
715.05	38.55	
715.237	35.69	
715.424	21.96	
715.611	28.52	
715.798	23.19	
715.984	30.77	
716.171	39.58	
716.358	41.83	
716.545	37.53	
716.732	45.52	
716.919	32.82	
717.106	16.64	
717.293	7.63	
717.479	11.52	
717.666	-14.28	
717.853	-14.49	
718.04	15.62	
718.226	26.27	
718.413	3.74	
718.6	13.98	
718.786	14.39	
718.973	1.28	
719.16	-8.55	
719.346	6.2	
719.533	-1.38	
719.72	10.5	
719.906	-1.59	
720.093	9.27	
720.279	-4.04	
720.466	-3.64	
720.652	-3.64	
720.839	14.18	
721.025	9.88	
721.212	34.05	
721.398	52.07	
721.585	55.96	
721.771	47.56	
721.958	39.58	
722.144	38.96	
722.331	19.51	
722.517	-4.04	
722.703	-1.59	
722.89	5.38	
723.076	-0.15	
723.262	13.36	
723.449	19.3	
723.635	-3.02	
723.821	-8.55	
724.007	-15.92	
724.194	-14.08	
724.38	-15.1	
724.566	-2.41	
724.752	7.01	
724.938	11.32	
725.125	1.48	
725.311	13.16	
725.497	11.52	
725.683	10.09	
725.869	-5.07	
726.055	0.46	
726.241	-12.65	
726.427	-3.84	
726.613	-16.54	
726.799	5.79	
726.985	-10.6	
727.171	9.88	
727.357	13.57	
727.543	27.08	
727.729	14.59	
727.915	36.91	
728.101	19.1	
728.287	19.92	
728.473	16.23	
728.659	24.42	
728.845	20.33	
729.03	21.35	
729.216	11.72	
729.402	4.35	
729.588	0.46	
729.774	-3.23	
729.959	-8.35	
730.145	7.01	
730.331	21.15	
730.517	25.65	
730.702	30.77	
730.888	47.36	
731.074	36.51	
731.259	33.64	
731.445	43.06	
731.63	38.96	
731.816	21.15	
732.002	37.53	
732.187	42.03	
732.373	30.77	
732.558	40.19	
732.744	60.47	
732.929	42.03	
733.115	27.08	
733.3	17.25	
733.486	14.8	
733.671	0.46	
733.857	-0.15	
734.042	9.68	
734.227	17.66	
734.413	27.7	
734.598	42.44	
734.784	41.42	
734.969	34.05	
735.154	38.35	
735.339	30.57	
735.525	26.27	
735.71	39.37	
735.895	34.05	
736.081	17.05	
736.266	6.2	
736.451	-1.79	
736.636	9.68	
736.821	4.15	
737.007	19.92	
737.192	32.2	
737.377	35.28	
737.562	7.42	
737.747	27.9	
737.932	16.43	
738.117	4.35	
738.302	15.62	
738.487	15.41	
738.672	-1.18	
738.857	13.16	
739.042	20.94	
739.227	15.41	
739.412	14.39	
739.597	20.12	
739.782	19.3	
739.967	-1.79	
740.152	-14.49	
740.337	-0.15	
740.522	5.17	
740.706	7.83	
740.891	34.87	
741.076	56.78	
741.261	51.66	
741.446	56.98	
741.63	51.05	
741.815	58.62	
742	45.31	
742.185	37.73	
742.369	33.64	
742.554	21.96	
742.739	2.71	
742.923	-4.66	
743.108	19.71	
743.293	22.99	
743.477	37.73	
743.662	43.88	
743.846	46.95	
744.031	34.87	
744.216	19.92	
744.4	16.23	
744.585	15	
744.769	26.47	
744.954	16.03	
745.138	15	
745.322	26.27	
745.507	17.87	
745.691	9.06	
745.876	2.1	
746.06	11.11	
746.244	3.12	
746.429	20.94	
746.613	12.13	
746.798	29.54	
746.982	28.93	
747.166	41.83	
747.35	13.77	
747.535	9.27	
747.719	9.88	
747.903	30.16	
748.087	13.77	
748.272	23.6	
748.456	35.69	
748.64	37.12	
748.824	14.39	
749.008	13.57	
749.192	13.57	
749.376	18.48	
749.56	-1.59	
749.745	-2	
749.929	10.29	
750.113	17.66	
750.297	2.3	
750.481	14.8	
750.665	20.94	
750.849	5.79	
751.033	5.17	
751.217	2.1	
751.4	-2	
751.584	-7.32	
751.768	-4.86	
751.952	-14.08	
752.136	3.33	
752.32	-14.69	
752.504	-15.31	
752.688	-11.62	
752.871	-6.91	
753.055	-17.77	
753.239	0.46	
753.423	10.7	
753.606	1.69	
753.79	16.84	
753.974	13.77	
754.157	16.03	
754.341	4.97	
754.525	18.89	
754.708	15.62	
754.892	25.04	
755.076	35.28	
755.259	44.9	
755.443	35.89	
755.626	30.57	
755.81	37.73	
755.993	21.76	
756.177	5.79	
756.36	6.81	
756.544	3.74	
756.727	5.58	
756.911	17.25	
757.094	41.83	
757.278	37.73	
757.461	30.16	
757.644	10.5	
757.828	-8.35	
758.011	-14.08	
758.195	-3.02	
758.378	4.76	
758.561	9.47	
758.744	12.75	
758.928	21.96	
759.111	22.58	
759.294	38.35	
759.477	38.96	
759.661	66.2	
759.844	49.2	
760.027	29.34	
760.21	6.6	
760.393	16.23	
760.576	0.26	
760.76	-6.71	
760.943	-0.56	
761.126	19.51	
761.309	34.25	
761.492	32.82	
761.675	41.22	
761.858	31.59	
762.041	9.06	
762.224	-25.96	
762.407	-33.74	
762.59	-35.17	
762.773	-36.4	
762.956	-28.01	
763.139	-8.55	
763.321	0.46	
763.504	-4.25	
763.687	18.07	
763.87	19.51	
764.053	21.76	
764.236	25.65	
764.418	30.57	
764.601	3.74	
764.784	3.33	
764.967	-3.02	
765.149	-5.89	
765.332	-3.23	
765.515	27.9	
765.697	14.18	
765.88	16.84	
766.063	16.43	
766.245	17.87	
766.428	-9.78	
766.611	3.74	
766.793	7.22	
766.976	9.27	
767.158	11.11	
767.341	44.49	
767.523	35.28	
767.706	43.26	
767.888	44.49	
768.071	62.72	
768.253	50.02	
768.436	43.67	
768.618	32.82	
768.8	48.79	
768.983	17.05	
769.165	3.94	
769.348	1.08	
769.53	1.69	
769.712	-15.72	
769.895	-8.14	
770.077	-10.8	
770.259	15.82	
770.441	6.4	
770.624	8.24	
770.806	15	
770.988	20.12	
771.17	-11.83	
771.352	2.92	
771.535	4.35	
771.717	9.88	
771.899	20.33	
772.081	48.18	
772.263	31.59	
772.445	34.66	
772.627	15.82	
772.809	8.86	
772.991	13.77	
773.173	28.11	
773.355	16.03	
773.537	24.83	
773.719	26.27	
773.901	30.77	
774.083	25.45	
774.265	21.15	
774.447	17.05	
774.629	23.4	
774.811	11.72	
774.992	20.12	
775.174	22.78	
775.356	29.95	
775.538	13.16	
775.72	4.76	
775.901	-6.5	
776.083	-9.16	
776.265	-21.45	
776.447	-8.55	
776.628	9.47	
776.81	7.63	
776.992	17.25	
777.173	33.64	
777.355	28.31	
777.537	31.18	
777.718	28.52	
777.9	33.64	
778.081	24.22	
778.263	34.66	
778.444	20.53	
778.626	33.02	
778.807	24.42	
778.989	13.36	
779.17	-8.14	
779.352	-27.19	
779.533	-29.23	
779.715	-26.98	
779.896	-32.31	
780.078	3.33	
780.259	10.5	
780.44	-5.48	
780.622	-15.31	
780.803	25.04	
780.984	1.48	
781.166	-1.59	
781.347	12.34	
781.528	16.84	
781.709	-9.37	
781.891	9.27	
782.072	26.88	
782.253	29.34	
782.434	33.84	
782.615	34.87	
782.796	21.35	
782.978	29.54	
783.159	36.3	
783.34	41.01	
783.521	49.41	
783.702	59.65	
783.883	58.62	
784.064	64.15	
784.245	54.94	
784.426	61.49	
784.607	38.14	
784.788	24.83	
784.969	-3.02	
785.15	-2.41	
785.331	-41.32	
785.512	-25.55	
785.692	-25.96	
785.873	-6.91	
786.054	-14.49	
786.235	7.83	
786.416	10.5	
786.597	21.35	
786.777	7.63	
786.958	21.35	
787.139	22.78	
787.32	33.43	
787.5	30.77	
787.681	40.4	
787.862	50.43	
788.042	57.39	
788.223	36.1	
788.404	16.23	
788.584	8.04	
788.765	-11.21	
788.946	-21.04	
789.126	-11.21	
789.307	7.83	
789.487	23.19	
789.668	27.7	
789.848	21.76	
790.029	15.21	
790.209	3.94	
790.39	-5.89	
790.57	1.28	
790.75	17.46	
790.931	18.28	
791.111	13.77	
791.292	5.38	
791.472	-4.86	
791.652	-6.91	
791.833	-7.32	
792.013	5.58	
792.193	-5.89	
792.373	0.67	
792.554	-9.16	
792.734	-14.28	
792.914	-16.13	
793.094	-1.79	
793.275	9.27	
793.455	19.1	
793.635	36.3	
793.815	40.4	
793.995	45.52	
794.175	35.28	
794.355	41.83	
794.535	35.07	
794.715	31.18	
794.896	23.6	
795.076	15.62	
795.256	16.84	
795.436	3.33	
795.616	15.41	
795.795	20.74	
795.975	27.29	
796.155	35.28	
796.335	58.42	
796.515	58.62	
796.695	78.69	
796.875	95.28	
797.055	75.01	
797.234	60.47	
797.414	50.23	
797.594	27.7	
797.774	10.91	
797.954	15.82	
798.133	19.1	
798.313	-1.59	
798.493	-0.77	
798.672	-2.61	
798.852	-4.04	
799.032	-13.06	
799.211	0.26	
799.391	4.15	
799.571	5.38	
799.75	-6.5	
799.93	10.09	
800.109	9.06	
800.289	0.26	
800.468	-3.84	
800.648	7.42	
800.827	1.08	
801.007	1.08	
801.186	-1.18	
801.366	5.17	
801.545	1.28	
801.725	12.13	
801.904	-2.82	
802.083	7.22	
802.263	7.22	
802.442	12.54	
802.621	3.74	
802.801	28.93	
802.98	33.64	
803.159	16.03	
803.338	5.99	
803.518	11.32	
803.697	-12.65	
803.876	-7.73	
804.055	7.01	
804.235	19.71	
804.414	4.15	
804.593	25.24	
804.772	8.45	
804.951	4.97	
805.13	-13.06	
805.309	-5.89	
805.488	-6.91	
805.667	0.67	
805.846	0.26	
806.025	14.18	
806.204	15.41	
806.383	3.53	
806.562	2.51	
806.741	6.4	
806.92	9.68	
807.099	-2.61	
807.278	0.67	
807.457	-5.89	
807.636	-3.84	
807.814	12.34	
807.993	22.78	
808.172	34.05	
808.351	44.49	
808.53	46.95	
808.708	25.86	
808.887	27.29	
809.066	43.26	
809.244	39.17	
809.423	30.57	
809.602	32	
809.78	44.49	
809.959	35.89	
810.138	36.3	
810.316	45.11	
810.495	53.09	
810.673	32	
810.852	16.23	
811.03	28.52	
811.209	26.67	
811.388	13.36	
811.566	23.6	
811.744	37.53	
811.923	28.11	
812.101	23.6	
812.28	47.77	
812.458	50.64	
812.637	37.53	
812.815	44.7	
812.993	49	
813.172	45.31	
813.35	31.59	
813.528	37.73	
813.706	23.81	
813.885	28.52	
814.063	4.15	
814.241	16.43	
814.419	18.28	
814.598	38.55	
814.776	28.11	
814.954	41.83	
815.132	42.24	
815.31	51.25	
815.488	25.86	
815.666	24.42	
815.844	19.71	
816.022	11.72	
816.201	-9.16	
816.379	7.22	
816.557	19.3	
816.735	17.87	
816.913	16.23	
817.09	30.57	
817.268	26.27	
817.446	16.23	
817.624	9.47	
817.802	30.77	
817.98	17.25	
818.158	12.34	
818.336	9.68	
818.514	20.74	
818.691	11.52	
818.869	23.4	
819.047	39.17	
819.225	45.31	
819.402	46.13	
819.58	58.42	
819.758	63.95	
819.935	43.26	
820.113	28.31	
820.291	19.1	
820.468	-4.25	
820.646	-3.64	
820.824	10.09	
821.001	42.85	
821.179	54.12	
821.356	63.54	
821.534	49	
821.711	30.57	
821.889	31.39	
822.066	27.49	
822.244	18.69	
822.421	31.18	
822.599	51.25	
822.776	30.16	
822.953	14.59	
823.131	10.91	
823.308	3.74	
823.486	13.36	
823.663	13.98	
823.84	31.18	
824.017	29.13	
824.195	40.4	
824.372	22.99	
824.549	24.83	
824.726	27.29	
824.904	31.39	
825.081	36.3	
825.258	35.48	
825.435	35.69	
825.612	27.7	
825.789	10.91	
825.967	6.2	
826.144	25.65	
826.321	35.89	
826.498	27.49	
826.675	52.07	
826.852	35.48	
827.029	29.95	
827.206	25.04	
827.383	25.04	
827.56	40.19	
827.737	39.37	
827.914	30.77	
828.09	21.76	
828.267	27.29	
828.444	-0.15	
828.621	-11.01	
828.798	13.57	
828.975	0.67	
829.151	2.92	
829.328	19.3	
829.505	49.41	
829.682	9.27	
829.858	15.41	
830.035	33.02	
830.212	28.52	
830.389	12.13	
830.565	13.57	
830.742	20.94	
830.918	18.48	
831.095	24.22	
831.272	28.11	
831.448	19.51	
831.625	39.37	
831.801	30.77	
831.978	20.74	
832.154	10.29	
832.331	22.37	
832.507	-4.25	
832.684	0.87	
832.86	5.99	
833.037	47.36	
833.213	49.82	
833.389	64.56	
833.566	53.71	
833.742	45.31	
833.918	13.57	
834.095	7.42	
834.271	-11.62	
834.447	-0.36	
834.624	7.22	
834.8	-4.25	
834.976	9.27	
835.152	17.46	
835.328	4.56	
835.505	6.81	
835.681	14.39	
835.857	9.06	
836.033	22.58	
836.209	43.06	
836.385	41.01	
836.561	50.23	
836.737	69.68	
836.913	54.32	
837.089	39.37	
837.265	42.03	
837.441	48.59	
837.617	16.43	
837.793	20.12	
837.969	17.46	
838.145	14.59	
838.321	18.48	
838.497	39.78	
838.673	50.84	
838.849	45.72	
839.025	51.66	
839.2	34.87	
839.376	34.05	
839.552	30.36	
839.728	54.53	
839.903	39.78	
840.079	49	
840.255	41.01	
840.431	59.24	
840.606	28.72	
840.782	43.26	
840.958	30.98	
841.133	40.4	
841.309	19.71	
841.484	33.23	
841.66	13.98	
841.835	3.53	
842.011	-18.59	
842.186	-16.54	
842.362	-18.38	
842.537	-4.86	
842.713	4.76	
842.888	13.98	
843.064	-3.84	
843.239	-10.19	
843.415	-15.51	
843.59	1.28	
843.765	11.11	
843.941	22.99	
844.116	35.07	
844.291	30.36	
844.467	7.83	
844.642	-0.56	
844.817	18.28	
844.992	13.57	
845.168	16.03	
845.343	36.71	
845.518	42.65	
845.693	43.88	
845.868	39.58	
846.043	29.54	
846.219	4.97	
846.394	18.89	
846.569	9.68	
846.744	8.65	
846.919	21.35	
847.094	56.37	
847.269	40.6	
847.444	41.01	
847.619	44.49	
847.794	60.67	
847.969	54.94	
848.144	74.39	
848.319	69.89	
848.494	78.69	
848.668	80.54	
848.843	86.89	
849.018	75.42	
849.193	71.12	
849.368	70.3	
849.542	64.97	
849.717	52.27	
849.892	44.9	
850.067	50.84	
850.241	51.46	
850.416	41.83	
850.591	39.58	
850.765	35.07	
850.94	46.13	
851.115	28.72	
851.289	40.6	
851.464	37.32	
851.639	36.1	
851.813	24.01	
851.988	50.02	
852.162	30.16	
852.337	29.34	
852.511	35.07	
852.686	32.41	
852.86	18.69	
853.035	23.81	
853.209	30.77	
853.383	45.72	
853.558	34.46	
853.732	44.29	
853.906	42.24	
854.081	40.4	
854.255	17.05	
854.429	35.28	
854.604	27.08	
854.778	39.78	
854.952	24.63	
855.126	44.7	
855.301	39.58	
855.475	22.58	
855.649	15.41	
855.823	17.25	
855.997	6.2	
856.171	5.58	
856.345	14.39	
856.52	11.32	
856.694	20.74	
856.868	19.71	
857.042	15.82	
857.216	31.59	
857.39	44.7	
857.564	45.31	
857.738	39.99	
857.912	44.29	
858.085	26.88	
858.259	12.95	
858.433	22.58	
858.607	30.16	
858.781	23.4	
858.955	9.68	
859.129	8.45	
859.302	-2.2	
859.476	-4.86	
859.65	21.35	
859.824	32	
859.997	33.23	
860.171	45.11	
860.345	51.25	
860.519	30.16	
860.692	36.51	
860.866	44.08	
861.039	49.82	
861.213	35.89	
861.387	28.31	
861.56	19.71	
861.734	24.42	
861.907	4.15	
862.081	9.68	
862.254	19.71	
862.428	38.96	
862.601	36.71	
862.775	38.96	
862.948	58.21	
863.122	61.7	
863.295	49.2	
863.468	43.26	
863.642	31.18	
863.815	13.98	
863.988	6.81	
864.162	8.86	
864.335	5.17	
864.508	25.04	
864.682	25.24	
864.855	22.37	
865.028	39.37	
865.201	46.74	
865.374	32.41	
865.548	51.66	
865.721	54.12	
865.894	55.96	
866.067	45.31	
866.24	58.62	
866.413	50.02	
866.586	61.49	
866.759	28.31	
866.932	38.14	
867.105	25.65	
867.278	15.21	
867.451	7.63	
867.624	24.22	
867.797	27.08	
867.97	42.24	
868.143	38.14	
868.316	45.52	
868.489	41.83	
868.661	38.14	
868.834	36.91	
869.007	52.68	
869.18	39.37	
869.353	40.6	
869.525	47.97	
869.698	38.35	
869.871	28.11	
870.044	43.47	
870.216	53.3	
870.389	42.24	
870.562	45.31	
870.734	55.14	
870.907	46.74	
871.079	46.95	
871.252	34.66	
871.425	39.99	
871.597	10.09	
871.77	20.53	
871.942	19.1	
872.115	33.64	
872.287	21.35	
872.459	44.29	
872.632	29.54	
872.804	19.1	
872.977	4.76	
873.149	14.59	
873.321	7.01	
873.494	19.3	
873.666	38.96	
873.838	51.46	
874.011	38.96	
874.183	60.47	
874.355	39.78	
874.528	27.08	
874.7	11.72	
874.872	34.87	
875.044	27.7	
875.216	52.27	
875.388	53.09	
875.561	68.04	
875.733	43.67	
875.905	29.54	
876.077	-6.91	
876.249	9.06	
876.421	1.89	
876.593	-3.02	
876.765	15.41	
876.937	41.83	
877.109	20.33	
877.281	30.16	
877.453	33.43	
877.625	22.99	
877.797	16.84	
877.968	14.8	
878.14	8.04	
878.312	16.23	
878.484	9.47	
878.656	20.94	
878.828	21.55	
878.999	44.9	
879.171	31.39	
879.343	35.69	
879.515	20.33	
879.686	24.42	
879.858	-3.43	
880.03	12.34	
880.201	17.66	
880.373	11.11	
880.545	12.95	
880.716	27.7	
880.888	39.37	
881.059	25.86	
881.231	29.13	
881.402	25.65	
881.574	16.23	
881.745	9.68	
881.917	35.69	
882.088	42.65	
882.26	38.35	
882.431	50.43	
882.602	23.4	
882.774	-2.2	
882.945	-21.45	
883.116	-22.89	
883.288	-32.31	
883.459	-32.31	
883.63	-22.48	
883.802	-0.36	
883.973	6.2	
884.144	11.93	
884.315	32.2	
884.487	44.08	
884.658	44.7	
884.829	61.08	
885	48.18	
885.171	46.13	
885.342	26.27	
885.513	25.86	
885.684	0.05	
885.855	15.62	
886.026	10.7	
886.197	26.47	
886.368	15.41	
886.539	26.47	
886.71	22.37	
886.881	30.98	
887.052	18.28	
887.223	24.22	
887.394	21.35	
887.565	34.05	
887.736	23.19	
887.907	28.93	
888.077	31.18	
888.248	31.18	
888.419	11.11	
888.59	11.11	
888.761	25.45	
888.931	23.6	
889.102	28.52	
889.273	27.9	
889.443	21.35	
889.614	4.15	
889.785	8.24	
889.955	14.59	
890.126	5.38	
890.296	30.36	
890.467	28.93	
890.637	38.55	
890.808	36.71	
890.978	55.35	
891.149	49.2	
891.319	68.45	
891.49	62.72	
891.66	64.56	
891.831	55.55	
892.001	54.53	
892.172	34.66	
892.342	25.45	
892.512	11.52	
892.683	18.48	
892.853	21.15	
893.023	24.01	
893.193	18.28	
893.364	23.19	
893.534	17.05	
893.704	17.66	
893.874	18.48	
894.044	32.82	
894.215	29.95	
894.385	56.78	
894.555	48.38	
894.725	52.27	
894.895	37.12	
895.065	42.85	
895.235	25.45	
895.405	35.48	
895.575	33.23	
895.745	47.62	
895.915	51.11	
