177.618	-107.69	
177.836	-130.22	
178.054	-135.13	
178.271	-115.27	
178.489	-74.31	
178.706	-56.9	
178.924	-17.17	
179.142	17.24	
179.359	25.84	
179.577	-8.36	
179.794	-4.06	
180.012	1.47	
180.229	-19.22	
180.447	-25.77	
180.664	-9.39	
180.882	-12.66	
181.1	-14.1	
181.317	-3.04	
181.535	0.65	
181.752	-8.57	
181.969	-0.99	
182.187	6.79	
182.404	26.04	
182.622	17.85	
182.839	37.92	
183.057	38.74	
183.274	31.98	
183.492	19.9	
183.709	33.83	
183.926	16.42	
184.144	12.94	
184.361	17.85	
184.579	27.68	
184.796	22.97	
185.013	42.43	
185.231	38.13	
185.448	33.01	
185.666	28.5	
185.883	23.38	
186.1	11.5	
186.317	14.98	
186.535	10.48	
186.752	6.38	
186.969	17.24	
187.187	31.16	
187.404	18.06	
187.621	43.04	
187.839	47.14	
188.056	39.76	
188.273	31.57	
188.49	57.79	
188.708	30.55	
188.925	45.91	
189.142	46.32	
189.359	49.19	
189.576	30.34	
189.794	40.79	
190.011	24.4	
190.228	32.6	
190.445	21.95	
190.662	44.07	
190.879	36.28	
191.097	34.85	
191.314	25.43	
191.531	28.09	
191.748	-5.9	
191.965	3.93	
192.182	-5.7	
192.399	-6.31	
192.616	9.45	
192.834	43.86	
193.051	34.24	
193.268	47.14	
193.485	55.74	
193.702	36.49	
193.919	12.94	
194.136	15.6	
194.353	15.19	
194.57	18.06	
194.787	22.56	
195.004	53.28	
195.221	53.49	
195.438	58.81	
195.655	46.73	
195.872	60.45	
196.089	24.4	
196.306	31.98	
196.523	26.04	
196.74	28.5	
196.957	5.56	
197.173	23.79	
197.39	6.79	
197.607	12.73	
197.824	12.53	
198.041	25.43	
198.258	21.33	
198.475	44.68	
198.692	25.22	
198.909	24.2	
199.125	12.12	
199.342	26.25	
199.559	17.85	
199.776	34.44	
199.993	49.8	
200.21	59.22	
200.426	38.13	
200.643	39.56	
200.86	39.56	
201.077	40.79	
201.293	37.31	
201.51	37.51	
201.727	19.9	
201.944	6.38	
202.16	-8.77	
202.377	-10.41	
202.594	-17.37	
202.811	-6.11	
203.027	-4.06	
203.244	3.31	
203.461	1.06	
203.677	27.68	
203.894	33.62	
204.111	41.81	
204.327	30.96	
204.544	30.55	
204.761	15.19	
204.977	3.72	
205.194	-7.34	
205.41	4.33	
205.627	-6.11	
205.844	-2.42	
206.06	-5.7	
206.277	8.43	
206.493	-4.68	
206.71	15.19	
206.926	15.39	
207.143	39.97	
207.36	21.33	
207.576	40.58	
207.793	30.14	
208.009	30.55	
208.226	13.55	
208.442	29.73	
208.659	30.34	
208.875	38.13	
209.092	38.33	
209.308	32.8	
209.524	18.67	
209.741	24.2	
209.957	44.88	
210.174	44.68	
210.39	43.66	
210.607	50.41	
210.823	27.27	
211.039	4.13	
211.256	8.84	
211.472	8.84	
211.688	18.88	
211.905	31.37	
212.121	24.61	
212.338	22.56	
212.554	37.31	
212.77	34.85	
212.987	29.12	
213.203	43.86	
213.419	55.74	
213.635	51.03	
213.852	40.58	
214.068	34.24	
214.284	26.86	
214.501	38.33	
214.717	30.55	
214.933	47.75	
215.149	36.49	
215.365	39.97	
215.582	14.98	
215.798	21.54	
216.014	13.35	
216.23	40.99	
216.447	39.76	
216.663	36.9	
216.879	16.62	
217.095	19.9	
217.311	10.89	
217.527	12.94	
217.743	11.91	
217.96	32.8	
218.176	16.83	
218.392	11.71	
218.608	12.12	
218.824	0.24	
219.04	-3.65	
219.256	11.5	
219.472	6.18	
219.688	10.68	
219.904	41.2	
220.12	54.51	
220.336	53.28	
220.552	55.33	
220.768	51.44	
220.984	44.48	
221.2	21.54	
221.416	32.6	
221.632	21.54	
221.848	22.77	
222.064	7.61	
222.28	14.98	
222.496	-2.42	
222.712	18.06	
222.928	8.43	
223.144	19.9	
223.36	27.48	
223.576	30.96	
223.792	18.26	
224.008	34.03	
224.224	33.01	
224.439	35.05	
224.655	20.1	
224.871	41.4	
225.087	19.08	
225.303	11.5	
225.519	0.85	
225.734	27.07	
225.95	27.27	
226.166	47.55	
226.382	51.85	
226.598	55.12	
226.813	48.78	
227.029	24.4	
227.245	14.17	
227.461	19.9	
227.677	26.66	
227.892	19.9	
228.108	29.52	
228.324	53.08	
228.539	37.31	
228.755	33.21	
228.971	37.51	
229.186	45.91	
229.402	28.71	
229.618	45.91	
229.833	48.16	
230.049	61.88	
230.265	42.63	
230.48	60.45	
230.696	58.2	
230.912	54.31	
231.127	43.25	
231.343	55.94	
231.558	30.96	
231.774	31.78	
231.99	53.9	
232.205	45.09	
232.421	36.28	
232.636	37.72	
232.852	32.6	
233.067	18.67	
233.283	25.43	
233.498	45.29	
233.714	42.84	
233.929	49.19	
234.145	45.7	
234.36	53.9	
234.576	51.85	
234.791	72.74	
235.007	78.88	
235.222	93.22	
235.438	78.68	
235.653	81.75	
235.868	76.42	
236.084	82.57	
236.299	76.63	
236.515	81.13	
236.73	69.67	
236.945	59.43	
237.161	35.87	
237.376	35.67	
237.592	26.04	
237.807	16.21	
238.022	3.31	
238.238	3.93	
238.453	-12.05	
238.668	-4.47	
238.883	-21.47	
239.099	-5.5	
239.314	1.67	
239.529	17.85	
239.745	34.24	
239.96	60.24	
240.175	50.82	
240.39	60.86	
240.605	43.66	
240.821	33.62	
241.036	36.49	
241.251	52.46	
241.466	47.55	
241.681	50.21	
241.897	45.91	
242.112	53.08	
242.327	30.96	
242.542	26.86	
242.757	34.03	
242.972	33.62	
243.188	7.82	
243.403	25.43	
243.618	24.4	
243.833	20.31	
244.048	31.37	
244.263	38.33	
244.478	37.72	
244.693	25.63	
244.908	28.5	
245.123	15.6	
245.338	47.96	
245.553	44.68	
245.768	46.73	
245.983	46.52	
246.198	37.51	
246.413	29.73	
246.628	34.03	
246.843	33.62	
247.058	31.98	
247.273	35.67	
247.488	18.26	
247.703	13.55	
247.918	14.57	
248.133	24.2	
248.348	27.07	
248.563	38.13	
248.778	40.99	
248.993	54.1	
249.207	53.08	
249.422	53.9	
249.637	37.1	
249.852	35.67	
250.067	34.44	
250.282	31.16	
250.496	24.81	
250.711	46.11	
250.926	49.59	
251.141	59.43	
251.356	49.39	
251.57	61.47	
251.785	43.66	
252	28.3	
252.215	7	
252.43	32.19	
252.644	38.74	
252.859	47.34	
253.074	52.26	
253.288	56.35	
253.503	31.16	
253.718	32.6	
253.932	56.56	
254.147	61.88	
254.362	51.44	
254.576	54.92	
254.791	50	
255.006	32.6	
255.22	48.57	
255.435	59.43	
255.65	60.24	
255.864	64.55	
256.079	50.82	
256.293	44.48	
256.508	40.99	
256.723	68.85	
256.937	46.11	
257.152	32.39	
257.366	21.13	
257.581	26.45	
257.795	2.7	
258.01	17.24	
258.224	30.14	
258.439	39.36	
258.653	29.12	
258.868	35.05	
259.082	28.91	
259.297	30.14	
259.511	7.61	
259.726	0.24	
259.94	-8.36	
260.154	-5.7	
260.369	3.52	
260.583	24.61	
260.798	28.71	
261.012	36.69	
261.226	37.72	
261.441	22.77	
261.655	11.5	
261.869	34.44	
262.084	29.93	
262.298	29.52	
262.512	19.49	
262.727	20.51	
262.941	19.08	
263.155	18.26	
263.37	26.45	
263.584	65.77	
263.798	59.02	
264.012	62.09	
264.227	63.52	
264.441	81.34	
264.655	56.56	
264.869	89.94	
265.084	70.89	
265.298	68.23	
265.512	42.43	
265.726	43.25	
265.94	11.71	
266.155	25.84	
266.369	27.27	
266.583	31.57	
266.797	42.02	
267.011	61.88	
267.225	69.87	
267.439	64.34	
267.654	63.32	
267.868	50.62	
268.082	23.18	
268.296	-12.87	
268.51	-16.14	
268.724	-8.77	
268.938	-11.84	
269.152	4.33	
269.366	15.19	
269.58	26.25	
269.794	18.67	
270.008	48.37	
270.222	41.2	
270.436	46.52	
270.65	28.3	
270.864	34.44	
271.078	16.83	
271.292	21.74	
271.506	26.86	
271.72	48.98	
271.934	52.46	
272.148	45.09	
272.362	48.98	
272.575	57.38	
272.789	39.76	
273.003	35.26	
273.217	43.86	
273.431	38.33	
273.645	31.57	
273.859	45.91	
274.073	53.9	
274.286	54.31	
274.5	59.83	
274.714	42.22	
274.928	52.67	
275.142	42.02	
275.355	37.51	
275.569	42.63	
275.783	61.47	
275.997	39.36	
276.21	45.09	
276.424	59.43	
276.638	30.55	
276.852	30.34	
277.065	34.03	
277.279	40.58	
277.493	28.09	
277.706	61.06	
277.92	63.93	
278.134	54.31	
278.347	35.87	
278.561	18.88	
278.775	17.03	
278.988	12.32	
279.202	34.03	
279.415	47.34	
279.629	59.43	
279.843	64.34	
280.056	81.34	
280.27	86.46	
280.483	65.16	
280.697	53.49	
280.91	41.81	
281.124	54.31	
281.337	44.68	
281.551	64.75	
281.764	74.78	
281.978	69.87	
282.191	49.19	
282.405	37.72	
282.618	15.6	
282.832	21.33	
283.045	19.9	
283.259	9.45	
283.472	19.29	
283.686	27.27	
283.899	12.53	
284.112	9.86	
284.326	25.63	
284.539	33.21	
284.752	42.84	
284.966	66.59	
285.179	79.29	
285.393	79.09	
285.606	45.7	
285.819	63.32	
286.033	44.68	
286.246	65.16	
286.459	54.71	
286.672	84.41	
286.886	50.62	
287.099	79.7	
287.312	49.59	
287.525	41.81	
287.739	28.5	
287.952	47.55	
288.165	42.02	
288.378	54.31	
288.592	56.97	
288.805	55.12	
289.018	59.63	
289.231	59.22	
289.444	60.04	
289.657	51.23	
289.871	54.1	
290.084	42.43	
290.297	49.39	
290.51	41.61	
290.723	49.8	
290.936	74.99	
291.149	86.46	
291.362	79.29	
291.575	76.63	
291.789	73.56	
292.002	61.27	
292.215	62.91	
292.428	35.46	
292.641	48.37	
292.854	59.83	
293.067	51.85	
293.28	40.58	
293.493	54.71	
293.706	44.68	
293.919	46.32	
294.132	49.39	
294.345	57.58	
294.558	51.03	
294.77	52.67	
294.983	66.18	
295.196	80.72	
295.409	77.86	
295.622	104.48	
295.835	104.48	
296.048	98.95	
296.261	82.36	
296.474	84.41	
296.686	63.32	
296.899	67	
297.112	62.5	
297.325	60.65	
297.538	64.34	
297.751	72.53	
297.963	74.58	
298.176	73.35	
298.389	64.55	
298.602	59.02	
298.814	100.18	
299.027	94.45	
299.24	78.88	
299.453	103.66	
299.665	92.6	
299.878	49.39	
300.091	40.38	
300.303	44.68	
300.516	19.08	
300.729	21.13	
300.941	27.27	
301.154	26.86	
301.367	23.59	
301.579	41.61	
301.792	54.1	
302.005	35.05	
302.217	35.67	
302.43	47.55	
302.642	29.32	
302.855	21.95	
303.067	25.22	
303.28	34.44	
303.493	5.15	
303.705	35.05	
303.918	38.33	
304.13	51.85	
304.343	50.82	
304.555	89.12	
304.768	58.81	
304.98	61.27	
305.193	50.82	
305.405	46.93	
305.617	26.25	
305.83	42.02	
306.042	29.73	
306.255	35.67	
306.467	37.51	
306.68	29.12	
306.892	20.1	
307.104	37.72	
307.317	26.25	
307.529	33.42	
307.741	40.17	
307.954	60.86	
308.166	54.1	
308.378	70.69	
308.591	67.82	
308.803	86.46	
309.015	90.76	
309.228	98.75	
309.44	77.04	
309.652	82.36	
309.864	57.38	
310.077	26.66	
310.289	14.98	
310.501	35.46	
310.713	16.01	
310.926	37.51	
311.138	42.63	
311.35	50.62	
311.562	34.03	
311.774	59.22	
311.986	61.47	
312.199	79.7	
312.411	57.17	
312.623	59.83	
312.835	45.09	
313.047	27.48	
313.259	12.53	
313.471	27.48	
313.683	38.33	
313.895	36.08	
314.108	35.46	
314.32	36.69	
314.532	13.14	
314.744	13.55	
314.956	15.8	
315.168	16.62	
315.38	5.77	
315.592	44.68	
315.804	40.38	
316.016	65.36	
316.228	68.64	
316.44	81.34	
316.651	71.92	
316.863	76.83	
317.075	50.82	
317.287	50.62	
317.499	47.55	
317.711	44.68	
317.923	40.79	
318.135	26.45	
318.347	26.25	
318.559	46.32	
318.77	50.21	
318.982	51.44	
319.194	63.73	
319.406	58.81	
319.618	44.27	
319.83	36.9	
320.041	33.42	
320.253	40.17	
320.465	35.46	
320.677	39.76	
320.888	35.46	
321.1	38.13	
321.312	55.94	
321.524	71.1	
321.735	50.82	
321.947	42.22	
322.159	19.08	
322.37	-4.27	
322.582	-10.82	
322.794	16.21	
323.005	37.31	
323.217	49.59	
323.429	51.23	
323.64	68.85	
323.852	42.02	
324.063	24.2	
324.275	40.17	
324.487	48.16	
324.698	37.72	
324.91	61.47	
325.121	61.68	
325.333	37.92	
325.544	36.28	
325.756	43.25	
325.967	32.19	
326.179	53.28	
326.39	83.8	
326.602	85.64	
326.813	58.2	
327.025	63.52	
327.236	33.01	
327.448	3.52	
327.659	-8.36	
327.871	18.88	
328.082	15.6	
328.293	46.11	
328.505	62.7	
328.716	74.38	
328.928	68.85	
329.139	72.74	
329.35	59.63	
329.562	66.59	
329.773	65.16	
329.984	57.79	
330.196	56.35	
330.407	60.24	
330.618	53.9	
330.83	48.57	
331.041	43.45	
331.252	27.89	
331.463	17.03	
331.675	27.27	
331.886	38.33	
332.097	56.15	
332.308	61.06	
332.52	74.38	
332.731	58.81	
332.942	56.56	
333.153	62.09	
333.364	72.94	
333.575	72.33	
333.787	79.9	
333.998	58.4	
334.209	58.4	
334.42	47.14	
334.631	41.4	
334.842	45.7	
335.053	75.6	
335.264	62.09	
335.475	77.86	
335.686	75.81	
335.898	71.1	
336.109	46.93	
336.32	54.71	
336.531	46.52	
336.742	57.79	
336.953	55.33	
337.164	58.61	
337.375	48.78	
337.586	46.73	
337.797	21.54	
338.007	27.07	
338.218	25.84	
338.429	38.54	
338.64	52.46	
338.851	67	
339.062	68.64	
339.273	75.6	
339.484	60.45	
339.695	29.52	
339.906	33.21	
340.116	40.38	
340.327	38.33	
340.538	37.1	
340.749	58.4	
340.96	61.47	
341.171	39.97	
341.381	46.73	
341.592	44.07	
341.803	38.74	
342.014	33.42	
342.224	50	
342.435	42.22	
342.646	40.79	
342.857	35.67	
343.067	29.93	
343.278	28.09	
343.489	31.78	
343.699	30.14	
343.91	39.36	
344.121	47.34	
344.331	38.13	
344.542	36.08	
344.753	60.04	
344.963	62.29	
345.174	58.81	
345.384	61.06	
345.595	74.17	
345.806	58.4	
346.016	54.1	
346.227	57.79	
346.437	55.94	
346.648	37.72	
346.858	44.27	
347.069	36.08	
347.279	47.96	
347.49	43.66	
347.7	52.46	
347.911	43.45	
348.121	47.96	
348.332	39.36	
348.542	27.68	
348.753	16.21	
348.963	28.5	
349.173	31.16	
349.384	38.95	
349.594	59.22	
349.805	78.88	
350.015	70.69	
350.225	84	
350.436	72.33	
350.646	89.33	
350.856	78.88	
351.067	79.5	
351.277	54.31	
351.487	60.86	
351.698	39.36	
351.908	38.33	
352.118	43.04	
352.328	52.67	
352.539	57.58	
352.749	51.03	
352.959	39.76	
353.169	32.6	
353.38	22.15	
353.59	26.66	
353.8	38.74	
354.01	47.14	
354.22	48.98	
354.431	79.9	
354.641	63.52	
354.851	62.91	
355.061	69.26	
355.271	82.57	
355.481	62.7	
355.691	68.23	
355.901	62.91	
356.111	63.32	
356.321	52.87	
356.532	53.28	
356.742	35.67	
356.952	43.25	
357.162	46.32	
357.372	40.79	
357.582	33.62	
357.792	26.66	
358.002	17.03	
358.212	15.8	
358.422	17.44	
358.632	21.95	
358.842	32.8	
359.051	42.02	
359.261	41.4	
359.471	43.45	
359.681	52.87	
359.891	48.78	
360.101	30.75	
360.311	17.24	
360.521	16.21	
360.731	20.92	
360.94	38.95	
361.15	65.57	
361.36	77.24	
361.57	77.86	
361.78	69.46	
361.989	51.85	
362.199	42.43	
362.409	38.74	
362.619	34.03	
362.828	60.45	
363.038	69.67	
363.248	66.59	
363.458	69.46	
363.667	74.17	
363.877	51.03	
364.087	50.41	
364.296	42.43	
364.506	51.64	
364.716	43.66	
364.925	29.12	
365.135	24.61	
365.345	27.07	
365.554	22.56	
365.764	54.71	
365.973	76.01	
366.183	96.49	
366.393	105.71	
366.602	113.49	
366.812	71.92	
367.021	64.75	
367.231	50.21	
367.44	47.75	
367.65	30.96	
367.859	52.05	
368.069	42.84	
368.278	55.33	
368.488	58.4	
368.697	52.05	
368.907	41.61	
369.116	83.59	
369.326	78.06	
369.535	64.95	
369.744	76.22	
369.954	86.25	
370.163	54.31	
370.373	68.03	
370.582	76.63	
370.791	65.36	
371.001	55.74	
371.21	63.73	
371.419	37.72	
371.629	38.95	
371.838	53.69	
372.047	87.48	
372.256	87.28	
372.466	111.44	
372.675	111.85	
372.884	117.79	
373.093	94.24	
373.303	107.55	
373.512	95.47	
373.721	102.23	
373.93	96.49	
374.139	129.06	
374.349	115.33	
374.558	139.3	
374.767	135.61	
374.976	145.64	
375.185	144.42	
375.394	152.4	
375.603	161.62	
375.813	181.07	
376.022	192.95	
376.231	189.27	
376.44	208.31	
376.649	214.25	
376.858	241.9	
377.067	255.21	
377.276	266.47	
377.485	295.35	
377.694	312.14	
377.903	323.2	
378.112	327.91	
378.321	360.89	
378.53	359.86	
378.739	370.51	
378.948	383.82	
379.157	410.65	
379.366	435.02	
379.575	451.82	
379.784	473.73	
379.992	496.46	
380.201	550.73	
380.41	572.44	
380.619	605.21	
380.828	648.83	
381.037	684.87	
381.246	698.39	
381.454	719.08	
381.663	792.8	
381.872	839.91	
382.081	900.32	
382.29	956.03	
382.498	1037.33	
382.707	1086.07	
382.916	1138.7	
383.125	1192.16	
383.333	1255.23	
383.542	1301.31	
383.751	1367.05	
383.959	1445.7	
384.168	1526.59	
384.377	1615.27	
384.585	1717.46	
384.794	1804.7	
385.003	1890.1	
385.211	1997.21	
385.42	2090.19	
385.628	2184.6	
385.837	2286.39	
386.046	2414.79	
386.254	2509.41	
386.463	2621.23	
386.671	2760.29	
386.88	2887.67	
387.088	3007.68	
387.297	3154.32	
387.505	3314.88	
387.714	3431.82	
387.922	3582.14	
388.131	3746.38	
388.339	3903.87	
388.548	4073.03	
388.756	4245.27	
388.965	4407.47	
389.173	4565.78	
389.381	4759.31	
389.59	4953.05	
389.798	5190.61	
390.007	5440.87	
390.215	5644.85	
390.423	5847.6	
390.632	6050.55	
390.84	6264.77	
391.048	6425.13	
391.257	6678.05	
391.465	6915.41	
391.673	7171.82	
391.882	7414.5	
392.09	7685.86	
392.298	7970.52	
392.506	8248.84	
392.715	8532.49	
392.923	8826.98	
393.131	9170.43	
393.339	9492.57	
393.547	9811.24	
393.756	10085.05	
393.964	10401.05	
394.172	10756.58	
394.38	11089.78	
394.588	11454.32	
394.796	11909.38	
395.005	12282.32	
395.213	12653.41	
395.421	12993.58	
395.629	13414.64	
395.837	13759.72	
396.045	14240.18	
396.253	14678.03	
396.461	15256.58	
396.669	15716.56	
396.877	16298.79	
397.085	16765.73	
397.293	17290.01	
397.501	17745.48	
397.709	18315.43	
397.917	18806.94	
398.125	19421.13	
398.333	20024.25	
398.541	20652.37	
398.749	21332.29	
398.957	22024.91	
399.165	22689.07	
399.373	23331.72	
399.581	24018.41	
399.788	24667.41	
399.996	25356.96	
400.204	26117.78	
400.412	26948.23	
400.62	27789.74	
400.828	28721.16	
401.035	29692.71	
401.243	30508.42	
401.451	31372.46	
401.659	32161.34	
401.867	32918.67	
402.074	33760.18	
402.282	34696.72	
402.49	35539.46	
402.697	36562.22	
402.905	37512.68	
403.113	38297.25	
403.321	39064.01	
403.528	39848.39	
403.736	40463.6	
403.944	41055.66	
404.151	41902.91	
404.359	42530.61	
404.566	43144.18	
404.774	43809.77	
404.982	44354.33	
405.189	44631.01	
405.397	45080.74	
405.604	45435.86	
405.812	45729.33	
406.02	45969.36	
406.227	46343.72	
406.435	46565.52	
406.642	46661.98	
406.85	46852.64	
407.057	46931.29	
407.265	46797.96	
407.472	46737.14	
407.679	46586	
407.887	46137.29	
408.094	45826	
408.302	45246.22	
408.509	44572.44	
408.717	44048.57	
408.924	43404.48	
409.131	42678.27	
409.339	42150.71	
409.546	41488.4	
409.753	40695.63	
409.961	40064.04	
410.168	39305.06	
410.375	38366.89	
410.583	37380.58	
410.79	36521.87	
410.997	35491.33	
411.205	34571.59	
411.412	33688.92	
411.619	32883.86	
411.826	31803.96	
412.034	30832.2	
412.241	29811.29	
412.448	28900.35	
412.655	27957.06	
412.862	27152.21	
413.07	26368.25	
413.277	25571.38	
413.484	24759.16	
413.691	24006.12	
413.898	23288.72	
414.105	22555.34	
414.312	21976.79	
414.519	21360.76	
414.727	20788.15	
414.934	20247.69	
415.141	19756.79	
415.348	19187.45	
415.555	18642.9	
415.762	18137.25	
415.969	17676.26	
416.176	17283.25	
416.383	16930.18	
416.59	16610.9	
416.797	16253.74	
417.004	15965.38	
417.211	15638.32	
417.418	15285.46	
417.625	14986.86	
417.831	14689.29	
418.038	14383.94	
418.245	14072.86	
418.452	13744.16	
418.659	13459.28	
418.866	13210.25	
419.073	12923.33	
419.28	12588.28	
419.486	12375.09	
419.693	12062.16	
419.9	11863.92	
420.107	11625.12	
420.314	11388.99	
420.52	11081.39	
420.727	10856.32	
420.934	10548.3	
421.141	10272.85	
421.347	10084.23	
421.554	9873.09	
421.761	9616.48	
421.967	9400.01	
422.174	9131.93	
422.381	8872.65	
422.588	8638.98	
422.794	8403.67	
423.001	8176.96	
423.207	7949.84	
423.414	7691.59	
423.621	7458.33	
423.827	7245.54	
424.034	6995.69	
424.24	6804.41	
424.447	6604.73	
424.654	6455.64	
424.86	6279.31	
425.067	6061.41	
425.273	5908.42	
425.48	5781.04	
425.686	5587.3	
425.893	5409.33	
426.099	5299.77	
426.306	5137.77	
426.512	4962.67	
426.718	4804.16	
426.925	4660.8	
427.131	4513.76	
427.338	4383.71	
427.544	4230.32	
427.75	4117.07	
427.957	4019.79	
428.163	3922.3	
428.37	3793.49	
428.576	3726.31	
428.782	3631.08	
428.988	3542	
429.195	3456.19	
429.401	3411.54	
429.607	3321.84	
429.814	3281.08	
430.02	3200.8	
430.226	3127.69	
430.432	3056.83	
430.639	3013.01	
430.845	2922.08	
431.051	2882.75	
431.257	2840.98	
431.463	2780.15	
431.67	2723.42	
431.876	2648.06	
432.082	2564.91	
432.288	2509.21	
432.494	2426.67	
432.7	2361.34	
432.906	2305.02	
433.112	2260.58	
433.318	2212.66	
433.525	2209.38	
433.731	2156.34	
433.937	2155.32	
434.143	2096.74	
434.349	2032.85	
434.555	1967.31	
434.761	1929.63	
434.967	1846.89	
435.173	1834.19	
435.379	1800.61	
435.585	1776.85	
435.791	1741.01	
435.996	1740.4	
436.202	1689.61	
436.408	1644.76	
436.614	1582.5	
436.82	1534.99	
437.026	1460.65	
437.232	1434.23	
437.438	1394.5	
437.644	1355.79	
437.849	1308.69	
438.055	1274.89	
438.261	1223.49	
438.467	1195.02	
438.673	1164.3	
438.878	1107.99	
439.084	1074.81	
439.29	1047.77	
439.496	1008.25	
439.701	979.58	
439.907	970.77	
440.113	948.04	
440.318	905.85	
440.524	878.41	
440.73	855.88	
440.935	819.22	
441.141	785.63	
441.347	780.11	
441.552	748.77	
441.758	730.13	
441.964	721.74	
442.169	713.75	
442.375	687.54	
442.58	690.2	
442.786	690.4	
442.991	667.67	
443.197	637.77	
443.402	626.3	
443.608	600.7	
443.813	562.41	
444.019	565.07	
444.224	544.18	
444.43	518.17	
444.635	512.64	
444.841	503.22	
445.046	520.83	
445.252	513.87	
445.457	508.54	
445.662	491.75	
445.868	468.61	
446.073	411.47	
446.278	411.27	
446.484	386.9	
446.689	366.01	
446.894	365.8	
447.1	369.28	
447.305	357.4	
447.51	365.8	
447.716	362.93	
447.921	352.08	
448.126	337.33	
448.331	332.01	
448.537	324.02	
448.742	323.82	
448.947	300.68	
449.152	294.53	
449.357	300.47	
449.563	295.56	
449.768	284.7	
449.973	286.54	
450.178	269.55	
450.383	248.25	
450.588	251.73	
450.793	248.86	
450.999	257.46	
451.204	254.39	
451.409	248.66	
451.614	216.09	
451.819	213.84	
452.024	216.09	
452.229	231.25	
452.434	238.62	
452.639	232.68	
452.844	227.36	
453.049	205.24	
453.254	184.56	
453.459	171.24	
453.664	183.74	
453.869	176.98	
454.074	172.68	
454.279	170.22	
454.483	147.49	
454.688	133.15	
454.893	144.01	
455.098	137.86	
455.303	132.54	
455.508	148.31	
455.713	156.7	
455.917	122.71	
456.122	121.89	
456.327	109.81	
456.532	108.99	
456.737	86.66	
456.941	93.83	
457.146	88.51	
457.351	109.19	
457.555	117.79	
457.76	124.35	
457.965	123.94	
458.17	133.97	
458.374	126.19	
458.579	105.09	
458.784	100.59	
458.988	87.28	
459.193	80.72	
459.397	88.51	
459.602	94.65	
459.807	107.55	
460.011	113.49	
460.216	106.94	
460.42	83.59	
460.625	64.75	
460.829	58.2	
461.034	59.83	
461.239	43.04	
461.443	43.04	
461.648	53.9	
461.852	38.74	
462.056	49.19	
462.261	61.27	
462.465	84.41	
462.67	89.94	
462.874	90.96	
463.079	71.92	
463.283	70.28	
463.487	56.97	
463.692	42.84	
463.896	38.13	
464.1	42.84	
464.305	44.27	
464.509	24.2	
464.713	33.21	
464.918	57.38	
465.122	72.53	
465.326	58.2	
465.531	67.41	
465.735	58.4	
465.939	47.55	
466.143	25.43	
466.348	34.44	
466.552	21.33	
466.756	34.85	
466.96	36.9	
467.164	49.39	
467.368	49.19	
467.573	52.05	
467.777	47.34	
467.981	37.92	
468.185	15.6	
468.389	20.51	
468.593	9.66	
468.797	-6.93	
469.001	-8.16	
469.205	3.11	
469.409	7.61	
469.613	24.81	
469.817	48.57	
470.021	60.65	
470.225	54.31	
470.429	36.08	
470.633	35.46	
470.837	29.93	
471.041	22.56	
471.245	26.45	
471.449	30.14	
471.653	40.38	
471.857	44.27	
472.061	30.34	
472.265	34.03	
472.469	35.87	
472.673	32.6	
472.876	20.72	
473.08	39.36	
473.284	51.64	
473.488	55.53	
473.692	55.12	
473.895	61.47	
474.099	59.63	
474.303	48.78	
474.507	51.85	
474.71	49.19	
474.914	38.74	
475.118	30.75	
475.322	25.02	
475.525	0.65	
475.729	13.35	
475.933	15.19	
476.136	31.16	
476.34	37.92	
476.543	57.79	
476.747	54.71	
476.951	65.36	
477.154	44.88	
477.358	57.99	
477.561	48.37	
477.765	36.9	
477.969	16.83	
478.172	26.25	
478.376	18.26	
478.579	29.32	
478.783	24.61	
478.986	42.02	
479.19	17.24	
479.393	20.31	
479.596	16.42	
479.8	17.85	
480.003	5.36	
480.207	19.9	
480.41	7.82	
480.614	10.48	
480.817	7	
481.02	30.75	
481.224	48.57	
481.427	46.32	
481.63	65.16	
481.834	81.54	
482.037	53.9	
482.24	38.95	
482.443	42.84	
482.647	24.2	
482.85	13.14	
483.053	25.43	
483.256	20.31	
483.46	30.96	
483.663	26.04	
483.866	36.28	
484.069	37.51	
484.272	44.27	
484.476	37.72	
484.679	61.06	
484.882	67.41	
485.085	56.15	
485.288	43.45	
485.491	61.68	
485.694	45.91	
485.897	38.74	
486.101	39.56	
486.304	56.97	
486.507	26.66	
486.71	26.04	
486.913	10.48	
487.116	3.93	
487.319	-12.25	
487.522	13.76	
487.725	20.1	
487.928	31.57	
488.13	34.44	
488.333	54.51	
488.536	34.85	
488.739	33.83	
488.942	30.14	
489.145	39.56	
489.348	25.22	
489.551	33.62	
489.754	24.61	
489.956	28.91	
490.159	34.24	
490.362	38.95	
490.565	24.4	
490.768	22.97	
490.97	37.92	
491.173	29.32	
491.376	27.89	
491.579	20.72	
491.781	26.86	
491.984	24.61	
492.187	24.81	
492.39	22.97	
492.592	34.24	
492.795	30.96	
492.998	1.26	
493.2	7	
493.403	16.01	
493.605	33.83	
493.808	32.8	
494.011	37.92	
494.213	39.36	
494.416	50	
494.618	36.28	
494.821	31.98	
495.023	43.04	
495.226	37.51	
495.428	16.21	
495.631	28.91	
495.833	30.55	
496.036	31.78	
496.238	8.64	
496.441	29.52	
496.643	17.24	
496.846	16.83	
497.048	9.86	
497.25	38.33	
497.453	38.13	
497.655	57.38	
497.858	62.5	
498.06	75.81	
498.262	62.29	
498.465	59.02	
498.667	44.88	
498.869	52.87	
499.071	32.6	
499.274	38.33	
499.476	30.55	
499.678	28.91	
499.881	6.38	
500.083	11.09	
500.285	2.9	
500.487	-10.21	
500.689	-13.48	
500.892	-3.86	
501.094	-8.36	
501.296	8.64	
501.498	13.96	
501.7	11.5	
501.902	14.78	
502.104	42.84	
502.306	34.64	
502.509	42.02	
502.711	37.1	
502.913	52.05	
503.115	26.45	
503.317	29.73	
503.519	13.76	
503.721	33.21	
503.923	30.55	
504.125	38.13	
504.327	36.28	
504.529	57.38	
504.731	40.58	
504.933	43.25	
505.134	51.64	
505.336	47.96	
505.538	42.22	
505.74	37.1	
505.942	25.63	
506.144	12.73	
506.346	20.31	
506.548	39.56	
506.749	44.07	
506.951	39.36	
507.153	43.04	
507.355	33.21	
507.557	18.47	
507.758	21.74	
507.96	20.72	
508.162	18.06	
508.363	24	
508.565	14.78	
508.767	12.53	
508.969	19.9	
509.17	18.88	
509.372	18.67	
509.574	12.94	
509.775	9.86	
509.977	-9.8	
510.178	-0.38	
510.38	-3.86	
510.582	2.7	
510.783	-7.54	
510.985	3.52	
511.186	-13.07	
511.388	-6.72	
511.589	-4.47	
511.791	9.66	
511.992	5.97	
512.194	13.55	
512.395	-8.16	
512.597	-9.18	
512.798	-13.07	
513	-4.47	
513.201	-1.81	
513.403	22.77	
513.604	13.76	
513.805	15.19	
514.007	8.64	
514.208	2.08	
514.409	-9.39	
514.611	7.82	
514.812	3.31	
515.013	5.97	
515.215	9.05	
515.416	2.9	
515.617	-10	
515.819	0.44	
516.02	3.31	
516.221	20.1	
516.422	37.1	
516.623	37.92	
516.825	43.04	
517.026	46.32	
517.227	21.74	
517.428	3.72	
517.629	21.54	
517.83	4.54	
518.032	8.84	
518.233	17.44	
518.434	11.5	
518.635	7.2	
518.836	11.09	
519.037	8.43	
519.238	10.89	
519.439	25.43	
519.64	12.53	
519.841	18.88	
520.042	17.44	
520.243	21.54	
520.444	20.72	
520.645	31.98	
520.846	15.6	
521.047	18.47	
521.248	11.91	
521.449	18.06	
521.65	14.17	
521.851	45.29	
522.052	34.44	
522.252	40.17	
522.453	46.32	
522.654	31.16	
522.855	16.01	
523.056	20.1	
523.257	12.94	
523.457	4.33	
523.658	8.23	
523.859	14.98	
524.06	4.74	
524.26	-6.52	
524.461	-1.81	
524.662	2.08	
524.862	-18.81	
525.063	-7.34	
525.264	13.55	
525.464	3.72	
525.665	21.13	
525.866	53.28	
526.066	48.57	
526.267	38.13	
526.468	32.39	
526.668	28.5	
526.869	9.45	
527.069	16.42	
527.27	26.45	
527.47	42.22	
527.671	25.22	
527.871	14.37	
528.072	14.57	
528.272	4.74	
528.473	3.11	
528.673	15.8	
528.874	23.59	
529.074	20.51	
529.275	21.54	
529.475	29.52	
529.675	9.05	
529.876	10.68	
530.076	4.74	
530.277	13.55	
530.477	2.08	
530.677	9.05	
530.878	-0.79	
531.078	24.4	
531.278	-3.86	
531.478	2.9	
531.679	0.03	
531.879	1.67	
532.079	-20.65	
532.28	3.31	
532.48	-7.75	
532.68	7.41	
532.88	9.45	
533.08	21.33	
533.28	29.52	
533.481	26.04	
533.681	6.59	
533.881	16.83	
534.081	14.37	
534.281	5.77	
534.481	19.08	
534.681	34.64	
534.881	48.98	
535.081	30.75	
535.281	18.67	
535.481	21.74	
535.682	35.05	
535.882	11.71	
536.082	13.55	
536.281	29.93	
536.481	30.14	
536.681	25.63	
536.881	25.22	
537.081	30.75	
537.281	22.97	
537.481	7.61	
537.681	-10.21	
537.881	-13.28	
538.081	-11.43	
538.281	-2.83	
538.48	-4.06	
538.68	-6.31	
538.88	5.36	
539.08	2.9	
539.28	-7.54	
539.479	16.83	
539.679	23.18	
539.879	19.69	
540.079	19.29	
540.278	26.25	
540.478	1.06	
540.678	4.95	
540.877	13.35	
541.077	9.25	
541.277	7.61	
541.476	26.45	
541.676	36.28	
541.876	42.63	
542.075	50.41	
542.275	35.87	
542.474	30.55	
542.674	22.97	
542.874	8.64	
543.073	10.27	
543.273	34.44	
543.472	40.58	
543.672	31.98	
543.871	33.01	
544.071	30.96	
544.27	26.66	
544.47	13.35	
544.669	19.49	
544.868	13.14	
545.068	11.71	
545.267	11.5	
545.467	36.28	
545.666	28.3	
545.865	40.58	
546.065	30.75	
546.264	16.21	
546.463	-6.31	
546.663	-2.83	
546.862	-4.06	
547.061	12.94	
547.261	32.8	
547.46	34.03	
547.659	30.96	
547.858	41.61	
548.058	36.69	
548.257	37.1	
548.456	39.15	
548.655	51.23	
548.854	44.48	
549.053	55.74	
549.253	50	
549.452	50.21	
549.651	48.78	
549.85	57.58	
550.049	56.35	
550.248	47.96	
550.447	43.66	
550.646	48.16	
550.845	44.27	
551.044	30.55	
551.243	26.04	
551.442	32.6	
551.641	20.92	
551.84	17.65	
552.039	29.12	
552.238	36.08	
552.437	24.4	
552.636	32.39	
552.835	29.12	
553.034	35.26	
553.233	34.85	
553.432	39.76	
553.63	39.76	
553.829	43.45	
554.028	19.08	
554.227	28.71	
554.426	30.34	
554.625	29.73	
554.823	16.42	
555.022	35.05	
555.221	38.95	
555.42	43.04	
555.618	49.8	
555.817	52.67	
556.016	39.36	
556.214	31.37	
556.413	22.15	
556.612	34.85	
556.81	40.99	
557.009	57.79	
557.208	45.09	
557.406	64.14	
557.605	50	
557.803	47.75	
558.002	34.85	
558.201	36.08	
558.399	22.97	
558.598	7.41	
558.796	0.03	
558.995	8.43	
559.193	26.66	
559.392	14.78	
559.59	29.93	
559.789	49.8	
559.987	52.46	
560.185	53.9	
560.384	68.44	
560.582	72.53	
560.781	68.44	
560.979	79.7	
561.177	56.35	
561.376	55.53	
561.574	63.11	
561.772	37.1	
561.971	41.61	
562.169	52.67	
562.367	39.56	
562.566	22.56	
562.764	33.21	
562.962	2.7	
563.16	-11.02	
563.358	15.39	
563.557	4.54	
563.755	6.79	
563.953	9.45	
564.151	33.42	
564.349	24.2	
564.547	37.72	
564.746	28.91	
564.944	24.81	
565.142	9.45	
565.34	2.29	
565.538	-11.23	
565.736	-9.39	
565.934	-8.16	
566.132	3.93	
566.33	-2.83	
566.528	12.53	
566.726	17.03	
566.924	47.55	
567.122	37.1	
567.32	43.66	
567.518	30.96	
567.716	33.62	
567.914	4.33	
568.112	8.02	
568.31	12.12	
568.507	25.63	
568.705	11.71	
568.903	14.98	
569.101	23.59	
569.299	28.3	
569.497	22.77	
569.694	43.86	
569.892	46.93	
570.09	43.86	
570.288	27.48	
570.486	30.14	
570.683	33.62	
570.881	17.24	
571.079	1.47	
571.276	12.73	
571.474	9.66	
571.672	-4.47	
571.869	1.06	
572.067	2.29	
572.265	0.85	
572.462	4.33	
572.66	7.82	
572.857	10.27	
573.055	14.37	
573.253	10.89	
573.45	6.18	
573.648	18.26	
573.845	23.79	
574.043	25.02	
574.24	20.92	
574.438	5.56	
574.635	1.06	
574.832	-2.63	
575.03	0.24	
575.227	21.13	
575.425	30.14	
575.622	17.03	
575.82	16.62	
576.017	17.03	
576.214	-3.04	
576.412	9.86	
576.609	-4.47	
576.806	2.9	
577.004	-2.01	
577.201	13.55	
577.398	17.85	
577.595	50.82	
577.793	48.57	
577.99	61.27	
578.187	53.08	
578.384	42.43	
578.582	19.49	
578.779	31.37	
578.976	23.18	
579.173	42.43	
579.37	40.99	
579.567	54.92	
579.764	36.49	
579.962	45.29	
580.159	38.13	
580.356	54.71	
580.553	43.25	
580.75	55.33	
580.947	44.48	
581.144	46.52	
581.341	22.36	
581.538	41.4	
581.735	29.52	
581.932	35.26	
582.129	-0.99	
582.326	1.67	
582.523	-13.89	
582.72	-5.7	
582.916	-11.64	
583.113	-0.17	
583.31	7.41	
583.507	30.14	
583.704	32.19	
583.901	45.5	
584.098	57.99	
584.294	52.67	
584.491	36.69	
584.688	35.46	
584.885	31.57	
585.082	61.68	
585.278	70.69	
585.475	69.05	
585.672	65.98	
585.868	68.44	
586.065	39.97	
586.262	38.74	
586.458	45.91	
586.655	40.17	
586.852	27.27	
587.048	24.61	
587.245	22.97	
587.442	42.22	
587.638	57.58	
587.835	69.46	
588.031	79.7	
588.228	82.77	
588.424	61.88	
588.621	70.69	
588.817	59.22	
589.014	55.94	
589.21	52.26	
589.407	40.79	
589.603	26.45	
589.8	36.08	
589.996	37.31	
590.192	28.71	
590.389	35.46	
590.585	33.83	
590.782	18.06	
590.978	36.08	
591.174	44.27	
591.371	48.98	
591.567	41.2	
591.763	41.81	
591.959	15.19	
592.156	8.43	
592.352	-0.58	
592.548	12.73	
592.744	19.08	
592.941	19.29	
593.137	22.15	
593.333	19.69	
593.529	39.56	
593.725	40.58	
593.922	34.85	
594.118	52.87	
594.314	42.63	
594.51	28.09	
594.706	18.88	
594.902	33.83	
595.098	22.77	
595.294	36.69	
595.49	8.84	
595.686	27.68	
595.882	9.86	
596.078	20.72	
596.274	27.27	
596.47	45.5	
596.666	28.91	
596.862	36.28	
597.058	31.37	
597.254	36.9	
597.45	26.86	
597.646	57.58	
597.842	60.86	
598.037	69.46	
598.233	59.22	
598.429	74.58	
598.625	47.96	
598.821	39.76	
599.017	10.48	
599.212	25.22	
599.408	25.43	
599.604	23.79	
599.8	41.81	
599.995	50	
600.191	35.46	
600.387	23.38	
600.582	28.91	
600.778	20.72	
600.974	29.93	
601.169	33.01	
601.365	37.92	
601.561	33.21	
601.756	12.53	
601.952	12.94	
602.147	12.94	
602.343	2.9	
602.538	3.52	
602.734	15.19	
602.93	18.88	
603.125	17.65	
603.321	33.62	
603.516	34.44	
603.711	43.04	
603.907	40.58	
604.102	35.26	
604.298	35.26	
604.493	47.96	
604.689	55.74	
604.884	47.14	
605.079	55.12	
605.275	53.08	
605.47	44.48	
605.665	26.04	
605.861	28.91	
606.056	26.25	
606.251	1.88	
606.447	1.67	
606.642	4.95	
606.837	17.85	
607.032	30.34	
607.227	23.18	
607.423	26.25	
607.618	30.55	
607.813	5.56	
608.008	-12.66	
608.203	30.75	
608.398	43.86	
608.594	38.13	
608.789	45.5	
608.984	52.67	
609.179	48.37	
609.374	34.85	
609.569	41.2	
609.764	42.43	
609.959	29.93	
610.154	20.31	
610.349	26.45	
610.544	24	
610.739	21.33	
610.934	39.97	
611.129	53.08	
611.324	52.46	
611.519	56.76	
611.714	68.85	
611.909	56.35	
612.103	56.76	
612.298	49.19	
612.493	48.78	
612.688	57.79	
612.883	65.57	
613.078	46.32	
613.272	83.8	
613.467	83.39	
613.662	73.97	
613.857	79.5	
614.051	88.3	
614.246	51.23	
614.441	47.34	
614.635	28.5	
614.83	21.13	
615.025	5.36	
615.219	2.9	
615.414	-9.18	
615.609	-7.95	
615.803	-19.22	
615.998	6.59	
616.192	8.84	
616.387	20.31	
616.582	36.49	
616.776	51.03	
616.971	30.75	
617.165	24	
617.36	14.98	
617.554	10.48	
617.749	15.39	
617.943	20.72	
618.138	27.68	
618.332	38.54	
618.526	32.8	
618.721	18.88	
618.915	21.95	
619.11	19.69	
619.304	14.57	
619.498	16.01	
619.693	21.74	
619.887	19.29	
620.081	22.97	
620.275	33.62	
620.47	39.56	
620.664	35.05	
620.858	26.86	
621.052	25.43	
621.247	24.4	
621.441	28.3	
621.635	34.03	
621.829	49.39	
622.023	47.34	
622.218	42.02	
622.412	28.71	
622.606	22.97	
622.8	23.18	
622.994	29.73	
623.188	24.2	
623.382	24.81	
623.576	19.49	
623.77	3.52	
623.964	1.47	
624.158	4.74	
624.352	-0.38	
624.546	8.64	
624.74	28.71	
624.934	27.07	
625.128	41.2	
625.322	50	
625.516	47.96	
625.71	24.2	
625.904	8.43	
626.098	10.27	
626.291	21.74	
626.485	27.48	
626.679	38.13	
626.873	64.34	
627.067	51.85	
627.26	44.88	
627.454	47.75	
627.648	52.46	
627.842	36.69	
628.035	30.34	
628.229	38.13	
628.423	27.68	
628.617	25.43	
628.81	12.12	
629.004	8.43	
629.198	3.11	
629.391	5.97	
629.585	27.89	
629.778	41.4	
629.972	54.92	
630.166	43.66	
630.359	42.02	
630.553	18.88	
630.746	28.09	
630.94	27.27	
631.133	22.36	
631.327	16.83	
631.52	16.62	
631.714	-8.57	
631.907	-8.77	
632.1	11.09	
632.294	28.5	
632.487	40.99	
632.681	64.14	
632.874	62.91	
633.067	64.14	
633.261	48.37	
633.454	35.05	
633.647	38.54	
633.841	29.73	
634.034	26.04	
634.227	37.1	
634.421	30.14	
634.614	16.21	
634.807	16.62	
635	7.41	
635.193	4.95	
635.387	8.64	
635.58	8.64	
635.773	20.51	
635.966	26.66	
636.159	24.81	
636.352	13.35	
636.545	7.41	
636.739	-1.6	
636.932	8.64	
637.125	9.25	
637.318	8.23	
637.511	20.31	
637.704	17.24	
637.897	15.19	
638.09	7.82	
638.283	32.19	
638.476	32.8	
638.669	40.99	
638.862	30.75	
639.055	41.81	
639.247	39.15	
639.44	38.95	
639.633	49.59	
639.826	46.52	
640.019	44.68	
640.212	35.67	
640.405	30.96	
640.597	8.64	
640.79	17.24	
640.983	19.49	
641.176	8.23	
641.368	21.74	
641.561	33.01	
641.754	22.77	
641.947	28.3	
642.139	44.27	
642.332	21.33	
642.525	17.44	
642.717	24	
642.91	-2.01	
643.103	-6.93	
643.295	3.72	
643.488	4.13	
643.68	-9.59	
643.873	0.85	
644.065	10.07	
644.258	18.67	
644.45	16.83	
644.643	24.81	
644.835	23.38	
645.028	6.18	
645.22	-7.54	
645.413	-4.27	
645.605	-6.93	
645.798	1.67	
645.99	15.8	
646.182	29.52	
646.375	38.95	
646.567	44.07	
646.76	26.25	
646.952	19.49	
647.144	21.33	
647.337	18.88	
647.529	9.86	
647.721	36.49	
647.913	49.19	
648.106	32.6	
648.298	4.13	
648.49	11.5	
648.682	-16.35	
648.874	-26.59	
649.067	-25.77	
649.259	-12.25	
649.451	-20.86	
649.643	-4.88	
649.835	0.65	
650.027	24.81	
650.219	36.08	
650.411	44.68	
650.603	44.48	
650.796	55.74	
650.988	50.21	
651.18	54.51	
651.372	59.43	
651.564	51.64	
651.756	39.36	
651.948	33.21	
652.139	21.74	
652.331	-3.24	
652.523	11.09	
652.715	-7.75	
652.907	-13.89	
653.099	-19.42	
653.291	2.08	
653.483	0.44	
653.674	20.1	
653.866	17.03	
654.058	28.91	
654.25	30.75	
654.442	11.71	
654.633	6.79	
654.825	14.98	
655.017	19.9	
655.209	5.56	
655.4	21.54	
655.592	1.47	
655.784	14.17	
655.975	-0.17	
656.167	1.88	
656.359	-15.33	
656.55	10.48	
656.742	-8.36	
656.933	9.25	
657.125	19.49	
657.316	26.04	
657.508	13.96	
657.7	17.44	
657.891	0.24	
658.083	-3.65	
658.274	2.29	
658.466	14.17	
658.657	20.51	
658.848	14.37	
659.04	26.66	
659.231	21.33	
659.423	16.42	
659.614	0.85	
659.805	22.36	
659.997	23.59	
660.188	32.39	
660.379	37.31	
660.571	38.33	
660.762	26.86	
660.953	19.29	
661.145	12.12	
661.336	-2.01	
661.527	74.17	
661.718	73.35	
661.909	62.7	
662.101	56.15	
662.292	69.26	
662.483	-12.87	
662.674	-11.02	
662.865	-7.54	
663.056	9.45	
663.247	-11.02	
663.439	4.33	
663.63	8.02	
663.821	18.47	
664.012	11.91	
664.203	26.66	
664.394	30.75	
664.585	42.63	
664.776	29.32	
664.967	19.29	
665.158	23.79	
665.349	35.46	
665.54	18.47	
665.73	32.19	
665.921	25.43	
666.112	18.67	
666.303	-10.62	
666.494	13.55	
666.685	3.31	
666.876	30.96	
667.066	31.57	
667.257	50.21	
667.448	7.2	
667.639	10.48	
667.83	0.85	
668.02	5.77	
668.211	-5.5	
668.402	21.33	
668.592	5.77	
668.783	6.59	
668.974	6.18	
669.164	19.9	
669.355	17.65	
669.546	26.86	
669.736	23.18	
669.927	17.03	
670.117	2.49	
670.308	8.64	
670.499	7.2	
670.689	8.23	
670.88	-0.99	
671.07	2.7	
671.261	-6.52	
671.451	14.98	
671.641	-5.29	
671.832	9.45	
672.022	9.86	
672.213	7.41	
672.403	-12.05	
672.594	22.56	
672.784	35.26	
672.974	41.4	
673.165	28.3	
673.355	29.12	
673.545	34.85	
673.736	37.1	
673.926	20.72	
674.116	43.45	
674.306	37.31	
674.497	14.98	
674.687	-2.42	
674.877	2.29	
675.067	-7.95	
675.257	9.66	
675.448	4.74	
675.638	9.05	
675.828	9.66	
676.018	13.55	
676.208	0.44	
676.398	9.25	
676.588	-0.38	
676.778	-4.27	
676.968	-0.79	
677.158	6.59	
677.348	-3.45	
677.538	-6.52	
677.728	-5.09	
677.918	-16.55	
678.108	-22.49	
678.298	-8.98	
678.488	0.85	
678.678	9.86	
678.868	3.31	
679.058	8.84	
679.248	-5.29	
679.438	-7.95	
679.627	-17.99	
679.817	-3.45	
680.007	-7.54	
680.197	-1.6	
680.387	-12.46	
680.576	2.9	
680.766	-6.31	
680.956	-7.34	
681.146	13.96	
681.335	25.22	
681.525	21.33	
681.715	35.87	
681.904	43.25	
682.094	29.52	
682.284	29.73	
682.473	28.5	
682.663	38.13	
682.852	41.4	
683.042	50.41	
683.231	40.79	
683.421	37.92	
683.61	16.21	
683.8	4.95	
683.989	-10.62	
684.179	4.95	
684.368	1.67	
684.558	3.11	
684.747	7.82	
684.937	0.03	
685.126	-2.63	
685.316	-7.54	
685.505	-20.86	
685.694	-7.13	
685.884	10.68	
686.073	-4.88	
686.262	-0.38	
686.452	18.47	
686.641	7.61	
686.83	-10.41	
687.019	-11.64	
687.209	-8.98	
687.398	-16.55	
687.587	-22.49	
687.776	-20.45	
687.965	-12.87	
688.155	-14.1	
688.344	-21.26	
688.533	-3.65	
688.722	2.9	
688.911	20.51	
689.1	29.32	
689.289	46.32	
689.478	40.17	
689.667	47.55	
689.856	18.47	
690.045	5.15	
690.234	-13.48	
690.423	-6.52	
690.612	-16.96	
690.801	0.03	
690.99	1.47	
691.179	15.8	
691.368	5.56	
691.557	21.74	
691.746	32.6	
691.935	35.67	
692.124	36.69	
692.312	41.4	
692.501	8.02	
692.69	-11.23	
692.879	-11.43	
693.068	-11.84	
693.256	-20.04	
693.445	11.3	
693.634	12.73	
693.823	5.77	
694.011	0.65	
694.2	3.52	
694.389	-15.94	
694.577	-9.18	
694.766	-4.88	
694.955	-13.28	
695.143	-28.84	
695.332	-5.5	
695.52	-19.83	
695.709	-7.34	
695.897	-4.06	
696.086	5.56	
696.275	-16.35	
696.463	-0.79	
696.652	-1.19	
696.84	24.2	
697.028	24.4	
697.217	36.9	
697.405	42.22	
697.594	34.03	
697.782	15.39	
697.971	11.09	
698.159	3.72	
698.347	10.48	
698.536	7	
698.724	16.21	
698.912	14.98	
699.1	24.4	
699.289	28.91	
699.477	40.38	
699.665	32.8	
699.854	27.89	
700.042	28.91	
700.23	29.32	
700.418	22.97	
700.606	17.24	
700.794	29.93	
700.983	36.28	
701.171	24	
701.359	19.08	
701.547	40.79	
701.735	41.61	
701.923	25.43	
702.111	19.69	
702.299	12.12	
702.487	3.31	
702.675	-5.7	
702.863	-16.35	
703.051	-23.31	
703.239	-12.25	
703.427	-25.36	
703.615	-14.92	
703.803	-12.05	
703.991	-0.99	
704.179	-4.88	
704.367	12.94	
704.554	17.85	
704.742	31.16	
704.93	36.9	
705.118	56.56	
705.306	33.42	
705.493	19.08	
705.681	12.53	
705.869	19.69	
706.057	-11.23	
706.244	6.79	
706.432	-1.19	
706.62	6.79	
706.807	-18.4	
706.995	9.25	
707.183	-5.7	
707.37	6.18	
707.558	13.55	
707.746	35.05	
707.933	26.66	
708.121	47.14	
708.308	49.59	
708.496	31.78	
708.683	17.44	
708.871	24	
709.058	15.19	
709.246	19.49	
709.433	15.39	
709.621	14.37	
709.808	11.3	
709.995	16.83	
710.183	14.57	
710.37	17.03	
710.558	22.56	
710.745	21.54	
710.932	6.79	
711.12	13.76	
711.307	3.52	
711.494	3.72	
711.681	-3.86	
711.869	-6.11	
712.056	-10	
712.243	12.12	
712.43	-9.18	
712.618	6.18	
712.805	11.09	
712.992	8.43	
713.179	-0.79	
713.366	9.86	
713.553	1.06	
713.74	12.32	
713.928	-6.72	
714.115	6.38	
714.302	-7.75	
714.489	0.24	
714.676	-13.48	
714.863	10.27	
715.05	-3.86	
715.237	0.44	
715.424	-23.52	
715.611	-9.39	
715.798	-15.12	
715.984	-3.45	
716.171	16.83	
716.358	34.85	
716.545	22.77	
716.732	31.78	
716.919	16.83	
717.106	1.47	
717.293	-6.52	
717.479	-3.65	
717.666	-19.63	
717.853	-18.4	
718.04	-3.86	
718.226	11.91	
718.413	-3.45	
718.6	3.52	
718.786	3.52	
718.973	6.38	
719.16	-10.21	
719.346	2.7	
719.533	-5.7	
719.72	16.42	
719.906	-1.19	
720.093	8.84	
720.279	-9.18	
720.466	-3.86	
720.652	-7.95	
720.839	24.4	
721.025	23.38	
721.212	50	
721.398	49.39	
721.585	49.59	
721.771	11.5	
721.958	7.2	
722.144	7.41	
722.331	1.67	
722.517	-16.55	
722.703	-4.47	
722.89	-16.96	
723.076	-20.45	
723.262	-10.41	
723.449	-6.93	
723.635	-7.54	
723.821	-3.86	
724.007	-5.29	
724.194	-18.4	
724.38	-14.51	
724.566	-6.72	
724.752	-2.42	
724.938	-4.06	
725.125	15.39	
725.311	27.07	
725.497	12.53	
725.683	13.96	
725.869	4.33	
726.055	3.11	
726.241	1.06	
726.427	6.79	
726.613	-6.31	
726.799	26.25	
726.985	-5.7	
727.171	-7.13	
727.357	5.36	
727.543	21.54	
727.729	-6.72	
727.915	25.63	
728.101	16.83	
728.287	25.84	
728.473	19.29	
728.659	22.77	
728.845	7.2	
729.03	-3.45	
729.216	-24.54	
729.402	-22.49	
729.588	-20.65	
729.774	-16.76	
729.959	-4.68	
730.145	22.77	
730.331	35.46	
730.517	41.61	
730.702	45.91	
730.888	39.15	
731.074	8.02	
731.259	-1.81	
731.445	3.93	
731.63	10.07	
731.816	14.98	
732.002	38.13	
732.187	48.57	
732.373	35.05	
732.558	27.07	
732.744	40.99	
732.929	35.87	
733.115	16.21	
733.3	-1.6	
733.486	-3.86	
733.671	-40.52	
733.857	-45.43	
734.042	-28.02	
734.227	-12.87	
734.413	-2.42	
734.598	29.73	
734.784	30.75	
734.969	22.56	
735.154	35.26	
735.339	30.14	
735.525	22.36	
735.71	22.15	
735.895	15.39	
736.081	16.62	
736.266	20.51	
736.451	18.26	
736.636	23.18	
736.821	27.89	
737.007	12.12	
737.192	0.24	
737.377	-10.82	
737.562	-32.32	
737.747	-24.13	
737.932	-14.51	
738.117	-23.72	
738.302	9.66	
738.487	17.24	
738.672	8.64	
738.857	8.84	
739.042	34.64	
739.227	20.72	
739.412	17.65	
739.597	6.18	
739.782	14.57	
739.967	-10	
740.152	-18.19	
740.337	1.47	
740.522	19.49	
740.706	10.07	
740.891	35.87	
741.076	37.51	
741.261	26.25	
741.446	22.15	
741.63	22.97	
741.815	20.31	
742	9.66	
742.185	5.36	
742.369	11.09	
742.554	1.47	
742.739	-11.23	
742.923	-8.77	
743.108	-1.19	
743.293	-12.46	
743.477	-15.53	
743.662	-6.52	
743.846	-6.93	
744.031	-7.95	
744.216	10.89	
744.4	13.96	
744.585	10.48	
744.769	16.83	
744.954	24.4	
745.138	7.2	
745.322	29.93	
745.507	16.42	
745.691	15.39	
745.876	3.52	
746.06	1.47	
746.244	-0.17	
746.429	20.92	
746.613	22.36	
746.798	26.86	
746.982	17.44	
747.166	4.74	
747.35	-6.52	
747.535	-0.99	
747.719	7.41	
747.903	45.09	
748.087	45.91	
748.272	43.86	
748.456	52.26	
748.64	41.61	
748.824	17.24	
749.008	16.83	
749.192	10.68	
749.376	2.49	
749.56	0.65	
749.745	-16.14	
749.929	-18.19	
750.113	-13.48	
750.297	-35.81	
750.481	-20.45	
750.665	-4.68	
750.849	-8.98	
751.033	-2.63	
751.217	3.11	
751.4	-10.21	
751.584	-8.16	
751.768	2.29	
751.952	2.49	
752.136	20.72	
752.32	14.37	
752.504	11.91	
752.688	19.29	
752.871	16.21	
753.055	7.2	
753.239	10.07	
753.423	12.53	
753.606	-6.72	
753.79	-1.81	
753.974	-0.79	
754.157	-1.81	
754.341	-1.81	
754.525	8.84	
754.708	6.59	
754.892	8.23	
755.076	15.39	
755.259	20.72	
755.443	-0.79	
755.626	-6.72	
755.81	-5.7	
755.993	-10.41	
756.177	-20.24	
756.36	-1.6	
756.544	3.72	
756.727	8.23	
756.911	7.61	
757.094	22.97	
757.278	25.84	
757.461	22.97	
757.644	14.57	
757.828	6.59	
758.011	-6.31	
758.195	-5.09	
758.378	-0.38	
758.561	-5.9	
758.744	-11.43	
758.928	-4.88	
759.111	-9.8	
759.294	-8.36	
759.477	1.26	
759.661	7.61	
759.844	4.13	
760.027	4.54	
760.21	-7.54	
760.393	-9.59	
760.576	8.64	
760.76	-1.19	
760.943	-7.13	
761.126	14.17	
761.309	33.62	
761.492	26.86	
761.675	25.63	
761.858	27.07	
762.041	5.56	
762.224	-21.06	
762.407	-34.17	
762.59	-11.43	
762.773	-19.63	
762.956	-14.92	
763.139	-5.09	
763.321	5.15	
763.504	-15.74	
763.687	-4.68	
763.87	5.15	
764.053	8.43	
764.236	26.25	
764.418	49.19	
764.601	39.76	
764.784	35.26	
764.967	37.1	
765.149	32.8	
765.332	21.13	
765.515	41.4	
765.697	29.32	
765.88	35.26	
766.063	27.07	
766.245	22.36	
766.428	4.33	
766.611	12.73	
766.793	-2.83	
766.976	9.45	
767.158	-2.63	
767.341	3.11	
767.523	-1.6	
767.706	3.11	
767.888	-17.58	
768.071	16.21	
768.253	15.8	
768.436	21.13	
768.618	19.9	
768.8	35.87	
768.983	20.31	
769.165	13.35	
769.348	9.86	
769.53	11.5	
769.712	-14.71	
769.895	-25.16	
770.077	-10	
770.259	-2.63	
770.441	-1.4	
770.624	11.3	
770.806	23.59	
770.988	12.12	
771.17	6.18	
771.352	15.6	
771.535	31.16	
771.717	25.63	
771.899	23.79	
772.081	40.99	
772.263	22.97	
772.445	11.09	
772.627	-2.22	
772.809	-0.17	
772.991	-15.53	
773.173	1.67	
773.355	-3.45	
773.537	5.15	
773.719	4.54	
773.901	14.78	
774.083	-10.21	
774.265	-5.7	
774.447	-6.31	
774.629	2.9	
774.811	-1.19	
774.992	10.89	
775.174	9.66	
775.356	30.14	
775.538	18.47	
775.72	10.48	
775.901	9.86	
776.083	12.94	
776.265	-19.22	
776.447	-1.81	
776.628	3.11	
776.81	4.33	
776.992	16.42	
777.173	29.52	
777.355	16.21	
777.537	22.97	
777.718	28.5	
777.9	21.95	
778.081	19.9	
778.263	30.34	
778.444	19.69	
778.626	18.88	
778.807	-5.7	
778.989	-4.68	
779.17	-30.48	
779.352	-50.55	
779.533	-54.03	
779.715	-37.65	
779.896	-46.66	
780.078	-6.52	
780.259	9.45	
780.44	-3.24	
780.622	0.85	
780.803	35.87	
780.984	10.07	
781.166	13.76	
781.347	27.89	
781.528	24.81	
781.709	-2.83	
781.891	20.31	
782.072	16.42	
782.253	13.55	
782.434	14.37	
782.615	25.84	
782.796	4.13	
782.978	20.92	
783.159	34.44	
783.34	36.28	
783.521	28.91	
783.702	39.97	
783.883	38.13	
784.064	26.66	
784.245	13.96	
784.426	20.51	
784.607	18.47	
784.788	18.67	
784.969	14.78	
785.15	29.52	
785.331	11.5	
785.512	2.7	
785.692	2.9	
785.873	3.72	
786.054	-11.23	
786.235	-0.79	
786.416	3.72	
786.597	-2.42	
786.777	-1.4	
786.958	8.43	
787.139	16.62	
787.32	25.63	
787.5	28.71	
787.681	19.49	
787.862	21.95	
788.042	21.13	
788.223	11.3	
788.404	-6.72	
788.584	-14.51	
788.765	-5.09	
788.946	-26.38	
789.126	-24.75	
789.307	-5.29	
789.487	24	
789.668	1.67	
789.848	10.68	
790.029	0.24	
790.209	-0.79	
790.39	-22.29	
790.57	-18.6	
790.75	-0.17	
790.931	9.25	
791.111	-4.27	
791.292	20.31	
791.472	27.27	
791.652	26.04	
791.833	26.86	
792.013	40.99	
792.193	18.88	
792.373	37.31	
792.554	24	
792.734	25.63	
792.914	8.43	
793.094	26.25	
793.275	13.55	
793.455	17.03	
793.635	17.85	
793.815	26.86	
793.995	10.07	
794.175	4.54	
794.355	14.37	
794.535	11.5	
794.715	18.06	
794.896	25.43	
795.076	15.8	
795.256	25.22	
795.436	17.24	
795.616	19.69	
795.795	15.6	
795.975	21.33	
796.155	8.84	
796.335	15.6	
796.515	25.43	
796.695	45.91	
796.875	54.1	
797.055	53.28	
797.234	55.33	
797.414	46.11	
797.594	29.52	
797.774	27.89	
797.954	16.01	
798.133	21.74	
798.313	10.27	
798.493	19.69	
798.672	13.76	
798.852	18.06	
799.032	3.93	
799.211	1.06	
799.391	-17.17	
799.571	-11.23	
799.75	-16.96	
799.93	0.65	
800.109	-6.11	
800.289	17.85	
800.468	13.76	
800.648	18.47	
800.827	2.49	
801.007	9.05	
801.186	-14.92	
801.366	-6.11	
801.545	-12.25	
801.725	22.56	
801.904	24.61	
802.083	45.29	
802.263	39.36	
802.442	64.95	
802.621	23.59	
802.801	39.97	
802.98	38.74	
803.159	28.3	
803.338	12.94	
803.518	42.02	
803.697	27.89	
803.876	24.81	
804.055	29.52	
804.235	46.32	
804.414	32.8	
804.593	30.75	
804.772	27.89	
804.951	39.76	
805.13	8.64	
805.309	11.3	
805.488	10.68	
805.667	6.59	
805.846	2.7	
806.025	23.59	
806.204	27.48	
806.383	25.84	
806.562	25.22	
806.741	29.73	
806.92	26.45	
807.099	17.24	
807.278	10.68	
807.457	5.15	
807.636	2.29	
807.814	-3.24	
807.993	-9.8	
808.172	5.77	
808.351	7.41	
808.53	8.64	
808.708	-0.79	
808.887	16.62	
809.066	34.24	
809.244	36.9	
809.423	35.87	
809.602	46.73	
809.78	44.07	
809.959	21.95	
810.138	27.27	
810.316	21.74	
810.495	23.18	
810.673	10.48	
810.852	21.13	
811.03	17.44	
811.209	16.83	
811.388	12.94	
811.566	16.01	
811.744	10.27	
811.923	8.43	
812.101	10.68	
812.28	32.39	
812.458	46.52	
812.637	37.51	
812.815	41.4	
812.993	38.74	
813.172	35.87	
813.35	12.73	
813.528	27.27	
813.706	17.85	
813.885	29.73	
814.063	8.23	
814.241	35.46	
814.419	26.86	
814.598	38.13	
814.776	23.59	
814.954	24.61	
815.132	8.64	
815.31	12.73	
815.488	0.24	
815.666	1.88	
815.844	-0.38	
816.022	1.06	
816.201	-9.18	
816.379	10.68	
816.557	13.35	
816.735	17.03	
816.913	12.12	
817.09	27.27	
817.268	22.56	
817.446	10.27	
817.624	10.27	
817.802	33.62	
817.98	18.88	
818.158	9.05	
818.336	-1.81	
818.514	7.82	
818.691	-13.89	
818.869	0.03	
819.047	14.37	
819.225	30.14	
819.402	15.6	
819.58	32.39	
819.758	27.07	
819.935	19.49	
820.113	27.48	
820.291	31.37	
820.468	13.35	
820.646	9.05	
820.824	4.13	
821.001	0.03	
821.179	13.14	
821.356	19.08	
821.534	11.09	
821.711	-5.29	
821.889	15.19	
822.066	4.54	
822.244	10.27	
822.421	29.73	
822.599	54.71	
822.776	36.9	
822.953	28.91	
823.131	10.07	
823.308	-8.77	
823.486	-10.62	
823.663	-19.22	
823.84	-8.57	
824.017	-16.96	
824.195	-4.88	
824.372	-7.95	
824.549	3.93	
824.726	2.08	
824.904	4.74	
825.081	2.9	
825.258	0.44	
825.435	-3.04	
825.612	-4.68	
825.789	-3.24	
825.967	0.65	
826.144	4.95	
826.321	2.08	
826.498	3.11	
826.675	20.31	
826.852	0.85	
827.029	0.44	
827.206	6.18	
827.383	-5.09	
827.56	3.72	
827.737	24.4	
827.914	20.92	
828.09	20.51	
828.267	26.25	
828.444	19.9	
828.621	2.7	
828.798	21.33	
828.975	4.13	
829.151	1.26	
829.328	-6.52	
829.505	15.8	
829.682	-3.65	
829.858	-0.79	
830.035	9.25	
830.212	7.82	
830.389	-0.58	
830.565	-6.11	
830.742	22.36	
830.918	24.2	
831.095	19.08	
831.272	17.65	
831.448	14.37	
831.625	14.37	
831.801	19.9	
831.978	37.31	
832.154	25.84	
832.331	38.95	
832.507	12.73	
832.684	5.97	
832.86	4.33	
833.037	38.54	
833.213	31.57	
833.389	42.63	
833.566	28.5	
833.742	9.86	
833.918	-13.07	
834.095	-24.54	
834.271	-28.43	
834.447	-4.68	
834.624	3.93	
834.8	-1.6	
834.976	20.31	
835.152	11.71	
835.328	-5.5	
835.505	-3.45	
835.681	3.31	
835.857	-7.34	
836.033	9.86	
836.209	39.56	
836.385	42.43	
836.561	38.13	
836.737	40.79	
836.913	34.85	
837.089	14.78	
837.265	26.45	
837.441	40.79	
837.617	43.86	
837.793	37.1	
837.969	47.96	
838.145	27.07	
838.321	18.67	
838.497	12.73	
838.673	36.69	
838.849	13.55	
839.025	29.52	
839.2	31.98	
839.376	47.75	
839.552	33.42	
839.728	51.44	
839.903	37.51	
840.079	30.14	
840.255	17.24	
840.431	34.85	
840.606	18.47	
840.782	39.36	
840.958	34.24	
841.133	32.19	
841.309	16.42	
841.484	31.78	
841.66	13.35	
841.835	11.5	
842.011	0.03	
842.186	17.65	
842.362	3.72	
842.537	9.05	
842.713	16.42	
842.888	33.42	
843.064	9.45	
843.239	8.64	
843.415	13.55	
843.59	28.09	
843.765	23.38	
843.941	36.69	
844.116	64.14	
844.291	56.76	
844.467	44.48	
844.642	65.57	
844.817	57.58	
844.992	34.44	
845.168	28.09	
845.343	40.79	
845.518	15.39	
845.693	23.59	
845.868	35.46	
846.043	35.46	
846.219	17.24	
846.394	40.17	
846.569	29.32	
846.744	7	
846.919	7.82	
847.094	37.92	
847.269	25.84	
847.444	30.34	
847.619	43.04	
847.794	70.69	
847.969	66.59	
848.144	77.86	
848.319	73.97	
848.494	73.76	
848.668	60.04	
848.843	55.74	
849.018	34.64	
849.193	31.37	
849.368	32.8	
849.542	41.4	
849.717	36.49	
849.892	39.36	
850.067	45.09	
850.241	56.97	
850.416	36.69	
850.591	44.48	
850.765	45.29	
850.94	54.1	
851.115	42.63	
851.289	60.65	
851.464	39.36	
851.639	39.97	
851.813	26.25	
851.988	37.51	
852.162	24.81	
852.337	25.63	
852.511	19.49	
852.686	32.19	
852.86	29.12	
853.035	34.44	
853.209	34.24	
853.383	58.4	
853.558	34.85	
853.732	27.48	
853.906	15.19	
854.081	22.97	
854.255	-4.06	
854.429	18.06	
854.604	26.66	
854.778	37.31	
854.952	38.54	
855.126	54.51	
855.301	45.5	
855.475	27.68	
855.649	15.19	
855.823	5.36	
855.997	1.88	
856.171	-0.79	
856.345	3.93	
856.52	16.42	
856.694	19.69	
856.868	17.85	
857.042	14.57	
857.216	32.8	
857.39	26.45	
857.564	25.02	
857.738	26.45	
857.912	31.78	
858.085	24	
858.259	31.37	
858.433	38.95	
858.607	26.04	
858.781	23.18	
858.955	18.26	
859.129	14.78	
859.302	12.73	
859.476	14.57	
859.65	22.15	
859.824	5.15	
859.997	4.13	
860.171	-0.58	
860.345	13.55	
860.519	14.17	
860.692	33.83	
860.866	27.89	
861.039	35.67	
861.213	32.19	
861.387	23.18	
861.56	22.77	
861.734	34.24	
861.907	29.52	
862.081	22.36	
862.254	28.91	
862.428	30.96	
862.601	22.97	
862.775	32.8	
862.948	46.73	
863.122	59.63	
863.295	45.5	
863.468	44.07	
863.642	22.36	
863.815	20.31	
863.988	8.84	
864.162	18.88	
864.335	22.97	
864.508	42.63	
864.682	45.91	
864.855	42.02	
865.028	38.95	
865.201	49.39	
865.374	34.24	
865.548	37.1	
865.721	30.96	
865.894	51.85	
866.067	37.72	
866.24	50.62	
866.413	42.63	
866.586	57.17	
866.759	26.25	
866.932	35.05	
867.105	27.89	
867.278	10.07	
867.451	-0.38	
867.624	17.03	
867.797	10.07	
867.97	12.53	
868.143	16.21	
868.316	39.15	
868.489	31.37	
868.661	28.5	
868.834	30.96	
869.007	48.78	
869.18	25.43	
869.353	22.97	
869.525	37.92	
869.698	30.96	
869.871	31.78	
870.044	38.33	
870.216	38.33	
870.389	20.51	
870.562	17.65	
870.734	20.1	
870.907	16.21	
871.079	32.39	
871.252	33.83	
871.425	50.21	
871.597	31.57	
871.77	59.43	
871.942	45.7	
872.115	53.28	
872.287	57.17	
872.459	67	
872.632	52.87	
872.804	62.91	
872.977	45.29	
873.149	30.14	
873.321	11.91	
873.494	-0.38	
873.666	-4.06	
873.838	2.7	
874.011	-6.11	
874.183	27.07	
874.355	20.72	
874.528	17.03	
874.7	24.81	
874.872	37.51	
875.044	33.21	
875.216	53.08	
875.388	57.58	
875.561	56.56	
875.733	44.68	
875.905	31.16	
876.077	1.26	
876.249	14.17	
876.421	5.77	
876.593	5.36	
876.765	11.91	
876.937	44.27	
877.109	27.48	
877.281	35.26	
877.453	37.72	
877.625	34.85	
877.797	9.86	
877.968	-3.45	
878.14	-4.88	
878.312	9.45	
878.484	2.08	
878.656	11.3	
878.828	15.39	
878.999	36.08	
879.171	23.38	
879.343	14.57	
879.515	16.01	
879.686	27.68	
879.858	5.77	
880.03	6.18	
880.201	25.63	
880.373	19.49	
880.545	13.14	
880.716	34.44	
880.888	33.42	
881.059	19.69	
881.231	25.02	
881.402	38.33	
881.574	8.64	
881.745	16.01	
881.917	32.8	
882.088	42.43	
882.26	28.3	
882.431	52.26	
882.602	28.5	
882.774	25.43	
882.945	4.54	
883.116	-5.5	
883.288	-23.11	
883.459	1.88	
883.63	-7.95	
883.802	-4.27	
883.973	13.96	
884.144	27.89	
884.315	20.72	
884.487	31.16	
884.658	44.07	
884.829	36.49	
885	27.68	
885.171	32.39	
885.342	18.67	
885.513	20.1	
885.684	30.14	
885.855	43.25	
886.026	39.36	
886.197	51.64	
886.368	34.64	
886.539	29.73	
886.71	15.6	
886.881	20.92	
887.052	13.55	
887.223	31.37	
887.394	18.47	
887.565	30.75	
887.736	19.69	
887.907	36.28	
888.077	19.29	
888.248	37.1	
888.419	19.49	
888.59	21.95	
888.761	21.95	
888.931	35.46	
889.102	23.18	
889.273	34.03	
889.443	37.51	
889.614	19.69	
889.785	19.29	
889.955	30.14	
890.126	20.31	
890.296	32.6	
890.467	42.84	
890.637	57.17	
890.808	63.73	
890.978	79.5	
891.149	78.68	
891.319	97.93	
891.49	86.87	
891.66	85.23	
891.831	69.67	
892.001	53.69	
892.172	19.08	
892.342	10.68	
892.512	-4.47	
892.683	9.86	
892.853	12.94	
893.023	27.07	
893.193	6.18	
893.364	18.06	
893.534	12.94	
893.704	36.28	
893.874	35.05	
894.044	56.97	
894.215	40.38	
894.385	47.75	
894.555	26.66	
894.725	40.99	
894.895	20.72	
895.065	45.7	
895.235	43.04	
895.405	57.79	
895.575	41.81	
895.745	69.97	
895.915	60.24	
