177.618	-174.25	
177.836	-171.94	
178.054	-164.21	
178.271	-127.35	
178.489	-77.58	
178.706	-59.77	
178.924	-29.46	
179.142	7.82	
179.359	7.82	
179.577	-18.4	
179.794	-2.22	
180.012	-5.7	
180.229	-23.72	
180.447	-18.4	
180.664	1.47	
180.882	-5.5	
181.1	-1.6	
181.317	-15.12	
181.535	-17.58	
181.752	-19.63	
181.969	-6.93	
182.187	9.45	
182.404	33.62	
182.622	38.13	
182.839	36.08	
183.057	29.52	
183.274	26.04	
183.492	37.1	
183.709	37.51	
183.926	25.84	
184.144	29.32	
184.361	19.08	
184.579	20.72	
184.796	14.98	
185.013	33.42	
185.231	24.61	
185.448	42.02	
185.666	31.37	
185.883	14.57	
186.1	5.97	
186.317	17.65	
186.535	-10.21	
186.752	-6.93	
186.969	11.09	
187.187	25.84	
187.404	8.23	
187.621	39.56	
187.839	48.37	
188.056	36.08	
188.273	17.65	
188.49	47.55	
188.708	34.03	
188.925	30.34	
189.142	40.58	
189.359	44.48	
189.576	20.92	
189.794	25.84	
190.011	21.54	
190.228	18.06	
190.445	19.08	
190.662	33.83	
190.879	33.42	
191.097	19.29	
191.314	17.03	
191.531	15.19	
191.748	-1.19	
191.965	1.47	
192.182	-0.99	
192.399	5.56	
192.616	7.61	
192.834	27.48	
193.051	9.45	
193.268	13.76	
193.485	22.36	
193.702	16.01	
193.919	4.13	
194.136	11.71	
194.353	15.19	
194.57	14.37	
194.787	20.72	
195.004	45.7	
195.221	33.62	
195.438	41.4	
195.655	25.43	
195.872	43.04	
196.089	4.13	
196.306	20.31	
196.523	19.29	
196.74	35.87	
196.957	9.25	
197.173	33.21	
197.39	30.34	
197.607	34.03	
197.824	23.59	
198.041	36.08	
198.258	26.66	
198.475	33.01	
198.692	19.29	
198.909	18.47	
199.125	0.85	
199.342	19.9	
199.559	14.78	
199.776	31.98	
199.993	40.38	
200.21	41.4	
200.426	22.15	
200.643	15.6	
200.86	15.8	
201.077	27.07	
201.293	26.25	
201.51	24.2	
201.727	3.52	
201.944	-20.04	
202.16	-40.52	
202.377	-36.62	
202.594	-35.6	
202.811	-15.33	
203.027	3.11	
203.244	-3.86	
203.461	4.13	
203.677	7.82	
203.894	14.98	
204.111	14.57	
204.327	23.59	
204.544	19.08	
204.761	37.1	
204.977	29.52	
205.194	15.8	
205.41	36.28	
205.627	31.57	
205.844	8.02	
206.06	10.07	
206.277	22.97	
206.493	3.11	
206.71	10.48	
206.926	11.71	
207.143	20.51	
207.36	-1.6	
207.576	13.96	
207.793	22.15	
208.009	46.11	
208.226	48.37	
208.442	44.48	
208.659	40.38	
208.875	47.96	
209.092	26.04	
209.308	22.15	
209.524	37.72	
209.741	56.76	
209.957	69.26	
210.174	71.3	
210.39	67	
210.607	64.95	
210.823	18.88	
211.039	-5.9	
211.256	14.37	
211.472	-6.52	
211.688	7.61	
211.905	36.69	
212.121	35.05	
212.338	18.26	
212.554	45.29	
212.77	40.38	
212.987	30.55	
213.203	40.38	
213.419	39.36	
213.635	30.34	
213.852	16.21	
214.068	19.29	
214.284	11.09	
214.501	24.81	
214.717	12.12	
214.933	24.4	
215.149	5.77	
215.365	0.24	
215.582	-24.54	
215.798	10.27	
216.014	0.44	
216.23	21.33	
216.447	23.38	
216.663	27.27	
216.879	0.85	
217.095	21.74	
217.311	19.29	
217.527	20.51	
217.743	27.07	
217.96	30.14	
218.176	14.37	
218.392	12.32	
218.608	18.67	
218.824	19.08	
219.04	17.44	
219.256	31.57	
219.472	26.86	
219.688	24.61	
219.904	27.27	
220.12	54.92	
220.336	47.96	
220.552	53.28	
220.768	49.59	
220.984	54.51	
221.2	19.49	
221.416	25.63	
221.632	10.68	
221.848	13.96	
222.064	-8.77	
222.28	1.88	
222.496	-11.84	
222.712	12.73	
222.928	-1.81	
223.144	19.49	
223.36	14.78	
223.576	33.62	
223.792	18.88	
224.008	51.03	
224.224	48.16	
224.439	67.62	
224.655	56.15	
224.871	67.41	
225.087	33.21	
225.303	18.67	
225.519	-4.88	
225.734	2.7	
225.95	2.49	
226.166	25.43	
226.382	39.56	
226.598	56.76	
226.813	54.71	
227.029	42.63	
227.245	36.9	
227.461	31.57	
227.677	29.73	
227.892	23.79	
228.108	23.59	
228.324	37.1	
228.539	30.14	
228.755	37.51	
228.971	50.82	
229.186	60.24	
229.402	42.22	
229.618	45.5	
229.833	36.28	
230.049	29.73	
230.265	21.13	
230.48	40.17	
230.696	50.62	
230.912	46.93	
231.127	43.66	
231.343	50.62	
231.558	20.72	
231.774	25.02	
231.99	37.72	
232.205	41.2	
232.421	25.84	
232.636	39.97	
232.852	25.02	
233.067	11.3	
233.283	21.33	
233.498	44.88	
233.714	48.16	
233.929	64.75	
234.145	57.99	
234.36	46.93	
234.576	44.27	
234.791	54.1	
235.007	53.69	
235.222	79.7	
235.438	67.41	
235.653	77.24	
235.868	63.32	
236.084	81.75	
236.299	77.45	
236.515	83.39	
236.73	55.33	
236.945	62.91	
237.161	24	
237.376	5.15	
237.592	-1.4	
237.807	12.73	
238.022	2.29	
238.238	28.09	
238.453	11.5	
238.668	25.02	
238.883	6.79	
239.099	15.19	
239.314	-3.86	
239.529	21.13	
239.745	18.06	
239.96	24.81	
240.175	19.9	
240.39	39.15	
240.605	44.88	
240.821	26.45	
241.036	29.32	
241.251	48.98	
241.466	29.32	
241.681	30.75	
241.897	50.62	
242.112	60.45	
242.327	28.09	
242.542	35.87	
242.757	20.92	
242.972	7.82	
243.188	-0.79	
243.403	20.72	
243.618	14.78	
243.833	24.2	
244.048	42.43	
244.263	52.26	
244.478	44.68	
244.693	46.73	
244.908	40.58	
245.123	34.24	
245.338	41.4	
245.553	57.17	
245.768	55.74	
245.983	53.08	
246.198	40.38	
246.413	25.02	
246.628	10.89	
246.843	-3.86	
247.058	19.69	
247.273	34.44	
247.488	30.34	
247.703	37.51	
247.918	54.92	
248.133	34.03	
248.348	21.74	
248.563	47.96	
248.778	41.81	
248.993	45.91	
249.207	57.58	
249.422	76.01	
249.637	40.99	
249.852	39.97	
250.067	30.14	
250.282	16.62	
250.496	10.48	
250.711	37.31	
250.926	31.57	
251.141	47.14	
251.356	47.14	
251.57	38.95	
251.785	32.19	
252	28.5	
252.215	19.9	
252.43	23.59	
252.644	36.08	
252.859	35.05	
253.074	36.69	
253.288	27.48	
253.503	25.02	
253.718	33.42	
253.932	47.75	
254.147	59.22	
254.362	67.41	
254.576	78.47	
254.791	56.97	
255.006	47.55	
255.22	42.02	
255.435	45.91	
255.65	39.15	
255.864	52.26	
256.079	45.29	
256.293	50.62	
256.508	48.78	
256.723	82.16	
256.937	71.1	
257.152	67.62	
257.366	59.02	
257.581	56.35	
257.795	25.63	
258.01	35.87	
258.224	40.58	
258.439	49.8	
258.653	47.55	
258.868	53.69	
259.082	40.58	
259.297	40.38	
259.511	18.26	
259.726	5.36	
259.94	-2.63	
260.154	-11.43	
260.369	-16.55	
260.583	-4.88	
260.798	-0.58	
261.012	5.15	
261.226	26.25	
261.441	36.28	
261.655	38.13	
261.869	55.33	
262.084	47.14	
262.298	38.13	
262.512	23.38	
262.727	18.88	
262.941	16.01	
263.155	11.3	
263.37	16.62	
263.584	32.19	
263.798	30.75	
264.012	44.07	
264.227	54.31	
264.441	57.38	
264.655	33.21	
264.869	62.29	
265.084	49.39	
265.298	55.53	
265.512	37.51	
265.726	60.65	
265.94	43.25	
266.155	48.37	
266.369	32.8	
266.583	58.4	
266.797	69.87	
267.011	74.99	
267.225	83.39	
267.439	85.23	
267.654	67	
267.868	53.69	
268.082	34.44	
268.296	11.91	
268.51	4.74	
268.724	22.36	
268.938	-0.99	
269.152	11.71	
269.366	10.07	
269.58	29.93	
269.794	8.43	
270.008	35.26	
270.222	30.55	
270.436	41.4	
270.65	27.48	
270.864	37.72	
271.078	28.91	
271.292	46.93	
271.506	42.02	
271.72	57.99	
271.934	62.91	
272.148	60.24	
272.362	35.67	
272.575	46.11	
272.789	31.78	
273.003	19.29	
273.217	25.02	
273.431	24.4	
273.645	13.76	
273.859	35.05	
274.073	60.45	
274.286	78.88	
274.5	84.82	
274.714	80.52	
274.928	77.86	
275.142	53.49	
275.355	45.5	
275.569	65.36	
275.783	78.27	
275.997	59.22	
276.21	67.41	
276.424	72.33	
276.638	46.52	
276.852	41.4	
277.065	40.99	
277.279	42.84	
277.493	28.91	
277.706	47.96	
277.92	55.74	
278.134	58.4	
278.347	39.76	
278.561	34.64	
278.775	33.83	
278.988	12.32	
279.202	18.47	
279.415	35.46	
279.629	29.73	
279.843	27.48	
280.056	65.16	
280.27	68.85	
280.483	58.2	
280.697	64.75	
280.91	68.44	
281.124	57.99	
281.337	53.49	
281.551	72.74	
281.764	64.55	
281.978	59.22	
282.191	33.62	
282.405	34.24	
282.618	-1.6	
282.832	9.45	
283.045	-1.4	
283.259	20.51	
283.472	21.74	
283.686	39.56	
283.899	29.73	
284.112	42.22	
284.326	38.33	
284.539	43.45	
284.752	56.35	
284.966	66.39	
285.179	61.47	
285.393	50	
285.606	27.27	
285.819	30.14	
286.033	10.89	
286.246	40.99	
286.459	35.87	
286.672	53.69	
286.886	38.33	
287.099	58.4	
287.312	22.56	
287.525	35.67	
287.739	36.9	
287.952	46.11	
288.165	45.91	
288.378	54.1	
288.592	52.46	
288.805	38.33	
289.018	44.07	
289.231	38.13	
289.444	32.39	
289.657	22.77	
289.871	20.51	
290.084	4.13	
290.297	15.19	
290.51	10.07	
290.723	17.65	
290.936	57.58	
291.149	62.5	
291.362	64.55	
291.575	78.88	
291.789	83.8	
292.002	53.69	
292.215	58.61	
292.428	35.26	
292.641	38.54	
292.854	27.07	
293.067	24.2	
293.28	29.12	
293.493	38.13	
293.706	21.95	
293.919	42.43	
294.132	42.02	
294.345	28.3	
294.558	25.43	
294.77	38.95	
294.983	17.24	
295.196	27.89	
295.409	48.98	
295.622	60.24	
295.835	57.38	
296.048	53.9	
296.261	43.66	
296.474	31.16	
296.686	33.01	
296.899	35.46	
297.112	54.71	
297.325	53.49	
297.538	59.02	
297.751	63.73	
297.963	63.32	
298.176	60.86	
298.389	68.23	
298.602	76.63	
298.814	118	
299.027	109.19	
299.24	101.41	
299.453	108.17	
299.665	83.59	
299.878	21.33	
300.091	10.48	
300.303	15.39	
300.516	0.44	
300.729	5.97	
300.941	14.78	
301.154	12.53	
301.367	8.02	
301.579	24	
301.792	29.93	
302.005	25.02	
302.217	29.12	
302.43	35.67	
302.642	14.78	
302.855	3.93	
303.067	9.86	
303.28	35.26	
303.493	29.93	
303.705	56.97	
303.918	71.1	
304.13	85.64	
304.343	62.29	
304.555	82.98	
304.768	64.95	
304.98	69.67	
305.193	44.07	
305.405	57.58	
305.617	31.16	
305.83	50.62	
306.042	42.02	
306.255	50.82	
306.467	36.28	
306.68	42.02	
306.892	22.77	
307.104	26.04	
307.317	29.93	
307.529	46.93	
307.741	52.26	
307.954	59.02	
308.166	42.02	
308.378	48.57	
308.591	53.28	
308.803	60.65	
309.015	75.19	
309.228	98.75	
309.44	76.42	
309.652	65.98	
309.864	45.7	
310.077	22.36	
310.289	6.38	
310.501	20.31	
310.713	2.7	
310.926	14.17	
311.138	12.94	
311.35	32.19	
311.562	19.49	
311.774	45.09	
311.986	49.19	
312.199	67.62	
312.411	39.76	
312.623	49.59	
312.835	35.46	
313.047	17.44	
313.259	-2.83	
313.471	8.23	
313.683	10.68	
313.895	22.77	
314.108	19.49	
314.32	30.34	
314.532	21.95	
314.744	24.81	
314.956	34.85	
315.168	59.43	
315.38	39.97	
315.592	64.95	
315.804	58.61	
316.016	72.74	
316.228	69.05	
316.44	91.78	
316.651	79.29	
316.863	74.78	
317.075	43.45	
317.287	18.67	
317.499	20.92	
317.711	15.6	
317.923	36.49	
318.135	40.17	
318.347	63.73	
318.559	62.7	
318.77	78.27	
318.982	54.1	
319.194	48.37	
319.406	35.26	
319.618	28.3	
319.83	17.03	
320.041	21.95	
320.253	19.08	
320.465	19.49	
320.677	19.29	
320.888	12.12	
321.1	17.03	
321.312	37.92	
321.524	45.5	
321.735	34.03	
321.947	38.95	
322.159	31.37	
322.37	14.57	
322.582	13.14	
322.794	31.16	
323.005	35.67	
323.217	51.85	
323.429	36.28	
323.64	49.39	
323.852	32.6	
324.063	21.33	
324.275	22.56	
324.487	43.04	
324.698	25.02	
324.91	35.46	
325.121	25.84	
325.333	10.27	
325.544	10.68	
325.756	30.55	
325.967	18.67	
326.179	36.28	
326.39	40.99	
326.602	42.84	
326.813	5.97	
327.025	25.84	
327.236	2.08	
327.448	-0.79	
327.659	-6.52	
327.871	16.21	
328.082	12.73	
328.293	33.42	
328.505	34.24	
328.716	27.07	
328.928	24.2	
329.139	26.04	
329.35	12.94	
329.562	13.14	
329.773	21.74	
329.984	20.92	
330.196	0.65	
330.407	20.31	
330.618	25.63	
330.83	27.07	
331.041	31.16	
331.252	41.81	
331.463	43.66	
331.675	50.62	
331.886	58.81	
332.097	63.11	
332.308	63.32	
332.52	64.95	
332.731	57.79	
332.942	60.45	
333.153	68.85	
333.364	63.93	
333.575	54.1	
333.787	62.7	
333.998	31.37	
334.209	27.07	
334.42	22.97	
334.631	41.81	
334.842	35.26	
335.053	65.77	
335.264	53.9	
335.475	64.95	
335.686	53.9	
335.898	39.76	
336.109	27.27	
336.32	32.6	
336.531	28.09	
336.742	42.02	
336.953	55.94	
337.164	47.75	
337.375	26.25	
337.586	35.05	
337.797	2.9	
338.007	-5.7	
338.218	1.06	
338.429	16.21	
338.64	-2.22	
338.851	1.88	
339.062	3.11	
339.273	16.42	
339.484	10.07	
339.695	19.08	
339.906	25.02	
340.116	44.07	
340.327	37.1	
340.538	47.55	
340.749	43.66	
340.96	30.75	
341.171	13.35	
341.381	10.48	
341.592	-1.4	
341.803	2.49	
342.014	13.55	
342.224	14.98	
342.435	10.68	
342.646	12.73	
342.857	10.89	
343.067	11.71	
343.278	26.45	
343.489	22.56	
343.699	26.45	
343.91	29.93	
344.121	22.15	
344.331	4.13	
344.542	11.91	
344.753	25.63	
344.963	31.16	
345.174	45.29	
345.384	59.02	
345.595	71.3	
345.806	63.73	
346.016	59.83	
346.227	48.16	
346.437	49.8	
346.648	30.14	
346.858	28.5	
347.069	23.79	
347.279	40.17	
347.49	17.65	
347.7	40.99	
347.911	35.26	
348.121	42.84	
348.332	42.63	
348.542	41.4	
348.753	31.57	
348.963	44.68	
349.173	42.43	
349.384	44.27	
349.594	71.1	
349.805	71.71	
350.015	51.44	
350.225	57.58	
350.436	55.12	
350.646	59.02	
350.856	57.79	
351.067	62.29	
351.277	41.2	
351.487	34.44	
351.698	10.48	
351.908	0.03	
352.118	12.73	
352.328	21.74	
352.539	35.05	
352.749	40.79	
352.959	38.54	
353.169	38.95	
353.38	49.19	
353.59	39.36	
353.8	43.25	
354.01	44.07	
354.22	45.09	
354.431	63.32	
354.641	56.56	
354.851	57.38	
355.061	63.73	
355.271	70.07	
355.481	46.32	
355.691	52.87	
355.901	45.09	
356.111	48.98	
356.321	20.31	
356.532	13.76	
356.742	7	
356.952	4.95	
357.162	4.13	
357.372	21.54	
357.582	20.1	
357.792	12.94	
358.002	1.67	
358.212	7	
358.422	5.77	
358.632	11.09	
358.842	16.42	
359.051	50.21	
359.261	44.88	
359.471	55.74	
359.681	62.09	
359.891	62.7	
360.101	42.84	
360.311	37.31	
360.521	19.49	
360.731	23.59	
360.94	33.21	
361.15	49.8	
361.36	60.86	
361.57	63.93	
361.78	47.96	
361.989	29.12	
362.199	26.45	
362.409	30.75	
362.619	31.78	
362.828	58.61	
363.038	71.92	
363.248	65.98	
363.458	49.19	
363.667	57.38	
363.877	28.71	
364.087	31.37	
364.296	24.81	
364.506	46.93	
364.716	36.49	
364.925	45.91	
365.135	43.45	
365.345	37.72	
365.554	19.49	
365.764	35.87	
365.973	34.85	
366.183	45.29	
366.393	57.99	
366.602	70.89	
366.812	50.82	
367.021	59.43	
367.231	44.68	
367.44	42.43	
367.65	36.69	
367.859	49.39	
368.069	38.33	
368.278	42.02	
368.488	32.6	
368.697	21.95	
368.907	18.47	
369.116	64.55	
369.326	58.4	
369.535	69.26	
369.744	80.52	
369.954	89.33	
370.163	53.69	
370.373	66.59	
370.582	60.04	
370.791	71.71	
371.001	74.78	
371.21	79.5	
371.419	71.51	
371.629	85.02	
371.838	65.98	
372.047	74.17	
372.256	73.76	
372.466	86.66	
372.675	70.89	
372.884	81.95	
373.093	59.83	
373.303	71.3	
373.512	77.45	
373.721	96.7	
373.93	91.37	
374.139	122.71	
374.349	105.91	
374.558	101.61	
374.767	86.87	
374.976	93.22	
375.185	85.64	
375.394	109.19	
375.603	127.62	
375.813	141.75	
376.022	146.26	
376.231	151.58	
376.44	140.12	
376.649	138.68	
376.858	158.75	
377.067	181.48	
377.276	213.23	
377.485	245.79	
377.694	268.52	
377.903	280.61	
378.112	276.1	
378.321	271.8	
378.53	279.99	
378.739	286.54	
378.948	294.12	
379.157	317.47	
379.366	344.09	
379.575	370.92	
379.784	384.64	
379.992	410.24	
380.201	453.86	
380.41	470.45	
380.619	463.49	
380.828	506.7	
381.037	525.54	
381.246	522.68	
381.454	532.92	
381.663	609.3	
381.872	625.07	
382.081	674.64	
382.29	721.74	
382.498	786.45	
382.707	818.4	
382.916	866.94	
383.125	901.96	
383.333	945.99	
383.542	974.05	
383.751	1010.3	
383.959	1068.66	
384.168	1127.85	
384.377	1206.08	
384.585	1268.75	
384.794	1304.8	
385.003	1363.78	
385.211	1428.08	
385.42	1466.58	
385.628	1546.46	
385.837	1637.59	
386.046	1713.57	
386.254	1800.4	
386.463	1891.54	
386.671	1959.53	
386.88	2041.24	
387.088	2134.22	
387.297	2217.37	
387.505	2310.14	
387.714	2390.63	
387.922	2493.23	
388.131	2586.82	
388.339	2683.9	
388.548	2774.62	
388.756	2903.23	
388.965	3010.34	
389.173	3114.38	
389.381	3239.72	
389.59	3385.53	
389.798	3524.18	
390.007	3679.41	
390.215	3785.29	
390.423	3940.94	
390.632	4065.66	
390.84	4225.4	
391.048	4360.16	
391.257	4549.8	
391.465	4727.16	
391.673	4929.7	
391.882	5108.49	
392.09	5284	
392.298	5503.95	
392.506	5674.96	
392.715	5883.44	
392.923	6114.45	
393.131	6384.37	
393.339	6611.29	
393.547	6865.23	
393.756	7096.25	
393.964	7350.81	
394.172	7607.01	
394.38	7872.84	
394.588	8163.44	
394.796	8480.67	
395.005	8772.51	
395.213	9058.81	
395.421	9368.67	
395.629	9699.62	
395.837	9992.48	
396.045	10330.81	
396.253	10692.68	
396.461	11149.59	
396.669	11535.42	
396.877	12023.86	
397.085	12487.32	
397.293	13004.43	
397.501	13443.92	
397.709	13969.23	
397.917	14449.48	
398.125	14963.93	
398.333	15456.05	
398.541	15941.83	
398.749	16530.01	
398.957	17142.15	
399.165	17746.71	
399.373	18350.04	
399.581	18969.14	
399.788	19513.49	
399.996	20049.85	
400.204	20700.49	
400.412	21288.46	
400.62	21984.98	
400.828	22742.52	
401.035	23570.11	
401.243	24217.47	
401.451	24985.25	
401.659	25646.34	
401.867	26272.4	
402.074	26843.58	
402.282	27529.03	
402.49	28113.93	
402.697	28745.94	
402.905	29375.89	
403.113	29954.44	
403.321	30429.16	
403.528	30907.16	
403.736	31315.93	
403.944	31666.96	
404.151	32163.59	
404.359	32567.04	
404.566	32923.79	
404.774	33288.74	
404.982	33506.65	
405.189	33594.5	
405.397	33769.81	
405.604	33939.38	
405.812	34063.08	
406.02	34062.46	
406.227	34109.16	
406.435	33966.01	
406.642	33771.04	
406.85	33535.11	
407.057	33315.98	
407.265	32951.24	
407.472	32631.14	
407.679	32265.78	
407.887	31832.43	
408.094	31422.02	
408.302	30816.43	
408.509	30308.13	
408.717	29781.39	
408.924	29149.8	
409.131	28477.24	
409.339	27981.64	
409.546	27304.78	
409.753	26640.42	
409.961	26061.05	
410.168	25466.94	
410.375	24772.47	
410.583	24017.59	
410.79	23332.34	
410.997	22544.89	
411.205	21876.23	
411.412	21159.65	
411.619	20630.25	
411.826	19921.85	
412.034	19326.1	
412.241	18659.08	
412.448	18033.22	
412.655	17370.91	
412.862	16769.42	
413.07	16191.48	
413.277	15665.15	
413.484	15216.24	
413.691	14682.33	
413.898	14212.94	
414.105	13720.61	
414.312	13238.51	
414.519	12764.82	
414.727	12410.72	
414.934	12042.09	
415.141	11710.52	
415.348	11362.37	
415.555	10998.86	
415.762	10615.27	
415.969	10250.73	
416.176	9949.89	
416.383	9643.3	
416.59	9361.5	
416.797	9075.61	
417.004	8888.22	
417.211	8653.73	
417.418	8439.71	
417.625	8213.41	
417.831	8057.56	
418.038	7819.18	
418.245	7581.61	
418.452	7343.64	
418.659	7148.88	
418.866	6915.62	
419.073	6692.18	
419.28	6482.67	
419.486	6345.26	
419.693	6159.91	
419.9	6014.1	
420.107	5880.98	
420.314	5731.89	
420.52	5531.19	
420.727	5356.5	
420.934	5163.37	
421.141	4979.47	
421.347	4807.44	
421.554	4659.78	
421.761	4517.65	
421.967	4389.24	
422.174	4275.17	
422.381	4137.95	
422.588	4028.18	
422.794	3932.13	
423.001	3823.8	
423.207	3683.72	
423.414	3583.57	
423.621	3457.62	
423.827	3341.7	
424.034	3236.03	
424.24	3161.07	
424.447	3070.35	
424.654	2972.05	
424.86	2869.65	
425.067	2763.97	
425.273	2668.95	
425.48	2611.4	
425.686	2567.16	
425.893	2504.09	
426.099	2454.93	
426.306	2399.23	
426.512	2320.59	
426.718	2254.85	
426.925	2181.33	
427.131	2113.33	
427.338	2057.01	
427.544	1993.32	
427.75	1933.73	
427.957	1884.78	
428.163	1852.01	
428.37	1795.49	
428.576	1758.62	
428.782	1705.99	
428.988	1697.19	
429.195	1657.46	
429.401	1639.64	
429.607	1589.87	
429.814	1589.46	
430.02	1531.3	
430.226	1467.81	
430.432	1434.43	
430.639	1419.89	
430.845	1373.61	
431.051	1360.91	
431.257	1358.25	
431.463	1319.54	
431.67	1277.15	
431.876	1235.16	
432.082	1193.39	
432.288	1170.65	
432.494	1145.67	
432.7	1134.61	
432.906	1100.82	
433.112	1081.36	
433.318	1070.3	
433.525	1046.14	
433.731	1009.27	
433.937	998.62	
434.143	971.39	
434.349	928.58	
434.555	892.33	
434.761	873.49	
434.967	831.92	
435.173	815.94	
435.379	792.39	
435.585	806.52	
435.791	774.17	
435.996	779.49	
436.202	752.66	
436.408	730.13	
436.614	667.88	
436.82	658.87	
437.026	620.57	
437.232	593.95	
437.438	558.72	
437.644	534.96	
437.849	509.36	
438.055	480.28	
438.261	450.59	
438.467	435.02	
438.673	425.19	
438.878	395.7	
439.084	386.69	
439.29	388.74	
439.496	371.33	
439.701	359.25	
439.907	340.61	
440.113	338.77	
440.318	316.24	
440.524	312.35	
440.73	302.31	
440.935	296.17	
441.141	264.63	
441.347	268.73	
441.552	247.84	
441.758	233.3	
441.964	218.14	
442.169	215.48	
442.375	194.59	
442.58	189.06	
442.786	189.68	
442.991	181.89	
443.197	158.14	
443.402	154.66	
443.608	161	
443.813	161.21	
444.019	170.02	
444.224	174.11	
444.43	156.09	
444.635	151.58	
444.841	132.54	
445.046	130.08	
445.252	132.54	
445.457	142.16	
445.662	120.45	
445.868	117.38	
446.073	102.64	
446.278	96.7	
446.484	82.77	
446.689	79.29	
446.894	71.71	
447.1	66.18	
447.305	83.18	
447.51	88.71	
447.716	75.4	
447.921	78.68	
448.126	90.55	
448.331	54.1	
448.537	49.59	
448.742	77.04	
448.947	66.59	
449.152	47.96	
449.357	63.11	
449.563	84.62	
449.768	71.51	
449.973	73.15	
450.178	85.23	
450.383	82.77	
450.588	60.24	
450.793	59.22	
450.999	80.11	
451.204	72.94	
451.409	61.27	
451.614	53.69	
451.819	42.63	
452.024	29.52	
452.229	29.73	
452.434	43.66	
452.639	40.38	
452.844	62.29	
453.049	45.29	
453.254	34.85	
453.459	35.46	
453.664	52.05	
453.869	51.03	
454.074	67.62	
454.279	76.01	
454.483	67	
454.688	42.63	
454.893	56.56	
455.098	63.11	
455.303	64.14	
455.508	58.2	
455.713	69.05	
455.917	33.62	
456.122	32.19	
456.327	23.18	
456.532	44.88	
456.737	28.09	
456.941	43.86	
457.146	30.75	
457.351	47.34	
457.555	30.75	
457.76	56.15	
457.965	46.93	
458.17	48.16	
458.374	50.82	
458.579	51.23	
458.784	41.81	
458.988	37.92	
459.193	30.55	
459.397	11.09	
459.602	14.37	
459.807	22.77	
460.011	25.22	
460.216	42.43	
460.42	43.86	
460.625	28.3	
460.829	21.95	
461.034	22.15	
461.239	-2.83	
461.443	-3.86	
461.648	23.18	
461.852	15.6	
462.056	17.44	
462.261	29.32	
462.465	46.11	
462.67	29.32	
462.874	31.57	
463.079	21.13	
463.283	17.65	
463.487	-0.17	
463.692	16.42	
463.896	14.17	
464.1	19.29	
464.305	16.83	
464.509	16.21	
464.713	-1.6	
464.918	15.39	
465.122	25.63	
465.326	28.3	
465.531	30.34	
465.735	31.57	
465.939	28.3	
466.143	32.6	
466.348	22.36	
466.552	29.12	
466.756	40.38	
466.96	33.62	
467.164	28.09	
467.368	33.42	
467.573	28.5	
467.777	19.08	
467.981	22.97	
468.185	8.43	
468.389	21.74	
468.593	19.29	
468.797	14.98	
469.001	16.01	
469.205	23.38	
469.409	31.57	
469.613	45.7	
469.817	35.87	
470.021	27.07	
470.225	26.04	
470.429	8.02	
470.633	10.68	
470.837	30.34	
471.041	22.36	
471.245	17.65	
471.449	27.48	
471.653	13.76	
471.857	12.12	
472.061	21.95	
472.265	22.15	
472.469	26.04	
472.673	33.42	
472.876	25.02	
473.08	29.32	
473.284	57.17	
473.488	51.23	
473.692	41.2	
473.895	64.55	
474.099	59.63	
474.303	37.51	
474.507	31.98	
474.71	42.02	
474.914	31.37	
475.118	20.92	
475.322	37.51	
475.525	25.22	
475.729	23.59	
475.933	6.18	
476.136	43.45	
476.34	35.67	
476.543	49.19	
476.747	42.43	
476.951	46.73	
477.154	10.48	
477.358	13.35	
477.561	6.38	
477.765	8.64	
477.969	11.5	
478.172	16.83	
478.376	10.07	
478.579	29.73	
478.783	20.92	
478.986	29.32	
479.19	28.91	
479.393	35.05	
479.596	23.59	
479.8	37.72	
480.003	24.81	
480.207	31.98	
480.41	21.74	
480.614	30.34	
480.817	11.3	
481.02	33.21	
481.224	49.19	
481.427	52.87	
481.63	48.78	
481.834	62.5	
482.037	32.19	
482.24	11.5	
482.443	14.57	
482.647	8.02	
482.85	2.49	
483.053	35.26	
483.256	16.21	
483.46	33.01	
483.663	24.61	
483.866	44.68	
484.069	22.77	
484.272	38.54	
484.476	20.72	
484.679	30.75	
484.882	29.32	
485.085	28.3	
485.288	32.8	
485.491	36.9	
485.694	33.62	
485.897	21.95	
486.101	27.48	
486.304	34.03	
486.507	9.86	
486.71	10.27	
486.913	6.79	
487.116	6.18	
487.319	9.45	
487.522	25.84	
487.725	40.58	
487.928	39.15	
488.13	29.52	
488.333	21.13	
488.536	30.75	
488.739	10.48	
488.942	23.18	
489.145	35.87	
489.348	45.91	
489.551	34.24	
489.754	43.25	
489.956	32.6	
490.159	24.61	
490.362	6.38	
490.565	3.72	
490.768	3.11	
490.97	5.36	
491.173	14.57	
491.376	15.19	
491.579	18.26	
491.781	23.79	
491.984	25.02	
492.187	13.35	
492.39	14.37	
492.592	11.5	
492.795	12.73	
492.998	-6.93	
493.2	-2.63	
493.403	-11.84	
493.605	11.09	
493.808	-3.45	
494.011	12.94	
494.213	12.32	
494.416	23.18	
494.618	-4.68	
494.821	2.08	
495.023	10.48	
495.226	19.29	
495.428	19.9	
495.631	40.79	
495.833	47.14	
496.036	29.93	
496.238	15.39	
496.441	23.59	
496.643	7.41	
496.846	-0.99	
497.048	16.42	
497.25	36.08	
497.453	37.51	
497.655	68.64	
497.858	75.6	
498.06	76.22	
498.262	56.76	
498.465	50.62	
498.667	28.09	
498.869	24.81	
499.071	19.49	
499.274	33.42	
499.476	25.63	
499.678	23.38	
499.881	29.73	
500.083	25.63	
500.285	12.32	
500.487	23.79	
500.689	22.97	
500.892	0.44	
501.094	-8.57	
501.296	1.47	
501.498	-6.31	
501.7	-1.4	
501.902	11.09	
502.104	18.06	
502.306	13.35	
502.509	24.81	
502.711	13.55	
502.913	11.5	
503.115	8.02	
503.317	8.43	
503.519	-10.82	
503.721	-0.58	
503.923	13.96	
504.125	18.88	
504.327	26.86	
504.529	36.08	
504.731	24.4	
504.933	18.47	
505.134	14.98	
505.336	6.79	
505.538	17.03	
505.74	13.96	
505.942	-5.9	
506.144	-10	
506.346	-5.7	
506.548	1.06	
506.749	10.68	
506.951	21.33	
507.153	21.54	
507.355	8.43	
507.557	-10.21	
507.758	-5.7	
507.96	-13.48	
508.162	-4.47	
508.363	7.2	
508.565	14.57	
508.767	10.89	
508.969	25.02	
509.17	34.64	
509.372	26.04	
509.574	18.06	
509.775	19.69	
509.977	20.92	
510.178	24	
510.38	36.08	
510.582	51.44	
510.783	46.11	
510.985	36.08	
511.186	13.55	
511.388	24.4	
511.589	19.69	
511.791	20.51	
511.992	31.57	
512.194	39.36	
512.395	12.73	
512.597	7.82	
512.798	3.93	
513	5.15	
513.201	13.14	
513.403	43.45	
513.604	47.96	
513.805	48.98	
514.007	39.76	
514.208	24.2	
514.409	6.18	
514.611	3.52	
514.812	-1.19	
515.013	9.66	
515.215	17.24	
515.416	10.68	
515.617	-0.79	
515.819	4.33	
516.02	-3.86	
516.221	0.24	
516.422	-5.09	
516.623	5.77	
516.825	1.88	
517.026	0.03	
517.227	-6.11	
517.428	-10.82	
517.629	-4.06	
517.83	17.85	
518.032	30.96	
518.233	31.16	
518.434	44.68	
518.635	38.33	
518.836	29.12	
519.037	13.35	
519.238	13.55	
519.439	7.82	
519.64	2.29	
519.841	-2.01	
520.042	-1.4	
520.243	4.13	
520.444	11.09	
520.645	2.49	
520.846	0.24	
521.047	7	
521.248	11.09	
521.449	8.43	
521.65	23.38	
521.851	43.45	
522.052	35.26	
522.252	25.84	
522.453	29.12	
522.654	9.86	
522.855	-13.28	
523.056	-7.95	
523.257	-5.29	
523.457	-4.88	
523.658	14.37	
523.859	17.44	
524.06	8.23	
524.26	1.06	
524.461	12.73	
524.662	9.05	
524.862	-0.99	
525.063	5.77	
525.264	19.9	
525.464	1.26	
525.665	7.61	
525.866	27.89	
526.066	17.85	
526.267	10.27	
526.468	6.18	
526.668	-5.7	
526.869	-23.31	
527.069	-6.31	
527.27	1.06	
527.47	14.57	
527.671	24.4	
527.871	39.36	
528.072	37.1	
528.272	34.85	
528.473	41.4	
528.673	47.75	
528.874	36.69	
529.074	38.13	
529.275	51.44	
529.475	55.53	
529.675	35.46	
529.876	46.11	
530.076	28.09	
530.277	11.71	
530.477	-0.99	
530.677	-1.19	
530.878	-26.18	
531.078	-2.22	
531.278	-18.19	
531.478	-23.31	
531.679	-21.26	
531.879	-10.62	
532.079	-11.23	
532.28	7.2	
532.48	3.52	
532.68	9.66	
532.88	19.69	
533.08	9.25	
533.28	5.36	
533.481	5.56	
533.681	12.12	
533.881	13.55	
534.081	7.2	
534.281	7.2	
534.481	9.66	
534.681	12.73	
534.881	20.1	
535.081	27.48	
535.281	18.06	
535.481	32.8	
535.682	16.42	
535.882	6.79	
536.082	6.38	
536.281	19.9	
536.481	17.85	
536.681	35.05	
536.881	35.46	
537.081	37.51	
537.281	30.96	
537.481	17.03	
537.681	3.72	
537.881	-10.62	
538.081	-0.79	
538.281	-2.83	
538.48	-2.42	
538.68	2.29	
538.88	25.84	
539.08	14.57	
539.28	22.97	
539.479	39.15	
539.679	34.24	
539.879	11.5	
540.079	19.69	
540.278	2.08	
540.478	-14.3	
540.678	-14.3	
540.877	11.5	
541.077	-3.65	
541.277	3.11	
541.476	29.73	
541.676	29.32	
541.876	23.59	
542.075	28.5	
542.275	25.63	
542.474	4.33	
542.674	11.5	
542.874	7.41	
543.073	11.91	
543.273	21.13	
543.472	17.65	
543.672	13.76	
543.871	5.15	
544.071	2.49	
544.27	15.19	
544.47	18.06	
544.669	31.78	
544.868	31.16	
545.068	37.72	
545.267	29.32	
545.467	45.5	
545.666	30.34	
545.865	48.78	
546.065	38.54	
546.264	31.78	
546.463	15.39	
546.663	12.73	
546.862	0.44	
547.061	12.94	
547.261	9.05	
547.46	22.97	
547.659	24.61	
547.858	42.84	
548.058	34.03	
548.257	49.8	
548.456	36.9	
548.655	40.58	
548.854	30.34	
549.053	39.36	
549.253	20.1	
549.452	14.37	
549.651	26.45	
549.85	32.39	
550.049	30.34	
550.248	33.21	
550.447	36.9	
550.646	39.36	
550.845	46.93	
551.044	45.7	
551.243	44.07	
551.442	53.9	
551.641	31.37	
551.84	17.24	
552.039	18.06	
552.238	35.46	
552.437	24.81	
552.636	39.97	
552.835	31.98	
553.034	35.87	
553.233	30.75	
553.432	37.51	
553.63	20.72	
553.829	26.45	
554.028	13.14	
554.227	22.56	
554.426	17.24	
554.625	28.5	
554.823	7	
555.022	18.06	
555.221	22.36	
555.42	20.31	
555.618	14.37	
555.817	36.69	
556.016	28.5	
556.214	24.81	
556.413	27.48	
556.612	31.16	
556.81	27.89	
557.009	26.66	
557.208	15.39	
557.406	18.67	
557.605	17.44	
557.803	16.83	
558.002	20.1	
558.201	11.5	
558.399	9.86	
558.598	-2.22	
558.796	9.45	
558.995	19.49	
559.193	17.03	
559.392	18.47	
559.59	35.26	
559.789	33.21	
559.987	38.54	
560.185	57.58	
560.384	56.56	
560.582	55.94	
560.781	60.86	
560.979	45.29	
561.177	22.56	
561.376	28.09	
561.574	43.25	
561.772	16.21	
561.971	46.52	
562.169	53.08	
562.367	36.28	
562.566	25.84	
562.764	28.09	
562.962	-4.06	
563.16	-14.3	
563.358	-3.24	
563.557	-2.83	
563.755	11.71	
563.953	4.95	
564.151	20.72	
564.349	29.93	
564.547	24.81	
564.746	17.24	
564.944	23.79	
565.142	38.13	
565.34	27.68	
565.538	28.5	
565.736	37.51	
565.934	34.44	
566.132	27.48	
566.33	32.39	
566.528	54.31	
566.726	38.54	
566.924	57.58	
567.122	39.56	
567.32	33.42	
567.518	5.77	
567.716	11.09	
567.914	4.95	
568.112	15.8	
568.31	27.48	
568.507	34.64	
568.705	25.63	
568.903	19.69	
569.101	21.95	
569.299	33.62	
569.497	35.46	
569.694	52.87	
569.892	55.94	
570.09	61.88	
570.288	30.96	
570.486	33.42	
570.683	29.52	
570.881	18.88	
571.079	0.24	
571.276	-1.6	
571.474	-8.36	
571.672	-8.57	
571.869	1.88	
572.067	8.84	
572.265	13.35	
572.462	16.62	
572.66	15.19	
572.857	11.09	
573.055	19.69	
573.253	23.38	
573.45	29.73	
573.648	31.98	
573.845	23.79	
574.043	22.56	
574.24	25.84	
574.438	19.08	
574.635	28.09	
574.832	33.21	
575.03	25.84	
575.227	50.62	
575.425	50	
575.622	29.73	
575.82	21.74	
576.017	40.99	
576.214	11.71	
576.412	11.09	
576.609	4.13	
576.806	6.59	
577.004	-11.43	
577.201	0.44	
577.398	4.13	
577.595	40.99	
577.793	58.61	
577.99	69.87	
578.187	62.7	
578.384	53.28	
578.582	26.25	
578.779	31.37	
578.976	30.14	
579.173	40.17	
579.37	52.05	
579.567	66.18	
579.764	50.62	
579.962	60.24	
580.159	66.59	
580.356	59.22	
580.553	49.59	
580.75	56.97	
580.947	45.91	
581.144	56.76	
581.341	64.75	
581.538	76.42	
581.735	79.29	
581.932	97.31	
582.129	60.24	
582.326	64.34	
582.523	55.53	
582.72	43.25	
582.916	12.32	
583.113	20.31	
583.31	2.49	
583.507	6.59	
583.704	14.17	
583.901	32.8	
584.098	33.01	
584.294	35.67	
584.491	33.21	
584.688	32.39	
584.885	17.24	
585.082	50.82	
585.278	59.22	
585.475	59.22	
585.672	61.68	
585.868	59.43	
586.065	20.1	
586.262	8.02	
586.458	15.6	
586.655	24.81	
586.852	24.61	
587.048	35.67	
587.245	35.26	
587.442	43.04	
587.638	36.28	
587.835	48.37	
588.031	43.25	
588.228	52.87	
588.424	36.69	
588.621	28.91	
588.817	9.86	
589.014	25.43	
589.21	30.75	
589.407	27.89	
589.603	18.88	
589.8	43.66	
589.996	44.68	
590.192	29.52	
590.389	38.13	
590.585	36.9	
590.782	13.14	
590.978	27.48	
591.174	35.05	
591.371	27.48	
591.567	28.5	
591.763	40.99	
591.959	15.6	
592.156	12.73	
592.352	5.15	
592.548	23.79	
592.744	23.79	
592.941	18.06	
593.137	14.37	
593.333	26.25	
593.529	24.61	
593.725	30.55	
593.922	25.84	
594.118	39.76	
594.314	21.33	
594.51	20.31	
594.706	-4.27	
594.902	12.73	
595.098	6.79	
595.294	27.27	
595.49	5.56	
595.686	33.01	
595.882	22.77	
596.078	41.2	
596.274	34.24	
596.47	59.22	
596.666	62.7	
596.862	49.59	
597.058	33.21	
597.254	43.04	
597.45	28.5	
597.646	28.71	
597.842	44.27	
598.037	59.63	
598.233	55.74	
598.429	63.11	
598.625	38.95	
598.821	28.09	
599.017	3.93	
599.212	12.53	
599.408	21.74	
599.604	26.86	
599.8	41.61	
599.995	47.75	
600.191	30.75	
600.387	17.24	
600.582	32.39	
600.778	37.1	
600.974	36.49	
601.169	40.58	
601.365	39.36	
601.561	27.27	
601.756	12.73	
601.952	13.96	
602.147	14.17	
602.343	21.33	
602.538	37.51	
602.734	41.61	
602.93	45.7	
603.125	40.17	
603.321	32.8	
603.516	17.65	
603.711	15.39	
603.907	17.65	
604.102	21.95	
604.298	41.81	
604.493	42.43	
604.689	64.55	
604.884	52.46	
605.079	49.19	
605.275	33.62	
605.47	27.27	
605.665	9.25	
605.861	19.49	
606.056	31.16	
606.251	21.13	
606.447	24	
606.642	23.79	
606.837	19.29	
607.032	26.45	
607.227	16.42	
607.423	17.44	
607.618	14.98	
607.813	4.54	
608.008	-34.58	
608.203	8.02	
608.398	15.19	
608.594	10.48	
608.789	9.25	
608.984	53.28	
609.179	21.74	
609.374	17.44	
609.569	20.72	
609.764	17.03	
609.959	4.74	
610.154	10.89	
610.349	17.24	
610.544	22.97	
610.739	36.08	
610.934	35.05	
611.129	46.73	
611.324	45.7	
611.519	49.19	
611.714	62.5	
611.909	57.79	
612.103	60.24	
612.298	67	
612.493	70.48	
612.688	59.83	
612.883	70.28	
613.078	53.9	
613.272	65.36	
613.467	60.86	
613.662	70.69	
613.857	74.58	
614.051	88.3	
614.246	67.62	
614.441	64.75	
614.635	34.24	
614.83	16.83	
615.025	8.43	
615.219	17.24	
615.414	-2.83	
615.609	15.39	
615.803	12.73	
615.998	25.02	
616.192	17.24	
616.387	34.24	
616.582	45.29	
616.776	58.2	
616.971	53.9	
617.165	45.5	
617.36	44.27	
617.554	43.45	
617.749	45.29	
617.943	40.79	
618.138	54.1	
618.332	47.55	
618.526	35.87	
618.721	33.42	
618.915	35.67	
619.11	34.44	
619.304	41.4	
619.498	57.38	
619.693	69.26	
619.887	67.41	
620.081	58.2	
620.275	61.68	
620.47	47.75	
620.664	31.37	
620.858	14.98	
621.052	26.86	
621.247	21.95	
621.441	13.96	
621.635	12.32	
621.829	20.1	
622.023	20.1	
622.218	42.22	
622.412	32.19	
622.606	28.09	
622.8	34.03	
622.994	12.73	
623.188	-15.12	
623.382	11.91	
623.576	13.35	
623.77	12.53	
623.964	26.86	
624.158	39.76	
624.352	5.36	
624.546	16.21	
624.74	13.96	
624.934	8.43	
625.128	3.52	
625.322	25.84	
625.516	18.47	
625.71	6.59	
625.904	6.79	
626.098	11.91	
626.291	10.48	
626.485	-2.83	
626.679	20.1	
626.873	39.15	
627.067	34.85	
627.26	41.2	
627.454	56.97	
627.648	68.64	
627.842	47.55	
628.035	48.78	
628.229	37.51	
628.423	37.51	
628.617	10.27	
628.81	10.89	
629.004	2.9	
629.198	15.6	
629.391	7.41	
629.585	36.28	
629.778	35.46	
629.972	49.59	
630.166	57.99	
630.359	55.33	
630.553	28.91	
630.746	38.95	
630.94	35.05	
631.133	19.9	
631.327	20.51	
631.52	20.51	
631.714	5.77	
631.907	-4.47	
632.1	9.05	
632.294	30.75	
632.487	36.9	
632.681	52.26	
632.874	60.04	
633.067	57.38	
633.261	36.49	
633.454	38.95	
633.647	27.89	
633.841	24.61	
634.034	24.61	
634.227	21.33	
634.421	13.35	
634.614	2.49	
634.807	-10.41	
635	-30.07	
635.193	-22.7	
635.387	-22.7	
635.58	-14.51	
635.773	6.18	
635.966	14.17	
636.159	22.77	
636.352	16.42	
636.545	17.85	
636.739	12.94	
636.932	20.51	
637.125	7.41	
637.318	12.12	
637.511	29.12	
637.704	32.19	
637.897	26.86	
638.09	27.89	
638.283	31.37	
638.476	31.16	
638.669	33.01	
638.862	43.45	
639.055	45.29	
639.247	43.04	
639.44	20.92	
639.633	31.57	
639.826	16.21	
640.019	7.61	
640.212	12.73	
640.405	16.62	
640.597	-1.81	
640.79	8.84	
640.983	14.57	
641.176	6.38	
641.368	17.44	
641.561	28.09	
641.754	9.86	
641.947	31.57	
642.139	37.51	
642.332	19.08	
642.525	15.6	
642.717	35.05	
642.91	11.5	
643.103	-1.81	
643.295	4.74	
643.488	-5.9	
643.68	-22.49	
643.873	-16.76	
644.065	-3.45	
644.258	7.41	
644.45	8.02	
644.643	11.3	
644.835	7.82	
645.028	-5.29	
645.22	-20.04	
645.413	-12.66	
645.605	-3.04	
645.798	-0.38	
645.99	11.09	
646.182	14.37	
646.375	12.12	
646.567	9.05	
646.76	-8.36	
646.952	-13.69	
647.144	-9.8	
647.337	-15.12	
647.529	-11.84	
647.721	4.74	
647.913	10.48	
648.106	11.91	
648.298	15.6	
648.49	9.05	
648.682	14.78	
648.874	15.8	
649.067	21.54	
649.259	12.94	
649.451	11.3	
649.643	12.12	
649.835	11.71	
650.027	12.53	
650.219	16.42	
650.411	27.89	
650.603	15.39	
650.796	20.51	
650.988	18.88	
651.18	35.67	
651.372	40.58	
651.564	42.84	
651.756	37.51	
651.948	45.29	
652.139	23.18	
652.331	-2.63	
652.523	3.72	
652.715	8.23	
652.907	1.88	
653.099	20.92	
653.291	39.76	
653.483	32.39	
653.674	23.59	
653.866	14.78	
654.058	0.85	
654.25	-4.27	
654.442	-7.54	
654.633	-12.25	
654.825	-8.98	
655.017	-1.81	
655.209	-3.45	
655.4	-7.34	
655.592	-14.1	
655.784	0.24	
655.975	0.85	
656.167	0.85	
656.359	10.89	
656.55	15.6	
656.742	4.33	
656.933	19.29	
657.125	15.39	
657.316	14.17	
657.508	10.89	
657.7	12.12	
657.891	-17.17	
658.083	-10.62	
658.274	5.97	
658.466	13.96	
658.657	22.97	
658.848	16.62	
659.04	23.18	
659.231	12.32	
659.423	14.57	
659.614	12.32	
659.805	38.54	
659.997	40.79	
660.188	48.57	
660.379	59.43	
660.571	43.86	
660.762	30.55	
660.953	20.31	
661.145	5.36	
661.336	-12.46	
661.527	60.04	
661.718	69.46	
661.909	66.18	
662.101	77.04	
662.292	82.57	
662.483	9.66	
662.674	1.47	
662.865	15.39	
663.056	5.36	
663.247	2.7	
663.439	17.85	
663.63	15.8	
663.821	1.67	
664.012	13.76	
664.203	33.21	
664.394	33.21	
664.585	45.5	
664.776	33.62	
664.967	24	
665.158	9.45	
665.349	25.22	
665.54	15.19	
665.73	35.26	
665.921	27.48	
666.112	32.19	
666.303	-0.38	
666.494	34.03	
666.685	21.33	
666.876	35.67	
667.066	24	
667.257	35.67	
667.448	-3.65	
667.639	-0.17	
667.83	-6.93	
668.02	4.95	
668.211	-3.86	
668.402	18.88	
668.592	7	
668.783	-2.83	
668.974	-0.58	
669.164	7	
669.355	-22.08	
669.546	1.06	
669.736	11.71	
669.927	12.12	
670.117	13.35	
670.308	29.52	
670.499	14.78	
670.689	26.86	
670.88	10.07	
671.07	17.03	
671.261	2.29	
671.451	15.6	
671.641	-6.93	
671.832	14.98	
672.022	16.62	
672.213	26.45	
672.403	18.47	
672.594	25.84	
672.784	16.21	
672.974	5.77	
673.165	0.65	
673.355	-3.04	
673.545	6.18	
673.736	21.74	
673.926	5.56	
674.116	20.51	
674.306	18.67	
674.497	11.91	
674.687	-1.4	
674.877	11.71	
675.067	-3.24	
675.257	8.02	
675.448	-6.11	
675.638	-8.77	
675.828	-23.52	
676.018	-4.06	
676.208	-14.71	
676.398	11.3	
676.588	3.93	
676.778	17.24	
676.968	7	
677.158	11.09	
677.348	-12.46	
677.538	-18.6	
677.728	-13.07	
677.918	-16.55	
678.108	-8.57	
678.298	9.66	
678.488	18.26	
678.678	21.95	
678.868	28.71	
679.058	25.02	
679.248	13.14	
679.438	14.98	
679.627	10.27	
679.817	13.76	
680.007	11.71	
680.197	5.97	
680.387	-9.18	
680.576	-12.25	
680.766	-28.64	
680.956	-22.7	
681.146	3.11	
681.335	16.01	
681.525	16.01	
681.715	34.03	
681.904	35.87	
682.094	34.24	
682.284	33.01	
682.473	30.96	
682.663	13.76	
682.852	7.82	
683.042	1.06	
683.231	0.44	
683.421	11.09	
683.61	14.57	
683.8	10.07	
683.989	-3.24	
684.179	-5.5	
684.368	-19.42	
684.558	-15.33	
684.747	-7.34	
684.937	-2.42	
685.126	10.48	
685.316	13.35	
685.505	0.65	
685.694	13.55	
685.884	25.84	
686.073	11.3	
686.262	13.96	
686.452	19.08	
686.641	15.6	
686.83	4.54	
687.019	8.43	
687.209	5.77	
687.398	24	
687.587	-1.81	
687.776	-4.68	
687.965	-2.01	
688.155	-5.29	
688.344	-21.06	
688.533	-2.83	
688.722	-13.07	
688.911	-7.54	
689.1	5.97	
689.289	23.59	
689.478	14.17	
689.667	37.72	
689.856	18.06	
690.045	10.68	
690.234	-5.29	
690.423	17.44	
690.612	4.54	
690.801	30.14	
690.99	25.02	
691.179	41.4	
691.368	12.73	
691.557	23.18	
691.746	1.47	
691.935	6.18	
692.124	-13.69	
692.312	3.52	
692.501	-6.93	
692.69	13.76	
692.879	9.45	
693.068	13.55	
693.256	8.23	
693.445	31.78	
693.634	7.82	
693.823	5.56	
694.011	10.89	
694.2	25.84	
694.389	9.45	
694.577	19.49	
694.766	33.21	
694.955	37.92	
695.143	25.22	
695.332	21.13	
695.52	24.4	
695.709	26.86	
695.897	8.02	
696.086	-18.4	
696.275	-36.83	
696.463	-30.28	
696.652	-47.07	
696.84	-35.4	
697.028	-19.42	
697.217	5.15	
697.405	-4.88	
697.594	5.56	
697.782	7	
697.971	14.57	
698.159	14.78	
698.347	36.49	
698.536	33.21	
698.724	49.39	
698.912	46.32	
699.1	46.93	
699.289	42.02	
699.477	45.7	
699.665	31.98	
699.854	28.71	
700.042	22.77	
700.23	20.51	
700.418	18.67	
700.606	12.94	
700.794	12.32	
700.983	7.82	
701.171	-12.46	
701.359	-18.6	
701.547	-11.23	
701.735	-13.69	
701.923	-14.3	
702.111	-2.63	
702.299	-6.11	
702.487	-0.38	
702.675	-1.81	
702.863	9.66	
703.051	6.18	
703.239	11.5	
703.427	-2.83	
703.615	-2.83	
703.803	-11.02	
703.991	-3.65	
704.179	9.45	
704.367	22.77	
704.554	26.45	
704.742	26.04	
704.93	35.87	
705.118	29.12	
705.306	20.72	
705.493	26.45	
705.681	22.36	
705.869	26.04	
706.057	26.04	
706.244	21.95	
706.432	11.3	
706.62	15.19	
706.807	-9.8	
706.995	2.49	
707.183	-3.04	
707.37	11.71	
707.558	25.43	
707.746	35.46	
707.933	20.92	
708.121	37.51	
708.308	29.32	
708.496	27.68	
708.683	30.55	
708.871	40.99	
709.058	18.88	
709.246	27.89	
709.433	4.74	
709.621	4.95	
709.808	-12.87	
709.995	3.31	
710.183	-2.63	
710.37	4.74	
710.558	-4.68	
710.745	0.85	
710.932	-6.93	
711.12	6.18	
711.307	-2.42	
711.494	9.66	
711.681	24.61	
711.869	24.81	
712.056	26.04	
712.243	49.39	
712.43	28.71	
712.618	30.34	
712.805	30.34	
712.992	21.33	
713.179	-0.99	
713.366	2.7	
713.553	2.9	
713.74	4.33	
713.928	-10.41	
714.115	10.48	
714.302	20.51	
714.489	12.73	
714.676	1.26	
714.863	15.19	
715.05	9.25	
715.237	9.86	
715.424	-3.04	
715.611	26.25	
715.798	31.98	
715.984	24.4	
716.171	35.67	
716.358	43.25	
716.545	24.2	
716.732	16.01	
716.919	0.24	
717.106	-13.07	
717.293	-15.94	
717.479	-8.98	
717.666	-27.41	
717.853	-3.24	
718.04	-0.58	
718.226	-1.19	
718.413	-23.31	
718.6	3.72	
718.786	6.38	
718.973	11.71	
719.16	4.33	
719.346	24	
719.533	2.7	
719.72	7.41	
719.906	-9.39	
720.093	12.94	
720.279	10.68	
720.466	20.72	
720.652	14.57	
720.839	28.09	
721.025	13.35	
721.212	14.78	
721.398	13.76	
721.585	6.59	
721.771	-0.17	
721.958	-4.06	
722.144	-0.17	
722.331	-16.76	
722.517	-25.36	
722.703	-10.82	
722.89	-7.13	
723.076	-15.33	
723.262	10.68	
723.449	16.21	
723.635	8.23	
723.821	-2.42	
724.007	1.88	
724.194	-13.48	
724.38	-17.58	
724.566	-25.77	
724.752	-9.59	
724.938	-0.58	
725.125	5.56	
725.311	20.1	
725.497	21.74	
725.683	20.72	
725.869	4.13	
726.055	2.08	
726.241	-6.31	
726.427	-12.05	
726.613	-15.33	
726.799	13.55	
726.985	12.94	
727.171	28.3	
727.357	37.92	
727.543	46.73	
727.729	14.37	
727.915	25.22	
728.101	25.43	
728.287	21.54	
728.473	7.2	
728.659	17.03	
728.845	1.06	
729.03	-7.34	
729.216	0.44	
729.402	-5.7	
729.588	-17.78	
729.774	-9.8	
729.959	-22.49	
730.145	-21.88	
730.331	-13.28	
730.517	0.44	
730.702	9.45	
730.888	21.95	
731.074	5.36	
731.259	25.43	
731.445	23.18	
731.63	13.14	
731.816	-1.4	
732.002	29.73	
732.187	18.47	
732.373	21.54	
732.558	24.81	
732.744	52.46	
732.929	31.16	
733.115	17.03	
733.3	0.65	
733.486	-8.98	
733.671	-35.19	
733.857	-29.46	
734.042	-29.05	
734.227	-23.93	
734.413	-6.11	
734.598	10.27	
734.784	5.77	
734.969	10.89	
735.154	19.29	
735.339	17.65	
735.525	11.91	
735.71	10.48	
735.895	-0.79	
736.081	-1.4	
736.266	-11.43	
736.451	-13.07	
736.636	4.74	
736.821	-0.99	
737.007	-7.95	
737.192	2.08	
737.377	0.44	
737.562	-19.83	
737.747	3.72	
737.932	11.71	
738.117	-2.22	
738.302	10.68	
738.487	12.12	
738.672	1.06	
738.857	2.9	
739.042	13.35	
739.227	10.07	
739.412	-0.99	
739.597	8.23	
739.782	12.32	
739.967	4.74	
740.152	-2.63	
740.337	14.98	
740.522	18.47	
740.706	17.85	
740.891	35.67	
741.076	48.16	
741.261	48.78	
741.446	43.86	
741.63	48.57	
741.815	25.02	
742	17.03	
742.185	10.27	
742.369	12.73	
742.554	3.72	
742.739	11.71	
742.923	2.7	
743.108	22.56	
743.293	21.74	
743.477	22.97	
743.662	32.19	
743.846	45.5	
744.031	35.26	
744.216	32.39	
744.4	41.81	
744.585	30.96	
744.769	21.74	
744.954	19.49	
745.138	21.74	
745.322	18.88	
745.507	23.79	
745.691	24.4	
745.876	21.74	
746.06	25.84	
746.244	25.22	
746.429	24.81	
746.613	18.88	
746.798	19.69	
746.982	3.93	
747.166	-10.62	
747.35	-14.51	
747.535	-9.18	
747.719	1.26	
747.903	20.1	
748.087	24.2	
748.272	37.51	
748.456	49.19	
748.64	30.96	
748.824	30.96	
749.008	32.19	
749.192	17.24	
749.376	-6.11	
749.56	-7.54	
749.745	-30.28	
749.929	-16.76	
750.113	-10.82	
750.297	-15.94	
750.481	-6.11	
750.665	0.03	
750.849	-6.11	
751.033	-13.28	
751.217	-13.28	
751.4	-20.24	
751.584	-17.78	
751.768	-20.24	
751.952	-10.82	
752.136	1.06	
752.32	-4.27	
752.504	-2.63	
752.688	1.67	
752.871	-9.18	
753.055	-8.57	
753.239	-0.38	
753.423	3.52	
753.606	-5.5	
753.79	21.95	
753.974	22.56	
754.157	12.32	
754.341	2.29	
754.525	5.56	
754.708	-14.3	
754.892	-16.35	
755.076	7.2	
755.259	27.89	
755.443	19.08	
755.626	28.3	
755.81	36.08	
755.993	17.03	
756.177	6.79	
756.36	21.13	
756.544	-0.17	
756.727	-10	
756.911	-1.6	
757.094	3.72	
757.278	-4.47	
757.461	10.07	
757.644	11.09	
757.828	4.54	
758.011	3.31	
758.195	12.53	
758.378	-0.79	
758.561	4.33	
758.744	6.59	
758.928	15.8	
759.111	18.67	
759.294	38.74	
759.477	44.27	
759.661	39.76	
759.844	21.13	
760.027	6.18	
760.21	-14.1	
760.393	-10	
760.576	-11.02	
760.76	-0.58	
760.943	1.26	
761.126	17.03	
761.309	20.72	
761.492	21.74	
761.675	10.68	
761.858	19.9	
762.041	10.48	
762.224	-7.95	
762.407	-1.6	
762.59	21.95	
762.773	7.2	
762.956	-1.19	
763.139	12.53	
763.321	18.26	
763.504	3.52	
763.687	19.69	
763.87	39.97	
764.053	45.09	
764.236	37.1	
764.418	26.25	
764.601	16.83	
764.784	16.42	
764.967	12.12	
765.149	9.05	
765.332	16.42	
765.515	20.72	
765.697	-8.36	
765.88	-7.13	
766.063	3.72	
766.245	2.9	
766.428	-2.22	
766.611	13.35	
766.793	3.11	
766.976	17.85	
767.158	11.71	
767.341	25.63	
767.523	31.16	
767.706	44.88	
767.888	11.09	
768.071	29.52	
768.253	21.33	
768.436	28.09	
768.618	22.77	
768.8	53.08	
768.983	52.05	
769.165	45.29	
769.348	35.46	
769.53	27.07	
769.712	5.15	
769.895	-0.99	
770.077	5.15	
770.259	7.41	
770.441	0.03	
770.624	19.49	
770.806	22.15	
770.988	16.42	
771.17	14.17	
771.352	30.34	
771.535	27.68	
771.717	30.55	
771.899	26.86	
772.081	41.81	
772.263	35.05	
772.445	24.61	
772.627	5.36	
772.809	16.21	
772.991	2.29	
773.173	29.93	
773.355	25.84	
773.537	39.56	
773.719	24.61	
773.901	46.73	
774.083	20.72	
774.265	17.24	
774.447	1.67	
774.629	3.93	
774.811	-14.1	
774.992	-3.04	
775.174	-2.83	
775.356	19.49	
775.538	11.3	
775.72	16.62	
775.901	0.24	
776.083	-2.83	
776.265	-13.89	
776.447	17.24	
776.628	14.57	
776.81	16.62	
776.992	32.6	
777.173	36.08	
777.355	21.13	
777.537	21.74	
777.718	26.86	
777.9	24.4	
778.081	23.79	
778.263	29.73	
778.444	22.36	
778.626	15.8	
778.807	9.66	
778.989	1.06	
779.17	-20.04	
779.352	-33.55	
779.533	-49.73	
779.715	-44.61	
779.896	-53.62	
780.078	-30.48	
780.259	-20.45	
780.44	-14.3	
780.622	-24.95	
780.803	11.5	
780.984	0.24	
781.166	-12.05	
781.347	-6.93	
781.528	0.85	
781.709	-26.59	
781.891	-19.63	
782.072	-2.83	
782.253	13.55	
782.434	2.9	
782.615	9.66	
782.796	12.32	
782.978	23.79	
783.159	26.04	
783.34	47.14	
783.521	63.32	
783.702	69.26	
783.883	57.99	
784.064	59.63	
784.245	45.7	
784.426	41.61	
784.607	26.25	
784.788	42.63	
784.969	21.74	
785.15	30.14	
785.331	6.38	
785.512	-1.4	
785.692	-26.18	
785.873	-15.53	
786.054	-25.57	
786.235	-27.61	
786.416	-17.37	
786.597	-3.04	
786.777	-6.72	
786.958	-1.4	
787.139	23.79	
787.32	36.28	
787.5	54.71	
787.681	44.68	
787.862	39.97	
788.042	35.26	
788.223	24.81	
788.404	-8.77	
788.584	-3.86	
788.765	-3.65	
788.946	-6.72	
789.126	-9.8	
789.307	9.45	
789.487	24.2	
789.668	18.26	
789.848	9.25	
790.029	6.18	
790.209	-7.75	
790.39	-21.26	
790.57	-13.69	
790.75	-15.74	
790.931	-12.66	
791.111	-8.57	
791.292	4.33	
791.472	10.07	
791.652	20.51	
791.833	25.02	
792.013	32.6	
792.193	24.61	
792.373	31.78	
792.554	33.42	
792.734	20.92	
792.914	13.76	
793.094	4.33	
793.275	-4.68	
793.455	-18.6	
793.635	-13.28	
793.815	-10	
793.995	2.7	
794.175	-1.19	
794.355	16.83	
794.535	31.37	
794.715	21.95	
794.896	15.19	
795.076	11.3	
795.256	17.03	
795.436	-1.4	
795.616	18.47	
795.795	24.2	
795.975	13.76	
796.155	8.23	
796.335	22.15	
796.515	19.29	
796.695	38.54	
796.875	63.11	
797.055	64.55	
797.234	54.1	
797.414	45.5	
797.594	20.72	
797.774	13.96	
797.954	10.07	
798.133	22.97	
798.313	14.78	
798.493	27.27	
798.672	16.62	
798.852	8.23	
799.032	-8.36	
799.211	2.9	
799.391	-8.16	
799.571	-2.83	
799.75	-8.57	
799.93	12.94	
800.109	8.64	
800.289	16.21	
800.468	18.47	
800.648	22.36	
800.827	9.05	
801.007	7.82	
801.186	-7.95	
801.366	-2.63	
801.545	1.88	
801.725	12.94	
801.904	0.24	
802.083	17.65	
802.263	7.61	
802.442	19.9	
802.621	6.59	
802.801	40.99	
802.98	45.91	
803.159	48.57	
803.338	36.69	
803.518	54.31	
803.697	29.32	
803.876	32.19	
804.055	24.2	
804.235	25.02	
804.414	-7.13	
804.593	-5.9	
804.772	-20.24	
804.951	-15.12	
805.13	-27.61	
805.309	-3.04	
805.488	0.03	
805.667	11.5	
805.846	2.29	
806.025	10.89	
806.204	23.79	
806.383	12.53	
806.562	4.54	
806.741	19.08	
806.92	35.05	
807.099	17.85	
807.278	18.67	
807.457	11.91	
807.636	22.77	
807.814	0.03	
807.993	-3.86	
808.172	9.86	
808.351	14.78	
808.53	6.59	
808.708	19.69	
808.887	34.64	
809.066	51.64	
809.244	56.97	
809.423	54.51	
809.602	56.15	
809.78	55.94	
809.959	38.74	
810.138	44.07	
810.316	45.5	
810.495	41.61	
810.673	15.39	
810.852	10.48	
811.03	7.82	
811.209	-0.17	
811.388	-2.01	
811.566	10.27	
811.744	1.67	
811.923	-14.51	
812.101	-8.36	
812.28	24.81	
812.458	26.25	
812.637	34.85	
812.815	42.63	
812.993	55.53	
813.172	34.03	
813.35	23.18	
813.528	24.4	
813.706	15.6	
813.885	11.09	
814.063	-4.68	
814.241	26.66	
814.419	39.15	
814.598	68.44	
814.776	67.62	
814.954	75.6	
815.132	51.03	
815.31	49.8	
815.488	27.27	
815.666	17.03	
815.844	6.38	
816.022	1.06	
816.201	-14.71	
816.379	-1.4	
816.557	12.53	
816.735	20.1	
816.913	15.19	
817.09	33.21	
817.268	15.19	
817.446	3.52	
817.624	-0.17	
817.802	31.78	
817.98	17.65	
818.158	26.04	
818.336	5.77	
818.514	2.7	
818.691	-0.17	
818.869	13.35	
819.047	11.3	
819.225	40.99	
819.402	29.73	
819.58	26.45	
819.758	21.54	
819.935	23.18	
820.113	-5.5	
820.291	15.8	
820.468	1.67	
820.646	-4.47	
820.824	-0.99	
821.001	46.93	
821.179	46.52	
821.356	46.73	
821.534	47.75	
821.711	42.02	
821.889	34.85	
822.066	29.32	
822.244	28.5	
822.421	39.36	
822.599	43.45	
822.776	6.79	
822.953	-0.38	
823.131	-3.04	
823.308	-10.62	
823.486	-6.31	
823.663	1.06	
823.84	13.96	
824.017	10.68	
824.195	8.84	
824.372	14.57	
824.549	23.59	
824.726	20.31	
824.904	25.63	
825.081	24.61	
825.258	4.74	
825.435	7.2	
825.612	3.93	
825.789	-5.7	
825.967	4.74	
826.144	17.24	
826.321	24	
826.498	25.22	
826.675	31.78	
826.852	17.03	
827.029	10.89	
827.206	22.15	
827.383	18.06	
827.56	36.69	
827.737	42.63	
827.914	47.14	
828.09	31.98	
828.267	39.15	
828.444	38.74	
828.621	31.98	
828.798	47.34	
828.975	33.01	
829.151	29.93	
829.328	10.27	
829.505	27.48	
829.682	4.33	
829.858	17.65	
830.035	41.4	
830.212	45.29	
830.389	26.45	
830.565	31.37	
830.742	43.25	
830.918	25.63	
831.095	29.93	
831.272	48.57	
831.448	47.14	
831.625	45.5	
831.801	40.99	
831.978	42.02	
832.154	30.34	
832.331	39.15	
832.507	19.08	
832.684	24.61	
832.86	44.27	
833.037	62.29	
833.213	60.24	
833.389	77.04	
833.566	68.64	
833.742	54.1	
833.918	34.85	
834.095	12.12	
834.271	-17.58	
834.447	-3.65	
834.624	-11.84	
834.8	-10.21	
834.976	3.72	
835.152	21.95	
835.328	12.53	
835.505	15.6	
835.681	8.64	
835.857	0.24	
836.033	5.36	
836.209	28.71	
836.385	27.27	
836.561	42.22	
836.737	52.87	
836.913	38.13	
837.089	11.71	
837.265	17.44	
837.441	21.74	
837.617	18.26	
837.793	9.05	
837.969	22.15	
838.145	1.26	
838.321	-7.34	
838.497	-5.7	
838.673	27.27	
838.849	10.27	
839.025	31.57	
839.2	31.98	
839.376	42.02	
839.552	29.73	
839.728	38.74	
839.903	28.09	
840.079	36.08	
840.255	25.84	
840.431	39.97	
840.606	35.26	
840.782	57.17	
840.958	44.88	
841.133	43.86	
841.309	20.1	
841.484	28.71	
841.66	12.73	
841.835	9.45	
842.011	13.55	
842.186	29.73	
842.362	25.84	
842.537	29.32	
842.713	38.54	
842.888	31.57	
843.064	31.16	
843.239	19.08	
843.415	21.95	
843.59	23.38	
843.765	36.28	
843.941	36.08	
844.116	56.15	
844.291	39.56	
844.467	32.19	
844.642	41.61	
844.817	40.38	
844.992	28.09	
845.168	39.36	
845.343	57.17	
845.518	48.16	
845.693	64.34	
845.868	60.45	
846.043	56.56	
846.219	31.98	
846.394	28.91	
846.569	5.77	
846.744	6.79	
846.919	6.59	
847.094	28.71	
847.269	19.9	
847.444	18.88	
847.619	24.4	
847.794	37.92	
847.969	35.46	
848.144	50	
848.319	47.55	
848.494	43.04	
848.668	31.57	
848.843	20.1	
849.018	4.54	
849.193	12.12	
849.368	21.95	
849.542	34.24	
849.717	32.19	
849.892	32.8	
850.067	30.75	
850.241	36.69	
850.416	25.84	
850.591	39.56	
850.765	45.91	
850.94	52.46	
851.115	29.12	
851.289	28.5	
851.464	16.62	
851.639	16.62	
851.813	7.41	
851.988	19.29	
852.162	8.64	
852.337	12.12	
852.511	7.2	
852.686	8.43	
852.86	12.53	
853.035	24	
853.209	23.18	
853.383	34.24	
853.558	35.05	
853.732	33.62	
853.906	30.14	
854.081	32.8	
854.255	30.55	
854.429	28.71	
854.604	27.27	
854.778	36.69	
854.952	25.02	
855.126	26.66	
855.301	32.39	
855.475	25.63	
855.649	17.85	
855.823	23.59	
855.997	18.67	
856.171	21.95	
856.345	26.66	
856.52	32.19	
856.694	38.54	
856.868	49.39	
857.042	40.38	
857.216	46.11	
857.39	34.44	
857.564	23.38	
857.738	5.36	
857.912	0.03	
858.085	-9.39	
858.259	12.53	
858.433	16.21	
858.607	21.33	
858.781	27.89	
858.955	24.81	
859.129	6.79	
859.302	12.73	
859.476	4.13	
859.65	29.12	
859.824	20.31	
859.997	27.68	
860.171	26.25	
860.345	32.39	
860.519	23.79	
860.692	38.95	
860.866	44.48	
861.039	57.38	
861.213	69.26	
861.387	56.56	
861.56	56.97	
861.734	59.43	
861.907	43.45	
862.081	37.31	
862.254	44.88	
862.428	41.61	
862.601	24.4	
862.775	25.43	
862.948	37.31	
863.122	48.37	
863.295	47.96	
863.468	48.37	
863.642	47.96	
863.815	29.93	
863.988	7.82	
864.162	21.95	
864.335	14.57	
864.508	18.47	
864.682	24.4	
864.855	25.84	
865.028	4.33	
865.201	27.68	
865.374	14.78	
865.548	33.01	
865.721	44.27	
865.894	72.53	
866.067	54.51	
866.24	66.8	
866.413	55.94	
866.586	53.08	
866.759	28.09	
866.932	29.93	
867.105	19.29	
867.278	1.88	
867.451	-9.18	
867.624	11.91	
867.797	19.69	
867.97	23.59	
868.143	37.72	
868.316	47.96	
868.489	28.5	
868.661	30.75	
868.834	31.78	
869.007	29.12	
869.18	16.83	
869.353	18.26	
869.525	30.96	
869.698	27.68	
869.871	24.81	
870.044	33.42	
870.216	39.76	
870.389	16.42	
870.562	19.29	
870.734	39.36	
870.907	31.98	
871.079	40.17	
871.252	31.16	
871.425	46.93	
871.597	20.1	
871.77	51.03	
871.942	33.01	
872.115	54.31	
872.287	43.45	
872.459	47.34	
872.632	29.73	
872.804	39.97	
872.977	16.62	
873.149	30.55	
873.321	26.25	
873.494	19.29	
873.666	22.36	
873.838	40.38	
874.011	14.57	
874.183	17.24	
874.355	9.86	
874.528	-4.88	
874.7	-9.59	
874.872	13.96	
875.044	20.31	
875.216	34.85	
875.388	52.67	
875.561	44.88	
875.733	23.18	
875.905	15.19	
876.077	-6.93	
876.249	-0.58	
876.421	2.29	
876.593	2.9	
876.765	22.77	
876.937	35.46	
877.109	15.6	
877.281	24.2	
877.453	17.65	
877.625	-3.04	
877.797	-9.8	
877.968	-3.45	
878.14	-5.9	
878.312	19.29	
878.484	22.97	
878.656	42.63	
878.828	30.34	
878.999	39.76	
879.171	18.26	
879.343	3.93	
879.515	1.88	
879.686	14.78	
879.858	0.03	
880.03	8.43	
880.201	31.98	
880.373	27.48	
880.545	33.01	
880.716	42.22	
880.888	45.7	
881.059	39.36	
881.231	31.16	
881.402	26.45	
881.574	30.14	
881.745	33.83	
881.917	46.73	
882.088	52.67	
882.26	43.25	
882.431	44.07	
882.602	29.93	
882.774	17.44	
882.945	1.26	
883.116	3.52	
883.288	-11.02	
883.459	-5.29	
883.63	-3.24	
883.802	-3.65	
883.973	-4.27	
884.144	14.17	
884.315	7	
884.487	10.27	
884.658	35.67	
884.829	46.73	
885	41.81	
885.171	62.29	
885.342	40.58	
885.513	29.52	
885.684	29.32	
885.855	25.02	
886.026	3.31	
886.197	32.8	
886.368	29.32	
886.539	25.63	
886.71	26.45	
886.881	29.32	
887.052	30.55	
887.223	37.51	
887.394	28.71	
887.565	48.78	
887.736	47.75	
887.907	48.57	
888.077	26.45	
888.248	17.03	
888.419	-6.72	
888.59	-14.71	
888.761	-9.39	
888.931	12.94	
889.102	30.55	
889.273	20.92	
889.443	34.44	
889.614	7	
889.785	-1.4	
889.955	-3.45	
890.126	13.35	
890.296	28.5	
890.467	32.6	
890.637	59.02	
890.808	61.06	
890.978	52.05	
891.149	39.97	
891.319	57.79	
891.49	37.1	
891.66	32.6	
891.831	39.97	
892.001	43.86	
892.172	26.04	
892.342	37.51	
892.512	39.56	
892.683	51.03	
892.853	40.38	
893.023	40.17	
893.193	20.1	
893.364	29.12	
893.534	18.88	
893.704	37.72	
893.874	47.55	
894.044	51.03	
894.215	40.99	
894.385	43.66	
894.555	29.93	
894.725	52.87	
894.895	40.38	
895.065	45.7	
895.235	48.16	
895.405	63.52	
895.575	32.6	
895.745	53.59	
895.915	59.56	
