177.618	-722.42	
177.836	-729.08	
178.054	-729.38	
178.271	-556.54	
178.489	-334.54	
178.706	-209.61	
178.924	-84.27	
179.142	73.42	
179.359	57.45	
179.577	-62.16	
179.794	-37.58	
180.012	-65.43	
180.229	-127.69	
180.447	-92.06	
180.664	-43.72	
180.882	-62.16	
181.1	31.23	
181.317	41.06	
181.535	-5.63	
181.752	9.11	
181.969	45.16	
182.187	47.21	
182.404	89.8	
182.622	84.89	
182.839	86.94	
183.057	109.87	
183.274	87.76	
183.492	78.33	
183.709	134.45	
183.926	98.4	
184.144	60.31	
184.361	88.17	
184.579	117.25	
184.796	38.6	
185.013	77.11	
185.231	48.43	
185.448	59.9	
185.666	84.48	
185.883	73.42	
186.1	64.41	
186.317	93.08	
186.535	25.5	
186.752	0.92	
186.969	84.48	
187.187	166.4	
187.404	104.55	
187.621	193.43	
187.839	209.4	
188.056	166.4	
188.273	82.02	
188.49	162.71	
188.708	106.19	
188.925	127.08	
189.142	106.19	
189.359	89.8	
189.576	28.77	
189.794	26.73	
190.011	-12.6	
190.228	21.4	
190.445	10.75	
190.662	116.02	
190.879	109.46	
191.097	93.9	
191.314	119.29	
191.531	152.06	
191.748	28.77	
191.965	51.71	
192.182	39.83	
192.399	-11.37	
192.616	32.46	
192.834	102.91	
193.051	51.71	
193.268	81.2	
193.485	99.22	
193.702	35.33	
193.919	15.67	
194.136	41.88	
194.353	16.08	
194.57	34.51	
194.787	39.01	
195.004	115.2	
195.221	94.31	
195.438	122.16	
195.655	95.95	
195.872	184.83	
196.089	72.6	
196.306	136.5	
196.523	145.92	
196.74	182.78	
196.957	70.55	
197.173	130.35	
197.39	98.81	
197.607	125.03	
197.824	119.7	
198.041	155.75	
198.258	141.41	
198.475	184.01	
198.692	96.36	
198.909	27.95	
199.125	-22.83	
199.342	40.65	
199.559	-2.36	
199.776	47.21	
199.993	138.55	
200.21	170.08	
200.426	73.01	
200.643	93.49	
200.86	113.15	
201.077	105.37	
201.293	107.83	
201.51	131.99	
201.727	27.14	
201.944	-60.93	
202.16	-65.02	
202.377	-87.96	
202.594	-110.9	
202.811	-55.6	
203.027	-17.51	
203.244	-71.17	
203.461	-39.22	
203.677	27.55	
203.894	63.59	
204.111	86.94	
204.327	105.37	
204.544	97.59	
204.761	82.02	
204.977	45.98	
205.194	23.45	
205.41	70.14	
205.627	65.23	
205.844	59.49	
206.06	60.31	
206.277	98.81	
206.493	73.42	
206.71	92.67	
206.926	73.83	
207.143	126.67	
207.36	50.89	
207.576	100.04	
207.793	107.42	
208.009	169.67	
208.226	145.51	
208.442	188.52	
208.659	141.41	
208.875	120.11	
209.092	39.83	
209.308	18.94	
209.524	11.16	
209.741	77.11	
209.957	140.59	
210.174	156.98	
210.39	146.33	
210.607	134.86	
210.823	19.35	
211.039	-65.02	
211.256	16.9	
211.472	-0.72	
211.688	63.59	
211.905	118.47	
212.121	132.81	
212.338	67.28	
212.554	110.69	
212.77	69.73	
212.987	75.88	
213.203	122.57	
213.419	148.78	
213.635	106.6	
213.852	79.15	
214.068	41.06	
214.284	-14.23	
214.501	11.57	
214.717	26.73	
214.933	64.82	
215.149	35.33	
215.365	-1.13	
215.582	-99.43	
215.798	-74.85	
216.014	-104.34	
216.23	-65.84	
216.447	-17.92	
216.663	13.62	
216.879	-12.6	
217.095	35.33	
217.311	39.42	
217.527	61.95	
217.743	73.01	
217.96	43.93	
218.176	34.92	
218.392	49.25	
218.608	76.7	
218.824	46.39	
219.04	68.91	
219.256	79.97	
219.472	75.47	
219.688	22.22	
219.904	91.85	
220.12	165.58	
220.336	131.99	
220.552	131.58	
220.768	180.73	
220.984	175.82	
221.2	87.35	
221.416	127.9	
221.632	85.3	
221.848	38.6	
222.064	-19.15	
222.28	-1.13	
222.496	-68.71	
222.712	5.02	
222.928	-22.43	
223.144	37.38	
223.36	27.55	
223.576	62.36	
223.792	21.81	
224.008	105.37	
224.224	98.4	
224.439	164.35	
224.655	150.83	
224.871	178.69	
225.087	129.94	
225.303	58.26	
225.519	10.75	
225.734	73.42	
225.95	41.47	
226.166	77.93	
226.382	98.4	
226.598	86.53	
226.813	69.73	
227.029	58.67	
227.245	-8.5	
227.461	30	
227.677	65.64	
227.892	44.34	
228.108	23.45	
228.324	110.28	
228.539	40.65	
228.755	68.5	
228.971	93.49	
229.186	157.39	
229.402	117.66	
229.618	199.98	
229.833	120.11	
230.049	100.86	
230.265	28.36	
230.48	89.39	
230.696	65.23	
230.912	117.66	
231.127	127.08	
231.343	187.7	
231.558	68.09	
231.774	108.64	
231.99	169.26	
232.205	169.26	
232.421	105.37	
232.636	163.12	
232.852	113.97	
233.067	50.89	
233.283	52.94	
233.498	122.16	
233.714	136.09	
233.929	160.66	
234.145	126.67	
234.36	134.45	
234.576	137.32	
234.791	167.63	
235.007	199.16	
235.222	287.64	
235.438	260.19	
235.653	311.39	
235.868	286.41	
236.084	286	
236.299	290.5	
236.515	309.35	
236.73	225.38	
236.945	220.46	
237.161	150.01	
237.376	101.68	
237.592	71.37	
237.807	82.02	
238.022	55.81	
238.238	79.97	
238.453	14.85	
238.668	21.4	
238.883	-51.51	
239.099	-22.02	
239.314	-37.99	
239.529	7.48	
239.745	34.1	
239.96	135.27	
240.175	108.24	
240.39	210.63	
240.605	195.48	
240.821	123.39	
241.036	106.19	
241.251	191.38	
241.466	104.55	
241.681	116.84	
241.897	188.52	
242.112	224.97	
242.327	130.76	
242.542	150.83	
242.757	182.78	
242.972	161.07	
243.188	102.5	
243.403	117.25	
243.618	116.02	
243.833	68.91	
244.048	74.65	
244.263	93.08	
244.478	86.12	
244.693	41.47	
244.908	74.65	
245.123	80.79	
245.338	128.71	
245.553	154.11	
245.768	154.93	
245.983	137.32	
246.198	73.42	
246.413	35.74	
246.628	27.14	
246.843	4.2	
247.058	11.98	
247.273	63.18	
247.488	25.5	
247.703	68.09	
247.918	76.29	
248.133	100.45	
248.348	57.45	
248.563	159.02	
248.778	88.57	
248.993	127.9	
249.207	177.87	
249.422	213.09	
249.637	88.57	
249.852	97.18	
250.067	57.45	
250.282	-12.6	
250.496	-46.18	
250.711	37.38	
250.926	33.28	
251.141	95.95	
251.356	75.06	
251.57	144.69	
251.785	105.37	
252	93.9	
252.215	62.77	
252.43	112.33	
252.644	112.74	
252.859	129.94	
253.074	153.7	
253.288	150.42	
253.503	106.6	
253.718	143.05	
253.932	221.69	
254.147	236.03	
254.362	242.17	
254.576	254.87	
254.791	193.02	
255.006	133.22	
255.22	141.82	
255.435	132.4	
255.65	159.84	
255.864	186.88	
256.079	112.33	
256.293	109.87	
256.508	93.08	
256.723	165.17	
256.937	86.53	
257.152	98.81	
257.366	69.32	
257.581	74.24	
257.795	-23.65	
258.01	107.01	
258.224	161.48	
258.439	170.49	
258.653	159.02	
258.868	176.64	
259.082	59.9	
259.297	14.85	
259.511	-11.78	
259.726	-14.64	
259.94	-60.11	
260.154	-58.88	
260.369	-36.35	
260.583	-12.19	
260.798	-49.87	
261.012	-1.95	
261.226	27.55	
261.441	51.3	
261.655	44.75	
261.869	145.51	
262.084	117.25	
262.298	122.16	
262.512	43.93	
262.727	45.16	
262.941	58.67	
263.155	80.38	
263.37	60.31	
263.584	131.58	
263.798	120.93	
264.012	129.12	
264.227	95.95	
264.441	161.48	
264.655	119.29	
264.869	216.37	
265.084	124.21	
265.298	155.75	
265.512	77.11	
265.726	112.33	
265.94	28.77	
266.155	83.66	
266.369	75.88	
266.583	146.33	
266.797	137.32	
267.011	184.01	
267.225	231.93	
267.439	228.25	
267.654	177.46	
267.868	143.87	
268.082	52.53	
268.296	-80.59	
268.51	-141.62	
268.724	-121.55	
268.938	-147.35	
269.152	-89.6	
269.366	-36.35	
269.58	24.27	
269.794	-15.46	
270.008	87.76	
270.222	76.7	
270.436	87.76	
270.65	62.77	
270.864	112.33	
271.078	54.99	
271.292	90.21	
271.506	140.59	
271.72	175	
271.934	179.91	
272.148	198.35	
272.362	190.97	
272.575	199.16	
272.789	204.49	
273.003	196.3	
273.217	215.55	
273.431	175.82	
273.645	124.62	
273.859	156.98	
274.073	215.14	
274.286	193.84	
274.5	196.71	
274.714	172.54	
274.928	166.4	
275.142	98.4	
275.355	85.71	
275.569	144.69	
275.783	197.12	
275.997	149.19	
276.21	190.56	
276.424	257.74	
276.638	190.97	
276.852	210.22	
277.065	210.22	
277.279	193.84	
277.493	129.94	
277.706	211.45	
277.92	180.73	
278.134	151.65	
278.347	129.53	
278.561	94.72	
278.775	83.25	
278.988	74.65	
279.202	131.99	
279.415	178.28	
279.629	188.52	
279.843	180.73	
280.056	276.58	
280.27	281.08	
280.483	197.53	
280.697	229.07	
280.91	220.46	
281.124	214.73	
281.337	195.89	
281.551	280.67	
281.764	231.11	
281.978	208.59	
282.191	107.01	
282.405	113.15	
282.618	28.77	
282.832	72.6	
283.045	49.25	
283.259	79.15	
283.472	59.08	
283.686	80.79	
283.899	35.33	
284.112	38.6	
284.326	60.72	
284.539	98.4	
284.752	111.92	
284.966	139.36	
285.179	178.28	
285.393	161.89	
285.606	94.72	
285.819	134.04	
286.033	77.93	
286.246	129.53	
286.459	89.39	
286.672	135.27	
286.886	86.53	
287.099	218.42	
287.312	87.35	
287.525	100.45	
287.739	80.79	
287.952	115.61	
288.165	95.95	
288.378	151.65	
288.592	164.35	
288.805	172.95	
289.018	201.21	
289.231	153.7	
289.444	193.43	
289.657	145.92	
289.871	131.17	
290.084	64	
290.297	128.71	
290.51	76.7	
290.723	76.7	
290.936	150.42	
291.149	142.64	
291.362	144.69	
291.575	130.35	
291.789	152.88	
292.002	101.68	
292.215	141	
292.428	42.29	
292.641	91.85	
292.854	90.62	
293.067	47.21	
293.28	44.75	
293.493	50.89	
293.706	-31.03	
293.919	43.52	
294.132	41.06	
294.345	30.82	
294.558	34.51	
294.77	79.15	
294.983	2.15	
295.196	69.73	
295.409	106.6	
295.622	199.57	
295.835	231.93	
296.048	295.42	
296.261	282.31	
296.474	279.04	
296.686	206.95	
296.899	226.61	
297.112	215.96	
297.325	195.48	
297.538	193.02	
297.751	224.56	
297.963	212.68	
298.176	181.96	
298.389	163.94	
298.602	156.16	
298.814	291.73	
299.027	272.07	
299.24	276.99	
299.453	351.53	
299.665	308.53	
299.878	110.28	
300.091	79.15	
300.303	63.18	
300.516	4.2	
300.729	9.52	
300.941	68.09	
301.154	28.36	
301.367	5.84	
301.579	45.16	
301.792	92.26	
302.005	81.61	
302.217	88.17	
302.43	112.33	
302.642	58.26	
302.855	0.51	
303.067	-21.2	
303.28	25.09	
303.493	-15.05	
303.705	89.39	
303.918	133.63	
304.13	206.54	
304.343	178.28	
304.555	242.99	
304.768	179.09	
304.98	217.19	
305.193	153.29	
305.405	207.77	
305.617	142.23	
305.83	140.59	
306.042	71.78	
306.255	63.18	
306.467	26.32	
306.68	28.77	
306.892	23.86	
307.104	45.16	
307.317	37.38	
307.529	100.04	
307.741	165.58	
307.954	197.12	
308.166	186.88	
308.378	229.88	
308.591	216.37	
308.803	225.79	
309.015	246.27	
309.228	279.04	
309.44	204.49	
309.652	169.26	
309.864	114.38	
310.077	12.8	
310.289	-40.86	
310.501	13.62	
310.713	-9.73	
310.926	36.97	
311.138	22.22	
311.35	84.07	
311.562	35.33	
311.774	129.94	
311.986	107.42	
312.199	221.69	
312.411	135.68	
312.623	175.82	
312.835	73.42	
313.047	55.81	
313.259	11.16	
313.471	32.46	
313.683	19.76	
313.895	58.67	
314.108	54.17	
314.32	51.3	
314.532	27.95	
314.744	54.17	
314.956	118.07	
315.168	148.78	
315.38	97.59	
315.592	174.18	
315.804	177.87	
316.016	208.18	
316.228	213.5	
316.44	283.54	
316.651	282.31	
316.863	259.78	
317.075	159.02	
317.287	87.76	
317.499	56.22	
317.711	33.69	
317.923	86.53	
318.135	34.1	
318.347	81.61	
318.559	150.01	
318.77	211.86	
318.982	145.51	
319.194	153.29	
319.406	145.92	
319.618	76.7	
319.83	-7.27	
320.041	25.09	
320.253	66.46	
320.465	53.76	
320.677	28.36	
320.888	20.58	
321.1	20.58	
321.312	81.2	
321.524	82.43	
321.735	95.13	
321.947	68.91	
322.159	18.53	
322.37	-53.55	
322.582	-33.89	
322.794	23.04	
323.005	86.94	
323.217	117.25	
323.429	66.87	
323.64	118.88	
323.852	64.82	
324.063	27.55	
324.275	70.14	
324.487	143.87	
324.698	70.14	
324.91	105.78	
325.121	66.46	
325.333	-13.82	
325.544	-15.05	
325.756	49.66	
325.967	7.48	
326.179	97.59	
326.39	143.87	
326.602	151.65	
326.813	70.96	
327.025	99.22	
327.236	10.75	
327.448	-18.74	
327.659	-80.18	
327.871	-34.3	
328.082	-39.63	
328.293	25.5	
328.505	64.82	
328.716	98.4	
328.928	64.41	
329.139	86.53	
329.35	82.84	
329.562	112.33	
329.773	136.91	
329.984	154.52	
330.196	125.85	
330.407	180.73	
330.618	131.99	
330.83	100.45	
331.041	100.86	
331.252	107.01	
331.463	38.19	
331.675	82.43	
331.886	147.56	
332.097	159.43	
332.308	174.59	
332.52	197.12	
332.731	159.02	
332.942	161.07	
333.153	180.73	
333.364	151.65	
333.575	127.08	
333.787	172.13	
333.998	77.11	
334.209	98.81	
334.42	64.41	
334.631	69.32	
334.842	45.98	
335.053	122.98	
335.264	72.6	
335.475	115.2	
335.686	113.56	
335.898	117.66	
336.109	53.35	
336.32	75.88	
336.531	64	
336.742	68.5	
336.953	-0.72	
337.164	1.74	
337.375	-54.78	
337.586	-47.82	
337.797	-90.01	
338.007	-37.99	
338.218	-47	
338.429	2.56	
338.64	-27.75	
338.851	2.56	
339.062	-19.97	
339.273	52.12	
339.484	-6.04	
339.695	-31.85	
339.906	-23.65	
340.116	31.23	
340.327	-10.55	
340.538	30.41	
340.749	74.65	
340.96	49.25	
341.171	-3.58	
341.381	19.76	
341.592	42.29	
341.803	55.4	
342.014	82.84	
342.224	125.44	
342.435	108.24	
342.646	65.64	
342.857	43.93	
343.067	3.38	
343.278	1.74	
343.489	5.43	
343.699	39.83	
343.91	59.49	
344.121	73.01	
344.331	19.76	
344.542	-9.73	
344.753	38.6	
344.963	48.02	
345.174	92.67	
345.384	148.38	
345.595	227.02	
345.806	174.18	
346.016	131.99	
346.227	138.14	
346.437	136.5	
346.648	84.48	
346.858	76.7	
347.069	66.46	
347.279	58.67	
347.49	-1.95	
347.7	25.91	
347.911	-5.22	
348.121	20.17	
348.332	17.31	
348.542	11.98	
348.753	2.15	
348.963	57.86	
349.173	73.83	
349.384	92.26	
349.594	179.09	
349.805	179.5	
350.015	110.28	
350.225	109.46	
350.436	113.56	
350.646	134.86	
350.856	122.16	
351.067	164.76	
351.277	113.15	
351.487	46.39	
351.698	-38.4	
351.908	-50.28	
352.118	-43.72	
352.328	-18.74	
352.539	78.74	
352.749	70.14	
352.959	93.9	
353.169	102.09	
353.38	115.2	
353.59	109.05	
353.8	145.92	
354.01	155.75	
354.22	143.87	
354.431	220.87	
354.641	168.45	
354.851	169.26	
355.061	157.39	
355.271	202.44	
355.481	139.77	
355.691	138.95	
355.901	114.38	
356.111	110.28	
356.321	59.9	
356.532	46.8	
356.742	-3.17	
356.952	-10.55	
357.162	-34.3	
357.372	-40.04	
357.582	-62.57	
357.792	-87.96	
358.002	-92.47	
358.212	-37.58	
358.422	-3.58	
358.632	-1.54	
358.842	49.25	
359.051	102.91	
359.261	39.83	
359.471	10.34	
359.681	48.84	
359.891	41.06	
360.101	-26.11	
360.311	-12.6	
360.521	-33.48	
360.731	-26.52	
360.94	-14.64	
361.15	40.65	
361.36	44.75	
361.57	69.32	
361.78	59.49	
361.989	52.12	
362.199	48.43	
362.409	76.29	
362.619	61.54	
362.828	150.01	
363.038	193.84	
363.248	203.26	
363.458	193.84	
363.667	213.09	
363.877	130.76	
364.087	102.91	
364.296	60.72	
364.506	82.02	
364.716	72.6	
364.925	46.39	
365.135	-1.13	
365.345	-17.51	
365.554	-38.81	
365.764	46.39	
365.973	24.27	
366.183	102.91	
366.393	145.1	
366.602	168.45	
366.812	5.43	
367.021	81.2	
367.231	-24.47	
367.44	-56.83	
367.65	-50.69	
367.859	40.24	
368.069	-8.91	
368.278	87.76	
368.488	122.57	
368.697	36.15	
368.907	-0.31	
369.116	131.17	
369.326	90.62	
369.535	89.8	
369.744	147.97	
369.954	177.05	
370.163	62.36	
370.373	72.19	
370.582	38.19	
370.791	9.52	
371.001	-34.3	
371.21	-57.65	
371.419	-82.23	
371.629	-94.92	
371.838	-87.96	
372.047	8.7	
372.256	-10.55	
372.466	12.39	
372.675	-10.96	
372.884	-6.45	
373.093	-97.79	
373.303	-18.33	
373.512	-13.41	
373.721	23.86	
373.93	-15.46	
374.139	86.94	
374.349	27.14	
374.558	86.53	
374.767	49.66	
374.976	68.91	
375.185	37.38	
375.394	15.26	
375.603	-32.26	
375.813	-17.92	
376.022	-16.28	
376.231	-72.4	
376.44	-61.34	
376.649	-42.9	
376.858	3.79	
377.067	14.03	
377.276	68.5	
377.485	111.92	
377.694	88.17	
377.903	78.74	
378.112	49.25	
378.321	54.58	
378.53	71.78	
378.739	88.57	
378.948	71.37	
379.157	100.86	
379.366	105.37	
379.575	82.02	
379.784	47.62	
379.992	30.41	
380.201	110.28	
380.41	100.86	
380.619	74.65	
380.828	91.85	
381.037	100.45	
381.246	-11.78	
381.454	-92.88	
381.663	-25.29	
381.872	-26.93	
382.081	46.8	
382.29	95.95	
382.498	163.94	
382.707	147.97	
382.916	172.54	
383.125	67.69	
383.333	52.12	
383.542	62.36	
383.751	33.69	
383.959	53.35	
384.168	93.9	
384.377	161.48	
384.585	112.33	
384.794	58.26	
385.003	34.92	
385.211	73.01	
385.42	-3.99	
385.628	20.17	
385.837	68.09	
386.046	125.44	
386.254	152.06	
386.463	153.29	
386.671	213.09	
386.88	212.68	
387.088	184.01	
387.297	182.78	
387.505	212.68	
387.714	103.32	
387.922	92.67	
388.131	61.95	
388.339	39.83	
388.548	11.98	
388.756	64.82	
388.965	83.66	
389.173	43.52	
389.381	58.67	
389.59	92.67	
389.798	132.81	
390.007	171.31	
390.215	207.77	
390.423	263.47	
390.632	275.35	
390.84	337.61	
391.048	312.62	
391.257	331.05	
391.465	252.41	
391.673	250.77	
391.882	180.32	
392.09	163.12	
392.298	168.45	
392.506	184.42	
392.715	220.05	
392.923	294.6	
393.131	375.29	
393.339	379.8	
393.547	385.94	
393.756	394.13	
393.964	357.68	
394.172	343.34	
394.38	358.91	
394.588	444.92	
394.796	453.11	
395.005	457.62	
395.213	475.64	
395.421	535.85	
395.629	501.45	
395.837	532.98	
396.045	560.43	
396.253	610.81	
396.461	604.25	
396.669	689.45	
396.877	754.98	
397.085	843.87	
397.293	866.8	
397.501	946.67	
397.709	998.69	
397.917	1050.3	
398.125	1129.35	
398.333	1212.09	
398.541	1244.86	
398.749	1289.5	
398.957	1335.79	
399.165	1323.91	
399.373	1414.02	
399.581	1517.65	
399.788	1638.48	
399.996	1683.12	
400.204	1822.79	
400.412	1887.51	
400.62	1951.41	
400.828	2043.57	
401.035	2204.13	
401.243	2365.92	
401.451	2551.46	
401.659	2700.55	
401.867	2825.07	
402.074	2980.31	
402.282	3074.51	
402.49	3152.75	
402.697	3414.89	
402.905	3574.63	
403.113	3778.2	
403.321	3874.04	
403.528	4065.32	
403.736	4168.95	
403.944	4365.96	
404.151	4558.88	
404.359	4819.38	
404.566	5034.42	
404.774	5242.9	
404.982	5417.8	
405.189	5584.09	
405.397	5743.43	
405.604	5917.09	
405.812	6145.65	
406.02	6270.98	
406.227	6471.68	
406.435	6674.43	
406.642	6902.17	
406.85	7000.06	
407.057	7217.14	
407.265	7353.54	
407.472	7522.29	
407.679	7574.72	
407.887	7693.91	
408.094	7781.15	
408.302	7798.36	
408.509	7828.26	
408.717	7919.19	
408.924	7969.98	
409.131	7963.01	
409.339	8006.02	
409.546	8039.2	
409.753	8002.34	
409.961	7962.2	
410.168	7921.65	
410.375	7840.14	
410.583	7720.94	
410.79	7650.49	
410.997	7514.51	
411.205	7400.23	
411.412	7316.68	
411.619	7258.1	
411.826	7093.04	
412.034	7038.56	
412.241	6951.73	
412.448	6753.48	
412.655	6549.51	
412.862	6468	
413.07	6266.89	
413.277	6127.62	
413.484	6029.32	
413.691	5974.03	
413.898	5804.87	
414.105	5645.94	
414.312	5507.09	
414.519	5354.31	
414.727	5200.71	
414.934	5136.82	
415.141	5111.83	
415.348	5054.49	
415.555	4980.76	
415.762	4812.42	
415.969	4683.4	
416.176	4601.07	
416.383	4525.7	
416.59	4426.99	
416.797	4390.54	
417.004	4343.43	
417.211	4231.62	
417.418	4127.58	
417.625	4051.8	
417.831	3978.49	
418.038	3903.12	
418.245	3869.94	
418.452	3758.53	
418.659	3718.8	
418.866	3671.7	
419.073	3545.96	
419.28	3411.2	
419.486	3427.99	
419.693	3303.48	
419.9	3241.63	
420.107	3237.94	
420.314	3248.18	
420.52	3165.44	
420.727	3234.25	
420.934	3158.48	
421.141	3051.17	
421.347	2926.65	
421.554	2840.64	
421.761	2619.04	
421.967	2600.2	
422.174	2539.58	
422.381	2498.21	
422.588	2407.28	
422.794	2385.99	
423.001	2378.61	
423.207	2348.71	
423.414	2298.74	
423.621	2210.27	
423.827	2185.69	
424.034	2085.34	
424.24	1991.55	
424.447	1883.82	
424.654	1808.87	
424.86	1702.37	
425.067	1560.65	
425.273	1497.99	
425.48	1549.19	
425.686	1586.87	
425.893	1609.81	
426.099	1581.95	
426.306	1553.69	
426.512	1486.93	
426.718	1468.5	
426.925	1367.33	
427.131	1305.48	
427.338	1269.84	
427.544	1197.34	
427.75	1081.43	
427.957	1051.94	
428.163	1061.36	
428.37	1044.57	
428.576	1020.4	
428.782	977.39	
428.988	1031.46	
429.195	993.78	
429.401	930.29	
429.607	908.99	
429.814	1001.56	
430.02	918.82	
430.226	888.1	
430.432	879.5	
430.639	854.11	
430.845	790.21	
431.051	795.94	
431.257	809.46	
431.463	779.56	
431.67	738.6	
431.876	677.98	
432.082	626.37	
432.288	631.29	
432.494	638.25	
432.7	646.85	
432.906	634.97	
433.112	649.31	
433.318	648.9	
433.525	656.68	
433.731	625.14	
433.937	677.98	
434.143	649.72	
434.349	605.89	
434.555	600.98	
434.761	612.04	
434.967	527.25	
435.173	550.6	
435.379	541.59	
435.585	582.95	
435.791	582.54	
435.996	648.9	
436.202	658.32	
436.408	623.09	
436.614	553.05	
436.82	543.22	
437.026	474	
437.232	467.86	
437.438	442.46	
437.644	371.19	
437.849	348.26	
438.055	307.71	
438.261	268.8	
438.467	256.1	
438.673	287.23	
438.878	219.64	
439.084	261.83	
439.29	292.96	
439.496	289.69	
439.701	304.02	
439.907	309.35	
440.113	276.58	
440.318	206.95	
440.524	194.66	
440.73	167.63	
440.935	190.97	
441.141	142.23	
441.347	227.02	
441.552	214.32	
441.758	217.6	
441.964	159.43	
442.169	232.34	
442.375	157.8	
442.58	199.57	
442.786	231.93	
442.991	242.58	
443.197	168.45	
443.402	190.15	
443.608	186.06	
443.813	235.21	
444.019	267.98	
444.224	275.35	
444.43	193.02	
444.635	205.72	
444.841	96.36	
445.046	174.18	
445.252	174.18	
445.457	198.35	
445.662	128.31	
445.868	112.33	
446.073	16.08	
446.278	-0.72	
446.484	1.74	
446.689	2.97	
446.894	21.4	
447.1	22.22	
447.305	86.12	
447.51	114.79	
447.716	102.5	
447.921	82.02	
448.126	125.03	
448.331	26.73	
448.537	23.04	
448.742	78.33	
448.947	39.01	
449.152	-25.7	
449.357	68.91	
449.563	80.79	
449.768	35.74	
449.973	61.54	
450.178	92.26	
450.383	5.02	
450.588	-18.33	
450.793	-6.04	
450.999	79.15	
451.204	57.86	
451.409	68.91	
451.614	48.02	
451.819	61.13	
452.024	-12.6	
452.229	-6.04	
452.434	60.72	
452.639	24.27	
452.844	41.06	
453.049	-14.64	
453.254	-52.33	
453.459	-83.86	
453.664	-16.28	
453.869	-27.75	
454.074	53.76	
454.279	118.07	
454.483	78.33	
454.688	38.19	
454.893	119.29	
455.098	95.13	
455.303	80.79	
455.508	107.42	
455.713	118.07	
455.917	5.84	
456.122	33.28	
456.327	-7.68	
456.532	52.94	
456.737	24.68	
456.941	56.63	
457.146	23.04	
457.351	44.75	
457.555	17.31	
457.76	66.46	
457.965	67.69	
458.17	100.04	
458.374	141.41	
458.579	132.4	
458.784	78.33	
458.988	48.02	
459.193	28.77	
459.397	14.03	
459.602	-11.78	
459.807	91.85	
460.011	87.76	
460.216	89.39	
460.42	20.17	
460.625	-20.38	
460.829	-74.44	
461.034	-81.41	
461.239	-110.49	
461.443	-61.34	
461.648	4.2	
461.852	-14.23	
462.056	68.91	
462.261	84.89	
462.465	173.36	
462.67	137.32	
462.874	120.93	
463.079	47.21	
463.283	53.76	
463.487	-24.47	
463.692	2.56	
463.896	-11.78	
464.1	1.74	
464.305	-42.9	
464.509	-68.3	
464.713	-31.44	
464.918	40.65	
465.122	84.89	
465.326	86.94	
465.531	87.35	
465.735	14.03	
465.939	-17.51	
466.143	-58.47	
466.348	-36.76	
466.552	-51.92	
466.756	4.2	
466.96	41.47	
467.164	47.62	
467.368	65.23	
467.573	102.09	
467.777	57.86	
467.981	9.52	
468.185	-20.38	
468.389	0.92	
468.593	-69.12	
468.797	-104.75	
469.001	-81.82	
469.205	-69.94	
469.409	-61.75	
469.613	-11.78	
469.817	20.99	
470.021	26.32	
470.225	49.25	
470.429	2.56	
470.633	4.2	
470.837	36.97	
471.041	21.4	
471.245	-35.94	
471.449	-2.36	
471.653	8.29	
471.857	31.64	
472.061	-23.65	
472.265	-7.27	
472.469	6.66	
472.673	-8.91	
472.876	-37.17	
473.08	7.07	
473.284	73.01	
473.488	29.59	
473.692	70.96	
473.895	103.73	
474.099	121.34	
474.303	72.19	
474.507	115.2	
474.71	91.85	
474.914	28.77	
475.118	-5.22	
475.322	35.33	
475.525	-53.55	
475.729	-26.52	
475.933	-17.92	
476.136	96.36	
476.34	83.66	
476.543	165.58	
476.747	150.01	
476.951	161.89	
477.154	60.72	
477.358	124.21	
477.561	89.8	
477.765	66.87	
477.969	55.4	
478.172	50.89	
478.376	-25.7	
478.579	-12.6	
478.783	-20.38	
478.986	-13.82	
479.19	-7.68	
479.393	8.29	
479.596	31.23	
479.8	73.83	
480.003	73.83	
480.207	79.97	
480.41	58.67	
480.614	58.26	
480.817	-20.79	
481.02	32.87	
481.224	96.77	
481.427	129.94	
481.63	157.8	
481.834	210.22	
482.037	104.14	
482.24	54.99	
482.443	31.23	
482.647	-45.36	
482.85	-72.81	
483.053	20.58	
483.256	-59.7	
483.46	-13.41	
483.663	9.11	
483.866	73.01	
484.069	31.64	
484.272	53.35	
484.476	1.33	
484.679	35.74	
484.882	39.42	
485.085	18.94	
485.288	26.73	
485.491	57.86	
485.694	-1.13	
485.897	-15.05	
486.101	0.1	
486.304	64.82	
486.507	-1.13	
486.71	16.08	
486.913	-17.92	
487.116	-23.65	
487.319	-70.35	
487.522	-21.61	
487.725	59.49	
487.928	62.77	
488.13	30.82	
488.333	61.54	
488.536	82.02	
488.739	17.31	
488.942	52.94	
489.145	97.18	
489.348	63.59	
489.551	20.17	
489.754	35.33	
489.956	-12.19	
490.159	-32.26	
490.362	-66.66	
490.565	-94.1	
490.768	-125.23	
490.97	-42.09	
491.173	-26.52	
491.376	0.1	
491.579	22.22	
491.781	72.19	
491.984	9.52	
492.187	30.82	
492.39	23.45	
492.592	27.55	
492.795	13.62	
492.998	-20.79	
493.2	-42.5	
493.403	-13	
493.605	56.63	
493.808	37.79	
494.011	25.91	
494.213	18.94	
494.416	58.67	
494.618	-29.39	
494.821	-72.4	
495.023	-0.72	
495.226	29.59	
495.428	-3.99	
495.631	44.34	
495.833	100.04	
496.036	65.64	
496.238	18.94	
496.441	53.76	
496.643	20.58	
496.846	-15.46	
497.048	-8.91	
497.25	50.07	
497.453	36.97	
497.655	155.75	
497.858	241.35	
498.06	285.59	
498.262	207.36	
498.465	210.63	
498.667	155.75	
498.869	101.68	
499.071	52.12	
499.274	124.21	
499.476	85.3	
499.678	30.41	
499.881	11.16	
500.083	18.12	
500.285	-41.68	
500.487	-7.68	
500.689	6.66	
500.892	-3.99	
501.094	-51.1	
501.296	28.36	
501.498	2.97	
501.7	-26.93	
501.902	3.38	
502.104	28.36	
502.306	-41.27	
502.509	-32.26	
502.711	-44.95	
502.913	-64.61	
503.115	-83.05	
503.317	-53.96	
503.519	-86.73	
503.721	-15.05	
503.923	59.08	
504.125	62.77	
504.327	88.57	
504.529	139.77	
504.731	92.67	
504.933	75.47	
505.134	93.08	
505.336	75.06	
505.538	71.37	
505.74	60.72	
505.942	14.03	
506.144	7.07	
506.346	7.07	
506.548	57.04	
506.749	95.13	
506.951	100.86	
507.153	92.67	
507.355	54.99	
507.557	27.95	
507.758	31.23	
507.96	-16.69	
508.162	27.95	
508.363	59.49	
508.565	25.5	
508.767	-20.79	
508.969	22.63	
509.17	40.65	
509.372	31.23	
509.574	-18.33	
509.775	21.4	
509.977	-7.68	
510.178	9.11	
510.38	32.46	
510.582	81.2	
510.783	25.91	
510.985	39.42	
511.186	-18.74	
511.388	0.92	
511.589	17.71	
511.791	23.45	
511.992	29.59	
512.194	53.76	
512.395	-46.59	
512.597	-50.28	
512.798	-24.47	
513	-20.79	
513.201	-22.02	
513.403	101.27	
513.604	71.78	
513.805	73.83	
514.007	64.82	
514.208	7.48	
514.409	-60.93	
514.611	-50.28	
514.812	-39.63	
515.013	10.34	
515.215	60.31	
515.416	44.34	
515.617	16.49	
515.819	-33.48	
516.02	-96.97	
516.221	-45.77	
516.422	-42.9	
516.623	-29.8	
516.825	-2.76	
517.026	9.52	
517.227	-95.33	
517.428	-113.36	
517.629	-94.92	
517.83	-70.35	
518.032	-33.89	
518.233	16.49	
518.434	46.8	
518.635	75.47	
518.836	60.31	
519.037	9.52	
519.238	37.79	
519.439	45.57	
519.64	2.97	
519.841	19.35	
520.042	32.87	
520.243	-15.05	
520.444	-40.86	
520.645	-43.31	
520.846	-82.64	
521.047	-42.9	
521.248	-53.14	
521.449	-12.19	
521.65	6.66	
521.851	105.78	
522.052	44.34	
522.252	88.17	
522.453	88.17	
522.654	62.77	
522.855	-11.37	
523.056	5.02	
523.257	-30.62	
523.457	-34.71	
523.658	-22.02	
523.859	-36.35	
524.06	-38.81	
524.26	-78.54	
524.461	-97.79	
524.662	-104.75	
524.862	-139.16	
525.063	-94.92	
525.264	-33.89	
525.464	-51.51	
525.665	-9.73	
525.866	122.16	
526.066	64	
526.267	57.86	
526.468	54.58	
526.668	47.21	
526.869	-26.11	
527.069	-2.76	
527.27	6.66	
527.47	62.36	
527.671	23.45	
527.871	4.61	
528.072	59.49	
528.272	57.04	
528.473	26.73	
528.673	103.73	
528.874	117.66	
529.074	73.83	
529.275	74.65	
529.475	108.64	
529.675	11.98	
529.876	25.91	
530.076	-10.96	
530.277	-30.21	
530.477	-37.99	
530.677	-5.63	
530.878	-51.92	
531.078	49.66	
531.278	39.42	
531.478	13.62	
531.679	-15.46	
531.879	7.48	
532.079	-56.83	
532.28	-27.75	
532.48	-42.5	
532.68	-22.83	
532.88	-13	
533.08	-17.1	
533.28	-20.38	
533.481	-26.93	
533.681	-40.04	
533.881	-27.34	
534.081	-35.12	
534.281	-35.53	
534.481	14.03	
534.681	73.01	
534.881	81.2	
535.081	65.23	
535.281	52.53	
535.481	68.5	
535.682	30.82	
535.882	-25.7	
536.082	-25.29	
536.281	-26.52	
536.481	-8.5	
536.681	2.97	
536.881	23.86	
537.081	19.76	
537.281	34.92	
537.481	-40.86	
537.681	-67.89	
537.881	-99.02	
538.081	-22.02	
538.281	-42.9	
538.48	-62.57	
538.68	-33.89	
538.88	65.64	
539.08	66.05	
539.28	61.13	
539.479	149.19	
539.679	138.95	
539.879	43.52	
540.079	0.92	
540.278	20.17	
540.478	-69.94	
540.678	-84.27	
540.877	-8.91	
541.077	-45.77	
541.277	-52.74	
541.476	74.24	
541.676	105.78	
541.876	114.79	
542.075	156.57	
542.275	140.59	
542.474	64.82	
542.674	68.91	
542.874	32.46	
543.073	3.38	
543.273	39.83	
543.472	61.13	
543.672	51.3	
543.871	25.91	
544.071	39.42	
544.27	120.11	
544.47	76.7	
544.669	82.43	
544.868	92.67	
545.068	100.04	
545.267	7.07	
545.467	94.31	
545.666	62.36	
545.865	103.32	
546.065	65.23	
546.264	68.09	
546.463	3.38	
546.663	38.19	
546.862	14.03	
547.061	40.24	
547.261	28.36	
547.46	64.82	
547.659	44.34	
547.858	104.96	
548.058	115.61	
548.257	159.02	
548.456	116.84	
548.655	129.12	
548.854	98	
549.053	147.15	
549.253	103.32	
549.452	91.85	
549.651	127.49	
549.85	166.81	
550.049	111.92	
550.248	103.73	
550.447	114.79	
550.646	109.05	
550.845	97.59	
551.044	86.94	
551.243	88.17	
551.442	100.04	
551.641	73.01	
551.84	82.02	
552.039	122.57	
552.238	147.56	
552.437	127.08	
552.636	107.42	
552.835	45.57	
553.034	77.93	
553.233	111.92	
553.432	109.05	
553.63	121.75	
553.829	120.52	
554.028	44.34	
554.227	14.44	
554.426	42.29	
554.625	54.58	
554.823	43.11	
555.022	102.09	
555.221	122.16	
555.42	120.93	
555.618	148.38	
555.817	152.06	
556.016	120.11	
556.214	142.64	
556.413	128.71	
556.612	95.54	
556.81	104.14	
557.009	100.45	
557.208	57.86	
557.406	60.72	
557.605	48.02	
557.803	20.99	
558.002	20.99	
558.201	-27.34	
558.399	-41.68	
558.598	-84.27	
558.796	-63.79	
558.995	-56.83	
559.193	-3.99	
559.392	-16.28	
559.59	51.3	
559.789	83.66	
559.987	125.85	
560.185	163.12	
560.384	183.6	
560.582	199.57	
560.781	220.46	
560.979	190.56	
561.177	107.01	
561.376	102.09	
561.574	119.7	
561.772	2.56	
561.971	43.52	
562.169	89.8	
562.367	66.87	
562.566	9.93	
562.764	48.43	
562.962	-5.63	
563.16	-60.52	
563.358	-26.52	
563.557	6.25	
563.755	48.43	
563.953	57.45	
564.151	109.87	
564.349	148.38	
564.547	151.24	
564.746	128.71	
564.944	95.13	
565.142	75.47	
565.34	44.75	
565.538	30.41	
565.736	52.53	
565.934	34.1	
566.132	50.89	
566.33	49.25	
566.528	78.74	
566.726	36.15	
566.924	96.36	
567.122	33.69	
567.32	0.1	
567.518	-28.98	
567.716	-11.37	
567.914	-35.94	
568.112	5.84	
568.31	63.18	
568.507	59.08	
568.705	20.17	
568.903	6.25	
569.101	50.48	
569.299	60.31	
569.497	70.55	
569.694	125.44	
569.892	129.53	
570.09	112.74	
570.288	61.95	
570.486	53.35	
570.683	73.83	
570.881	34.1	
571.079	-19.97	
571.276	-37.17	
571.474	-44.95	
571.672	-108.44	
571.869	-52.33	
572.067	-32.67	
572.265	3.38	
572.462	39.83	
572.66	69.73	
572.857	88.98	
573.055	140.59	
573.253	139.77	
573.45	91.85	
573.648	108.64	
573.845	79.56	
574.043	57.04	
574.24	32.46	
574.438	1.33	
574.635	-12.19	
574.832	-52.74	
575.03	-53.14	
575.227	45.98	
575.425	41.47	
575.622	7.07	
575.82	20.17	
576.017	41.47	
576.214	-7.27	
576.412	40.65	
576.609	24.27	
576.806	25.5	
577.004	7.48	
577.201	-0.72	
577.398	37.79	
577.595	146.33	
577.793	192.61	
577.99	195.89	
578.187	143.05	
578.384	95.95	
578.582	21.81	
578.779	57.45	
578.976	62.36	
579.173	160.25	
579.37	161.48	
579.567	193.84	
579.764	131.58	
579.962	122.16	
580.159	77.11	
580.356	98.81	
580.553	103.73	
580.75	123.39	
580.947	123.39	
581.144	165.58	
581.341	156.16	
581.538	178.69	
581.735	121.34	
581.932	123.8	
582.129	32.46	
582.326	16.9	
582.523	-30.62	
582.72	-7.68	
582.916	-31.44	
583.113	-23.65	
583.31	-39.63	
583.507	-36.76	
583.704	41.88	
583.901	119.29	
584.098	123.39	
584.294	170.9	
584.491	158.62	
584.688	84.89	
584.885	2.97	
585.082	114.38	
585.278	143.46	
585.475	170.08	
585.672	170.08	
585.868	196.71	
586.065	111.1	
586.262	41.06	
586.458	41.47	
586.655	90.62	
586.852	57.45	
587.048	47.21	
587.245	24.68	
587.442	64.41	
587.638	77.52	
587.835	143.87	
588.031	161.07	
588.228	194.25	
588.424	168.04	
588.621	152.47	
588.817	105.37	
589.014	150.42	
589.21	134.04	
589.407	92.67	
589.603	33.28	
589.8	82.84	
589.996	51.3	
590.192	76.7	
590.389	100.86	
590.585	148.78	
590.782	62.36	
590.978	109.46	
591.174	79.56	
591.371	95.54	
591.567	73.01	
591.763	111.92	
591.959	43.52	
592.156	75.06	
592.352	48.84	
592.548	77.52	
592.744	88.17	
592.941	70.96	
593.137	49.25	
593.333	37.79	
593.529	89.8	
593.725	102.91	
593.922	95.54	
594.118	154.11	
594.314	126.67	
594.51	74.65	
594.706	30.82	
594.902	115.61	
595.098	92.26	
595.294	130.35	
595.49	79.97	
595.686	136.5	
595.882	21.81	
596.078	59.9	
596.274	45.98	
596.47	100.86	
596.666	95.54	
596.862	120.11	
597.058	94.72	
597.254	153.7	
597.45	111.92	
597.646	129.12	
597.842	143.05	
598.037	190.56	
598.233	166.81	
598.429	223.33	
598.625	125.44	
598.821	106.6	
599.017	-8.5	
599.212	20.17	
599.408	25.91	
599.604	59.9	
599.8	88.98	
599.995	88.98	
600.191	56.22	
600.387	6.25	
600.582	33.69	
600.778	52.53	
600.974	106.19	
601.169	92.67	
601.365	120.11	
601.561	58.26	
601.756	10.34	
601.952	-5.63	
602.147	-41.27	
602.343	-49.05	
602.538	51.3	
602.734	70.55	
602.93	89.39	
603.125	133.63	
603.321	132.81	
603.516	98.4	
603.711	101.68	
603.907	109.05	
604.102	105.78	
604.298	145.51	
604.493	115.61	
604.689	171.72	
604.884	134.04	
605.079	124.62	
605.275	57.45	
605.47	58.26	
605.665	28.77	
605.861	92.67	
606.056	105.78	
606.251	73.83	
606.447	100.45	
606.642	97.59	
606.837	25.09	
607.032	60.72	
607.227	79.97	
607.423	57.04	
607.618	34.92	
607.813	30.82	
608.008	-6.45	
608.203	92.26	
608.398	158.21	
608.594	119.7	
608.789	136.09	
608.984	180.73	
609.179	147.97	
609.374	77.93	
609.569	131.99	
609.764	99.63	
609.959	46.39	
610.154	20.17	
610.349	61.13	
610.544	50.07	
610.739	84.07	
610.934	111.51	
611.129	140.59	
611.324	137.32	
611.519	167.22	
611.714	187.7	
611.909	143.46	
612.103	202.85	
612.298	206.95	
612.493	207.36	
612.688	220.46	
612.883	263.88	
613.078	128.71	
613.272	174.59	
613.467	166.81	
613.662	162.71	
613.857	186.88	
614.051	271.66	
614.246	189.74	
614.441	164.76	
614.635	95.13	
614.83	44.34	
615.025	-30.21	
615.219	-17.92	
615.414	-49.05	
615.609	-5.63	
615.803	-26.11	
615.998	71.78	
616.192	74.24	
616.387	110.28	
616.582	168.86	
616.776	220.05	
616.971	145.1	
617.165	118.07	
617.36	60.72	
617.554	16.49	
617.749	39.83	
617.943	49.66	
618.138	83.66	
618.332	132.4	
618.526	109.46	
618.721	54.17	
618.915	91.85	
619.11	79.56	
619.304	24.27	
619.498	20.58	
619.693	65.23	
619.887	21.4	
620.081	-8.91	
620.275	58.26	
620.47	98.4	
620.664	84.89	
620.858	54.99	
621.052	74.65	
621.247	90.62	
621.441	66.05	
621.635	47.21	
621.829	109.05	
622.023	109.05	
622.218	136.09	
622.412	138.95	
622.606	113.15	
622.8	103.73	
622.994	115.2	
623.188	28.36	
623.382	25.91	
623.576	48.02	
623.77	7.48	
623.964	29.59	
624.158	55.81	
624.352	12.8	
624.546	32.05	
624.74	98.81	
624.934	47.21	
625.128	68.09	
625.322	100.86	
625.516	87.35	
625.71	13.62	
625.904	-2.76	
626.098	22.63	
626.291	48.84	
626.485	41.47	
626.679	60.31	
626.873	173.77	
627.067	111.1	
627.26	118.88	
627.454	130.76	
627.648	165.17	
627.842	84.07	
628.035	104.14	
628.229	77.52	
628.423	41.47	
628.617	-1.54	
628.81	-15.46	
629.004	-15.87	
629.198	2.97	
629.391	14.85	
629.585	70.14	
629.778	74.65	
629.972	109.87	
630.166	111.1	
630.359	112.74	
630.553	85.3	
630.746	122.16	
630.94	131.58	
631.133	54.99	
631.327	59.08	
631.52	45.98	
631.714	9.11	
631.907	-30.62	
632.1	63.18	
632.294	128.31	
632.487	129.53	
632.681	159.02	
632.874	172.95	
633.067	172.95	
633.261	118.47	
633.454	116.43	
633.647	136.91	
633.841	91.85	
634.034	76.29	
634.227	54.99	
634.421	37.38	
634.614	-12.6	
634.807	3.79	
635	-56.42	
635.193	-1.13	
635.387	-10.55	
635.58	9.52	
635.773	34.92	
635.966	95.13	
636.159	61.54	
636.352	20.58	
636.545	2.15	
636.739	-42.09	
636.932	-65.02	
637.125	-101.07	
637.318	-71.99	
637.511	-22.02	
637.704	-14.64	
637.897	-7.68	
638.09	16.9	
638.283	61.54	
638.476	38.6	
638.669	67.28	
638.862	99.22	
639.055	82.84	
639.247	104.96	
639.44	70.96	
639.633	106.19	
639.826	41.47	
640.019	74.24	
640.212	36.15	
640.405	88.17	
640.597	22.22	
640.79	77.52	
640.983	50.48	
641.176	41.47	
641.368	75.47	
641.561	135.27	
641.754	53.35	
641.947	142.23	
642.139	169.67	
642.332	91.03	
642.525	86.94	
642.717	153.29	
642.91	38.6	
643.103	15.26	
643.295	3.79	
643.488	-24.06	
643.68	-54.37	
643.873	-5.63	
644.065	5.84	
644.258	21.81	
644.45	-1.54	
644.643	14.03	
644.835	4.2	
645.028	-19.15	
645.22	-37.17	
645.413	-50.69	
645.605	-62.98	
645.798	-63.79	
645.99	2.97	
646.182	29.59	
646.375	70.14	
646.567	75.06	
646.76	33.28	
646.952	-12.19	
647.144	-31.85	
647.337	-54.78	
647.529	-26.52	
647.721	43.93	
647.913	48.43	
648.106	48.02	
648.298	18.12	
648.49	-18.74	
648.682	-98.2	
648.874	-84.27	
649.067	-54.37	
649.259	-27.75	
649.451	-51.92	
649.643	3.38	
649.835	25.5	
650.027	33.69	
650.219	43.11	
650.411	101.68	
650.603	77.11	
650.796	66.87	
650.988	61.95	
651.18	116.43	
651.372	145.1	
651.564	160.25	
651.756	109.05	
651.948	104.14	
652.139	39.83	
652.331	-17.92	
652.523	-10.96	
652.715	5.43	
652.907	18.94	
653.099	48.02	
653.291	54.99	
653.483	30.82	
653.674	53.76	
653.866	48.02	
654.058	4.2	
654.25	12.8	
654.442	1.33	
654.633	-72.4	
654.825	-86.73	
655.017	-52.33	
655.209	-87.55	
655.4	-53.55	
655.592	-67.48	
655.784	-25.7	
655.975	-24.06	
656.167	-3.58	
656.359	-27.34	
656.55	40.65	
656.742	-35.94	
656.933	15.26	
657.125	36.56	
657.316	34.92	
657.508	6.25	
657.7	70.55	
657.891	-18.33	
658.083	-18.74	
658.274	32.87	
658.466	76.29	
658.657	83.66	
658.848	39.83	
659.04	52.12	
659.231	2.97	
659.423	-13.82	
659.614	-53.55	
659.805	104.96	
659.997	155.75	
660.188	197.53	
660.379	215.96	
660.571	199.16	
660.762	118.88	
660.953	49.25	
661.145	16.08	
661.336	-32.26	
661.527	137.73	
661.718	168.45	
661.909	145.92	
662.101	165.58	
662.292	206.95	
662.483	11.16	
662.674	-51.92	
662.865	-24.47	
663.056	-48.64	
663.247	-107.62	
663.439	-26.52	
663.63	10.34	
663.821	-32.26	
664.012	2.15	
664.203	95.13	
664.394	73.83	
664.585	92.26	
664.776	101.27	
664.967	75.47	
665.158	33.28	
665.349	92.67	
665.54	65.23	
665.73	113.56	
665.921	68.91	
666.112	41.88	
666.303	-49.87	
666.494	54.17	
666.685	9.93	
666.876	69.73	
667.066	100.04	
667.257	162.3	
667.448	6.66	
667.639	20.99	
667.83	3.38	
668.02	6.25	
668.211	-74.44	
668.402	14.85	
668.592	-37.99	
668.783	-41.27	
668.974	-41.68	
669.164	18.53	
669.355	-1.13	
669.546	79.56	
669.736	91.44	
669.927	69.32	
670.117	0.92	
670.308	11.57	
670.499	-58.88	
670.689	-60.52	
670.88	-94.92	
671.07	-26.11	
671.261	-48.23	
671.451	34.1	
671.641	-9.32	
671.832	51.3	
672.022	43.52	
672.213	21.81	
672.403	-15.87	
672.594	54.17	
672.784	52.12	
672.974	50.07	
673.165	9.93	
673.355	13.62	
673.545	20.17	
673.736	64.41	
673.926	-12.19	
674.116	61.95	
674.306	20.17	
674.497	-32.67	
674.687	-107.62	
674.877	-81.82	
675.067	-100.66	
675.257	-55.6	
675.448	-50.69	
675.638	-6.04	
675.828	-9.73	
676.018	34.1	
676.208	17.31	
676.398	43.52	
676.588	20.58	
676.778	48.84	
676.968	10.34	
677.158	62.77	
677.348	-4.4	
677.538	-28.57	
677.728	-26.52	
677.918	-22.02	
678.108	-72.81	
678.298	-10.55	
678.488	-17.92	
678.678	5.43	
678.868	0.51	
679.058	14.44	
679.248	-5.22	
679.438	1.33	
679.627	14.03	
679.817	-10.55	
680.007	-10.55	
680.197	-16.28	
680.387	-4.81	
680.576	-10.55	
680.766	-19.97	
680.956	-47	
681.146	19.35	
681.335	6.66	
681.525	-41.68	
681.715	3.79	
681.904	52.12	
682.094	19.35	
682.284	32.05	
682.473	63.59	
682.663	95.95	
682.852	63.59	
683.042	59.9	
683.231	68.91	
683.421	66.05	
683.61	17.31	
683.8	-0.31	
683.989	8.7	
684.179	14.03	
684.368	-23.24	
684.558	-17.1	
684.747	-12.19	
684.937	-67.89	
685.126	-69.53	
685.316	-53.14	
685.505	-105.57	
685.694	-55.19	
685.884	59.08	
686.073	34.51	
686.262	46.39	
686.452	118.07	
686.641	89.8	
686.83	21.4	
687.019	6.66	
687.209	29.18	
687.398	35.74	
687.587	23.45	
687.776	-18.33	
687.965	-26.11	
688.155	-56.83	
688.344	-117.04	
688.533	-106.8	
688.722	-115.4	
688.911	-2.76	
689.1	56.63	
689.289	136.5	
689.478	159.43	
689.667	193.43	
689.856	50.07	
690.045	-10.96	
690.234	-84.27	
690.423	-51.92	
690.612	-70.76	
690.801	16.49	
690.99	-0.31	
691.179	52.94	
691.368	-23.24	
691.557	43.11	
691.746	-3.58	
691.935	31.64	
692.124	-29.39	
692.312	11.57	
692.501	-60.93	
692.69	-6.45	
692.879	-21.2	
693.068	13.62	
693.256	-4.4	
693.445	62.77	
693.634	24.68	
693.823	23.86	
694.011	16.49	
694.2	24.68	
694.389	-35.53	
694.577	-37.58	
694.766	-48.64	
694.955	-57.24	
695.143	-72.81	
695.332	-50.28	
695.52	-57.65	
695.709	-15.87	
695.897	-24.88	
696.086	-37.58	
696.275	-60.11	
696.463	-29.8	
696.652	-61.75	
696.84	-9.32	
697.028	4.61	
697.217	22.22	
697.405	49.66	
697.594	80.79	
697.782	59.08	
697.971	68.91	
698.159	50.48	
698.347	50.89	
698.536	38.6	
698.724	82.84	
698.912	74.24	
699.1	95.54	
699.289	105.78	
699.477	98	
699.665	45.98	
699.854	15.67	
700.042	8.29	
700.23	-13.82	
700.418	-6.86	
700.606	-29.39	
700.794	5.43	
700.983	34.1	
701.171	32.87	
701.359	22.22	
701.547	71.37	
701.735	95.95	
701.923	31.23	
702.111	-0.72	
702.299	-45.77	
702.487	-49.05	
702.675	-105.98	
702.863	-67.48	
703.051	-65.02	
703.239	11.98	
703.427	-42.09	
703.615	-40.45	
703.803	-72.4	
703.991	-24.47	
704.179	-44.13	
704.367	39.01	
704.554	90.21	
704.742	119.29	
704.93	161.48	
705.118	199.57	
705.306	140.59	
705.493	94.72	
705.681	66.87	
705.869	49.66	
706.057	-14.64	
706.244	-6.45	
706.432	8.7	
706.62	62.77	
706.807	-29.39	
706.995	23.45	
707.183	-40.86	
707.37	-11.78	
707.558	-9.73	
707.746	73.42	
707.933	62.36	
708.121	168.86	
708.308	147.56	
708.496	125.85	
708.683	57.04	
708.871	93.49	
709.058	10.75	
709.246	2.56	
709.433	-56.83	
709.621	-26.52	
709.808	-83.05	
709.995	8.7	
710.183	15.67	
710.37	76.7	
710.558	52.12	
710.745	30.41	
710.932	-23.24	
711.12	4.61	
711.307	0.1	
711.494	30	
711.681	86.53	
711.869	64.41	
712.056	73.42	
712.243	55.81	
712.43	-7.27	
712.618	-4.81	
712.805	-9.73	
712.992	-49.87	
713.179	-44.54	
713.366	-10.14	
713.553	-3.58	
713.74	17.31	
713.928	-32.26	
714.115	7.88	
714.302	-1.13	
714.489	-6.86	
714.676	-51.1	
714.863	37.38	
715.05	31.64	
715.237	8.7	
715.424	-71.58	
715.611	30.41	
715.798	14.44	
715.984	-29.39	
716.171	30	
716.358	83.25	
716.545	47.21	
716.732	45.16	
716.919	33.69	
717.106	-25.29	
717.293	-25.29	
717.479	0.1	
717.666	-71.99	
717.853	-37.17	
718.04	9.11	
718.226	32.87	
718.413	-44.13	
718.6	30.82	
718.786	30.41	
718.973	67.69	
719.16	-6.86	
719.346	16.49	
719.533	-14.23	
719.72	18.53	
719.906	-48.64	
720.093	0.1	
720.279	-33.48	
720.466	-23.24	
720.652	-14.64	
720.839	40.24	
721.025	52.12	
721.212	91.85	
721.398	98	
721.585	93.9	
721.771	62.77	
721.958	27.55	
722.144	52.94	
722.331	-13.82	
722.517	-58.88	
722.703	-41.27	
722.89	-62.16	
723.076	-79.36	
723.262	5.02	
723.449	-20.38	
723.635	-71.17	
723.821	-51.51	
724.007	-82.23	
724.194	-119.5	
724.38	-92.06	
724.566	-78.95	
724.752	-58.06	
724.938	7.88	
725.125	60.72	
725.311	109.05	
725.497	113.15	
725.683	106.6	
725.869	29.18	
726.055	0.92	
726.241	-42.09	
726.427	-24.88	
726.613	-50.28	
726.799	54.99	
726.985	-17.51	
727.171	30	
727.357	57.86	
727.543	125.03	
727.729	46.39	
727.915	129.53	
728.101	85.3	
728.287	51.3	
728.473	2.15	
728.659	2.56	
728.845	-69.12	
729.03	-84.27	
729.216	-78.13	
729.402	-89.6	
729.588	-93.69	
729.774	-51.51	
729.959	-69.94	
730.145	-29.8	
730.331	26.73	
730.517	50.48	
730.702	89.39	
730.888	125.44	
731.074	43.52	
731.259	27.95	
731.445	57.86	
731.63	27.55	
731.816	12.8	
732.002	119.29	
732.187	175.82	
732.373	144.69	
732.558	148.78	
732.744	217.19	
732.929	157.39	
733.115	37.79	
733.3	-32.26	
733.486	-52.74	
733.671	-158.41	
733.857	-169.88	
734.042	-109.26	
734.227	-76.08	
734.413	-10.55	
734.598	80.38	
734.784	48.43	
734.969	37.38	
735.154	76.29	
735.339	48.84	
735.525	42.7	
735.71	113.97	
735.895	50.07	
736.081	35.74	
736.266	31.23	
736.451	-19.15	
736.636	14.85	
736.821	30.41	
737.007	15.67	
737.192	54.58	
737.377	23.04	
737.562	-66.66	
737.747	-9.32	
737.932	26.32	
738.117	-58.47	
738.302	45.98	
738.487	64	
738.672	30	
738.857	36.15	
739.042	100.04	
739.227	104.14	
739.412	82.02	
739.597	73.42	
739.782	90.21	
739.967	25.91	
740.152	-13.41	
740.337	32.87	
740.522	43.11	
740.706	33.69	
740.891	111.92	
741.076	121.75	
741.261	116.43	
741.446	145.1	
741.63	137.73	
741.815	103.32	
742	38.6	
742.185	17.71	
742.369	6.66	
742.554	-39.63	
742.739	-31.03	
742.923	7.07	
743.108	30.41	
743.293	41.47	
743.477	34.1	
743.662	37.79	
743.846	49.25	
744.031	48.84	
744.216	56.63	
744.4	127.9	
744.585	93.08	
744.769	100.86	
744.954	91.03	
745.138	53.76	
745.322	44.75	
745.507	11.98	
745.691	-3.99	
745.876	-18.74	
746.06	5.84	
746.244	2.97	
746.429	66.87	
746.613	57.45	
746.798	70.14	
746.982	20.99	
747.166	27.14	
747.35	-18.74	
747.535	-6.45	
747.719	2.56	
747.903	98.81	
748.087	48.43	
748.272	57.04	
748.456	93.9	
748.64	80.79	
748.824	56.22	
749.008	93.49	
749.192	88.98	
749.376	34.1	
749.56	18.94	
749.745	-31.44	
749.929	-26.93	
750.113	-12.6	
750.297	-50.28	
750.481	8.7	
750.665	35.74	
750.849	12.8	
751.033	47.21	
751.217	37.79	
751.4	16.49	
751.584	26.73	
751.768	50.48	
751.952	3.38	
752.136	42.29	
752.32	-6.04	
752.504	0.92	
752.688	10.34	
752.871	7.48	
753.055	-1.13	
753.239	16.08	
753.423	25.5	
753.606	-30.21	
753.79	18.94	
753.974	44.34	
754.157	50.89	
754.341	11.57	
754.525	18.12	
754.708	-12.6	
754.892	-29.39	
755.076	22.63	
755.259	48.43	
755.443	36.15	
755.626	48.02	
755.81	62.36	
755.993	23.45	
756.177	-32.67	
756.36	15.67	
756.544	-1.13	
756.727	-13.82	
756.911	-3.17	
757.094	59.49	
757.278	23.86	
757.461	-10.96	
757.644	-7.27	
757.828	-39.22	
758.011	-36.76	
758.195	-3.58	
758.378	41.88	
758.561	48.02	
758.744	17.31	
758.928	52.94	
759.111	43.93	
759.294	48.43	
759.477	64	
759.661	96.36	
759.844	58.67	
760.027	43.93	
760.21	26.73	
760.393	33.28	
760.576	66.46	
760.76	24.27	
760.943	-3.99	
761.126	81.2	
761.309	113.15	
761.492	93.08	
761.675	101.27	
761.858	137.32	
762.041	24.68	
762.224	-72.81	
762.407	-78.95	
762.59	-30.21	
762.773	-86.73	
762.956	-65.84	
763.139	-19.56	
763.321	1.33	
763.504	-67.48	
763.687	-22.02	
763.87	5.84	
764.053	6.66	
764.236	14.85	
764.418	58.26	
764.601	30.82	
764.784	34.92	
764.967	85.3	
765.149	75.47	
765.332	73.83	
765.515	109.87	
765.697	53.76	
765.88	11.98	
766.063	0.92	
766.245	-6.04	
766.428	-33.48	
766.611	-0.72	
766.793	13.62	
766.976	50.48	
767.158	1.74	
767.341	70.96	
767.523	62.77	
767.706	77.11	
767.888	38.19	
768.071	144.69	
768.253	77.93	
768.436	101.68	
768.618	85.71	
768.8	154.93	
768.983	135.68	
769.165	144.28	
769.348	89.39	
769.53	61.54	
769.712	-19.15	
769.895	-69.12	
770.077	-42.09	
770.259	-19.15	
770.441	-20.38	
770.624	19.35	
770.806	52.12	
770.988	39.01	
771.17	42.29	
771.352	86.53	
771.535	127.9	
771.717	111.51	
771.899	107.42	
772.081	187.7	
772.263	139.36	
772.445	66.46	
772.627	7.07	
772.809	29.18	
772.991	-11.78	
773.173	47.62	
773.355	59.9	
773.537	89.39	
773.719	33.28	
773.901	58.67	
774.083	-15.46	
774.265	-58.47	
774.447	-61.34	
774.629	-13.82	
774.811	-30.62	
774.992	24.27	
775.174	26.32	
775.356	84.07	
775.538	32.46	
775.72	-30.21	
775.901	-58.06	
776.083	-22.83	
776.265	-66.66	
776.447	11.98	
776.628	66.46	
776.81	66.46	
776.992	113.15	
777.173	116.43	
777.355	86.94	
777.537	101.27	
777.718	104.14	
777.9	66.87	
778.081	73.01	
778.263	92.26	
778.444	60.72	
778.626	61.95	
778.807	0.51	
778.989	-13	
779.17	-94.92	
779.352	-179.71	
779.533	-217.8	
779.715	-129.33	
779.896	-172.34	
780.078	-82.64	
780.259	18.94	
780.44	32.46	
780.622	-7.27	
780.803	118.07	
780.984	79.56	
781.166	8.7	
781.347	21.4	
781.528	19.76	
781.709	-58.06	
781.891	-43.31	
782.072	23.86	
782.253	52.53	
782.434	34.92	
782.615	35.74	
782.796	35.74	
782.978	77.11	
783.159	79.56	
783.34	165.17	
783.521	169.26	
783.702	187.7	
783.883	168.45	
784.064	172.54	
784.245	71.37	
784.426	121.34	
784.607	77.52	
784.788	83.25	
784.969	23.86	
785.15	71.37	
785.331	-39.22	
785.512	14.44	
785.692	-13	
785.873	17.31	
786.054	-21.61	
786.235	25.5	
786.416	32.05	
786.597	27.95	
786.777	17.31	
786.958	39.42	
787.139	49.25	
787.32	20.17	
787.5	55.4	
787.681	42.29	
787.862	57.86	
788.042	82.02	
788.223	79.56	
788.404	-17.92	
788.584	11.98	
788.765	15.67	
788.946	5.43	
789.126	6.25	
789.307	96.36	
789.487	134.45	
789.668	95.95	
789.848	53.35	
790.029	-7.27	
790.209	-55.6	
790.39	-141.62	
790.57	-153.5	
790.75	-58.47	
790.931	-20.38	
791.111	-29.8	
791.292	39.83	
791.472	61.54	
791.652	32.05	
791.833	36.15	
792.013	49.25	
792.193	-13	
792.373	22.63	
792.554	-7.68	
792.734	-2.36	
792.914	-22.43	
793.094	27.14	
793.275	38.6	
793.455	16.08	
793.635	61.54	
793.815	119.29	
793.995	84.89	
794.175	79.56	
794.355	170.08	
794.535	154.93	
794.715	124.62	
794.896	120.52	
795.076	62.77	
795.256	56.22	
795.436	6.25	
795.616	31.64	
795.795	87.76	
795.975	109.05	
796.155	106.6	
796.335	159.02	
796.515	181.96	
796.695	209	
796.875	262.65	
797.055	231.93	
797.234	221.69	
797.414	209.81	
797.594	157.8	
797.774	118.47	
797.954	70.14	
798.133	75.06	
798.313	18.12	
798.493	48.84	
798.672	29.18	
798.852	43.93	
799.032	-36.35	
799.211	-23.65	
799.391	-65.43	
799.571	-62.98	
799.75	-64.61	
799.93	39.83	
800.109	49.25	
800.289	65.23	
800.468	58.26	
800.648	59.08	
800.827	16.08	
801.007	5.02	
801.186	-50.69	
801.366	-25.29	
801.545	5.43	
801.725	71.78	
801.904	24.68	
802.083	91.44	
802.263	73.01	
802.442	108.24	
802.621	29.59	
802.801	157.39	
802.98	169.26	
803.159	136.5	
803.338	61.13	
803.518	126.26	
803.697	32.46	
803.876	36.97	
804.055	79.15	
804.235	143.46	
804.414	67.69	
804.593	88.17	
804.772	51.71	
804.951	51.71	
805.13	-37.17	
805.309	17.71	
805.488	34.1	
805.667	53.35	
805.846	60.31	
806.025	123.8	
806.204	160.66	
806.383	118.88	
806.562	102.91	
806.741	86.12	
806.92	78.33	
807.099	11.16	
807.278	-26.11	
807.457	-36.76	
807.636	7.88	
807.814	14.03	
807.993	24.68	
808.172	89.8	
808.351	107.83	
808.53	85.3	
808.708	62.36	
808.887	48.43	
809.066	93.08	
809.244	72.19	
809.423	42.29	
809.602	52.94	
809.78	87.35	
809.959	26.32	
810.138	61.13	
810.316	75.06	
810.495	75.47	
810.673	16.08	
810.852	34.1	
811.03	39.01	
811.209	62.77	
811.388	81.61	
811.566	125.03	
811.744	135.27	
811.923	110.69	
812.101	93.9	
812.28	165.17	
812.458	200.8	
812.637	152.88	
812.815	162.3	
812.993	188.93	
813.172	148.78	
813.35	46.39	
813.528	100.04	
813.706	71.37	
813.885	71.37	
814.063	16.49	
814.241	113.15	
814.419	125.03	
814.598	188.52	
814.776	158.21	
814.954	135.27	
815.132	95.54	
815.31	101.27	
815.488	-1.54	
815.666	-33.48	
815.844	-42.09	
816.022	-45.36	
816.201	-96.56	
816.379	-1.54	
816.557	44.34	
816.735	79.56	
816.913	37.38	
817.09	63.59	
817.268	1.33	
817.446	-22.43	
817.624	-56.01	
817.802	59.49	
817.98	18.53	
818.158	31.64	
818.336	-20.79	
818.514	27.14	
818.691	-11.37	
818.869	45.57	
819.047	83.66	
819.225	123.39	
819.402	92.67	
819.58	108.64	
819.758	105.37	
819.935	67.28	
820.113	69.73	
820.291	68.91	
820.468	-10.55	
820.646	-5.63	
820.824	36.56	
821.001	110.69	
821.179	159.02	
821.356	192.61	
821.534	153.29	
821.711	96.77	
821.889	115.2	
822.066	92.26	
822.244	88.98	
822.421	152.06	
822.599	193.84	
822.776	89.39	
822.953	30.82	
823.131	2.97	
823.308	-62.16	
823.486	-54.37	
823.663	-30.62	
823.84	26.73	
824.017	-3.58	
824.195	17.71	
824.372	26.73	
824.549	33.28	
824.726	13.21	
824.904	26.73	
825.081	42.29	
825.258	-15.46	
825.435	-21.2	
825.612	32.05	
825.789	20.58	
825.967	40.24	
826.144	90.21	
826.321	135.68	
826.498	106.19	
826.675	131.17	
826.852	42.29	
827.029	48.02	
827.206	35.74	
827.383	-22.43	
827.56	18.12	
827.737	63.59	
827.914	70.55	
828.09	77.52	
828.267	111.92	
828.444	111.1	
828.621	82.43	
828.798	133.63	
828.975	60.31	
829.151	35.74	
829.328	25.91	
829.505	93.49	
829.682	-17.92	
829.858	10.75	
830.035	54.17	
830.212	30	
830.389	-16.69	
830.565	-28.16	
830.742	23.45	
830.918	23.45	
831.095	41.88	
831.272	64.82	
831.448	72.19	
831.625	86.53	
831.801	100.45	
831.978	104.14	
832.154	72.19	
832.331	122.16	
832.507	37.38	
832.684	39.01	
832.86	57.45	
833.037	179.09	
833.213	135.68	
833.389	178.69	
833.566	106.6	
833.742	66.87	
833.918	-37.58	
834.095	-74.85	
834.271	-129.33	
834.447	-45.36	
834.624	-27.34	
834.8	-13.41	
834.976	61.95	
835.152	91.85	
835.328	82.02	
835.505	84.07	
835.681	59.08	
835.857	-15.87	
836.033	26.32	
836.209	93.08	
836.385	82.84	
836.561	104.14	
836.737	177.87	
836.913	127.49	
837.089	76.7	
837.265	130.76	
837.441	176.23	
837.617	163.94	
837.793	176.23	
837.969	159.84	
838.145	119.7	
838.321	69.32	
838.497	63.18	
838.673	106.19	
838.849	38.6	
839.025	85.71	
839.2	107.01	
839.376	125.44	
839.552	73.42	
839.728	127.49	
839.903	70.96	
840.079	78.74	
840.255	45.98	
840.431	149.6	
840.606	96.77	
840.782	170.08	
840.958	81.61	
841.133	84.48	
841.309	16.9	
841.484	89.8	
841.66	11.57	
841.835	16.49	
842.011	-1.54	
842.186	23.04	
842.362	-38.81	
842.537	-12.19	
842.713	-4.4	
842.888	17.71	
843.064	-22.02	
843.239	20.17	
843.415	11.98	
843.59	83.66	
843.765	86.94	
843.941	113.15	
844.116	149.6	
844.291	107.01	
844.467	101.27	
844.642	134.86	
844.817	162.71	
844.992	88.98	
845.168	123.39	
845.343	127.08	
845.518	109.05	
845.693	73.01	
845.868	103.32	
846.043	82.02	
846.219	37.38	
846.394	73.83	
846.569	68.91	
846.744	32.46	
846.919	55.81	
847.094	170.08	
847.269	138.55	
847.444	136.5	
847.619	171.72	
847.794	224.97	
847.969	169.26	
848.144	177.46	
848.319	171.72	
848.494	176.64	
848.668	160.25	
848.843	180.32	
849.018	167.22	
849.193	171.72	
849.368	181.14	
849.542	210.63	
849.717	153.29	
849.892	132.4	
850.067	141.41	
850.241	176.23	
850.416	111.51	
850.591	158.62	
850.765	141	
850.94	179.5	
851.115	100.86	
851.289	107.83	
851.464	41.06	
851.639	60.31	
851.813	6.25	
851.988	81.61	
852.162	34.1	
852.337	56.63	
852.511	81.2	
852.686	146.74	
852.86	121.75	
853.035	173.77	
853.209	168.04	
853.383	197.12	
853.558	109.87	
853.732	125.44	
853.906	83.66	
854.081	92.26	
854.255	31.64	
854.429	84.07	
854.604	55.4	
854.778	120.93	
854.952	143.05	
855.126	187.7	
855.301	175	
855.475	136.09	
855.649	84.07	
855.823	59.49	
855.997	36.15	
856.171	36.15	
856.345	60.31	
856.52	86.94	
856.694	108.64	
856.868	177.46	
857.042	161.07	
857.216	212.27	
857.39	203.67	
857.564	153.7	
857.738	60.72	
857.912	36.15	
858.085	5.43	
858.259	9.93	
858.433	40.65	
858.607	27.14	
858.781	54.99	
858.955	36.56	
859.129	30.41	
859.302	57.45	
859.476	43.52	
859.65	126.67	
859.824	102.91	
859.997	120.52	
860.171	111.51	
860.345	190.56	
860.519	127.08	
860.692	138.55	
860.866	143.87	
861.039	176.64	
861.213	152.06	
861.387	119.29	
861.56	124.62	
861.734	161.48	
861.907	108.24	
862.081	73.42	
862.254	120.93	
862.428	165.58	
862.601	81.61	
862.775	107.83	
862.948	244.63	
863.122	228.25	
863.295	164.35	
863.468	201.62	
863.642	162.71	
863.815	70.96	
863.988	75.88	
864.162	107.42	
864.335	64.82	
864.508	102.5	
864.682	111.51	
864.855	77.11	
865.028	47.21	
865.201	105.78	
865.374	65.64	
865.548	101.68	
865.721	129.94	
865.894	230.7	
866.067	195.48	
866.24	221.28	
866.413	202.44	
866.586	177.87	
866.759	61.13	
866.932	56.22	
867.105	36.15	
867.278	-49.05	
867.451	-40.45	
867.624	17.71	
867.797	40.65	
867.97	42.29	
868.143	86.94	
868.316	126.67	
868.489	68.09	
868.661	73.42	
868.834	94.72	
869.007	135.68	
869.18	104.14	
869.353	132.4	
869.525	149.19	
869.698	125.44	
869.871	74.24	
870.044	84.48	
870.216	123.39	
870.389	61.54	
870.562	50.07	
870.734	108.64	
870.907	57.45	
871.079	35.74	
871.252	35.74	
871.425	83.66	
871.597	11.98	
871.77	132.81	
871.942	111.51	
872.115	108.64	
872.287	111.92	
872.459	123.8	
872.632	51.3	
872.804	63.59	
872.977	50.07	
873.149	47.21	
873.321	39.01	
873.494	42.7	
873.666	75.47	
873.838	88.57	
874.011	24.68	
874.183	67.28	
874.355	42.29	
874.528	2.97	
874.7	20.99	
874.872	136.09	
875.044	150.83	
875.216	188.52	
875.388	252	
875.561	270.84	
875.733	163.12	
875.905	121.75	
876.077	24.68	
876.249	41.06	
876.421	18.94	
876.593	20.58	
876.765	52.12	
876.937	155.34	
877.109	93.08	
877.281	105.37	
877.453	117.66	
877.625	100.45	
877.797	31.23	
877.968	-0.31	
878.14	-10.96	
878.312	32.87	
878.484	-10.55	
878.656	36.97	
878.828	50.89	
878.999	111.92	
879.171	64.82	
879.343	50.07	
879.515	34.51	
879.686	19.76	
879.858	-28.16	
880.03	4.2	
880.201	51.71	
880.373	30.82	
880.545	51.71	
880.716	94.72	
880.888	169.67	
881.059	184.42	
881.231	197.12	
881.402	245.04	
881.574	207.77	
881.745	147.56	
881.917	160.25	
882.088	189.74	
882.26	139.77	
882.431	163.12	
882.602	77.52	
882.774	59.08	
882.945	-5.22	
883.116	-38.81	
883.288	-97.38	
883.459	-60.93	
883.63	-56.83	
883.802	-36.76	
883.973	8.7	
884.144	61.95	
884.315	93.08	
884.487	140.59	
884.658	199.16	
884.829	218.83	
885	191.79	
885.171	215.55	
885.342	114.79	
885.513	102.91	
885.684	101.27	
885.855	131.17	
886.026	79.97	
886.197	148.78	
886.368	70.55	
886.539	83.66	
886.71	50.89	
886.881	71.37	
887.052	87.76	
887.223	153.7	
887.394	95.13	
887.565	160.25	
887.736	125.03	
887.907	125.44	
888.077	82.43	
888.248	82.84	
888.419	16.49	
888.59	34.92	
888.761	49.25	
888.931	88.98	
889.102	145.1	
889.273	129.12	
889.443	119.29	
889.614	62.36	
889.785	62.77	
889.955	28.36	
890.126	25.5	
890.296	90.21	
890.467	111.1	
890.637	186.88	
890.808	229.88	
890.978	291.73	
891.149	262.24	
891.319	337.61	
891.49	289.69	
891.66	276.17	
891.831	230.7	
892.001	229.07	
892.172	96.36	
892.342	66.46	
892.512	49.66	
892.683	92.67	
892.853	71.37	
893.023	140.59	
893.193	115.61	
893.364	116.43	
893.534	111.92	
893.704	175.82	
893.874	161.89	
894.044	200.39	
894.215	171.31	
894.385	177.05	
894.555	125.85	
894.725	183.19	
894.895	130.76	
895.065	171.72	
895.235	142.23	
895.405	229.88	
895.575	152.06	
895.745	208.38	
895.915	223.06	
