177.618	-752.46	
177.836	-762.7	
178.054	-754.51	
178.271	-593.95	
178.489	-370.72	
178.706	-241.28	
178.924	-72.53	
179.142	71.64	
179.359	73.28	
179.577	-41.81	
179.794	-45.09	
180.012	-90.55	
180.229	-127.83	
180.447	-95.47	
180.664	-40.99	
180.882	-30.75	
181.1	36.01	
181.317	26.18	
181.535	-3.31	
181.752	-17.65	
181.969	29.87	
182.187	36.83	
182.404	87.62	
182.622	81.48	
182.839	108.92	
183.057	106.87	
183.274	82.7	
183.492	85.57	
183.709	120.8	
183.926	62.63	
184.144	36.01	
184.361	76.56	
184.579	99.5	
184.796	40.93	
185.013	125.71	
185.231	124.48	
185.448	135.13	
185.666	133.08	
185.883	112.6	
186.1	66.73	
186.317	79.84	
186.535	4.47	
186.752	17.99	
186.969	97.04	
187.187	169.95	
187.404	99.91	
187.621	200.26	
187.839	177.32	
188.056	119.98	
188.273	42.56	
188.49	149.06	
188.708	98.27	
188.925	148.24	
189.142	173.63	
189.359	167.49	
189.576	96.22	
189.794	53.21	
190.011	3.65	
190.228	8.16	
190.445	24.54	
190.662	83.93	
190.879	95.81	
191.097	81.07	
191.314	107.28	
191.531	112.6	
191.748	30.69	
191.965	67.14	
192.182	70.01	
192.399	42.97	
192.616	78.61	
192.834	147.01	
193.051	117.93	
193.268	146.19	
193.485	168.31	
193.702	104.41	
193.919	71.24	
194.136	63.45	
194.353	27.41	
194.57	24.13	
194.787	40.52	
195.004	133.08	
195.221	129.4	
195.438	176.09	
195.655	132.26	
195.872	227.7	
196.089	92.94	
196.306	140.87	
196.523	110.56	
196.74	176.91	
196.957	47.89	
197.173	120.8	
197.39	84.75	
197.607	114.24	
197.824	70.83	
198.041	135.13	
198.258	122.84	
198.475	167.9	
198.692	116.7	
198.909	59.36	
199.125	-14.78	
199.342	24.95	
199.559	3.24	
199.776	42.56	
199.993	153.97	
200.21	178.55	
200.426	106.05	
200.643	105.64	
200.86	142.09	
201.077	147.01	
201.293	145.78	
201.51	151.52	
201.727	51.98	
201.944	-43.86	
202.16	-77.45	
202.377	-79.09	
202.594	-102.02	
202.811	-36.9	
203.027	-3.72	
203.244	-29.52	
203.461	0.38	
203.677	102.77	
203.894	153.56	
204.111	151.93	
204.327	152.33	
204.544	138.41	
204.761	116.29	
204.977	71.64	
205.194	38.88	
205.41	86.8	
205.627	97.45	
205.844	83.93	
206.06	67.14	
206.277	119.57	
206.493	94.17	
206.71	106.87	
206.926	85.98	
207.143	170.77	
207.36	103.59	
207.576	118.34	
207.793	123.66	
208.009	185.1	
208.226	118.34	
208.442	149.88	
208.659	115.88	
208.875	101.14	
209.092	8.16	
209.308	-3.72	
209.524	-5.77	
209.741	69.19	
209.957	134.31	
210.174	162.16	
210.39	155.61	
210.607	160.53	
210.823	51.17	
211.039	-45.09	
211.256	-0.03	
211.472	-26.66	
211.688	34.37	
211.905	113.01	
212.121	105.23	
212.338	63.86	
212.554	101.55	
212.77	50.35	
212.987	23.31	
213.203	96.63	
213.419	123.66	
213.635	109.33	
213.852	85.16	
214.068	54.85	
214.284	-17.65	
214.501	5.29	
214.717	3.65	
214.933	54.85	
215.149	16.76	
215.365	13.48	
215.582	-66.39	
215.798	-43.86	
216.014	-81.95	
216.23	-24.2	
216.447	9.8	
216.663	27.41	
216.879	-18.47	
217.095	47.07	
217.311	59.77	
217.527	65.5	
217.743	74.1	
217.96	70.83	
218.176	25.77	
218.392	18.4	
218.608	52.8	
218.824	27.82	
219.04	58.13	
219.256	80.66	
219.472	58.54	
219.688	21.67	
219.904	90.49	
220.12	158.89	
220.336	139.23	
220.552	145.78	
220.768	169.54	
220.984	183.46	
221.2	66.73	
221.416	100.73	
221.632	68.37	
221.848	40.11	
222.064	-26.25	
222.28	7.34	
222.496	-45.5	
222.712	24.95	
222.928	-10.68	
223.144	39.7	
223.36	51.98	
223.576	67.14	
223.792	37.24	
224.008	131.86	
224.224	124.07	
224.439	166.26	
224.655	147.83	
224.871	181.83	
225.087	133.08	
225.303	66.32	
225.519	51.17	
225.734	116.7	
225.95	104	
226.166	124.89	
226.382	154.79	
226.598	139.23	
226.813	112.19	
227.029	96.22	
227.245	34.37	
227.461	63.04	
227.677	109.33	
227.892	100.32	
228.108	63.86	
228.324	144.14	
228.539	78.2	
228.755	97.04	
228.971	94.99	
229.186	175.68	
229.402	144.14	
229.618	208.45	
229.833	129.4	
230.049	151.11	
230.265	36.01	
230.48	114.24	
230.696	109.74	
230.912	116.29	
231.127	110.97	
231.343	180.6	
231.558	66.32	
231.774	92.53	
231.99	190.43	
232.205	171.18	
232.421	129.81	
232.636	168.31	
232.852	114.24	
233.067	47.48	
233.283	60.59	
233.498	112.19	
233.714	113.01	
233.929	154.38	
234.145	131.86	
234.36	153.15	
234.576	178.55	
234.791	219.1	
235.007	219.92	
235.222	292.83	
235.438	253.91	
235.653	303.47	
235.868	274.39	
236.084	313.31	
236.299	317.81	
236.515	335.42	
236.73	225.24	
236.945	217.87	
237.161	149.47	
237.376	70.83	
237.592	61	
237.807	93.76	
238.022	84.34	
238.238	94.99	
238.453	47.48	
238.668	55.26	
238.883	-25.43	
239.099	-22.15	
239.314	-52.87	
239.529	36.42	
239.745	76.56	
239.96	190.84	
240.175	185.51	
240.39	291.6	
240.605	253.09	
240.821	169.13	
241.036	133.08	
241.251	217.05	
241.466	110.56	
241.681	113.01	
241.897	170.36	
242.112	194.11	
242.327	92.94	
242.542	134.72	
242.757	154.79	
242.972	123.66	
243.188	60.59	
243.403	107.28	
243.618	102.77	
243.833	70.01	
244.048	104	
244.263	133.9	
244.478	110.56	
244.693	70.01	
244.908	111.38	
245.123	80.66	
245.338	132.67	
245.553	130.63	
245.768	129.4	
245.983	104	
246.198	51.98	
246.413	20.45	
246.628	14.3	
246.843	27	
247.058	50.35	
247.273	104.41	
247.488	89.26	
247.703	144.55	
247.918	147.83	
248.133	185.1	
248.348	133.49	
248.563	208.86	
248.778	150.7	
248.993	166.26	
249.207	179.37	
249.422	210.5	
249.637	90.9	
249.852	79.43	
250.067	42.56	
250.282	-34.85	
250.496	-45.91	
250.711	40.11	
250.926	38.06	
251.141	108.92	
251.356	100.73	
251.57	164.62	
251.785	119.16	
252	100.32	
252.215	63.04	
252.43	104.82	
252.644	93.76	
252.859	113.83	
253.074	140.05	
253.288	138.41	
253.503	110.15	
253.718	150.29	
253.932	217.46	
254.147	251.87	
254.362	265.38	
254.576	285.86	
254.791	217.46	
255.006	154.79	
255.22	164.62	
255.435	149.88	
255.65	168.31	
255.864	209.68	
256.079	153.56	
256.293	134.72	
256.508	124.07	
256.723	200.67	
256.937	111.78	
257.152	139.64	
257.366	130.22	
257.581	138.82	
257.795	35.19	
258.01	147.42	
258.224	162.16	
258.439	166.67	
258.653	146.19	
258.868	160.94	
259.082	97.45	
259.297	75.33	
259.511	52.39	
259.726	31.09	
259.94	-7.41	
260.154	-26.66	
260.369	-8.64	
260.583	10.62	
260.798	-6.59	
261.012	32.32	
261.226	78.61	
261.441	107.69	
261.655	86.8	
261.869	165.03	
262.084	159.71	
262.298	137.18	
262.512	63.45	
262.727	50.35	
262.941	70.01	
263.155	52.8	
263.37	39.7	
263.584	97.04	
263.798	125.71	
264.012	144.14	
264.227	154.38	
264.441	222.78	
264.655	177.32	
264.869	241.22	
265.084	168.72	
265.298	188.79	
265.512	105.64	
265.726	171.59	
265.94	109.74	
266.155	133.49	
266.369	104.41	
266.583	170.77	
266.797	153.97	
267.011	208.04	
267.225	269.89	
267.439	280.95	
267.654	228.93	
267.868	192.07	
268.082	78.2	
268.296	-49.19	
268.51	-89.33	
268.724	-66.8	
268.938	-106.53	
269.152	-51.23	
269.366	-18.88	
269.58	3.24	
269.794	-22.56	
270.008	74.92	
270.222	87.21	
270.436	84.75	
270.65	70.83	
270.864	113.01	
271.078	67.55	
271.292	75.33	
271.506	137.18	
271.72	177.73	
271.934	199.44	
272.148	183.87	
272.362	176.09	
272.575	192.47	
272.789	174.86	
273.003	140.46	
273.217	187.97	
273.431	149.47	
273.645	122.02	
273.859	166.26	
274.073	225.24	
274.286	211.32	
274.5	220.74	
274.714	177.32	
274.928	169.95	
275.142	124.07	
275.355	96.63	
275.569	159.3	
275.783	200.67	
275.997	161.35	
276.21	181.83	
276.424	255.96	
276.638	190.43	
276.852	212.95	
277.065	187.15	
277.279	177.32	
277.493	130.22	
277.706	214.18	
277.92	211.32	
278.134	190.43	
278.347	129.4	
278.561	89.67	
278.775	59.36	
278.988	31.09	
279.202	97.86	
279.415	178.96	
279.629	190.02	
279.843	192.88	
280.056	294.46	
280.27	321.5	
280.483	228.52	
280.697	231.8	
280.91	237.53	
281.124	233.02	
281.337	206.4	
281.551	312.49	
281.764	289.96	
281.978	256.37	
282.191	161.76	
282.405	185.51	
282.618	93.35	
282.832	118.34	
283.045	102.77	
283.259	129.4	
283.472	90.08	
283.686	121.21	
283.899	70.42	
284.112	74.51	
284.326	76.15	
284.539	122.02	
284.752	131.86	
284.966	195.75	
285.179	237.12	
285.393	230.98	
285.606	148.24	
285.819	188.38	
286.033	144.55	
286.246	201.49	
286.459	164.62	
286.672	204.76	
286.886	112.6	
287.099	207.63	
287.312	70.83	
287.525	70.42	
287.739	67.14	
287.952	129.81	
288.165	105.64	
288.378	159.71	
288.592	185.51	
288.805	177.73	
289.018	202.31	
289.231	161.35	
289.444	180.19	
289.657	126.94	
289.871	105.23	
290.084	33.14	
290.297	101.95	
290.51	68.78	
290.723	78.61	
290.936	160.53	
291.149	174.04	
291.362	183.46	
291.575	161.76	
291.789	182.64	
292.002	135.95	
292.215	168.31	
292.428	37.24	
292.641	78.2	
292.854	75.74	
293.067	35.19	
293.28	20.04	
293.493	49.53	
293.706	-20.1	
293.919	47.07	
294.132	32.32	
294.345	29.05	
294.558	38.88	
294.77	78.61	
294.983	40.52	
295.196	122.43	
295.409	155.2	
295.622	217.46	
295.835	250.23	
296.048	263.33	
296.261	241.63	
296.474	240.4	
296.686	191.25	
296.899	204.35	
297.112	187.97	
297.325	163.8	
297.538	171.59	
297.751	214.59	
297.963	212.95	
298.176	212.55	
298.389	200.26	
298.602	201.9	
298.814	312.08	
299.027	292.01	
299.24	267.02	
299.453	348.94	
299.665	290.37	
299.878	119.98	
300.091	110.56	
300.303	138	
300.516	70.83	
300.729	72.05	
300.941	109.74	
301.154	38.47	
301.367	0.79	
301.579	38.06	
301.792	87.62	
302.005	53.62	
302.217	92.12	
302.43	139.23	
302.642	75.74	
302.855	23.31	
303.067	30.28	
303.28	68.78	
303.493	-8.23	
303.705	105.64	
303.918	121.62	
304.13	190.02	
304.343	166.67	
304.555	232.62	
304.768	173.63	
304.98	221.15	
305.193	128.99	
305.405	169.54	
305.617	111.38	
305.83	138	
306.042	67.96	
306.255	83.11	
306.467	31.09	
306.68	44.61	
306.892	8.57	
307.104	44.2	
307.317	47.48	
307.529	124.07	
307.741	169.54	
307.954	186.74	
308.166	165.03	
308.378	210.91	
308.591	189.2	
308.803	206.81	
309.015	258.42	
309.228	314.12	
309.44	257.19	
309.652	231.8	
309.864	179.78	
310.077	65.09	
310.289	-14.78	
310.501	27	
310.713	1.6	
310.926	22.9	
311.138	18.4	
311.35	101.14	
311.562	31.91	
311.774	105.64	
311.986	92.12	
312.199	176.09	
312.411	73.69	
312.623	125.3	
312.835	52.39	
313.047	36.42	
313.259	14.71	
313.471	66.73	
313.683	79.43	
313.895	82.29	
314.108	85.16	
314.32	63.45	
314.532	22.08	
314.744	24.54	
314.956	115.06	
315.168	142.09	
315.38	113.42	
315.592	196.57	
315.804	191.66	
316.016	224.42	
316.228	233.43	
316.44	289.96	
316.651	270.3	
316.863	255.96	
317.075	136.36	
317.287	61.4	
317.499	38.88	
317.711	34.78	
317.923	87.21	
318.135	69.6	
318.347	131.86	
318.559	187.15	
318.77	227.7	
318.982	171.59	
319.194	191.66	
319.406	177.73	
319.618	107.69	
319.83	24.13	
320.041	18.4	
320.253	37.24	
320.465	20.04	
320.677	-14.78	
320.888	-1.26	
321.1	15.12	
321.312	65.91	
321.524	72.87	
321.735	108.92	
321.947	81.07	
322.159	51.98	
322.37	-30.34	
322.582	-14.37	
322.794	40.52	
323.005	108.51	
323.217	126.53	
323.429	101.95	
323.64	135.95	
323.852	52.39	
324.063	2.42	
324.275	41.74	
324.487	117.93	
324.698	59.36	
324.91	142.5	
325.121	125.3	
325.333	49.53	
325.544	44.61	
325.756	108.1	
325.967	39.7	
326.179	119.16	
326.39	145.78	
326.602	172.81	
326.813	83.52	
327.025	133.49	
327.236	53.62	
327.448	45.43	
327.659	-42.63	
327.871	15.53	
328.082	-1.26	
328.293	51.98	
328.505	106.87	
328.716	128.17	
328.928	97.04	
329.139	132.67	
329.35	102.36	
329.562	99.09	
329.773	139.64	
329.984	156.43	
330.196	105.23	
330.407	163.39	
330.618	137.18	
330.83	86.39	
331.041	81.07	
331.252	79.84	
331.463	39.7	
331.675	64.68	
331.886	132.67	
332.097	155.2	
332.308	149.88	
332.52	151.93	
332.731	123.25	
332.942	115.47	
333.153	131.45	
333.364	149.06	
333.575	142.09	
333.787	186.74	
333.998	89.67	
334.209	117.52	
334.42	75.74	
334.631	94.58	
334.842	75.74	
335.053	156.84	
335.264	98.27	
335.475	140.46	
335.686	117.52	
335.898	135.13	
336.109	66.73	
336.32	62.22	
336.531	39.7	
336.742	63.86	
336.953	-4.54	
337.164	30.28	
337.375	15.53	
337.586	34.78	
337.797	-39.76	
338.007	14.3	
338.218	-11.09	
338.429	24.95	
338.64	11.84	
338.851	78.2	
339.062	36.01	
339.273	136.36	
339.484	88.85	
339.695	49.53	
339.906	52.39	
340.116	123.25	
340.327	78.61	
340.538	105.23	
340.749	132.26	
340.96	119.16	
341.171	54.85	
341.381	52.8	
341.592	49.94	
341.803	41.33	
342.014	45.02	
342.224	92.94	
342.435	66.32	
342.646	36.42	
342.857	40.93	
343.067	10.62	
343.278	12.25	
343.489	22.9	
343.699	38.47	
343.91	41.33	
344.121	48.3	
344.331	-15.19	
344.542	-53.69	
344.753	13.89	
344.963	42.15	
345.174	89.26	
345.384	142.5	
345.595	226.88	
345.806	185.1	
346.016	141.28	
346.227	117.93	
346.437	119.16	
346.648	63.04	
346.858	70.01	
347.069	54.44	
347.279	79.84	
347.49	24.13	
347.7	45.02	
347.911	-0.44	
348.121	30.28	
348.332	20.45	
348.542	17.99	
348.753	4.47	
348.963	63.45	
349.173	82.29	
349.384	108.1	
349.594	179.78	
349.805	225.24	
350.015	177.32	
350.225	190.84	
350.436	178.14	
350.646	195.75	
350.856	163.39	
351.067	181.42	
351.277	113.83	
351.487	73.69	
351.698	20.45	
351.908	37.24	
352.118	33.96	
352.328	60.18	
352.539	129.81	
352.749	98.27	
352.959	76.56	
353.169	85.16	
353.38	90.08	
353.59	72.46	
353.8	98.27	
354.01	99.91	
354.22	83.93	
354.431	194.11	
354.641	138.82	
354.851	147.01	
355.061	147.83	
355.271	203.12	
355.481	108.92	
355.691	116.29	
355.901	97.04	
356.111	104	
356.321	81.07	
356.532	73.69	
356.742	51.57	
356.952	76.15	
357.162	61.4	
357.372	37.24	
357.582	11.84	
357.792	-13.55	
358.002	-51.64	
358.212	15.53	
358.422	31.5	
358.632	33.96	
358.842	66.32	
359.051	115.88	
359.261	42.15	
359.471	40.52	
359.681	85.57	
359.891	67.96	
360.101	10.21	
360.311	0.38	
360.521	-37.72	
360.731	-34.03	
360.94	-11.09	
361.15	31.91	
361.36	58.54	
361.57	71.24	
361.78	51.57	
361.989	66.73	
362.199	63.04	
362.409	95.81	
362.619	111.78	
362.828	244.49	
363.038	239.58	
363.248	247.77	
363.458	238.76	
363.667	270.71	
363.877	148.24	
364.087	139.64	
364.296	90.49	
364.506	108.92	
364.716	88.85	
364.925	61.81	
365.135	40.11	
365.345	41.33	
365.554	8.57	
365.764	73.69	
365.973	74.51	
366.183	132.67	
366.393	185.1	
366.602	186.74	
366.812	54.03	
367.021	126.94	
367.231	43.79	
367.44	26.18	
367.65	28.64	
367.859	86.8	
368.069	27.82	
368.278	90.9	
368.488	80.25	
368.697	9.8	
368.907	-53.69	
369.116	61.4	
369.326	40.93	
369.535	38.06	
369.744	90.49	
369.954	146.6	
370.163	27.82	
370.373	33.55	
370.582	34.37	
370.791	35.19	
371.001	-17.24	
371.21	-21.33	
371.419	-68.44	
371.629	-86.05	
371.838	-90.14	
372.047	19.22	
372.256	11.02	
372.466	78.2	
372.675	41.33	
372.884	36.42	
373.093	-40.17	
373.303	54.03	
373.512	17.99	
373.721	63.45	
373.93	51.17	
374.139	143.32	
374.349	44.61	
374.558	112.19	
374.767	94.58	
374.976	100.73	
375.185	76.56	
375.394	95.4	
375.603	41.74	
375.813	58.95	
376.022	69.19	
376.231	3.65	
376.44	-4.13	
376.649	42.56	
376.858	84.34	
377.067	74.51	
377.276	114.65	
377.485	184.28	
377.694	167.49	
377.903	156.43	
378.112	159.3	
378.321	178.96	
378.53	160.12	
378.739	178.55	
378.948	158.48	
379.157	167.49	
379.366	200.67	
379.575	219.1	
379.784	176.09	
379.992	190.43	
380.201	285.45	
380.41	255.14	
380.619	206.4	
380.828	259.65	
381.037	257.19	
381.246	140.46	
381.454	97.86	
381.663	214.59	
381.872	194.52	
382.081	281.77	
382.29	380.07	
382.498	468.13	
382.707	463.63	
382.916	522.2	
383.125	472.64	
383.333	466.49	
383.542	474.28	
383.751	451.75	
383.959	502.95	
384.168	550.87	
384.377	625.42	
384.585	613.54	
384.794	605.76	
385.003	589.37	
385.211	627.05	
385.42	594.29	
385.628	652.45	
385.837	725.36	
386.046	822.02	
386.254	886.74	
386.463	908.44	
386.671	998.97	
386.88	1007.16	
387.088	992.41	
387.297	1044.43	
387.505	1137.41	
387.714	1118.98	
387.922	1157.07	
388.131	1204.17	
388.339	1239.4	
388.548	1231.61	
388.756	1274.62	
388.965	1351.63	
389.173	1364.73	
389.381	1427.4	
389.59	1517.92	
389.798	1617.86	
390.007	1694.86	
390.215	1789.48	
390.423	1920.96	
390.632	1995.1	
390.84	2134.36	
391.048	2156.48	
391.257	2229.79	
391.465	2194.16	
391.673	2294.51	
391.882	2302.7	
392.09	2369.06	
392.298	2453.84	
392.506	2507.91	
392.715	2583.68	
392.923	2740.97	
393.131	2928.97	
393.339	3037.1	
393.547	3166.13	
393.756	3269.34	
393.964	3290.64	
394.172	3367.65	
394.38	3464.72	
394.588	3669.93	
394.796	3751.84	
395.005	3866.12	
395.213	3967.29	
395.421	4099.59	
395.629	4109.42	
395.837	4235.57	
396.045	4398.59	
396.253	4537.04	
396.461	4693.91	
396.669	4890.52	
396.877	5093.67	
397.085	5278.81	
397.293	5478.69	
397.501	5636.39	
397.709	5820.7	
397.917	5996.01	
398.125	6215.55	
398.333	6384.71	
398.541	6566.57	
398.749	6790.21	
398.957	6995.42	
399.165	7107.65	
399.373	7367.74	
399.581	7561.07	
399.788	7818.29	
399.996	7966.56	
400.204	8268.43	
400.412	8436.37	
400.62	8688.68	
400.828	8919.28	
401.035	9263.75	
401.243	9491.89	
401.451	9794.99	
401.659	10053.44	
401.867	10341.8	
402.074	10664.56	
402.282	10941.03	
402.49	11164.26	
402.697	11554.61	
402.905	11771.69	
403.113	11986.73	
403.321	12206.68	
403.528	12441.79	
403.736	12574.49	
403.944	12764.55	
404.151	12982.04	
404.359	13150.38	
404.566	13317.5	
404.774	13550.15	
404.982	13680.4	
405.189	13776.65	
405.397	13872.91	
405.604	13994.97	
405.812	14022	
406.02	14073.2	
406.227	14134.64	
406.435	14224.75	
406.642	14283.32	
406.85	14244.41	
407.057	14253.83	
407.265	14214.92	
407.472	14162.08	
407.679	13991.69	
407.887	13882.74	
408.094	13755.76	
408.302	13495.26	
408.509	13254.42	
408.717	13179.05	
408.924	13006.21	
409.131	12751.44	
409.339	12646.17	
409.546	12499.54	
409.753	12172.68	
409.961	11976.08	
410.168	11733.6	
410.375	11415.34	
410.583	11076.61	
410.79	10816.11	
410.997	10422.9	
411.205	10120.62	
411.412	9824.48	
411.619	9582.41	
411.826	9293.24	
412.034	9130.22	
412.241	8888.97	
412.448	8646.9	
412.655	8335.61	
412.862	8106.65	
413.07	7760.13	
413.277	7439.01	
413.484	7179.33	
413.691	6960.6	
413.898	6713.62	
414.105	6520.7	
414.312	6385.53	
414.519	6177.46	
414.727	6022.22	
414.934	5873.95	
415.141	5729.77	
415.348	5638.43	
415.555	5519.24	
415.762	5348.44	
415.969	5168.22	
416.176	5055.58	
416.383	4905.67	
416.59	4784.84	
416.797	4690.63	
417.004	4637.8	
417.211	4508.77	
417.418	4408.83	
417.625	4334.7	
417.831	4246.22	
418.038	4161.85	
418.245	4116.38	
418.452	4027.5	
418.659	3947.63	
418.866	3882.91	
419.073	3786.25	
419.28	3666.65	
419.486	3640.84	
419.693	3542.13	
419.9	3476.6	
420.107	3454.89	
420.314	3422.53	
420.52	3323	
420.727	3334.06	
420.934	3250.5	
421.141	3125.58	
421.347	3033.83	
421.554	2952.73	
421.761	2785.61	
421.967	2735.23	
422.174	2690.18	
422.381	2601.71	
422.588	2473.5	
422.794	2380.52	
423.001	2371.51	
423.207	2271.57	
423.414	2231.84	
423.621	2197.03	
423.827	2224.47	
424.034	2133.13	
424.24	2106.92	
424.447	2011.89	
424.654	1901.71	
424.86	1793.17	
425.067	1664.15	
425.273	1584.27	
425.48	1631.79	
425.686	1659.23	
425.893	1628.1	
426.099	1596.56	
426.306	1593.29	
426.512	1513.41	
426.718	1519.56	
426.925	1440.1	
427.131	1372.1	
427.338	1297.97	
427.544	1243.9	
427.75	1122.25	
427.957	1091.12	
428.163	1078.02	
428.37	1055.08	
428.576	1031.73	
428.782	1013.71	
428.988	1042.38	
429.195	1039.92	
429.401	1004.7	
429.607	973.98	
429.814	1032.14	
430.02	991.59	
430.226	948.18	
430.432	944.49	
430.639	940.8	
430.845	896.98	
431.051	892.47	
431.257	915	
431.463	890.01	
431.67	830.62	
431.876	765.09	
432.082	717.98	
432.288	710.2	
432.494	686.04	
432.7	729.45	
432.906	709.38	
433.112	698.32	
433.318	714.3	
433.525	717.98	
433.731	652.45	
433.937	709.79	
434.143	706.11	
434.349	691.36	
434.555	685.63	
434.761	687.26	
434.967	609.03	
435.173	611.08	
435.379	572.99	
435.585	632.38	
435.791	648.76	
435.996	713.07	
436.202	767.95	
436.408	745.43	
436.614	679.89	
436.82	688.49	
437.026	616.4	
437.232	570.94	
437.438	523.84	
437.644	447.65	
437.849	417.34	
438.055	398.09	
438.261	359.18	
438.467	350.99	
438.673	387.85	
438.878	329.28	
439.084	349.35	
439.29	394	
439.496	416.52	
439.701	431.27	
439.907	409.15	
440.113	397.68	
440.318	355.08	
440.524	334.19	
440.73	332.56	
440.935	364.5	
441.141	310.44	
441.347	358.36	
441.552	332.56	
441.758	339.11	
441.964	289.14	
442.169	348.94	
442.375	298.97	
442.58	348.12	
442.786	350.99	
442.991	372.29	
443.197	291.6	
443.402	302.66	
443.608	311.67	
443.813	351.4	
444.019	384.57	
444.224	392.77	
444.43	306.75	
444.635	293.64	
444.841	175.68	
445.046	229.75	
445.252	226.88	
445.457	252.28	
445.662	211.73	
445.868	221.56	
446.073	139.64	
446.278	138.82	
446.484	132.26	
446.689	104	
446.894	116.29	
447.1	109.74	
447.305	185.51	
447.51	209.68	
447.716	197.8	
447.921	189.2	
448.126	233.84	
448.331	131.86	
448.537	143.73	
448.742	198.21	
448.947	138.41	
449.152	69.19	
449.357	156.02	
449.563	157.25	
449.768	118.75	
449.973	162.98	
450.178	205.58	
450.383	94.58	
450.588	59.77	
450.793	98.27	
450.999	170.36	
451.204	115.06	
451.409	175.68	
451.614	144.55	
451.819	136.36	
452.024	75.74	
452.229	97.45	
452.434	151.11	
452.639	136.36	
452.844	147.83	
453.049	76.15	
453.254	57.31	
453.459	1.19	
453.664	43.79	
453.869	28.23	
454.074	104	
454.279	143.73	
454.483	94.58	
454.688	76.56	
454.893	115.47	
455.098	91.31	
455.303	49.12	
455.508	93.35	
455.713	95.4	
455.917	16.35	
456.122	48.3	
456.327	23.31	
456.532	68.37	
456.737	10.21	
456.941	28.23	
457.146	8.57	
457.351	26.59	
457.555	-24.61	
457.76	83.93	
457.965	81.88	
458.17	86.8	
458.374	130.22	
458.579	158.07	
458.784	76.15	
458.988	64.27	
459.193	55.26	
459.397	36.83	
459.602	-6.18	
459.807	76.15	
460.011	76.97	
460.216	63.04	
460.42	2.01	
460.625	-20.92	
460.829	-49.59	
461.034	-66.8	
461.239	-83.59	
461.443	-46.73	
461.648	-9.05	
461.852	-24.2	
462.056	69.6	
462.261	68.37	
462.465	178.96	
462.67	161.76	
462.874	142.91	
463.079	47.07	
463.283	67.55	
463.487	-20.51	
463.692	12.66	
463.896	-23.38	
464.1	-11.09	
464.305	-46.73	
464.509	-76.22	
464.713	-72.12	
464.918	29.46	
465.122	85.57	
465.326	80.66	
465.531	84.34	
465.735	58.54	
465.939	23.31	
466.143	-29.12	
466.348	-13.96	
466.552	-25.02	
466.756	-22.56	
466.96	6.11	
467.164	-0.44	
467.368	25.36	
467.573	71.64	
467.777	55.26	
467.981	8.57	
468.185	5.7	
468.389	11.02	
468.593	-70.07	
468.797	-101.61	
469.001	-92.19	
469.205	-63.52	
469.409	-45.91	
469.613	16.35	
469.817	58.13	
470.021	63.45	
470.225	58.54	
470.429	8.16	
470.633	-0.03	
470.837	10.62	
471.041	4.06	
471.245	-31.98	
471.449	32.73	
471.653	46.66	
471.857	78.61	
472.061	27.41	
472.265	45.43	
472.469	27.41	
472.673	4.06	
472.876	-29.93	
473.08	-15.6	
473.284	30.69	
473.488	5.29	
473.692	44.61	
473.895	74.1	
474.099	130.22	
474.303	85.57	
474.507	107.28	
474.71	103.59	
474.914	38.06	
475.118	14.3	
475.322	55.67	
475.525	-30.75	
475.729	-25.43	
475.933	11.43	
476.136	103.59	
476.34	118.34	
476.543	206.81	
476.747	202.31	
476.951	232.21	
477.154	106.05	
477.358	130.22	
477.561	81.88	
477.765	78.2	
477.969	40.93	
478.172	71.24	
478.376	42.15	
478.579	86.8	
478.783	57.72	
478.986	59.36	
479.19	59.36	
479.393	65.09	
479.596	58.13	
479.8	92.12	
480.003	98.27	
480.207	102.77	
480.41	43.79	
480.614	59.77	
480.817	7.34	
481.02	79.84	
481.224	120.8	
481.427	175.68	
481.63	188.79	
481.834	256.37	
482.037	156.02	
482.24	108.92	
482.443	75.74	
482.647	3.24	
482.85	-36.9	
483.053	27.41	
483.256	-28.3	
483.46	9.39	
483.663	26.59	
483.866	59.77	
484.069	3.65	
484.272	9.8	
484.476	-30.34	
484.679	10.21	
484.882	34.78	
485.085	15.12	
485.288	58.95	
485.491	99.09	
485.694	56.08	
485.897	28.64	
486.101	62.22	
486.304	92.94	
486.507	29.46	
486.71	33.14	
486.913	-5.77	
487.116	-43.86	
487.319	-89.74	
487.522	-58.61	
487.725	23.31	
487.928	28.64	
488.13	49.94	
488.333	78.2	
488.536	65.09	
488.739	-3.31	
488.942	35.19	
489.145	51.57	
489.348	38.88	
489.551	63.86	
489.754	79.02	
489.956	39.7	
490.159	17.99	
490.362	-4.95	
490.565	-46.73	
490.768	-67.21	
490.97	6.93	
491.173	49.12	
491.376	59.77	
491.579	57.72	
491.781	101.14	
491.984	35.6	
492.187	29.87	
492.39	13.89	
492.592	32.32	
492.795	21.26	
492.998	-3.72	
493.2	-61.06	
493.403	-20.51	
493.605	29.05	
493.808	-1.67	
494.011	-8.64	
494.213	-0.03	
494.416	18.4	
494.618	-53.28	
494.821	-61.88	
495.023	23.31	
495.226	74.92	
495.428	55.26	
495.631	101.55	
495.833	142.91	
496.036	104	
496.238	77.38	
496.441	92.12	
496.643	58.54	
496.846	9.39	
497.048	-6.59	
497.25	45.02	
497.453	46.25	
497.655	141.28	
497.858	218.28	
498.06	242.45	
498.262	156.84	
498.465	149.06	
498.667	101.14	
498.869	81.48	
499.071	61.81	
499.274	130.63	
499.476	111.38	
499.678	64.27	
499.881	22.9	
500.083	29.05	
500.285	-37.31	
500.487	-3.31	
500.689	-5.77	
500.892	-27.07	
501.094	-67.62	
501.296	13.89	
501.498	-29.52	
501.7	-38.13	
501.902	1.6	
502.104	43.38	
502.306	-4.95	
502.509	9.39	
502.711	6.93	
502.913	4.06	
503.115	-35.26	
503.317	-14.78	
503.519	-36.08	
503.721	18.4	
503.923	105.64	
504.125	127.76	
504.327	148.24	
504.529	187.56	
504.731	162.57	
504.933	114.65	
505.134	106.05	
505.336	73.69	
505.538	67.55	
505.74	42.97	
505.942	-25.02	
506.144	-22.15	
506.346	-41.81	
506.548	3.65	
506.749	31.5	
506.951	77.38	
507.153	61	
507.355	49.53	
507.557	0.79	
507.758	12.66	
507.96	-60.65	
508.162	-30.75	
508.363	11.84	
508.565	12.66	
508.767	-41.4	
508.969	20.45	
509.17	25.77	
509.372	11.43	
509.574	-18.47	
509.775	26.18	
509.977	-1.26	
510.178	35.19	
510.38	44.61	
510.582	76.97	
510.783	28.23	
510.985	36.01	
511.186	-38.54	
511.388	-12.73	
511.589	14.3	
511.791	17.99	
511.992	20.04	
512.194	65.91	
512.395	-22.15	
512.597	-27.48	
512.798	-7.82	
513	21.67	
513.201	0.79	
513.403	107.69	
513.604	66.73	
513.805	63.86	
514.007	38.06	
514.208	3.24	
514.409	-38.54	
514.611	-16.01	
514.812	36.83	
515.013	93.76	
515.215	149.06	
515.416	87.21	
515.617	30.69	
515.819	-59.83	
516.02	-131.51	
516.221	-119.23	
516.422	-98.34	
516.623	-61.88	
516.825	-33.21	
517.026	-4.13	
517.227	-79.9	
517.428	-104.48	
517.629	-79.9	
517.83	-32.8	
518.032	-37.31	
518.233	31.5	
518.434	85.98	
518.635	93.35	
518.836	72.87	
519.037	40.52	
519.238	42.97	
519.439	31.09	
519.64	-6.18	
519.841	2.01	
520.042	4.88	
520.243	-19.29	
520.444	-34.85	
520.645	-27.48	
520.846	-61.88	
521.047	-26.25	
521.248	-45.09	
521.449	-9.45	
521.65	-21.74	
521.851	68.37	
522.052	7.34	
522.252	65.5	
522.453	73.69	
522.654	63.04	
522.855	7.75	
523.056	27.41	
523.257	9.8	
523.457	5.7	
523.658	31.09	
523.859	-8.64	
524.06	-29.12	
524.26	-85.23	
524.461	-98.34	
524.662	-104.89	
524.862	-111.44	
525.063	-47.96	
525.264	-2.49	
525.464	-14.78	
525.665	18.4	
525.866	131.86	
526.066	74.1	
526.267	53.21	
526.468	64.68	
526.668	45.84	
526.869	-7.41	
527.069	14.3	
527.27	63.86	
527.47	93.76	
527.671	83.93	
527.871	58.54	
528.072	88.44	
528.272	67.14	
528.473	62.22	
528.673	145.78	
528.874	143.73	
529.074	130.63	
529.275	130.63	
529.475	124.89	
529.675	22.49	
529.876	42.15	
530.076	2.42	
530.277	-47.96	
530.477	-37.72	
530.677	-46.32	
530.878	-97.52	
531.078	7.75	
531.278	17.99	
531.478	-26.25	
531.679	-23.38	
531.879	14.71	
532.079	-37.72	
532.28	8.16	
532.48	15.12	
532.68	29.05	
532.88	27.41	
533.08	35.6	
533.28	18.4	
533.481	28.23	
533.681	24.95	
533.881	35.6	
534.081	1.6	
534.281	15.12	
534.481	39.29	
534.681	83.52	
534.881	111.78	
535.081	96.22	
535.281	67.55	
535.481	90.9	
535.682	65.91	
535.882	22.08	
536.082	28.23	
536.281	38.47	
536.481	44.2	
536.681	70.83	
536.881	63.45	
537.081	56.08	
537.281	40.93	
537.481	-35.26	
537.681	-93.01	
537.881	-125.78	
538.081	-52.05	
538.281	-50.82	
538.48	-52.87	
538.68	-11.5	
538.88	95.81	
539.08	91.31	
539.28	92.94	
539.479	162.16	
539.679	140.87	
539.879	64.27	
540.079	48.71	
540.278	66.32	
540.478	-15.19	
540.678	-24.61	
540.877	13.07	
541.077	-50.82	
541.277	-40.58	
541.476	69.6	
541.676	97.04	
541.876	115.06	
542.075	167.9	
542.275	126.53	
542.474	45.43	
542.674	45.84	
542.874	-11.5	
543.073	-52.46	
543.273	-7	
543.472	27	
543.672	11.43	
543.871	17.17	
544.071	29.46	
544.27	75.33	
544.47	56.08	
544.669	74.1	
544.868	84.75	
545.068	93.76	
545.267	30.28	
545.467	120.39	
545.666	65.09	
545.865	79.43	
546.065	56.49	
546.264	45.43	
546.463	-62.29	
546.663	-2.08	
546.862	-15.19	
547.061	22.49	
547.261	24.95	
547.46	70.83	
547.659	54.03	
547.858	104	
548.058	109.33	
548.257	159.3	
548.456	127.35	
548.655	117.93	
548.854	98.68	
549.053	140.87	
549.253	85.57	
549.452	83.11	
549.651	119.98	
549.85	175.27	
550.049	117.11	
550.248	124.48	
550.447	134.72	
550.646	137.18	
550.845	94.99	
551.044	88.03	
551.243	58.13	
551.442	72.05	
551.641	54.03	
551.84	77.79	
552.039	113.01	
552.238	165.85	
552.437	136.77	
552.636	132.67	
552.835	72.05	
553.034	91.31	
553.233	90.49	
553.432	98.27	
553.63	89.67	
553.829	109.74	
554.028	25.36	
554.227	25.77	
554.426	38.47	
554.625	70.42	
554.823	40.52	
555.022	132.67	
555.221	159.3	
555.42	147.83	
555.618	148.24	
555.817	149.88	
556.016	102.36	
556.214	103.18	
556.413	108.1	
556.612	88.85	
556.81	92.53	
557.009	86.39	
557.208	41.33	
557.406	83.11	
557.605	74.92	
557.803	57.72	
558.002	57.72	
558.201	24.54	
558.399	-34.44	
558.598	-84.82	
558.796	-52.46	
558.995	-61.88	
559.193	-32.39	
559.392	-40.58	
559.59	38.06	
559.789	49.53	
559.987	121.62	
560.185	178.14	
560.384	177.32	
560.582	195.75	
560.781	233.43	
560.979	215.82	
561.177	129.81	
561.376	143.32	
561.574	141.28	
561.772	4.06	
561.971	51.17	
562.169	81.48	
562.367	60.18	
562.566	31.09	
562.764	72.87	
562.962	-23.38	
563.16	-48.78	
563.358	-20.92	
563.557	-13.14	
563.755	35.6	
563.953	49.53	
564.151	79.02	
564.349	114.65	
564.547	139.64	
564.746	101.95	
564.944	78.2	
565.142	63.86	
565.34	27	
565.538	-26.66	
565.736	-7	
565.934	-36.49	
566.132	-32.39	
566.33	-26.66	
566.528	21.67	
566.726	-11.09	
566.924	57.31	
567.122	38.47	
567.32	2.01	
567.518	-28.3	
567.716	-31.16	
567.914	-37.31	
568.112	-29.12	
568.31	40.52	
568.507	47.48	
568.705	26.59	
568.903	7.75	
569.101	61	
569.299	79.02	
569.497	92.94	
569.694	141.28	
569.892	137.18	
570.09	128.99	
570.288	50.76	
570.486	32.73	
570.683	68.37	
570.881	41.74	
571.079	-9.05	
571.276	-9.86	
571.474	-15.6	
571.672	-89.33	
571.869	-54.92	
572.067	-27.48	
572.265	14.3	
572.462	52.8	
572.66	98.68	
572.857	123.25	
573.055	166.67	
573.253	144.14	
573.45	94.58	
573.648	119.98	
573.845	89.26	
574.043	59.77	
574.24	54.85	
574.438	24.13	
574.635	-7.82	
574.832	-42.22	
575.03	-36.08	
575.227	68.37	
575.425	80.25	
575.622	65.09	
575.82	71.64	
576.017	77.38	
576.214	3.24	
576.412	56.08	
576.609	33.55	
576.806	32.32	
577.004	-0.44	
577.201	-3.31	
577.398	29.05	
577.595	130.63	
577.793	182.24	
577.99	193.7	
578.187	161.76	
578.384	115.47	
578.582	38.88	
578.779	53.62	
578.976	48.3	
579.173	133.49	
579.37	124.89	
579.567	172	
579.764	119.57	
579.962	141.69	
580.159	104.41	
580.356	136.36	
580.553	119.16	
580.75	158.89	
580.947	141.69	
581.144	171.18	
581.341	114.24	
581.538	156.84	
581.735	126.94	
581.932	165.44	
582.129	65.5	
582.326	103.18	
582.523	41.74	
582.72	33.55	
582.916	-9.05	
583.113	19.22	
583.31	-6.18	
583.507	19.22	
583.704	81.88	
583.901	145.37	
584.098	141.69	
584.294	174.86	
584.491	147.83	
584.688	105.23	
584.885	8.57	
585.082	126.12	
585.278	144.96	
585.475	181.01	
585.672	172.81	
585.868	227.7	
586.065	125.3	
586.262	54.85	
586.458	53.21	
586.655	98.68	
586.852	68.78	
587.048	53.21	
587.245	47.48	
587.442	97.86	
587.638	92.12	
587.835	156.84	
588.031	191.25	
588.228	226.47	
588.424	175.27	
588.621	173.22	
588.817	99.91	
589.014	158.48	
589.21	144.96	
589.407	108.1	
589.603	56.9	
589.8	107.28	
589.996	73.69	
590.192	77.38	
590.389	104.41	
590.585	128.99	
590.782	68.37	
590.978	124.07	
591.174	119.57	
591.371	123.25	
591.567	143.32	
591.763	144.55	
591.959	75.33	
592.156	90.9	
592.352	63.45	
592.548	67.96	
592.744	104.41	
592.941	58.95	
593.137	26.18	
593.333	18.4	
593.529	67.14	
593.725	60.18	
593.922	69.19	
594.118	141.28	
594.314	121.62	
594.51	90.9	
594.706	68.37	
594.902	125.71	
595.098	68.37	
595.294	104.41	
595.49	8.57	
595.686	63.04	
595.882	-11.5	
596.078	44.2	
596.274	53.62	
596.47	145.37	
596.666	124.07	
596.862	124.07	
597.058	119.16	
597.254	147.42	
597.45	96.22	
597.646	142.5	
597.842	188.38	
598.037	234.66	
598.233	217.46	
598.429	245.31	
598.625	161.76	
598.821	128.58	
599.017	27.82	
599.212	60.18	
599.408	102.36	
599.604	99.5	
599.8	121.62	
599.995	100.73	
600.191	46.25	
600.387	-46.73	
600.582	-11.5	
600.778	11.84	
600.974	67.96	
601.169	47.89	
601.365	111.78	
601.561	62.63	
601.756	2.42	
601.952	-6.59	
602.147	-13.96	
602.343	-32.39	
602.538	42.97	
602.734	63.04	
602.93	67.96	
603.125	101.14	
603.321	113.83	
603.516	67.96	
603.711	65.91	
603.907	58.13	
604.102	43.79	
604.298	63.45	
604.493	83.93	
604.689	141.69	
604.884	139.64	
605.079	157.66	
605.275	108.1	
605.47	84.34	
605.665	55.67	
605.861	115.47	
606.056	108.51	
606.251	66.32	
606.447	89.26	
606.642	76.97	
606.837	0.79	
607.032	49.12	
607.227	61.4	
607.423	74.92	
607.618	75.74	
607.813	70.83	
608.008	20.04	
608.203	124.89	
608.398	158.07	
608.594	132.67	
608.789	151.52	
608.984	196.98	
609.179	157.66	
609.374	78.2	
609.569	83.52	
609.764	42.15	
609.959	13.48	
610.154	-10.68	
610.349	40.11	
610.544	52.8	
610.739	95.4	
610.934	101.14	
611.129	150.29	
611.324	159.3	
611.519	192.88	
611.714	208.45	
611.909	162.57	
612.103	171.18	
612.298	144.55	
612.493	168.31	
612.688	170.36	
612.883	240.81	
613.078	159.71	
613.272	230.98	
613.467	200.26	
613.662	215	
613.857	209.68	
614.051	274.39	
614.246	180.19	
614.441	140.87	
614.635	53.62	
614.83	11.84	
615.025	-62.29	
615.219	-68.03	
615.414	-104.89	
615.609	-48.37	
615.803	-61.88	
615.998	30.69	
616.192	65.09	
616.387	117.52	
616.582	160.12	
616.776	212.55	
616.971	153.56	
617.165	127.35	
617.36	92.53	
617.554	58.95	
617.749	88.44	
617.943	103.59	
618.138	118.34	
618.332	142.5	
618.526	119.98	
618.721	57.31	
618.915	91.71	
619.11	110.97	
619.304	79.43	
619.498	92.12	
619.693	162.57	
619.887	105.23	
620.081	47.07	
620.275	92.53	
620.47	101.95	
620.664	60.18	
620.858	39.29	
621.052	74.1	
621.247	73.69	
621.441	70.42	
621.635	43.38	
621.829	90.9	
622.023	85.16	
622.218	124.89	
622.412	88.85	
622.606	69.6	
622.8	71.24	
622.994	69.6	
623.188	-11.5	
623.382	38.47	
623.576	57.31	
623.77	6.52	
623.964	36.42	
624.158	63.45	
624.352	-6.18	
624.546	21.67	
624.74	90.08	
624.934	54.44	
625.128	88.03	
625.322	130.22	
625.516	135.95	
625.71	79.02	
625.904	51.98	
626.098	67.55	
626.291	103.59	
626.485	95.81	
626.679	106.46	
626.873	212.95	
627.067	170.36	
627.26	172	
627.454	187.15	
627.648	216.23	
627.842	153.97	
628.035	157.66	
628.229	137.59	
628.423	81.07	
628.617	52.39	
628.81	24.95	
629.004	31.5	
629.198	31.5	
629.391	35.19	
629.585	92.53	
629.778	115.06	
629.972	118.34	
630.166	145.78	
630.359	145.78	
630.553	89.26	
630.746	107.28	
630.94	139.23	
631.133	47.89	
631.327	63.86	
631.52	59.77	
631.714	16.35	
631.907	-27.07	
632.1	63.86	
632.294	101.95	
632.487	100.73	
632.681	152.33	
632.874	158.48	
633.067	170.36	
633.261	116.29	
633.454	145.37	
633.647	133.9	
633.841	96.63	
634.034	71.64	
634.227	89.26	
634.421	63.04	
634.614	37.24	
634.807	55.67	
635	-18.47	
635.193	15.94	
635.387	-9.05	
635.58	-15.6	
635.773	-2.9	
635.966	42.56	
636.159	37.24	
636.352	27.82	
636.545	35.19	
636.739	-13.96	
636.932	12.66	
637.125	-32.39	
637.318	-23.79	
637.511	14.3	
637.704	17.17	
637.897	24.95	
638.09	13.07	
638.283	66.73	
638.476	48.3	
638.669	79.84	
638.862	74.92	
639.055	83.93	
639.247	55.67	
639.44	26.18	
639.633	71.24	
639.826	20.45	
640.019	51.98	
640.212	56.08	
640.405	96.63	
640.597	49.94	
640.79	102.77	
640.983	104.41	
641.176	67.96	
641.368	88.44	
641.561	119.98	
641.754	45.84	
641.947	85.57	
642.139	145.78	
642.332	82.29	
642.525	76.15	
642.717	122.84	
642.91	31.91	
643.103	-9.45	
643.295	-26.25	
643.488	-51.23	
643.68	-82.77	
643.873	-47.55	
644.065	-37.72	
644.258	5.29	
644.45	4.88	
644.643	24.95	
644.835	44.2	
645.028	17.17	
645.22	-6.18	
645.413	-31.16	
645.605	-47.55	
645.798	-94.65	
645.99	-22.97	
646.182	-7.82	
646.375	30.28	
646.567	57.31	
646.76	28.23	
646.952	-27.89	
647.144	-40.17	
647.337	-54.92	
647.529	-37.72	
647.721	51.98	
647.913	86.8	
648.106	63.04	
648.298	40.11	
648.49	-1.26	
648.682	-86.87	
648.874	-85.64	
649.067	-57.79	
649.259	-48.37	
649.451	-35.26	
649.643	9.39	
649.835	43.79	
650.027	77.79	
650.219	97.45	
650.411	94.99	
650.603	78.61	
650.796	78.2	
650.988	91.31	
651.18	140.46	
651.372	194.11	
651.564	187.56	
651.756	107.28	
651.948	86.8	
652.139	44.2	
652.331	-3.72	
652.523	29.87	
652.715	54.03	
652.907	51.98	
653.099	57.72	
653.291	61.4	
653.483	33.96	
653.674	51.57	
653.866	53.62	
654.058	26.59	
654.25	20.86	
654.442	3.65	
654.633	-41.81	
654.825	-67.62	
655.017	-59.02	
655.209	-73.35	
655.4	-21.33	
655.592	-46.32	
655.784	6.52	
655.975	7.75	
656.167	17.58	
656.359	-16.42	
656.55	30.28	
656.742	-54.51	
656.933	24.95	
657.125	18.4	
657.316	6.11	
657.508	-18.47	
657.7	50.35	
657.891	-42.22	
658.083	5.29	
658.274	49.53	
658.466	80.25	
658.657	102.77	
658.848	65.91	
659.04	50.76	
659.231	21.67	
659.423	13.07	
659.614	-45.5	
659.805	81.07	
659.997	140.46	
660.188	169.13	
660.379	185.92	
660.571	194.11	
660.762	121.62	
660.953	46.66	
661.145	47.07	
661.336	5.29	
661.527	173.63	
661.718	206.81	
661.909	197.8	
662.101	187.15	
662.292	224.83	
662.483	20.45	
662.674	-21.33	
662.865	-16.42	
663.056	-43.86	
663.247	-84	
663.439	-20.92	
663.63	8.57	
663.821	-8.64	
664.012	17.99	
664.203	107.69	
664.394	98.27	
664.585	110.97	
664.776	92.53	
664.967	97.04	
665.158	55.67	
665.349	134.31	
665.54	81.48	
665.73	158.48	
665.921	95.4	
666.112	72.46	
666.303	-15.19	
666.494	92.53	
666.685	67.96	
666.876	150.7	
667.066	167.49	
667.257	197.8	
667.448	87.21	
667.639	64.27	
667.83	20.86	
668.02	31.91	
668.211	-42.22	
668.402	24.95	
668.592	-11.5	
668.783	-20.1	
668.974	-29.52	
669.164	16.76	
669.355	-25.84	
669.546	38.47	
669.736	51.98	
669.927	24.13	
670.117	-13.96	
670.308	2.01	
670.499	-36.49	
670.689	-44.27	
670.88	-62.29	
671.07	-23.79	
671.261	-28.3	
671.451	30.28	
671.641	-30.34	
671.832	29.87	
672.022	33.55	
672.213	10.21	
672.403	-31.16	
672.594	88.03	
672.784	94.17	
672.974	76.15	
673.165	36.01	
673.355	33.96	
673.545	23.31	
673.736	40.11	
673.926	2.01	
674.116	92.53	
674.306	35.19	
674.497	-37.31	
674.687	-90.96	
674.877	-69.67	
675.067	-122.5	
675.257	-59.83	
675.448	-32.39	
675.638	-8.23	
675.828	-29.52	
676.018	27	
676.208	10.21	
676.398	49.94	
676.588	27.82	
676.778	58.13	
676.968	21.26	
677.158	45.84	
677.348	-23.38	
677.538	-37.31	
677.728	-16.83	
677.918	-11.91	
678.108	-34.03	
678.298	-16.01	
678.488	-21.74	
678.678	-0.44	
678.868	7.75	
679.058	10.62	
679.248	35.19	
679.438	51.57	
679.627	33.14	
679.817	11.43	
680.007	4.88	
680.197	2.83	
680.387	5.7	
680.576	7.75	
680.766	-16.42	
680.956	-34.85	
681.146	10.62	
681.335	-5.36	
681.525	-61.06	
681.715	-3.72	
681.904	55.67	
682.094	39.29	
682.284	42.15	
682.473	78.2	
682.663	85.57	
682.852	51.98	
683.042	47.89	
683.231	64.27	
683.421	67.14	
683.61	24.95	
683.8	7.34	
683.989	-23.38	
684.179	-17.24	
684.368	-81.95	
684.558	-83.18	
684.747	-75.4	
684.937	-111.85	
685.126	-115.13	
685.316	-74.58	
685.505	-102.02	
685.694	-44.68	
685.884	60.18	
686.073	26.18	
686.262	33.14	
686.452	96.63	
686.641	68.37	
686.83	10.21	
687.019	26.59	
687.209	63.45	
687.398	79.43	
687.587	49.53	
687.776	24.13	
687.965	4.88	
688.155	-24.2	
688.344	-109.4	
688.533	-91.78	
688.722	-105.71	
688.911	7.34	
689.1	72.87	
689.289	146.6	
689.478	161.35	
689.667	207.63	
689.856	58.54	
690.045	-17.24	
690.234	-84.41	
690.423	-25.43	
690.612	-59.02	
690.801	31.5	
690.99	15.12	
691.179	74.92	
691.368	20.86	
691.557	86.39	
691.746	46.25	
691.935	53.62	
692.124	-3.31	
692.312	-9.05	
692.501	-76.63	
692.69	-45.91	
692.879	-28.71	
693.068	2.01	
693.256	-5.36	
693.445	62.63	
693.634	20.86	
693.823	0.79	
694.011	-2.08	
694.2	9.8	
694.389	-47.14	
694.577	-27.07	
694.766	-9.86	
694.955	-8.23	
695.143	-32.39	
695.332	7.75	
695.52	2.83	
695.709	29.46	
695.897	23.72	
696.086	6.52	
696.275	-47.55	
696.463	-31.57	
696.652	-62.7	
696.84	-45.91	
697.028	-40.99	
697.217	6.93	
697.405	29.46	
697.594	78.2	
697.782	47.48	
697.971	78.61	
698.159	71.64	
698.347	59.77	
698.536	32.73	
698.724	101.14	
698.912	62.63	
699.1	47.89	
699.289	88.03	
699.477	81.88	
699.665	30.28	
699.854	45.84	
700.042	41.74	
700.23	11.84	
700.418	21.67	
700.606	18.81	
700.794	22.08	
700.983	52.39	
701.171	51.57	
701.359	23.31	
701.547	64.27	
701.735	70.01	
701.923	7.34	
702.111	-32.39	
702.299	-50	
702.487	-54.51	
702.675	-75.4	
702.863	-59.02	
703.051	-57.38	
703.239	14.71	
703.427	-39.76	
703.615	-45.5	
703.803	-59.02	
703.991	1.19	
704.179	-31.57	
704.367	33.14	
704.554	80.66	
704.742	93.35	
704.93	122.84	
705.118	159.3	
705.306	94.58	
705.493	62.63	
705.681	49.94	
705.869	32.32	
706.057	-26.66	
706.244	-7.82	
706.432	-11.91	
706.62	40.52	
706.807	-39.36	
706.995	22.49	
707.183	-18.88	
707.37	9.39	
707.558	-4.13	
707.746	109.74	
707.933	98.27	
708.121	192.88	
708.308	174.45	
708.496	155.2	
708.683	55.26	
708.871	79.84	
709.058	-2.9	
709.246	6.93	
709.433	-28.71	
709.621	-0.44	
709.808	-55.74	
709.995	22.49	
710.183	20.04	
710.37	56.49	
710.558	22.9	
710.745	34.78	
710.932	-0.03	
711.12	15.12	
711.307	-2.08	
711.494	36.42	
711.681	66.73	
711.869	30.28	
712.056	33.55	
712.243	55.67	
712.43	-3.72	
712.618	-12.32	
712.805	-18.47	
712.992	-21.74	
713.179	-40.17	
713.366	1.19	
713.553	33.55	
713.74	44.2	
713.928	-16.01	
714.115	28.23	
714.302	8.57	
714.489	-12.73	
714.676	-28.3	
714.863	51.57	
715.05	44.2	
715.237	32.32	
715.424	-37.72	
715.611	37.24	
715.798	24.95	
715.984	-6.18	
716.171	33.14	
716.358	93.35	
716.545	95.81	
716.732	81.48	
716.919	56.9	
717.106	25.77	
717.293	-4.54	
717.479	-2.49	
717.666	-72.12	
717.853	-31.98	
718.04	11.43	
718.226	52.8	
718.413	-20.1	
718.6	76.15	
718.786	68.37	
718.973	79.02	
719.16	11.84	
719.346	52.8	
719.533	-7.82	
719.72	32.73	
719.906	-22.97	
720.093	42.97	
720.279	-16.83	
720.466	15.12	
720.652	30.28	
720.839	93.35	
721.025	79.84	
721.212	119.98	
721.398	99.5	
721.585	91.31	
721.771	44.61	
721.958	-2.9	
722.144	43.79	
722.331	-5.36	
722.517	-89.33	
722.703	-72.12	
722.89	-88.92	
723.076	-122.5	
723.262	-49.19	
723.449	-35.67	
723.635	-90.55	
723.821	-60.65	
724.007	-77.04	
724.194	-91.37	
724.38	-63.93	
724.566	-27.48	
724.752	-3.72	
724.938	53.21	
725.125	82.29	
725.311	153.15	
725.497	131.45	
725.683	106.87	
725.869	39.7	
726.055	33.55	
726.241	-42.22	
726.427	-25.43	
726.613	-28.3	
726.799	73.28	
726.985	5.29	
727.171	36.01	
727.357	88.03	
727.543	153.56	
727.729	72.05	
727.915	132.26	
728.101	121.62	
728.287	79.84	
728.473	24.13	
728.659	10.62	
728.845	-34.85	
729.03	-71.71	
729.216	-65.57	
729.402	-101.2	
729.588	-104.89	
729.774	-81.54	
729.959	-72.53	
730.145	-61.88	
730.331	12.66	
730.517	40.52	
730.702	61.81	
730.888	79.84	
731.074	12.25	
731.259	-2.08	
731.445	20.45	
731.63	-8.64	
731.816	-32.39	
732.002	82.29	
732.187	105.64	
732.373	75.33	
732.558	127.76	
732.744	185.1	
732.929	134.31	
733.115	22.49	
733.3	-37.72	
733.486	-63.11	
733.671	-147.08	
733.857	-196.23	
734.042	-99.98	
734.227	-61.47	
734.413	-25.02	
734.598	61.81	
734.784	61.81	
734.969	29.87	
735.154	67.55	
735.339	36.83	
735.525	39.29	
735.71	103.59	
735.895	69.6	
736.081	38.47	
736.266	33.96	
736.451	-4.95	
736.636	43.38	
736.821	47.89	
737.007	33.14	
737.192	45.02	
737.377	22.08	
737.562	-77.45	
737.747	-31.98	
737.932	11.43	
738.117	-52.87	
738.302	38.06	
738.487	66.73	
738.672	13.07	
738.857	25.36	
739.042	88.85	
739.227	76.15	
739.412	59.77	
739.597	74.51	
739.782	124.07	
739.967	54.85	
740.152	31.09	
740.337	64.27	
740.522	97.04	
740.706	36.83	
740.891	142.5	
741.076	135.13	
741.261	138.41	
741.446	141.28	
741.63	126.53	
741.815	93.35	
742	38.88	
742.185	6.52	
742.369	3.24	
742.554	-10.68	
742.739	-46.73	
742.923	-0.44	
743.108	49.94	
743.293	53.62	
743.477	36.83	
743.662	80.66	
743.846	64.68	
744.031	24.95	
744.216	22.9	
744.4	100.73	
744.585	72.87	
744.769	113.42	
744.954	126.53	
745.138	107.69	
745.322	82.29	
745.507	60.18	
745.691	24.54	
745.876	5.29	
746.06	42.56	
746.244	70.01	
746.429	132.26	
746.613	128.58	
746.798	142.5	
746.982	108.1	
747.166	92.12	
747.35	49.53	
747.535	54.85	
747.719	63.86	
747.903	122.43	
748.087	84.34	
748.272	61.4	
748.456	94.58	
748.64	56.49	
748.824	33.96	
749.008	51.98	
749.192	50.35	
749.376	8.57	
749.56	7.34	
749.745	-28.71	
749.929	8.57	
750.113	45.43	
750.297	17.17	
750.481	72.46	
750.665	108.1	
750.849	73.28	
751.033	53.21	
751.217	45.84	
751.4	10.62	
751.584	-21.33	
751.768	-15.19	
751.952	-33.21	
752.136	4.47	
752.32	-24.61	
752.504	5.7	
752.688	-9.86	
752.871	-20.51	
753.055	-19.69	
753.239	21.26	
753.423	23.31	
753.606	10.62	
753.79	76.15	
753.974	58.13	
754.157	9.39	
754.341	-41.81	
754.525	-53.69	
754.708	-97.52	
754.892	-91.78	
755.076	-36.49	
755.259	-3.31	
755.443	0.38	
755.626	17.99	
755.81	67.55	
755.993	59.36	
756.177	33.55	
756.36	88.03	
756.544	62.22	
756.727	22.08	
756.911	51.57	
757.094	90.49	
757.278	47.89	
757.461	40.11	
757.644	37.65	
757.828	-27.07	
758.011	-22.15	
758.195	1.6	
758.378	17.17	
758.561	19.63	
758.744	30.69	
758.928	43.79	
759.111	18.4	
759.294	71.64	
759.477	64.27	
759.661	94.99	
759.844	85.16	
760.027	98.27	
760.21	54.85	
760.393	71.24	
760.576	65.5	
760.76	43.38	
760.943	13.07	
761.126	75.74	
761.309	122.02	
761.492	111.38	
761.675	83.93	
761.858	109.74	
762.041	28.64	
762.224	-71.71	
762.407	-76.22	
762.59	-29.52	
762.773	-79.5	
762.956	-65.57	
763.139	-38.54	
763.321	-20.51	
763.504	-82.36	
763.687	-21.33	
763.87	-2.9	
764.053	18.81	
764.236	51.98	
764.418	100.73	
764.601	73.69	
764.784	87.62	
764.967	125.3	
765.149	75.33	
765.332	63.45	
765.515	89.26	
765.697	33.14	
765.88	-3.72	
766.063	13.07	
766.245	5.7	
766.428	-19.29	
766.611	11.43	
766.793	24.13	
766.976	50.76	
767.158	25.77	
767.341	70.83	
767.523	57.72	
767.706	67.14	
767.888	11.02	
768.071	118.75	
768.253	51.57	
768.436	88.03	
768.618	91.31	
768.8	199.03	
768.983	144.96	
769.165	176.5	
769.348	104	
769.53	71.24	
769.712	-26.25	
769.895	-57.79	
770.077	-37.72	
770.259	-10.68	
770.441	-38.54	
770.624	24.13	
770.806	63.86	
770.988	33.55	
771.17	39.7	
771.352	129.4	
771.535	130.22	
771.717	113.42	
771.899	108.51	
772.081	171.59	
772.263	93.35	
772.445	50.76	
772.627	0.38	
772.809	3.24	
772.991	-32.8	
773.173	29.46	
773.355	8.16	
773.537	42.15	
773.719	46.25	
773.901	100.32	
774.083	32.73	
774.265	-2.49	
774.447	-34.44	
774.629	-24.61	
774.811	-59.02	
774.992	-8.64	
775.174	4.47	
775.356	72.05	
775.538	41.74	
775.72	-18.47	
775.901	-28.3	
776.083	-25.84	
776.265	-66.8	
776.447	8.16	
776.628	70.83	
776.81	57.72	
776.992	135.13	
777.173	149.06	
777.355	117.52	
777.537	133.9	
777.718	132.26	
777.9	103.18	
778.081	100.32	
778.263	122.84	
778.444	63.86	
778.626	57.31	
778.807	10.62	
778.989	-16.42	
779.17	-111.03	
779.352	-176.98	
779.533	-199.1	
779.715	-140.93	
779.896	-191.72	
780.078	-105.3	
780.259	-18.88	
780.44	-2.49	
780.622	-43.45	
780.803	126.53	
780.984	94.17	
781.166	54.85	
781.347	80.66	
781.528	101.55	
781.709	-4.13	
781.891	28.23	
782.072	65.91	
782.253	76.97	
782.434	50.35	
782.615	59.36	
782.796	48.71	
782.978	88.44	
783.159	106.87	
783.34	169.13	
783.521	161.35	
783.702	171.18	
783.883	147.83	
784.064	159.3	
784.245	81.88	
784.426	145.37	
784.607	105.64	
784.788	110.56	
784.969	33.96	
785.15	88.44	
785.331	-28.71	
785.512	15.53	
785.692	-6.18	
785.873	8.98	
786.054	-21.74	
786.235	29.87	
786.416	39.29	
786.597	47.07	
786.777	26.59	
786.958	38.47	
787.139	40.93	
787.32	29.05	
787.5	40.93	
787.681	23.72	
787.862	26.18	
788.042	50.35	
788.223	31.09	
788.404	-26.66	
788.584	39.7	
788.765	76.97	
788.946	66.32	
789.126	87.21	
789.307	153.56	
789.487	189.61	
789.668	125.3	
789.848	83.93	
790.029	10.62	
790.209	-30.75	
790.39	-122.5	
790.57	-129.47	
790.75	-24.61	
790.931	22.08	
791.111	6.11	
791.292	70.42	
791.472	97.45	
791.652	36.83	
791.833	42.56	
792.013	66.32	
792.193	8.57	
792.373	59.77	
792.554	63.45	
792.734	66.73	
792.914	48.71	
793.094	94.99	
793.275	63.86	
793.455	27	
793.635	54.85	
793.815	101.14	
793.995	70.01	
794.175	63.86	
794.355	139.23	
794.535	152.74	
794.715	125.3	
794.896	122.43	
795.076	70.83	
795.256	70.83	
795.436	-13.14	
795.616	11.43	
795.795	31.09	
795.975	64.68	
796.155	80.25	
796.335	128.17	
796.515	129.81	
796.695	175.27	
796.875	246.95	
797.055	196.98	
797.234	205.99	
797.414	194.11	
797.594	154.38	
797.774	85.57	
797.954	45.02	
798.133	46.25	
798.313	4.88	
798.493	9.39	
798.672	-17.24	
798.852	15.53	
799.032	-55.33	
799.211	-42.22	
799.391	-63.52	
799.571	-30.34	
799.75	-50.82	
799.93	35.19	
800.109	45.43	
800.289	66.73	
800.468	36.01	
800.648	49.12	
800.827	11.84	
801.007	5.7	
801.186	-36.9	
801.366	-9.86	
801.545	-5.77	
801.725	74.92	
801.904	24.13	
802.083	70.42	
802.263	68.37	
802.442	120.39	
802.621	49.12	
802.801	153.56	
802.98	173.22	
803.159	140.87	
803.338	68.37	
803.518	121.62	
803.697	73.69	
803.876	75.74	
804.055	117.52	
804.235	170.77	
804.414	75.33	
804.593	92.12	
804.772	37.65	
804.951	27.41	
805.13	-67.21	
805.309	-5.36	
805.488	-9.45	
805.667	30.28	
805.846	42.15	
806.025	118.34	
806.204	144.14	
806.383	108.51	
806.562	93.76	
806.741	82.29	
806.92	90.9	
807.099	54.44	
807.278	17.17	
807.457	0.38	
807.636	24.54	
807.814	1.6	
807.993	0.38	
808.172	67.96	
808.351	94.17	
808.53	87.21	
808.708	86.8	
808.887	77.79	
809.066	141.69	
809.244	112.19	
809.423	92.53	
809.602	92.53	
809.78	132.67	
809.959	57.31	
810.138	113.01	
810.316	134.72	
810.495	133.9	
810.673	57.72	
810.852	79.02	
811.03	72.05	
811.209	64.27	
811.388	88.44	
811.566	111.38	
811.744	113.83	
811.923	99.91	
812.101	101.14	
812.28	153.56	
812.458	193.7	
812.637	166.26	
812.815	159.71	
812.993	188.79	
813.172	162.16	
813.35	70.83	
813.528	115.88	
813.706	90.49	
813.885	51.98	
814.063	-0.44	
814.241	109.33	
814.419	107.28	
814.598	184.69	
814.776	178.14	
814.954	160.12	
815.132	132.67	
815.31	122.43	
815.488	-7	
815.666	-22.97	
815.844	-23.38	
816.022	-61.06	
816.201	-101.61	
816.379	-2.08	
816.557	34.78	
816.735	70.42	
816.913	58.95	
817.09	114.65	
817.268	72.05	
817.446	49.94	
817.624	14.71	
817.802	123.25	
817.98	50.35	
818.158	58.95	
818.336	17.99	
818.514	51.98	
818.691	7.34	
818.869	81.48	
819.047	103.59	
819.225	146.19	
819.402	108.92	
819.58	145.37	
819.758	144.14	
819.935	124.07	
820.113	113.42	
820.291	122.84	
820.468	38.88	
820.646	26.59	
820.824	56.9	
821.001	144.55	
821.179	201.49	
821.356	230.16	
821.534	190.43	
821.711	138.41	
821.889	131.45	
822.066	105.23	
822.244	109.74	
822.421	162.98	
822.599	206.81	
822.776	124.48	
822.953	55.67	
823.131	-0.85	
823.308	-41.4	
823.486	-65.57	
823.663	-67.21	
823.84	0.38	
824.017	-25.02	
824.195	-9.05	
824.372	20.45	
824.549	29.05	
824.726	17.17	
824.904	49.94	
825.081	50.35	
825.258	5.29	
825.435	-0.03	
825.612	27	
825.789	-4.13	
825.967	10.62	
826.144	59.36	
826.321	104	
826.498	83.11	
826.675	136.77	
826.852	64.68	
827.029	75.74	
827.206	68.37	
827.383	13.89	
827.56	65.5	
827.737	108.92	
827.914	102.77	
828.09	75.74	
828.267	102.36	
828.444	67.55	
828.621	36.83	
828.798	84.34	
828.975	58.13	
829.151	58.13	
829.328	45.43	
829.505	110.97	
829.682	10.62	
829.858	27.82	
830.035	78.61	
830.212	69.6	
830.389	25.77	
830.565	8.16	
830.742	58.95	
830.918	47.07	
831.095	47.07	
831.272	72.87	
831.448	87.21	
831.625	83.52	
831.801	83.52	
831.978	90.08	
832.154	37.65	
832.331	70.42	
832.507	22.49	
832.684	56.08	
832.86	72.46	
833.037	201.49	
833.213	177.32	
833.389	215	
833.566	115.88	
833.742	61.81	
833.918	-24.2	
834.095	-65.57	
834.271	-126.6	
834.447	-42.63	
834.624	6.52	
834.8	-6.59	
834.976	54.44	
835.152	85.98	
835.328	72.46	
835.505	64.27	
835.681	76.97	
835.857	13.89	
836.033	46.25	
836.209	116.7	
836.385	118.34	
836.561	136.77	
836.737	202.71	
836.913	146.19	
837.089	89.26	
837.265	106.87	
837.441	128.58	
837.617	107.28	
837.793	110.15	
837.969	98.27	
838.145	60.59	
838.321	29.46	
838.497	45.43	
838.673	107.69	
838.849	43.79	
839.025	111.78	
839.2	115.47	
839.376	128.99	
839.552	95.81	
839.728	154.79	
839.903	95.81	
840.079	131.04	
840.255	92.94	
840.431	162.16	
840.606	91.71	
840.782	161.76	
840.958	62.22	
841.133	72.87	
841.309	24.95	
841.484	109.74	
841.66	42.56	
841.835	65.5	
842.011	58.54	
842.186	87.21	
842.362	28.64	
842.537	72.87	
842.713	68.37	
842.888	67.14	
843.064	3.24	
843.239	24.95	
843.415	-0.85	
843.59	71.64	
843.765	104.41	
843.941	140.46	
844.116	201.08	
844.291	176.09	
844.467	117.11	
844.642	106.46	
844.817	120.8	
844.992	60.18	
845.168	55.67	
845.343	103.59	
845.518	110.15	
845.693	99.91	
845.868	99.91	
846.043	83.93	
846.219	40.93	
846.394	78.2	
846.569	56.49	
846.744	47.48	
846.919	75.74	
847.094	172.81	
847.269	139.64	
847.444	143.32	
847.619	162.57	
847.794	237.12	
847.969	194.52	
848.144	182.64	
848.319	181.83	
848.494	181.42	
848.668	176.5	
848.843	183.05	
849.018	186.74	
849.193	174.86	
849.368	194.11	
849.542	197.39	
849.717	164.62	
849.892	136.77	
850.067	142.91	
850.241	159.71	
850.416	105.64	
850.591	125.3	
850.765	118.75	
850.94	162.57	
851.115	92.94	
851.289	122.43	
851.464	88.85	
851.639	110.15	
851.813	49.53	
851.988	110.56	
852.162	41.33	
852.337	47.07	
852.511	83.11	
852.686	157.66	
852.86	134.31	
853.035	182.64	
853.209	183.87	
853.383	166.26	
853.558	83.93	
853.732	102.36	
853.906	58.13	
854.081	61.4	
854.255	29.05	
854.429	56.9	
854.604	40.52	
854.778	90.9	
854.952	89.67	
855.126	126.53	
855.301	133.49	
855.475	109.33	
855.649	74.92	
855.823	49.12	
855.997	22.9	
856.171	30.69	
856.345	22.49	
856.52	38.88	
856.694	77.38	
856.868	137.59	
857.042	146.19	
857.216	219.1	
857.39	225.65	
857.564	190.84	
857.738	119.16	
857.912	88.03	
858.085	36.01	
858.259	58.54	
858.433	98.68	
858.607	85.16	
858.781	86.39	
858.955	85.98	
859.129	38.47	
859.302	36.01	
859.476	20.04	
859.65	97.45	
859.824	62.22	
859.997	78.2	
860.171	98.68	
860.345	165.44	
860.519	117.52	
860.692	134.72	
860.866	166.26	
861.039	164.62	
861.213	151.52	
861.387	125.71	
861.56	127.35	
861.734	143.73	
861.907	115.88	
862.081	107.69	
862.254	143.32	
862.428	187.15	
862.601	138.41	
862.775	150.7	
862.948	249	
863.122	230.98	
863.295	192.47	
863.468	180.6	
863.642	127.76	
863.815	37.24	
863.988	36.01	
864.162	58.54	
864.335	31.09	
864.508	84.34	
864.682	137.59	
864.855	129.4	
865.028	93.35	
865.201	157.66	
865.374	121.21	
865.548	143.73	
865.721	161.76	
865.894	246.13	
866.067	201.08	
866.24	259.24	
866.413	228.11	
866.586	219.92	
866.759	105.64	
866.932	101.14	
867.105	47.07	
867.278	-47.55	
867.451	-88.51	
867.624	-25.43	
867.797	9.39	
867.97	3.24	
868.143	54.03	
868.316	117.93	
868.489	57.31	
868.661	65.91	
868.834	73.69	
869.007	112.19	
869.18	89.26	
869.353	140.05	
869.525	157.66	
869.698	134.72	
869.871	102.77	
870.044	107.69	
870.216	115.06	
870.389	61.81	
870.562	65.91	
870.734	109.74	
870.907	67.96	
871.079	78.2	
871.252	61.81	
871.425	149.88	
871.597	63.45	
871.77	189.61	
871.942	151.93	
872.115	167.08	
872.287	130.63	
872.459	153.56	
872.632	73.28	
872.804	95.4	
872.977	65.5	
873.149	80.66	
873.321	70.83	
873.494	73.28	
873.666	122.02	
873.838	133.49	
874.011	53.21	
874.183	95.4	
874.355	87.62	
874.528	24.13	
874.7	49.53	
874.872	148.65	
875.044	151.52	
875.216	153.97	
875.388	206.4	
875.561	207.22	
875.733	120.8	
875.905	81.07	
876.077	17.58	
876.249	58.13	
876.421	51.98	
876.593	29.87	
876.765	85.16	
876.937	169.54	
877.109	79.43	
877.281	101.95	
877.453	138.41	
877.625	97.04	
877.797	37.24	
877.968	30.28	
878.14	-2.08	
878.312	31.09	
878.484	-1.26	
878.656	38.47	
878.828	37.65	
878.999	112.6	
879.171	55.67	
879.343	68.78	
879.515	45.43	
879.686	37.24	
879.858	-37.31	
880.03	12.25	
880.201	21.67	
880.373	5.29	
880.545	20.04	
880.716	88.03	
880.888	156.02	
881.059	168.31	
881.231	190.02	
881.402	235.07	
881.574	207.22	
881.745	146.6	
881.917	178.55	
882.088	194.93	
882.26	160.94	
882.431	190.02	
882.602	122.84	
882.774	94.17	
882.945	38.88	
883.116	-5.77	
883.288	-64.34	
883.459	-40.58	
883.63	-35.26	
883.802	-43.86	
883.973	-7.41	
884.144	36.01	
884.315	54.85	
884.487	99.5	
884.658	187.15	
884.829	236.71	
885	206.81	
885.171	236.3	
885.342	148.24	
885.513	112.6	
885.684	73.28	
885.855	95.81	
886.026	52.8	
886.197	99.5	
886.368	66.32	
886.539	90.9	
886.71	69.6	
886.881	71.24	
887.052	99.5	
887.223	131.04	
887.394	81.88	
887.565	126.12	
887.736	123.66	
887.907	125.71	
888.077	127.35	
888.248	120.39	
888.419	53.62	
888.59	28.23	
888.761	42.97	
888.931	56.9	
889.102	106.46	
889.273	117.52	
889.443	125.71	
889.614	62.22	
889.785	52.8	
889.955	30.69	
890.126	-8.23	
890.296	51.57	
890.467	78.61	
890.637	157.66	
890.808	185.1	
890.978	236.3	
891.149	217.46	
891.319	286.27	
891.49	244.9	
891.66	247.77	
891.831	246.95	
892.001	256.78	
892.172	124.07	
892.342	92.94	
892.512	56.49	
892.683	88.03	
892.853	56.08	
893.023	144.96	
893.193	136.36	
893.364	161.35	
893.534	162.98	
893.704	235.89	
893.874	231.8	
894.044	230.57	
894.215	191.25	
894.385	207.63	
894.555	153.97	
894.725	203.12	
894.895	141.28	
895.065	194.11	
895.235	150.7	
895.405	224.01	
895.575	124.89	
895.745	204.97	
895.915	203.94	
