177.618	-772.25	
177.836	-776.35	
178.054	-792.32	
178.271	-625.21	
178.489	-392.97	
178.706	-253.71	
178.924	-108.3	
179.142	66.59	
179.359	48.57	
179.577	-66.93	
179.794	-47.27	
180.012	-46.45	
180.229	-92.33	
180.447	-62.84	
180.664	-23.52	
180.882	-61.2	
181.1	-9.59	
181.317	-8.77	
181.535	-34.17	
181.752	-64.07	
181.969	-6.31	
182.187	-7.95	
182.404	18.26	
182.622	10.48	
182.839	66.59	
183.057	69.05	
183.274	44.88	
183.492	48.16	
183.709	109.6	
183.926	67	
184.144	37.51	
184.361	34.64	
184.579	47.75	
184.796	-25.16	
185.013	21.54	
185.231	17.44	
185.448	46.52	
185.666	68.64	
185.883	53.49	
186.1	23.18	
186.317	31.78	
186.535	-34.99	
186.752	-47.27	
186.969	1.47	
187.187	87.89	
187.404	33.83	
187.621	135.81	
187.839	150.97	
188.056	145.64	
188.273	58.81	
188.49	138.68	
188.708	91.17	
188.925	128.85	
189.142	104.28	
189.359	96.08	
189.576	46.11	
189.794	28.09	
190.011	-45.23	
190.228	-10	
190.445	-11.64	
190.662	83.8	
190.879	94.86	
191.097	113.29	
191.314	130.08	
191.531	146.87	
191.748	14.17	
191.965	30.96	
192.182	13.35	
192.399	-30.89	
192.616	-3.45	
192.834	67.41	
193.051	30.96	
193.268	45.7	
193.485	55.53	
193.702	19.49	
193.919	-18.19	
194.136	14.17	
194.353	14.17	
194.57	45.7	
194.787	42.84	
195.004	157.11	
195.221	112.06	
195.438	137.45	
195.655	92.81	
195.872	170.63	
196.089	36.28	
196.306	94.45	
196.523	77.24	
196.74	125.17	
196.957	13.76	
197.173	73.56	
197.39	14.57	
197.607	63.73	
197.824	39.15	
198.041	105.91	
198.258	78.06	
198.475	158.34	
198.692	64.55	
198.909	13.76	
199.125	-46.05	
199.342	16.21	
199.559	-28.02	
199.776	37.92	
199.993	122.3	
200.21	156.29	
200.426	74.78	
200.643	87.48	
200.86	65.36	
201.077	74.78	
201.293	62.91	
201.51	102.64	
201.727	1.47	
201.944	-43.59	
202.16	-62.84	
202.377	-67.75	
202.594	-96.02	
202.811	-37.85	
203.027	-21.88	
203.244	-66.93	
203.461	-38.26	
203.677	20.72	
203.894	53.49	
204.111	90.35	
204.327	107.55	
204.544	71.51	
204.761	83.39	
204.977	28.09	
205.194	-26.79	
205.41	17.03	
205.627	31.37	
205.844	14.98	
206.06	25.63	
206.277	76.83	
206.493	60.04	
206.71	87.07	
206.926	62.91	
207.143	141.96	
207.36	71.92	
207.576	107.14	
207.793	96.49	
208.009	146.87	
208.226	101.41	
208.442	107.55	
208.659	83.8	
208.875	74.78	
209.092	-5.9	
209.308	-21.47	
209.524	9.66	
209.741	59.63	
209.957	112.06	
210.174	121.89	
210.39	115.74	
210.607	103.46	
210.823	-23.52	
211.039	-82.91	
211.256	-1.4	
211.472	-33.35	
211.688	44.48	
211.905	111.65	
212.121	100.59	
212.338	22.36	
212.554	60.45	
212.77	16.62	
212.987	20.31	
213.203	83.8	
213.419	139.09	
213.635	114.93	
213.852	90.35	
214.068	63.32	
214.284	-20.24	
214.501	-7.54	
214.717	-0.99	
214.933	29.73	
215.149	-34.99	
215.365	-50.14	
215.582	-137.38	
215.798	-102.16	
216.014	-134.11	
216.23	-71.85	
216.447	-8.77	
216.663	-8.77	
216.879	-54.65	
217.095	-7.54	
217.311	27.68	
217.527	20.72	
217.743	42.02	
217.96	50.62	
218.176	20.72	
218.392	0.65	
218.608	14.57	
218.824	14.17	
219.04	29.32	
219.256	78.88	
219.472	61.68	
219.688	52.26	
219.904	96.9	
220.12	173.5	
220.336	123.94	
220.552	131.72	
220.768	148.1	
220.984	160.8	
221.2	28.5	
221.416	61.68	
221.632	44.88	
221.848	5.97	
222.064	-82.91	
222.28	-41.54	
222.496	-110.35	
222.712	-44.82	
222.928	-71.03	
223.144	3.52	
223.36	-17.37	
223.576	33.01	
223.792	-16.55	
224.008	85.02	
224.224	75.6	
224.439	140.32	
224.655	112.88	
224.871	140.73	
225.087	79.29	
225.303	26.04	
225.519	3.93	
225.734	65.77	
225.95	49.8	
226.166	85.43	
226.382	116.15	
226.598	91.99	
226.813	79.29	
227.029	48.16	
227.245	-3.04	
227.461	17.44	
227.677	56.76	
227.892	46.93	
228.108	26.04	
228.324	103.05	
228.539	33.42	
228.755	57.99	
228.971	61.68	
229.186	126.39	
229.402	73.15	
229.618	141.14	
229.833	72.33	
230.049	66.18	
230.265	3.93	
230.48	81.34	
230.696	67	
230.912	86.66	
231.127	109.19	
231.343	127.62	
231.558	12.94	
231.774	57.17	
231.99	132.13	
232.205	97.31	
232.421	83.8	
232.636	108.78	
232.852	46.52	
233.067	-8.77	
233.283	-7.13	
233.498	53.08	
233.714	79.7	
233.929	131.72	
234.145	112.88	
234.36	133.36	
234.576	129.26	
234.791	172.68	
235.007	173.91	
235.222	228.79	
235.438	211.59	
235.653	280.81	
235.868	227.15	
236.084	241.49	
236.299	241.49	
236.515	256.64	
236.73	159.98	
236.945	168.58	
237.161	110.42	
237.376	47.34	
237.592	29.32	
237.807	36.28	
238.022	26.86	
238.238	11.3	
238.453	1.06	
238.668	11.71	
238.883	-64.89	
239.099	-68.98	
239.314	-68.16	
239.529	-34.17	
239.745	-22.29	
239.96	76.83	
240.175	73.97	
240.39	203.81	
240.605	193.98	
240.821	128.44	
241.036	126.8	
241.251	216.91	
241.466	86.66	
241.681	101	
241.897	159.57	
242.112	191.11	
242.327	98.13	
242.542	145.64	
242.757	142.78	
242.972	137.86	
243.188	60.04	
243.403	101.82	
243.618	95.67	
243.833	80.93	
244.048	92.81	
244.263	126.8	
244.478	94.04	
244.693	55.12	
244.908	76.01	
245.123	71.1	
245.338	96.08	
245.553	129.26	
245.768	117.38	
245.983	119.43	
246.198	47.34	
246.413	21.95	
246.628	-15.74	
246.843	-12.05	
247.058	-26.38	
247.273	21.95	
247.488	25.63	
247.703	85.84	
247.918	92.4	
248.133	129.67	
248.348	107.14	
248.563	165.31	
248.778	108.37	
248.993	131.31	
249.207	173.09	
249.422	195.21	
249.637	69.46	
249.852	80.11	
250.067	55.53	
250.282	-25.98	
250.496	-58.74	
250.711	23.59	
250.926	13.35	
251.141	69.46	
251.356	67.41	
251.57	122.71	
251.785	86.66	
252	55.12	
252.215	33.42	
252.43	79.29	
252.644	87.48	
252.859	133.77	
253.074	155.07	
253.288	138.27	
253.503	91.17	
253.718	113.29	
253.932	158.75	
254.147	175.95	
254.362	171.45	
254.576	176.36	
254.791	114.52	
255.006	68.23	
255.22	99.77	
255.435	124.35	
255.65	141.55	
255.864	174.32	
256.079	109.6	
256.293	103.05	
256.508	90.35	
256.723	181.28	
256.937	119.43	
257.152	128.44	
257.366	87.89	
257.581	84.62	
257.795	5.97	
258.01	114.52	
258.224	176.77	
258.439	197.66	
258.653	164.08	
258.868	179.64	
259.082	94.86	
259.297	51.03	
259.511	26.04	
259.726	10.07	
259.94	-35.4	
260.154	-71.44	
260.369	-70.21	
260.583	-47.27	
260.798	-46.05	
261.012	0.24	
261.226	62.09	
261.441	80.11	
261.655	58.4	
261.869	128.85	
262.084	96.9	
262.298	86.66	
262.512	6.79	
262.727	5.56	
262.941	0.65	
263.155	-24.75	
263.37	-30.07	
263.584	55.53	
263.798	45.29	
264.012	100.18	
264.227	100.59	
264.441	156.29	
264.655	101.82	
264.869	221.83	
265.084	128.85	
265.298	154.25	
265.512	80.52	
265.726	135	
265.94	43.66	
266.155	77.65	
266.369	89.94	
266.583	162.44	
266.797	163.26	
267.011	210.77	
267.225	255.83	
267.439	248.86	
267.654	199.3	
267.868	138.68	
268.082	26.04	
268.296	-96.43	
268.51	-161.96	
268.724	-133.7	
268.938	-145.17	
269.152	-58.33	
269.366	-18.19	
269.58	31.78	
269.794	-12.05	
270.008	88.3	
270.222	59.22	
270.436	55.53	
270.65	32.19	
270.864	70.69	
271.078	26.04	
271.292	41.2	
271.506	99.77	
271.72	142.78	
271.934	154.66	
272.148	121.07	
272.362	120.66	
272.575	137.86	
272.789	142.37	
273.003	109.19	
273.217	176.77	
273.431	119.02	
273.645	75.6	
273.859	113.29	
274.073	168.99	
274.286	150.15	
274.5	195.21	
274.714	175.95	
274.928	157.11	
275.142	109.6	
275.355	68.64	
275.569	110.01	
275.783	155.07	
275.997	121.89	
276.21	140.32	
276.424	215.69	
276.638	150.56	
276.852	172.68	
277.065	156.29	
277.279	169.4	
277.493	112.06	
277.706	203.4	
277.92	179.23	
278.134	160.39	
278.347	114.11	
278.561	82.57	
278.775	60.04	
278.988	33.01	
279.202	107.14	
279.415	175.95	
279.629	196.84	
279.843	189.06	
280.056	293.51	
280.27	279.99	
280.483	185.78	
280.697	194.8	
280.91	195.62	
281.124	203.81	
281.337	179.23	
281.551	277.94	
281.764	255.83	
281.978	240.67	
282.191	126.39	
282.405	136.22	
282.618	58.4	
282.832	68.64	
283.045	31.78	
283.259	92.4	
283.472	74.38	
283.686	57.17	
283.899	22.36	
284.112	27.27	
284.326	29.73	
284.539	70.69	
284.752	118.2	
284.966	157.52	
285.179	191.93	
285.393	173.5	
285.606	106.73	
285.819	147.69	
286.033	117.79	
286.246	176.36	
286.459	138.27	
286.672	191.93	
286.886	104.28	
287.099	195.62	
287.312	58.4	
287.525	70.28	
287.739	54.71	
287.952	94.86	
288.165	81.75	
288.378	150.56	
288.592	136.63	
288.805	116.15	
289.018	140.32	
289.231	98.13	
289.444	134.18	
289.657	104.28	
289.871	81.75	
290.084	22.77	
290.297	73.15	
290.51	14.98	
290.723	7.2	
290.936	102.23	
291.149	122.71	
291.362	141.96	
291.575	128.85	
291.789	159.98	
292.002	100.59	
292.215	132.13	
292.428	10.07	
292.641	57.99	
292.854	42.43	
293.067	19.9	
293.28	-5.5	
293.493	34.24	
293.706	-43.18	
293.919	48.16	
294.132	17.85	
294.345	5.56	
294.558	3.11	
294.77	27.27	
294.983	-48.91	
295.196	27.68	
295.409	76.83	
295.622	147.28	
295.835	208.72	
296.048	257.87	
296.261	240.67	
296.474	230.02	
296.686	160.39	
296.899	148.92	
297.112	126.39	
297.325	118.61	
297.538	141.55	
297.751	186.6	
297.963	218.14	
298.176	201.76	
298.389	173.09	
298.602	161.62	
298.814	273.85	
299.027	237.8	
299.24	240.26	
299.453	316.04	
299.665	278.76	
299.878	106.32	
300.091	92.4	
300.303	78.88	
300.516	32.6	
300.729	39.15	
300.941	78.88	
301.154	29.32	
301.367	40.38	
301.579	71.51	
301.792	90.76	
302.005	70.28	
302.217	96.49	
302.43	103.46	
302.642	45.29	
302.855	-20.24	
303.067	-32.12	
303.28	3.52	
303.493	-25.98	
303.705	72.74	
303.918	135.81	
304.13	215.28	
304.343	167.76	
304.555	236.16	
304.768	171.86	
304.98	184.97	
305.193	114.52	
305.405	159.57	
305.617	84.62	
305.83	132.95	
306.042	89.53	
306.255	91.99	
306.467	71.92	
306.68	66.59	
306.892	16.62	
307.104	54.71	
307.317	46.93	
307.529	85.43	
307.741	114.93	
307.954	159.16	
308.166	138.68	
308.378	202.58	
308.591	191.11	
308.803	225.52	
309.015	244.77	
309.228	290.64	
309.44	193.57	
309.652	182.51	
309.864	136.63	
310.077	43.66	
310.289	-16.14	
310.501	45.29	
310.713	22.36	
310.926	52.26	
311.138	26.86	
311.35	80.11	
311.562	35.05	
311.774	106.73	
311.986	68.64	
312.199	178.82	
312.411	73.56	
312.623	101.41	
312.835	22.77	
313.047	33.42	
313.259	-14.51	
313.471	46.93	
313.683	16.21	
313.895	21.95	
314.108	1.06	
314.32	-5.5	
314.532	-38.26	
314.744	8.84	
314.956	59.22	
315.168	82.57	
315.38	46.52	
315.592	112.06	
315.804	110.42	
316.016	187.42	
316.228	223.88	
316.44	262.38	
316.651	254.6	
316.863	243.13	
317.075	121.89	
317.287	37.1	
317.499	28.5	
317.711	10.89	
317.923	51.44	
318.135	0.24	
318.347	68.64	
318.559	147.69	
318.77	184.56	
318.982	131.31	
319.194	159.57	
319.406	128.03	
319.618	48.98	
319.83	-37.44	
320.041	-30.07	
320.253	-3.04	
320.465	-2.63	
320.677	-19.01	
320.888	-10.41	
321.1	5.15	
321.312	82.57	
321.524	89.53	
321.735	85.02	
321.947	56.35	
322.159	6.79	
322.37	-89.05	
322.582	-96.43	
322.794	-34.17	
323.005	32.19	
323.217	46.11	
323.429	10.89	
323.64	73.56	
323.852	30.14	
324.063	9.66	
324.275	61.68	
324.487	127.21	
324.698	60.04	
324.91	99.36	
325.121	81.75	
325.333	17.44	
325.544	11.71	
325.756	53.9	
325.967	8.43	
326.179	90.35	
326.39	133.36	
326.602	148.51	
326.813	74.78	
327.025	92.4	
327.236	-7.54	
327.448	-32.12	
327.659	-103.8	
327.871	-49.32	
328.082	-37.44	
328.293	24	
328.505	55.12	
328.716	108.78	
328.928	90.76	
329.139	88.71	
329.35	78.06	
329.562	111.65	
329.773	124.35	
329.984	127.62	
330.196	105.91	
330.407	139.91	
330.618	67.41	
330.83	48.98	
331.041	55.94	
331.252	52.26	
331.463	13.35	
331.675	61.27	
331.886	97.72	
332.097	115.33	
332.308	128.44	
332.52	146.46	
332.731	124.35	
332.942	126.39	
333.153	153.02	
333.364	136.22	
333.575	113.29	
333.787	147.28	
333.998	53.9	
334.209	79.29	
334.42	54.31	
334.631	64.55	
334.842	58.4	
335.053	150.56	
335.264	82.57	
335.475	107.55	
335.686	106.32	
335.898	101.82	
336.109	34.64	
336.32	58.81	
336.531	64.14	
336.742	58.4	
336.953	18.26	
337.164	26.45	
337.375	-10	
337.586	4.33	
337.797	-41.13	
338.007	14.57	
338.218	7.2	
338.429	33.83	
338.64	-7.13	
338.851	42.84	
339.062	17.85	
339.273	80.93	
339.484	46.93	
339.695	-0.58	
339.906	3.11	
340.116	15.8	
340.327	-7.13	
340.538	4.33	
340.749	45.7	
340.96	21.13	
341.171	-13.28	
341.381	-19.01	
341.592	-1.4	
341.803	25.63	
342.014	42.43	
342.224	76.01	
342.435	56.35	
342.646	10.07	
342.857	-2.63	
343.067	-27.2	
343.278	-14.92	
343.489	-2.63	
343.699	37.1	
343.91	45.7	
344.121	53.49	
344.331	-22.7	
344.542	-27.2	
344.753	14.57	
344.963	28.91	
345.174	66.59	
345.384	155.47	
345.595	198.07	
345.806	157.93	
346.016	131.31	
346.227	136.22	
346.437	140.32	
346.648	115.33	
346.858	120.25	
347.069	107.96	
347.279	94.86	
347.49	35.87	
347.7	51.03	
347.911	-16.14	
348.121	12.12	
348.332	22.77	
348.542	-13.28	
348.753	-36.62	
348.963	54.71	
349.173	64.14	
349.384	90.76	
349.594	181.28	
349.805	225.11	
350.015	160.8	
350.225	157.11	
350.436	138.27	
350.646	150.15	
350.856	116.56	
351.067	136.22	
351.277	84.21	
351.487	30.14	
351.698	-64.48	
351.908	-44.41	
352.118	-33.76	
352.328	-18.19	
352.539	70.69	
352.749	76.83	
352.959	55.53	
353.169	57.99	
353.38	76.01	
353.59	62.09	
353.8	109.6	
354.01	104.69	
354.22	109.19	
354.431	207.9	
354.641	155.47	
354.851	147.69	
355.061	147.28	
355.271	201.76	
355.481	119.43	
355.691	121.07	
355.901	85.02	
356.111	87.48	
356.321	30.55	
356.532	26.45	
356.742	12.12	
356.952	36.28	
357.162	28.91	
357.372	10.89	
357.582	-9.18	
357.792	-51.78	
358.002	-66.52	
358.212	2.7	
358.422	37.51	
358.632	31.78	
358.842	69.05	
359.051	133.77	
359.261	68.64	
359.471	69.05	
359.681	117.79	
359.891	108.37	
360.101	23.59	
360.311	10.89	
360.521	-34.58	
360.731	-40.72	
360.94	-25.16	
361.15	43.25	
361.36	94.86	
361.57	108.78	
361.78	99.77	
361.989	97.72	
362.199	85.84	
362.409	58.4	
362.619	55.12	
362.828	172.68	
363.038	190.29	
363.248	192.75	
363.458	208.31	
363.667	228.79	
363.877	118.2	
364.087	103.05	
364.296	57.17	
364.506	78.88	
364.716	60.04	
364.925	33.83	
365.135	1.88	
365.345	38.33	
365.554	19.9	
365.764	102.64	
365.973	120.66	
366.183	191.52	
366.393	198.48	
366.602	214.05	
366.812	91.58	
367.021	121.07	
367.231	52.67	
367.44	19.08	
367.65	14.17	
367.859	70.69	
368.069	29.73	
368.278	88.71	
368.488	107.14	
368.697	19.9	
368.907	-14.92	
369.116	125.17	
369.326	101	
369.535	99.36	
369.744	180.46	
369.954	223.47	
370.163	106.73	
370.373	111.65	
370.582	101	
370.791	75.19	
371.001	39.97	
371.21	37.92	
371.419	34.64	
371.629	26.45	
371.838	15.8	
372.047	106.73	
372.256	81.75	
372.466	101.41	
372.675	71.92	
372.884	72.74	
373.093	-21.06	
373.303	65.36	
373.512	52.26	
373.721	113.7	
373.93	98.54	
374.139	210.77	
374.349	132.95	
374.558	207.49	
374.767	161.62	
374.976	193.16	
375.185	161.21	
375.394	172.68	
375.603	122.3	
375.813	153.02	
376.022	133.77	
376.231	67.41	
376.44	93.22	
376.649	125.98	
376.858	164.08	
377.067	203.81	
377.276	292.69	
377.485	350.44	
377.694	347.57	
377.903	357.4	
378.112	353.31	
378.321	384.03	
378.53	376.66	
378.739	432.77	
378.948	463.49	
379.157	509.36	
379.366	556.47	
379.575	583.5	
379.784	564.66	
379.992	590.87	
380.201	725.22	
380.41	718.67	
380.619	721.94	
380.828	781.33	
381.037	790.35	
381.246	676.89	
381.454	661.73	
381.663	780.92	
381.872	803.86	
382.081	928.38	
382.29	1076.24	
382.498	1181.92	
382.707	1246.63	
382.916	1364.19	
383.125	1361.32	
383.333	1389.17	
383.542	1468.22	
383.751	1490.34	
383.959	1595.2	
384.168	1696.37	
384.377	1831.94	
384.585	1897.07	
384.794	1989.64	
385.003	2036.33	
385.211	2133.81	
385.42	2193.61	
385.628	2311.58	
385.837	2393.09	
386.046	2552.83	
386.254	2699.46	
386.463	2824.8	
386.671	3016.9	
386.88	3188.93	
387.088	3307.3	
387.297	3453.52	
387.505	3619	
387.714	3650.95	
387.922	3803.32	
388.131	3937.66	
388.339	4127.31	
388.548	4241.58	
388.756	4478.74	
388.965	4656.5	
389.173	4775.69	
389.381	4943.63	
389.59	5168.08	
389.798	5421.62	
390.007	5675.57	
390.215	5979.9	
390.423	6267.43	
390.632	6531.21	
390.84	6818.75	
391.048	6981.35	
391.257	7248.41	
391.465	7429.86	
391.673	7715.76	
391.882	7912.77	
392.09	8233.07	
392.298	8497.26	
392.506	8774.15	
392.715	9098.95	
392.923	9439.74	
393.131	9752.26	
393.339	10070.51	
393.547	10428.91	
393.756	10699.24	
393.964	11013.4	
394.172	11426.68	
394.38	11754.76	
394.588	12179.1	
394.796	12605.49	
395.005	12975.35	
395.213	13386.17	
395.421	13815.84	
395.629	14251.23	
395.837	14646.08	
396.045	15111.38	
396.253	15570.54	
396.461	16168.13	
396.669	16684.63	
396.877	17315	
397.085	17942.9	
397.293	18562.62	
397.501	19034.47	
397.709	19632.07	
397.917	20147.34	
398.125	20790.81	
398.333	21424.86	
398.541	22050.72	
398.749	22708.94	
398.957	23381.49	
399.165	23992.6	
399.373	24611.09	
399.581	25388.09	
399.788	26155.67	
399.996	26899.9	
400.204	27732.6	
400.412	28518.61	
400.62	29249.33	
400.828	30035.34	
401.035	31047.85	
401.243	31846.15	
401.451	32730.06	
401.659	33622.56	
401.867	34481.89	
402.074	35199.91	
402.282	36049.4	
402.49	36786.67	
402.697	37676.72	
402.905	38430.78	
403.113	39366.7	
403.321	40025.33	
403.528	40798.64	
403.736	41445.39	
403.944	42113.85	
404.151	42771.25	
404.359	43465.1	
404.566	44087.27	
404.774	44761.87	
404.982	45226.76	
405.189	45482.35	
405.397	45874.33	
405.604	46146.71	
405.812	46366.25	
406.02	46507.97	
406.227	46781.99	
406.435	46812.3	
406.642	46806.16	
406.85	46870.87	
407.057	46888.48	
407.265	46709.9	
407.472	46677.95	
407.679	46481.76	
407.887	45939.05	
408.094	45611.78	
408.302	44958.89	
408.509	44352.28	
408.717	43880.84	
408.924	43370.07	
409.131	42584.47	
409.339	42124.09	
409.546	41367.57	
409.753	40630.3	
409.961	39856.17	
410.168	39075.48	
410.375	38102.29	
410.583	37085.68	
410.79	36116.58	
410.997	35163.04	
411.205	34273.41	
411.412	33370.25	
411.619	32573.18	
411.826	31550.43	
412.034	30576.41	
412.241	29656.87	
412.448	28728.33	
412.655	27766.19	
412.862	26958.47	
413.07	26119.21	
413.277	25286.51	
413.484	24561.94	
413.691	23883.24	
413.898	23205.36	
414.105	22503.32	
414.312	21897.53	
414.519	21244.64	
414.727	20690.87	
414.934	20159.21	
415.141	19715.21	
415.348	19182.33	
415.555	18720.31	
415.762	18284.09	
415.969	17782.75	
416.176	17431.32	
416.383	17033.2	
416.59	16575.68	
416.797	16140.28	
417.004	15822.44	
417.211	15437.01	
417.418	15094.59	
417.625	14864.81	
417.831	14583.01	
418.038	14291.37	
418.245	14010.39	
418.452	13757.67	
418.659	13440.65	
418.866	13180.56	
419.073	12935.62	
419.28	12575.59	
419.486	12377.75	
419.693	12095.13	
419.9	11851.83	
420.107	11563.89	
420.314	11445.11	
420.52	11185.83	
420.727	11047.39	
420.934	10802.86	
421.141	10529.67	
421.347	10180.28	
421.554	9910.36	
421.761	9532.71	
421.967	9305.8	
422.174	9132.13	
422.381	8947.81	
422.588	8672.16	
422.794	8450.16	
423.001	8276.49	
423.207	7996.33	
423.414	7725.18	
423.621	7493.35	
423.827	7335.24	
424.034	7100.14	
424.24	6894.93	
424.447	6662.69	
424.654	6453.39	
424.86	6236.3	
425.067	5956.14	
425.273	5791.89	
425.48	5727.18	
425.686	5642.8	
425.893	5521.97	
426.099	5361.82	
426.306	5201.67	
426.512	5037.42	
426.718	4870.31	
426.925	4675.75	
427.131	4550.83	
427.338	4403.37	
427.544	4200.62	
427.75	3987.22	
427.957	3843.87	
428.163	3778.74	
428.37	3700.92	
428.576	3659.96	
428.782	3607.94	
428.988	3625.14	
429.195	3500.22	
429.401	3383.07	
429.607	3281.49	
429.814	3273.71	
430.02	3134.86	
430.226	3066.05	
430.432	3003.38	
430.639	2942.35	
430.845	2883.78	
431.051	2845.28	
431.257	2821.11	
431.463	2755.17	
431.67	2675.3	
431.876	2571.26	
432.082	2483.61	
432.288	2443.88	
432.494	2386.53	
432.7	2390.22	
432.906	2329.19	
433.112	2307.48	
433.318	2277.99	
433.525	2273.48	
433.731	2171.9	
433.937	2160.85	
434.143	2087.12	
434.349	1996.19	
434.555	1933.52	
434.761	1925.33	
434.967	1828.67	
435.173	1790.98	
435.379	1770.09	
435.585	1767.23	
435.791	1693.5	
435.996	1743.06	
436.202	1738.96	
436.408	1660.73	
436.614	1577.99	
436.82	1573.08	
437.026	1446.1	
437.232	1402.69	
437.438	1355.18	
437.644	1273.26	
437.849	1215.5	
438.055	1210.59	
438.261	1157.34	
438.467	1090.17	
438.673	1094.26	
438.878	995.55	
439.084	964.42	
439.29	991.46	
439.496	1001.7	
439.701	994.32	
439.907	978.76	
440.113	917.73	
440.318	839.09	
440.524	787.07	
440.73	748.16	
440.935	753.07	
441.141	720.71	
441.347	757.17	
441.552	751.02	
441.758	750.21	
441.964	679.35	
442.169	722.76	
442.375	643.3	
442.58	664.19	
442.786	669.52	
442.991	676.48	
443.197	577.77	
443.402	600.29	
443.608	570.39	
443.813	612.17	
444.019	637.16	
444.224	656.41	
444.43	580.22	
444.635	605.21	
444.841	476.6	
445.046	523.7	
445.252	490.11	
445.457	496.26	
445.662	407.38	
445.868	405.33	
446.073	308.66	
446.278	315.63	
446.484	278.35	
446.689	268.11	
446.894	249.27	
447.1	254.6	
447.305	306.62	
447.51	347.98	
447.716	344.71	
447.921	350.85	
448.126	361.91	
448.331	255.01	
448.537	257.87	
448.742	284.5	
448.947	235.35	
449.152	207.08	
449.357	308.25	
449.563	313.17	
449.768	295.56	
449.973	318.49	
450.178	313.17	
450.383	191.11	
450.588	157.52	
450.793	138.68	
450.999	196.43	
451.204	170.63	
451.409	199.3	
451.614	164.49	
451.819	180.05	
452.024	114.52	
452.229	126.39	
452.434	172.27	
452.639	149.74	
452.844	164.49	
453.049	120.66	
453.254	81.75	
453.459	50.62	
453.664	101.41	
453.869	95.67	
454.074	149.33	
454.279	204.63	
454.483	166.94	
454.688	125.57	
454.893	172.68	
455.098	164.49	
455.303	123.94	
455.508	145.24	
455.713	161.62	
455.917	69.87	
456.122	75.6	
456.327	42.43	
456.532	105.09	
456.737	64.14	
456.941	92.81	
457.146	85.84	
457.351	133.36	
457.555	82.16	
457.76	150.56	
457.965	164.9	
458.17	157.52	
458.374	187.42	
458.579	221.42	
458.784	152.61	
458.988	93.22	
459.193	97.72	
459.397	82.57	
459.602	36.28	
459.807	133.77	
460.011	134.59	
460.216	114.93	
460.42	34.24	
460.625	-15.74	
460.829	-71.44	
461.034	-74.72	
461.239	-77.99	
461.443	-30.48	
461.648	13.35	
461.852	-14.92	
462.056	66.18	
462.261	58.4	
462.465	147.69	
462.67	137.45	
462.874	133.36	
463.079	68.64	
463.283	61.68	
463.487	-9.18	
463.692	14.57	
463.896	-12.46	
464.1	1.88	
464.305	-15.74	
464.509	-34.58	
464.713	-26.38	
464.918	42.84	
465.122	59.63	
465.326	57.58	
465.531	44.07	
465.735	-4.68	
465.939	-31.71	
466.143	-55.88	
466.348	-54.24	
466.552	-81.27	
466.756	-17.78	
466.96	8.43	
467.164	8.02	
467.368	25.22	
467.573	80.11	
467.777	25.22	
467.981	-0.99	
468.185	-17.78	
468.389	17.03	
468.593	-60.38	
468.797	-89.46	
469.001	-104.21	
469.205	-99.7	
469.409	-100.93	
469.613	-52.19	
469.817	-12.87	
470.021	5.56	
470.225	27.68	
470.429	-10	
470.633	-2.22	
470.837	12.94	
471.041	-3.04	
471.245	-68.98	
471.449	-25.98	
471.653	-13.69	
471.857	21.13	
472.061	-6.72	
472.265	23.18	
472.469	8.43	
472.673	-19.83	
472.876	-71.85	
473.08	-48.91	
473.284	-4.68	
473.488	-28.43	
473.692	12.94	
473.895	76.01	
474.099	117.38	
474.303	89.12	
474.507	125.17	
474.71	100.18	
474.914	6.79	
475.118	-10.41	
475.322	6.38	
475.525	-71.03	
475.729	-29.25	
475.933	4.33	
476.136	108.78	
476.34	134.18	
476.543	210.36	
476.747	171.04	
476.951	185.78	
477.154	36.69	
477.358	69.46	
477.561	57.99	
477.765	64.14	
477.969	37.51	
478.172	53.9	
478.376	1.88	
478.579	-21.06	
478.783	-33.35	
478.986	-7.95	
479.19	3.52	
479.393	26.86	
479.596	56.76	
479.8	95.26	
480.003	63.32	
480.207	66.59	
480.41	14.98	
480.614	32.19	
480.817	-13.69	
481.02	82.57	
481.224	116.15	
481.427	159.57	
481.63	173.09	
481.834	210.77	
482.037	98.13	
482.24	71.51	
482.443	37.92	
482.647	-30.48	
482.85	-66.52	
483.053	10.07	
483.256	-55.47	
483.46	-23.52	
483.663	-3.04	
483.866	49.8	
484.069	-7.54	
484.272	26.86	
484.476	9.25	
484.679	43.25	
484.882	60.45	
485.085	50.62	
485.288	49.8	
485.491	78.06	
485.694	7.2	
485.897	-32.53	
486.101	-9.59	
486.304	61.27	
486.507	-10.41	
486.71	5.15	
486.913	-20.65	
487.116	-54.65	
487.319	-115.68	
487.522	-82.5	
487.725	-19.42	
487.928	-5.09	
488.13	7.2	
488.333	35.46	
488.536	28.5	
488.739	-14.51	
488.942	1.88	
489.145	20.72	
489.348	3.93	
489.551	7.2	
489.754	14.17	
489.956	0.65	
490.159	-14.1	
490.362	-31.71	
490.565	-62.02	
490.768	-76.76	
490.97	-13.69	
491.173	12.94	
491.376	29.73	
491.579	35.05	
491.781	82.16	
491.984	25.22	
492.187	32.6	
492.39	7.61	
492.592	35.05	
492.795	40.38	
492.998	-14.51	
493.2	-50.96	
493.403	-29.66	
493.605	17.03	
493.808	-29.25	
494.011	-15.74	
494.213	-13.28	
494.416	9.25	
494.618	-59.56	
494.821	-78.81	
495.023	-0.99	
495.226	23.59	
495.428	-16.14	
495.631	33.83	
495.833	84.62	
496.036	39.15	
496.238	8.02	
496.441	51.85	
496.643	29.73	
496.846	-14.92	
497.048	-16.14	
497.25	38.33	
497.453	38.33	
497.655	98.95	
497.858	159.57	
498.06	194.8	
498.262	127.62	
498.465	125.98	
498.667	104.69	
498.869	107.96	
499.071	60.45	
499.274	114.93	
499.476	94.45	
499.678	43.25	
499.881	-10.82	
500.083	6.38	
500.285	-33.76	
500.487	-4.27	
500.689	-0.58	
500.892	-40.72	
501.094	-89.87	
501.296	-28.02	
501.498	-64.89	
501.7	-68.16	
501.902	-28.43	
502.104	19.49	
502.306	-39.9	
502.509	-19.01	
502.711	-50.55	
502.913	-43.18	
503.115	-93.15	
503.317	-64.07	
503.519	-109.12	
503.721	-45.64	
503.923	44.48	
504.125	81.34	
504.327	87.07	
504.529	130.49	
504.731	98.95	
504.933	31.78	
505.134	18.26	
505.336	12.12	
505.538	35.46	
505.74	8.84	
505.942	-29.66	
506.144	-21.06	
506.346	-35.81	
506.548	-11.23	
506.749	23.59	
506.951	50.21	
507.153	44.88	
507.355	21.54	
507.557	-11.23	
507.758	-2.22	
507.96	-31.71	
508.162	-7.13	
508.363	35.46	
508.565	39.15	
508.767	-1.4	
508.969	30.14	
509.17	50.21	
509.372	26.45	
509.574	-33.35	
509.775	1.88	
509.977	-21.88	
510.178	-18.19	
510.38	-13.69	
510.582	34.24	
510.783	1.06	
510.985	3.93	
511.186	-56.69	
511.388	-19.01	
511.589	-10	
511.791	-25.16	
511.992	-35.4	
512.194	-2.63	
512.395	-83.32	
512.597	-68.98	
512.798	-49.32	
513	-23.11	
513.201	-5.9	
513.403	89.12	
513.604	36.28	
513.805	49.39	
514.007	28.5	
514.208	-30.48	
514.409	-79.63	
514.611	-55.06	
514.812	-14.51	
515.013	65.77	
515.215	96.9	
515.416	78.06	
515.617	41.2	
515.819	-36.62	
516.02	-117.31	
516.221	-84.14	
516.422	-90.69	
516.623	-64.07	
516.825	-63.66	
517.026	-62.84	
517.227	-121.82	
517.428	-155	
517.629	-130.42	
517.83	-73.9	
518.032	-33.76	
518.233	16.62	
518.434	88.3	
518.635	115.74	
518.836	86.66	
519.037	37.92	
519.238	40.38	
519.439	42.43	
519.64	-21.88	
519.841	12.12	
520.042	24.81	
520.243	1.06	
520.444	-19.01	
520.645	-12.46	
520.846	-49.32	
521.047	-28.02	
521.248	-39.49	
521.449	-6.72	
521.65	10.48	
521.851	98.13	
522.052	57.58	
522.252	97.31	
522.453	75.6	
522.654	21.95	
522.855	-32.12	
523.056	-40.31	
523.257	-66.52	
523.457	-52.6	
523.658	-19.83	
523.859	-44.41	
524.06	-52.6	
524.26	-84.14	
524.461	-100.52	
524.662	-110.76	
524.862	-147.62	
525.063	-110.35	
525.264	-57.92	
525.464	-71.85	
525.665	-14.1	
525.866	100.59	
526.066	64.95	
526.267	43.66	
526.468	27.68	
526.668	-13.69	
526.869	-86.19	
527.069	-70.62	
527.27	-33.35	
527.47	55.12	
527.671	58.81	
527.871	45.7	
528.072	88.71	
528.272	48.16	
528.473	21.95	
528.673	78.88	
528.874	108.37	
529.074	102.64	
529.275	127.62	
529.475	137.45	
529.675	50.21	
529.876	35.87	
530.076	1.88	
530.277	-17.78	
530.477	-45.64	
530.677	-34.99	
530.878	-46.86	
531.078	36.28	
531.278	23.18	
531.478	8.43	
531.679	4.74	
531.879	9.25	
532.079	-35.81	
532.28	-1.81	
532.48	-17.37	
532.68	9.66	
532.88	12.94	
533.08	5.15	
533.28	-28.43	
533.481	-38.67	
533.681	-39.9	
533.881	-36.62	
534.081	-41.95	
534.281	-19.01	
534.481	28.09	
534.681	39.97	
534.881	105.91	
535.081	86.25	
535.281	64.55	
535.481	94.04	
535.682	80.93	
535.882	-10.41	
536.082	-28.84	
536.281	-12.87	
536.481	11.71	
536.681	23.18	
536.881	33.01	
537.081	45.7	
537.281	37.92	
537.481	-48.5	
537.681	-89.05	
537.881	-114.45	
538.081	-34.99	
538.281	-40.31	
538.48	-46.45	
538.68	-5.5	
538.88	110.01	
539.08	89.53	
539.28	78.06	
539.479	143.19	
539.679	129.67	
539.879	35.46	
540.079	-1.81	
540.278	27.68	
540.478	-61.61	
540.678	-66.12	
540.877	-12.05	
541.077	-46.86	
541.277	-41.95	
541.476	76.83	
541.676	99.36	
541.876	105.09	
542.075	146.05	
542.275	107.96	
542.474	54.31	
542.674	53.49	
542.874	27.27	
543.073	1.47	
543.273	28.91	
543.472	46.93	
543.672	25.63	
543.871	-16.55	
544.071	-6.31	
544.27	57.99	
544.47	10.48	
544.669	37.51	
544.868	67.82	
545.068	74.38	
545.267	-6.31	
545.467	81.34	
545.666	26.04	
545.865	51.03	
546.065	29.32	
546.264	17.44	
546.463	-65.71	
546.663	-3.86	
546.862	-22.29	
547.061	-3.04	
547.261	20.31	
547.46	73.97	
547.659	47.75	
547.858	134.59	
548.058	133.77	
548.257	163.26	
548.456	123.94	
548.655	108.37	
548.854	42.43	
549.053	107.55	
549.253	70.69	
549.452	80.11	
549.651	137.86	
549.85	196.02	
550.049	161.62	
550.248	155.47	
550.447	139.91	
550.646	145.64	
550.845	121.07	
551.044	91.17	
551.243	77.65	
551.442	104.28	
551.641	61.27	
551.84	64.14	
552.039	115.33	
552.238	146.87	
552.437	121.48	
552.636	128.03	
552.835	72.74	
553.034	73.56	
553.233	85.43	
553.432	82.57	
553.63	61.27	
553.829	70.69	
554.028	-5.09	
554.227	-10.82	
554.426	21.95	
554.625	72.33	
554.823	60.45	
555.022	126.8	
555.221	160.39	
555.42	122.3	
555.618	116.56	
555.817	112.88	
556.016	82.16	
556.214	73.15	
556.413	89.12	
556.612	67	
556.81	51.85	
557.009	49.8	
557.208	20.72	
557.406	11.3	
557.605	-9.59	
557.803	-11.23	
558.002	-16.55	
558.201	-41.13	
558.399	-37.03	
558.598	-80.04	
558.796	-50.14	
558.995	-53.83	
559.193	-24.34	
559.392	-62.02	
559.59	19.49	
559.789	34.64	
559.987	102.64	
560.185	144.83	
560.384	153.43	
560.582	150.97	
560.781	172.68	
560.979	121.07	
561.177	39.56	
561.376	69.05	
561.574	89.12	
561.772	-32.53	
561.971	20.72	
562.169	54.71	
562.367	8.02	
562.566	-45.23	
562.764	-15.74	
562.962	-80.86	
563.16	-124.69	
563.358	-71.85	
563.557	-63.25	
563.755	-40.72	
563.953	-35.81	
564.151	7.61	
564.349	48.16	
564.547	85.43	
564.746	84.62	
564.944	52.26	
565.142	34.64	
565.34	-13.28	
565.538	-68.16	
565.736	-47.27	
565.934	-45.23	
566.132	-23.52	
566.33	-0.99	
566.528	62.5	
566.726	19.49	
566.924	78.88	
567.122	50.62	
567.32	-4.68	
567.518	-47.68	
567.716	-30.48	
567.914	-64.48	
568.112	-57.51	
568.31	-1.4	
568.507	11.3	
568.705	-30.07	
568.903	-21.88	
569.101	25.22	
569.299	48.57	
569.497	57.58	
569.694	112.06	
569.892	96.08	
570.09	87.07	
570.288	26.04	
570.486	10.89	
570.683	61.68	
570.881	34.24	
571.079	-5.5	
571.276	-3.45	
571.474	-15.74	
571.672	-99.7	
571.869	-63.66	
572.067	-65.71	
572.265	-44.41	
572.462	6.38	
572.66	69.87	
572.857	103.46	
573.055	148.92	
573.253	147.28	
573.45	90.35	
573.648	102.23	
573.845	60.04	
574.043	37.92	
574.24	19.9	
574.438	-2.63	
574.635	-37.85	
574.832	-56.29	
575.03	-39.49	
575.227	67.82	
575.425	73.15	
575.622	44.48	
575.82	58.4	
576.017	83.8	
576.214	12.12	
576.412	62.91	
576.609	44.88	
576.806	14.98	
577.004	-35.81	
577.201	-43.59	
577.398	-23.93	
577.595	84.62	
577.793	147.69	
577.99	185.78	
578.187	158.34	
578.384	116.97	
578.582	35.05	
578.779	69.87	
578.976	24	
579.173	91.99	
579.37	107.55	
579.567	158.34	
579.764	78.06	
579.962	105.91	
580.159	76.42	
580.356	79.29	
580.553	85.84	
580.75	128.44	
580.947	115.33	
581.144	156.7	
581.341	136.22	
581.538	146.05	
581.735	114.11	
581.932	131.31	
582.129	46.93	
582.326	62.09	
582.523	-0.58	
582.72	-1.81	
582.916	-35.81	
583.113	-39.49	
583.31	-57.51	
583.507	-47.27	
583.704	21.95	
583.901	107.55	
584.098	106.32	
584.294	117.79	
584.491	109.19	
584.688	66.18	
584.885	-35.81	
585.082	81.75	
585.278	120.25	
585.475	146.87	
585.672	112.88	
585.868	150.97	
586.065	71.1	
586.262	-10.41	
586.458	5.97	
586.655	60.45	
586.852	46.52	
587.048	-7.54	
587.245	3.93	
587.442	54.71	
587.638	65.77	
587.835	116.15	
588.031	183.33	
588.228	216.91	
588.424	149.74	
588.621	137.45	
588.817	71.1	
589.014	105.91	
589.21	104.28	
589.407	81.34	
589.603	54.71	
589.8	120.25	
589.996	112.88	
590.192	96.49	
590.389	140.32	
590.585	139.09	
590.782	55.94	
590.978	99.77	
591.174	94.86	
591.371	81.75	
591.567	76.42	
591.763	102.23	
591.959	29.32	
592.156	46.11	
592.352	60.86	
592.548	81.75	
592.744	103.46	
592.941	63.73	
593.137	34.64	
593.333	-9.59	
593.529	31.37	
593.725	46.52	
593.922	45.29	
594.118	113.29	
594.314	82.98	
594.51	58.4	
594.706	5.15	
594.902	69.05	
595.098	34.64	
595.294	69.87	
595.49	10.89	
595.686	56.76	
595.882	-21.06	
596.078	34.64	
596.274	59.63	
596.47	112.47	
596.666	100.18	
596.862	106.32	
597.058	77.65	
597.254	89.94	
597.45	60.86	
597.646	105.91	
597.842	118.61	
598.037	169.4	
598.233	166.94	
598.429	231.66	
598.625	146.87	
598.821	130.08	
599.017	22.36	
599.212	41.61	
599.408	20.72	
599.604	45.7	
599.8	62.5	
599.995	51.85	
600.191	22.77	
600.387	-44	
600.582	-46.45	
600.778	-18.19	
600.974	17.44	
601.169	-5.9	
601.365	48.98	
601.561	27.68	
601.756	-0.99	
601.952	10.48	
602.147	7.2	
602.343	-28.84	
602.538	31.78	
602.734	28.91	
602.93	39.15	
603.125	39.56	
603.321	64.14	
603.516	27.27	
603.711	39.15	
603.907	10.89	
604.102	33.83	
604.298	63.73	
604.493	52.67	
604.689	99.77	
604.884	99.77	
605.079	82.16	
605.275	26.04	
605.47	18.26	
605.665	-14.92	
605.861	29.32	
606.056	24.81	
606.251	-12.05	
606.447	35.46	
606.642	13.35	
606.837	-44.41	
607.032	19.9	
607.227	30.96	
607.423	-0.17	
607.618	3.52	
607.813	13.35	
608.008	-52.19	
608.203	62.09	
608.398	112.06	
608.594	75.19	
608.789	79.29	
608.984	137.04	
609.179	108.78	
609.374	64.14	
609.569	110.01	
609.764	81.75	
609.959	38.74	
610.154	8.43	
610.349	40.38	
610.544	40.79	
610.739	69.87	
610.934	96.49	
611.129	141.55	
611.324	158.75	
611.519	183.74	
611.714	209.54	
611.909	160.39	
612.103	174.32	
612.298	154.66	
612.493	155.07	
612.688	149.74	
612.883	207.08	
613.078	116.56	
613.272	173.09	
613.467	169.4	
613.662	203.81	
613.857	207.49	
614.051	268.11	
614.246	179.23	
614.441	144.42	
614.635	47.34	
614.83	8.02	
615.025	-75.13	
615.219	-72.67	
615.414	-101.75	
615.609	-68.57	
615.803	-76.36	
615.998	24	
616.192	36.28	
616.387	61.68	
616.582	130.49	
616.776	166.12	
616.971	109.6	
617.165	99.77	
617.36	68.64	
617.554	25.63	
617.749	54.31	
617.943	71.51	
618.138	74.78	
618.332	109.6	
618.526	73.56	
618.721	19.08	
618.915	24.81	
619.11	24.4	
619.304	-29.66	
619.498	-19.83	
619.693	37.92	
619.887	15.39	
620.081	-18.19	
620.275	40.38	
620.47	77.24	
620.664	37.51	
620.858	1.47	
621.052	31.37	
621.247	41.2	
621.441	8.43	
621.635	-3.45	
621.829	48.98	
622.023	41.61	
622.218	62.09	
622.412	53.9	
622.606	39.97	
622.8	25.22	
622.994	45.29	
623.188	-18.19	
623.382	-3.45	
623.576	-7.54	
623.77	-39.08	
623.964	-30.48	
624.158	13.35	
624.352	-31.3	
624.546	-12.05	
624.74	45.29	
624.934	27.68	
625.128	33.83	
625.322	78.06	
625.516	79.29	
625.71	35.05	
625.904	1.88	
626.098	24.4	
626.291	24.4	
626.485	13.76	
626.679	8.02	
626.873	105.5	
627.067	55.53	
627.26	108.78	
627.454	135.81	
627.648	181.69	
627.842	121.07	
628.035	138.68	
628.229	97.72	
628.423	30.14	
628.617	-7.95	
628.81	-9.18	
629.004	-16.55	
629.198	-4.68	
629.391	26.86	
629.585	91.17	
629.778	75.19	
629.972	96.9	
630.166	91.99	
630.359	66.18	
630.553	7.61	
630.746	35.46	
630.94	48.57	
631.133	-32.94	
631.327	-8.36	
631.52	-16.55	
631.714	-30.89	
631.907	-59.56	
632.1	54.31	
632.294	101	
632.487	128.03	
632.681	152.2	
632.874	150.56	
633.067	150.15	
633.261	90.35	
633.454	72.74	
633.647	55.53	
633.841	7.61	
634.034	-0.99	
634.227	19.08	
634.421	21.13	
634.614	7.61	
634.807	43.25	
635	-50.14	
635.193	-0.58	
635.387	-35.81	
635.58	-39.9	
635.773	-27.61	
635.966	41.2	
636.159	22.36	
636.352	3.93	
636.545	-16.14	
636.739	-48.09	
636.932	-79.63	
637.125	-114.04	
637.318	-102.98	
637.511	-23.52	
637.704	-27.61	
637.897	19.49	
638.09	1.06	
638.283	82.16	
638.476	36.28	
638.669	89.12	
638.862	102.23	
639.055	92.4	
639.247	71.92	
639.44	39.56	
639.633	46.93	
639.826	-17.78	
640.019	8.02	
640.212	-14.1	
640.405	31.78	
640.597	2.29	
640.79	48.16	
640.983	61.27	
641.176	37.51	
641.368	53.49	
641.561	100.59	
641.754	61.27	
641.947	130.49	
642.139	181.28	
642.332	139.5	
642.525	119.43	
642.717	144.01	
642.91	51.85	
643.103	24.81	
643.295	22.77	
643.488	10.48	
643.68	-28.84	
643.873	-2.22	
644.065	2.7	
644.258	3.93	
644.45	-17.37	
644.643	0.24	
644.835	-14.92	
645.028	-65.71	
645.22	-60.79	
645.413	-93.97	
645.605	-90.69	
645.798	-111.58	
645.99	-25.16	
646.182	-38.26	
646.375	22.36	
646.567	17.03	
646.76	-4.27	
646.952	-38.26	
647.144	-39.9	
647.337	-67.34	
647.529	-36.21	
647.721	45.7	
647.913	54.31	
648.106	33.42	
648.298	-6.31	
648.49	-52.6	
648.682	-134.52	
648.874	-132.88	
649.067	-90.69	
649.259	-59.15	
649.451	-58.33	
649.643	-22.29	
649.835	-7.54	
650.027	24.4	
650.219	24	
650.411	66.18	
650.603	57.99	
650.796	71.92	
650.988	58.4	
651.18	122.3	
651.372	140.73	
651.564	134.59	
651.756	49.39	
651.948	56.35	
652.139	-10.82	
652.331	-47.68	
652.523	-8.77	
652.715	28.91	
652.907	20.31	
653.099	28.5	
653.291	39.56	
653.483	8.43	
653.674	39.97	
653.866	38.74	
654.058	19.49	
654.25	-0.99	
654.442	-12.05	
654.633	-84.55	
654.825	-114.86	
655.017	-83.73	
655.209	-103.39	
655.4	-80.04	
655.592	-84.55	
655.784	-26.79	
655.975	-51.37	
656.167	-41.13	
656.359	-58.33	
656.55	-7.95	
656.742	-76.76	
656.933	2.29	
657.125	8.84	
657.316	-21.06	
657.508	-59.56	
657.7	-2.22	
657.891	-89.87	
658.083	-73.08	
658.274	-10	
658.466	34.64	
658.657	24.81	
658.848	-1.4	
659.04	5.15	
659.231	-39.08	
659.423	-42.36	
659.614	-68.57	
659.805	51.03	
659.997	105.91	
660.188	150.15	
660.379	148.51	
660.571	122.3	
660.762	30.14	
660.953	-50.55	
661.145	-59.15	
661.336	-95.61	
661.527	96.08	
661.718	173.09	
661.909	190.29	
662.101	198.07	
662.292	239.03	
662.483	42.43	
662.674	-10	
662.865	-1.4	
663.056	-41.95	
663.247	-92.33	
663.439	-36.62	
663.63	-32.53	
663.821	-65.3	
664.012	-33.35	
664.203	51.44	
664.394	34.24	
664.585	61.27	
664.776	46.11	
664.967	53.9	
665.158	5.15	
665.349	74.78	
665.54	52.26	
665.73	121.48	
665.921	52.67	
666.112	54.31	
666.303	-23.52	
666.494	76.83	
666.685	26.04	
666.876	78.06	
667.066	93.63	
667.257	119.43	
667.448	-14.92	
667.639	-16.55	
667.83	-35.81	
668.02	-30.07	
668.211	-86.19	
668.402	-47.68	
668.592	-69.39	
668.783	-51.37	
668.974	-62.43	
669.164	-7.13	
669.355	-6.31	
669.546	33.01	
669.736	42.02	
669.927	4.74	
670.117	-52.19	
670.308	-44	
670.499	-84.55	
670.689	-90.69	
670.88	-107.48	
671.07	-47.27	
671.261	-59.56	
671.451	20.31	
671.641	-51.78	
671.832	9.25	
672.022	-2.22	
672.213	-34.58	
672.403	-71.85	
672.594	23.18	
672.784	29.73	
672.974	9.25	
673.165	-16.14	
673.355	-25.98	
673.545	-1.4	
673.736	30.96	
673.926	-14.51	
674.116	65.77	
674.306	19.49	
674.497	-56.29	
674.687	-125.51	
674.877	-88.64	
675.067	-121.82	
675.257	-54.65	
675.448	-37.44	
675.638	-5.9	
675.828	-22.29	
676.018	36.69	
676.208	-5.9	
676.398	14.57	
676.588	-16.14	
676.778	-13.69	
676.968	-61.61	
677.158	-22.29	
677.348	-80.04	
677.538	-93.56	
677.728	-38.67	
677.918	-64.89	
678.108	-89.05	
678.298	-57.1	
678.488	-53.42	
678.678	-56.69	
678.868	-38.26	
679.058	-49.73	
679.248	-31.71	
679.438	-27.2	
679.627	-58.33	
679.817	-75.54	
680.007	-68.98	
680.197	-80.45	
680.387	-82.09	
680.576	-62.84	
680.766	-84.14	
680.956	-69.8	
681.146	-17.37	
681.335	-21.88	
681.525	-57.51	
681.715	-3.45	
681.904	10.89	
682.094	-6.31	
682.284	-21.47	
682.473	4.74	
682.663	34.24	
682.852	28.5	
683.042	35.87	
683.231	71.92	
683.421	64.14	
683.61	5.56	
683.8	-23.93	
683.989	-59.97	
684.179	-45.23	
684.368	-86.19	
684.558	-82.5	
684.747	-72.26	
684.937	-101.34	
685.126	-97.65	
685.316	-87	
685.505	-119.36	
685.694	-52.6	
685.884	48.98	
686.073	5.97	
686.262	25.63	
686.452	91.99	
686.641	53.49	
686.83	1.06	
687.019	16.21	
687.209	41.61	
687.398	46.52	
687.587	35.46	
687.776	1.06	
687.965	-16.55	
688.155	-60.79	
688.344	-125.51	
688.533	-116.5	
688.722	-140.66	
688.911	-45.64	
689.1	25.63	
689.289	132.13	
689.478	123.53	
689.667	166.94	
689.856	23.59	
690.045	-33.76	
690.234	-153.36	
690.423	-97.65	
690.612	-139.84	
690.801	-44.82	
690.99	-42.77	
691.179	9.25	
691.368	-53.42	
691.557	56.76	
691.746	3.11	
691.935	12.94	
692.124	-8.77	
692.312	7.61	
692.501	-86.19	
692.69	-55.88	
692.879	-67.34	
693.068	-63.25	
693.256	-89.46	
693.445	-12.46	
693.634	-41.54	
693.823	-69.8	
694.011	-59.15	
694.2	-15.33	
694.389	-83.73	
694.577	-91.1	
694.766	-56.29	
694.955	-44.41	
695.143	-98.06	
695.332	-67.75	
695.52	-48.91	
695.709	-8.36	
695.897	-15.74	
696.086	-14.51	
696.275	-49.73	
696.463	-27.2	
696.652	-72.67	
696.84	-44.82	
697.028	-31.71	
697.217	1.88	
697.405	24.81	
697.594	62.91	
697.782	50.21	
697.971	47.34	
698.159	38.33	
698.347	42.43	
698.536	18.67	
698.724	46.93	
698.912	39.15	
699.1	37.1	
699.289	51.44	
699.477	43.66	
699.665	-8.77	
699.854	-21.47	
700.042	-18.19	
700.23	-55.06	
700.418	-52.19	
700.606	-57.51	
700.794	-4.68	
700.983	5.56	
701.171	25.63	
701.359	24.81	
701.547	68.23	
701.735	47.34	
701.923	12.12	
702.111	-44.82	
702.299	-84.96	
702.487	-88.23	
702.675	-109.12	
702.863	-115.27	
703.051	-86.19	
703.239	-15.74	
703.427	-44.82	
703.615	-52.6	
703.803	-73.08	
703.991	-31.71	
704.179	-53.42	
704.367	0.24	
704.554	43.25	
704.742	91.17	
704.93	110.83	
705.118	160.8	
705.306	87.48	
705.493	31.37	
705.681	-12.46	
705.869	-18.19	
706.057	-84.14	
706.244	-49.73	
706.432	-21.06	
706.62	43.25	
706.807	-30.48	
706.995	17.44	
707.183	-31.3	
707.37	11.71	
707.558	-7.13	
707.746	90.35	
707.933	86.66	
708.121	166.53	
708.308	146.87	
708.496	139.09	
708.683	49.39	
708.871	79.29	
709.058	6.79	
709.246	-2.63	
709.433	-44	
709.621	-39.08	
709.808	-121	
709.995	-63.66	
710.183	-61.2	
710.37	-30.89	
710.558	-47.68	
710.745	-27.61	
710.932	-58.33	
711.12	-41.13	
711.307	-36.62	
711.494	10.89	
711.681	49.39	
711.869	8.43	
712.056	3.52	
712.243	-4.68	
712.43	-72.67	
712.618	-67.75	
712.805	-58.74	
712.992	-51.37	
713.179	-58.33	
713.366	-27.2	
713.553	-7.54	
713.74	-2.63	
713.928	-91.1	
714.115	-41.95	
714.302	-59.15	
714.489	-87.41	
714.676	-112.4	
714.863	-27.2	
715.05	-62.02	
715.237	-63.66	
715.424	-128.37	
715.611	-37.44	
715.798	-50.14	
715.984	-56.29	
716.171	-13.28	
716.358	37.1	
716.545	-10.41	
716.732	10.89	
716.919	-18.6	
717.106	-60.79	
717.293	-62.84	
717.479	-28.84	
717.666	-111.99	
717.853	-82.5	
718.04	-36.21	
718.226	-14.51	
718.413	-81.27	
718.6	-15.33	
718.786	-9.59	
718.973	23.59	
719.16	-50.14	
719.346	4.74	
719.533	-32.53	
719.72	10.07	
719.906	-55.88	
720.093	6.79	
720.279	-37.44	
720.466	0.24	
720.652	-6.72	
720.839	35.05	
721.025	40.38	
721.212	63.73	
721.398	47.34	
721.585	63.73	
721.771	24	
721.958	-14.51	
722.144	16.62	
722.331	-38.26	
722.517	-94.79	
722.703	-77.17	
722.89	-112.4	
723.076	-123.87	
723.262	-30.48	
723.449	-46.05	
723.635	-96.83	
723.821	-55.47	
724.007	-92.74	
724.194	-163.6	
724.38	-171.38	
724.566	-149.26	
724.752	-139.02	
724.938	-84.14	
725.125	-12.05	
725.311	38.74	
725.497	42.84	
725.683	39.56	
725.869	-21.47	
726.055	-53.83	
726.241	-57.92	
726.427	-46.05	
726.613	-53.42	
726.799	39.15	
726.985	-2.63	
727.171	20.31	
727.357	59.63	
727.543	114.11	
727.729	43.66	
727.915	95.67	
728.101	72.33	
728.287	16.62	
728.473	-28.43	
728.659	-37.85	
728.845	-76.36	
729.03	-109.94	
729.216	-68.57	
729.402	-107.07	
729.588	-101.75	
729.774	-77.58	
729.959	-60.38	
730.145	-37.85	
730.331	3.93	
730.517	28.91	
730.702	38.33	
730.888	36.69	
731.074	-53.42	
731.259	-38.26	
731.445	-20.24	
731.63	-41.95	
731.816	-31.71	
732.002	93.22	
732.187	140.32	
732.373	90.76	
732.558	119.02	
732.744	173.09	
732.929	115.74	
733.115	-5.9	
733.3	-59.56	
733.486	-78.4	
733.671	-180.8	
733.857	-227.5	
734.042	-169.74	
734.227	-116.5	
734.413	-85.37	
734.598	-7.13	
734.784	-3.45	
734.969	-8.77	
735.154	3.93	
735.339	-35.4	
735.525	-14.51	
735.71	35.05	
735.895	-16.14	
736.081	-8.77	
736.266	33.83	
736.451	-8.36	
736.636	27.68	
736.821	38.74	
737.007	12.94	
737.192	-3.45	
737.377	-49.32	
737.562	-125.1	
737.747	-81.27	
737.932	-36.62	
738.117	-110.35	
738.302	-40.31	
738.487	-25.57	
738.672	-60.79	
738.857	-57.92	
739.042	8.02	
739.227	33.01	
739.412	0.24	
739.597	10.89	
739.782	38.33	
739.967	16.62	
740.152	-15.33	
740.337	48.57	
740.522	64.55	
740.706	38.33	
740.891	95.67	
741.076	110.42	
741.261	116.15	
741.446	122.3	
741.63	94.04	
741.815	72.33	
742	-9.18	
742.185	-59.15	
742.369	-60.79	
742.554	-79.63	
742.739	-93.97	
742.923	-32.12	
743.108	12.53	
743.293	29.73	
743.477	10.89	
743.662	28.5	
743.846	19.08	
744.031	3.93	
744.216	-1.81	
744.4	76.83	
744.585	60.86	
744.769	76.83	
744.954	83.8	
745.138	59.63	
745.322	30.14	
745.507	-2.63	
745.691	-7.13	
745.876	-38.67	
746.06	-0.58	
746.244	21.95	
746.429	78.88	
746.613	57.17	
746.798	77.65	
746.982	34.64	
747.166	60.45	
747.35	-10.41	
747.535	-7.95	
747.719	-5.9	
747.903	59.22	
748.087	-12.46	
748.272	22.36	
748.456	35.46	
748.64	24.81	
748.824	-7.54	
749.008	21.95	
749.192	10.89	
749.376	-10.82	
749.56	-35.81	
749.745	-70.21	
749.929	-47.68	
750.113	-36.21	
750.297	-82.91	
750.481	-22.29	
750.665	12.12	
750.849	-12.87	
751.033	-8.36	
751.217	2.29	
751.4	-19.01	
751.584	-40.31	
751.768	-8.36	
751.952	-33.76	
752.136	-0.99	
752.32	-38.26	
752.504	-17.37	
752.688	-31.71	
752.871	-25.16	
753.055	-30.48	
753.239	-23.11	
753.423	-27.61	
753.606	-75.13	
753.79	-25.98	
753.974	-48.09	
754.157	-32.53	
754.341	-64.07	
754.525	-50.55	
754.708	-87	
754.892	-67.34	
755.076	-38.67	
755.259	8.02	
755.443	-23.93	
755.626	0.65	
755.81	32.6	
755.993	13.35	
756.177	-29.25	
756.36	35.87	
756.544	1.06	
756.727	-24.75	
756.911	13.76	
757.094	60.86	
757.278	39.97	
757.461	36.69	
757.644	37.1	
757.828	-25.98	
758.011	-23.11	
758.195	-13.28	
758.378	-19.83	
758.561	-26.79	
758.744	-39.49	
758.928	-20.24	
759.111	-23.93	
759.294	26.45	
759.477	55.53	
759.661	90.76	
759.844	57.58	
760.027	50.62	
760.21	15.39	
760.393	7.2	
760.576	4.33	
760.76	-20.65	
760.943	-57.1	
761.126	-5.5	
761.309	18.67	
761.492	-0.99	
761.675	-15.33	
761.858	15.39	
762.041	-49.73	
762.224	-121	
762.407	-87	
762.59	-35.4	
762.773	-75.13	
762.956	-71.85	
763.139	-44	
763.321	-31.71	
763.504	-97.65	
763.687	-45.23	
763.87	-17.37	
764.053	-2.22	
764.236	11.71	
764.418	44.48	
764.601	19.49	
764.784	29.73	
764.967	78.06	
765.149	34.24	
765.332	55.12	
765.515	99.77	
765.697	58.4	
765.88	15.8	
766.063	22.36	
766.245	-0.99	
766.428	-69.8	
766.611	-48.09	
766.793	-46.05	
766.976	-26.79	
767.158	-52.19	
767.341	17.03	
767.523	9.66	
767.706	39.97	
767.888	-5.09	
768.071	90.76	
768.253	40.38	
768.436	73.56	
768.618	31.78	
768.8	115.33	
768.983	73.15	
769.165	91.17	
769.348	26.04	
769.53	12.12	
769.712	-62.02	
769.895	-71.85	
770.077	-58.33	
770.259	-20.65	
770.441	-32.94	
770.624	28.09	
770.806	42.43	
770.988	6.38	
771.17	4.33	
771.352	89.94	
771.535	96.08	
771.717	78.06	
771.899	101.41	
772.081	168.17	
772.263	92.81	
772.445	45.7	
772.627	-3.45	
772.809	8.43	
772.991	-36.62	
773.173	22.36	
773.355	16.62	
773.537	56.35	
773.719	17.44	
773.901	55.94	
774.083	-16.14	
774.265	-61.61	
774.447	-68.98	
774.629	-35.81	
774.811	-55.88	
774.992	-18.19	
775.174	-1.4	
775.356	38.74	
775.538	3.52	
775.72	-38.26	
775.901	-32.12	
776.083	-4.27	
776.265	-47.68	
776.447	8.02	
776.628	58.4	
776.81	50.62	
776.992	98.95	
777.173	110.42	
777.355	82.98	
777.537	89.12	
777.718	76.83	
777.9	64.14	
778.081	77.24	
778.263	117.79	
778.444	61.27	
778.626	42.43	
778.807	-8.36	
778.989	-36.21	
779.17	-120.18	
779.352	-191.86	
779.533	-197.19	
779.715	-152.95	
779.896	-196.78	
780.078	-124.69	
780.259	-29.66	
780.44	-32.53	
780.622	-76.36	
780.803	37.51	
780.984	5.97	
781.166	-57.51	
781.347	-36.62	
781.528	-16.14	
781.709	-55.06	
781.891	-32.94	
782.072	4.33	
782.253	22.77	
782.434	8.43	
782.615	-15.74	
782.796	-21.06	
782.978	32.19	
783.159	63.73	
783.34	130.08	
783.521	122.3	
783.702	129.26	
783.883	103.46	
784.064	85.02	
784.245	5.15	
784.426	59.22	
784.607	26.45	
784.788	31.37	
784.969	-21.47	
785.15	30.14	
785.331	-64.89	
785.512	-14.92	
785.692	-31.3	
785.873	8.43	
786.054	-33.35	
786.235	12.94	
786.416	-10	
786.597	9.66	
786.777	-17.78	
786.958	8.02	
787.139	1.88	
787.32	23.59	
787.5	20.31	
787.681	19.9	
787.862	1.06	
788.042	23.18	
788.223	-6.72	
788.404	-79.63	
788.584	-39.08	
788.765	2.7	
788.946	-10.82	
789.126	-4.27	
789.307	79.29	
789.487	98.13	
789.668	37.1	
789.848	21.13	
790.029	-24.75	
790.209	-59.97	
790.39	-116.5	
790.57	-121	
790.75	-46.05	
790.931	-9.59	
791.111	-36.62	
791.292	20.31	
791.472	63.73	
791.652	45.7	
791.833	33.83	
792.013	58.81	
792.193	-14.92	
792.373	12.94	
792.554	-32.94	
792.734	-17.37	
792.914	-29.25	
793.094	21.13	
793.275	10.07	
793.455	3.93	
793.635	13.35	
793.815	46.52	
793.995	20.31	
794.175	12.12	
794.355	87.89	
794.535	108.37	
794.715	83.8	
794.896	82.57	
795.076	42.84	
795.256	36.28	
795.436	-22.29	
795.616	15.8	
795.795	23.18	
795.975	35.46	
796.155	28.91	
796.335	59.63	
796.515	75.6	
796.695	134.18	
796.875	189.88	
797.055	159.98	
797.234	168.58	
797.414	146.46	
797.594	96.49	
797.774	65.77	
797.954	29.73	
798.133	33.83	
798.313	-4.27	
798.493	11.3	
798.672	-27.2	
798.852	-7.13	
799.032	-73.49	
799.211	-71.03	
799.391	-96.83	
799.571	-77.17	
799.75	-96.83	
799.93	8.02	
800.109	18.67	
800.289	42.02	
800.468	24.4	
800.648	49.8	
800.827	-0.17	
801.007	2.7	
801.186	-53.42	
801.366	-26.79	
801.545	-23.52	
801.725	36.69	
801.904	-11.64	
802.083	51.85	
802.263	29.73	
802.442	81.75	
802.621	6.38	
802.801	125.57	
802.98	138.68	
803.159	110.42	
803.338	27.68	
803.518	86.25	
803.697	-30.07	
803.876	-18.19	
804.055	19.08	
804.235	57.99	
804.414	-15.33	
804.593	28.91	
804.772	-19.42	
804.951	-14.1	
805.13	-79.63	
805.309	-27.2	
805.488	-18.6	
805.667	4.33	
805.846	19.08	
806.025	70.69	
806.204	110.83	
806.383	91.99	
806.562	63.32	
806.741	42.43	
806.92	57.99	
807.099	12.94	
807.278	-33.76	
807.457	-26.79	
807.636	11.71	
807.814	13.76	
807.993	-13.28	
808.172	30.14	
808.351	30.96	
808.53	16.21	
808.708	-14.1	
808.887	-0.17	
809.066	75.6	
809.244	83.8	
809.423	57.17	
809.602	61.27	
809.78	105.5	
809.959	48.16	
810.138	37.92	
810.316	51.44	
810.495	75.6	
810.673	-5.9	
810.852	16.21	
811.03	61.27	
811.209	72.33	
811.388	64.55	
811.566	101.82	
811.744	94.45	
811.923	44.88	
812.101	35.05	
812.28	98.95	
812.458	113.7	
812.637	64.14	
812.815	102.23	
812.993	134.18	
813.172	123.12	
813.35	34.24	
813.528	82.16	
813.706	24	
813.885	4.33	
814.063	-62.84	
814.241	48.16	
814.419	84.21	
814.598	166.12	
814.776	146.46	
814.954	128.44	
815.132	89.94	
815.31	46.52	
815.488	-75.13	
815.666	-107.07	
815.844	-118.95	
816.022	-137.38	
816.201	-165.65	
816.379	-54.65	
816.557	-13.28	
816.735	37.51	
816.913	16.21	
817.09	50.62	
817.268	-21.88	
817.446	-43.18	
817.624	-75.13	
817.802	36.69	
817.98	-5.09	
818.158	-1.4	
818.336	-44.82	
818.514	-14.92	
818.691	-40.72	
818.869	35.46	
819.047	98.13	
819.225	141.96	
819.402	110.83	
819.58	150.15	
819.758	132.13	
819.935	105.09	
820.113	105.5	
820.291	100.59	
820.468	2.29	
820.646	-2.22	
820.824	26.04	
821.001	96.08	
821.179	133.36	
821.356	152.61	
821.534	117.38	
821.711	62.91	
821.889	66.59	
822.066	79.7	
822.244	69.87	
822.421	121.07	
822.599	159.98	
822.776	91.58	
822.953	15.39	
823.131	-18.6	
823.308	-53.01	
823.486	-46.05	
823.663	-62.84	
823.84	2.29	
824.017	-22.29	
824.195	-28.02	
824.372	-34.58	
824.549	-14.92	
824.726	-21.88	
824.904	-6.72	
825.081	19.49	
825.258	-25.57	
825.435	-32.53	
825.612	-32.12	
825.789	-64.89	
825.967	-52.19	
826.144	7.61	
826.321	51.03	
826.498	48.16	
826.675	126.39	
826.852	50.62	
827.029	39.56	
827.206	33.42	
827.383	-22.7	
827.56	-8.77	
827.737	17.03	
827.914	23.59	
828.09	-1.81	
828.267	46.11	
828.444	44.88	
828.621	30.55	
828.798	68.23	
828.975	29.73	
829.151	11.3	
829.328	-7.95	
829.505	70.69	
829.682	-24.34	
829.858	2.29	
830.035	51.44	
830.212	43.66	
830.389	-14.1	
830.565	-10.41	
830.742	28.5	
830.918	17.03	
831.095	27.68	
831.272	52.26	
831.448	85.43	
831.625	116.56	
831.801	128.44	
831.978	112.47	
832.154	78.88	
832.331	94.04	
832.507	-5.5	
832.684	2.29	
832.86	39.56	
833.037	145.24	
833.213	108.78	
833.389	180.46	
833.566	107.14	
833.742	72.74	
833.918	-30.07	
834.095	-68.16	
834.271	-141.89	
834.447	-74.31	
834.624	-68.57	
834.8	-82.09	
834.976	-46.86	
835.152	-14.51	
835.328	-21.47	
835.505	14.17	
835.681	37.51	
835.857	-13.28	
836.033	13.76	
836.209	94.45	
836.385	81.34	
836.561	115.74	
836.737	188.65	
836.913	139.5	
837.089	81.75	
837.265	82.98	
837.441	108.37	
837.617	101.41	
837.793	111.24	
837.969	92.81	
838.145	76.42	
838.321	30.96	
838.497	24.4	
838.673	62.09	
838.849	-3.45	
839.025	44.88	
839.2	54.31	
839.376	69.05	
839.552	19.08	
839.728	74.78	
839.903	3.93	
840.079	40.79	
840.255	8.43	
840.431	111.24	
840.606	57.17	
840.782	158.75	
840.958	50.21	
841.133	65.77	
841.309	21.54	
841.484	80.93	
841.66	-42.77	
841.835	-34.17	
842.011	-58.33	
842.186	-25.98	
842.362	-81.27	
842.537	0.65	
842.713	14.98	
842.888	26.04	
843.064	-28.84	
843.239	3.52	
843.415	-25.57	
843.59	40.38	
843.765	62.09	
843.941	84.21	
844.116	145.64	
844.291	128.44	
844.467	85.43	
844.642	91.58	
844.817	112.88	
844.992	44.48	
845.168	48.98	
845.343	80.52	
845.518	78.88	
845.693	59.63	
845.868	72.33	
846.043	54.31	
846.219	14.98	
846.394	36.28	
846.569	32.6	
846.744	-6.72	
846.919	1.47	
847.094	106.32	
847.269	82.98	
847.444	51.85	
847.619	98.95	
847.794	195.21	
847.969	159.16	
848.144	166.12	
848.319	180.46	
848.494	182.1	
848.668	126.39	
848.843	128.44	
849.018	109.19	
849.193	94.04	
849.368	112.47	
849.542	153.02	
849.717	118.2	
849.892	122.71	
850.067	135	
850.241	150.56	
850.416	96.9	
850.591	107.96	
850.765	98.13	
850.94	153.84	
851.115	75.6	
851.289	99.36	
851.464	45.7	
851.639	62.09	
851.813	1.47	
851.988	73.56	
852.162	21.54	
852.337	42.84	
852.511	67.82	
852.686	129.26	
852.86	103.46	
853.035	130.08	
853.209	130.9	
853.383	149.74	
853.558	65.36	
853.732	78.88	
853.906	24	
854.081	35.05	
854.255	-50.55	
854.429	4.33	
854.604	-18.19	
854.778	50.62	
854.952	55.94	
855.126	96.9	
855.301	89.12	
855.475	52.67	
855.649	12.53	
855.823	0.65	
855.997	3.11	
856.171	-0.17	
856.345	-4.68	
856.52	18.67	
856.694	44.88	
856.868	88.71	
857.042	78.88	
857.216	177.18	
857.39	185.78	
857.564	141.14	
857.738	83.8	
857.912	66.18	
858.085	25.22	
858.259	19.9	
858.433	58.81	
858.607	31.37	
858.781	49.39	
858.955	7.2	
859.129	-1.4	
859.302	-12.05	
859.476	-5.09	
859.65	66.59	
859.824	35.46	
859.997	61.68	
860.171	94.86	
860.345	146.87	
860.519	104.69	
860.692	146.05	
860.866	161.21	
861.039	149.33	
861.213	162.03	
861.387	112.47	
861.56	111.65	
861.734	112.06	
861.907	92.4	
862.081	22.36	
862.254	89.94	
862.428	106.73	
862.601	53.49	
862.775	40.79	
862.948	174.32	
863.122	128.03	
863.295	96.49	
863.468	109.6	
863.642	91.99	
863.815	31.37	
863.988	51.44	
864.162	74.78	
864.335	12.94	
864.508	40.79	
864.682	44.88	
864.855	21.95	
865.028	-2.22	
865.201	102.64	
865.374	56.76	
865.548	91.99	
865.721	90.35	
865.894	185.78	
866.067	149.33	
866.24	199.3	
866.413	175.14	
866.586	185.38	
866.759	70.69	
866.932	33.42	
867.105	14.98	
867.278	-83.73	
867.451	-98.47	
867.624	-30.07	
867.797	15.8	
867.97	10.48	
868.143	50.62	
868.316	86.25	
868.489	12.53	
868.661	5.15	
868.834	26.86	
869.007	65.36	
869.18	55.53	
869.353	91.99	
869.525	132.54	
869.698	96.49	
869.871	67.41	
870.044	59.63	
870.216	82.57	
870.389	17.85	
870.562	9.25	
870.734	60.45	
870.907	42.43	
871.079	41.2	
871.252	33.42	
871.425	113.29	
871.597	36.28	
871.77	125.57	
871.942	89.53	
872.115	77.65	
872.287	38.74	
872.459	61.68	
872.632	-5.09	
872.804	28.09	
872.977	4.33	
873.149	14.17	
873.321	-37.03	
873.494	-38.67	
873.666	-0.58	
873.838	18.67	
874.011	-21.88	
874.183	46.93	
874.355	31.37	
874.528	-20.24	
874.7	2.29	
874.872	101.82	
875.044	139.91	
875.216	168.99	
875.388	224.29	
875.561	234.94	
875.733	128.44	
875.905	78.06	
876.077	-0.17	
876.249	41.2	
876.421	34.64	
876.593	25.22	
876.765	30.14	
876.937	80.11	
877.109	-1.81	
877.281	21.95	
877.453	29.73	
877.625	17.85	
877.797	3.52	
877.968	-16.55	
878.14	-52.19	
878.312	-1.4	
878.484	-46.05	
878.656	-20.65	
878.828	-33.76	
878.999	33.01	
879.171	-30.07	
879.343	-18.19	
879.515	-28.84	
879.686	-23.52	
879.858	-63.25	
880.03	-7.54	
880.201	12.12	
880.373	-8.77	
880.545	9.25	
880.716	49.8	
880.888	134.59	
881.059	165.31	
881.231	187.01	
881.402	225.11	
881.574	177.18	
881.745	116.15	
881.917	146.05	
882.088	154.66	
882.26	115.33	
882.431	180.87	
882.602	96.08	
882.774	58.4	
882.945	11.3	
883.116	-34.99	
883.288	-105.85	
883.459	-58.33	
883.63	-49.32	
883.802	-45.23	
883.973	-19.42	
884.144	14.57	
884.315	25.22	
884.487	53.9	
884.658	113.29	
884.829	172.27	
885	139.5	
885.171	146.46	
885.342	55.12	
885.513	42.02	
885.684	30.96	
885.855	77.65	
886.026	49.39	
886.197	124.35	
886.368	76.42	
886.539	79.7	
886.71	28.09	
886.881	40.38	
887.052	57.58	
887.223	99.36	
887.394	50.21	
887.565	112.88	
887.736	76.42	
887.907	85.43	
888.077	59.22	
888.248	70.69	
888.419	18.67	
888.59	24	
888.761	29.32	
888.931	37.51	
889.102	73.56	
889.273	53.08	
889.443	51.03	
889.614	-14.92	
889.785	8.02	
889.955	-6.31	
890.126	5.97	
890.296	79.7	
890.467	94.86	
890.637	164.9	
890.808	187.01	
890.978	221.42	
891.149	189.88	
891.319	276.71	
891.49	219.78	
891.66	204.22	
891.831	174.32	
892.001	168.17	
892.172	51.03	
892.342	40.79	
892.512	25.22	
892.683	76.42	
892.853	73.56	
893.023	131.72	
893.193	92.4	
893.364	111.65	
893.534	85.43	
893.704	147.69	
893.874	143.6	
894.044	189.88	
894.215	162.44	
894.385	218.55	
894.555	136.63	
894.725	182.1	
894.895	129.67	
895.065	165.71	
895.235	113.7	
895.405	186.6	
895.575	116.15	
895.745	171.86	
895.915	175.27	
