177.618	-302.59	
177.836	-302.33	
178.054	-305.25	
178.271	-247.91	
178.489	-143.67	
178.706	-98.81	
178.924	-42.29	
179.142	23.45	
179.359	33.07	
179.577	-26.52	
179.794	-7.27	
180.012	-23.04	
180.229	-35.33	
180.447	-30	
180.664	-14.03	
180.882	-41.68	
181.1	-9.11	
181.317	-28.77	
181.535	-34.3	
181.752	-44.34	
181.969	-7.88	
182.187	-5.22	
182.404	30.21	
182.622	24.68	
182.839	47.62	
183.057	48.64	
183.274	47.82	
183.492	35.53	
183.709	60.52	
183.926	31.85	
184.144	14.23	
184.361	9.52	
184.579	21.61	
184.796	-19.76	
185.013	19.15	
185.231	14.23	
185.448	29.39	
185.666	38.4	
185.883	30.82	
186.1	16.28	
186.317	32.46	
186.535	9.93	
186.752	2.36	
186.969	30.82	
187.187	77.93	
187.404	44.13	
187.621	81.61	
187.839	86.73	
188.056	85.71	
188.273	39.83	
188.49	96.15	
188.708	70.55	
188.925	88.78	
189.142	81.61	
189.359	79.36	
189.576	31.03	
189.794	21.2	
190.011	7.27	
190.228	13.21	
190.445	1.95	
190.662	47.41	
190.879	55.6	
191.097	43.93	
191.314	40.86	
191.531	48.64	
191.748	-4.61	
191.965	-4.4	
192.182	-15.05	
192.399	-13.82	
192.616	5.84	
192.834	35.53	
193.051	16.08	
193.268	21.61	
193.485	33.89	
193.702	6.04	
193.919	-3.17	
194.136	7.68	
194.353	2.36	
194.57	2.56	
194.787	-0.31	
195.004	37.58	
195.221	31.03	
195.438	53.35	
195.655	26.73	
195.872	78.54	
196.089	28.98	
196.306	44.95	
196.523	40.65	
196.74	73.01	
196.957	17.51	
197.173	47.41	
197.39	33.28	
197.607	41.06	
197.824	33.69	
198.041	60.11	
198.258	51.92	
198.475	74.03	
198.692	56.63	
198.909	20.58	
199.125	-13.82	
199.342	9.11	
199.559	1.95	
199.776	16.9	
199.993	62.77	
200.21	84.07	
200.426	48.23	
200.643	43.31	
200.86	29.59	
201.077	28.98	
201.293	8.7	
201.51	14.23	
201.727	-20.79	
201.944	-34.1	
202.16	-40.04	
202.377	-31.03	
202.594	-40.65	
202.811	-25.09	
203.027	-18.94	
203.244	-28.16	
203.461	-18.94	
203.677	22.43	
203.894	45.16	
204.111	54.78	
204.327	48.43	
204.544	33.69	
204.761	23.45	
204.977	11.78	
205.194	-10.34	
205.41	18.12	
205.627	31.64	
205.844	20.99	
206.06	13.21	
206.277	37.17	
206.493	18.53	
206.71	23.45	
206.926	17.1	
207.143	50.48	
207.36	15.67	
207.576	47.41	
207.793	51.1	
208.009	53.35	
208.226	38.19	
208.442	63.18	
208.659	39.22	
208.875	21.4	
209.092	8.7	
209.308	-11.98	
209.524	-15.05	
209.741	3.79	
209.957	35.74	
210.174	32.05	
210.39	30.41	
210.607	20.79	
210.823	-30.41	
211.039	-72.81	
211.256	-29.39	
211.472	-33.48	
211.688	2.56	
211.905	27.14	
212.121	43.52	
212.338	7.68	
212.554	22.02	
212.77	2.15	
212.987	9.52	
213.203	26.93	
213.419	61.54	
213.635	51.3	
213.852	34.92	
214.068	14.64	
214.284	-10.14	
214.501	-11.78	
214.717	-18.53	
214.933	5.22	
215.149	-10.14	
215.365	-6.25	
215.582	-48.23	
215.798	-31.23	
216.014	-44.54	
216.23	-5.22	
216.447	3.38	
216.663	8.09	
216.879	-15.87	
217.095	13.41	
217.311	5.43	
217.527	-1.95	
217.743	17.31	
217.96	25.29	
218.176	1.33	
218.392	0.31	
218.608	31.03	
218.824	28.98	
219.04	40.86	
219.256	60.31	
219.472	53.96	
219.688	24.47	
219.904	39.83	
220.12	66.46	
220.336	42.09	
220.552	33.48	
220.768	38.4	
220.984	24.88	
221.2	-25.7	
221.416	-5.84	
221.632	-15.46	
221.848	-9.11	
222.064	-36.15	
222.28	-20.99	
222.496	-37.38	
222.712	0.72	
222.928	-20.58	
223.144	17.31	
223.36	22.83	
223.576	26.73	
223.792	8.5	
224.008	48.43	
224.224	45.36	
224.439	55.81	
224.655	24.68	
224.871	43.31	
225.087	9.11	
225.303	-21.4	
225.519	-22.63	
225.734	28.57	
225.95	13.21	
226.166	34.3	
226.382	47.82	
226.598	46.18	
226.813	38.81	
227.029	24.06	
227.245	22.02	
227.461	19.97	
227.677	26.73	
227.892	22.22	
228.108	20.17	
228.324	37.38	
228.539	15.67	
228.755	33.48	
228.971	34.92	
229.186	60.93	
229.402	28.57	
229.618	65.43	
229.833	16.28	
230.049	24.27	
230.265	-10.96	
230.48	18.53	
230.696	8.91	
230.912	33.07	
231.127	19.56	
231.343	40.45	
231.558	0.1	
231.774	22.43	
231.99	48.02	
232.205	51.71	
232.421	37.79	
232.636	59.49	
232.852	25.5	
233.067	-2.36	
233.283	11.98	
233.498	29.39	
233.714	38.6	
233.929	73.01	
234.145	65.23	
234.36	64.61	
234.576	69.12	
234.791	86.94	
235.007	80.79	
235.222	115.61	
235.438	93.49	
235.653	128.51	
235.868	103.93	
236.084	117.25	
236.299	129.94	
236.515	130.97	
236.73	81.41	
236.945	89.8	
237.161	55.19	
237.376	16.49	
237.592	10.75	
237.807	30.41	
238.022	19.15	
238.238	30.41	
238.453	26.52	
238.668	35.33	
238.883	-13.82	
239.099	-5.02	
239.314	-27.14	
239.529	-3.38	
239.745	6.66	
239.96	61.54	
240.175	51.51	
240.39	119.7	
240.605	104.14	
240.821	82.84	
241.036	63.59	
241.251	105.37	
241.466	44.95	
241.681	35.12	
241.897	54.17	
242.112	74.03	
242.327	24.06	
242.542	33.48	
242.757	44.75	
242.972	34.92	
243.188	18.74	
243.403	40.45	
243.618	47.21	
243.833	41.27	
244.048	53.14	
244.263	48.23	
244.478	40.86	
244.693	15.46	
244.908	26.52	
245.123	4.81	
245.338	32.87	
245.553	39.22	
245.768	56.42	
245.983	44.54	
246.198	41.47	
246.413	14.44	
246.628	17.92	
246.843	6.86	
247.058	26.52	
247.273	33.07	
247.488	38.81	
247.703	51.3	
247.918	57.65	
248.133	52.53	
248.348	34.51	
248.563	57.86	
248.778	25.29	
248.993	44.75	
249.207	58.88	
249.422	69.32	
249.637	18.53	
249.852	14.85	
250.067	-30	
250.282	-52.53	
250.496	-51.92	
250.711	-3.79	
250.926	-2.36	
251.141	59.08	
251.356	59.29	
251.57	75.47	
251.785	50.07	
252	44.34	
252.215	13.82	
252.43	17.1	
252.644	28.77	
252.859	23.04	
253.074	32.87	
253.288	24.27	
253.503	8.29	
253.718	11.16	
253.932	61.75	
254.147	84.48	
254.362	78.13	
254.576	84.89	
254.791	68.71	
255.006	39.22	
255.22	23.65	
255.435	42.09	
255.65	62.77	
255.864	68.5	
256.079	43.93	
256.293	44.13	
256.508	38.6	
256.723	82.84	
256.937	43.31	
257.152	45.36	
257.366	42.9	
257.581	37.58	
257.795	-23.45	
258.01	28.57	
258.224	57.45	
258.439	56.63	
258.653	50.28	
258.868	67.89	
259.082	53.14	
259.297	31.64	
259.511	17.1	
259.726	8.29	
259.94	-10.34	
260.154	-29.8	
260.369	-20.99	
260.583	1.33	
260.798	-12.6	
261.012	6.66	
261.226	18.12	
261.441	32.87	
261.655	22.63	
261.869	70.35	
262.084	57.24	
262.298	56.22	
262.512	16.28	
262.727	15.05	
262.941	8.5	
263.155	12.19	
263.37	5.84	
263.584	45.16	
263.798	39.22	
264.012	42.9	
264.227	25.5	
264.441	59.49	
264.655	18.94	
264.869	63.18	
265.084	32.67	
265.298	40.65	
265.512	2.56	
265.726	33.89	
265.94	-11.57	
266.155	20.79	
266.369	28.16	
266.583	57.45	
266.797	51.3	
267.011	101.27	
267.225	109.05	
267.439	109.05	
267.654	99.43	
267.868	89.8	
268.082	47.62	
268.296	-0.72	
268.51	-18.94	
268.724	-5.63	
268.938	-31.64	
269.152	-27.95	
269.366	-8.09	
269.58	1.95	
269.794	-14.85	
270.008	36.56	
270.222	45.98	
270.436	43.52	
270.65	42.7	
270.864	45.16	
271.078	23.45	
271.292	19.15	
271.506	50.07	
271.72	67.07	
271.934	84.89	
272.148	83.25	
272.362	76.9	
272.575	72.19	
272.789	71.58	
273.003	51.71	
273.217	70.35	
273.431	64.2	
273.645	50.28	
273.859	69.53	
274.073	92.88	
274.286	77.31	
274.5	81.61	
274.714	72.81	
274.928	61.75	
275.142	44.34	
275.355	32.67	
275.569	54.37	
275.783	65.43	
275.997	49.87	
276.21	51.92	
276.424	99.02	
276.638	61.13	
276.852	70.14	
277.065	65.43	
277.279	73.01	
277.493	28.36	
277.706	68.91	
277.92	67.89	
278.134	48.84	
278.347	13.82	
278.561	4.2	
278.775	0.1	
278.988	-3.17	
279.202	22.22	
279.415	61.95	
279.629	72.4	
279.843	67.69	
280.056	97.79	
280.27	103.52	
280.483	70.55	
280.697	84.48	
280.91	90.83	
281.124	100.86	
281.337	79.77	
281.551	113.36	
281.764	84.68	
281.978	71.78	
282.191	21.2	
282.405	49.66	
282.618	6.45	
282.832	23.45	
283.045	8.5	
283.259	27.95	
283.472	-5.84	
283.686	11.78	
283.899	-8.29	
284.112	12.39	
284.326	8.7	
284.539	34.1	
284.752	43.52	
284.966	65.43	
285.179	48.23	
285.393	57.65	
285.606	42.5	
285.819	61.95	
286.033	41.06	
286.246	84.48	
286.459	65.84	
286.672	77.11	
286.886	30.21	
287.099	72.19	
287.312	21.81	
287.525	23.04	
287.739	21.4	
287.952	67.48	
288.165	65.23	
288.378	73.42	
288.592	70.55	
288.805	60.93	
289.018	57.86	
289.231	40.04	
289.444	66.87	
289.657	54.78	
289.871	49.87	
290.084	16.69	
290.297	50.89	
290.51	22.63	
290.723	20.58	
290.936	68.3	
291.149	69.94	
291.362	69.32	
291.575	57.04	
291.789	73.01	
292.002	32.46	
292.215	46.8	
292.428	-5.43	
292.641	19.97	
292.854	17.51	
293.067	20.99	
293.28	12.6	
293.493	21.81	
293.706	-15.05	
293.919	0.72	
294.132	-20.17	
294.345	-20.58	
294.558	-35.33	
294.77	-15.26	
294.983	-20.79	
295.196	14.44	
295.409	30.41	
295.622	68.5	
295.835	84.89	
296.048	89.8	
296.261	77.52	
296.474	86.94	
296.686	78.13	
296.899	83.45	
297.112	71.37	
297.325	70.55	
297.538	68.5	
297.751	84.27	
297.963	89.6	
298.176	89.8	
298.389	78.74	
298.602	81.41	
298.814	169.26	
299.027	156.36	
299.24	146.94	
299.453	177.66	
299.665	149.19	
299.878	36.76	
300.091	26.52	
300.303	37.58	
300.516	13.21	
300.729	17.1	
300.941	29.8	
301.154	16.28	
301.367	5.63	
301.579	21.2	
301.792	41.88	
302.005	19.97	
302.217	9.93	
302.43	17.1	
302.642	-12.39	
302.855	-49.05	
303.067	-57.86	
303.28	-26.93	
303.493	-54.78	
303.705	0.31	
303.918	23.86	
304.13	72.6	
304.343	57.65	
304.555	103.12	
304.768	69.12	
304.98	86.73	
305.193	45.98	
305.405	74.24	
305.617	29.18	
305.83	41.27	
306.042	6.04	
306.255	13.82	
306.467	-22.63	
306.68	-11.37	
306.892	-23.65	
307.104	-1.74	
307.317	-1.13	
307.529	35.53	
307.741	59.9	
307.954	76.29	
308.166	67.48	
308.378	86.32	
308.591	87.76	
308.803	85.5	
309.015	92.88	
309.228	110.69	
309.44	81.61	
309.652	65.02	
309.864	50.69	
310.077	13.21	
310.289	-15.26	
310.501	6.04	
310.713	0.31	
310.926	17.51	
311.138	6.25	
311.35	30	
311.562	0.92	
311.774	17.51	
311.986	-7.68	
312.199	27.95	
312.411	-16.69	
312.623	4.81	
312.835	-25.29	
313.047	-22.02	
313.259	-36.76	
313.471	-0.51	
313.683	-2.56	
313.895	7.68	
314.108	-2.76	
314.32	12.39	
314.532	-17.71	
314.744	-15.67	
314.956	15.87	
315.168	34.3	
315.38	2.76	
315.592	40.04	
315.804	35.53	
316.016	60.11	
316.228	66.46	
316.44	100.25	
316.651	97.59	
316.863	96.56	
317.075	41.68	
317.287	28.16	
317.499	14.03	
317.711	5.43	
317.923	29.8	
318.135	34.71	
318.347	46.39	
318.559	73.62	
318.77	79.56	
318.982	60.93	
319.194	54.17	
319.406	40.24	
319.618	25.29	
319.83	5.84	
320.041	3.99	
320.253	13.41	
320.465	2.97	
320.677	-15.26	
320.888	1.13	
321.1	8.09	
321.312	42.9	
321.524	61.54	
321.735	52.53	
321.947	27.95	
322.159	4.81	
322.37	-45.77	
322.582	-40.04	
322.794	-8.7	
323.005	23.86	
323.217	43.93	
323.429	43.11	
323.64	50.69	
323.852	8.5	
324.063	-7.07	
324.275	-0.92	
324.487	30.82	
324.698	6.04	
324.91	38.81	
325.121	26.32	
325.333	13.82	
325.544	13.21	
325.756	35.33	
325.967	18.12	
326.179	48.43	
326.39	61.95	
326.602	53.96	
326.813	31.03	
327.025	54.78	
327.236	24.88	
327.448	-1.13	
327.659	-23.65	
327.871	-3.99	
328.082	-9.73	
328.293	11.57	
328.505	34.92	
328.716	46.39	
328.928	22.83	
329.139	38.6	
329.35	27.14	
329.562	37.38	
329.773	37.99	
329.984	55.81	
330.196	29.59	
330.407	47.41	
330.618	27.34	
330.83	10.55	
331.041	-1.13	
331.252	-7.48	
331.463	-14.23	
331.675	6.86	
331.886	42.7	
332.097	65.02	
332.308	73.42	
332.52	69.12	
332.731	50.07	
332.942	32.46	
333.153	31.44	
333.364	17.92	
333.575	13.21	
333.787	34.3	
333.998	-4.61	
334.209	12.39	
334.42	4.4	
334.631	14.85	
334.842	6.66	
335.053	55.4	
335.264	23.04	
335.475	46.59	
335.686	37.58	
335.898	43.31	
336.109	16.08	
336.32	33.48	
336.531	24.47	
336.742	31.64	
336.953	5.63	
337.164	7.27	
337.375	-15.67	
337.586	-10.75	
337.797	-24.06	
338.007	1.95	
338.218	-6.25	
338.429	9.32	
338.64	3.17	
338.851	5.43	
339.062	-11.37	
339.273	28.16	
339.484	17.92	
339.695	3.99	
339.906	6.04	
340.116	20.38	
340.327	-0.51	
340.538	-1.33	
340.749	3.38	
340.96	-2.56	
341.171	-30.41	
341.381	-26.93	
341.592	-16.69	
341.803	-3.79	
342.014	6.45	
342.224	34.92	
342.435	35.94	
342.646	13.21	
342.857	5.84	
343.067	-17.71	
343.278	-18.74	
343.489	-20.58	
343.699	-2.76	
343.91	1.54	
344.121	13.82	
344.331	-7.07	
344.542	-13.41	
344.753	15.67	
344.963	15.26	
345.174	26.52	
345.384	59.29	
345.595	75.47	
345.806	40.45	
346.016	32.87	
346.227	41.06	
346.437	39.42	
346.648	23.24	
346.858	44.54	
347.069	42.7	
347.279	41.68	
347.49	6.86	
347.7	28.16	
347.911	-5.02	
348.121	-0.92	
348.332	-11.57	
348.542	-13.41	
348.753	-34.3	
348.963	-3.99	
349.173	5.43	
349.384	15.46	
349.594	45.57	
349.805	67.28	
350.015	31.64	
350.225	25.7	
350.436	30.82	
350.646	25.7	
350.856	14.03	
351.067	33.28	
351.277	12.39	
351.487	-9.93	
351.698	-26.11	
351.908	-23.04	
352.118	-33.48	
352.328	-15.67	
352.539	10.34	
352.749	7.88	
352.959	4.2	
353.169	8.5	
353.38	12.8	
353.59	12.6	
353.8	37.99	
354.01	41.47	
354.22	57.04	
354.431	115.2	
354.641	103.93	
354.851	92.26	
355.061	116.02	
355.271	146.74	
355.481	102.3	
355.691	117.45	
355.901	110.28	
356.111	108.44	
356.321	95.13	
356.532	111.92	
356.742	106.19	
356.952	125.44	
357.162	120.93	
357.372	124.21	
357.582	101.68	
357.792	83.86	
358.002	77.52	
358.212	109.05	
358.422	111.92	
358.632	123.59	
358.842	141	
359.051	182.58	
359.261	161.07	
359.471	170.7	
359.681	193.02	
359.891	203.47	
360.101	177.25	
360.311	187.49	
360.521	178.48	
360.731	190.15	
360.94	222.51	
361.15	255.89	
361.36	262.04	
361.57	288.25	
361.78	303	
361.989	306.89	
362.199	321.43	
362.409	358.29	
362.619	364.64	
362.828	440.83	
363.038	477.07	
363.248	511.68	
363.458	551.62	
363.667	602.41	
363.877	596.06	
364.087	632.92	
364.296	652.79	
364.506	688.42	
364.716	730.41	
364.925	766.45	
365.135	800.24	
365.345	874.79	
365.554	947.08	
365.764	1053.78	
365.973	1115.43	
366.183	1205.13	
366.393	1264.11	
366.602	1298.51	
366.812	1270.25	
367.021	1313.67	
367.231	1289.09	
367.44	1267.18	
367.65	1237.28	
367.859	1238.92	
368.069	1162.94	
368.278	1141.64	
368.488	1071.39	
368.697	983.74	
368.907	866.39	
369.116	854.11	
369.326	734.5	
369.535	659.75	
369.744	608.35	
369.954	553.87	
370.163	432.22	
370.373	402.53	
370.582	355.63	
370.791	315.28	
371.001	273.3	
371.21	252.21	
371.419	216.37	
371.629	187.9	
371.838	150.83	
372.047	184.21	
372.256	137.52	
372.466	128.92	
372.675	98.61	
372.884	83.66	
373.093	25.91	
373.303	58.88	
373.512	54.17	
373.721	72.4	
373.93	63.18	
374.139	110.69	
374.349	72.4	
374.558	89.8	
374.767	71.37	
374.976	67.28	
375.185	47.21	
375.394	42.7	
375.603	25.5	
375.813	27.55	
376.022	35.12	
376.231	8.29	
376.44	8.09	
376.649	-1.95	
376.858	11.16	
377.067	9.11	
377.276	36.76	
377.485	59.29	
377.694	65.84	
377.903	56.63	
378.112	34.51	
378.321	22.43	
378.53	9.32	
378.739	8.7	
378.948	-9.52	
379.157	6.25	
379.366	17.92	
379.575	28.77	
379.784	8.09	
379.992	34.1	
380.201	76.49	
380.41	58.06	
380.619	44.95	
380.828	57.65	
381.037	31.85	
381.246	-19.76	
381.454	-44.95	
381.663	-3.38	
381.872	-21.4	
382.081	10.34	
382.29	37.58	
382.498	62.57	
382.707	42.9	
382.916	66.25	
383.125	33.69	
383.333	19.15	
383.542	23.86	
383.751	22.43	
383.959	34.1	
384.168	34.3	
384.377	56.63	
384.585	39.01	
384.794	11.98	
385.003	-11.57	
385.211	-4.2	
385.42	-41.47	
385.628	-28.36	
385.837	-29.59	
386.046	11.37	
386.254	28.77	
386.463	43.72	
386.671	53.55	
386.88	55.6	
387.088	32.67	
387.297	46.8	
387.505	44.13	
387.714	1.13	
387.922	-1.13	
388.131	-2.15	
388.339	-17.92	
388.548	-39.01	
388.756	-21.81	
388.965	-14.03	
389.173	-47.41	
389.381	-50.69	
389.59	-15.87	
389.798	3.17	
390.007	27.14	
390.215	40.04	
390.423	69.53	
390.632	65.64	
390.84	88.17	
391.048	60.11	
391.257	64	
391.465	27.75	
391.673	25.29	
391.882	-5.22	
392.09	-11.98	
392.298	-10.34	
392.506	-19.97	
392.715	-16.69	
392.923	3.99	
393.131	24.47	
393.339	28.98	
393.547	41.27	
393.756	47	
393.964	11.37	
394.172	9.52	
394.38	-2.76	
394.588	-1.54	
394.796	-26.52	
395.005	-15.05	
395.213	-26.32	
395.421	-19.97	
395.629	-31.03	
395.837	-27.14	
396.045	-33.28	
396.253	-20.17	
396.461	-32.05	
396.669	-12.8	
396.877	-0.1	
397.085	18.12	
397.293	3.17	
397.501	15.87	
397.709	12.6	
397.917	21.81	
398.125	31.85	
398.333	48.64	
398.541	36.56	
398.749	31.44	
398.957	9.52	
399.165	-24.06	
399.373	-4.4	
399.581	13.21	
399.788	24.88	
399.996	18.74	
400.204	28.16	
400.412	-14.44	
400.62	-33.28	
400.828	-28.98	
401.035	-18.12	
401.243	8.09	
401.451	35.33	
401.659	34.71	
401.867	34.3	
402.074	45.36	
402.282	20.79	
402.49	-14.23	
402.697	37.17	
402.905	22.63	
403.113	18.33	
403.321	-3.99	
403.528	-1.74	
403.736	-38.4	
403.944	-41.27	
404.151	-62.57	
404.359	-60.11	
404.566	-53.76	
404.774	-54.99	
404.982	-68.09	
405.189	-59.9	
405.397	-47.21	
405.604	-44.54	
405.812	-41.06	
406.02	-43.93	
406.227	-31.64	
406.435	-33.07	
406.642	-13.62	
406.85	-30.82	
407.057	6.45	
407.265	5.02	
407.472	23.45	
407.679	14.85	
407.887	23.45	
408.094	-8.91	
408.302	-31.85	
408.509	-36.15	
408.717	-39.22	
408.924	-41.27	
409.131	-17.92	
409.339	1.33	
409.546	10.75	
409.753	-3.79	
409.961	20.17	
410.168	9.52	
410.375	29.39	
410.583	8.5	
410.79	39.83	
410.997	29.39	
411.205	32.67	
411.412	15.67	
411.619	27.14	
411.826	32.67	
412.034	38.19	
412.241	35.94	
412.448	33.69	
412.655	0.72	
412.862	-26.52	
413.07	-52.94	
413.277	-67.48	
413.484	-76.29	
413.691	-46.8	
413.898	-62.57	
414.105	-64	
414.312	-70.96	
414.519	-79.15	
414.727	-91.85	
414.934	-58.88	
415.141	-47.41	
415.348	-9.32	
415.555	-20.79	
415.762	-13.82	
415.969	-48.23	
416.176	-27.95	
416.383	-47.21	
416.59	-45.98	
416.797	-63.59	
417.004	-45.16	
417.211	-73.21	
417.418	-68.5	
417.625	-46.18	
417.831	-25.09	
418.038	-17.92	
418.245	5.22	
418.452	-12.19	
418.659	-30	
418.866	-33.69	
419.073	-44.95	
419.28	-73.01	
419.486	-37.99	
419.693	-49.05	
419.9	-41.88	
420.107	-28.36	
420.314	-3.79	
420.52	-14.23	
420.727	38.19	
420.934	25.91	
421.141	15.46	
421.347	7.48	
421.554	-2.97	
421.761	-49.87	
421.967	-33.07	
422.174	-15.46	
422.381	-23.45	
422.588	-32.67	
422.794	-25.91	
423.001	3.79	
423.207	-8.09	
423.414	-11.78	
423.621	-19.15	
423.827	8.5	
424.034	-0.1	
424.24	15.46	
424.447	14.03	
424.654	10.75	
424.86	-1.74	
425.067	-44.95	
425.273	-56.63	
425.48	-23.04	
425.686	6.45	
425.893	20.38	
426.099	28.57	
426.306	34.51	
426.512	18.94	
426.718	20.38	
426.925	7.48	
427.131	2.76	
427.338	-14.85	
427.544	-21.61	
427.75	-46.39	
427.957	-76.7	
428.163	-60.31	
428.37	-53.96	
428.576	-51.92	
428.782	-49.25	
428.988	0.72	
429.195	-4.4	
429.401	-13	
429.607	-14.85	
429.814	20.58	
430.02	-8.29	
430.226	-13.41	
430.432	-6.04	
430.639	8.09	
430.845	5.84	
431.051	22.63	
431.257	31.44	
431.463	22.22	
431.67	-0.72	
431.876	-27.14	
432.082	-40.86	
432.288	-36.56	
432.494	-27.55	
432.7	-2.76	
432.906	-7.88	
433.112	-11.37	
433.318	13.21	
433.525	15.05	
433.731	-5.02	
433.937	17.51	
434.143	26.11	
434.349	2.56	
434.555	11.37	
434.761	15.87	
434.967	-14.64	
435.173	-6.66	
435.379	-0.72	
435.585	14.03	
435.791	18.74	
435.996	62.98	
436.202	79.15	
436.408	53.96	
436.614	49.87	
436.82	57.65	
437.026	26.93	
437.232	16.28	
437.438	17.31	
437.644	-10.55	
437.849	-19.97	
438.055	-21.4	
438.261	-47	
438.467	-51.51	
438.673	-47.62	
438.878	-63.79	
439.084	-66.66	
439.29	-32.05	
439.496	-26.11	
439.701	-20.38	
439.907	-34.71	
440.113	-22.43	
440.318	-35.53	
440.524	-32.05	
440.73	-25.09	
440.935	-4.4	
441.141	-27.95	
441.347	-0.51	
441.552	-24.68	
441.758	-19.97	
441.964	-37.58	
442.169	-12.8	
442.375	-38.4	
442.58	-2.76	
442.786	6.45	
442.991	27.75	
443.197	-3.38	
443.402	8.09	
443.608	10.14	
443.813	18.33	
444.019	31.44	
444.224	64.2	
444.43	40.04	
444.635	44.34	
444.841	7.27	
445.046	26.52	
445.252	7.27	
445.457	6.66	
445.662	-23.65	
445.868	-18.33	
446.073	-59.29	
446.278	-55.81	
446.484	-58.67	
446.689	-54.99	
446.894	-55.19	
447.1	-53.35	
447.305	-35.33	
447.51	-21.4	
447.716	-22.43	
447.921	-28.36	
448.126	-17.1	
448.331	-45.16	
448.537	-51.51	
448.742	-35.33	
448.947	-49.66	
449.152	-56.63	
449.357	-21.61	
449.563	6.45	
449.768	-5.63	
449.973	10.75	
450.178	24.06	
450.383	-20.38	
450.588	-51.51	
450.793	-30.82	
450.999	4.81	
451.204	-7.68	
451.409	3.99	
451.614	12.19	
451.819	1.54	
452.024	-31.44	
452.229	-40.04	
452.434	-8.5	
452.639	-24.06	
452.844	-13.62	
453.049	-45.77	
453.254	-41.27	
453.459	-68.71	
453.664	-57.65	
453.869	-67.89	
454.074	-8.91	
454.279	4.4	
454.483	-3.17	
454.688	-11.78	
454.893	21.4	
455.098	-13.41	
455.303	-28.57	
455.508	-19.76	
455.713	-24.06	
455.917	-64.61	
456.122	-37.99	
456.327	-41.06	
456.532	-13.21	
456.737	-18.12	
456.941	-16.49	
457.146	-32.26	
457.351	-22.83	
457.555	-42.29	
457.76	-9.52	
457.965	-10.55	
458.17	-5.02	
458.374	17.92	
458.579	35.74	
458.784	0.72	
458.988	-10.34	
459.193	-16.69	
459.397	-33.07	
459.602	-52.53	
459.807	-1.54	
460.011	5.63	
460.216	19.97	
460.42	-1.33	
460.625	-25.09	
460.829	-41.06	
461.034	-49.87	
461.239	-75.88	
461.443	-70.35	
461.648	-47.62	
461.852	-67.28	
462.056	-30.62	
462.261	-23.65	
462.465	20.17	
462.67	11.98	
462.874	8.29	
463.079	-21.2	
463.283	-28.57	
463.487	-50.48	
463.692	-44.54	
463.896	-44.34	
464.1	-27.75	
464.305	-18.74	
464.509	-33.89	
464.713	-23.65	
464.918	4.61	
465.122	3.99	
465.326	-9.73	
465.531	-24.68	
465.735	-38.4	
465.939	-57.86	
466.143	-62.16	
466.348	-51.71	
466.552	-42.5	
466.756	-30.41	
466.96	-11.78	
467.164	-15.67	
467.368	-9.52	
467.573	6.25	
467.777	-1.54	
467.981	-19.56	
468.185	-26.11	
468.389	-15.67	
468.593	-48.84	
468.797	-56.83	
469.001	-47.41	
469.205	-47	
469.409	-45.77	
469.613	-22.02	
469.817	-24.47	
470.021	-19.76	
470.225	-15.67	
470.429	-54.99	
470.633	-50.89	
470.837	-33.69	
471.041	-57.86	
471.245	-59.7	
471.449	-36.35	
471.653	-27.95	
471.857	-20.99	
472.061	-32.05	
472.265	-29.8	
472.469	-20.79	
472.673	-30.41	
472.876	-45.57	
473.08	-26.52	
473.284	-0.31	
473.488	-25.29	
473.692	-15.46	
473.895	1.95	
474.099	24.27	
474.303	12.6	
474.507	41.47	
474.71	41.68	
474.914	18.74	
475.118	-4.2	
475.322	1.54	
475.525	-36.15	
475.729	-45.16	
475.933	-49.66	
476.136	-2.15	
476.34	4.2	
476.543	45.57	
476.747	48.43	
476.951	71.37	
477.154	18.12	
477.358	30.62	
477.561	24.88	
477.765	18.33	
477.969	13	
478.172	15.87	
478.376	-18.33	
478.579	-31.85	
478.783	-28.77	
478.986	-22.83	
479.19	-13.62	
479.393	12.19	
479.596	30.62	
479.8	34.3	
480.003	23.04	
480.207	23.65	
480.41	-11.78	
480.614	-17.92	
480.817	-37.38	
481.02	-1.95	
481.224	12.39	
481.427	22.02	
481.63	25.7	
481.834	47.82	
482.037	-8.5	
482.24	-10.55	
482.443	-12.19	
482.647	-24.68	
482.85	-24.68	
483.053	21.4	
483.256	-20.58	
483.46	17.31	
483.663	22.22	
483.866	33.69	
484.069	-1.13	
484.272	15.67	
484.476	-20.58	
484.679	-2.97	
484.882	9.73	
485.085	4.4	
485.288	-4.4	
485.491	5.02	
485.694	-26.93	
485.897	-46.8	
486.101	-38.6	
486.304	-10.55	
486.507	-27.55	
486.71	-8.7	
486.913	-19.56	
487.116	-18.12	
487.319	-31.64	
487.522	-26.52	
487.725	-4.4	
487.928	-2.56	
488.13	0.92	
488.333	-3.58	
488.536	22.63	
488.739	-2.97	
488.942	7.88	
489.145	-1.33	
489.348	-0.92	
489.551	-15.26	
489.754	-5.84	
489.956	-7.68	
490.159	-9.52	
490.362	-20.38	
490.565	-48.02	
490.768	-65.43	
490.97	-48.23	
491.173	-32.46	
491.376	-16.9	
491.579	-7.07	
491.781	10.55	
491.984	-2.15	
492.187	-10.55	
492.39	-18.94	
492.592	-4.61	
492.795	9.32	
492.998	-14.03	
493.2	-11.78	
493.403	7.48	
493.605	30.62	
493.808	8.29	
494.011	4.2	
494.213	10.14	
494.416	20.99	
494.618	-22.63	
494.821	-35.94	
495.023	-19.76	
495.226	-9.32	
495.428	-24.06	
495.631	0.92	
495.833	27.14	
496.036	25.91	
496.238	7.88	
496.441	29.8	
496.643	21.81	
496.846	4.4	
497.048	14.23	
497.25	40.45	
497.453	22.02	
497.655	65.23	
497.858	86.53	
498.06	93.49	
498.262	58.26	
498.465	62.77	
498.667	24.88	
498.869	28.57	
499.071	5.02	
499.274	29.39	
499.476	20.58	
499.678	17.31	
499.881	-7.07	
500.083	4.2	
500.285	-24.88	
500.487	-15.46	
500.689	-18.33	
500.892	-26.32	
501.094	-37.58	
501.296	-8.29	
501.498	-20.99	
501.7	-42.9	
501.902	-24.68	
502.104	-13.82	
502.306	-28.98	
502.509	-28.16	
502.711	-4.4	
502.913	-10.96	
503.115	-28.16	
503.317	-19.76	
503.519	-31.64	
503.721	-20.17	
503.923	14.44	
504.125	24.68	
504.327	24.88	
504.529	37.79	
504.731	17.1	
504.933	7.88	
505.134	6.25	
505.336	13.21	
505.538	10.34	
505.74	5.43	
505.942	-25.5	
506.144	-32.67	
506.346	-38.6	
506.548	-7.27	
506.749	2.36	
506.951	17.1	
507.153	18.33	
507.355	10.14	
507.557	-16.08	
507.758	-8.7	
507.96	-27.55	
508.162	-17.92	
508.363	-17.71	
508.565	-14.23	
508.767	-31.23	
508.969	-15.67	
509.17	-3.38	
509.372	-3.58	
509.574	-30.62	
509.775	-15.87	
509.977	-29.59	
510.178	-19.56	
510.38	-15.05	
510.582	2.15	
510.783	-19.76	
510.985	-13.41	
511.186	-42.5	
511.388	-23.65	
511.589	1.33	
511.791	-5.02	
511.992	-5.63	
512.194	8.5	
512.395	-41.47	
512.597	-48.43	
512.798	-35.33	
513	-28.77	
513.201	-19.76	
513.403	27.95	
513.604	5.02	
513.805	15.26	
514.007	9.52	
514.208	-18.94	
514.409	-46.18	
514.611	-30.62	
514.812	-23.24	
515.013	-10.75	
515.215	-5.43	
515.416	0.72	
515.617	-18.74	
515.819	-35.53	
516.02	-63.18	
516.221	-52.94	
516.422	-48.64	
516.623	-38.81	
516.825	-40.24	
517.026	-30.21	
517.227	-50.28	
517.428	-73.83	
517.629	-63.79	
517.83	-59.49	
518.032	-45.16	
518.233	-19.97	
518.434	4.61	
518.635	3.99	
518.836	3.38	
519.037	-15.87	
519.238	-32.87	
519.439	-18.12	
519.64	-37.79	
519.841	-20.58	
520.042	-14.23	
520.243	-13.21	
520.444	-28.77	
520.645	-17.51	
520.846	-42.9	
521.047	-25.5	
521.248	-23.04	
521.449	-20.58	
521.65	-21.4	
521.851	13.62	
522.052	-19.15	
522.252	0.1	
522.453	7.48	
522.654	-1.33	
522.855	-17.31	
523.056	-6.86	
523.257	-22.22	
523.457	-26.11	
523.658	-20.58	
523.859	-27.75	
524.06	-38.81	
524.26	-62.16	
524.461	-62.77	
524.662	-57.45	
524.862	-63.18	
525.063	-24.88	
525.264	2.36	
525.464	-11.16	
525.665	1.33	
525.866	41.06	
526.066	14.64	
526.267	14.64	
526.468	24.06	
526.668	12.8	
526.869	-14.03	
527.069	-11.57	
527.27	-2.97	
527.47	16.49	
527.671	6.66	
527.871	-3.99	
528.072	12.19	
528.272	11.57	
528.473	-0.72	
528.673	27.75	
528.874	19.35	
529.074	16.28	
529.275	7.68	
529.475	11.78	
529.675	-31.85	
529.876	-1.33	
530.076	-18.94	
530.277	-22.02	
530.477	-26.52	
530.677	-13.82	
530.878	-40.65	
531.078	7.07	
531.278	-2.36	
531.478	-22.83	
531.679	-29.39	
531.879	-29.59	
532.079	-68.3	
532.28	-50.28	
532.48	-48.02	
532.68	-30.62	
532.88	-20.99	
533.08	-28.98	
533.28	-29.8	
533.481	-26.93	
533.681	-37.38	
533.881	-38.6	
534.081	-41.68	
534.281	-38.81	
534.481	-44.75	
534.681	-28.98	
534.881	-4.81	
535.081	1.54	
535.281	-21.61	
535.481	13.41	
535.682	12.6	
535.882	-13.62	
536.082	-5.02	
536.281	17.92	
536.481	11.37	
536.681	20.38	
536.881	12.39	
537.081	2.97	
537.281	-2.36	
537.481	-28.16	
537.681	-48.02	
537.881	-60.93	
538.081	-37.79	
538.281	-42.9	
538.48	-55.6	
538.68	-52.12	
538.88	1.95	
539.08	3.58	
539.28	11.16	
539.479	59.29	
539.679	59.08	
539.879	29.39	
540.079	14.03	
540.278	-2.15	
540.478	-39.83	
540.678	-52.94	
540.877	-31.44	
541.077	-48.23	
541.277	-36.56	
541.476	0.51	
541.676	4.81	
541.876	9.93	
542.075	24.47	
542.275	7.68	
542.474	-5.22	
542.674	7.07	
542.874	-19.15	
543.073	-28.57	
543.273	-10.75	
543.472	-8.5	
543.672	-13.62	
543.871	-17.31	
544.071	-7.68	
544.27	14.03	
544.47	-3.99	
544.669	19.15	
544.868	0.51	
545.068	-1.74	
545.267	-33.48	
545.467	-3.38	
545.666	-32.87	
545.865	4.2	
546.065	-4.61	
546.264	2.97	
546.463	-18.33	
546.663	4.61	
546.862	-7.07	
547.061	4.81	
547.261	11.37	
547.46	31.23	
547.659	10.14	
547.858	39.01	
548.058	30.21	
548.257	45.36	
548.456	29.8	
548.655	41.47	
548.854	21.2	
549.053	45.98	
549.253	24.06	
549.452	17.51	
549.651	40.65	
549.85	68.09	
550.049	63.79	
550.248	68.09	
550.447	75.67	
550.646	72.4	
550.845	47	
551.044	42.5	
551.243	29.18	
551.442	27.75	
551.641	11.37	
551.84	33.48	
552.039	39.63	
552.238	56.83	
552.437	44.13	
552.636	47	
552.835	26.11	
553.034	31.23	
553.233	24.68	
553.432	30.21	
553.63	33.28	
553.829	30.41	
554.028	-4.81	
554.227	1.13	
554.426	15.05	
554.625	19.76	
554.823	10.75	
555.022	35.53	
555.221	48.43	
555.42	36.15	
555.618	35.33	
555.817	29.18	
556.016	30.82	
556.214	26.73	
556.413	34.1	
556.612	23.86	
556.81	41.27	
557.009	20.79	
557.208	18.94	
557.406	23.04	
557.605	23.04	
557.803	5.22	
558.002	10.96	
558.201	-19.56	
558.399	-31.03	
558.598	-54.99	
558.796	-39.42	
558.995	-29.8	
559.193	-9.11	
559.392	-16.69	
559.59	14.44	
559.789	16.08	
559.987	40.04	
560.185	50.48	
560.384	56.83	
560.582	59.9	
560.781	85.71	
560.979	70.76	
561.177	44.54	
561.376	42.5	
561.574	56.63	
561.772	-8.09	
561.971	15.67	
562.169	35.33	
562.367	34.51	
562.566	6.45	
562.764	14.44	
562.962	-21.2	
563.16	-51.51	
563.358	-29.8	
563.557	-21.81	
563.755	-4.81	
563.953	-3.17	
564.151	27.34	
564.349	37.58	
564.547	41.88	
564.746	27.34	
564.944	29.8	
565.142	14.23	
565.34	-5.43	
565.538	-16.49	
565.736	11.98	
565.934	-9.11	
566.132	-3.17	
566.33	-10.75	
566.528	16.69	
566.726	1.13	
566.924	22.83	
567.122	11.57	
567.32	6.45	
567.518	-20.58	
567.716	-29.59	
567.914	-33.48	
568.112	-27.75	
568.31	-11.98	
568.507	10.55	
568.705	1.13	
568.903	-6.66	
569.101	18.74	
569.299	30	
569.497	4.81	
569.694	33.28	
569.892	41.06	
570.09	35.94	
570.288	12.8	
570.486	12.8	
570.683	19.15	
570.881	-3.79	
571.079	-31.85	
571.276	-33.48	
571.474	-23.86	
571.672	-41.47	
571.869	-20.99	
572.067	-5.22	
572.265	6.25	
572.462	19.35	
572.66	33.28	
572.857	36.56	
573.055	52.12	
573.253	35.74	
573.45	14.23	
573.648	24.27	
573.845	13.21	
574.043	-5.22	
574.24	3.79	
574.438	-8.7	
574.635	-23.04	
574.832	-21.81	
575.03	-10.75	
575.227	26.93	
575.425	35.12	
575.622	14.23	
575.82	3.99	
576.017	8.91	
576.214	-13.62	
576.412	4.61	
576.609	6.86	
576.806	11.57	
577.004	2.97	
577.201	-1.33	
577.398	9.73	
577.595	60.52	
577.793	80.79	
577.99	78.33	
578.187	57.24	
578.384	33.28	
578.582	-12.6	
578.779	-6.66	
578.976	-12.8	
579.173	25.29	
579.37	29.18	
579.567	56.01	
579.764	42.7	
579.962	47.41	
580.159	35.74	
580.356	53.76	
580.553	45.16	
580.75	55.4	
580.947	60.72	
581.144	75.06	
581.341	57.65	
581.538	70.35	
581.735	41.06	
581.932	46.59	
582.129	1.33	
582.326	1.13	
582.523	-27.75	
582.72	-22.02	
582.916	-35.33	
583.113	-30.82	
583.31	-39.83	
583.507	-21.61	
583.704	-4.2	
583.901	17.71	
584.098	29.18	
584.294	38.4	
584.491	20.58	
584.688	17.51	
584.885	-8.29	
585.082	41.27	
585.278	62.57	
585.475	64.82	
585.672	56.42	
585.868	67.89	
586.065	14.03	
586.262	-23.65	
586.458	3.99	
586.655	28.57	
586.852	13	
587.048	3.79	
587.245	1.54	
587.442	14.03	
587.638	16.28	
587.835	51.92	
588.031	73.42	
588.228	81.61	
588.424	56.22	
588.621	39.01	
588.817	11.78	
589.014	22.63	
589.21	34.1	
589.407	20.99	
589.603	13	
589.8	36.56	
589.996	36.76	
590.192	31.03	
590.389	46.59	
590.585	48.23	
590.782	12.39	
590.978	42.7	
591.174	40.24	
591.371	30.82	
591.567	42.7	
591.763	47.21	
591.959	1.13	
592.156	-1.33	
592.352	-0.1	
592.548	5.84	
592.744	4.61	
592.941	-5.22	
593.137	-7.68	
593.333	-20.79	
593.529	4.61	
593.725	28.98	
593.922	37.38	
594.118	58.47	
594.314	33.48	
594.51	9.11	
594.706	-16.49	
594.902	9.11	
595.098	-2.56	
595.294	43.11	
595.49	15.67	
595.686	38.4	
595.882	-0.31	
596.078	20.17	
596.274	19.15	
596.47	49.87	
596.666	52.94	
596.862	57.24	
597.058	51.71	
597.254	56.42	
597.45	25.91	
597.646	34.92	
597.842	42.5	
598.037	48.84	
598.233	57.86	
598.429	84.27	
598.625	43.11	
598.821	38.19	
599.017	6.86	
599.212	2.76	
599.408	17.51	
599.604	25.7	
599.8	34.51	
599.995	31.85	
600.191	11.57	
600.387	-29.39	
600.582	-8.91	
600.778	3.17	
600.974	13.21	
601.169	9.73	
601.365	42.29	
601.561	10.55	
601.756	-23.45	
601.952	-12.39	
602.147	-20.58	
602.343	-36.97	
602.538	-4.81	
602.734	9.93	
602.93	13	
603.125	26.32	
603.321	24.68	
603.516	7.07	
603.711	6.25	
603.907	4.2	
604.102	5.22	
604.298	22.02	
604.493	25.29	
604.689	47.41	
604.884	35.33	
605.079	38.19	
605.275	19.35	
605.47	16.49	
605.665	14.23	
605.861	29.59	
606.056	28.36	
606.251	4.81	
606.447	6.86	
606.642	-13.82	
606.837	-41.47	
607.032	-31.23	
607.227	-31.23	
607.423	-32.05	
607.618	-30.82	
607.813	-30.41	
608.008	-52.94	
608.203	13	
608.398	36.97	
608.594	40.04	
608.789	59.08	
608.984	93.69	
609.179	57.04	
609.374	40.24	
609.569	35.74	
609.764	15.05	
609.959	-8.5	
610.154	-24.68	
610.349	-6.04	
610.544	-2.36	
610.739	20.58	
610.934	23.45	
611.129	40.45	
611.324	30.62	
611.519	43.72	
611.714	59.7	
611.909	42.5	
612.103	58.47	
612.298	60.72	
612.493	57.04	
612.688	53.76	
612.883	73.62	
613.078	45.36	
613.272	69.94	
613.467	72.19	
613.662	78.33	
613.857	91.65	
614.051	113.76	
614.246	69.73	
614.441	51.3	
614.635	4.4	
614.83	-19.76	
615.025	-46.18	
615.219	-38.81	
615.414	-47.82	
615.609	-24.47	
615.803	-20.17	
615.998	13.62	
616.192	22.02	
616.387	42.09	
616.582	52.53	
616.776	53.76	
616.971	25.5	
617.165	9.32	
617.36	-16.28	
617.554	-32.05	
617.749	0.92	
617.943	7.88	
618.138	10.75	
618.332	33.69	
618.526	18.74	
618.721	-10.55	
618.915	4.4	
619.11	15.05	
619.304	-9.32	
619.498	5.02	
619.693	25.29	
619.887	6.25	
620.081	-5.84	
620.275	22.63	
620.47	33.07	
620.664	16.49	
620.858	7.88	
621.052	11.78	
621.247	18.53	
621.441	4.4	
621.635	15.46	
621.829	28.57	
622.023	31.85	
622.218	47.82	
622.412	40.24	
622.606	25.7	
622.8	23.24	
622.994	12.39	
623.188	-38.19	
623.382	-29.39	
623.576	-42.9	
623.77	-49.05	
623.964	-27.55	
624.158	2.15	
624.352	-16.28	
624.546	6.25	
624.74	29.59	
624.934	14.03	
625.128	6.04	
625.322	34.71	
625.516	32.05	
625.71	3.58	
625.904	-20.58	
626.098	-10.14	
626.291	10.55	
626.485	13.82	
626.679	17.1	
626.873	66.46	
627.067	65.64	
627.26	54.37	
627.454	63.38	
627.648	79.97	
627.842	59.08	
628.035	57.24	
628.229	39.83	
628.423	4.4	
628.617	-12.8	
628.81	-22.22	
629.004	-49.87	
629.198	-32.26	
629.391	-18.94	
629.585	17.1	
629.778	5.22	
629.972	48.43	
630.166	42.29	
630.359	32.05	
630.553	7.07	
630.746	36.76	
630.94	23.04	
631.133	-1.54	
631.327	7.07	
631.52	-10.14	
631.714	-19.97	
631.907	-30.41	
632.1	3.38	
632.294	24.47	
632.487	48.23	
632.681	47.82	
632.874	49.05	
633.067	64.61	
633.261	48.02	
633.454	42.9	
633.647	55.4	
633.841	47.21	
634.034	27.34	
634.227	25.09	
634.421	13.41	
634.614	0.72	
634.807	4.4	
635	-31.44	
635.193	-30.82	
635.387	-36.56	
635.58	-53.14	
635.773	-39.63	
635.966	-30	
636.159	-27.95	
636.352	-36.35	
636.545	-35.74	
636.739	-65.84	
636.932	-45.98	
637.125	-45.98	
637.318	-47.62	
637.511	-13.21	
637.704	-13.41	
637.897	-16.49	
638.09	-31.23	
638.283	-8.09	
638.476	-14.03	
638.669	22.22	
638.862	42.7	
639.055	36.56	
639.247	45.16	
639.44	25.29	
639.633	20.99	
639.826	-14.23	
640.019	0.92	
640.212	-9.93	
640.405	6.86	
640.597	-17.92	
640.79	1.74	
640.983	9.32	
641.176	2.15	
641.368	4.2	
641.561	30.62	
641.754	9.93	
641.947	29.8	
642.139	36.97	
642.332	17.92	
642.525	21.61	
642.717	50.28	
642.91	10.96	
643.103	7.27	
643.295	12.8	
643.488	-5.43	
643.68	-30.62	
643.873	-17.71	
644.065	-6.25	
644.258	-13.62	
644.45	-25.5	
644.643	-15.67	
644.835	-27.55	
645.028	-43.11	
645.22	-47.41	
645.413	-38.4	
645.605	-59.49	
645.798	-54.78	
645.99	-27.14	
646.182	-14.64	
646.375	-4.81	
646.567	16.08	
646.76	-0.51	
646.952	-18.74	
647.144	-25.09	
647.337	-40.65	
647.529	-38.4	
647.721	-1.13	
647.913	6.45	
648.106	9.52	
648.298	0.1	
648.49	-16.28	
648.682	-63.18	
648.874	-68.91	
649.067	-66.05	
649.259	-58.47	
649.451	-59.08	
649.643	-18.74	
649.835	6.45	
650.027	9.11	
650.219	20.99	
650.411	45.57	
650.603	30.82	
650.796	23.45	
650.988	25.5	
651.18	38.6	
651.372	50.28	
651.564	45.16	
651.756	8.7	
651.948	12.19	
652.139	-6.25	
652.331	-34.92	
652.523	-3.99	
652.715	-0.51	
652.907	-1.13	
653.099	-2.36	
653.291	9.32	
653.483	-15.87	
653.674	14.03	
653.866	14.64	
654.058	20.58	
654.25	7.68	
654.442	6.86	
654.633	-12.6	
654.825	-32.87	
655.017	-22.02	
655.209	-33.89	
655.4	-23.45	
655.592	-48.64	
655.784	-5.02	
655.975	-9.73	
656.167	12.6	
656.359	9.73	
656.55	36.97	
656.742	-4.61	
656.933	11.37	
657.125	15.26	
657.316	3.99	
657.508	-8.5	
657.7	27.14	
657.891	-7.48	
658.083	-9.93	
658.274	3.79	
658.466	14.23	
658.657	12.19	
658.848	20.99	
659.04	34.92	
659.231	7.27	
659.423	7.88	
659.614	-17.1	
659.805	3.99	
659.997	27.55	
660.188	60.11	
660.379	69.12	
660.571	65.43	
660.762	43.52	
660.953	-10.34	
661.145	-16.49	
661.336	-43.93	
661.527	101.68	
661.718	118.47	
661.909	132.81	
662.101	131.17	
662.292	160.87	
662.483	1.33	
662.674	-20.17	
662.865	-9.52	
663.056	-19.15	
663.247	-50.07	
663.439	-11.16	
663.63	-0.72	
663.821	-20.99	
664.012	-10.55	
664.203	23.45	
664.394	14.23	
664.585	27.34	
664.776	13	
664.967	9.52	
665.158	6.86	
665.349	25.29	
665.54	10.34	
665.73	47.41	
665.921	20.17	
666.112	9.52	
666.303	-23.24	
666.494	20.79	
666.685	-16.69	
666.876	14.44	
667.066	12.6	
667.257	29.18	
667.448	-32.46	
667.639	-8.09	
667.83	-21.2	
668.02	-1.74	
668.211	-25.7	
668.402	10.55	
668.592	-14.44	
668.783	-12.8	
668.974	-21.2	
669.164	2.97	
669.355	-9.93	
669.546	15.67	
669.736	31.03	
669.927	20.99	
670.117	-14.03	
670.308	-8.29	
670.499	-30.62	
670.689	-44.54	
670.88	-56.01	
671.07	-25.09	
671.261	-32.46	
671.451	-5.84	
671.641	-27.75	
671.832	-9.93	
672.022	-17.71	
672.213	-17.92	
672.403	-13	
672.594	35.94	
672.784	30.41	
672.974	31.03	
673.165	4.81	
673.355	-10.55	
673.545	-3.38	
673.736	16.49	
673.926	-13	
674.116	17.31	
674.306	-6.04	
674.497	-34.92	
674.687	-53.35	
674.877	-33.28	
675.067	-38.6	
675.257	-18.12	
675.448	-12.19	
675.638	-3.17	
675.828	-11.98	
676.018	-9.52	
676.208	-8.29	
676.398	-5.63	
676.588	-11.37	
676.778	14.23	
676.968	17.51	
677.158	26.52	
677.348	7.48	
677.538	-8.5	
677.728	-16.49	
677.918	-25.09	
678.108	-41.27	
678.298	-21.61	
678.488	-19.15	
678.678	2.36	
678.868	16.49	
679.058	10.14	
679.248	-11.57	
679.438	8.09	
679.627	-10.14	
679.817	-31.44	
680.007	-12.6	
680.197	13.62	
680.387	-7.07	
680.576	-6.86	
680.766	-9.52	
680.956	-16.69	
681.146	-18.33	
681.335	-1.74	
681.525	-16.08	
681.715	-1.54	
681.904	8.7	
682.094	11.78	
682.284	-2.76	
682.473	0.31	
682.663	12.19	
682.852	4.81	
683.042	4.81	
683.231	-1.13	
683.421	0.92	
683.61	-17.31	
683.8	-15.46	
683.989	-23.45	
684.179	-12.8	
684.368	-20.79	
684.558	-13	
684.747	-13.41	
684.937	-39.22	
685.126	-35.33	
685.316	-22.43	
685.505	-47.82	
685.694	-41.06	
685.884	14.85	
686.073	0.1	
686.262	1.95	
686.452	17.1	
686.641	18.94	
686.83	-8.7	
687.019	-6.04	
687.209	-24.06	
687.398	-6.25	
687.587	-13.21	
687.776	-26.11	
687.965	-34.71	
688.155	-28.98	
688.344	-50.89	
688.533	-50.89	
688.722	-60.52	
688.911	-2.56	
689.1	31.85	
689.289	59.7	
689.478	58.88	
689.667	62.57	
689.856	-12.8	
690.045	-54.99	
690.234	-85.09	
690.423	-56.63	
690.612	-50.28	
690.801	-9.93	
690.99	-2.15	
691.179	16.9	
691.368	-8.5	
691.557	7.88	
691.746	-13.41	
691.935	-10.96	
692.124	-31.85	
692.312	-27.34	
692.501	-38.4	
692.69	-13.21	
692.879	-8.09	
693.068	-3.58	
693.256	-10.55	
693.445	5.43	
693.634	-17.71	
693.823	-23.04	
694.011	-14.23	
694.2	-7.48	
694.389	-35.12	
694.577	-26.93	
694.766	-16.49	
694.955	-5.02	
695.143	-14.85	
695.332	1.33	
695.52	0.31	
695.709	-1.13	
695.897	-19.15	
696.086	-25.09	
696.275	-37.79	
696.463	-37.99	
696.652	-48.23	
696.84	-36.35	
697.028	-30.82	
697.217	-29.39	
697.405	-27.95	
697.594	-6.66	
697.782	-14.03	
697.971	-10.14	
698.159	-2.36	
698.347	27.55	
698.536	19.76	
698.724	27.55	
698.912	8.29	
699.1	17.71	
699.289	13.82	
699.477	6.45	
699.665	-0.1	
699.854	13	
700.042	-1.95	
700.23	-19.15	
700.418	-13.82	
700.606	-23.04	
700.794	-7.27	
700.983	-4.4	
701.171	-4.81	
701.359	-13.41	
701.547	19.56	
701.735	9.93	
701.923	-2.15	
702.111	-17.71	
702.299	-38.4	
702.487	-49.66	
702.675	-68.71	
702.863	-66.66	
703.051	-58.47	
703.239	-16.69	
703.427	-32.46	
703.615	-32.87	
703.803	-42.09	
703.991	-20.79	
704.179	-35.94	
704.367	-17.71	
704.554	7.27	
704.742	33.48	
704.93	50.89	
705.118	73.21	
705.306	53.76	
705.493	49.25	
705.681	29.59	
705.869	31.23	
706.057	4.4	
706.244	6.04	
706.432	-5.02	
706.62	16.69	
706.807	-38.6	
706.995	-17.71	
707.183	-43.72	
707.37	-28.16	
707.558	-23.24	
707.746	30.21	
707.933	12.39	
708.121	68.09	
708.308	52.94	
708.496	34.1	
708.683	-6.04	
708.871	20.17	
709.058	-22.22	
709.246	-5.22	
709.433	-19.97	
709.621	-2.76	
709.808	-17.51	
709.995	18.33	
710.183	7.27	
710.37	25.91	
710.558	7.68	
710.745	18.74	
710.932	1.54	
711.12	20.17	
711.307	14.03	
711.494	40.04	
711.681	29.59	
711.869	12.8	
712.056	-3.79	
712.243	6.86	
712.43	-38.81	
712.618	-27.75	
712.805	-30.62	
712.992	-25.09	
713.179	-39.63	
713.366	-18.74	
713.553	-17.1	
713.74	-15.46	
713.928	-57.24	
714.115	-24.27	
714.302	-31.85	
714.489	-26.93	
714.676	-27.75	
714.863	24.06	
715.05	16.69	
715.237	10.55	
715.424	-35.53	
715.611	-3.79	
715.798	-8.29	
715.984	-19.97	
716.171	11.78	
716.358	27.55	
716.545	20.17	
716.732	21.2	
716.919	0.51	
717.106	-31.44	
717.293	-19.35	
717.479	-7.27	
717.666	-37.79	
717.853	-25.91	
718.04	-1.54	
718.226	5.63	
718.413	-29.39	
718.6	-8.09	
718.786	4.2	
718.973	7.68	
719.16	-34.92	
719.346	-27.95	
719.533	-41.47	
719.72	-28.16	
719.906	-49.87	
720.093	-18.74	
720.279	-37.58	
720.466	-20.58	
720.652	-26.11	
720.839	2.76	
721.025	4.4	
721.212	36.15	
721.398	25.7	
721.585	19.15	
721.771	-2.36	
721.958	-18.94	
722.144	-12.6	
722.331	-23.24	
722.517	-42.09	
722.703	-36.97	
722.89	-46.18	
723.076	-52.33	
723.262	-27.75	
723.449	-24.68	
723.635	-39.01	
723.821	-31.23	
724.007	-42.7	
724.194	-60.11	
724.38	-67.07	
724.566	-50.48	
724.752	-38.81	
724.938	-31.85	
725.125	-14.03	
725.311	11.98	
725.497	-4.2	
725.683	2.97	
725.869	-10.34	
726.055	-16.49	
726.241	-25.91	
726.427	-9.11	
726.613	-23.24	
726.799	14.44	
726.985	-5.43	
727.171	12.6	
727.357	20.38	
727.543	47.21	
727.729	18.33	
727.915	34.71	
728.101	22.02	
728.287	8.91	
728.473	-12.6	
728.659	-23.24	
728.845	-37.99	
729.03	-47.62	
729.216	-43.11	
729.402	-43.93	
729.588	-34.1	
729.774	-26.11	
729.959	-41.06	
730.145	-24.06	
730.331	-2.56	
730.517	2.15	
730.702	11.57	
730.888	21.81	
731.074	-18.74	
731.259	-22.02	
731.445	-5.02	
731.63	-18.12	
731.816	-25.7	
732.002	29.59	
732.187	36.97	
732.373	22.02	
732.558	34.71	
732.744	66.05	
732.929	25.09	
733.115	-9.32	
733.3	-37.58	
733.486	-33.69	
733.671	-65.23	
733.857	-64.82	
734.042	-41.88	
734.227	-8.7	
734.413	16.08	
734.598	38.81	
734.784	27.34	
734.969	6.45	
735.154	-7.07	
735.339	-31.23	
735.525	-17.31	
735.71	17.51	
735.895	1.13	
736.081	5.43	
736.266	2.56	
736.451	-19.97	
736.636	-16.9	
736.821	0.72	
737.007	-18.94	
737.192	-13	
737.377	-33.89	
737.562	-62.36	
737.747	-58.67	
737.932	-35.94	
738.117	-49.46	
738.302	-5.02	
738.487	9.32	
738.672	5.02	
738.857	15.46	
739.042	20.38	
739.227	21.81	
739.412	7.68	
739.597	-3.38	
739.782	2.97	
739.967	-13.62	
740.152	-14.64	
740.337	-4.2	
740.522	25.7	
740.706	12.39	
740.891	50.89	
741.076	47	
741.261	65.64	
741.446	47.82	
741.63	49.46	
741.815	20.58	
742	-17.92	
742.185	-38.81	
742.369	-27.95	
742.554	-37.79	
742.739	-30.82	
742.923	-5.84	
743.108	10.14	
743.293	16.9	
743.477	6.45	
743.662	25.7	
743.846	17.92	
744.031	7.27	
744.216	-2.97	
744.4	36.76	
744.585	14.85	
744.769	28.57	
744.954	15.87	
745.138	7.27	
745.322	-20.38	
745.507	-35.12	
745.691	-42.7	
745.876	-35.12	
746.06	-15.05	
746.244	-4.81	
746.429	22.63	
746.613	23.04	
746.798	28.36	
746.982	8.91	
747.166	21.81	
747.35	-0.31	
747.535	0.72	
747.719	-2.36	
747.903	17.71	
748.087	-10.55	
748.272	-7.27	
748.456	-7.68	
748.64	-4.61	
748.824	-10.96	
749.008	7.27	
749.192	-5.22	
749.376	-15.67	
749.56	-31.03	
749.745	-36.76	
749.929	-45.77	
750.113	-25.5	
750.297	-39.22	
750.481	-14.03	
750.665	-10.75	
750.849	-4.81	
751.033	-3.99	
751.217	-7.27	
751.4	-10.75	
751.584	-16.9	
751.768	-11.98	
751.952	-23.24	
752.136	-12.6	
752.32	-41.27	
752.504	-31.64	
752.688	-33.28	
752.871	-29.8	
753.055	-16.69	
753.239	-5.22	
753.423	-0.51	
753.606	-22.83	
753.79	3.38	
753.974	-5.22	
754.157	-5.84	
754.341	-22.83	
754.525	-22.83	
754.708	-40.65	
754.892	-41.68	
755.076	-9.52	
755.259	2.15	
755.443	-3.38	
755.626	-2.76	
755.81	8.91	
755.993	-7.27	
756.177	-12.8	
756.36	6.45	
756.544	1.95	
756.727	-7.07	
756.911	-8.29	
757.094	-9.73	
757.278	-28.36	
757.461	-39.42	
757.644	-46.39	
757.828	-55.81	
758.011	-42.9	
758.195	-27.75	
758.378	-26.32	
758.561	-18.94	
758.744	-28.36	
758.928	-10.14	
759.111	-19.35	
759.294	7.48	
759.477	17.51	
759.661	23.86	
759.844	8.29	
760.027	19.97	
760.21	-11.57	
760.393	-10.96	
760.576	-3.58	
760.76	-26.11	
760.943	-40.86	
761.126	-6.66	
761.309	6.86	
761.492	2.56	
761.675	6.45	
761.858	15.46	
762.041	-23.45	
762.224	-67.89	
762.407	-80.18	
762.59	-57.86	
762.773	-72.19	
762.956	-53.14	
763.139	-37.58	
763.321	-18.33	
763.504	-50.07	
763.687	-24.47	
763.87	-12.6	
764.053	-13.62	
764.236	13.41	
764.418	31.64	
764.601	17.51	
764.784	33.89	
764.967	66.46	
765.149	41.68	
765.332	39.01	
765.515	58.67	
765.697	25.29	
765.88	-2.56	
766.063	-4.81	
766.245	-13.82	
766.428	-43.52	
766.611	-52.12	
766.793	-44.13	
766.976	-32.05	
767.158	-38.19	
767.341	-9.52	
767.523	-0.51	
767.706	14.85	
767.888	-8.29	
768.071	31.23	
768.253	5.02	
768.436	16.49	
768.618	6.04	
768.8	41.06	
768.983	27.75	
769.165	32.46	
769.348	-0.1	
769.53	-8.29	
769.712	-32.05	
769.895	-49.25	
770.077	-29.39	
770.259	-22.83	
770.441	-27.95	
770.624	-7.68	
770.806	7.07	
770.988	0.31	
771.17	16.08	
771.352	42.5	
771.535	46.39	
771.717	44.95	
771.899	44.75	
772.081	65.23	
772.263	38.4	
772.445	29.39	
772.627	8.29	
772.809	3.17	
772.991	-14.44	
773.173	17.71	
773.355	-7.07	
773.537	2.56	
773.719	-14.85	
773.901	14.85	
774.083	-14.03	
774.265	-24.47	
774.447	-37.58	
774.629	-11.37	
774.811	-26.93	
774.992	-10.96	
775.174	-11.98	
775.356	5.22	
775.538	-24.88	
775.72	-45.98	
775.901	-49.87	
776.083	-42.5	
776.265	-48.84	
776.447	-11.37	
776.628	7.68	
776.81	-0.1	
776.992	29.59	
777.173	37.58	
777.355	10.55	
777.537	17.1	
777.718	22.43	
777.9	18.53	
778.081	21.61	
778.263	57.65	
778.444	36.15	
778.626	19.97	
778.807	-3.58	
778.989	-14.03	
779.17	-57.04	
779.352	-78.74	
779.533	-81.82	
779.715	-52.53	
779.896	-80.59	
780.078	-42.09	
780.259	-16.08	
780.44	-4.2	
780.622	-30.62	
780.803	39.83	
780.984	14.44	
781.166	7.88	
781.347	3.99	
781.528	15.67	
781.709	-20.38	
781.891	-2.36	
782.072	8.29	
782.253	24.06	
782.434	13.41	
782.615	2.76	
782.796	-3.17	
782.978	16.28	
783.159	14.44	
783.34	31.85	
783.521	35.94	
783.702	35.53	
783.883	24.27	
784.064	34.51	
784.245	6.04	
784.426	33.89	
784.607	10.96	
784.788	17.71	
784.969	-9.52	
785.15	5.43	
785.331	-52.94	
785.512	-24.27	
785.692	-42.7	
785.873	-31.85	
786.054	-44.13	
786.235	-20.58	
786.416	-27.95	
786.597	-28.57	
786.777	-38.6	
786.958	-15.26	
787.139	-4.81	
787.32	13	
787.5	26.52	
787.681	19.35	
787.862	22.02	
788.042	14.44	
788.223	-5.22	
788.404	-37.17	
788.584	-14.44	
788.765	-8.29	
788.946	-7.68	
789.126	-8.5	
789.307	25.09	
789.487	41.68	
789.668	-1.54	
789.848	-5.22	
790.029	-23.24	
790.209	-35.74	
790.39	-67.69	
790.57	-60.52	
790.75	-20.38	
790.931	-2.56	
791.111	-20.17	
791.292	2.15	
791.472	24.88	
791.652	15.46	
791.833	12.8	
792.013	30.62	
792.193	11.78	
792.373	27.14	
792.554	11.98	
792.734	25.09	
792.914	2.97	
793.094	14.03	
793.275	20.17	
793.455	3.99	
793.635	10.75	
793.815	25.7	
793.995	11.78	
794.175	-16.49	
794.355	15.26	
794.535	7.48	
794.715	17.92	
794.896	21.4	
795.076	11.98	
795.256	26.52	
795.436	1.13	
795.616	9.32	
795.795	10.75	
795.975	18.53	
796.155	0.72	
796.335	12.6	
796.515	15.05	
796.695	37.17	
796.875	57.65	
797.055	47.21	
797.234	48.23	
797.414	51.3	
797.594	32.26	
797.774	23.24	
797.954	2.76	
798.133	15.87	
798.313	-23.65	
798.493	-8.7	
798.672	-31.23	
798.852	-8.7	
799.032	-37.99	
799.211	-23.04	
799.391	-45.98	
799.571	-32.67	
799.75	-47.21	
799.93	-13.82	
800.109	-9.11	
800.289	14.44	
800.468	1.54	
800.648	8.91	
800.827	-11.78	
801.007	-6.66	
801.186	-40.86	
801.366	-24.68	
801.545	-16.08	
801.725	27.55	
801.904	-1.95	
802.083	29.39	
802.263	23.65	
802.442	35.94	
802.621	-9.93	
802.801	53.35	
802.98	56.83	
803.159	48.43	
803.338	29.18	
803.518	61.75	
803.697	11.98	
803.876	18.94	
804.055	22.83	
804.235	33.28	
804.414	-3.99	
804.593	6.04	
804.772	-16.9	
804.951	-7.68	
805.13	-50.89	
805.309	-38.19	
805.488	-31.64	
805.667	-28.16	
805.846	-27.34	
806.025	19.15	
806.204	41.68	
806.383	19.56	
806.562	10.55	
806.741	14.44	
806.92	13.41	
807.099	-0.1	
807.278	-8.09	
807.457	-12.8	
807.636	-7.88	
807.814	-18.53	
807.993	-30	
808.172	-4.4	
808.351	7.48	
808.53	-2.15	
808.708	-3.99	
808.887	-7.88	
809.066	18.33	
809.244	25.09	
809.423	9.11	
809.602	7.88	
809.78	37.79	
809.959	8.29	
810.138	18.94	
810.316	37.17	
810.495	43.11	
810.673	13.41	
810.852	19.97	
811.03	15.46	
811.209	21.2	
811.388	11.16	
811.566	16.9	
811.744	27.75	
811.923	17.71	
812.101	11.37	
812.28	45.57	
812.458	67.28	
812.637	44.34	
812.815	44.75	
812.993	64.2	
813.172	61.34	
813.35	26.93	
813.528	45.57	
813.706	41.06	
813.885	26.52	
814.063	-12.6	
814.241	27.55	
814.419	28.77	
814.598	49.46	
814.776	34.92	
814.954	50.48	
815.132	22.02	
815.31	23.45	
815.488	-18.94	
815.666	-29.39	
815.844	-40.04	
816.022	-32.26	
816.201	-54.58	
816.379	-12.39	
816.557	6.86	
816.735	12.8	
816.913	0.1	
817.09	21.81	
817.268	-0.1	
817.446	0.1	
817.624	8.29	
817.802	43.11	
817.98	13	
818.158	15.05	
818.336	-5.84	
818.514	-3.99	
818.691	-28.57	
818.869	2.15	
819.047	17.51	
819.225	30.62	
819.402	12.6	
819.58	35.74	
819.758	41.68	
819.935	25.09	
820.113	28.98	
820.291	27.14	
820.468	-2.36	
820.646	-18.74	
820.824	-0.1	
821.001	42.7	
821.179	67.28	
821.356	81	
821.534	78.33	
821.711	52.53	
821.889	44.34	
822.066	39.01	
822.244	29.18	
822.421	51.92	
822.599	68.3	
822.776	25.5	
822.953	2.36	
823.131	0.92	
823.308	-19.35	
823.486	-18.94	
823.663	-0.1	
823.84	20.38	
824.017	-5.02	
824.195	4.61	
824.372	12.19	
824.549	2.97	
824.726	-9.11	
824.904	-0.1	
825.081	-1.54	
825.258	-28.57	
825.435	-41.88	
825.612	-28.57	
825.789	-36.15	
825.967	-31.03	
826.144	-6.04	
826.321	20.99	
826.498	26.32	
826.675	37.58	
826.852	16.08	
827.029	12.8	
827.206	18.12	
827.383	-2.56	
827.56	25.7	
827.737	34.3	
827.914	30.21	
828.09	10.75	
828.267	14.44	
828.444	10.14	
828.621	3.58	
828.798	32.46	
828.975	13.21	
829.151	6.25	
829.328	-3.17	
829.505	25.91	
829.682	-12.6	
829.858	-5.02	
830.035	13.82	
830.212	9.11	
830.389	-15.67	
830.565	-19.15	
830.742	15.05	
830.918	10.96	
831.095	4.61	
831.272	18.53	
831.448	18.94	
831.625	11.57	
831.801	15.46	
831.978	21.81	
832.154	7.68	
832.331	31.64	
832.507	-0.1	
832.684	10.34	
832.86	32.87	
833.037	78.13	
833.213	62.57	
833.389	91.65	
833.566	59.49	
833.742	27.95	
833.918	-16.49	
834.095	-48.23	
834.271	-83.45	
834.447	-53.96	
834.624	-42.5	
834.8	-47.41	
834.976	-13.41	
835.152	2.56	
835.328	-1.13	
835.505	17.51	
835.681	13	
835.857	-13.82	
836.033	5.84	
836.209	60.72	
836.385	47	
836.561	58.47	
836.737	87.35	
836.913	64.82	
837.089	30	
837.265	37.17	
837.441	55.19	
837.617	50.48	
837.793	46.8	
837.969	29.59	
838.145	17.1	
838.321	10.55	
838.497	2.15	
838.673	32.67	
838.849	3.38	
839.025	33.69	
839.2	28.77	
839.376	47.21	
839.552	32.67	
839.728	58.88	
839.903	20.99	
840.079	36.35	
840.255	13.62	
840.431	48.43	
840.606	25.7	
840.782	79.77	
840.958	39.22	
841.133	47.62	
841.309	15.87	
841.484	38.6	
841.66	-15.26	
841.835	-8.29	
842.011	-3.38	
842.186	19.35	
842.362	1.13	
842.537	35.94	
842.713	28.98	
842.888	32.67	
843.064	8.91	
843.239	13.21	
843.415	-15.05	
843.59	5.63	
843.765	2.36	
843.941	10.34	
844.116	31.44	
844.291	23.04	
844.467	28.98	
844.642	44.54	
844.817	44.75	
844.992	17.71	
845.168	37.17	
845.343	42.9	
845.518	32.46	
845.693	36.76	
845.868	47.21	
846.043	28.77	
846.219	11.57	
846.394	10.96	
846.569	11.16	
846.744	4.2	
846.919	-0.51	
847.094	32.87	
847.269	28.36	
847.444	11.37	
847.619	16.49	
847.794	58.88	
847.969	49.46	
848.144	46.59	
848.319	52.12	
848.494	54.17	
848.668	54.78	
848.843	58.47	
849.018	55.19	
849.193	53.55	
849.368	65.64	
849.542	77.72	
849.717	62.36	
849.892	68.09	
850.067	79.56	
850.241	90.62	
850.416	59.49	
850.591	68.71	
850.765	51.51	
850.94	66.25	
851.115	24.68	
851.289	24.27	
851.464	-4.61	
851.639	17.92	
851.813	-10.75	
851.988	19.76	
852.162	3.79	
852.337	14.03	
852.511	12.8	
852.686	43.11	
852.86	37.99	
853.035	64.61	
853.209	60.31	
853.383	76.7	
853.558	27.75	
853.732	30.21	
853.906	7.68	
854.081	23.04	
854.255	-2.97	
854.429	28.57	
854.604	26.11	
854.778	51.92	
854.952	42.29	
855.126	69.94	
855.301	62.98	
855.475	55.19	
855.649	31.44	
855.823	32.05	
855.997	14.03	
856.171	23.65	
856.345	9.93	
856.52	9.73	
856.694	17.71	
856.868	27.75	
857.042	13.82	
857.216	66.66	
857.39	78.74	
857.564	65.64	
857.738	47	
857.912	45.16	
858.085	11.98	
858.259	2.36	
858.433	5.84	
858.607	-6.86	
858.781	1.95	
858.955	-17.71	
859.129	-16.69	
859.302	-19.35	
859.476	-17.1	
859.65	10.14	
859.824	5.43	
859.997	5.22	
860.171	23.86	
860.345	34.92	
860.519	11.98	
860.692	31.44	
860.866	29.59	
861.039	40.04	
861.213	50.28	
861.387	27.75	
861.56	12.6	
861.734	28.57	
861.907	2.97	
862.081	2.56	
862.254	25.91	
862.428	45.16	
862.601	25.09	
862.775	37.58	
862.948	67.69	
863.122	62.16	
863.295	55.6	
863.468	62.36	
863.642	37.79	
863.815	8.29	
863.988	5.84	
864.162	6.04	
864.335	-15.46	
864.508	8.5	
864.682	18.33	
864.855	10.34	
865.028	10.75	
865.201	51.92	
865.374	34.71	
865.548	38.4	
865.721	38.81	
865.894	67.48	
866.067	42.7	
866.24	60.31	
866.413	53.35	
866.586	51.71	
866.759	-3.38	
866.932	-2.56	
867.105	-15.87	
867.278	-37.99	
867.451	-35.12	
867.624	-2.56	
867.797	6.25	
867.97	10.14	
868.143	10.14	
868.316	29.8	
868.489	10.14	
868.661	16.69	
868.834	20.38	
869.007	44.13	
869.18	30	
869.353	41.88	
869.525	53.55	
869.698	52.53	
869.871	44.54	
870.044	44.75	
870.216	53.96	
870.389	17.51	
870.562	5.84	
870.734	30.21	
870.907	23.86	
871.079	27.75	
871.252	34.92	
871.425	63.79	
871.597	30.21	
871.77	84.89	
871.942	65.84	
872.115	59.08	
872.287	46.59	
872.459	46.8	
872.632	6.45	
872.804	14.03	
872.977	-10.34	
873.149	-11.37	
873.321	-11.16	
873.494	-12.19	
873.666	5.22	
873.838	31.23	
874.011	6.04	
874.183	9.73	
874.355	5.02	
874.528	2.76	
874.7	14.64	
874.872	56.22	
875.044	81.61	
875.216	87.76	
875.388	91.24	
875.561	97.79	
875.733	60.11	
875.905	42.29	
876.077	19.97	
876.249	39.83	
876.421	20.38	
876.593	23.24	
876.765	28.36	
876.937	52.53	
877.109	7.27	
877.281	21.81	
877.453	28.77	
877.625	9.11	
877.797	-11.16	
877.968	-8.7	
878.14	-18.53	
878.312	2.76	
878.484	-13	
878.656	2.15	
878.828	-0.51	
878.999	31.64	
879.171	-6.45	
879.343	13.41	
879.515	-4.2	
879.686	-12.6	
879.858	-47.62	
880.03	-27.95	
880.201	-36.56	
880.373	-29.8	
880.545	-17.71	
880.716	8.5	
880.888	42.7	
881.059	57.04	
881.231	60.52	
881.402	85.5	
881.574	72.6	
881.745	50.48	
881.917	68.71	
882.088	72.19	
882.26	44.34	
882.431	56.63	
882.602	19.56	
882.774	-4.2	
882.945	-24.88	
883.116	-43.31	
883.288	-65.02	
883.459	-48.43	
883.63	-33.48	
883.802	-22.83	
883.973	-7.68	
884.144	8.91	
884.315	34.51	
884.487	39.01	
884.658	68.91	
884.829	91.65	
885	84.27	
885.171	68.91	
885.342	38.81	
885.513	26.73	
885.684	31.03	
885.855	49.25	
886.026	44.54	
886.197	64.41	
886.368	42.29	
886.539	34.1	
886.71	11.37	
886.881	17.92	
887.052	19.56	
887.223	27.34	
887.394	14.03	
887.565	31.64	
887.736	13	
887.907	19.76	
888.077	25.29	
888.248	25.7	
888.419	12.8	
888.59	20.17	
888.761	31.44	
888.931	46.8	
889.102	56.83	
889.273	50.07	
889.443	32.46	
889.614	0.72	
889.785	-7.68	
889.955	-13.21	
890.126	-29.59	
890.296	14.44	
890.467	30.41	
890.637	62.57	
890.808	73.01	
890.978	105.37	
891.149	93.28	
891.319	141.21	
891.49	123.19	
891.66	121.96	
891.831	91.85	
892.001	92.67	
892.172	22.63	
892.342	12.6	
892.512	8.09	
892.683	38.4	
892.853	22.63	
893.023	54.37	
893.193	42.09	
893.364	45.77	
893.534	44.34	
893.704	71.78	
893.874	73.01	
894.044	73.62	
894.215	65.23	
894.385	81.82	
894.555	58.67	
894.725	71.17	
894.895	55.6	
895.065	67.89	
895.235	38.6	
895.405	66.46	
895.575	37.99	
895.745	59.65	
895.915	58.2	
