177.618	-349.69	
177.836	-345.59	
178.054	-335.97	
178.271	-260.4	
178.489	-150.63	
178.706	-94.1	
178.924	-33.07	
179.142	25.5	
179.359	28.57	
179.577	-29.59	
179.794	-28.57	
180.012	-23.65	
180.229	-40.65	
180.447	-34.51	
180.664	-15.87	
180.882	-9.52	
181.1	12.8	
181.317	19.97	
181.535	18.94	
181.752	17.71	
181.969	41.88	
182.187	34.1	
182.404	45.36	
182.622	32.05	
182.839	37.38	
183.057	41.06	
183.274	32.26	
183.492	39.42	
183.709	55.6	
183.926	44.54	
184.144	12.19	
184.361	21.4	
184.579	20.99	
184.796	0.51	
185.013	30.82	
185.231	35.53	
185.448	55.6	
185.666	62.98	
185.883	50.48	
186.1	50.48	
186.317	69.32	
186.535	4.81	
186.752	3.17	
186.969	28.16	
187.187	47.62	
187.404	7.27	
187.621	75.06	
187.839	69.94	
188.056	71.99	
188.273	29.59	
188.49	75.06	
188.708	40.45	
188.925	62.77	
189.142	47.21	
189.359	48.23	
189.576	18.12	
189.794	26.32	
190.011	6.66	
190.228	11.98	
190.445	7.07	
190.662	49.66	
190.879	52.12	
191.097	54.58	
191.314	57.65	
191.531	73.83	
191.748	17.71	
191.965	19.35	
192.182	7.68	
192.399	3.58	
192.616	22.63	
192.834	63.18	
193.051	33.69	
193.268	46.59	
193.485	51.3	
193.702	21.81	
193.919	0.92	
194.136	33.89	
194.353	10.75	
194.57	7.27	
194.787	-0.92	
195.004	44.13	
195.221	14.85	
195.438	48.23	
195.655	45.16	
195.872	84.89	
196.089	26.73	
196.306	62.16	
196.523	39.22	
196.74	58.67	
196.957	17.1	
197.173	35.12	
197.39	14.85	
197.607	43.52	
197.824	38.81	
198.041	67.89	
198.258	74.03	
198.475	110.08	
198.692	75.06	
198.909	45.98	
199.125	3.79	
199.342	33.48	
199.559	20.58	
199.776	37.58	
199.993	70.35	
200.21	92.06	
200.426	46.8	
200.643	32.05	
200.86	25.91	
201.077	30.62	
201.293	22.22	
201.51	26.11	
201.727	-16.49	
201.944	-37.38	
202.16	-44.13	
202.377	-44.54	
202.594	-50.89	
202.811	-36.76	
203.027	-20.79	
203.244	-35.33	
203.461	-16.69	
203.677	35.33	
203.894	68.91	
204.111	72.81	
204.327	82.64	
204.544	71.37	
204.761	44.75	
204.977	18.12	
205.194	-2.76	
205.41	24.27	
205.627	17.31	
205.844	7.68	
206.06	22.63	
206.277	38.6	
206.493	0.31	
206.71	29.8	
206.926	17.51	
207.143	35.74	
207.36	21.2	
207.576	72.19	
207.793	54.37	
208.009	83.25	
208.226	64.41	
208.442	70.55	
208.659	40.04	
208.875	43.93	
209.092	16.08	
209.308	5.63	
209.524	-0.1	
209.741	22.83	
209.957	37.99	
210.174	51.3	
210.39	45.98	
210.607	55.6	
210.823	-0.51	
211.039	-26.32	
211.256	13.21	
211.472	4.81	
211.688	27.14	
211.905	58.67	
212.121	62.16	
212.338	26.52	
212.554	58.88	
212.77	50.28	
212.987	51.92	
213.203	71.37	
213.419	75.06	
213.635	61.13	
213.852	45.77	
214.068	24.06	
214.284	-9.32	
214.501	19.35	
214.717	10.55	
214.933	27.14	
215.149	22.63	
215.365	19.97	
215.582	-30.62	
215.798	-3.38	
216.014	-16.49	
216.23	1.54	
216.447	15.87	
216.663	21.2	
216.879	-4.61	
217.095	17.92	
217.311	15.05	
217.527	19.97	
217.743	49.66	
217.96	37.17	
218.176	16.69	
218.392	18.74	
218.608	37.99	
218.824	7.88	
219.04	24.06	
219.256	45.36	
219.472	21.61	
219.688	-12.39	
219.904	6.86	
220.12	36.97	
220.336	17.71	
220.552	41.27	
220.768	62.16	
220.984	59.49	
221.2	4.2	
221.416	16.28	
221.632	5.63	
221.848	-4.61	
222.064	-41.06	
222.28	-19.76	
222.496	-47.21	
222.712	-28.16	
222.928	-44.13	
223.144	8.09	
223.36	0.72	
223.576	18.33	
223.792	17.1	
224.008	53.35	
224.224	45.57	
224.439	74.24	
224.655	61.34	
224.871	58.67	
225.087	46.59	
225.303	19.15	
225.519	10.14	
225.734	50.07	
225.95	43.93	
226.166	50.48	
226.382	65.43	
226.598	60.72	
226.813	47.82	
227.029	36.35	
227.245	28.77	
227.461	32.46	
227.677	28.77	
227.892	18.53	
228.108	18.33	
228.324	39.01	
228.539	7.48	
228.755	22.02	
228.971	32.26	
229.186	64.82	
229.402	53.76	
229.618	86.32	
229.833	65.23	
230.049	72.6	
230.265	24.27	
230.48	45.16	
230.696	44.34	
230.912	56.83	
231.127	54.17	
231.343	82.43	
231.558	40.04	
231.774	46.8	
231.99	74.24	
232.205	49.66	
232.421	30.82	
232.636	51.71	
232.852	27.55	
233.067	3.58	
233.283	20.17	
233.498	52.53	
233.714	39.63	
233.929	78.54	
234.145	69.32	
234.36	74.03	
234.576	66.25	
234.791	87.14	
235.007	82.43	
235.222	112.74	
235.438	92.26	
235.653	128.1	
235.868	113.76	
236.084	129.33	
236.299	150.42	
236.515	155.95	
236.73	104.55	
236.945	100.04	
237.161	55.19	
237.376	9.32	
237.592	8.91	
237.807	25.5	
238.022	35.12	
238.238	51.51	
238.453	32.26	
238.668	32.87	
238.883	-6.25	
239.099	-15.05	
239.314	-36.56	
239.529	-15.26	
239.745	-9.73	
239.96	36.15	
240.175	25.09	
240.39	80.38	
240.605	66.05	
240.821	56.63	
241.036	50.07	
241.251	97.38	
241.466	45.98	
241.681	65.84	
241.897	71.58	
242.112	95.74	
242.327	53.35	
242.542	71.17	
242.757	65.43	
242.972	65.43	
243.188	36.97	
243.403	34.3	
243.618	31.03	
243.833	18.33	
244.048	32.87	
244.263	34.71	
244.478	45.16	
244.693	25.91	
244.908	48.84	
245.123	26.93	
245.338	44.75	
245.553	43.31	
245.768	37.38	
245.983	19.56	
246.198	9.11	
246.413	-7.88	
246.628	-8.29	
246.843	0.92	
247.058	27.34	
247.273	43.72	
247.488	45.16	
247.703	68.09	
247.918	68.09	
248.133	62.16	
248.348	38.19	
248.563	70.14	
248.778	55.4	
248.993	70.35	
249.207	78.33	
249.422	102.5	
249.637	34.71	
249.852	23.86	
250.067	11.78	
250.282	-15.67	
250.496	-24.47	
250.711	26.93	
250.926	20.79	
251.141	34.51	
251.356	41.06	
251.57	66.87	
251.785	54.78	
252	54.17	
252.215	49.46	
252.43	74.03	
252.644	72.19	
252.859	72.19	
253.074	78.74	
253.288	73.21	
253.503	42.7	
253.718	49.66	
253.932	82.64	
254.147	90.42	
254.362	94.31	
254.576	113.56	
254.791	95.54	
255.006	68.09	
255.22	65.43	
255.435	63.38	
255.65	77.72	
255.864	88.57	
256.079	59.9	
256.293	62.57	
256.508	59.9	
256.723	81.82	
256.937	45.57	
257.152	45.77	
257.366	46.39	
257.581	49.05	
257.795	17.71	
258.01	75.47	
258.224	93.9	
258.439	108.64	
258.653	81.61	
258.868	83.05	
259.082	33.07	
259.297	27.14	
259.511	-8.91	
259.726	1.95	
259.94	-22.63	
260.154	-22.83	
260.369	-13.21	
260.583	5.63	
260.798	-12.19	
261.012	11.16	
261.226	20.17	
261.441	30.41	
261.655	27.34	
261.869	72.81	
262.084	58.47	
262.298	52.53	
262.512	22.22	
262.727	23.65	
262.941	29.18	
263.155	17.51	
263.37	15.46	
263.584	54.37	
263.798	56.63	
264.012	65.84	
264.227	74.03	
264.441	99.22	
264.655	53.76	
264.869	87.76	
265.084	46.59	
265.298	44.54	
265.512	24.68	
265.726	54.58	
265.94	16.08	
266.155	54.78	
266.369	63.79	
266.583	99.84	
266.797	100.25	
267.011	134.65	
267.225	139.16	
267.439	152.47	
267.654	117.66	
267.868	91.03	
268.082	36.35	
268.296	-18.94	
268.51	-54.78	
268.724	-35.33	
268.938	-44.75	
269.152	-14.44	
269.366	6.04	
269.58	16.49	
269.794	-5.63	
270.008	44.95	
270.222	34.71	
270.436	31.85	
270.65	29.59	
270.864	42.29	
271.078	12.39	
271.292	29.39	
271.506	42.9	
271.72	54.99	
271.934	61.75	
272.148	64.41	
272.362	46.8	
272.575	61.75	
272.789	63.18	
273.003	64	
273.217	60.31	
273.431	42.09	
273.645	24.06	
273.859	43.93	
274.073	56.63	
274.286	74.85	
274.5	88.78	
274.714	76.08	
274.928	67.69	
275.142	54.17	
275.355	40.45	
275.569	75.06	
275.783	94.51	
275.997	74.44	
276.21	74.24	
276.424	107.42	
276.638	68.91	
276.852	74.85	
277.065	73.21	
277.279	87.76	
277.493	45.36	
277.706	76.7	
277.92	71.58	
278.134	55.19	
278.347	20.58	
278.561	11.16	
278.775	23.65	
278.988	11.16	
279.202	55.81	
279.415	84.07	
279.629	88.98	
279.843	77.72	
280.056	116.84	
280.27	105.16	
280.483	74.44	
280.697	88.57	
280.91	89.39	
281.124	103.32	
281.337	98.81	
281.551	138.95	
281.764	116.02	
281.978	95.13	
282.191	40.24	
282.405	48.23	
282.618	6.66	
282.832	21.61	
283.045	17.92	
283.259	43.93	
283.472	25.7	
283.686	42.5	
283.899	25.5	
284.112	24.88	
284.326	24.27	
284.539	39.63	
284.752	47.41	
284.966	78.33	
285.179	88.98	
285.393	87.96	
285.606	66.46	
285.819	93.28	
286.033	62.36	
286.246	95.13	
286.459	85.3	
286.672	113.15	
286.886	68.3	
287.099	103.52	
287.312	43.93	
287.525	44.13	
287.739	22.63	
287.952	41.06	
288.165	49.25	
288.378	74.65	
288.592	78.54	
288.805	70.76	
289.018	81	
289.231	63.38	
289.444	69.94	
289.657	35.33	
289.871	49.66	
290.084	25.91	
290.297	57.45	
290.51	44.95	
290.723	47.41	
290.936	78.74	
291.149	75.88	
291.362	73.21	
291.575	65.84	
291.789	85.09	
292.002	50.89	
292.215	56.63	
292.428	-3.38	
292.641	15.26	
292.854	4.4	
293.067	-2.36	
293.28	-9.52	
293.493	9.11	
293.706	-26.93	
293.919	4.81	
294.132	-5.43	
294.345	7.48	
294.558	-7.88	
294.77	24.88	
294.983	12.19	
295.196	54.17	
295.409	69.12	
295.622	113.36	
295.835	113.97	
296.048	114.58	
296.261	87.76	
296.474	82.23	
296.686	56.01	
296.899	65.23	
297.112	73.62	
297.325	73.62	
297.538	74.24	
297.751	91.03	
297.963	80.38	
298.176	73.21	
298.389	71.78	
298.602	74.03	
298.814	163.12	
299.027	158.62	
299.24	156.77	
299.453	188.72	
299.665	170.29	
299.878	65.84	
300.091	50.69	
300.303	50.69	
300.516	19.35	
300.729	14.44	
300.941	21.4	
301.154	9.52	
301.367	-6.86	
301.579	1.74	
301.792	18.53	
302.005	7.27	
302.217	9.32	
302.43	16.49	
302.642	0.1	
302.855	-8.5	
303.067	-14.44	
303.28	7.68	
303.493	-11.98	
303.705	34.51	
303.918	32.05	
304.13	73.83	
304.343	65.23	
304.555	112.13	
304.768	77.31	
304.98	104.55	
305.193	57.04	
305.405	75.06	
305.617	43.52	
305.83	59.29	
306.042	32.26	
306.255	43.52	
306.467	21.61	
306.68	28.36	
306.892	20.17	
307.104	26.52	
307.317	22.63	
307.529	49.25	
307.741	63.59	
307.954	86.32	
308.166	79.77	
308.378	119.5	
308.591	120.93	
308.803	126.87	
309.015	117.86	
309.228	138.14	
309.44	94.92	
309.652	74.65	
309.864	48.64	
310.077	19.97	
310.289	-3.79	
310.501	21.4	
310.713	23.65	
310.926	30.41	
311.138	18.74	
311.35	51.3	
311.562	23.04	
311.774	53.76	
311.986	42.9	
312.199	84.68	
312.411	35.74	
312.623	54.78	
312.835	-0.92	
313.047	0.72	
313.259	-20.17	
313.471	-4.4	
313.683	3.38	
313.895	28.98	
314.108	25.29	
314.32	18.74	
314.532	6.45	
314.744	4.61	
314.956	26.52	
315.168	29.18	
315.38	30.21	
315.592	62.57	
315.804	59.08	
316.016	87.14	
316.228	108.03	
316.44	116.63	
316.651	119.5	
316.863	122.16	
317.075	74.03	
317.287	41.68	
317.499	35.94	
317.711	24.47	
317.923	34.1	
318.135	17.92	
318.347	31.23	
318.559	53.76	
318.77	64.61	
318.982	43.31	
319.194	47.21	
319.406	43.11	
319.618	13.21	
319.83	-1.33	
320.041	-1.54	
320.253	11.57	
320.465	15.05	
320.677	16.49	
320.888	-2.36	
321.1	1.33	
321.312	34.92	
321.524	37.99	
321.735	35.33	
321.947	31.85	
322.159	22.63	
322.37	-19.97	
322.582	-13.41	
322.794	9.52	
323.005	29.59	
323.217	46.39	
323.429	33.48	
323.64	43.52	
323.852	30.82	
324.063	14.85	
324.275	21.61	
324.487	58.26	
324.698	29.18	
324.91	36.97	
325.121	30.82	
325.333	5.22	
325.544	-18.74	
325.756	10.34	
325.967	-10.96	
326.179	23.65	
326.39	36.97	
326.602	61.34	
326.813	23.86	
327.025	34.71	
327.236	4.61	
327.448	-3.99	
327.659	-31.44	
327.871	-4.4	
328.082	1.54	
328.293	29.59	
328.505	39.22	
328.716	55.6	
328.928	35.33	
329.139	58.26	
329.35	30.62	
329.562	45.57	
329.773	40.65	
329.984	51.71	
330.196	22.02	
330.407	45.16	
330.618	23.24	
330.83	16.49	
331.041	20.79	
331.252	20.58	
331.463	12.6	
331.675	41.47	
331.886	75.06	
332.097	84.27	
332.308	82.23	
332.52	93.28	
332.731	50.07	
332.942	30.82	
333.153	35.53	
333.364	35.53	
333.575	15.87	
333.787	46.39	
333.998	20.38	
334.209	28.57	
334.42	14.03	
334.631	30.62	
334.842	29.59	
335.053	68.09	
335.264	52.74	
335.475	76.08	
335.686	67.07	
335.898	67.48	
336.109	30.21	
336.32	28.36	
336.531	13.41	
336.742	20.17	
336.953	8.7	
337.164	18.74	
337.375	7.68	
337.586	10.14	
337.797	-10.55	
338.007	2.97	
338.218	-11.98	
338.429	-2.76	
338.64	-1.33	
338.851	8.5	
339.062	-11.37	
339.273	32.67	
339.484	21.2	
339.695	2.76	
339.906	8.7	
340.116	38.4	
340.327	9.32	
340.538	13	
340.749	23.45	
340.96	14.64	
341.171	-12.19	
341.381	-11.37	
341.592	-0.1	
341.803	14.44	
342.014	14.03	
342.224	30	
342.435	23.65	
342.646	15.46	
342.857	8.7	
343.067	2.97	
343.278	22.63	
343.489	43.11	
343.699	30.62	
343.91	36.35	
344.121	36.97	
344.331	3.17	
344.542	-8.29	
344.753	27.75	
344.963	28.98	
345.174	55.81	
345.384	85.71	
345.595	104.96	
345.806	84.68	
346.016	81	
346.227	71.99	
346.437	66.25	
346.648	49.87	
346.858	52.12	
347.069	35.53	
347.279	46.39	
347.49	28.16	
347.7	40.45	
347.911	30.82	
348.121	28.77	
348.332	19.15	
348.542	-3.79	
348.753	-25.09	
348.963	-10.75	
349.173	7.48	
349.384	26.52	
349.594	72.4	
349.805	90.62	
350.015	62.98	
350.225	57.65	
350.436	46.8	
350.646	40.24	
350.856	27.55	
351.067	35.74	
351.277	18.94	
351.487	-10.14	
351.698	-34.92	
351.908	-23.04	
352.118	-18.94	
352.328	-3.58	
352.539	46.39	
352.749	49.25	
352.959	35.33	
353.169	35.94	
353.38	48.02	
353.59	51.71	
353.8	64.82	
354.01	76.49	
354.22	83.45	
354.431	130.35	
354.641	88.37	
354.851	100.04	
355.061	114.79	
355.271	138.75	
355.481	94.1	
355.691	97.38	
355.901	86.73	
356.111	75.06	
356.321	49.25	
356.532	40.86	
356.742	42.9	
356.952	33.89	
357.162	31.03	
357.372	50.48	
357.582	54.58	
357.792	63.79	
358.002	60.93	
358.212	93.69	
358.422	93.9	
358.632	94.1	
358.842	104.34	
359.051	138.75	
359.261	125.03	
359.471	132.61	
359.681	164.55	
359.891	165.37	
360.101	147.76	
360.311	159.43	
360.521	148.38	
360.731	156.16	
360.94	179.91	
361.15	235	
361.36	252.21	
361.57	279.04	
361.78	301.97	
361.989	311.6	
362.199	300.54	
362.409	307.5	
362.619	307.5	
362.828	343.96	
363.038	336.99	
363.248	339.04	
363.458	346.21	
363.667	362.8	
363.877	331.46	
364.087	338.63	
364.296	319.79	
364.506	317.54	
364.716	308.94	
364.925	293.58	
365.135	271.87	
365.345	269.82	
365.554	259.38	
365.764	283.95	
365.973	269	
366.183	296.44	
366.393	293.17	
366.602	283.75	
366.812	209.81	
367.021	222.72	
367.231	173.57	
367.44	150.83	
367.65	142.64	
367.859	183.19	
368.069	142.23	
368.278	156.36	
368.488	163.74	
368.697	121.34	
368.907	72.81	
369.116	125.64	
369.326	105.57	
369.535	92.26	
369.744	111.31	
369.954	126.05	
370.163	67.89	
370.373	67.89	
370.582	54.78	
370.791	51.51	
371.001	27.75	
371.21	29.18	
371.419	-0.72	
371.629	-3.17	
371.838	-15.46	
372.047	20.38	
372.256	10.75	
372.466	33.28	
372.675	5.22	
372.884	9.32	
373.093	-25.29	
373.303	1.74	
373.512	-0.1	
373.721	32.87	
373.93	14.44	
374.139	49.46	
374.349	21.4	
374.558	51.1	
374.767	23.04	
374.976	35.53	
375.185	23.86	
375.394	21.61	
375.603	-11.37	
375.813	2.15	
376.022	-5.22	
376.231	-18.74	
376.44	-25.7	
376.649	-8.09	
376.858	-0.51	
377.067	14.64	
377.276	23.04	
377.485	31.64	
377.694	26.32	
377.903	37.38	
378.112	9.11	
378.321	9.32	
378.53	20.99	
378.739	29.39	
378.948	15.87	
379.157	29.8	
379.366	42.9	
379.575	30.82	
379.784	-0.72	
379.992	-5.02	
380.201	34.92	
380.41	21.81	
380.619	20.99	
380.828	38.81	
381.037	40.04	
381.246	-19.76	
381.454	-48.64	
381.663	-9.52	
381.872	-26.73	
382.081	-5.22	
382.29	18.74	
382.498	50.48	
382.707	41.27	
382.916	62.77	
383.125	23.65	
383.333	18.12	
383.542	14.85	
383.751	-5.22	
383.959	6.86	
384.168	26.93	
384.377	58.47	
384.585	41.27	
384.794	15.67	
385.003	-12.39	
385.211	-1.95	
385.42	-30	
385.628	-25.91	
385.837	6.45	
386.046	42.5	
386.254	58.67	
386.463	56.83	
386.671	91.65	
386.88	72.81	
387.088	57.65	
387.297	42.29	
387.505	45.77	
387.714	5.22	
387.922	8.7	
388.131	-1.13	
388.339	8.7	
388.548	-8.91	
388.756	2.97	
388.965	1.33	
389.173	-17.1	
389.381	-22.63	
389.59	-1.95	
389.798	13.82	
390.007	23.86	
390.215	32.05	
390.423	53.55	
390.632	48.43	
390.84	67.07	
391.048	57.65	
391.257	67.48	
391.465	27.14	
391.673	41.47	
391.882	13.41	
392.09	9.93	
392.298	13.21	
392.506	19.56	
392.715	16.9	
392.923	42.29	
393.131	57.24	
393.339	65.43	
393.547	57.24	
393.756	49.25	
393.964	12.6	
394.172	11.98	
394.38	-16.69	
394.588	9.52	
394.796	4.2	
395.005	7.68	
395.213	-11.16	
395.421	5.63	
395.629	-26.11	
395.837	-34.1	
396.045	-31.03	
396.253	-13.82	
396.461	-26.32	
396.669	-7.68	
396.877	1.74	
397.085	16.9	
397.293	1.33	
397.501	3.58	
397.709	17.1	
397.917	30.82	
398.125	47.41	
398.333	84.89	
398.541	83.45	
398.749	71.78	
398.957	58.67	
399.165	20.58	
399.373	8.09	
399.581	8.7	
399.788	3.38	
399.996	-19.76	
400.204	-9.11	
400.412	-40.86	
400.62	-59.9	
400.828	-49.46	
401.035	-24.47	
401.243	-17.31	
401.451	-2.36	
401.659	10.55	
401.867	0.31	
402.074	7.48	
402.282	-12.19	
402.49	-30	
402.697	27.34	
402.905	20.58	
403.113	16.08	
403.321	10.14	
403.528	19.15	
403.736	-25.91	
403.944	-16.9	
404.151	-30.82	
404.359	-35.12	
404.566	-28.98	
404.774	-35.33	
404.982	-56.22	
405.189	-65.64	
405.397	-63.79	
405.604	-64	
405.812	-50.69	
406.02	-42.9	
406.227	-13.82	
406.435	-9.73	
406.642	4.2	
406.85	-21.61	
407.057	11.57	
407.265	15.87	
407.472	32.05	
407.679	18.33	
407.887	30	
408.094	3.58	
408.302	-28.16	
408.509	-24.88	
408.717	-16.49	
408.924	-15.67	
409.131	-1.74	
409.339	11.16	
409.546	11.16	
409.753	1.13	
409.961	33.28	
410.168	28.16	
410.375	53.96	
410.583	53.96	
410.79	66.87	
410.997	48.02	
411.205	43.93	
411.412	15.67	
411.619	19.35	
411.826	5.22	
412.034	28.77	
412.241	41.88	
412.448	47.41	
412.655	34.1	
412.862	43.72	
413.07	0.51	
413.277	-19.15	
413.484	-23.65	
413.691	-16.28	
413.898	-39.63	
414.105	-39.22	
414.312	-39.63	
414.519	-41.68	
414.727	-55.19	
414.934	-36.15	
415.141	-16.28	
415.348	1.74	
415.555	-1.95	
415.762	13	
415.969	-15.05	
416.176	-2.36	
416.383	-1.33	
416.59	-9.52	
416.797	-17.71	
417.004	19.15	
417.211	-14.85	
417.418	-29.18	
417.625	-12.39	
417.831	-17.1	
418.038	-10.96	
418.245	7.48	
418.452	13.41	
418.659	9.32	
418.866	9.32	
419.073	-13.82	
419.28	-28.98	
419.486	-17.51	
419.693	-32.26	
419.9	-33.69	
420.107	-21.81	
420.314	5.02	
420.52	-8.7	
420.727	26.11	
420.934	35.12	
421.141	11.98	
421.347	-9.93	
421.554	-11.16	
421.761	-51.1	
421.967	-45.16	
422.174	-15.26	
422.381	0.72	
422.588	-11.57	
422.794	10.75	
423.001	56.22	
423.207	44.75	
423.414	26.73	
423.621	32.67	
423.827	45.57	
424.034	6.25	
424.24	10.34	
424.447	11.16	
424.654	0.51	
424.86	-14.44	
425.067	-37.58	
425.273	-47.82	
425.48	-14.03	
425.686	24.68	
425.893	24.27	
426.099	33.07	
426.306	51.71	
426.512	39.42	
426.718	41.06	
426.925	33.07	
427.131	19.56	
427.338	5.43	
427.544	-14.03	
427.75	-42.5	
427.957	-49.87	
428.163	-35.53	
428.37	-28.98	
428.576	-15.87	
428.782	-33.69	
428.988	5.02	
429.195	0.51	
429.401	-9.52	
429.607	-13.82	
429.814	39.63	
430.02	18.94	
430.226	10.75	
430.432	9.11	
430.639	18.33	
430.845	-1.13	
431.051	6.45	
431.257	20.58	
431.463	22.63	
431.67	-10.34	
431.876	-38.19	
432.082	-49.05	
432.288	-29.8	
432.494	-26.93	
432.7	15.05	
432.906	19.76	
433.112	21.61	
433.318	14.03	
433.525	22.43	
433.731	2.97	
433.937	35.94	
434.143	27.55	
434.349	18.53	
434.555	3.79	
434.761	2.15	
434.967	-23.86	
435.173	-5.02	
435.379	-1.54	
435.585	26.32	
435.791	31.85	
435.996	71.37	
436.202	67.48	
436.408	60.72	
436.614	58.47	
436.82	53.96	
437.026	12.8	
437.232	14.03	
437.438	2.36	
437.644	-32.46	
437.849	-12.39	
438.055	-13	
438.261	-18.12	
438.467	-23.86	
438.673	-16.9	
438.878	-66.66	
439.084	-45.57	
439.29	-14.44	
439.496	-3.38	
439.701	18.12	
439.907	16.9	
440.113	-2.56	
440.318	-21.81	
440.524	-16.08	
440.73	-26.11	
440.935	6.04	
441.141	-14.64	
441.347	17.31	
441.552	13.62	
441.758	23.65	
441.964	-1.74	
442.169	29.59	
442.375	-8.5	
442.58	2.56	
442.786	20.79	
442.991	25.09	
443.197	-1.95	
443.402	14.23	
443.608	16.08	
443.813	29.59	
444.019	42.7	
444.224	68.3	
444.43	27.95	
444.635	25.7	
444.841	-27.55	
445.046	13.62	
445.252	0.1	
445.457	16.08	
445.662	-5.84	
445.868	1.95	
446.073	-45.36	
446.278	-39.83	
446.484	-56.83	
446.689	-50.69	
446.894	-60.93	
447.1	-55.19	
447.305	-36.15	
447.51	-14.85	
447.716	-26.11	
447.921	-9.11	
448.126	9.32	
448.331	-19.97	
448.537	-7.27	
448.742	13	
448.947	-7.07	
449.152	-33.89	
449.357	-0.1	
449.563	-0.1	
449.768	-8.91	
449.973	1.95	
450.178	18.94	
450.383	-9.73	
450.588	-10.75	
450.793	-6.45	
450.999	23.86	
451.204	-3.79	
451.409	-11.98	
451.614	-36.35	
451.819	-31.64	
452.024	-60.11	
452.229	-43.93	
452.434	-17.71	
452.639	-17.51	
452.844	-11.16	
453.049	-30.21	
453.254	-36.97	
453.459	-39.63	
453.664	-33.89	
453.869	-30.62	
454.074	1.95	
454.279	34.3	
454.483	0.31	
454.688	6.04	
454.893	28.77	
455.098	23.65	
455.303	1.33	
455.508	25.91	
455.713	22.22	
455.917	-18.94	
456.122	-12.6	
456.327	-25.29	
456.532	4.2	
456.737	-11.98	
456.941	-9.32	
457.146	-14.64	
457.351	13.41	
457.555	-13.21	
457.76	14.23	
457.965	22.22	
458.17	12.6	
458.374	10.34	
458.579	15.46	
458.784	-24.88	
458.988	-31.64	
459.193	-30.82	
459.397	-37.99	
459.602	-36.97	
459.807	20.17	
460.011	14.64	
460.216	24.68	
460.42	7.48	
460.625	-20.38	
460.829	-37.99	
461.034	-35.33	
461.239	-53.14	
461.443	-43.93	
461.648	-18.94	
461.852	-30.62	
462.056	0.1	
462.261	-8.7	
462.465	30.82	
462.67	14.23	
462.874	19.76	
463.079	-8.29	
463.283	-1.54	
463.487	-28.36	
463.692	-9.73	
463.896	-18.74	
464.1	-20.99	
464.305	-17.51	
464.509	-24.06	
464.713	-19.15	
464.918	11.57	
465.122	28.98	
465.326	23.45	
465.531	8.7	
465.735	-9.32	
465.939	-26.52	
466.143	-39.42	
466.348	-31.03	
466.552	-42.9	
466.756	-32.46	
466.96	-28.98	
467.164	-20.79	
467.368	-20.17	
467.573	10.75	
467.777	3.58	
467.981	-4.2	
468.185	-14.85	
468.389	-9.93	
468.593	-25.91	
468.797	-34.71	
469.001	-39.63	
469.205	-39.83	
469.409	-24.68	
469.613	-17.1	
469.817	-12.19	
470.021	2.15	
470.225	15.46	
470.429	-7.48	
470.633	-4.81	
470.837	3.17	
471.041	-7.07	
471.245	-27.55	
471.449	-15.67	
471.653	-5.02	
471.857	10.96	
472.061	-8.7	
472.265	-1.54	
472.469	5.63	
472.673	-21.2	
472.876	-42.29	
473.08	-16.69	
473.284	8.7	
473.488	-24.47	
473.692	8.29	
473.895	34.1	
474.099	34.92	
474.303	25.09	
474.507	57.65	
474.71	43.93	
474.914	14.23	
475.118	8.91	
475.322	4.4	
475.525	-34.71	
475.729	-21.81	
475.933	-10.34	
476.136	34.51	
476.34	38.6	
476.543	76.49	
476.747	69.73	
476.951	63.18	
477.154	10.34	
477.358	31.44	
477.561	6.25	
477.765	8.91	
477.969	7.88	
478.172	9.52	
478.376	-6.45	
478.579	10.55	
478.783	6.25	
478.986	9.93	
479.19	22.22	
479.393	29.39	
479.596	30.41	
479.8	39.22	
480.003	32.87	
480.207	27.95	
480.41	4.81	
480.614	2.56	
480.817	-20.79	
481.02	17.92	
481.224	33.28	
481.427	44.34	
481.63	69.12	
481.834	87.96	
482.037	47.82	
482.24	34.1	
482.443	29.8	
482.647	-8.91	
482.85	-19.15	
483.053	13.21	
483.256	-18.53	
483.46	-15.05	
483.663	0.92	
483.866	19.76	
484.069	4.4	
484.272	34.3	
484.476	43.52	
484.679	55.81	
484.882	59.08	
485.085	50.28	
485.288	41.88	
485.491	47.62	
485.694	6.04	
485.897	-2.36	
486.101	-15.05	
486.304	-0.51	
486.507	-42.9	
486.71	-17.92	
486.913	-32.05	
487.116	-29.18	
487.319	-43.72	
487.522	-18.94	
487.725	10.14	
487.928	15.46	
488.13	8.29	
488.333	29.39	
488.536	38.6	
488.739	21.2	
488.942	30	
489.145	44.54	
489.348	33.69	
489.551	25.7	
489.754	15.67	
489.956	1.74	
490.159	-10.34	
490.362	-26.11	
490.565	-50.48	
490.768	-42.9	
490.97	-14.03	
491.173	6.66	
491.376	9.11	
491.579	12.19	
491.781	10.96	
491.984	-8.7	
492.187	-13	
492.39	-18.12	
492.592	-8.7	
492.795	3.79	
492.998	-24.06	
493.2	-32.67	
493.403	-15.67	
493.605	20.79	
493.808	0.31	
494.011	14.44	
494.213	5.02	
494.416	14.64	
494.618	-27.95	
494.821	-31.03	
495.023	-16.49	
495.226	5.22	
495.428	-0.51	
495.631	20.58	
495.833	43.52	
496.036	33.07	
496.238	21.4	
496.441	24.06	
496.643	11.78	
496.846	-11.57	
497.048	-0.1	
497.25	19.35	
497.453	15.87	
497.655	61.13	
497.858	82.64	
498.06	82.43	
498.262	54.99	
498.465	60.93	
498.667	37.58	
498.869	35.94	
499.071	30.41	
499.274	59.9	
499.476	49.05	
499.678	27.34	
499.881	17.51	
500.083	25.91	
500.285	0.72	
500.487	6.25	
500.689	6.86	
500.892	-6.04	
501.094	-35.74	
501.296	-14.64	
501.498	-30	
501.7	-29.18	
501.902	-12.6	
502.104	17.31	
502.306	-3.17	
502.509	-2.97	
502.711	-11.16	
502.913	-15.67	
503.115	-43.52	
503.317	-34.3	
503.519	-40.24	
503.721	-14.03	
503.923	32.26	
504.125	45.16	
504.327	50.28	
504.529	75.26	
504.731	63.38	
504.933	34.3	
505.134	25.7	
505.336	30.41	
505.538	37.99	
505.74	29.8	
505.942	-0.31	
506.144	14.23	
506.346	3.17	
506.548	10.34	
506.749	12.39	
506.951	45.36	
507.153	31.23	
507.355	20.17	
507.557	-3.58	
507.758	5.22	
507.96	-42.7	
508.162	-23.65	
508.363	-4.4	
508.565	11.16	
508.767	-4.61	
508.969	24.27	
509.17	24.47	
509.372	23.65	
509.574	-7.88	
509.775	19.35	
509.977	9.93	
510.178	20.17	
510.38	3.38	
510.582	13	
510.783	-21.81	
510.985	-7.68	
511.186	-28.36	
511.388	3.99	
511.589	16.49	
511.791	20.38	
511.992	8.91	
512.194	8.91	
512.395	-34.92	
512.597	-20.58	
512.798	-13.41	
513	4.81	
513.201	25.29	
513.403	71.99	
513.604	45.98	
513.805	44.54	
514.007	26.52	
514.208	-16.28	
514.409	-41.06	
514.611	-35.53	
514.812	-25.29	
515.013	-2.56	
515.215	22.43	
515.416	12.39	
515.617	-2.15	
515.819	-17.92	
516.02	-48.43	
516.221	-35.12	
516.422	-32.67	
516.623	-36.56	
516.825	-32.67	
517.026	-11.16	
517.227	-30.82	
517.428	-38.6	
517.629	-11.37	
517.83	3.38	
518.032	-15.87	
518.233	1.95	
518.434	21.61	
518.635	30.82	
518.836	13.62	
519.037	23.45	
519.238	9.93	
519.439	7.27	
519.64	-24.27	
519.841	-16.69	
520.042	-19.97	
520.243	-21.4	
520.444	-33.48	
520.645	-17.92	
520.846	-6.86	
521.047	3.79	
521.248	-13.62	
521.449	-6.04	
521.65	1.33	
521.851	32.67	
522.052	0.51	
522.252	31.44	
522.453	44.95	
522.654	25.5	
522.855	-8.7	
523.056	10.96	
523.257	6.25	
523.457	-8.29	
523.658	-2.36	
523.859	-13.41	
524.06	-24.27	
524.26	-37.17	
524.461	-22.83	
524.662	-6.86	
524.862	-39.63	
525.063	-15.26	
525.264	-16.9	
525.464	-18.33	
525.665	-12.6	
525.866	51.92	
526.066	28.16	
526.267	41.88	
526.468	16.49	
526.668	2.36	
526.869	-14.23	
527.069	6.25	
527.27	11.37	
527.47	37.99	
527.671	39.22	
527.871	28.36	
528.072	24.27	
528.272	23.65	
528.473	17.92	
528.673	53.55	
528.874	51.1	
529.074	42.7	
529.275	40.04	
529.475	33.48	
529.675	-24.88	
529.876	-17.71	
530.076	-30.82	
530.277	-45.77	
530.477	-37.38	
530.677	-24.88	
530.878	-50.89	
531.078	-9.32	
531.278	-3.17	
531.478	-10.75	
531.679	-13.62	
531.879	7.07	
532.079	-13	
532.28	7.07	
532.48	9.73	
532.68	19.15	
532.88	32.26	
533.08	29.59	
533.28	17.31	
533.481	24.06	
533.681	13.82	
533.881	9.11	
534.081	12.6	
534.281	13.62	
534.481	15.46	
534.681	38.19	
534.881	52.94	
535.081	42.7	
535.281	39.01	
535.481	55.81	
535.682	38.4	
535.882	8.5	
536.082	27.75	
536.281	31.64	
536.481	16.9	
536.681	26.52	
536.881	30.62	
537.081	19.15	
537.281	10.55	
537.481	-11.16	
537.681	-22.63	
537.881	-26.52	
538.081	-4.81	
538.281	-13.21	
538.48	-3.99	
538.68	12.6	
538.88	39.83	
539.08	32.26	
539.28	34.51	
539.479	64.41	
539.679	52.12	
539.879	30.41	
540.079	17.92	
540.278	26.32	
540.478	-12.39	
540.678	-5.43	
540.877	12.39	
541.077	-2.15	
541.277	-4.2	
541.476	24.06	
541.676	14.64	
541.876	29.59	
542.075	42.5	
542.275	32.46	
542.474	11.16	
542.674	32.26	
542.874	-0.72	
543.073	2.97	
543.273	17.71	
543.472	36.35	
543.672	19.97	
543.871	13	
544.071	0.31	
544.27	32.46	
544.47	14.44	
544.669	23.45	
544.868	26.32	
545.068	42.5	
545.267	-13.21	
545.467	27.14	
545.666	9.11	
545.865	20.99	
546.065	5.84	
546.264	26.32	
546.463	-18.53	
546.663	-4.4	
546.862	-14.85	
547.061	-2.56	
547.261	-1.13	
547.46	29.8	
547.659	17.71	
547.858	50.89	
548.058	51.1	
548.257	61.13	
548.456	32.46	
548.655	41.68	
548.854	24.68	
549.053	36.97	
549.253	19.56	
549.452	22.63	
549.651	42.7	
549.85	52.74	
550.049	37.99	
550.248	41.06	
550.447	60.52	
550.646	49.25	
550.845	44.54	
551.044	42.7	
551.243	26.52	
551.442	19.97	
551.641	14.23	
551.84	29.39	
552.039	42.29	
552.238	69.73	
552.437	63.18	
552.636	53.96	
552.835	35.74	
553.034	36.35	
553.233	43.72	
553.432	34.1	
553.63	50.07	
553.829	48.23	
554.028	18.12	
554.227	13.41	
554.426	17.31	
554.625	19.76	
554.823	5.43	
555.022	20.79	
555.221	24.47	
555.42	37.38	
555.618	42.7	
555.817	41.68	
556.016	56.83	
556.214	68.3	
556.413	60.31	
556.612	42.09	
556.81	52.53	
557.009	40.04	
557.208	12.8	
557.406	18.12	
557.605	22.02	
557.803	7.48	
558.002	5.63	
558.201	-16.28	
558.399	-22.02	
558.598	-41.68	
558.796	-26.93	
558.995	-22.43	
559.193	1.13	
559.392	-8.09	
559.59	19.35	
559.789	18.94	
559.987	40.04	
560.185	63.38	
560.384	74.65	
560.582	63.79	
560.781	77.11	
560.979	50.48	
561.177	19.56	
561.376	19.97	
561.574	51.1	
561.772	1.95	
561.971	51.3	
562.169	55.4	
562.367	41.06	
562.566	16.28	
562.764	36.56	
562.962	-16.49	
563.16	-22.22	
563.358	-0.1	
563.557	-6.25	
563.755	8.29	
563.953	13	
564.151	18.12	
564.349	25.7	
564.547	44.75	
564.746	35.94	
564.944	28.98	
565.142	32.05	
565.34	19.35	
565.538	0.51	
565.736	3.58	
565.934	-3.79	
566.132	-3.58	
566.33	3.38	
566.528	21.2	
566.726	7.27	
566.924	45.98	
567.122	35.12	
567.32	15.05	
567.518	3.99	
567.716	12.19	
567.914	-4.4	
568.112	6.66	
568.31	35.33	
568.507	45.98	
568.705	23.24	
568.903	17.1	
569.101	21.61	
569.299	34.3	
569.497	40.45	
569.694	83.25	
569.892	77.31	
570.09	88.17	
570.288	34.51	
570.486	18.53	
570.683	26.32	
570.881	12.6	
571.079	-4.2	
571.276	17.1	
571.474	19.76	
571.672	-10.96	
571.869	8.29	
572.067	-3.17	
572.265	5.63	
572.462	25.29	
572.66	38.19	
572.857	42.7	
573.055	64.2	
573.253	53.96	
573.45	19.15	
573.648	36.15	
573.845	24.06	
574.043	19.15	
574.24	8.5	
574.438	-6.66	
574.635	-27.75	
574.832	-33.89	
575.03	-23.65	
575.227	29.59	
575.425	37.38	
575.622	17.51	
575.82	18.12	
576.017	18.53	
576.214	-22.83	
576.412	-3.79	
576.609	-3.79	
576.806	-6.45	
577.004	-19.76	
577.201	-20.79	
577.398	4.2	
577.595	55.6	
577.793	78.54	
577.99	87.96	
578.187	81.61	
578.384	60.52	
578.582	24.06	
578.779	46.59	
578.976	42.9	
579.173	79.15	
579.37	72.6	
579.567	87.96	
579.764	50.89	
579.962	58.67	
580.159	42.09	
580.356	56.01	
580.553	53.96	
580.75	67.89	
580.947	57.04	
581.144	74.44	
581.341	62.98	
581.538	79.36	
581.735	55.6	
581.932	66.66	
582.129	22.22	
582.326	17.92	
582.523	-2.76	
582.72	-5.63	
582.916	-30.21	
583.113	-29.39	
583.31	-35.94	
583.507	-29.39	
583.704	11.37	
583.901	52.33	
584.098	74.85	
584.294	91.65	
584.491	67.89	
584.688	51.3	
584.885	15.46	
585.082	55.81	
585.278	77.11	
585.475	96.56	
585.672	85.5	
585.868	100.25	
586.065	51.1	
586.262	-2.56	
586.458	2.76	
586.655	36.56	
586.852	20.58	
587.048	32.87	
587.245	45.77	
587.442	68.09	
587.638	60.31	
587.835	89.39	
588.031	90.42	
588.228	91.44	
588.424	61.75	
588.621	53.35	
588.817	23.86	
589.014	38.6	
589.21	41.68	
589.407	36.76	
589.603	14.23	
589.8	50.69	
589.996	33.48	
590.192	34.71	
590.389	37.99	
590.585	59.08	
590.782	19.97	
590.978	51.3	
591.174	52.33	
591.371	66.66	
591.567	53.35	
591.763	56.63	
591.959	29.18	
592.156	35.33	
592.352	25.5	
592.548	44.54	
592.744	53.35	
592.941	39.42	
593.137	17.92	
593.333	15.46	
593.529	27.34	
593.725	30.21	
593.922	20.38	
594.118	64	
594.314	42.09	
594.51	24.47	
594.706	15.67	
594.902	49.66	
595.098	21.61	
595.294	48.02	
595.49	33.28	
595.686	51.71	
595.882	23.04	
596.078	54.58	
596.274	44.95	
596.47	74.03	
596.666	56.63	
596.862	57.24	
597.058	37.79	
597.254	49.05	
597.45	26.93	
597.646	53.55	
597.842	60.11	
598.037	72.81	
598.233	64	
598.429	75.47	
598.625	35.53	
598.821	18.53	
599.017	-11.16	
599.212	5.84	
599.408	11.78	
599.604	9.52	
599.8	19.97	
599.995	5.84	
600.191	-8.29	
600.387	-29.18	
600.582	-8.09	
600.778	17.51	
600.974	40.04	
601.169	39.22	
601.365	51.92	
601.561	33.28	
601.756	-2.97	
601.952	-14.64	
602.147	-29.59	
602.343	-44.54	
602.538	-22.02	
602.734	-16.49	
602.93	19.35	
603.125	33.48	
603.321	41.68	
603.516	31.23	
603.711	40.45	
603.907	24.06	
604.102	12.19	
604.298	31.85	
604.493	39.83	
604.689	52.74	
604.884	38.81	
605.079	45.98	
605.275	19.35	
605.47	13.82	
605.665	4.81	
605.861	31.64	
606.056	29.59	
606.251	9.32	
606.447	10.96	
606.642	14.85	
606.837	-15.87	
607.032	9.73	
607.227	20.38	
607.423	3.99	
607.618	3.17	
607.813	0.31	
608.008	-26.93	
608.203	12.19	
608.398	49.87	
608.594	36.15	
608.789	42.29	
608.984	54.17	
609.179	36.76	
609.374	16.69	
609.569	27.34	
609.764	13.62	
609.959	19.76	
610.154	14.85	
610.349	25.09	
610.544	14.85	
610.739	31.85	
610.934	34.3	
611.129	47	
611.324	60.11	
611.519	77.31	
611.714	95.95	
611.909	71.37	
612.103	80.79	
612.298	57.24	
612.493	66.25	
612.688	63.18	
612.883	80.59	
613.078	56.22	
613.272	84.48	
613.467	84.48	
613.662	87.76	
613.857	103.93	
614.051	115.81	
614.246	83.45	
614.441	59.08	
614.635	30.21	
614.83	3.58	
615.025	-31.23	
615.219	-32.26	
615.414	-39.22	
615.609	-22.63	
615.803	-19.97	
615.998	25.5	
616.192	40.24	
616.387	66.25	
616.582	92.26	
616.776	101.27	
616.971	75.47	
617.165	57.45	
617.36	21.4	
617.554	-1.54	
617.749	13.41	
617.943	18.74	
618.138	44.95	
618.332	66.05	
618.526	52.33	
618.721	24.88	
618.915	24.47	
619.11	12.8	
619.304	-19.56	
619.498	-18.12	
619.693	17.71	
619.887	18.53	
620.081	0.51	
620.275	32.26	
620.47	39.63	
620.664	20.38	
620.858	15.26	
621.052	26.73	
621.247	28.16	
621.441	27.95	
621.635	21.4	
621.829	38.81	
622.023	33.28	
622.218	44.75	
622.412	34.71	
622.606	31.23	
622.8	30.82	
622.994	16.69	
623.188	-7.27	
623.382	-13.41	
623.576	-24.27	
623.77	-62.36	
623.964	-35.53	
624.158	-24.68	
624.352	-20.58	
624.546	-1.54	
624.74	45.36	
624.934	28.98	
625.128	33.28	
625.322	39.22	
625.516	35.74	
625.71	8.09	
625.904	10.14	
626.098	17.51	
626.291	28.16	
626.485	33.07	
626.679	29.18	
626.873	51.71	
627.067	31.03	
627.26	39.01	
627.454	34.92	
627.648	52.53	
627.842	40.04	
628.035	48.02	
628.229	35.94	
628.423	26.11	
628.617	7.88	
628.81	5.43	
629.004	-3.99	
629.198	2.76	
629.391	6.66	
629.585	47.82	
629.778	33.69	
629.972	62.98	
630.166	65.43	
630.359	51.71	
630.553	13.41	
630.746	31.23	
630.94	27.75	
631.133	-2.56	
631.327	9.93	
631.52	12.39	
631.714	2.15	
631.907	-0.92	
632.1	42.5	
632.294	68.5	
632.487	77.11	
632.681	82.02	
632.874	74.24	
633.067	68.3	
633.261	36.76	
633.454	33.89	
633.647	41.06	
633.841	23.86	
634.034	18.74	
634.227	20.79	
634.421	6.25	
634.614	-1.13	
634.807	11.57	
635	-5.02	
635.193	14.85	
635.387	16.49	
635.58	11.78	
635.773	18.12	
635.966	16.08	
636.159	0.72	
636.352	-10.75	
636.545	-8.29	
636.739	-34.51	
636.932	-33.07	
637.125	-35.12	
637.318	-33.07	
637.511	-18.53	
637.704	-8.91	
637.897	15.67	
638.09	5.63	
638.283	42.5	
638.476	33.48	
638.669	50.28	
638.862	37.99	
639.055	52.33	
639.247	35.94	
639.44	30.41	
639.633	34.3	
639.826	15.26	
640.019	20.99	
640.212	20.38	
640.405	25.09	
640.597	-4.81	
640.79	23.86	
640.983	16.28	
641.176	9.32	
641.368	16.9	
641.561	53.55	
641.754	30.82	
641.947	55.6	
642.139	78.13	
642.332	54.37	
642.525	39.42	
642.717	50.07	
642.91	-1.74	
643.103	-12.8	
643.295	-11.16	
643.488	-16.69	
643.68	-33.69	
643.873	-6.66	
644.065	-9.11	
644.258	9.11	
644.45	-0.72	
644.643	-0.92	
644.835	-5.84	
645.028	-32.67	
645.22	-63.18	
645.413	-63.38	
645.605	-59.08	
645.798	-71.99	
645.99	-35.53	
646.182	-12.8	
646.375	5.22	
646.567	13.62	
646.76	18.94	
646.952	16.08	
647.144	20.38	
647.337	10.55	
647.529	14.85	
647.721	39.83	
647.913	41.88	
648.106	25.29	
648.298	14.44	
648.49	9.52	
648.682	-33.89	
648.874	-40.86	
649.067	-34.92	
649.259	-19.15	
649.451	-38.19	
649.643	-7.07	
649.835	7.68	
650.027	21.81	
650.219	12.19	
650.411	32.05	
650.603	32.05	
650.796	30.62	
650.988	34.1	
651.18	65.43	
651.372	85.09	
651.564	77.72	
651.756	51.51	
651.948	58.06	
652.139	28.36	
652.331	0.51	
652.523	17.92	
652.715	19.76	
652.907	-7.88	
653.099	4.81	
653.291	11.16	
653.483	0.31	
653.674	22.02	
653.866	22.43	
654.058	0.31	
654.25	1.13	
654.442	-10.96	
654.633	-33.69	
654.825	-16.28	
655.017	2.36	
655.209	-1.33	
655.4	12.19	
655.592	-5.43	
655.784	8.91	
655.975	3.99	
656.167	8.5	
656.359	-3.58	
656.55	13	
656.742	-18.94	
656.933	8.7	
657.125	2.15	
657.316	0.72	
657.508	-12.39	
657.7	7.48	
657.891	-26.32	
658.083	-10.75	
658.274	7.27	
658.466	35.33	
658.657	47	
658.848	45.77	
659.04	32.05	
659.231	18.74	
659.423	11.37	
659.614	-17.31	
659.805	24.47	
659.997	64.41	
660.188	86.53	
660.379	91.65	
660.571	95.95	
660.762	55.19	
660.953	17.92	
661.145	2.15	
661.336	-16.49	
661.527	121.55	
661.718	145.3	
661.909	136.5	
662.101	134.45	
662.292	140.59	
662.483	-0.92	
662.674	-16.49	
662.865	-10.96	
663.056	-24.06	
663.247	-36.76	
663.439	-18.12	
663.63	-17.31	
663.821	-22.22	
664.012	2.36	
664.203	24.88	
664.394	31.64	
664.585	39.22	
664.776	33.69	
664.967	37.58	
665.158	18.12	
665.349	29.18	
665.54	17.71	
665.73	42.09	
665.921	12.39	
666.112	33.69	
666.303	-2.15	
666.494	35.74	
666.685	25.09	
666.876	38.81	
667.066	32.46	
667.257	51.92	
667.448	-3.58	
667.639	-6.86	
667.83	-8.5	
668.02	-9.32	
668.211	-28.77	
668.402	0.92	
668.592	-18.94	
668.783	-36.76	
668.974	-25.91	
669.164	4.2	
669.355	1.74	
669.546	27.75	
669.736	50.07	
669.927	25.09	
670.117	-13.41	
670.308	-5.43	
670.499	-20.17	
670.689	-20.99	
670.88	-32.05	
671.07	-6.86	
671.261	-14.64	
671.451	5.63	
671.641	-27.14	
671.832	-1.95	
672.022	-18.33	
672.213	-30.21	
672.403	-45.77	
672.594	-7.88	
672.784	8.5	
672.974	14.44	
673.165	-10.14	
673.355	-5.43	
673.545	3.38	
673.736	10.14	
673.926	-10.96	
674.116	29.39	
674.306	10.96	
674.497	-9.11	
674.687	-35.74	
674.877	-33.07	
675.067	-41.27	
675.257	-21.81	
675.448	-21.61	
675.638	1.74	
675.828	-11.78	
676.018	-3.79	
676.208	-14.03	
676.398	4.61	
676.588	-11.57	
676.778	13	
676.968	11.57	
677.158	22.22	
677.348	-5.63	
677.538	-18.53	
677.728	-16.69	
677.918	-30	
678.108	-29.59	
678.298	-13	
678.488	-20.79	
678.678	0.51	
678.868	15.46	
679.058	13.41	
679.248	18.12	
679.438	28.77	
679.627	18.33	
679.817	10.14	
680.007	6.45	
680.197	-2.36	
680.387	0.31	
680.576	11.98	
680.766	-3.79	
680.956	-11.37	
681.146	14.44	
681.335	6.45	
681.525	-26.52	
681.715	-3.17	
681.904	15.05	
682.094	-3.99	
682.284	4.4	
682.473	3.58	
682.663	21.2	
682.852	8.7	
683.042	15.87	
683.231	11.98	
683.421	24.88	
683.61	3.38	
683.8	0.1	
683.989	-6.45	
684.179	-1.13	
684.368	-25.7	
684.558	-37.17	
684.747	-25.91	
684.937	-45.77	
685.126	-30	
685.316	-14.64	
685.505	-32.67	
685.694	-18.94	
685.884	26.11	
686.073	4.61	
686.262	10.34	
686.452	35.94	
686.641	27.95	
686.83	-1.74	
687.019	6.04	
687.209	12.8	
687.398	23.45	
687.587	15.67	
687.776	-2.15	
687.965	-23.04	
688.155	-33.48	
688.344	-61.95	
688.533	-56.42	
688.722	-58.06	
688.911	-18.33	
689.1	-1.13	
689.289	27.55	
689.478	25.7	
689.667	44.95	
689.856	-10.96	
690.045	-25.7	
690.234	-48.23	
690.423	-26.93	
690.612	-40.24	
690.801	3.79	
690.99	-8.91	
691.179	1.54	
691.368	-15.87	
691.557	10.96	
691.746	-3.99	
691.935	14.64	
692.124	3.17	
692.312	-9.52	
692.501	-37.58	
692.69	-18.74	
692.879	-32.26	
693.068	-26.73	
693.256	-18.53	
693.445	13.21	
693.634	-4.61	
693.823	-11.57	
694.011	-7.07	
694.2	2.56	
694.389	-32.46	
694.577	-30.62	
694.766	-28.16	
694.955	-28.36	
695.143	-40.04	
695.332	-3.17	
695.52	-11.57	
695.709	15.87	
695.897	13.41	
696.086	4.81	
696.275	-23.45	
696.463	-4.61	
696.652	-24.06	
696.84	-14.44	
697.028	-14.85	
697.217	-1.13	
697.405	1.13	
697.594	20.58	
697.782	10.55	
697.971	23.86	
698.159	21.2	
698.347	30.41	
698.536	33.69	
698.724	51.92	
698.912	41.68	
699.1	34.71	
699.289	51.92	
699.477	43.11	
699.665	31.23	
699.854	35.12	
700.042	46.8	
700.23	25.09	
700.418	19.97	
700.606	0.1	
700.794	5.84	
700.983	14.23	
701.171	12.19	
701.359	1.13	
701.547	31.23	
701.735	27.34	
701.923	-6.45	
702.111	-16.49	
702.299	-24.06	
702.487	-6.45	
702.675	-21.81	
702.863	-13.41	
703.051	-25.91	
703.239	12.6	
703.427	-11.37	
703.615	-2.36	
703.803	-10.55	
703.991	2.97	
704.179	-8.7	
704.367	-1.74	
704.554	17.92	
704.742	41.27	
704.93	72.81	
705.118	81	
705.306	53.96	
705.493	34.92	
705.681	16.49	
705.869	12.8	
706.057	-1.33	
706.244	16.28	
706.432	20.58	
706.62	34.92	
706.807	-9.73	
706.995	4.81	
707.183	-15.87	
707.37	-9.73	
707.558	-5.02	
707.746	31.44	
707.933	31.64	
708.121	75.67	
708.308	71.78	
708.496	62.36	
708.683	40.65	
708.871	43.52	
709.058	-9.11	
709.246	1.33	
709.433	-5.84	
709.621	7.07	
709.808	-22.43	
709.995	21.2	
710.183	3.38	
710.37	-3.17	
710.558	-28.16	
710.745	-8.29	
710.932	-22.02	
711.12	-10.34	
711.307	3.38	
711.494	17.92	
711.681	14.03	
711.869	-7.27	
712.056	-6.25	
712.243	2.56	
712.43	-23.24	
712.618	-16.28	
712.805	-12.39	
712.992	-3.17	
713.179	-25.29	
713.366	-2.56	
713.553	13	
713.74	19.76	
713.928	-16.69	
714.115	16.69	
714.302	2.56	
714.489	-7.68	
714.676	-12.39	
714.863	28.16	
715.05	14.03	
715.237	8.5	
715.424	-13.62	
715.611	17.1	
715.798	-1.95	
715.984	2.76	
716.171	27.95	
716.358	38.4	
716.545	22.63	
716.732	31.44	
716.919	2.76	
717.106	-11.37	
717.293	-7.68	
717.479	9.93	
717.666	-22.43	
717.853	-7.88	
718.04	13.82	
718.226	18.74	
718.413	-12.39	
718.6	14.44	
718.786	18.12	
718.973	25.29	
719.16	3.79	
719.346	28.57	
719.533	15.46	
719.72	30.21	
719.906	-0.51	
720.093	21.61	
720.279	-23.45	
720.466	-16.69	
720.652	-9.32	
720.839	24.47	
721.025	24.47	
721.212	53.96	
721.398	60.72	
721.585	54.37	
721.771	30.62	
721.958	10.14	
722.144	15.67	
722.331	-10.34	
722.517	-44.54	
722.703	-33.48	
722.89	-38.4	
723.076	-30.21	
723.262	1.54	
723.449	13.41	
723.635	-18.33	
723.821	-10.34	
724.007	-43.72	
724.194	-66.87	
724.38	-66.05	
724.566	-50.69	
724.752	-42.9	
724.938	-3.79	
725.125	24.27	
725.311	37.58	
725.497	36.35	
725.683	34.3	
725.869	1.95	
726.055	-21.61	
726.241	-26.73	
726.427	-14.44	
726.613	-26.32	
726.799	11.78	
726.985	-1.54	
727.171	7.07	
727.357	9.73	
727.543	40.86	
727.729	-4.2	
727.915	21.2	
728.101	20.17	
728.287	2.56	
728.473	-13	
728.659	0.72	
728.845	-21.81	
729.03	-39.83	
729.216	-27.14	
729.402	-52.33	
729.588	-47.82	
729.774	-38.6	
729.959	-46.39	
730.145	-21.2	
730.331	5.43	
730.517	4.4	
730.702	18.33	
730.888	46.59	
731.074	-4.81	
731.259	-1.33	
731.445	10.55	
731.63	-4.81	
731.816	-24.47	
732.002	43.93	
732.187	50.89	
732.373	42.9	
732.558	60.93	
732.744	83.45	
732.929	42.5	
733.115	8.09	
733.3	-23.45	
733.486	-23.65	
733.671	-61.95	
733.857	-75.26	
734.042	-51.92	
734.227	-35.33	
734.413	-11.57	
734.598	34.51	
734.784	44.75	
734.969	44.54	
735.154	61.54	
735.339	30.82	
735.525	28.98	
735.71	41.06	
735.895	25.5	
736.081	22.22	
736.266	25.7	
736.451	3.17	
736.636	20.79	
736.821	11.37	
737.007	-6.04	
737.192	-4.2	
737.377	-16.69	
737.562	-69.53	
737.747	-48.64	
737.932	-31.64	
738.117	-52.94	
738.302	-19.35	
738.487	-4.81	
738.672	-15.26	
738.857	-10.55	
739.042	5.02	
739.227	13.62	
739.412	14.23	
739.597	4.2	
739.782	24.06	
739.967	15.87	
740.152	-5.63	
740.337	17.71	
740.522	46.59	
740.706	23.65	
740.891	58.06	
741.076	66.66	
741.261	70.35	
741.446	56.01	
741.63	63.18	
741.815	51.51	
742	24.06	
742.185	7.88	
742.369	14.64	
742.554	-0.31	
742.739	-13.82	
742.923	3.79	
743.108	5.43	
743.293	-2.15	
743.477	-13.82	
743.662	-2.56	
743.846	-2.36	
744.031	3.38	
744.216	18.12	
744.4	57.24	
744.585	42.09	
744.769	46.59	
744.954	40.24	
745.138	21.2	
745.322	20.58	
745.507	-3.38	
745.691	-4.4	
745.876	-17.71	
746.06	12.8	
746.244	8.5	
746.429	49.05	
746.613	38.81	
746.798	60.11	
746.982	24.88	
747.166	33.07	
747.35	3.79	
747.535	13.41	
747.719	15.67	
747.903	46.59	
748.087	14.44	
748.272	32.26	
748.456	29.8	
748.64	12.6	
748.824	0.31	
749.008	5.02	
749.192	-9.93	
749.376	-10.75	
749.56	-14.03	
749.745	-37.38	
749.929	-20.99	
750.113	-9.11	
750.297	-30	
750.481	-18.94	
750.665	-4.2	
750.849	-21.4	
751.033	-15.87	
751.217	-19.56	
751.4	-19.56	
751.584	-19.76	
751.768	-16.08	
751.952	-20.79	
752.136	-8.29	
752.32	-27.14	
752.504	-17.71	
752.688	-18.33	
752.871	-27.75	
753.055	-22.43	
753.239	-16.9	
753.423	-14.03	
753.606	-10.55	
753.79	15.05	
753.974	21.81	
754.157	24.27	
754.341	13	
754.525	6.25	
754.708	-6.25	
754.892	-24.47	
755.076	-13.41	
755.259	-2.56	
755.443	-19.35	
755.626	-14.85	
755.81	-0.92	
755.993	-6.04	
756.177	-21.61	
756.36	2.15	
756.544	-13.62	
756.727	-26.32	
756.911	-14.64	
757.094	-8.29	
757.278	-25.29	
757.461	-30.21	
757.644	-15.87	
757.828	-26.32	
758.011	-20.38	
758.195	-7.48	
758.378	10.96	
758.561	3.99	
758.744	-13.82	
758.928	-0.1	
759.111	-7.88	
759.294	8.29	
759.477	16.28	
759.661	31.85	
759.844	26.32	
760.027	25.09	
760.21	-5.84	
760.393	3.58	
760.576	13.41	
760.76	-8.5	
760.943	-3.38	
761.126	25.91	
761.309	40.24	
761.492	25.91	
761.675	28.98	
761.858	28.36	
762.041	-3.79	
762.224	-43.11	
762.407	-41.27	
762.59	-23.24	
762.773	-43.52	
762.956	-39.01	
763.139	-31.44	
763.321	-9.93	
763.504	-35.33	
763.687	-15.05	
763.87	0.51	
764.053	16.08	
764.236	16.49	
764.418	42.09	
764.601	31.23	
764.784	38.81	
764.967	41.88	
765.149	22.22	
765.332	24.47	
765.515	53.96	
765.697	30	
765.88	8.5	
766.063	9.32	
766.245	0.72	
766.428	-24.88	
766.611	-26.11	
766.793	-6.04	
766.976	10.96	
767.158	-18.53	
767.341	17.1	
767.523	32.87	
767.706	34.3	
767.888	13.82	
768.071	77.72	
768.253	49.46	
768.436	58.26	
768.618	41.27	
768.8	76.29	
768.983	43.52	
769.165	47	
769.348	15.87	
769.53	16.08	
769.712	-15.26	
769.895	-32.67	
770.077	-30.82	
770.259	-16.49	
770.441	-21.2	
770.624	6.04	
770.806	35.33	
770.988	37.17	
771.17	24.68	
771.352	60.31	
771.535	58.67	
771.717	51.3	
771.899	43.93	
772.081	75.88	
772.263	35.74	
772.445	12.19	
772.627	-18.94	
772.809	-19.56	
772.991	-38.4	
773.173	-6.04	
773.355	-7.27	
773.537	15.26	
773.719	7.68	
773.901	40.04	
774.083	3.17	
774.265	-16.49	
774.447	-26.93	
774.629	-5.02	
774.811	-17.71	
774.992	6.25	
775.174	21.2	
775.356	46.8	
775.538	21.61	
775.72	-5.43	
775.901	-14.03	
776.083	-8.7	
776.265	-33.69	
776.447	2.76	
776.628	18.12	
776.81	15.05	
776.992	48.23	
777.173	59.08	
777.355	34.71	
777.537	47.62	
777.718	47.62	
777.9	33.89	
778.081	31.64	
778.263	44.34	
778.444	21.61	
778.626	24.27	
778.807	-4.4	
778.989	-6.86	
779.17	-37.17	
779.352	-60.11	
779.533	-64.41	
779.715	-40.86	
779.896	-62.57	
780.078	-16.28	
780.259	15.46	
780.44	12.39	
780.622	-14.64	
780.803	37.38	
780.984	11.16	
781.166	3.58	
781.347	5.22	
781.528	25.5	
781.709	-12.39	
781.891	-0.92	
782.072	5.02	
782.253	16.49	
782.434	0.31	
782.615	0.92	
782.796	-7.88	
782.978	-2.56	
783.159	-6.66	
783.34	27.95	
783.521	36.56	
783.702	42.29	
783.883	43.72	
784.064	67.07	
784.245	38.4	
784.426	69.73	
784.607	64.2	
784.788	63.59	
784.969	24.06	
785.15	20.58	
785.331	-31.03	
785.512	-5.84	
785.692	-19.15	
785.873	4.61	
786.054	9.93	
786.235	18.12	
786.416	15.05	
786.597	14.44	
786.777	-9.73	
786.958	-1.33	
787.139	26.11	
787.32	8.91	
787.5	30	
787.681	27.34	
787.862	12.6	
788.042	-13.62	
788.223	-11.78	
788.404	-37.58	
788.584	-7.88	
788.765	15.05	
788.946	17.1	
789.126	3.17	
789.307	20.79	
789.487	19.35	
789.668	-0.1	
789.848	-9.32	
790.029	-24.27	
790.209	-26.52	
790.39	-53.35	
790.57	-50.07	
790.75	-13.41	
790.931	1.33	
791.111	-17.31	
791.292	12.8	
791.472	12.39	
791.652	3.79	
791.833	15.05	
792.013	28.36	
792.193	0.31	
792.373	15.87	
792.554	9.93	
792.734	15.05	
792.914	-2.97	
793.094	28.16	
793.275	32.26	
793.455	25.91	
793.635	23.65	
793.815	51.51	
793.995	24.06	
794.175	14.44	
794.355	40.04	
794.535	58.06	
794.715	44.95	
794.896	50.89	
795.076	38.19	
795.256	41.88	
795.436	11.16	
795.616	27.14	
795.795	38.81	
795.975	40.65	
796.155	27.95	
796.335	37.38	
796.515	45.98	
796.695	59.7	
796.875	85.91	
797.055	82.43	
797.234	79.97	
797.414	76.49	
797.594	51.92	
797.774	20.58	
797.954	6.66	
798.133	5.43	
798.313	-25.91	
798.493	-4.81	
798.672	-1.95	
798.852	-3.17	
799.032	-26.73	
799.211	-34.1	
799.391	-56.83	
799.571	-45.16	
799.75	-47	
799.93	1.95	
800.109	20.17	
800.289	26.73	
800.468	11.16	
800.648	20.58	
800.827	4.4	
801.007	1.95	
801.186	-19.15	
801.366	-8.91	
801.545	-12.8	
801.725	3.17	
801.904	-19.15	
802.083	11.16	
802.263	1.13	
802.442	18.94	
802.621	-24.88	
802.801	34.3	
802.98	44.34	
803.159	48.43	
803.338	27.55	
803.518	90.01	
803.697	48.64	
803.876	46.18	
804.055	55.6	
804.235	69.94	
804.414	25.09	
804.593	36.76	
804.772	18.12	
804.951	12.6	
805.13	-15.67	
805.309	-9.73	
805.488	-15.26	
805.667	0.51	
805.846	7.68	
806.025	31.23	
806.204	49.87	
806.383	40.86	
806.562	21.4	
806.741	10.96	
806.92	18.53	
807.099	3.99	
807.278	-9.32	
807.457	-3.38	
807.636	9.93	
807.814	-1.95	
807.993	-16.69	
808.172	8.7	
808.351	11.78	
808.53	12.39	
808.708	10.75	
808.887	13.41	
809.066	34.51	
809.244	41.27	
809.423	19.15	
809.602	17.51	
809.78	48.02	
809.959	24.27	
810.138	25.91	
810.316	37.17	
810.495	46.59	
810.673	1.95	
810.852	11.37	
811.03	6.45	
811.209	20.17	
811.388	22.02	
811.566	44.75	
811.744	52.12	
811.923	56.22	
812.101	50.69	
812.28	74.65	
812.458	87.35	
812.637	74.24	
812.815	71.17	
812.993	84.27	
813.172	75.47	
813.35	43.93	
813.528	51.1	
813.706	43.72	
813.885	30.62	
814.063	-0.72	
814.241	32.67	
814.419	39.22	
814.598	63.38	
814.776	53.55	
814.954	50.28	
815.132	39.22	
815.31	39.01	
815.488	-2.56	
815.666	-9.11	
815.844	-11.57	
816.022	-20.17	
816.201	-39.42	
816.379	5.22	
816.557	25.91	
816.735	47.21	
816.913	40.65	
817.09	65.64	
817.268	41.27	
817.446	20.38	
817.624	3.38	
817.802	52.74	
817.98	35.33	
818.158	21.81	
818.336	-2.56	
818.514	9.93	
818.691	-14.64	
818.869	7.88	
819.047	33.07	
819.225	69.12	
819.402	50.07	
819.58	62.36	
819.758	54.17	
819.935	28.77	
820.113	22.83	
820.291	33.69	
820.468	-2.36	
820.646	-14.44	
820.824	9.32	
821.001	35.53	
821.179	45.57	
821.356	60.93	
821.534	49.46	
821.711	33.07	
821.889	36.97	
822.066	36.15	
822.244	15.26	
822.421	34.92	
822.599	50.48	
822.776	15.87	
822.953	-9.52	
823.131	-7.48	
823.308	-33.07	
823.486	-28.77	
823.663	-21.2	
823.84	7.68	
824.017	-3.17	
824.195	7.27	
824.372	2.76	
824.549	0.92	
824.726	-21.81	
824.904	-18.53	
825.081	-6.86	
825.258	-31.64	
825.435	-35.94	
825.612	-11.37	
825.789	-15.05	
825.967	-8.09	
826.144	21.2	
826.321	44.95	
826.498	28.36	
826.675	48.02	
826.852	9.11	
827.029	17.1	
827.206	5.63	
827.383	-2.76	
827.56	7.68	
827.737	24.06	
827.914	6.25	
828.09	-9.32	
828.267	3.58	
828.444	-7.88	
828.621	-13.62	
828.798	15.87	
828.975	9.93	
829.151	1.95	
829.328	2.97	
829.505	35.12	
829.682	-7.07	
829.858	-7.68	
830.035	14.44	
830.212	21.81	
830.389	-2.97	
830.565	-10.34	
830.742	46.59	
830.918	40.04	
831.095	37.99	
831.272	50.28	
831.448	53.14	
831.625	33.07	
831.801	39.22	
831.978	35.74	
832.154	11.37	
832.331	42.9	
832.507	13.62	
832.684	20.38	
832.86	36.56	
833.037	95.13	
833.213	68.3	
833.389	90.83	
833.566	47.41	
833.742	21.61	
833.918	-21.2	
834.095	-31.03	
834.271	-58.88	
834.447	-22.43	
834.624	-7.68	
834.8	-17.51	
834.976	8.91	
835.152	15.87	
835.328	8.5	
835.505	13.62	
835.681	17.71	
835.857	-15.87	
836.033	4.61	
836.209	53.55	
836.385	37.99	
836.561	56.01	
836.737	83.86	
836.913	54.37	
837.089	16.69	
837.265	36.56	
837.441	47.41	
837.617	43.11	
837.793	48.23	
837.969	49.46	
838.145	32.67	
838.321	17.92	
838.497	19.56	
838.673	43.31	
838.849	12.6	
839.025	31.85	
839.2	31.85	
839.376	44.75	
839.552	35.33	
839.728	67.89	
839.903	49.66	
840.079	55.19	
840.255	45.77	
840.431	86.94	
840.606	56.63	
840.782	96.15	
840.958	54.17	
841.133	54.58	
841.309	10.14	
841.484	38.4	
841.66	-8.29	
841.835	2.36	
842.011	-17.31	
842.186	4.4	
842.362	-26.93	
842.537	-2.56	
842.713	10.14	
842.888	22.83	
843.064	-8.29	
843.239	1.54	
843.415	-10.75	
843.59	6.25	
843.765	7.68	
843.941	36.76	
844.116	69.53	
844.291	65.02	
844.467	52.94	
844.642	67.89	
844.817	68.5	
844.992	27.75	
845.168	25.29	
845.343	36.76	
845.518	20.99	
845.693	11.98	
845.868	21.2	
846.043	13.82	
846.219	-5.02	
846.394	22.43	
846.569	20.58	
846.744	20.99	
846.919	36.56	
847.094	82.23	
847.269	61.54	
847.444	48.43	
847.619	68.91	
847.794	102.09	
847.969	94.31	
848.144	115.61	
848.319	119.5	
848.494	116.63	
848.668	102.91	
848.843	113.36	
849.018	86.53	
849.193	82.64	
849.368	71.37	
849.542	79.97	
849.717	58.06	
849.892	62.36	
850.067	73.62	
850.241	86.12	
850.416	55.81	
850.591	53.35	
850.765	47.21	
850.94	63.79	
851.115	34.71	
851.289	41.68	
851.464	26.11	
851.639	45.98	
851.813	23.45	
851.988	67.48	
852.162	57.86	
852.337	65.23	
852.511	51.51	
852.686	84.07	
852.86	66.87	
853.035	87.35	
853.209	85.09	
853.383	82.64	
853.558	40.45	
853.732	32.87	
853.906	3.58	
854.081	5.84	
854.255	12.19	
854.429	38.6	
854.604	31.85	
854.778	51.51	
854.952	45.77	
855.126	52.12	
855.301	39.22	
855.475	38.4	
855.649	35.33	
855.823	23.65	
855.997	-0.92	
856.171	-1.95	
856.345	-6.25	
856.52	5.43	
856.694	37.38	
856.868	74.03	
857.042	58.47	
857.216	101.89	
857.39	91.85	
857.564	60.52	
857.738	30.21	
857.912	57.86	
858.085	34.1	
858.259	15.26	
858.433	34.92	
858.607	14.85	
858.781	-5.63	
858.955	-27.55	
859.129	-17.1	
859.302	-18.12	
859.476	-18.33	
859.65	29.59	
859.824	25.7	
859.997	27.55	
860.171	39.22	
860.345	80.79	
860.519	52.94	
860.692	69.73	
860.866	70.96	
861.039	68.3	
861.213	62.57	
861.387	41.47	
861.56	33.89	
861.734	54.78	
861.907	37.17	
862.081	25.7	
862.254	46.39	
862.428	74.65	
862.601	48.64	
862.775	63.38	
862.948	96.56	
863.122	90.01	
863.295	69.53	
863.468	62.98	
863.642	28.98	
863.815	7.88	
863.988	3.79	
864.162	7.27	
864.335	0.1	
864.508	27.55	
864.682	34.3	
864.855	26.32	
865.028	8.7	
865.201	54.37	
865.374	40.45	
865.548	57.65	
865.721	66.66	
865.894	94.51	
866.067	67.07	
866.24	92.88	
866.413	71.99	
866.586	73.01	
866.759	31.44	
866.932	10.55	
867.105	-8.7	
867.278	-38.81	
867.451	-44.13	
867.624	-23.24	
867.797	8.29	
867.97	8.29	
868.143	21.4	
868.316	30	
868.489	5.84	
868.661	4.81	
868.834	7.48	
869.007	39.01	
869.18	39.01	
869.353	65.02	
869.525	73.21	
869.698	64.61	
869.871	41.68	
870.044	47.21	
870.216	37.79	
870.389	-1.54	
870.562	9.73	
870.734	32.46	
870.907	27.14	
871.079	59.49	
871.252	69.12	
871.425	98.4	
871.597	54.58	
871.77	102.3	
871.942	68.3	
872.115	70.55	
872.287	48.02	
872.459	70.14	
872.632	28.16	
872.804	49.25	
872.977	27.34	
873.149	22.43	
873.321	0.51	
873.494	6.86	
873.666	18.74	
873.838	34.71	
874.011	3.38	
874.183	34.1	
874.355	16.9	
874.528	-7.88	
874.7	-2.56	
874.872	42.7	
875.044	51.51	
875.216	69.12	
875.388	83.25	
875.561	106.39	
875.733	75.67	
875.905	47	
876.077	6.66	
876.249	38.4	
876.421	21.4	
876.593	20.17	
876.765	34.3	
876.937	79.77	
877.109	39.63	
877.281	36.56	
877.453	35.74	
877.625	23.65	
877.797	-17.51	
877.968	-18.33	
878.14	-18.74	
878.312	4.2	
878.484	2.36	
878.656	33.69	
878.828	32.26	
878.999	61.13	
879.171	35.33	
879.343	39.63	
879.515	31.03	
879.686	26.32	
879.858	5.63	
880.03	33.69	
880.201	34.92	
880.373	21.81	
880.545	28.77	
880.716	52.33	
880.888	85.3	
881.059	83.66	
881.231	93.49	
881.402	98.61	
881.574	74.65	
881.745	40.86	
881.917	68.09	
882.088	70.35	
882.26	61.75	
882.431	80.18	
882.602	41.06	
882.774	21.4	
882.945	6.66	
883.116	-6.25	
883.288	-25.09	
883.459	3.17	
883.63	10.14	
883.802	14.44	
883.973	33.48	
884.144	59.9	
884.315	68.09	
884.487	79.56	
884.658	100.25	
884.829	110.9	
885	82.02	
885.171	75.26	
885.342	33.07	
885.513	29.39	
885.684	16.9	
885.855	29.39	
886.026	23.65	
886.197	64.61	
886.368	40.86	
886.539	54.78	
886.71	40.45	
886.881	47.62	
887.052	36.56	
887.223	71.37	
887.394	55.6	
887.565	94.72	
887.736	76.49	
887.907	86.53	
888.077	50.69	
888.248	32.87	
888.419	-0.72	
888.59	-4.61	
888.761	7.27	
888.931	24.88	
889.102	51.71	
889.273	33.07	
889.443	38.81	
889.614	2.97	
889.785	3.99	
889.955	4.61	
890.126	10.14	
890.296	44.13	
890.467	57.45	
890.637	94.1	
890.808	101.07	
890.978	109.05	
891.149	87.55	
891.319	125.85	
891.49	97.59	
891.66	94.72	
891.831	90.62	
892.001	100.86	
892.172	51.3	
892.342	51.51	
892.512	24.88	
892.683	52.33	
892.853	36.76	
893.023	47.62	
893.193	33.48	
893.364	53.14	
893.534	39.22	
893.704	72.4	
893.874	82.02	
894.044	91.65	
894.215	79.77	
894.385	98.81	
894.555	71.37	
894.725	90.42	
894.895	68.5	
895.065	87.35	
895.235	62.98	
895.405	102.91	
895.575	73.62	
895.745	101.37	
895.915	106.32	
