177.618	-314.96	
177.836	-302.67	
178.054	-314.35	
178.271	-245.94	
178.489	-146.41	
178.706	-92.35	
178.924	-40.53	
179.142	20.09	
179.359	15.17	
179.577	-33.77	
179.794	-28.04	
180.012	-37.87	
180.229	-40.94	
180.447	-24.97	
180.664	-8.17	
180.882	-16.57	
181.1	7.39	
181.317	1.25	
181.535	-12.27	
181.752	-22.51	
181.969	7.59	
182.187	18.04	
182.404	48.14	
182.622	45.89	
182.839	71.08	
183.057	65.35	
183.274	53.47	
183.492	50.6	
183.709	61.05	
183.926	31.15	
184.144	19.88	
184.361	16.2	
184.579	15.38	
184.796	-6.33	
185.013	29.3	
185.231	23.77	
185.448	30.74	
185.666	36.06	
185.883	30.74	
186.1	12.3	
186.317	22.34	
186.535	-5.72	
186.752	-1.83	
186.969	22.34	
187.187	54.9	
187.404	33.81	
187.621	82.55	
187.839	67.6	
188.056	61.46	
188.273	23.98	
188.49	62.28	
188.708	28.48	
188.925	60.43	
189.142	66.58	
189.359	63.09	
189.576	24.39	
189.794	32.99	
190.011	10.26	
190.228	9.64	
190.445	9.64	
190.662	43.84	
190.879	38.72	
191.097	25.82	
191.314	35.45	
191.531	49.37	
191.748	-2.03	
191.965	6.78	
192.182	4.93	
192.399	-20.87	
192.616	-4.69	
192.834	44.05	
193.051	29.1	
193.268	48.14	
193.485	64.94	
193.702	41.8	
193.919	17.42	
194.136	26.44	
194.353	6.37	
194.57	14.35	
194.787	8.82	
195.004	52.45	
195.221	46.51	
195.438	71.9	
195.655	54.29	
195.872	83.98	
196.089	24.39	
196.306	34.22	
196.523	24.18	
196.74	41.18	
196.957	-3.87	
197.173	25.41	
197.39	18.24	
197.607	33.6	
197.824	30.33	
198.041	57.77	
198.258	52.65	
198.475	74.36	
198.692	52.04	
198.909	22.34	
199.125	-9.81	
199.342	17.02	
199.559	15.38	
199.776	24.39	
199.993	57.97	
200.21	80.91	
200.426	36.27	
200.643	31.56	
200.86	32.17	
201.077	32.99	
201.293	34.63	
201.51	53.67	
201.727	9.44	
201.944	-12.68	
202.16	-10.63	
202.377	-30.5	
202.594	-40.53	
202.811	-17.19	
203.027	-10.63	
203.244	-27.63	
203.461	-0.6	
203.677	45.69	
203.894	64.32	
204.111	77.23	
204.327	79.89	
204.544	58.18	
204.761	43.23	
204.977	27.26	
205.194	-0.39	
205.41	18.86	
205.627	25.62	
205.844	14.76	
206.06	13.12	
206.277	45.07	
206.493	27.46	
206.71	42	
206.926	32.78	
207.143	42.21	
207.36	18.24	
207.576	50.4	
207.793	50.4	
208.009	65.35	
208.226	63.91	
208.442	60.43	
208.659	39.75	
208.875	18.04	
209.092	-1.83	
209.308	-10.43	
209.524	-8.17	
209.741	20.29	
209.957	53.47	
210.174	61.46	
210.39	53.26	
210.607	59	
210.823	9.64	
211.039	-19.23	
211.256	11.28	
211.472	2.68	
211.688	33.19	
211.905	45.69	
212.121	36.06	
212.338	7.59	
212.554	24.59	
212.77	0.63	
212.987	2.68	
213.203	39.95	
213.419	63.09	
213.635	64.53	
213.852	51.63	
214.068	43.84	
214.284	17.02	
214.501	9.23	
214.717	13.33	
214.933	13.53	
215.149	-6.74	
215.365	-14.93	
215.582	-49.13	
215.798	-41.56	
216.014	-30.91	
216.23	-11.66	
216.447	8.41	
216.663	13.53	
216.879	-13.29	
217.095	3.29	
217.311	18.24	
217.527	4.32	
217.743	19.27	
217.96	20.91	
218.176	16.4	
218.392	19.47	
218.608	42	
218.824	24.39	
219.04	36.06	
219.256	51.63	
219.472	28.48	
219.688	17.02	
219.904	41.59	
220.12	81.73	
220.336	53.88	
220.552	61.66	
220.768	67.6	
220.984	72.11	
221.2	23.16	
221.416	44.66	
221.632	31.97	
221.848	13.94	
222.064	-19.03	
222.28	-19.03	
222.496	-50.77	
222.712	-20.87	
222.928	-11.45	
223.144	29.71	
223.36	32.99	
223.576	65.35	
223.792	47.94	
224.008	91.15	
224.224	68.21	
224.439	82.55	
224.655	67.8	
224.871	87.67	
225.087	49.58	
225.303	32.99	
225.519	41.39	
225.734	64.53	
225.95	51.01	
226.166	59.61	
226.382	68.01	
226.598	64.12	
226.813	52.65	
227.029	42	
227.245	25.62	
227.461	43.23	
227.677	42.61	
227.892	45.48	
228.108	36.06	
228.324	56.13	
228.539	24.39	
228.755	46.51	
228.971	43.02	
229.186	82.55	
229.402	69.24	
229.618	102.83	
229.833	64.32	
230.049	64.32	
230.265	22.54	
230.48	35.86	
230.696	34.83	
230.912	41.59	
231.127	37.49	
231.343	53.88	
231.558	34.42	
231.774	44.87	
231.99	65.14	
232.205	62.28	
232.421	35.24	
232.636	34.63	
232.852	-4.08	
233.067	-18.82	
233.283	-8.79	
233.498	30.33	
233.714	43.84	
233.929	69.03	
234.145	50.19	
234.36	50.81	
234.576	47.73	
234.791	74.36	
235.007	80.71	
235.222	116.34	
235.438	95.86	
235.653	126.79	
235.868	99.34	
236.084	113.47	
236.299	133.95	
236.515	142.76	
236.73	88.9	
236.945	86.65	
237.161	57.16	
237.376	13.33	
237.592	14.56	
237.807	36.47	
238.022	30.53	
238.238	36.47	
238.453	33.81	
238.668	29.51	
238.883	2.27	
239.099	12.51	
239.314	-7.77	
239.529	1.25	
239.745	15.38	
239.96	45.69	
240.175	29.51	
240.39	94.22	
240.605	97.3	
240.821	63.3	
241.036	54.08	
241.251	99.14	
241.466	45.69	
241.681	39.13	
241.897	72.92	
242.112	94.84	
242.327	49.99	
242.542	60.23	
242.757	55.31	
242.972	46.51	
243.188	4.93	
243.403	17.42	
243.618	13.94	
243.833	12.1	
244.048	16.2	
244.263	33.4	
244.478	40.98	
244.693	33.4	
244.908	56.54	
245.123	60.02	
245.338	90.33	
245.553	82.14	
245.768	75.38	
245.983	59.2	
246.198	36.06	
246.413	23.16	
246.628	22.14	
246.843	14.97	
247.058	20.91	
247.273	30.74	
247.488	14.76	
247.703	33.4	
247.918	45.07	
248.133	46.51	
248.348	37.09	
248.563	53.26	
248.778	35.04	
248.993	48.55	
249.207	58.38	
249.422	54.29	
249.637	22.34	
249.852	20.91	
250.067	3.5	
250.282	-14.52	
250.496	-15.14	
250.711	41.8	
250.926	26.64	
251.141	62.48	
251.356	52.65	
251.57	77.23	
251.785	40.36	
252	36.47	
252.215	13.74	
252.43	34.42	
252.644	32.78	
252.859	34.42	
253.074	48.35	
253.288	45.48	
253.503	30.94	
253.718	39.95	
253.932	79.48	
254.147	85.42	
254.362	87.67	
254.576	86.65	
254.791	66.17	
255.006	44.66	
255.22	48.14	
255.435	60.02	
255.65	79.07	
255.864	94.84	
256.079	67.4	
256.293	64.53	
256.508	45.48	
256.723	94.02	
256.937	74.77	
257.152	79.07	
257.366	77.84	
257.581	79.07	
257.795	28.89	
258.01	67.4	
258.224	81.53	
258.439	97.5	
258.653	90.33	
258.868	97.09	
259.082	65.55	
259.297	40.77	
259.511	9.85	
259.726	10.26	
259.94	-6.13	
260.154	-20.67	
260.369	-12.27	
260.583	-2.65	
260.798	-28.65	
261.012	-11.45	
261.226	-5.51	
261.441	11.08	
261.655	14.15	
261.869	74.36	
262.084	52.65	
262.298	54.49	
262.512	22.14	
262.727	24.39	
262.941	18.04	
263.155	26.64	
263.37	19.06	
263.584	55.11	
263.798	51.63	
264.012	61.87	
264.227	70.47	
264.441	113.88	
264.655	94.02	
264.869	125.97	
265.084	79.68	
265.298	70.88	
265.512	31.97	
265.726	48.14	
265.94	7.18	
266.155	35.04	
266.369	48.35	
266.583	79.89	
266.797	82.35	
267.011	124.33	
267.225	137.85	
267.439	123.92	
267.654	96.27	
267.868	77.43	
268.082	24.18	
268.296	-24.97	
268.51	-49.54	
268.724	-35.21	
268.938	-64.08	
269.152	-45.65	
269.366	-21.49	
269.58	1.25	
269.794	-15.34	
270.008	41.39	
270.222	51.83	
270.436	46.3	
270.65	35.04	
270.864	50.81	
271.078	31.35	
271.292	42.82	
271.506	69.65	
271.72	89.1	
271.934	95.86	
272.148	80.71	
272.362	66.78	
272.575	71.08	
272.789	75.18	
273.003	62.28	
273.217	86.65	
273.431	72.11	
273.645	53.88	
273.859	74.77	
274.073	103.23	
274.286	86.44	
274.5	97.3	
274.714	78.04	
274.928	53.26	
275.142	19.68	
275.355	7.18	
275.569	20.09	
275.783	40.98	
275.997	29.3	
276.21	44.87	
276.424	91.56	
276.638	69.24	
276.852	64.12	
277.065	62.89	
277.279	64.53	
277.493	32.17	
277.706	69.65	
277.92	82.35	
278.134	69.03	
278.347	51.42	
278.561	31.35	
278.775	23.16	
278.988	21.73	
279.202	59	
279.415	75.79	
279.629	89.31	
279.843	88.9	
280.056	118.39	
280.27	105.08	
280.483	73.74	
280.697	82.55	
280.91	77.02	
281.124	81.94	
281.337	75.38	
281.551	137.23	
281.764	117.37	
281.978	107.95	
282.191	52.85	
282.405	75.79	
282.618	17.02	
282.832	31.76	
283.045	8.82	
283.259	40.16	
283.472	5.34	
283.686	10.05	
283.899	-4.49	
284.112	16.81	
284.326	20.09	
284.539	43.84	
284.752	61.05	
284.966	83.57	
285.179	92.59	
285.393	80.3	
285.606	56.34	
285.819	70.47	
286.033	35.65	
286.246	65.14	
286.459	51.63	
286.672	80.09	
286.886	53.26	
287.099	102.42	
287.312	39.34	
287.525	43.64	
287.739	28.89	
287.952	52.65	
288.165	44.05	
288.378	63.71	
288.592	66.99	
288.805	66.17	
289.018	60.23	
289.231	42.41	
289.444	52.45	
289.657	27.05	
289.871	16.61	
290.084	1.66	
290.297	38.72	
290.51	31.97	
290.723	33.4	
290.936	76.41	
291.149	79.68	
291.362	82.55	
291.575	75.38	
291.789	83.98	
292.002	43.64	
292.215	60.84	
292.428	12.92	
292.641	16.61	
292.854	11.28	
293.067	18.86	
293.28	-9.81	
293.493	-5.72	
293.706	-33.77	
293.919	14.76	
294.132	2.68	
294.345	23.77	
294.558	25	
294.77	57.56	
294.983	18.24	
295.196	47.12	
295.409	54.29	
295.622	101.39	
295.835	108.97	
296.048	145.22	
296.261	138.46	
296.474	136.82	
296.686	98.11	
296.899	104.87	
297.112	89.51	
297.325	74.15	
297.538	78.25	
297.751	89.72	
297.963	100.57	
298.176	91.77	
298.389	88.08	
298.602	81.32	
298.814	182.7	
299.027	159.55	
299.24	151.16	
299.453	181.26	
299.665	163.04	
299.878	42.41	
300.091	24.39	
300.303	27.66	
300.516	-1.83	
300.729	9.64	
300.941	30.12	
301.154	24.8	
301.367	10.46	
301.579	34.63	
301.792	46.1	
302.005	28.28	
302.217	30.33	
302.43	48.96	
302.642	16.61	
302.855	-11.86	
303.067	-2.85	
303.28	20.91	
303.493	3.5	
303.705	37.7	
303.918	51.22	
304.13	70.06	
304.343	57.16	
304.555	84.19	
304.768	70.26	
304.98	92.18	
305.193	60.02	
305.405	80.91	
305.617	45.07	
305.83	55.31	
306.042	32.37	
306.255	41.39	
306.467	8.21	
306.68	2.27	
306.892	-1.62	
307.104	12.51	
307.317	4.11	
307.529	33.19	
307.741	59.2	
307.954	45.48	
308.166	26.64	
308.378	52.04	
308.591	64.12	
308.803	87.47	
309.015	107.54	
309.228	135.39	
309.44	111.84	
309.652	83.37	
309.864	52.24	
310.077	37.29	
310.289	6.78	
310.501	9.64	
310.713	3.7	
310.926	22.75	
311.138	5.55	
311.35	30.33	
311.562	25.82	
311.774	53.67	
311.986	41.8	
312.199	82.35	
312.411	38.93	
312.623	55.52	
312.835	12.92	
313.047	6.78	
313.259	-21.49	
313.471	2.07	
313.683	-4.49	
313.895	27.66	
314.108	17.83	
314.32	26.85	
314.532	9.44	
314.744	3.29	
314.956	25.62	
315.168	40.16	
315.38	14.56	
315.592	45.07	
315.804	54.49	
316.016	74.15	
316.228	87.06	
316.44	117.37	
316.651	112.66	
316.863	113.27	
317.075	51.83	
317.287	17.42	
317.499	1.86	
317.711	-0.39	
317.923	13.33	
318.135	5.55	
318.347	20.5	
318.559	60.02	
318.77	62.68	
318.982	44.25	
319.194	60.02	
319.406	56.13	
319.618	12.92	
319.83	-7.15	
320.041	-7.56	
320.253	-8.58	
320.465	-16.16	
320.677	-15.34	
320.888	-13.7	
321.1	-8.99	
321.312	39.75	
321.524	61.87	
321.735	63.71	
321.947	56.34	
322.159	41.59	
322.37	-7.15	
322.582	-15.55	
322.794	14.97	
323.005	37.7	
323.217	49.58	
323.429	27.66	
323.64	45.28	
323.852	16.2	
324.063	7.59	
324.275	22.14	
324.487	57.56	
324.698	23.98	
324.91	43.02	
325.121	40.77	
325.333	8.62	
325.544	-3.67	
325.756	24.18	
325.967	-6.95	
326.179	11.9	
326.39	19.47	
326.602	40.36	
326.813	13.33	
327.025	35.65	
327.236	6.37	
327.448	-4.69	
327.659	-35	
327.871	-20.46	
328.082	-27.63	
328.293	8.41	
328.505	35.04	
328.716	46.1	
328.928	39.34	
329.139	62.07	
329.35	33.19	
329.562	46.1	
329.773	54.49	
329.984	67.8	
330.196	39.34	
330.407	76.2	
330.618	42.82	
330.83	33.81	
331.041	38.72	
331.252	45.07	
331.463	21.11	
331.675	48.76	
331.886	75.38	
332.097	71.08	
332.308	73.33	
332.52	73.13	
332.731	50.19	
332.942	49.17	
333.153	62.28	
333.364	53.26	
333.575	44.66	
333.787	66.99	
333.998	28.07	
334.209	35.04	
334.42	32.17	
334.631	38.11	
334.842	34.22	
335.053	56.54	
335.264	22.54	
335.475	34.83	
335.686	35.45	
335.898	35.45	
336.109	14.97	
336.32	25	
336.531	8	
336.742	17.63	
336.953	-9.2	
337.164	2.27	
337.375	-12.27	
337.586	2.07	
337.797	-33.16	
338.007	-18.21	
338.218	-42.38	
338.429	-22.31	
338.64	-26.2	
338.851	-8.38	
339.062	-1.42	
339.273	57.36	
339.484	43.43	
339.695	11.9	
339.906	16.2	
340.116	32.37	
340.327	-0.6	
340.538	1.66	
340.749	22.54	
340.96	15.17	
341.171	-1.62	
341.381	3.5	
341.592	9.44	
341.803	19.88	
342.014	28.69	
342.224	30.33	
342.435	11.28	
342.646	-0.39	
342.857	-8.38	
343.067	-17.19	
343.278	-13.29	
343.489	5.55	
343.699	11.49	
343.91	21.73	
344.121	13.12	
344.331	0.02	
344.542	-16.37	
344.753	23.36	
344.963	17.42	
345.174	51.83	
345.384	68.42	
345.595	88.49	
345.806	58.18	
346.016	56.34	
346.227	49.17	
346.437	46.71	
346.648	48.76	
346.858	44.66	
347.069	29.71	
347.279	23.36	
347.49	-8.38	
347.7	-12.27	
347.911	-33.36	
348.121	-25.38	
348.332	-30.5	
348.542	-24.97	
348.753	-44.01	
348.963	-13.7	
349.173	-5.51	
349.384	11.08	
349.594	35.04	
349.805	69.03	
350.015	44.46	
350.225	51.42	
350.436	40.77	
350.646	52.04	
350.856	25.62	
351.067	26.64	
351.277	5.55	
351.487	-3.87	
351.698	-34.18	
351.908	-23.94	
352.118	-13.91	
352.328	-9.61	
352.539	27.66	
352.749	32.58	
352.959	26.23	
353.169	33.4	
353.38	48.76	
353.59	52.45	
353.8	58.38	
354.01	73.13	
354.22	70.26	
354.431	95.45	
354.641	51.42	
354.851	64.53	
355.061	65.55	
355.271	90.74	
355.481	62.89	
355.691	73.33	
355.901	53.88	
356.111	53.67	
356.321	20.29	
356.532	14.76	
356.742	5.55	
356.952	9.85	
357.162	-5.1	
357.372	9.85	
357.582	-1.62	
357.792	-18.21	
358.002	-21.9	
358.212	12.1	
358.422	10.46	
358.632	17.63	
358.842	42.82	
359.051	63.91	
359.261	35.24	
359.471	32.99	
359.681	51.22	
359.891	47.33	
360.101	20.29	
360.311	20.29	
360.521	-11.86	
360.731	-7.77	
360.94	5.14	
361.15	23.77	
361.36	26.85	
361.57	53.67	
361.78	43.43	
361.989	21.93	
362.199	15.58	
362.409	20.7	
362.619	17.83	
362.828	63.91	
363.038	77.23	
363.248	77.02	
363.458	74.77	
363.667	76.61	
363.877	30.94	
364.087	31.76	
364.296	13.33	
364.506	23.16	
364.716	28.48	
364.925	23.77	
365.135	6.37	
365.345	4.52	
365.554	-1.83	
365.764	29.3	
365.973	25	
366.183	57.77	
366.393	79.68	
366.602	90.33	
366.812	25.21	
367.021	57.56	
367.231	14.97	
367.44	10.26	
367.65	11.49	
367.859	49.99	
368.069	33.81	
368.278	73.74	
368.488	85.01	
368.697	59.61	
368.907	37.09	
369.116	86.03	
369.326	61.46	
369.535	57.36	
369.744	75.18	
369.954	95.04	
370.163	30.33	
370.373	28.48	
370.582	17.22	
370.791	1.45	
371.001	-14.73	
371.21	-18.41	
371.419	-22.72	
371.629	-22.72	
371.838	-22.92	
372.047	14.35	
372.256	19.88	
372.466	40.36	
372.675	17.83	
372.884	1.86	
373.093	-37.87	
373.303	-22.31	
373.512	-36.23	
373.721	-7.77	
373.93	-11.45	
374.139	24.8	
374.349	5.75	
374.558	35.65	
374.767	9.03	
374.976	12.71	
375.185	2.27	
375.394	0.84	
375.603	-24.76	
375.813	-14.52	
376.022	-13.5	
376.231	-25.17	
376.44	-25.58	
376.649	-25.58	
376.858	-22.51	
377.067	-12.89	
377.276	4.73	
377.485	28.89	
377.694	40.16	
377.903	53.47	
378.112	50.19	
378.321	37.9	
378.53	25.62	
378.739	29.92	
378.948	22.34	
379.157	29.92	
379.366	45.07	
379.575	41.39	
379.784	11.69	
379.992	6.98	
380.201	26.03	
380.41	19.27	
380.619	14.35	
380.828	37.9	
381.037	38.31	
381.246	-7.56	
381.454	-50.36	
381.663	-17.8	
381.872	-32.55	
382.081	0.84	
382.29	33.6	
382.498	74.56	
382.707	82.35	
382.916	99.75	
383.125	57.56	
383.333	43.23	
383.542	47.53	
383.751	-2.85	
383.959	8.41	
384.168	18.45	
384.377	45.07	
384.585	19.27	
384.794	23.36	
385.003	7.39	
385.211	16.2	
385.42	-20.87	
385.628	-15.14	
385.837	3.29	
386.046	27.46	
386.254	32.37	
386.463	42.41	
386.671	64.12	
386.88	44.87	
387.088	28.07	
387.297	33.6	
387.505	39.54	
387.714	5.14	
387.922	3.29	
388.131	-5.72	
388.339	-11.66	
388.548	-31.93	
388.756	-26.4	
388.965	-19.03	
389.173	-26.81	
389.381	-42.79	
389.59	-25.79	
389.798	-2.65	
390.007	22.54	
390.215	21.32	
390.423	63.5	
390.632	65.55	
390.84	87.87	
391.048	65.35	
391.257	74.36	
391.465	42.21	
391.673	44.46	
391.882	8.41	
392.09	0.22	
392.298	5.75	
392.506	-4.28	
392.715	-9.4	
392.923	23.77	
393.131	49.17	
393.339	57.77	
393.547	57.16	
393.756	68.83	
393.964	35.86	
394.172	26.23	
394.38	-8.17	
394.588	5.14	
394.796	-19.44	
395.005	-30.09	
395.213	-35	
395.421	-18.01	
395.629	-40.74	
395.837	-34.8	
396.045	-27.63	
396.253	-19.64	
396.461	-33.98	
396.669	-4.28	
396.877	16.81	
397.085	30.74	
397.293	20.91	
397.501	28.07	
397.709	16.4	
397.917	15.38	
398.125	23.57	
398.333	31.35	
398.541	18.86	
398.749	26.23	
398.957	-3.05	
399.165	-37.05	
399.373	-33.36	
399.581	-17.6	
399.788	-16.57	
399.996	-14.11	
400.204	1.66	
400.412	-20.46	
400.62	-32.34	
400.828	-37.26	
401.035	-17.6	
401.243	-4.49	
401.451	15.58	
401.659	10.26	
401.867	13.12	
402.074	16.81	
402.282	-11.66	
402.49	-36.03	
402.697	28.69	
402.905	6.16	
403.113	2.07	
403.321	-8.58	
403.528	12.92	
403.736	-33.36	
403.944	-18.82	
404.151	-25.58	
404.359	-24.56	
404.566	-36.64	
404.774	-38.08	
404.982	-49.75	
405.189	-67.16	
405.397	-65.31	
405.604	-66.34	
405.812	-57.12	
406.02	-55.28	
406.227	-33.16	
406.435	-16.37	
406.642	5.55	
406.85	-23.12	
407.057	-2.03	
407.265	-7.15	
407.472	-2.65	
407.679	-12.27	
407.887	7.8	
408.094	-20.26	
408.302	-31.52	
408.509	-27.63	
408.717	-12.89	
408.924	-17.39	
409.131	1.45	
409.339	11.49	
409.546	14.97	
409.753	-4.08	
409.961	0.22	
410.168	-4.08	
410.375	22.75	
410.583	12.3	
410.79	23.77	
410.997	26.23	
411.205	15.58	
411.412	10.67	
411.619	31.97	
411.826	19.88	
412.034	36.06	
412.241	67.19	
412.448	49.37	
412.655	18.04	
412.862	25.41	
413.07	2.47	
413.277	-18.82	
413.484	-30.5	
413.691	-2.44	
413.898	-25.17	
414.105	-25.79	
414.312	-43.4	
414.519	-41.76	
414.727	-64.08	
414.934	-38.69	
415.141	-20.05	
415.348	16.4	
415.555	7.8	
415.762	12.1	
415.969	-28.45	
416.176	-22.72	
416.383	-17.19	
416.59	-14.73	
416.797	-22.31	
417.004	6.98	
417.211	-23.74	
417.418	-44.22	
417.625	-33.57	
417.831	-28.86	
418.038	-21.08	
418.245	1.45	
418.452	-12.07	
418.659	-23.12	
418.866	-26.4	
419.073	-37.67	
419.28	-75.96	
419.486	-42.99	
419.693	-45.04	
419.9	-29.06	
420.107	-23.53	
420.314	15.79	
420.52	18.24	
420.727	58.38	
420.934	40.16	
421.141	35.86	
421.347	15.99	
421.554	-6.95	
421.761	-52	
421.967	-39.71	
422.174	-24.97	
422.381	-19.44	
422.588	-41.97	
422.794	-29.06	
423.001	6.98	
423.207	-11.25	
423.414	-6.13	
423.621	6.78	
423.827	18.45	
424.034	-2.85	
424.24	14.56	
424.447	0.22	
424.654	-21.69	
424.86	-35.62	
425.067	-67.36	
425.273	-78.83	
425.48	-38.89	
425.686	17.63	
425.893	39.95	
426.099	58.18	
426.306	59.82	
426.512	42.41	
426.718	37.09	
426.925	24.18	
427.131	13.74	
427.338	5.34	
427.544	-1.01	
427.75	-38.89	
427.957	-44.42	
428.163	-28.65	
428.37	-26.2	
428.576	-20.05	
428.782	-16.98	
428.988	0.84	
429.195	-10.02	
429.401	-11.45	
429.607	-21.08	
429.814	7.18	
430.02	-14.73	
430.226	-29.68	
430.432	-25.17	
430.639	-12.07	
430.845	-15.55	
431.051	0.02	
431.257	20.09	
431.463	13.12	
431.67	-4.49	
431.876	-15.96	
432.082	-32.34	
432.288	-13.09	
432.494	-0.39	
432.7	25.41	
432.906	23.77	
433.112	39.95	
433.318	44.87	
433.525	50.81	
433.731	32.37	
433.937	46.92	
434.143	39.34	
434.349	23.57	
434.555	16.2	
434.761	28.69	
434.967	3.91	
435.173	-4.08	
435.379	-1.42	
435.585	32.17	
435.791	34.42	
435.996	78.04	
436.202	81.94	
436.408	52.24	
436.614	46.71	
436.82	44.46	
437.026	8.62	
437.232	9.64	
437.438	29.3	
437.644	-13.91	
437.849	-22.51	
438.055	-6.95	
438.261	-5.51	
438.467	-19.85	
438.673	-4.9	
438.878	-29.88	
439.084	-34.39	
439.29	-6.74	
439.496	13.12	
439.701	23.36	
439.907	28.28	
440.113	22.75	
440.318	-3.26	
440.524	-25.79	
440.73	-40.12	
440.935	-23.53	
441.141	-33.57	
441.347	8.82	
441.552	6.78	
441.758	23.98	
441.964	4.73	
442.169	28.89	
442.375	-15.55	
442.58	6.57	
442.786	19.88	
442.991	30.12	
443.197	-11.25	
443.402	16.81	
443.608	21.52	
443.813	34.22	
444.019	45.69	
444.224	65.76	
444.43	40.16	
444.635	44.66	
444.841	4.93	
445.046	34.42	
445.252	20.09	
445.457	20.7	
445.662	-16.16	
445.868	-27.02	
446.073	-68.59	
446.278	-64.49	
446.484	-73.3	
446.689	-59.78	
446.894	-61.42	
447.1	-58.55	
447.305	-38.69	
447.51	-25.17	
447.716	-38.28	
447.921	-28.04	
448.126	-19.44	
448.331	-37.05	
448.537	-40.94	
448.742	-22.92	
448.947	-32.34	
449.152	-54.66	
449.357	-19.44	
449.563	-4.08	
449.768	-5.51	
449.973	1.66	
450.178	26.85	
450.383	-17.8	
450.588	-28.65	
450.793	-27.63	
450.999	-2.03	
451.204	-19.44	
451.409	-10.43	
451.614	-19.64	
451.819	-22.72	
452.024	-38.28	
452.229	-29.06	
452.434	-9.2	
452.639	-14.32	
452.844	3.91	
453.049	-29.88	
453.254	-36.85	
453.459	-30.09	
453.664	-16.37	
453.869	-12.07	
454.074	15.38	
454.279	28.89	
454.483	-3.26	
454.688	-13.09	
454.893	4.73	
455.098	5.14	
455.303	-13.29	
455.508	-10.22	
455.713	0.22	
455.917	-39.1	
456.122	-18.01	
456.327	-27.63	
456.532	0.22	
456.737	-23.94	
456.941	-5.92	
457.146	-26.81	
457.351	-6.95	
457.555	-22.72	
457.76	8.21	
457.965	6.16	
458.17	11.08	
458.374	21.32	
458.579	34.01	
458.784	3.29	
458.988	-21.08	
459.193	-36.44	
459.397	-36.44	
459.602	-47.7	
459.807	2.68	
460.011	9.23	
460.216	18.04	
460.42	-15.14	
460.625	-24.15	
460.829	-48.72	
461.034	-54.25	
461.239	-63.47	
461.443	-48.72	
461.648	-36.44	
461.852	-47.29	
462.056	-10.84	
462.261	-4.28	
462.465	37.7	
462.67	37.7	
462.874	47.33	
463.079	12.92	
463.283	14.56	
463.487	-22.31	
463.692	-7.77	
463.896	-22.31	
464.1	-15.55	
464.305	-16.37	
464.509	-15.96	
464.713	-12.07	
464.918	12.3	
465.122	24.39	
465.326	13.53	
465.531	-5.72	
465.735	-21.9	
465.939	-34.18	
466.143	-39.71	
466.348	-32.34	
466.552	-35.82	
466.756	-29.06	
466.96	-2.03	
467.164	7.8	
467.368	19.47	
467.573	48.96	
467.777	38.11	
467.981	2.07	
468.185	-29.68	
468.389	-26.81	
468.593	-60.19	
468.797	-71.87	
469.001	-65.52	
469.205	-37.87	
469.409	-29.88	
469.613	-6.13	
469.817	4.32	
470.021	17.42	
470.225	4.93	
470.429	-22.31	
470.633	-29.68	
470.837	-29.27	
471.041	-37.05	
471.245	-56.3	
471.449	-38.08	
471.653	-10.02	
471.857	10.05	
472.061	-12.89	
472.265	2.47	
472.469	5.14	
472.673	-15.55	
472.876	-29.88	
473.08	-16.98	
473.284	17.02	
473.488	15.58	
473.692	28.89	
473.895	45.69	
474.099	44.46	
474.303	27.87	
474.507	27.66	
474.71	19.68	
474.914	-16.57	
475.118	-13.09	
475.322	-27.63	
475.525	-66.34	
475.729	-53.43	
475.933	-35.21	
476.136	13.94	
476.34	31.76	
476.543	71.49	
476.747	69.24	
476.951	68.21	
477.154	20.91	
477.358	34.63	
477.561	22.34	
477.765	10.26	
477.969	6.98	
478.172	11.9	
478.376	-8.58	
478.579	2.47	
478.783	0.84	
478.986	8	
479.19	6.78	
479.393	31.15	
479.596	26.23	
479.8	32.17	
480.003	21.32	
480.207	21.52	
480.41	-10.63	
480.614	-0.6	
480.817	-13.5	
481.02	30.53	
481.224	46.92	
481.427	51.83	
481.63	61.46	
481.834	87.67	
482.037	32.58	
482.24	14.97	
482.443	13.74	
482.647	-25.58	
482.85	-46.06	
483.053	-5.51	
483.256	-22.72	
483.46	0.84	
483.663	11.28	
483.866	30.74	
484.069	9.64	
484.272	23.16	
484.476	12.51	
484.679	27.87	
484.882	38.31	
485.085	29.1	
485.288	27.87	
485.491	26.85	
485.694	-2.85	
485.897	-12.07	
486.101	-10.22	
486.304	15.99	
486.507	1.25	
486.71	20.7	
486.913	-3.05	
487.116	-2.65	
487.319	-23.94	
487.522	-8.99	
487.725	26.03	
487.928	45.07	
488.13	46.3	
488.333	46.51	
488.536	55.31	
488.739	12.92	
488.942	16.81	
489.145	14.35	
489.348	17.02	
489.551	-7.36	
489.754	9.64	
489.956	-11.25	
490.159	-10.43	
490.362	-29.06	
490.565	-32.96	
490.768	-42.58	
490.97	-10.84	
491.173	-7.36	
491.376	-3.26	
491.579	3.91	
491.781	16.81	
491.984	0.43	
492.187	10.67	
492.39	15.58	
492.592	13.94	
492.795	9.03	
492.998	-12.27	
493.2	-28.45	
493.403	-22.72	
493.605	-4.69	
493.808	-19.85	
494.011	-19.64	
494.213	-19.23	
494.416	-2.44	
494.618	-29.06	
494.821	-37.05	
495.023	-16.98	
495.226	1.25	
495.428	-14.11	
495.631	4.52	
495.833	35.45	
496.036	31.15	
496.238	8.62	
496.441	21.93	
496.643	20.5	
496.846	-8.17	
497.048	-16.37	
497.25	11.69	
497.453	10.67	
497.655	38.31	
497.858	91.15	
498.06	110.61	
498.262	72.92	
498.465	66.58	
498.667	48.96	
498.869	29.51	
499.071	18.86	
499.274	45.07	
499.476	33.4	
499.678	24.59	
499.881	-5.51	
500.083	-17.39	
500.285	-41.15	
500.487	-24.76	
500.689	-32.75	
500.892	-26.4	
501.094	-33.57	
501.296	3.09	
501.498	-14.73	
501.7	-28.65	
501.902	-11.66	
502.104	4.11	
502.306	-22.72	
502.509	-11.86	
502.711	-14.73	
502.913	-9.61	
503.115	-27.43	
503.317	-29.88	
503.519	-45.45	
503.721	-11.66	
503.923	14.15	
504.125	39.54	
504.327	65.35	
504.529	90.54	
504.731	63.91	
504.933	37.49	
505.134	25.82	
505.336	22.95	
505.538	26.85	
505.74	29.71	
505.942	-2.85	
506.144	-2.85	
506.346	-19.44	
506.548	-15.14	
506.749	-15.14	
506.951	11.08	
507.153	-2.24	
507.355	-9.2	
507.557	-20.67	
507.758	-8.38	
507.96	-35	
508.162	-16.57	
508.363	0.43	
508.565	0.63	
508.767	-19.44	
508.969	-2.65	
509.17	9.23	
509.372	-7.77	
509.574	-24.35	
509.775	0.22	
509.977	-7.56	
510.178	-2.44	
510.38	11.08	
510.582	20.91	
510.783	1.04	
510.985	18.45	
511.186	-5.31	
511.388	13.53	
511.589	28.69	
511.791	19.68	
511.992	5.34	
512.194	21.52	
512.395	-22.51	
512.597	-35.21	
512.798	-13.5	
513	-0.8	
513.201	-0.39	
513.403	44.66	
513.604	26.03	
513.805	23.98	
514.007	17.63	
514.208	-11.45	
514.409	-34.59	
514.611	-14.73	
514.812	-7.77	
515.013	6.78	
515.215	14.15	
515.416	1.66	
515.617	-17.6	
515.819	-43.81	
516.02	-73.1	
516.221	-50.36	
516.422	-47.7	
516.623	-45.45	
516.825	-42.79	
517.026	-24.97	
517.227	-47.09	
517.428	-53.84	
517.629	-42.99	
517.83	-32.75	
518.032	-30.09	
518.233	-11.04	
518.434	-3.26	
518.635	12.1	
518.836	12.92	
519.037	7.39	
519.238	3.7	
519.439	14.35	
519.64	-0.6	
519.841	13.12	
520.042	11.28	
520.243	0.02	
520.444	-6.95	
520.645	-15.96	
520.846	-32.34	
521.047	-19.03	
521.248	-21.9	
521.449	1.04	
521.65	9.44	
521.851	31.97	
522.052	0.22	
522.252	15.38	
522.453	5.55	
522.654	-10.02	
522.855	-19.03	
523.056	-8.79	
523.257	-14.93	
523.457	-24.76	
523.658	-18.82	
523.859	-27.84	
524.06	-39.3	
524.26	-52	
524.461	-49.13	
524.662	-41.56	
524.862	-61.22	
525.063	-36.85	
525.264	-20.67	
525.464	-28.86	
525.665	-15.34	
525.866	31.35	
526.066	13.53	
526.267	10.67	
526.468	3.91	
526.668	-8.99	
526.869	-25.58	
527.069	-13.91	
527.27	-9.61	
527.47	28.48	
527.671	14.76	
527.871	-4.9	
528.072	8.82	
528.272	5.14	
528.473	-13.7	
528.673	25.62	
528.874	38.31	
529.074	36.88	
529.275	54.08	
529.475	64.73	
529.675	11.69	
529.876	10.05	
530.076	-9.4	
530.277	-19.23	
530.477	-33.98	
530.677	-9.2	
530.878	-21.08	
531.078	21.73	
531.278	19.27	
531.478	12.3	
531.679	7.39	
531.879	16.81	
532.079	-27.84	
532.28	-31.93	
532.48	-48.31	
532.68	-37.26	
532.88	-21.9	
533.08	-16.16	
533.28	-24.35	
533.481	-0.6	
533.681	-3.87	
533.881	-4.9	
534.081	1.04	
534.281	10.46	
534.481	9.44	
534.681	39.54	
534.881	40.77	
535.081	35.04	
535.281	28.07	
535.481	48.35	
535.682	23.57	
535.882	2.88	
536.082	14.97	
536.281	15.38	
536.481	12.51	
536.681	23.77	
536.881	28.69	
537.081	10.05	
537.281	8.21	
537.481	-23.33	
537.681	-48.52	
537.881	-65.93	
538.081	-41.35	
538.281	-44.22	
538.48	-45.65	
538.68	-27.63	
538.88	7.39	
539.08	13.12	
539.28	11.9	
539.479	40.98	
539.679	23.57	
539.879	-1.83	
540.079	-9.2	
540.278	-0.39	
540.478	-30.91	
540.678	-45.86	
540.877	-28.45	
541.077	-49.54	
541.277	-44.01	
541.476	6.78	
541.676	39.34	
541.876	57.77	
542.075	69.85	
542.275	52.65	
542.474	26.44	
542.674	29.1	
542.874	-0.19	
543.073	-8.17	
543.273	12.71	
543.472	19.68	
543.672	14.56	
543.871	15.79	
544.071	12.1	
544.27	35.24	
544.47	17.83	
544.669	13.94	
544.868	8.82	
545.068	15.17	
545.267	-26.2	
545.467	20.91	
545.666	1.86	
545.865	18.24	
546.065	12.3	
546.264	14.35	
546.463	-34.39	
546.663	-20.46	
546.862	-28.04	
547.061	-12.68	
547.261	-6.74	
547.46	27.05	
547.659	31.15	
547.858	70.26	
548.058	62.89	
548.257	82.76	
548.456	54.29	
548.655	59	
548.854	27.46	
549.053	45.89	
549.253	18.45	
549.452	34.42	
549.651	52.85	
549.85	85.42	
550.049	69.44	
550.248	72.92	
550.447	60.43	
550.646	53.88	
550.845	29.92	
551.044	26.23	
551.243	22.14	
551.442	44.46	
551.641	35.24	
551.84	44.87	
552.039	55.31	
552.238	77.02	
552.437	60.64	
552.636	57.56	
552.835	43.43	
553.034	41.18	
553.233	44.25	
553.432	45.28	
553.63	52.45	
553.829	36.27	
554.028	15.99	
554.227	9.44	
554.426	11.08	
554.625	7.59	
554.823	18.86	
555.022	48.96	
555.221	48.14	
555.42	48.55	
555.618	57.36	
555.817	49.17	
556.016	28.48	
556.214	37.09	
556.413	37.09	
556.612	20.5	
556.81	28.89	
557.009	30.12	
557.208	18.24	
557.406	16.4	
557.605	15.17	
557.803	-2.65	
558.002	2.88	
558.201	-20.05	
558.399	-22.92	
558.598	-36.85	
558.796	-11.86	
558.995	-14.32	
559.193	12.1	
559.392	-1.62	
559.59	31.35	
559.789	34.63	
559.987	64.32	
560.185	83.57	
560.384	75.18	
560.582	72.52	
560.781	82.55	
560.979	69.03	
561.177	31.97	
561.376	49.58	
561.574	63.09	
561.772	13.74	
561.971	29.3	
562.169	38.52	
562.367	33.81	
562.566	3.29	
562.764	8	
562.962	-28.45	
563.16	-41.15	
563.358	-35.62	
563.557	-26.61	
563.755	1.25	
563.953	10.05	
564.151	25	
564.349	34.22	
564.547	35.24	
564.746	11.69	
564.944	4.52	
565.142	-6.54	
565.34	-16.78	
565.538	-26.61	
565.736	-7.15	
565.934	-22.92	
566.132	-18.82	
566.33	-12.48	
566.528	8.82	
566.726	-5.51	
566.924	25	
567.122	6.37	
567.32	-7.97	
567.518	-17.19	
567.716	-10.63	
567.914	-12.89	
568.112	6.57	
568.31	22.75	
568.507	19.06	
568.705	-8.17	
568.903	-26.61	
569.101	-10.43	
569.299	3.09	
569.497	10.26	
569.694	38.72	
569.892	56.95	
570.09	58.79	
570.288	31.35	
570.486	32.99	
570.683	51.42	
570.881	21.73	
571.079	-7.15	
571.276	-5.72	
571.474	-24.56	
571.672	-64.9	
571.869	-57.33	
572.067	-50.57	
572.265	-36.23	
572.462	-10.43	
572.66	17.22	
572.857	44.66	
573.055	72.52	
573.253	57.36	
573.45	37.09	
573.648	34.63	
573.845	23.98	
574.043	7.18	
574.24	10.87	
574.438	0.22	
574.635	2.68	
574.832	-14.73	
575.03	-13.5	
575.227	24.59	
575.425	18.65	
575.622	3.91	
575.82	4.32	
576.017	12.71	
576.214	-19.03	
576.412	4.52	
576.609	-5.31	
576.806	-7.36	
577.004	-17.39	
577.201	-6.74	
577.398	7.18	
577.595	49.37	
577.793	71.9	
577.99	76	
578.187	55.31	
578.384	27.26	
578.582	-4.69	
578.779	11.69	
578.976	11.49	
579.173	41.59	
579.37	45.28	
579.567	60.84	
579.764	40.16	
579.962	42	
580.159	22.34	
580.356	52.85	
580.553	55.93	
580.75	65.76	
580.947	64.32	
581.144	90.95	
581.341	58.79	
581.538	70.26	
581.735	57.77	
581.932	63.3	
582.129	20.5	
582.326	35.24	
582.523	9.23	
582.72	6.37	
582.916	3.09	
583.113	11.28	
583.31	-2.85	
583.507	14.76	
583.704	41.8	
583.901	69.44	
584.098	77.64	
584.294	87.67	
584.491	57.36	
584.688	23.36	
584.885	-26.61	
585.082	10.26	
585.278	23.77	
585.475	34.42	
585.672	38.11	
585.868	61.66	
586.065	16.4	
586.262	-13.91	
586.458	1.86	
586.655	25	
586.852	1.66	
587.048	-1.83	
587.245	-0.8	
587.442	40.57	
587.638	39.34	
587.835	88.28	
588.031	101.39	
588.228	105.49	
588.424	50.4	
588.621	45.69	
588.817	-1.01	
589.014	18.04	
589.21	25.62	
589.407	22.54	
589.603	-3.05	
589.8	27.05	
589.996	25.41	
590.192	29.51	
590.389	39.13	
590.585	52.24	
590.782	23.36	
590.978	34.63	
591.174	29.1	
591.371	35.45	
591.567	34.22	
591.763	42	
591.959	16.81	
592.156	26.03	
592.352	28.89	
592.548	40.36	
592.744	47.73	
592.941	36.47	
593.137	10.46	
593.333	-1.21	
593.529	28.07	
593.725	30.94	
593.922	27.87	
594.118	52.45	
594.314	28.07	
594.51	3.09	
594.706	-21.49	
594.902	0.63	
595.098	-7.97	
595.294	12.1	
595.49	-18.82	
595.686	11.08	
595.882	-15.55	
596.078	22.34	
596.274	25.41	
596.47	70.67	
596.666	61.05	
596.862	50.19	
597.058	32.78	
597.254	54.7	
597.45	15.99	
597.646	26.44	
597.842	45.48	
598.037	51.83	
598.233	36.06	
598.429	63.91	
598.625	28.28	
598.821	30.12	
599.017	-4.69	
599.212	8.21	
599.408	15.38	
599.604	25.21	
599.8	11.08	
599.995	20.09	
600.191	18.24	
600.387	-19.03	
600.582	-0.6	
600.778	30.94	
600.974	33.6	
601.169	6.98	
601.365	28.69	
601.561	1.04	
601.756	-31.11	
601.952	-30.7	
602.147	-16.16	
602.343	-21.69	
602.538	17.22	
602.734	32.17	
602.93	44.87	
603.125	32.37	
603.321	31.56	
603.516	11.28	
603.711	8.62	
603.907	19.47	
604.102	34.83	
604.298	52.85	
604.493	57.97	
604.689	76.61	
604.884	54.29	
605.079	48.35	
605.275	30.74	
605.47	30.53	
605.665	18.86	
605.861	31.76	
606.056	43.64	
606.251	27.26	
606.447	20.29	
606.642	15.58	
606.837	-3.67	
607.032	11.28	
607.227	10.26	
607.423	24.18	
607.618	25.41	
607.813	18.86	
608.008	-10.63	
608.203	43.84	
608.398	44.87	
608.594	29.51	
608.789	43.43	
608.984	64.73	
609.179	32.37	
609.374	25.41	
609.569	37.09	
609.764	13.74	
609.959	0.22	
610.154	-4.49	
610.349	-5.1	
610.544	2.07	
610.739	19.68	
610.934	30.33	
611.129	39.54	
611.324	59.2	
611.519	66.99	
611.714	76.82	
611.909	54.49	
612.103	80.09	
612.298	61.25	
612.493	66.99	
612.688	63.71	
612.883	80.91	
613.078	39.95	
613.272	83.57	
613.467	78.45	
613.662	109.99	
613.857	126.99	
614.051	148.29	
614.246	101.6	
614.441	90.33	
614.635	40.36	
614.83	17.22	
615.025	-20.26	
615.219	-27.02	
615.414	-44.63	
615.609	-39.1	
615.803	-40.53	
615.998	2.47	
616.192	-2.85	
616.387	13.94	
616.582	47.53	
616.776	66.58	
616.971	43.02	
617.165	42.61	
617.36	20.29	
617.554	0.63	
617.749	1.04	
617.943	23.98	
618.138	33.4	
618.332	51.22	
618.526	31.97	
618.721	7.59	
618.915	9.23	
619.11	14.35	
619.304	2.68	
619.498	20.5	
619.693	49.78	
619.887	31.56	
620.081	11.49	
620.275	14.35	
620.47	18.45	
620.664	12.3	
620.858	3.29	
621.052	23.98	
621.247	41.59	
621.441	38.11	
621.635	28.28	
621.829	46.3	
622.023	44.87	
622.218	56.13	
622.412	45.69	
622.606	28.89	
622.8	24.8	
622.994	30.33	
623.188	3.29	
623.382	7.59	
623.576	6.37	
623.77	-12.48	
623.964	1.86	
624.158	13.12	
624.352	-2.65	
624.546	12.71	
624.74	44.46	
624.934	18.65	
625.128	21.73	
625.322	42.41	
625.516	44.46	
625.71	23.36	
625.904	12.1	
626.098	24.39	
626.291	23.77	
626.485	31.35	
626.679	27.26	
626.873	81.94	
627.067	67.19	
627.26	69.24	
627.454	64.94	
627.648	75.18	
627.842	17.02	
628.035	26.64	
628.229	25.62	
628.423	5.14	
628.617	-2.44	
628.81	3.91	
629.004	-6.95	
629.198	-7.56	
629.391	-9.2	
629.585	14.35	
629.778	21.93	
629.972	51.22	
630.166	47.94	
630.359	44.05	
630.553	19.88	
630.746	23.57	
630.94	5.14	
631.133	-13.91	
631.327	4.93	
631.52	2.88	
631.714	-8.79	
631.907	-13.7	
632.1	34.22	
632.294	57.16	
632.487	66.37	
632.681	84.39	
632.874	81.73	
633.067	68.42	
633.261	41.18	
633.454	49.17	
633.647	66.78	
633.841	44.66	
634.034	49.58	
634.227	62.07	
634.421	45.48	
634.614	10.67	
634.807	20.7	
635	-21.49	
635.193	-19.23	
635.387	-14.73	
635.58	-19.64	
635.773	-10.02	
635.966	10.26	
636.159	2.88	
636.352	-37.05	
636.545	-40.33	
636.739	-58.55	
636.932	-57.94	
637.125	-76.99	
637.318	-65.31	
637.511	-21.69	
637.704	-24.56	
637.897	-6.74	
638.09	1.25	
638.283	40.36	
638.476	11.69	
638.669	33.19	
638.862	34.22	
639.055	29.92	
639.247	24.18	
639.44	23.16	
639.633	37.7	
639.826	8	
640.019	16.4	
640.212	7.18	
640.405	26.85	
640.597	-5.92	
640.79	10.26	
640.983	-2.65	
641.176	-19.64	
641.368	-25.79	
641.561	3.5	
641.754	-19.85	
641.947	21.52	
642.139	48.35	
642.332	39.95	
642.525	42.41	
642.717	64.53	
642.91	20.29	
643.103	10.26	
643.295	-1.21	
643.488	-20.67	
643.68	-35.21	
643.873	-9.4	
644.065	-6.74	
644.258	3.29	
644.45	3.5	
644.643	15.58	
644.835	4.93	
645.028	-10.84	
645.22	-15.55	
645.413	-21.69	
645.605	-24.15	
645.798	-24.35	
645.99	11.08	
646.182	15.58	
646.375	23.36	
646.567	27.05	
646.76	11.49	
646.952	-6.33	
647.144	-13.7	
647.337	-22.72	
647.529	-21.9	
647.721	13.94	
647.913	18.86	
648.106	21.52	
648.298	27.87	
648.49	21.11	
648.682	-18.82	
648.874	-20.05	
649.067	-14.11	
649.259	-16.57	
649.451	-20.26	
649.643	7.59	
649.835	16.2	
650.027	19.47	
650.219	14.56	
650.411	26.44	
650.603	17.83	
650.796	12.1	
650.988	18.04	
651.18	33.81	
651.372	49.17	
651.564	45.28	
651.756	36.47	
651.948	44.25	
652.139	34.42	
652.331	5.96	
652.523	12.92	
652.715	24.39	
652.907	3.09	
653.099	6.16	
653.291	18.86	
653.483	1.25	
653.674	11.08	
653.866	27.87	
654.058	25.62	
654.25	23.36	
654.442	35.45	
654.633	-11.45	
654.825	-24.56	
655.017	-7.97	
655.209	-18.21	
655.4	-9.61	
655.592	-3.87	
655.784	18.45	
655.975	8.82	
656.167	20.7	
656.359	8.82	
656.55	16.81	
656.742	-18.21	
656.933	-5.92	
657.125	-12.89	
657.316	-15.55	
657.508	-6.33	
657.7	28.69	
657.891	-0.6	
658.083	16.81	
658.274	27.66	
658.466	35.04	
658.657	25	
658.848	15.38	
659.04	4.73	
659.231	-1.83	
659.423	-2.03	
659.614	-16.78	
659.805	32.58	
659.997	50.6	
660.188	52.45	
660.379	49.78	
660.571	50.19	
660.762	18.24	
660.953	-3.05	
661.145	7.59	
661.336	-5.51	
661.527	143.78	
661.718	161.81	
661.909	159.76	
662.101	160.37	
662.292	175.12	
662.483	15.99	
662.674	-11.25	
662.865	-0.19	
663.056	-25.79	
663.247	-50.77	
663.439	-39.1	
663.63	-30.5	
663.821	-64.08	
664.012	-50.77	
664.203	-8.38	
664.394	1.66	
664.585	21.73	
664.776	19.27	
664.967	31.35	
665.158	8.82	
665.349	23.98	
665.54	0.02	
665.73	45.28	
665.921	23.98	
666.112	16.81	
666.303	-19.44	
666.494	33.6	
666.685	11.49	
666.876	26.03	
667.066	38.72	
667.257	70.06	
667.448	13.33	
667.639	13.12	
667.83	13.12	
668.02	14.15	
668.211	-21.49	
668.402	12.1	
668.592	-16.78	
668.783	-31.52	
668.974	-35.62	
669.164	-2.85	
669.355	-19.85	
669.546	10.87	
669.736	13.94	
669.927	1.04	
670.117	-32.14	
670.308	-27.02	
670.499	-41.35	
670.689	-44.42	
670.88	-53.23	
671.07	-27.43	
671.261	-31.52	
671.451	-6.33	
671.641	-15.34	
671.832	22.75	
672.022	23.98	
672.213	14.76	
672.403	3.91	
672.594	32.58	
672.784	27.05	
672.974	15.17	
673.165	-6.95	
673.355	-6.33	
673.545	4.11	
673.736	15.99	
673.926	-1.42	
674.116	43.43	
674.306	13.74	
674.497	-15.96	
674.687	-52.62	
674.877	-40.94	
675.067	-50.36	
675.257	-21.28	
675.448	-11.25	
675.638	8.82	
675.828	1.04	
676.018	6.98	
676.208	-4.9	
676.398	15.17	
676.588	-3.87	
676.778	9.64	
676.968	3.91	
677.158	21.11	
677.348	-18.21	
677.538	-12.68	
677.728	-3.87	
677.918	-20.67	
678.108	-28.86	
678.298	-8.38	
678.488	-17.6	
678.678	-11.25	
678.868	-1.42	
679.058	-0.19	
679.248	3.91	
679.438	8.21	
679.627	3.29	
679.817	-7.36	
680.007	-18.01	
680.197	-31.93	
680.387	-34.59	
680.576	-27.22	
680.766	-21.9	
680.956	-21.49	
681.146	10.46	
681.335	19.47	
681.525	-7.15	
681.715	0.02	
681.904	22.34	
682.094	5.96	
682.284	-1.62	
682.473	21.32	
682.663	37.09	
682.852	38.72	
683.042	47.94	
683.231	50.81	
683.421	29.1	
683.61	11.08	
683.8	-3.87	
683.989	-7.56	
684.179	4.32	
684.368	-5.72	
684.558	-0.19	
684.747	0.43	
684.937	-34.59	
685.126	-41.97	
685.316	-32.75	
685.505	-59.58	
685.694	-30.91	
685.884	17.63	
686.073	9.03	
686.262	12.51	
686.452	47.53	
686.641	33.19	
686.83	19.47	
687.019	36.27	
687.209	33.4	
687.398	32.17	
687.587	18.24	
687.776	-7.15	
687.965	-35.82	
688.155	-38.89	
688.344	-70.02	
688.533	-72.07	
688.722	-72.48	
688.911	-16.37	
689.1	17.22	
689.289	47.73	
689.478	53.67	
689.667	73.74	
689.856	3.7	
690.045	-24.15	
690.234	-56.3	
690.423	-28.24	
690.612	-45.04	
690.801	9.44	
690.99	2.47	
691.179	33.81	
691.368	2.88	
691.557	39.13	
691.746	18.24	
691.935	29.92	
692.124	18.24	
692.312	30.12	
692.501	3.91	
692.69	22.54	
692.879	17.22	
693.068	17.63	
693.256	8.62	
693.445	22.34	
693.634	-4.69	
693.823	-8.79	
694.011	-13.09	
694.2	-13.29	
694.389	-34.59	
694.577	-24.76	
694.766	-17.19	
694.955	-9.81	
695.143	-9.2	
695.332	7.59	
695.52	2.47	
695.709	14.76	
695.897	13.53	
696.086	4.73	
696.275	-9.81	
696.463	-8.17	
696.652	-18.01	
696.84	-10.02	
697.028	-8.79	
697.217	-2.44	
697.405	9.03	
697.594	19.68	
697.782	9.23	
697.971	13.74	
698.159	9.44	
698.347	13.94	
698.536	4.73	
698.724	18.86	
698.912	6.57	
699.1	18.04	
699.289	32.17	
699.477	25.82	
699.665	20.7	
699.854	20.91	
700.042	5.75	
700.23	-7.56	
700.418	11.49	
700.606	-6.95	
700.794	5.34	
700.983	16.2	
701.171	7.18	
701.359	-16.57	
701.547	7.59	
701.735	22.75	
701.923	14.35	
702.111	2.07	
702.299	-3.26	
702.487	-5.1	
702.675	-30.91	
702.863	-35.82	
703.051	-22.51	
703.239	8.21	
703.427	-14.11	
703.615	-8.79	
703.803	-13.29	
703.991	3.09	
704.179	-18.62	
704.367	9.03	
704.554	21.11	
704.742	39.13	
704.93	35.04	
705.118	70.47	
705.306	46.3	
705.493	35.04	
705.681	23.77	
705.869	46.3	
706.057	17.22	
706.244	33.6	
706.432	38.31	
706.62	54.08	
706.807	0.02	
706.995	13.12	
707.183	-14.32	
707.37	-3.26	
707.558	5.14	
707.746	40.16	
707.933	32.99	
708.121	82.76	
708.308	66.37	
708.496	45.69	
708.683	18.24	
708.871	41.8	
709.058	4.73	
709.246	4.52	
709.433	-4.08	
709.621	12.51	
709.808	-14.73	
709.995	-5.51	
710.183	-4.9	
710.37	12.71	
710.558	12.51	
710.745	14.15	
710.932	17.83	
711.12	26.23	
711.307	9.03	
711.494	15.99	
711.681	19.88	
711.869	-2.03	
712.056	12.3	
712.243	26.03	
712.43	-10.22	
712.618	-1.21	
712.805	-0.8	
712.992	-27.63	
713.179	-34.59	
713.366	-0.39	
713.553	9.03	
713.74	12.51	
713.928	-4.49	
714.115	16.61	
714.302	-13.5	
714.489	-14.73	
714.676	-20.05	
714.863	20.5	
715.05	-2.03	
715.237	1.04	
715.424	-35.21	
715.611	-0.19	
715.798	-1.83	
715.984	0.63	
716.171	29.1	
716.358	55.93	
716.545	47.53	
716.732	49.78	
716.919	48.76	
717.106	29.71	
717.293	13.53	
717.479	25.21	
717.666	-10.43	
717.853	-14.11	
718.04	3.7	
718.226	11.9	
718.413	-25.79	
718.6	-11.66	
718.786	-4.9	
718.973	2.68	
719.16	-28.45	
719.346	-15.96	
719.533	-11.25	
719.72	11.9	
719.906	-21.28	
720.093	4.32	
720.279	-23.74	
720.466	-13.09	
720.652	-18.01	
720.839	-6.74	
721.025	8.41	
721.212	48.96	
721.398	31.35	
721.585	31.56	
721.771	35.04	
721.958	15.17	
722.144	15.38	
722.331	1.66	
722.517	-22.72	
722.703	-22.31	
722.89	-37.26	
723.076	-39.51	
723.262	-9.2	
723.449	-16.78	
723.635	-30.7	
723.821	-6.54	
724.007	-24.56	
724.194	-31.11	
724.38	-27.63	
724.566	-20.87	
724.752	-11.04	
724.938	15.38	
725.125	37.29	
725.311	47.94	
725.497	39.13	
725.683	22.54	
725.869	-14.73	
726.055	-30.5	
726.241	-35.21	
726.427	-30.91	
726.613	-29.68	
726.799	11.28	
726.985	-22.1	
727.171	8	
727.357	28.28	
727.543	44.87	
727.729	12.71	
727.915	45.28	
728.101	35.24	
728.287	30.33	
728.473	11.28	
728.659	20.09	
728.845	-11.86	
729.03	-17.39	
729.216	-21.08	
729.402	-33.36	
729.588	-32.55	
729.774	-18.01	
729.959	-38.08	
730.145	-31.93	
730.331	-13.09	
730.517	-10.22	
730.702	0.84	
730.888	12.1	
731.074	-11.66	
731.259	-9.81	
731.445	9.23	
731.63	6.37	
731.816	-0.19	
732.002	49.78	
732.187	57.56	
732.373	36.68	
732.558	41.18	
732.744	72.72	
732.929	46.51	
733.115	5.14	
733.3	-15.34	
733.486	-20.05	
733.671	-66.34	
733.857	-81.9	
734.042	-47.5	
734.227	-35.82	
734.413	-11.25	
734.598	34.63	
734.784	33.81	
734.969	27.87	
735.154	32.78	
735.339	13.33	
735.525	-2.85	
735.71	13.53	
735.895	-1.83	
736.081	0.43	
736.266	1.25	
736.451	-6.95	
736.636	4.52	
736.821	-0.39	
737.007	-7.15	
737.192	-2.24	
737.377	-22.31	
737.562	-42.79	
737.747	-22.1	
737.932	-6.33	
738.117	-26.2	
738.302	14.15	
738.487	16.2	
738.672	11.69	
738.857	18.24	
739.042	30.94	
739.227	34.63	
739.412	27.87	
739.597	31.56	
739.782	43.43	
739.967	25.21	
740.152	9.44	
740.337	24.18	
740.522	28.89	
740.706	19.68	
740.891	55.11	
741.076	66.17	
741.261	57.97	
741.446	65.35	
741.63	52.45	
741.815	50.6	
742	8	
742.185	-2.03	
742.369	-15.96	
742.554	-11.25	
742.739	-22.1	
742.923	9.64	
743.108	28.07	
743.293	28.48	
743.477	12.3	
743.662	21.73	
743.846	12.51	
744.031	12.3	
744.216	18.45	
744.4	44.46	
744.585	16.81	
744.769	26.44	
744.954	18.45	
745.138	4.32	
745.322	-7.15	
745.507	-2.65	
745.691	-3.67	
745.876	-16.37	
746.06	-0.6	
746.244	6.57	
746.429	31.97	
746.613	21.73	
746.798	41.39	
746.982	22.54	
747.166	13.94	
747.35	-5.31	
747.535	-9.81	
747.719	-15.34	
747.903	24.39	
748.087	6.16	
748.272	15.58	
748.456	42.41	
748.64	36.68	
748.824	16.61	
749.008	49.99	
749.192	33.6	
749.376	16.4	
749.56	12.1	
749.745	-15.14	
749.929	-21.08	
750.113	-6.95	
750.297	-23.94	
750.481	-10.22	
750.665	27.66	
750.849	24.39	
751.033	10.87	
751.217	-2.44	
751.4	-1.42	
751.584	-25.58	
751.768	-28.86	
751.952	-34.18	
752.136	-15.14	
752.32	-37.46	
752.504	-17.8	
752.688	-15.34	
752.871	-17.19	
753.055	-17.19	
753.239	-2.24	
753.423	-8.17	
753.606	-17.19	
753.79	13.94	
753.974	22.34	
754.157	21.11	
754.341	14.35	
754.525	-2.65	
754.708	-23.94	
754.892	-32.75	
755.076	-23.12	
755.259	-4.08	
755.443	8.41	
755.626	12.92	
755.81	30.53	
755.993	20.29	
756.177	-5.31	
756.36	-0.39	
756.544	-5.92	
756.727	-32.96	
756.911	-15.96	
757.094	3.29	
757.278	-8.58	
757.461	-11.04	
757.644	4.11	
757.828	-23.74	
758.011	-29.47	
758.195	-19.85	
758.378	-12.27	
758.561	-9.2	
758.744	-8.58	
758.928	9.85	
759.111	12.71	
759.294	21.52	
759.477	33.4	
759.661	42.41	
759.844	18.04	
760.027	9.64	
760.21	-9.81	
760.393	-10.84	
760.576	-2.03	
760.76	-10.22	
760.943	-20.26	
761.126	4.32	
761.309	12.3	
761.492	17.22	
761.675	18.04	
761.858	34.83	
762.041	4.73	
762.224	-35.62	
762.407	-55.48	
762.59	-45.24	
762.773	-70.64	
762.956	-62.04	
763.139	-38.08	
763.321	-28.24	
763.504	-68.39	
763.687	-50.98	
763.87	-33.77	
764.053	-36.44	
764.236	-18.82	
764.418	28.48	
764.601	25	
764.784	27.46	
764.967	42.82	
765.149	20.91	
765.332	15.99	
765.515	34.83	
765.697	5.14	
765.88	-7.77	
766.063	1.04	
766.245	-7.77	
766.428	-37.05	
766.611	-30.29	
766.793	-42.79	
766.976	-37.67	
767.158	-52.21	
767.341	-11.86	
767.523	-9.4	
767.706	11.69	
767.888	-6.13	
768.071	43.02	
768.253	20.5	
768.436	41.8	
768.618	41.8	
768.8	80.5	
768.983	71.7	
769.165	69.03	
769.348	36.06	
769.53	14.97	
769.712	-5.72	
769.895	-31.93	
770.077	-25.99	
770.259	-18.62	
770.441	-17.8	
770.624	-2.24	
770.806	17.22	
770.988	9.64	
771.17	15.17	
771.352	49.37	
771.535	57.36	
771.717	51.22	
771.899	43.84	
772.081	76.61	
772.263	52.65	
772.445	17.83	
772.627	4.73	
772.809	28.07	
772.991	12.1	
773.173	27.05	
773.355	22.14	
773.537	23.98	
773.719	0.84	
773.901	24.18	
774.083	4.73	
774.265	-2.44	
774.447	-8.99	
774.629	9.44	
774.811	-16.16	
774.992	1.66	
775.174	13.12	
775.356	33.4	
775.538	28.69	
775.72	8.41	
775.901	4.52	
776.083	-0.6	
776.265	-15.34	
776.447	-0.8	
776.628	20.29	
776.81	4.73	
776.992	21.11	
777.173	24.18	
777.355	6.98	
777.537	26.85	
777.718	26.23	
777.9	33.81	
778.081	26.44	
778.263	42.82	
778.444	13.94	
778.626	20.09	
778.807	-1.21	
778.989	-6.33	
779.17	-36.64	
779.352	-58.96	
779.533	-70.43	
779.715	-62.65	
779.896	-71.46	
780.078	-32.34	
780.259	3.29	
780.44	-5.31	
780.622	-15.55	
780.803	49.37	
780.984	25.21	
781.166	1.25	
781.347	9.03	
781.528	17.63	
781.709	-32.55	
781.891	-18.82	
782.072	-4.9	
782.253	9.64	
782.434	2.88	
782.615	9.64	
782.796	13.12	
782.978	19.88	
783.159	30.94	
783.34	63.3	
783.521	61.25	
783.702	63.09	
783.883	72.52	
784.064	77.64	
784.245	54.7	
784.426	78.25	
784.607	56.13	
784.788	51.22	
784.969	25	
785.15	23.98	
785.331	-22.51	
785.512	-12.89	
785.692	-23.74	
785.873	-18.82	
786.054	-29.88	
786.235	-9.4	
786.416	8.41	
786.597	12.92	
786.777	6.57	
786.958	20.7	
787.139	27.46	
787.32	16.2	
787.5	25.82	
787.681	18.45	
787.862	27.46	
788.042	18.86	
788.223	16.61	
788.404	-16.57	
788.584	-12.89	
788.765	-27.02	
788.946	-12.27	
789.126	-21.69	
789.307	13.12	
789.487	39.95	
789.668	29.1	
789.848	10.87	
790.029	-5.51	
790.209	-25.17	
790.39	-42.99	
790.57	-46.06	
790.75	-2.85	
790.931	3.5	
791.111	-4.9	
791.292	9.03	
791.472	22.95	
791.652	-6.13	
791.833	12.71	
792.013	21.52	
792.193	3.5	
792.373	24.8	
792.554	17.42	
792.734	12.51	
792.914	1.25	
793.094	23.98	
793.275	17.83	
793.455	0.84	
793.635	1.45	
793.815	21.93	
793.995	-8.38	
794.175	-8.79	
794.355	31.56	
794.535	43.23	
794.715	28.69	
794.896	47.73	
795.076	24.39	
795.256	38.93	
795.436	8.41	
795.616	29.71	
795.795	33.6	
795.975	31.76	
796.155	20.7	
796.335	37.29	
796.515	39.54	
796.695	54.9	
796.875	81.53	
797.055	67.8	
797.234	70.26	
797.414	65.14	
797.594	57.16	
797.774	40.77	
797.954	23.16	
798.133	33.4	
798.313	12.71	
798.493	18.65	
798.672	7.8	
798.852	16.61	
799.032	-17.6	
799.211	-23.33	
799.391	-51.39	
799.571	-37.46	
799.75	-51.59	
799.93	-12.68	
800.109	-0.6	
800.289	11.49	
800.468	-2.85	
800.648	6.78	
800.827	-2.44	
801.007	0.63	
801.186	-14.52	
801.366	-6.95	
801.545	-16.37	
801.725	3.09	
801.904	-30.09	
802.083	0.84	
802.263	-9.4	
802.442	28.48	
802.621	-2.65	
802.801	57.36	
802.98	50.81	
803.159	34.83	
803.338	-6.74	
803.518	23.36	
803.697	-20.05	
803.876	-5.72	
804.055	17.02	
804.235	53.88	
804.414	15.79	
804.593	45.07	
804.772	15.38	
804.951	33.19	
805.13	1.86	
805.309	32.17	
805.488	26.44	
805.667	47.53	
805.846	42.41	
806.025	65.14	
806.204	59.82	
806.383	50.81	
806.562	26.23	
806.741	23.77	
806.92	29.92	
807.099	20.7	
807.278	3.5	
807.457	13.33	
807.636	21.73	
807.814	-0.6	
807.993	4.11	
808.172	18.04	
808.351	35.24	
808.53	34.63	
808.708	35.86	
808.887	47.33	
809.066	78.45	
809.244	57.36	
809.423	34.22	
809.602	34.22	
809.78	39.54	
809.959	23.98	
810.138	36.27	
810.316	52.85	
810.495	69.85	
810.673	28.28	
810.852	25	
811.03	25.21	
811.209	37.29	
811.388	38.11	
811.566	53.06	
811.744	56.95	
811.923	39.34	
812.101	39.54	
812.28	60.84	
812.458	68.62	
812.637	40.16	
812.815	47.53	
812.993	49.58	
813.172	48.14	
813.35	13.74	
813.528	39.34	
813.706	36.27	
813.885	16.81	
814.063	-13.5	
814.241	46.3	
814.419	54.08	
814.598	82.55	
814.776	78.86	
814.954	63.71	
815.132	47.33	
815.31	41.8	
815.488	-4.9	
815.666	-10.43	
815.844	-7.77	
816.022	-14.93	
816.201	-32.75	
816.379	7.39	
816.557	16.2	
816.735	30.94	
816.913	9.03	
817.09	33.6	
817.268	-9.2	
817.446	-5.72	
817.624	-15.34	
817.802	36.27	
817.98	14.56	
818.158	25	
818.336	-2.24	
818.514	10.26	
818.691	-3.87	
818.869	16.61	
819.047	47.73	
819.225	67.8	
819.402	43.84	
819.58	54.49	
819.758	46.92	
819.935	36.88	
820.113	30.33	
820.291	41.59	
820.468	-4.49	
820.646	-2.85	
820.824	-0.6	
821.001	38.72	
821.179	59.82	
821.356	78.04	
821.534	63.71	
821.711	44.66	
821.889	47.33	
822.066	31.56	
822.244	31.56	
822.421	54.7	
822.599	75.18	
822.776	32.37	
822.953	16.81	
823.131	-0.39	
823.308	-24.35	
823.486	-17.8	
823.663	-12.27	
823.84	-0.8	
824.017	-4.49	
824.195	3.91	
824.372	2.88	
824.549	10.26	
824.726	4.93	
824.904	13.74	
825.081	13.33	
825.258	-4.9	
825.435	-10.43	
825.612	6.57	
825.789	-0.19	
825.967	6.98	
826.144	25.62	
826.321	40.77	
826.498	32.78	
826.675	44.87	
826.852	17.42	
827.029	15.17	
827.206	10.46	
827.383	-2.24	
827.56	14.15	
827.737	36.68	
827.914	39.75	
828.09	30.53	
828.267	32.58	
828.444	27.46	
828.621	14.97	
828.798	36.06	
828.975	20.7	
829.151	17.63	
829.328	24.8	
829.505	56.54	
829.682	14.97	
829.858	21.93	
830.035	57.97	
830.212	37.29	
830.389	9.85	
830.565	-2.85	
830.742	19.68	
830.918	1.45	
831.095	3.7	
831.272	25.62	
831.448	38.52	
831.625	47.53	
831.801	44.66	
831.978	54.08	
832.154	23.77	
832.331	42.41	
832.507	14.35	
832.684	40.57	
832.86	40.98	
833.037	103.64	
833.213	79.07	
833.389	96.27	
833.566	45.69	
833.742	29.51	
833.918	-28.45	
834.095	-44.63	
834.271	-66.34	
834.447	-20.67	
834.624	-10.43	
834.8	-9.4	
834.976	15.17	
835.152	18.65	
835.328	12.71	
835.505	28.48	
835.681	37.7	
835.857	16.81	
836.033	42.41	
836.209	79.48	
836.385	69.85	
836.561	81.94	
836.737	102.21	
836.913	68.01	
837.089	37.29	
837.265	32.17	
837.441	33.4	
837.617	30.12	
837.793	43.43	
837.969	41.39	
838.145	33.6	
838.321	25.62	
838.497	25.82	
838.673	46.71	
838.849	0.84	
839.025	35.04	
839.2	30.94	
839.376	47.53	
839.552	15.17	
839.728	47.12	
839.903	10.46	
840.079	32.37	
840.255	14.56	
840.431	66.37	
840.606	38.72	
840.782	78.04	
840.958	41.18	
841.133	37.09	
841.309	7.8	
841.484	31.97	
841.66	-4.49	
841.835	-6.54	
842.011	-3.26	
842.186	27.46	
842.362	24.18	
842.537	38.93	
842.713	36.68	
842.888	39.95	
843.064	4.93	
843.239	12.51	
843.415	1.25	
843.59	29.1	
843.765	23.98	
843.941	35.86	
844.116	47.12	
844.291	32.17	
844.467	15.99	
844.642	35.24	
844.817	43.02	
844.992	33.6	
845.168	45.69	
845.343	69.44	
845.518	44.05	
845.693	36.06	
845.868	37.29	
846.043	28.69	
846.219	12.1	
846.394	37.29	
846.569	29.71	
846.744	17.63	
846.919	22.54	
847.094	73.33	
847.269	69.03	
847.444	69.85	
847.619	65.76	
847.794	103.85	
847.969	82.14	
848.144	84.6	
848.319	70.06	
848.494	81.32	
848.668	56.13	
848.843	53.67	
849.018	48.14	
849.193	46.51	
849.368	53.26	
849.542	79.07	
849.717	43.02	
849.892	44.66	
850.067	64.12	
850.241	78.86	
850.416	56.95	
850.591	79.27	
850.765	65.14	
850.94	75.59	
851.115	30.74	
851.289	30.74	
851.464	9.85	
851.639	20.5	
851.813	-5.92	
851.988	33.19	
852.162	6.98	
852.337	17.83	
852.511	24.8	
852.686	42.82	
852.86	28.69	
853.035	53.06	
853.209	41.39	
853.383	47.53	
853.558	24.59	
853.732	29.51	
853.906	10.46	
854.081	17.02	
854.255	-2.24	
854.429	18.45	
854.604	12.3	
854.778	29.92	
854.952	39.34	
855.126	61.87	
855.301	61.66	
855.475	63.09	
855.649	46.92	
855.823	33.81	
855.997	10.05	
856.171	5.55	
856.345	-26.2	
856.52	-9.4	
856.694	20.09	
856.868	45.28	
857.042	50.19	
857.216	105.49	
857.39	102.42	
857.564	71.29	
857.738	43.02	
857.912	35.65	
858.085	15.99	
858.259	12.71	
858.433	34.22	
858.607	39.95	
858.781	52.04	
858.955	41.59	
859.129	38.11	
859.302	40.57	
859.476	32.17	
859.65	51.83	
859.824	30.33	
859.997	42.21	
860.171	47.73	
860.345	66.17	
860.519	40.16	
860.692	66.99	
860.866	81.32	
861.039	74.36	
861.213	76.61	
861.387	67.4	
861.56	46.3	
861.734	40.98	
861.907	22.54	
862.081	12.51	
862.254	28.69	
862.428	55.11	
862.601	32.58	
862.775	43.64	
862.948	81.73	
863.122	78.25	
863.295	52.04	
863.468	62.07	
863.642	34.63	
863.815	10.05	
863.988	11.08	
864.162	19.68	
864.335	-7.36	
864.508	29.3	
864.682	34.22	
864.855	32.78	
865.028	24.59	
865.201	70.88	
865.374	48.76	
865.548	53.26	
865.721	47.33	
865.894	88.08	
866.067	70.06	
866.24	99.14	
866.413	92.99	
866.586	98.11	
866.759	44.66	
866.932	37.7	
867.105	3.91	
867.278	-36.44	
867.451	-44.42	
867.624	-17.19	
867.797	-8.58	
867.97	5.34	
868.143	11.69	
868.316	30.74	
868.489	11.49	
868.661	13.94	
868.834	12.3	
869.007	44.05	
869.18	29.3	
869.353	39.54	
869.525	48.14	
869.698	46.92	
869.871	39.95	
870.044	49.99	
870.216	44.25	
870.389	21.11	
870.562	29.71	
870.734	39.13	
870.907	27.26	
871.079	39.75	
871.252	36.06	
871.425	62.07	
871.597	38.31	
871.77	79.27	
871.942	72.92	
872.115	82.35	
872.287	61.66	
872.459	55.93	
872.632	20.09	
872.804	36.88	
872.977	17.02	
873.149	14.76	
873.321	15.38	
873.494	26.03	
873.666	32.58	
873.838	45.48	
874.011	31.97	
874.183	63.91	
874.355	60.84	
874.528	54.29	
874.7	50.6	
874.872	91.56	
875.044	93.4	
875.216	93.2	
875.388	111.22	
875.561	128.83	
875.733	77.64	
875.905	69.65	
876.077	36.88	
876.249	44.05	
876.421	24.59	
876.593	27.26	
876.765	27.87	
876.937	53.67	
877.109	28.48	
877.281	40.77	
877.453	44.05	
877.625	19.68	
877.797	1.66	
877.968	-14.11	
878.14	-34.18	
878.312	-18.82	
878.484	-28.24	
878.656	-11.04	
878.828	-8.79	
878.999	34.63	
879.171	14.15	
879.343	25.21	
879.515	18.04	
879.686	9.64	
879.858	-22.1	
880.03	-4.49	
880.201	7.18	
880.373	-4.69	
880.545	5.34	
880.716	34.22	
880.888	69.03	
881.059	82.55	
881.231	98.52	
881.402	124.33	
881.574	114.09	
881.745	68.62	
881.917	79.89	
882.088	80.71	
882.26	50.6	
882.431	56.54	
882.602	34.01	
882.774	10.46	
882.945	-14.73	
883.116	-23.94	
883.288	-40.74	
883.459	-27.02	
883.63	-8.17	
883.802	20.5	
883.973	42	
884.144	67.4	
884.315	89.92	
884.487	83.37	
884.658	95.25	
884.829	101.39	
885	65.76	
885.171	67.8	
885.342	31.35	
885.513	20.09	
885.684	16.2	
885.855	38.93	
886.026	26.85	
886.197	54.9	
886.368	34.42	
886.539	46.51	
886.71	20.09	
886.881	39.95	
887.052	39.34	
887.223	48.14	
887.394	12.71	
887.565	43.84	
887.736	4.11	
887.907	25.62	
888.077	17.83	
888.248	15.38	
888.419	-8.17	
888.59	3.5	
888.761	2.47	
888.931	15.38	
889.102	44.87	
889.273	40.16	
889.443	27.66	
889.614	5.14	
889.785	0.43	
889.955	-8.58	
890.126	-8.17	
890.296	53.26	
890.467	56.13	
890.637	103.03	
890.808	120.85	
890.978	138.46	
891.149	98.32	
891.319	129.86	
891.49	104.46	
891.66	104.26	
891.831	96.68	
892.001	108.15	
892.172	55.72	
892.342	47.33	
892.512	25	
892.683	33.6	
892.853	19.27	
893.023	49.58	
893.193	23.77	
893.364	37.29	
893.534	42.82	
893.704	64.53	
893.874	62.89	
894.044	79.48	
894.215	61.05	
894.385	68.21	
894.555	51.22	
894.725	71.49	
894.895	50.4	
895.065	72.92	
895.235	60.43	
895.405	89.92	
895.575	52.45	
895.745	84.91	
895.915	83.71	
