177.618	-303.53	
177.836	-311.21	
178.054	-307.21	
178.271	-246.59	
178.489	-158.73	
178.706	-102.01	
178.924	-44.05	
179.142	22.72	
179.359	22.51	
179.577	-30.53	
179.794	-32.17	
180.012	-29.1	
180.229	-47.73	
180.447	-30.33	
180.664	3.46	
180.882	3.67	
181.1	16.98	
181.317	5.31	
181.535	-20.29	
181.752	-41.39	
181.969	-24.18	
182.187	-15.38	
182.404	-0.02	
182.622	8.79	
182.839	21.69	
183.057	33.36	
183.274	22.72	
183.492	36.23	
183.709	57.33	
183.926	46.47	
184.144	35	
184.361	32.75	
184.579	29.68	
184.796	6.95	
185.013	28.04	
185.231	-0.84	
185.448	26.81	
185.666	26.4	
185.883	23.94	
186.1	28.24	
186.317	44.01	
186.535	5.72	
186.752	4.69	
186.969	24.15	
187.187	46.47	
187.404	20.46	
187.621	67.98	
187.839	67.77	
188.056	61.01	
188.273	25.38	
188.49	86.61	
188.708	60.19	
188.925	95.21	
189.142	81.29	
189.359	80.88	
189.576	31.11	
189.794	23.12	
190.011	0.8	
190.228	22.31	
190.445	34.59	
190.662	74.73	
190.879	85.59	
191.097	67.36	
191.314	62.65	
191.531	57.94	
191.748	10.84	
191.965	16.37	
192.182	16.16	
192.399	-2.68	
192.616	14.32	
192.834	50.77	
193.051	30.5	
193.268	42.79	
193.485	65.52	
193.702	47.5	
193.919	25.99	
194.136	25.17	
194.353	8.38	
194.57	5.31	
194.787	-3.7	
195.004	42.38	
195.221	41.56	
195.438	74.12	
195.655	60.6	
195.872	93.78	
196.089	32.96	
196.306	48.31	
196.523	34.59	
196.74	53.03	
196.957	-3.5	
197.173	27.63	
197.39	19.23	
197.607	25.58	
197.824	15.14	
198.041	56.51	
198.258	46.68	
198.475	64.29	
198.692	39.1	
198.909	17.39	
199.125	-3.09	
199.342	29.88	
199.559	21.08	
199.776	34.39	
199.993	76.17	
200.21	76.17	
200.426	31.52	
200.643	33.98	
200.86	52.82	
201.077	54.46	
201.293	52.82	
201.51	61.22	
201.727	22.1	
201.944	-16.4	
202.16	-32.17	
202.377	-40.98	
202.594	-54.9	
202.811	-37.29	
203.027	-37.09	
203.244	-45.28	
203.461	-27.87	
203.677	9.2	
203.894	30.5	
204.111	54.05	
204.327	60.81	
204.544	42.38	
204.761	49.34	
204.977	34.8	
205.194	12.27	
205.41	41.56	
205.627	64.29	
205.844	59.17	
206.06	44.22	
206.277	64.7	
206.493	31.32	
206.71	24.15	
206.926	1.42	
207.143	31.32	
207.36	4.9	
207.576	32.75	
207.793	44.42	
208.009	62.45	
208.226	56.3	
208.442	51.18	
208.659	33.36	
208.875	13.09	
209.092	-17.63	
209.308	-17.42	
209.524	-7.18	
209.741	22.31	
209.957	64.49	
210.174	80.26	
210.39	62.65	
210.607	64.49	
210.823	5.31	
211.039	-34.83	
211.256	0.8	
211.472	-8.41	
211.688	20.05	
211.905	50.57	
212.121	47.09	
212.338	25.38	
212.554	38.48	
212.77	19.64	
212.987	14.52	
213.203	55.28	
213.419	70.64	
213.635	72.48	
213.852	71.87	
214.068	62.86	
214.284	34.8	
214.501	36.64	
214.717	33.77	
214.933	29.68	
215.149	18.82	
215.365	-5.14	
215.582	-47.73	
215.798	-38.31	
216.014	-31.76	
216.23	-6.37	
216.447	14.93	
216.663	9.2	
216.879	-12.92	
217.095	8.58	
217.311	3.05	
217.527	19.44	
217.743	36.44	
217.96	34.8	
218.176	20.26	
218.392	10.84	
218.608	9.2	
218.824	13.91	
219.04	18.01	
219.256	26.61	
219.472	32.96	
219.688	13.09	
219.904	33.16	
220.12	80.88	
220.336	66.34	
220.552	68.79	
220.768	75.96	
220.984	78.22	
221.2	13.7	
221.416	27.63	
221.632	3.26	
221.848	-14.35	
222.064	-52.24	
222.28	-21.93	
222.496	-47.94	
222.712	-5.75	
222.928	-4.52	
223.144	28.45	
223.36	26.2	
223.576	42.58	
223.792	26.4	
224.008	68.18	
224.224	55.28	
224.439	68.18	
224.655	57.33	
224.871	64.08	
225.087	31.93	
225.303	20.05	
225.519	-0.22	
225.734	32.96	
225.95	32.96	
226.166	48.72	
226.382	55.28	
226.598	73.71	
226.813	56.92	
227.029	34.59	
227.245	33.77	
227.461	46.47	
227.677	34.18	
227.892	35.41	
228.108	26.4	
228.324	49.13	
228.539	0.8	
228.755	28.04	
228.971	25.38	
229.186	64.08	
229.402	29.47	
229.618	65.52	
229.833	34.39	
230.049	35.21	
230.265	-6.78	
230.48	34.39	
230.696	49.75	
230.912	65.52	
231.127	66.95	
231.343	90.91	
231.558	42.17	
231.774	44.63	
231.99	64.9	
232.205	52.41	
232.421	33.36	
232.636	40.94	
232.852	4.49	
233.067	-20.29	
233.283	1.42	
233.498	30.5	
233.714	42.79	
233.929	68.39	
234.145	70.84	
234.36	62.65	
234.576	55.69	
234.791	67.57	
235.007	66.54	
235.222	72.89	
235.438	57.12	
235.653	83.34	
235.868	79.65	
236.084	104.22	
236.299	129.62	
236.515	157.27	
236.73	118.56	
236.945	113.03	
237.161	70.23	
237.376	36.23	
237.592	26.4	
237.807	28.24	
238.022	14.32	
238.238	32.96	
238.453	5.72	
238.668	4.28	
238.883	-21.32	
239.099	-9.44	
239.314	-22.75	
239.529	2.85	
239.745	16.78	
239.96	51.18	
240.175	46.47	
240.39	102.59	
240.605	87.84	
240.821	54.25	
241.036	55.28	
241.251	90.09	
241.466	29.27	
241.681	34.18	
241.897	52.82	
242.112	79.03	
242.327	37.67	
242.542	41.56	
242.757	67.77	
242.972	67.57	
243.188	36.03	
243.403	43.81	
243.618	60.81	
243.833	37.46	
244.048	44.83	
244.263	46.06	
244.478	46.47	
244.693	33.77	
244.908	50.57	
245.123	40.74	
245.338	60.4	
245.553	71.05	
245.768	66.34	
245.983	64.08	
246.198	47.29	
246.413	29.06	
246.628	18.21	
246.843	14.52	
247.058	16.57	
247.273	27.43	
247.488	29.68	
247.703	39.1	
247.918	43.6	
248.133	55.69	
248.348	43.2	
248.563	60.4	
248.778	52	
248.993	80.88	
249.207	82.11	
249.422	101.97	
249.637	52	
249.852	38.08	
250.067	11.04	
250.282	-20.91	
250.496	-40.16	
250.711	12.07	
250.926	7.56	
251.141	25.79	
251.356	29.88	
251.57	62.65	
251.785	25.38	
252	16.37	
252.215	9.4	
252.43	39.71	
252.644	30.91	
252.859	44.22	
253.074	72.28	
253.288	61.63	
253.503	24.76	
253.718	36.64	
253.932	81.7	
254.147	86.41	
254.362	86.41	
254.576	94.19	
254.791	80.67	
255.006	56.92	
255.22	61.63	
255.435	68.39	
255.65	91.94	
255.864	91.73	
256.079	67.16	
256.293	66.54	
256.508	63.27	
256.723	90.5	
256.937	67.16	
257.152	65.93	
257.366	50.77	
257.581	45.04	
257.795	6.74	
258.01	62.04	
258.224	81.9	
258.439	96.85	
258.653	79.03	
258.868	85.18	
259.082	34.59	
259.297	18.62	
259.511	-2.88	
259.726	-3.91	
259.94	-25	
260.154	-37.7	
260.369	-33.81	
260.583	-21.32	
260.798	-20.7	
261.012	10.02	
261.226	38.48	
261.441	44.22	
261.655	47.91	
261.869	77.81	
262.084	63.47	
262.298	43.6	
262.512	0.19	
262.727	-4.52	
262.941	8.38	
263.155	2.85	
263.37	1.01	
263.584	42.58	
263.798	31.11	
264.012	33.98	
264.227	25.99	
264.441	64.7	
264.655	36.44	
264.869	73.3	
265.084	26.4	
265.298	37.26	
265.512	14.11	
265.726	55.07	
265.94	26.4	
266.155	59.37	
266.369	64.08	
266.583	97.47	
266.797	93.78	
267.011	132.08	
267.225	157.47	
267.439	148.26	
267.654	113.03	
267.868	88.05	
268.082	30.5	
268.296	-24.18	
268.51	-46.3	
268.724	-34.01	
268.938	-54.7	
269.152	-25.41	
269.366	-5.34	
269.58	16.98	
269.794	3.67	
270.008	63.67	
270.222	53.64	
270.436	50.98	
270.65	46.88	
270.864	60.81	
271.078	36.23	
271.292	37.87	
271.506	46.47	
271.72	65.11	
271.934	69	
272.148	53.03	
272.362	55.28	
272.575	81.49	
272.789	79.24	
273.003	64.29	
273.217	85.59	
273.431	82.11	
273.645	58.76	
273.859	69	
274.073	101.77	
274.286	88.46	
274.5	87.64	
274.714	81.29	
274.928	74.32	
275.142	46.47	
275.355	54.05	
275.569	63.27	
275.783	80.88	
275.997	64.9	
276.21	70.02	
276.424	91.73	
276.638	71.25	
276.852	66.95	
277.065	56.51	
277.279	55.89	
277.493	32.96	
277.706	69	
277.92	73.91	
278.134	70.02	
278.347	51.59	
278.561	22.92	
278.775	27.63	
278.988	22.1	
279.202	46.47	
279.415	81.9	
279.629	82.72	
279.843	69.41	
280.056	97.47	
280.27	103	
280.483	71.46	
280.697	86.61	
280.91	95.62	
281.124	102.79	
281.337	89.89	
281.551	123.48	
281.764	108.53	
281.978	87.64	
282.191	36.03	
282.405	47.5	
282.618	-6.16	
282.832	19.85	
283.045	12.89	
283.259	39.92	
283.472	28.04	
283.686	47.09	
283.899	31.73	
284.112	39.3	
284.326	26.61	
284.539	31.52	
284.752	46.27	
284.966	67.36	
285.179	78.01	
285.393	91.32	
285.606	73.91	
285.819	97.47	
286.033	64.49	
286.246	78.22	
286.459	48.52	
286.672	59.37	
286.886	11.04	
287.099	52.21	
287.312	4.28	
287.525	5.1	
287.739	8.58	
287.952	47.7	
288.165	49.13	
288.378	69.2	
288.592	76.17	
288.805	67.77	
289.018	60.4	
289.231	37.87	
289.444	40.12	
289.657	25.17	
289.871	24.76	
290.084	2.24	
290.297	42.38	
290.51	39.3	
290.723	37.87	
290.936	67.16	
291.149	76.78	
291.362	71.05	
291.575	67.16	
291.789	79.03	
292.002	53.84	
292.215	62.86	
292.428	27.43	
292.641	39.1	
292.854	38.08	
293.067	26.61	
293.28	12.68	
293.493	6.13	
293.706	-10.67	
293.919	23.33	
294.132	27.22	
294.345	35.21	
294.558	35	
294.77	43.6	
294.983	15.55	
295.196	32.96	
295.409	50.16	
295.622	84.56	
295.835	94.39	
296.048	119.17	
296.261	107.09	
296.474	101.36	
296.686	72.69	
296.899	78.83	
297.112	67.57	
297.325	57.12	
297.538	62.65	
297.751	96.85	
297.963	94.6	
298.176	90.71	
298.389	81.08	
298.602	90.3	
298.814	169.76	
299.027	167.92	
299.24	163	
299.453	211.13	
299.665	181.64	
299.878	58.76	
300.091	47.09	
300.303	42.58	
300.516	10.02	
300.729	12.89	
300.941	28.04	
301.154	21.28	
301.367	9.61	
301.579	23.12	
301.792	34.39	
302.005	35.62	
302.217	24.76	
302.43	48.11	
302.642	38.48	
302.855	16.78	
303.067	11.25	
303.28	37.26	
303.493	14.11	
303.705	58.76	
303.918	68.59	
304.13	111.19	
304.343	90.5	
304.555	108.73	
304.768	66.75	
304.98	85.79	
305.193	40.53	
305.405	62.24	
305.617	39.51	
305.83	55.69	
306.042	37.87	
306.255	43.6	
306.467	12.89	
306.68	7.15	
306.892	-6.37	
307.104	14.93	
307.317	-1.25	
307.529	37.46	
307.741	61.01	
307.954	88.86	
308.166	67.57	
308.378	101.15	
308.591	103.2	
308.803	121.02	
309.015	119.38	
309.228	145.59	
309.44	112.42	
309.652	98.08	
309.864	66.54	
310.077	36.03	
310.289	0.8	
310.501	17.8	
310.713	9.2	
310.926	32.14	
311.138	28.04	
311.35	46.47	
311.562	23.12	
311.774	54.87	
311.986	37.87	
312.199	68.59	
312.411	27.02	
312.623	46.06	
312.835	0.39	
313.047	-15.79	
313.259	-43.64	
313.471	-15.58	
313.683	-9.44	
313.895	14.93	
314.108	26.2	
314.32	26.2	
314.532	17.6	
314.744	19.44	
314.956	34.8	
315.168	50.77	
315.38	30.09	
315.592	62.45	
315.804	57.74	
316.016	100.33	
316.228	101.56	
316.44	132.9	
316.651	127.16	
316.863	133.92	
317.075	65.93	
317.287	44.63	
317.499	46.27	
317.711	21.49	
317.923	28.24	
318.135	28.65	
318.347	37.46	
318.559	51.18	
318.77	77.6	
318.982	69	
319.194	57.12	
319.406	49.13	
319.618	28.24	
319.83	5.51	
320.041	-2.07	
320.253	20.26	
320.465	22.1	
320.677	17.39	
320.888	9.61	
321.1	11.66	
321.312	46.47	
321.524	49.95	
321.735	46.88	
321.947	50.98	
322.159	36.85	
322.37	-14.15	
322.582	-21.93	
322.794	13.7	
323.005	23.53	
323.217	41.56	
323.429	35.41	
323.64	71.25	
323.852	38.48	
324.063	33.16	
324.275	34.59	
324.487	48.11	
324.698	14.32	
324.91	30.29	
325.121	15.14	
325.333	-0.22	
325.544	21.28	
325.756	55.89	
325.967	36.44	
326.179	72.28	
326.39	85.18	
326.602	77.81	
326.813	25.17	
327.025	42.17	
327.236	9.81	
327.448	-1.25	
327.659	-32.78	
327.871	10.22	
328.082	5.51	
328.293	28.65	
328.505	40.74	
328.716	60.4	
328.928	31.73	
329.139	48.93	
329.35	30.91	
329.562	39.71	
329.773	57.74	
329.984	56.3	
330.196	32.14	
330.407	55.48	
330.618	40.53	
330.83	18.01	
331.041	27.84	
331.252	27.84	
331.463	19.85	
331.675	44.01	
331.886	70.02	
332.097	72.48	
332.308	71.87	
332.52	67.77	
332.731	53.23	
332.942	50.98	
333.153	70.02	
333.364	80.67	
333.575	68.18	
333.787	70.02	
333.998	28.45	
334.209	40.33	
334.42	3.26	
334.631	15.96	
334.842	24.97	
335.053	66.54	
335.264	38.28	
335.475	65.11	
335.686	55.69	
335.898	50.57	
336.109	-0.02	
336.32	8.17	
336.531	6.33	
336.742	29.06	
336.953	4.28	
337.164	30.09	
337.375	13.5	
337.586	20.87	
337.797	-15.58	
338.007	7.56	
338.218	-3.29	
338.429	19.03	
338.64	15.34	
338.851	32.55	
339.062	18.01	
339.273	45.24	
339.484	21.69	
339.695	-5.55	
339.906	2.44	
340.116	31.93	
340.327	26.4	
340.538	34.39	
340.749	44.01	
340.96	36.64	
341.171	6.13	
341.381	1.42	
341.592	-7.59	
341.803	-3.7	
342.014	5.31	
342.224	25.58	
342.435	16.37	
342.646	14.52	
342.857	21.9	
343.067	5.72	
343.278	13.09	
343.489	21.28	
343.699	25.17	
343.91	32.96	
344.121	41.97	
344.331	5.1	
344.542	3.46	
344.753	32.34	
344.963	21.9	
345.174	39.92	
345.384	77.19	
345.595	88.66	
345.806	64.29	
346.016	76.58	
346.227	71.87	
346.437	53.64	
346.648	42.58	
346.858	59.58	
347.069	49.95	
347.279	55.07	
347.49	43.81	
347.7	60.4	
347.911	31.73	
348.121	36.44	
348.332	28.45	
348.542	27.84	
348.753	11.86	
348.963	49.13	
349.173	62.24	
349.384	92.76	
349.594	133.1	
349.805	170.58	
350.015	145.8	
350.225	159.72	
350.436	160.54	
350.646	169.15	
350.856	142.73	
351.067	161.57	
351.277	118.56	
351.487	95.21	
351.698	69.2	
351.908	94.19	
352.118	105.25	
352.328	141.09	
352.539	184.1	
352.749	202.12	
352.959	210.92	
353.169	220.14	
353.38	245.74	
353.59	269.5	
353.8	303.29	
354.01	331.34	
354.22	352.85	
354.431	432.1	
354.641	425.35	
354.851	457.09	
355.061	480.44	
355.271	549.45	
355.481	525.49	
355.691	563.38	
355.901	583.86	
356.111	645.71	
356.321	667.01	
356.532	715.54	
356.742	755.89	
356.952	807.5	
357.162	832.28	
357.372	884.91	
357.582	949.63	
357.792	989.97	
358.002	1065.54	
358.212	1168.55	
358.422	1258.46	
358.632	1340.17	
358.842	1446.46	
359.051	1542.31	
359.261	1592.69	
359.471	1663.75	
359.681	1743.62	
359.891	1833.32	
360.101	1891.69	
360.311	2011.29	
360.521	2117.79	
360.731	2260.74	
360.94	2414.74	
361.15	2598.04	
361.36	2736.68	
361.57	2908.92	
361.78	3076.65	
361.989	3214.47	
362.199	3368.69	
362.409	3555.67	
362.619	3709.67	
362.828	3965.26	
363.038	4204.46	
363.248	4493.84	
363.458	4771.14	
363.667	5077.51	
363.877	5307.91	
364.087	5609.57	
364.296	5837.31	
364.506	6093.92	
364.716	6326.57	
364.925	6528.5	
365.135	6738.21	
365.345	7002.19	
365.554	7321.27	
365.764	7676.38	
365.973	8050.34	
366.183	8469.77	
366.393	8830.82	
366.602	9130.85	
366.812	9404.87	
367.021	9653.49	
367.231	9842.11	
367.44	10011.07	
367.65	10140.91	
367.859	10242.49	
368.069	10313.14	
368.278	10357.38	
368.488	10370.28	
368.697	10322.97	
368.907	10283.86	
369.116	10318.26	
369.326	10284.06	
369.535	10226.92	
369.744	10206.04	
369.954	10164.46	
370.163	10023.36	
370.373	9880.41	
370.582	9755.69	
370.791	9613.56	
371.001	9370.05	
371.21	9160.96	
371.419	8988.72	
371.629	8806.04	
371.838	8606.57	
372.047	8542.27	
372.256	8417.13	
372.466	8260.67	
372.675	8050.55	
372.884	7906.17	
373.093	7699.53	
373.303	7551.87	
373.512	7396.02	
373.721	7311.23	
373.93	7133.47	
374.139	7060.97	
374.349	6923.96	
374.558	6826.68	
374.767	6643.39	
374.976	6536.69	
375.185	6322.06	
375.394	6107.03	
375.603	5915.13	
375.813	5793.69	
376.022	5642.75	
376.231	5483.42	
376.44	5345.18	
376.649	5171.1	
376.858	5010.95	
377.067	4825.61	
377.276	4685.12	
377.485	4538.28	
377.694	4396.15	
377.903	4242.35	
378.112	4097.76	
378.321	3957.89	
378.53	3829.89	
378.739	3702.3	
378.948	3584.95	
379.157	3520.65	
379.366	3428.9	
379.575	3348.41	
379.784	3247.04	
379.992	3169.62	
380.201	3101.84	
380.41	2993.5	
380.619	2865.09	
380.828	2756.75	
381.037	2610.94	
381.246	2440.75	
381.454	2313.57	
381.663	2258.28	
381.872	2200.12	
382.081	2193.97	
382.29	2140.11	
382.498	2113.49	
382.707	2048.57	
382.916	1982.21	
383.125	1865.48	
383.333	1792.57	
383.542	1716.39	
383.751	1652.69	
383.959	1589.41	
384.168	1526.74	
384.377	1488.86	
384.585	1434.59	
384.794	1336.08	
385.003	1298.8	
385.211	1269.93	
385.42	1198.66	
385.628	1172.04	
385.837	1153.81	
386.046	1127.39	
386.254	1120.02	
386.463	1096.06	
386.671	1075.78	
386.88	1048.95	
387.088	1013.93	
387.297	977.27	
387.505	985.26	
387.714	927.3	
387.922	908.05	
388.131	876.72	
388.339	869.96	
388.548	808.73	
388.756	797.67	
388.965	774.12	
389.173	735.61	
389.381	695.47	
389.59	682.98	
389.798	677.45	
390.007	671.1	
390.215	645.5	
390.423	632.6	
390.632	612.94	
390.84	603.11	
391.048	571.78	
391.257	553.34	
391.465	501.94	
391.673	484.33	
391.882	448.9	
392.09	423.5	
392.298	419.82	
392.506	405.89	
392.715	392.17	
392.923	403.23	
393.131	421.45	
393.339	404.46	
393.547	377.22	
393.756	373.12	
393.964	325.81	
394.172	277.48	
394.38	246.35	
394.588	278.3	
394.796	257.21	
395.005	249.02	
395.213	252.5	
395.421	260.48	
395.629	222.8	
395.837	213.79	
396.045	205.6	
396.253	202.73	
396.461	191.47	
396.669	210.1	
396.877	230.58	
397.085	245.94	
397.293	227.72	
397.501	226.08	
397.709	215.02	
397.917	215.63	
398.125	209.08	
398.333	242.26	
398.541	242.26	
398.749	224.03	
398.957	183.69	
399.165	146	
399.373	122.86	
399.581	108.32	
399.788	123.89	
399.996	127.98	
400.204	148.26	
400.412	124.29	
400.62	111.19	
400.828	96.24	
401.035	88.66	
401.243	100.95	
401.451	118.77	
401.659	127.98	
401.867	132.9	
402.074	140.88	
402.282	112.01	
402.49	84.36	
402.697	123.89	
402.905	112.83	
403.113	117.74	
403.321	102.38	
403.528	112.21	
403.736	75.35	
403.944	66.75	
404.151	48.31	
404.359	49.54	
404.566	36.03	
404.774	33.36	
404.982	35.82	
405.189	28.65	
405.397	25.17	
405.604	25.38	
405.812	33.77	
406.02	21.08	
406.227	40.94	
406.435	47.7	
406.642	76.99	
406.85	68.79	
407.057	93.78	
407.265	89.89	
407.472	107.09	
407.679	75.35	
407.887	66.75	
408.094	44.22	
408.302	23.33	
408.509	24.76	
408.717	41.15	
408.924	47.5	
409.131	60.19	
409.339	68.79	
409.546	65.11	
409.753	55.48	
409.961	75.96	
410.168	80.26	
410.375	98.7	
410.583	80.26	
410.79	82.72	
410.997	60.81	
411.205	48.93	
411.412	38.08	
411.619	61.83	
411.826	63.06	
412.034	73.3	
412.241	82.11	
412.448	81.9	
412.655	42.38	
412.862	36.85	
413.07	24.76	
413.277	9.61	
413.484	-14.15	
413.691	11.45	
413.898	4.28	
414.105	-4.11	
414.312	-16.2	
414.519	-11.69	
414.727	-23.57	
414.934	-1.04	
415.141	3.05	
415.348	20.05	
415.555	16.78	
415.762	3.46	
415.969	-35.45	
416.176	-27.05	
416.383	-26.64	
416.59	-29.1	
416.797	-15.17	
417.004	12.07	
417.211	-2.07	
417.418	-8	
417.625	5.31	
417.831	2.03	
418.038	3.67	
418.245	20.87	
418.452	21.69	
418.659	12.89	
418.866	12.27	
419.073	16.98	
419.28	-7.8	
419.486	24.97	
419.693	18.21	
419.9	22.72	
420.107	18.62	
420.314	44.83	
420.52	31.73	
420.727	72.48	
420.934	64.29	
421.141	52.82	
421.347	45.24	
421.554	31.93	
421.761	-18.65	
421.967	5.51	
422.174	23.12	
422.381	16.57	
422.588	8.58	
422.794	14.73	
423.001	42.79	
423.207	38.69	
423.414	46.68	
423.621	41.35	
423.827	72.89	
424.034	50.16	
424.24	43.2	
424.447	30.5	
424.654	20.87	
424.86	6.95	
425.067	-31.76	
425.273	-27.46	
425.48	3.46	
425.686	34.39	
425.893	37.67	
426.099	46.88	
426.306	41.35	
426.512	25.58	
426.718	27.43	
426.925	10.43	
427.131	1.01	
427.338	-10.05	
427.544	-24.18	
427.75	-59.82	
427.957	-65.35	
428.163	-44.05	
428.37	-38.52	
428.576	-29.71	
428.782	-26.23	
428.988	24.76	
429.195	25.17	
429.401	15.96	
429.607	2.44	
429.814	36.23	
430.02	5.72	
430.226	-14.15	
430.432	0.39	
430.639	30.29	
430.845	32.55	
431.051	28.86	
431.257	52	
431.463	54.66	
431.67	18.21	
431.876	-13.12	
432.082	-27.66	
432.288	-11.49	
432.494	-24.18	
432.7	15.75	
432.906	21.28	
433.112	32.14	
433.318	33.98	
433.525	39.92	
433.731	2.65	
433.937	35.82	
434.143	40.33	
434.349	27.02	
434.555	37.87	
434.761	48.72	
434.967	8.58	
435.173	7.36	
435.379	7.15	
435.585	23.53	
435.791	34.39	
435.996	78.62	
436.202	101.56	
436.408	83.34	
436.614	69.61	
436.82	79.85	
437.026	44.01	
437.232	33.36	
437.438	28.86	
437.644	-2.68	
437.849	-21.32	
438.055	-14.15	
438.261	-22.95	
438.467	-41.39	
438.673	-15.58	
438.878	-29.3	
439.084	-31.35	
439.29	-4.52	
439.496	24.15	
439.701	33.16	
439.907	41.56	
440.113	27.22	
440.318	7.97	
440.524	1.21	
440.73	-21.93	
440.935	-23.16	
441.141	-35.24	
441.347	-6.57	
441.552	-8	
441.758	7.56	
441.964	5.31	
442.169	41.97	
442.375	0.19	
442.58	11.45	
442.786	22.1	
442.991	23.94	
443.197	-2.88	
443.402	17.6	
443.608	20.26	
443.813	40.74	
444.019	41.35	
444.224	59.37	
444.43	31.73	
444.635	37.46	
444.841	-1.86	
445.046	44.63	
445.252	33.57	
445.457	30.09	
445.662	-0.84	
445.868	-10.87	
446.073	-59.61	
446.278	-62.48	
446.484	-51.22	
446.689	-41.8	
446.894	-36.06	
447.1	-27.66	
447.305	1.42	
447.51	8.79	
447.716	7.15	
447.921	9.2	
448.126	21.08	
448.331	-13.94	
448.537	-20.29	
448.742	1.21	
448.947	-21.93	
449.152	-51.42	
449.357	-26.23	
449.563	-4.93	
449.768	-28.07	
449.973	-13.53	
450.178	6.74	
450.383	-22.95	
450.588	-46.3	
450.793	-24.8	
450.999	13.7	
451.204	4.08	
451.409	11.86	
451.614	-0.43	
451.819	-2.47	
452.024	-22.95	
452.229	-10.46	
452.434	18.01	
452.639	22.51	
452.844	28.04	
453.049	-8	
453.254	-33.4	
453.459	-36.27	
453.664	-20.29	
453.869	-28.28	
454.074	7.97	
454.279	24.76	
454.483	2.03	
454.688	-9.64	
454.893	25.79	
455.098	7.15	
455.303	1.62	
455.508	11.86	
455.713	14.73	
455.917	-36.68	
456.122	-15.38	
456.327	-26.85	
456.532	-12.1	
456.737	-36.06	
456.941	-30.94	
457.146	-47.12	
457.351	-36.88	
457.555	-44.05	
457.76	-4.73	
457.965	7.77	
458.17	24.97	
458.374	49.34	
458.579	64.7	
458.784	42.79	
458.988	19.03	
459.193	11.04	
459.397	6.74	
459.602	-32.17	
459.807	-9.03	
460.011	-6.16	
460.216	-10.26	
460.42	-42.41	
460.625	-44.05	
460.829	-47.53	
461.034	-42.82	
461.239	-63.91	
461.443	-54.08	
461.648	-30.33	
461.852	-55.11	
462.056	-31.15	
462.261	-7.18	
462.465	41.35	
462.67	20.26	
462.874	28.04	
463.079	1.62	
463.283	-9.44	
463.487	-31.76	
463.692	-9.44	
463.896	-16.2	
464.1	-6.16	
464.305	7.77	
464.509	-9.85	
464.713	-6.16	
464.918	30.09	
465.122	44.22	
465.326	23.94	
465.531	10.02	
465.735	-24.59	
465.939	-44.87	
466.143	-56.54	
466.348	-57.97	
466.552	-61.05	
466.756	-31.97	
466.96	-6.57	
467.164	-2.88	
467.368	1.01	
467.573	22.92	
467.777	14.93	
467.981	-15.99	
468.185	-28.69	
468.389	-15.99	
468.593	-47.33	
468.797	-67.8	
469.001	-71.29	
469.205	-65.55	
469.409	-65.35	
469.613	-46.71	
469.817	-32.99	
470.021	-14.76	
470.225	-16.81	
470.429	-13.94	
470.633	-14.97	
470.837	-3.29	
471.041	-16.4	
471.245	-29.71	
471.449	-33.4	
471.653	-7.59	
471.857	-2.68	
472.061	-16.4	
472.265	-3.7	
472.469	1.21	
472.673	-17.42	
472.876	-21.52	
473.08	-8.41	
473.284	17.39	
473.488	3.67	
473.692	23.74	
473.895	28.86	
474.099	44.42	
474.303	35.82	
474.507	62.86	
474.71	56.92	
474.914	25.38	
475.118	17.39	
475.322	9.81	
475.525	-40.98	
475.729	-40.98	
475.933	-16.2	
476.136	26.81	
476.34	40.33	
476.543	84.77	
476.747	75.55	
476.951	84.77	
477.154	15.96	
477.358	33.36	
477.561	11.04	
477.765	0.6	
477.969	-14.76	
478.172	-5.55	
478.376	-29.1	
478.579	-8	
478.783	-15.58	
478.986	-12.71	
479.19	-9.85	
479.393	-11.28	
479.596	-12.71	
479.8	-0.84	
480.003	-2.88	
480.207	12.89	
480.41	4.69	
480.614	8.58	
480.817	10.02	
481.02	29.88	
481.224	56.3	
481.427	61.42	
481.63	82.52	
481.834	95.42	
482.037	61.83	
482.24	21.49	
482.443	7.97	
482.647	-53.47	
482.85	-66.78	
483.053	-32.37	
483.256	-42.82	
483.46	-14.15	
483.663	3.46	
483.866	24.15	
484.069	3.87	
484.272	6.95	
484.476	-15.79	
484.679	15.96	
484.882	19.44	
485.085	3.67	
485.288	12.27	
485.491	35.82	
485.694	-6.57	
485.897	-8.41	
486.101	21.28	
486.304	35	
486.507	5.72	
486.71	19.23	
486.913	-6.37	
487.116	-23.57	
487.319	-36.27	
487.522	-20.91	
487.725	15.75	
487.928	14.52	
488.13	7.97	
488.333	16.16	
488.536	21.49	
488.739	-12.71	
488.942	7.15	
489.145	14.52	
489.348	13.29	
489.551	2.44	
489.754	4.28	
489.956	-9.03	
490.159	-17.22	
490.362	-29.3	
490.565	-50.19	
490.768	-58.18	
490.97	-24.18	
491.173	-3.7	
491.376	2.65	
491.579	8.38	
491.781	37.46	
491.984	4.49	
492.187	-0.02	
492.39	-1.25	
492.592	14.93	
492.795	15.55	
492.998	9.4	
493.2	5.31	
493.403	21.08	
493.605	47.91	
493.808	30.91	
494.011	25.99	
494.213	18.82	
494.416	23.33	
494.618	-19.47	
494.821	-40.36	
495.023	-12.3	
495.226	7.36	
495.428	-16.61	
495.631	-1.66	
495.833	40.33	
496.036	22.1	
496.238	0.8	
496.441	28.24	
496.643	23.53	
496.846	-3.09	
497.048	17.6	
497.25	42.79	
497.453	35	
497.655	83.74	
497.858	101.77	
498.06	92.55	
498.262	59.37	
498.465	47.09	
498.667	5.51	
498.869	22.72	
499.071	10.84	
499.274	28.24	
499.476	30.09	
499.678	23.53	
499.881	-6.16	
500.083	5.31	
500.285	-13.94	
500.487	5.1	
500.689	10.63	
500.892	-9.85	
501.094	-38.93	
501.296	-6.16	
501.498	-27.87	
501.7	-52.04	
501.902	-32.37	
502.104	-12.3	
502.306	-40.16	
502.509	-37.7	
502.711	-18.65	
502.913	-18.86	
503.115	-33.4	
503.317	-22.34	
503.519	-36.68	
503.721	-17.42	
503.923	26.81	
504.125	26.2	
504.327	52	
504.529	69.2	
504.731	59.58	
504.933	35.21	
505.134	42.58	
505.336	27.43	
505.538	49.13	
505.74	38.48	
505.942	21.69	
506.144	19.23	
506.346	10.84	
506.548	20.87	
506.749	32.55	
506.951	43.81	
507.153	58.76	
507.355	49.13	
507.557	15.96	
507.758	21.28	
507.96	3.26	
508.162	14.32	
508.363	30.5	
508.565	36.85	
508.767	-11.9	
508.969	-6.98	
509.17	-8.41	
509.372	-17.83	
509.574	-46.71	
509.775	-14.76	
509.977	-23.98	
510.178	-33.19	
510.38	-34.22	
510.582	-17.83	
510.783	-35.04	
510.985	-37.29	
511.186	-59.2	
511.388	-30.74	
511.589	-12.3	
511.791	-10.67	
511.992	-13.94	
512.194	11.25	
512.395	-31.97	
512.597	-28.07	
512.798	-21.11	
513	-6.16	
513.201	1.01	
513.403	37.46	
513.604	14.32	
513.805	20.46	
514.007	16.16	
514.208	-12.51	
514.409	-35.65	
514.611	-35.65	
514.812	-22.34	
515.013	0.6	
515.215	14.32	
515.416	0.6	
515.617	-12.92	
515.819	-27.46	
516.02	-64.32	
516.221	-49.58	
516.422	-42.61	
516.623	-26.23	
516.825	-30.53	
517.026	-17.02	
517.227	-44.66	
517.428	-52.45	
517.629	-49.37	
517.83	-26.44	
518.032	-11.49	
518.233	4.08	
518.434	19.85	
518.635	16.98	
518.836	-11.69	
519.037	-24.8	
519.238	-27.66	
519.439	-20.29	
519.64	-27.87	
519.841	-2.88	
520.042	-10.87	
520.243	-16.2	
520.444	-31.15	
520.645	-24.18	
520.846	-48.76	
521.047	-36.06	
521.248	-38.93	
521.449	-14.35	
521.65	-10.67	
521.851	33.36	
522.052	16.78	
522.252	31.32	
522.453	23.53	
522.654	-5.14	
522.855	-39.54	
523.056	-38.52	
523.257	-49.99	
523.457	-47.73	
523.658	-12.3	
523.859	-14.76	
524.06	-14.76	
524.26	-18.45	
524.461	-21.93	
524.662	-20.29	
524.862	-29.92	
525.063	-2.47	
525.264	7.77	
525.464	-6.57	
525.665	-6.16	
525.866	32.96	
526.066	4.28	
526.267	-0.43	
526.468	8.79	
526.668	2.85	
526.869	-12.3	
527.069	0.8	
527.27	13.91	
527.47	29.27	
527.671	25.99	
527.871	6.95	
528.072	12.27	
528.272	13.5	
528.473	22.72	
528.673	47.09	
528.874	56.92	
529.074	65.93	
529.275	66.95	
529.475	57.12	
529.675	25.99	
529.876	36.64	
530.076	12.07	
530.277	-9.03	
530.477	-21.32	
530.677	-28.28	
530.878	-47.94	
531.078	-12.1	
531.278	-9.85	
531.478	-23.77	
531.679	-15.79	
531.879	-3.7	
532.079	-31.35	
532.28	-22.14	
532.48	-22.14	
532.68	-19.68	
532.88	-13.12	
533.08	-5.75	
533.28	-10.05	
533.481	-7.18	
533.681	-2.27	
533.881	-8.82	
534.081	-9.44	
534.281	-0.22	
534.481	12.27	
534.681	31.73	
534.881	54.66	
535.081	43.4	
535.281	36.85	
535.481	54.87	
535.682	32.75	
535.882	-0.43	
536.082	18.82	
536.281	6.33	
536.481	-8	
536.681	8.58	
536.881	21.08	
537.081	-3.7	
537.281	2.44	
537.481	-17.83	
537.681	-36.47	
537.881	-47.12	
538.081	-9.64	
538.281	-6.37	
538.48	-11.49	
538.68	3.26	
538.88	41.56	
539.08	12.07	
539.28	3.05	
539.479	46.27	
539.679	34.59	
539.879	-0.84	
540.079	10.84	
540.278	13.5	
540.478	-28.48	
540.678	-47.33	
540.877	-30.94	
541.077	-48.55	
541.277	-42.82	
541.476	2.44	
541.676	22.1	
541.876	32.14	
542.075	44.42	
542.275	37.67	
542.474	20.05	
542.674	23.74	
542.874	-6.57	
543.073	-21.32	
543.273	-6.37	
543.472	-4.32	
543.672	-20.91	
543.871	-27.66	
544.071	-12.1	
544.27	7.56	
544.47	-6.98	
544.669	13.91	
544.868	13.91	
545.068	-2.27	
545.267	-31.56	
545.467	2.85	
545.666	-20.09	
545.865	8.99	
546.065	13.7	
546.264	11.25	
546.463	-28.28	
546.663	-12.92	
546.862	-26.85	
547.061	-30.74	
547.261	-30.74	
547.46	-4.73	
547.659	-6.98	
547.858	19.23	
548.058	33.98	
548.257	53.64	
548.456	24.97	
548.655	25.58	
548.854	7.15	
549.053	25.58	
549.253	0.6	
549.452	17.19	
549.651	33.57	
549.85	49.95	
550.049	40.12	
550.248	40.12	
550.447	35	
550.646	41.35	
550.845	35.82	
551.044	32.14	
551.243	32.75	
551.442	47.09	
551.641	32.34	
551.84	50.57	
552.039	56.51	
552.238	65.11	
552.437	65.31	
552.636	58.15	
552.835	32.96	
553.034	28.04	
553.233	35.41	
553.432	20.46	
553.63	19.03	
553.829	23.12	
554.028	-4.73	
554.227	-11.9	
554.426	0.39	
554.625	17.39	
554.823	-2.27	
555.022	35.62	
555.221	54.87	
555.42	54.66	
555.618	64.29	
555.817	75.76	
556.016	56.92	
556.214	56.92	
556.413	47.91	
556.612	31.73	
556.81	25.38	
557.009	24.56	
557.208	13.29	
557.406	19.44	
557.605	16.57	
557.803	8.79	
558.002	18.21	
558.201	-6.37	
558.399	-13.53	
558.598	-38.52	
558.796	-28.07	
558.995	-34.83	
559.193	-9.85	
559.392	-23.16	
559.59	5.51	
559.789	16.37	
559.987	32.96	
560.185	44.63	
560.384	41.56	
560.582	43.6	
560.781	54.66	
560.979	45.86	
561.177	4.49	
561.376	18.82	
561.574	39.92	
561.772	-11.49	
561.971	19.44	
562.169	46.88	
562.367	35.82	
562.566	8.99	
562.764	17.6	
562.962	-25.21	
563.16	-48.96	
563.358	-31.15	
563.557	-28.48	
563.755	-11.49	
563.953	-5.55	
564.151	23.74	
564.349	39.92	
564.547	47.29	
564.746	32.55	
564.944	40.74	
565.142	42.99	
565.34	24.76	
565.538	7.77	
565.736	24.15	
565.934	-1.86	
566.132	-17.22	
566.33	-4.52	
566.528	27.63	
566.726	11.25	
566.924	51.39	
567.122	30.7	
567.32	5.72	
567.518	-23.77	
567.716	-5.34	
567.914	-19.47	
568.112	-3.91	
568.31	15.55	
568.507	32.96	
568.705	-1.25	
568.903	-12.51	
569.101	12.89	
569.299	28.65	
569.497	20.46	
569.694	55.89	
569.892	51.8	
570.09	44.22	
570.288	8.58	
570.486	7.15	
570.683	23.53	
570.881	17.6	
571.079	-17.42	
571.276	0.8	
571.474	-3.91	
571.672	-25.41	
571.869	-15.99	
572.067	4.9	
572.265	0.19	
572.462	24.76	
572.66	23.53	
572.857	35	
573.055	48.72	
573.253	53.64	
573.45	24.56	
573.648	40.74	
573.845	25.17	
574.043	19.03	
574.24	13.09	
574.438	0.19	
574.635	-24.8	
574.832	-38.72	
575.03	-43.02	
575.227	-7.59	
575.425	-0.43	
575.622	-15.38	
575.82	-11.08	
576.017	6.33	
576.214	-21.32	
576.412	-6.16	
576.609	-1.66	
576.806	0.8	
577.004	-7.39	
577.201	-3.91	
577.398	5.1	
577.595	61.22	
577.793	86	
577.99	87.64	
578.187	59.58	
578.384	46.27	
578.582	12.27	
578.779	21.08	
578.976	14.32	
579.173	70.84	
579.37	88.25	
579.567	92.76	
579.764	55.28	
579.962	61.63	
580.159	38.69	
580.356	46.47	
580.553	44.63	
580.75	78.62	
580.947	76.78	
581.144	91.53	
581.341	63.47	
581.538	80.26	
581.735	53.64	
581.932	64.08	
582.129	24.35	
582.326	38.69	
582.523	22.92	
582.72	25.58	
582.916	-8.21	
583.113	-11.49	
583.31	-22.95	
583.507	-33.19	
583.704	-9.03	
583.901	25.38	
584.098	32.96	
584.294	35	
584.491	28.24	
584.688	1.42	
584.885	-22.14	
585.082	33.77	
585.278	56.1	
585.475	70.43	
585.672	80.26	
585.868	84.97	
586.065	30.09	
586.262	-14.76	
586.458	-9.64	
586.655	1.21	
586.852	2.65	
587.048	4.9	
587.245	27.43	
587.442	61.22	
587.638	70.23	
587.835	91.73	
588.031	95.01	
588.228	102.18	
588.424	62.45	
588.621	57.33	
588.817	23.12	
589.014	58.15	
589.21	53.64	
589.407	50.16	
589.603	27.43	
589.8	61.42	
589.996	49.75	
590.192	44.63	
590.389	50.57	
590.585	72.07	
590.782	26.2	
590.978	43.2	
591.174	35.62	
591.371	42.38	
591.567	25.58	
591.763	44.83	
591.959	9.61	
592.156	18.82	
592.352	17.39	
592.548	29.06	
592.744	34.59	
592.941	26.2	
593.137	6.95	
593.333	-9.23	
593.529	30.7	
593.725	34.59	
593.922	24.15	
594.118	54.87	
594.314	45.45	
594.51	13.5	
594.706	1.62	
594.902	42.58	
595.098	37.67	
595.294	53.84	
595.49	18.82	
595.686	42.99	
595.882	6.54	
596.078	16.37	
596.274	22.92	
596.47	66.13	
596.666	64.29	
596.862	76.99	
597.058	71.05	
597.254	84.77	
597.45	54.05	
597.646	57.74	
597.842	53.23	
598.037	79.65	
598.233	64.49	
598.429	84.97	
598.625	39.51	
598.821	17.6	
599.017	-26.64	
599.212	-10.46	
599.408	-13.74	
599.604	-2.27	
599.8	11.25	
599.995	1.01	
600.191	-16.81	
600.387	-36.27	
600.582	-23.36	
600.778	0.6	
600.974	6.33	
601.169	4.49	
601.365	25.58	
601.561	6.13	
601.756	-26.85	
601.952	-12.71	
602.147	-20.29	
602.343	-46.3	
602.538	-16.81	
602.734	-7.59	
602.93	6.74	
603.125	17.39	
603.321	32.96	
603.516	25.38	
603.711	37.05	
603.907	17.8	
604.102	17.6	
604.298	36.03	
604.493	26.61	
604.689	49.34	
604.884	62.65	
605.079	66.13	
605.275	42.17	
605.47	41.15	
605.665	27.43	
605.861	39.71	
606.056	29.27	
606.251	10.22	
606.447	23.33	
606.642	11.25	
606.837	-28.48	
607.032	10.43	
607.227	22.92	
607.423	16.37	
607.618	11.86	
607.813	28.04	
608.008	-14.15	
608.203	28.04	
608.398	51.59	
608.594	38.69	
608.789	29.68	
608.984	65.72	
609.179	39.1	
609.374	9.2	
609.569	23.53	
609.764	11.66	
609.959	-8.82	
610.154	-20.7	
610.349	-9.64	
610.544	-17.02	
610.739	2.24	
610.934	6.33	
611.129	29.88	
611.324	39.71	
611.519	53.03	
611.714	73.1	
611.909	50.98	
612.103	62.24	
612.298	65.93	
612.493	74.32	
612.688	62.65	
612.883	88.46	
613.078	48.52	
613.272	68.18	
613.467	73.3	
613.662	79.44	
613.857	89.07	
614.051	119.17	
614.246	70.43	
614.441	50.36	
614.635	23.53	
614.83	4.69	
615.025	-27.46	
615.219	-16.61	
615.414	-34.01	
615.609	-19.27	
615.803	-32.78	
615.998	11.04	
616.192	19.44	
616.387	49.13	
616.582	72.28	
616.776	89.68	
616.971	54.05	
617.165	47.91	
617.36	20.46	
617.554	8.38	
617.749	28.24	
617.943	34.39	
618.138	42.38	
618.332	55.89	
618.526	38.89	
618.721	6.74	
618.915	21.69	
619.11	27.84	
619.304	14.11	
619.498	17.19	
619.693	42.79	
619.887	12.48	
620.081	-18.04	
620.275	6.95	
620.47	20.67	
620.664	0.39	
620.858	7.77	
621.052	23.94	
621.247	19.85	
621.441	3.67	
621.635	-1.04	
621.829	6.74	
622.023	-0.02	
622.218	10.43	
622.412	13.7	
622.606	13.09	
622.8	18.82	
622.994	20.05	
623.188	-7.59	
623.382	-3.91	
623.576	0.6	
623.77	-11.08	
623.964	0.39	
624.158	12.68	
624.352	-6.57	
624.546	7.36	
624.74	32.14	
624.934	28.65	
625.128	29.68	
625.322	49.34	
625.516	37.26	
625.71	18.41	
625.904	5.72	
626.098	28.45	
626.291	29.47	
626.485	29.68	
626.679	31.93	
626.873	74.94	
627.067	46.88	
627.26	51.18	
627.454	59.99	
627.648	63.06	
627.842	20.26	
628.035	28.86	
628.229	16.16	
628.423	-10.87	
628.617	-18.24	
628.81	-24.39	
629.004	-32.99	
629.198	-27.66	
629.391	-16.2	
629.585	27.22	
629.778	38.89	
629.972	50.98	
630.166	51.39	
630.359	50.16	
630.553	10.02	
630.746	30.29	
630.94	42.58	
631.133	12.89	
631.327	12.27	
631.52	16.57	
631.714	-14.15	
631.907	-32.58	
632.1	0.6	
632.294	22.1	
632.487	12.48	
632.681	33.36	
632.874	29.06	
633.067	54.25	
633.261	19.44	
633.454	11.04	
633.647	5.51	
633.841	-1.45	
634.034	-19.68	
634.227	7.56	
634.421	25.17	
634.614	35.41	
634.807	40.53	
635	-0.63	
635.193	4.28	
635.387	-5.14	
635.58	-27.66	
635.773	-6.37	
635.966	23.94	
636.159	8.58	
636.352	-6.57	
636.545	3.87	
636.739	-28.48	
636.932	-31.56	
637.125	-46.1	
637.318	-42.82	
637.511	-23.36	
637.704	-28.07	
637.897	-10.26	
638.09	-4.32	
638.283	18.62	
638.476	12.68	
638.669	38.28	
638.862	48.31	
639.055	51.8	
639.247	54.46	
639.44	29.27	
639.633	34.39	
639.826	-0.43	
640.019	5.72	
640.212	-3.5	
640.405	18.21	
640.597	-6.37	
640.79	20.05	
640.983	17.39	
641.176	0.39	
641.368	2.44	
641.561	27.63	
641.754	-12.1	
641.947	15.96	
642.139	46.27	
642.332	40.12	
642.525	30.5	
642.717	61.22	
642.91	20.26	
643.103	1.01	
643.295	-13.33	
643.488	-7.8	
643.68	-21.73	
643.873	-4.93	
644.065	2.03	
644.258	10.84	
644.45	2.65	
644.643	7.15	
644.835	8.58	
645.028	-8	
645.22	-18.24	
645.413	-17.22	
645.605	-17.02	
645.798	-25.62	
645.99	14.32	
646.182	19.23	
646.375	31.73	
646.567	30.91	
646.76	15.75	
646.952	-8.82	
647.144	-12.1	
647.337	-32.58	
647.529	-40.77	
647.721	1.83	
647.913	14.32	
648.106	21.9	
648.298	-0.02	
648.49	5.51	
648.682	-34.83	
648.874	-33.19	
649.067	-29.92	
649.259	-0.84	
649.451	-9.44	
649.643	18.41	
649.835	35.21	
650.027	37.67	
650.219	27.84	
650.411	43.2	
650.603	24.35	
650.796	16.16	
650.988	21.69	
651.18	54.87	
651.372	65.72	
651.564	61.83	
651.756	29.47	
651.948	19.64	
652.139	-20.29	
652.331	-40.16	
652.523	-12.1	
652.715	1.01	
652.907	2.85	
653.099	12.89	
653.291	20.67	
653.483	5.92	
653.674	13.09	
653.866	19.44	
654.058	8.17	
654.25	-2.68	
654.442	-12.71	
654.633	-50.6	
654.825	-62.48	
655.017	-49.78	
655.209	-59.41	
655.4	-44.05	
655.592	-39.95	
655.784	-22.95	
655.975	-8.62	
656.167	7.36	
656.359	-1.25	
656.55	14.73	
656.742	-15.17	
656.933	3.26	
657.125	-2.88	
657.316	-18.86	
657.508	-32.37	
657.7	7.97	
657.891	-26.23	
658.083	-17.42	
658.274	23.53	
658.466	29.47	
658.657	19.03	
658.848	-2.07	
659.04	5.1	
659.231	-27.26	
659.423	-20.7	
659.614	-31.97	
659.805	27.63	
659.997	53.23	
660.188	75.96	
660.379	90.71	
660.571	79.85	
660.762	55.48	
660.953	20.46	
661.145	6.74	
661.336	-20.09	
661.527	130.64	
661.718	131.05	
661.909	126.34	
662.101	131.67	
662.292	148.05	
662.483	-10.67	
662.674	-19.88	
662.865	-19.68	
663.056	-26.23	
663.247	-38.31	
663.439	-6.98	
663.63	-12.1	
663.821	-16.2	
664.012	-9.23	
664.203	20.87	
664.394	17.19	
664.585	33.16	
664.776	31.93	
664.967	42.17	
665.158	16.57	
665.349	43.2	
665.54	32.14	
665.73	53.23	
665.921	6.54	
666.112	10.84	
666.303	-29.1	
666.494	11.25	
666.685	-8.41	
666.876	29.68	
667.066	26.4	
667.257	36.23	
667.448	-19.47	
667.639	-23.16	
667.83	-40.16	
668.02	-31.56	
668.211	-48.55	
668.402	-13.53	
668.592	-17.42	
668.783	-21.52	
668.974	-26.64	
669.164	-20.09	
669.355	-37.9	
669.546	-23.16	
669.736	5.1	
669.927	11.86	
670.117	12.27	
670.308	21.08	
670.499	5.51	
670.689	-1.86	
670.88	-14.35	
671.07	-5.55	
671.261	-15.99	
671.451	11.45	
671.641	-30.94	
671.832	-20.09	
672.022	-19.68	
672.213	-19.27	
672.403	-29.1	
672.594	17.39	
672.784	19.03	
672.974	22.92	
673.165	2.03	
673.355	5.92	
673.545	8.79	
673.736	31.52	
673.926	6.33	
674.116	42.17	
674.306	18.62	
674.497	-6.16	
674.687	-44.66	
674.877	-40.57	
675.067	-65.14	
675.257	-53.06	
675.448	-47.33	
675.638	-29.71	
675.828	-44.05	
676.018	-26.03	
676.208	-34.22	
676.398	-16.2	
676.588	-9.85	
676.778	2.44	
676.968	2.03	
677.158	27.22	
677.348	0.6	
677.538	-16.61	
677.728	5.92	
677.918	-4.93	
678.108	-18.86	
678.298	-5.55	
678.488	-12.3	
678.678	-9.85	
678.868	-9.03	
679.058	-3.09	
679.248	-6.78	
679.438	1.42	
679.627	-16.4	
679.817	-25.21	
680.007	-27.05	
680.197	-21.11	
680.387	-15.38	
680.576	-3.29	
680.766	-7.59	
680.956	-23.57	
681.146	-12.71	
681.335	-28.07	
681.525	-50.81	
681.715	-27.05	
681.904	-2.27	
682.094	-9.44	
682.284	5.1	
682.473	25.38	
682.663	41.76	
682.852	31.93	
683.042	27.02	
683.231	28.65	
683.421	21.28	
683.61	4.08	
683.8	3.46	
683.989	11.86	
684.179	20.67	
684.368	8.58	
684.558	-1.86	
684.747	-7.18	
684.937	-35.04	
685.126	-37.7	
685.316	-38.93	
685.505	-54.29	
685.694	-30.74	
685.884	21.69	
686.073	7.15	
686.262	18.21	
686.452	42.79	
686.641	44.22	
686.83	22.1	
687.019	25.58	
687.209	30.91	
687.398	41.76	
687.587	24.15	
687.776	1.83	
687.965	-11.9	
688.155	-29.1	
688.344	-53.47	
688.533	-54.29	
688.722	-60.43	
688.911	-26.85	
689.1	7.15	
689.289	41.35	
689.478	53.43	
689.667	73.71	
689.856	25.38	
690.045	5.31	
690.234	-24.18	
690.423	-8.21	
690.612	-25.21	
690.801	16.57	
690.99	9.81	
691.179	10.63	
691.368	-11.49	
691.557	33.57	
691.746	9.4	
691.935	13.29	
692.124	12.27	
692.312	14.73	
692.501	-29.92	
692.69	-3.29	
692.879	-12.3	
693.068	-12.3	
693.256	-24.59	
693.445	3.26	
693.634	-27.46	
693.823	-28.69	
694.011	-15.38	
694.2	-2.88	
694.389	-35.24	
694.577	-32.17	
694.766	-28.89	
694.955	-28.89	
695.143	-48.35	
695.332	-28.28	
695.52	-26.44	
695.709	-13.74	
695.897	-34.22	
696.086	-37.29	
696.275	-47.53	
696.463	-33.81	
696.652	-40.36	
696.84	-19.88	
697.028	-7.18	
697.217	9.2	
697.405	24.56	
697.594	56.92	
697.782	42.17	
697.971	57.33	
698.159	46.06	
698.347	42.38	
698.536	22.51	
698.724	45.45	
698.912	23.94	
699.1	17.19	
699.289	28.24	
699.477	19.64	
699.665	-0.63	
699.854	-6.16	
700.042	4.69	
700.23	-16.61	
700.418	-15.99	
700.606	-10.05	
700.794	2.85	
700.983	11.86	
701.171	22.51	
701.359	16.78	
701.547	25.99	
701.735	26.61	
701.923	10.02	
702.111	-3.5	
702.299	-6.37	
702.487	-2.88	
702.675	-21.32	
702.863	-25.41	
703.051	-31.35	
703.239	1.21	
703.427	-26.64	
703.615	-19.06	
703.803	-16.4	
703.991	-11.49	
704.179	-14.97	
704.367	9.81	
704.554	30.5	
704.742	39.51	
704.93	73.91	
705.118	75.35	
705.306	55.48	
705.493	36.23	
705.681	17.19	
705.869	8.79	
706.057	-18.24	
706.244	-14.15	
706.432	-25	
706.62	-8.62	
706.807	-54.7	
706.995	-32.17	
707.183	-53.88	
707.37	-18.45	
707.558	2.24	
707.746	52.62	
707.933	52.41	
708.121	94.8	
708.308	77.4	
708.496	64.29	
708.683	32.34	
708.871	48.11	
709.058	12.89	
709.246	15.75	
709.433	-9.64	
709.621	-10.87	
709.808	-49.78	
709.995	-20.5	
710.183	-26.64	
710.37	-19.68	
710.558	-16.61	
710.745	-17.22	
710.932	-40.36	
711.12	-31.35	
711.307	-19.27	
711.494	-6.78	
711.681	11.86	
711.869	2.24	
712.056	5.72	
712.243	22.72	
712.43	-14.97	
712.618	-13.53	
712.805	-11.69	
712.992	-26.64	
713.179	-56.34	
713.366	-31.76	
713.553	-14.97	
713.74	-5.55	
713.928	-17.63	
714.115	1.21	
714.302	-9.03	
714.489	-21.32	
714.676	-40.16	
714.863	-7.59	
715.05	-18.04	
715.237	-16.61	
715.424	-47.53	
715.611	-1.86	
715.798	-5.75	
715.984	-3.29	
716.171	13.91	
716.358	31.11	
716.545	25.17	
716.732	27.02	
716.919	11.66	
717.106	-6.98	
717.293	-2.47	
717.479	-5.96	
717.666	-39.13	
717.853	-26.03	
718.04	-4.11	
718.226	5.1	
718.413	-16.4	
718.6	20.87	
718.786	30.91	
718.973	37.67	
719.16	9.2	
719.346	25.79	
719.533	3.87	
719.72	20.87	
719.906	-6.57	
720.093	25.17	
720.279	-0.02	
720.466	12.07	
720.652	-4.32	
720.839	19.85	
721.025	13.91	
721.212	36.23	
721.398	28.24	
721.585	36.03	
721.771	15.55	
721.958	-7.8	
722.144	0.19	
722.331	-15.58	
722.517	-42.61	
722.703	-12.3	
722.89	-20.29	
723.076	-23.36	
723.262	3.67	
723.449	7.15	
723.635	-36.27	
723.821	-22.34	
724.007	-39.54	
724.194	-55.31	
724.38	-57.56	
724.566	-46.3	
724.752	-37.7	
724.938	-5.34	
725.125	14.93	
725.311	51.39	
725.497	45.45	
725.683	33.57	
725.869	5.31	
726.055	-6.16	
726.241	-30.74	
726.427	-23.36	
726.613	-23.77	
726.799	10.63	
726.985	-12.1	
727.171	-2.07	
727.357	16.57	
727.543	52.62	
727.729	16.37	
727.915	44.01	
728.101	41.15	
728.287	30.09	
728.473	-7.59	
728.659	-1.66	
728.845	-24.59	
729.03	-47.53	
729.216	-36.06	
729.402	-37.09	
729.588	-34.42	
729.774	-6.78	
729.959	-0.22	
730.145	17.39	
730.331	50.36	
730.517	57.94	
730.702	60.6	
730.888	68.79	
731.074	20.87	
731.259	11.66	
731.445	27.84	
731.63	3.46	
731.816	-5.34	
732.002	38.08	
732.187	51.8	
732.373	29.27	
732.558	41.56	
732.744	81.49	
732.929	49.75	
733.115	17.39	
733.3	-14.35	
733.486	-6.16	
733.671	-62.68	
733.857	-57.77	
734.042	-46.92	
734.227	-19.88	
734.413	-13.94	
734.598	24.97	
734.784	21.69	
734.969	17.19	
735.154	27.63	
735.339	12.27	
735.525	16.37	
735.71	27.84	
735.895	-4.32	
736.081	-11.49	
736.266	-2.68	
736.451	-22.14	
736.636	1.21	
736.821	11.45	
737.007	6.13	
737.192	6.33	
737.377	0.8	
737.562	-41.59	
737.747	-10.87	
737.932	-1.45	
738.117	-18.65	
738.302	12.68	
738.487	24.97	
738.672	2.44	
738.857	6.74	
739.042	29.68	
739.227	32.96	
739.412	32.34	
739.597	30.09	
739.782	54.87	
739.967	27.63	
740.152	22.1	
740.337	31.11	
740.522	49.95	
740.706	18.41	
740.891	52.41	
741.076	45.65	
741.261	51.39	
741.446	56.3	
741.63	56.71	
741.815	32.14	
742	0.19	
742.185	-19.47	
742.369	-26.44	
742.554	-46.71	
742.739	-34.83	
742.923	-21.93	
743.108	-1.86	
743.293	-1.25	
743.477	-3.09	
743.662	-0.63	
743.846	1.83	
744.031	-14.35	
744.216	-21.52	
744.4	13.29	
744.585	5.72	
744.769	19.64	
744.954	27.43	
745.138	36.03	
745.322	23.53	
745.507	8.99	
745.691	3.46	
745.876	-7.39	
746.06	15.14	
746.244	24.97	
746.429	38.08	
746.613	35	
746.798	46.88	
746.982	17.6	
747.166	23.53	
747.35	1.42	
747.535	-8.21	
747.719	-2.88	
747.903	21.08	
748.087	1.21	
748.272	18.01	
748.456	35	
748.64	18.82	
748.824	6.13	
749.008	11.25	
749.192	1.42	
749.376	-9.03	
749.56	-6.78	
749.745	-36.27	
749.929	-33.6	
750.113	-21.73	
750.297	-39.13	
750.481	-13.74	
750.665	19.44	
750.849	-3.7	
751.033	5.92	
751.217	16.98	
751.4	-3.5	
751.584	-4.73	
751.768	16.57	
751.952	13.29	
752.136	21.08	
752.32	0.6	
752.504	0.39	
752.688	0.19	
752.871	-21.73	
753.055	-35.04	
753.239	-21.11	
753.423	-13.74	
753.606	-24.18	
753.79	6.54	
753.974	18.82	
754.157	24.35	
754.341	-3.91	
754.525	-9.85	
754.708	-17.22	
754.892	-24.39	
755.076	1.83	
755.259	27.63	
755.443	25.79	
755.626	30.29	
755.81	42.38	
755.993	12.07	
756.177	-18.86	
756.36	3.05	
756.544	-14.56	
756.727	-18.45	
756.911	6.74	
757.094	43.2	
757.278	27.63	
757.461	27.22	
757.644	12.07	
757.828	-17.02	
758.011	-8	
758.195	5.51	
758.378	3.05	
758.561	13.91	
758.744	11.86	
758.928	10.22	
759.111	16.98	
759.294	27.84	
759.477	32.75	
759.661	39.92	
759.844	24.97	
760.027	3.87	
760.21	-6.98	
760.393	-14.76	
760.576	-19.06	
760.76	-29.92	
760.943	-35.45	
761.126	-0.63	
761.309	18.41	
761.492	26.61	
761.675	21.08	
761.858	42.99	
762.041	10.22	
762.224	-18.86	
762.407	-18.04	
762.59	-5.55	
762.773	-28.69	
762.956	-31.76	
763.139	-25.82	
763.321	-20.09	
763.504	-48.76	
763.687	-40.98	
763.87	-28.28	
764.053	-14.76	
764.236	-10.05	
764.418	19.03	
764.601	15.14	
764.784	20.67	
764.967	29.06	
765.149	15.34	
765.332	9.4	
765.515	40.33	
765.697	18.41	
765.88	-1.86	
766.063	6.95	
766.245	2.65	
766.428	-22.75	
766.611	-13.12	
766.793	-1.86	
766.976	13.09	
767.158	3.46	
767.341	20.87	
767.523	28.86	
767.706	29.88	
767.888	5.51	
768.071	56.3	
768.253	32.96	
768.436	30.91	
768.618	31.11	
768.8	70.02	
768.983	49.75	
769.165	63.27	
769.348	30.29	
769.53	26.81	
769.712	-24.8	
769.895	-45.28	
770.077	-34.63	
770.259	-8.62	
770.441	-29.1	
770.624	5.31	
770.806	25.79	
770.988	0.39	
771.17	-0.43	
771.352	44.63	
771.535	40.53	
771.717	20.05	
771.899	28.45	
772.081	52	
772.263	22.72	
772.445	6.33	
772.627	-4.52	
772.809	1.21	
772.991	-4.73	
773.173	20.67	
773.355	31.73	
773.537	40.53	
773.719	32.14	
773.901	38.48	
774.083	-5.34	
774.265	-21.32	
774.447	-34.01	
774.629	-20.7	
774.811	-18.86	
774.992	14.11	
775.174	4.49	
775.356	27.43	
775.538	1.42	
775.72	-28.28	
775.901	-42.82	
776.083	-30.12	
776.265	-52.24	
776.447	-20.29	
776.628	3.87	
776.81	0.8	
776.992	12.48	
777.173	38.48	
777.355	24.15	
777.537	30.29	
777.718	31.93	
777.9	37.05	
778.081	28.65	
778.263	44.83	
778.444	22.51	
778.626	19.64	
778.807	-15.17	
778.989	-24.18	
779.17	-60.84	
779.352	-91.56	
779.533	-89.1	
779.715	-57.56	
779.896	-76.82	
780.078	-39.13	
780.259	2.03	
780.44	16.16	
780.622	15.55	
780.803	78.42	
780.984	61.63	
781.166	51.8	
781.347	43.2	
781.528	39.3	
781.709	-6.98	
781.891	-0.63	
782.072	2.44	
782.253	7.36	
782.434	-9.44	
782.615	-6.37	
782.796	-13.33	
782.978	18.62	
783.159	20.67	
783.34	41.15	
783.521	51.39	
783.702	61.63	
783.883	32.75	
784.064	44.22	
784.245	23.74	
784.426	48.11	
784.607	33.16	
784.788	54.46	
784.969	23.94	
785.15	43.81	
785.331	-4.11	
785.512	13.5	
785.692	-13.12	
785.873	14.93	
786.054	4.08	
786.235	29.88	
786.416	40.94	
786.597	46.68	
786.777	26.61	
786.958	27.02	
787.139	21.49	
787.32	12.27	
787.5	24.76	
787.681	11.45	
787.862	18.62	
788.042	18.41	
788.223	11.45	
788.404	-22.14	
788.584	-3.5	
788.765	-1.86	
788.946	3.87	
789.126	12.89	
789.307	49.95	
789.487	69.61	
789.668	51.8	
789.848	23.53	
790.029	2.65	
790.209	-23.16	
790.39	-62.07	
790.57	-72.92	
790.75	-22.95	
790.931	-17.02	
791.111	-18.65	
791.292	8.58	
791.472	23.53	
791.652	3.46	
791.833	4.49	
792.013	15.14	
792.193	-3.5	
792.373	28.24	
792.554	31.73	
792.734	36.03	
792.914	18.01	
793.094	36.03	
793.275	33.57	
793.455	15.96	
793.635	23.94	
793.815	45.45	
793.995	33.16	
794.175	13.91	
794.355	43.81	
794.535	40.12	
794.715	30.5	
794.896	32.55	
795.076	20.87	
795.256	23.53	
795.436	7.77	
795.616	21.69	
795.795	23.94	
795.975	24.35	
796.155	25.17	
796.335	43.81	
796.515	42.79	
796.695	66.95	
796.875	99.31	
797.055	72.28	
797.234	67.36	
797.414	59.99	
797.594	27.84	
797.774	0.39	
797.954	2.85	
798.133	5.92	
798.313	-8	
798.493	15.14	
798.672	6.13	
798.852	8.58	
799.032	-25.82	
799.211	-24.8	
799.391	-47.94	
799.571	-34.01	
799.75	-36.88	
799.93	10.84	
800.109	20.05	
800.289	21.69	
800.468	11.86	
800.648	7.97	
800.827	-4.52	
801.007	-1.25	
801.186	-7.59	
801.366	0.8	
801.545	8.79	
801.725	36.23	
801.904	11.66	
802.083	41.97	
802.263	41.15	
802.442	74.73	
802.621	28.04	
802.801	69.82	
802.98	62.04	
803.159	51.18	
803.338	3.46	
803.518	45.04	
803.697	11.04	
803.876	24.56	
804.055	31.11	
804.235	65.31	
804.414	22.1	
804.593	30.5	
804.772	15.96	
804.951	21.9	
805.13	-18.04	
805.309	3.05	
805.488	5.92	
805.667	6.54	
805.846	14.93	
806.025	29.47	
806.204	58.55	
806.383	55.07	
806.562	42.58	
806.741	32.55	
806.92	47.09	
807.099	18.21	
807.278	12.07	
807.457	12.48	
807.636	11.25	
807.814	-12.92	
807.993	-25.82	
808.172	-23.77	
808.351	-11.9	
808.53	-4.93	
808.708	8.17	
808.887	25.17	
809.066	55.48	
809.244	45.86	
809.423	26.61	
809.602	19.23	
809.78	34.39	
809.959	22.1	
810.138	40.94	
810.316	57.94	
810.495	70.64	
810.673	36.44	
810.852	26.61	
811.03	30.29	
811.209	33.77	
811.388	32.34	
811.566	29.88	
811.744	31.52	
811.923	20.05	
812.101	17.19	
812.28	46.47	
812.458	67.16	
812.637	58.96	
812.815	49.95	
812.993	61.42	
813.172	42.58	
813.35	5.51	
813.528	20.87	
813.706	15.75	
813.885	-1.45	
814.063	-16.61	
814.241	22.51	
814.419	35.82	
814.598	66.34	
814.776	64.7	
814.954	53.03	
815.132	34.18	
815.31	17.8	
815.488	-24.18	
815.666	-18.04	
815.844	-31.35	
816.022	-24.8	
816.201	-41.18	
816.379	-9.23	
816.557	-8.62	
816.735	21.08	
816.913	14.52	
817.09	45.24	
817.268	25.58	
817.446	14.11	
817.624	5.72	
817.802	55.48	
817.98	30.29	
818.158	21.69	
818.336	7.97	
818.514	11.45	
818.691	-17.42	
818.869	13.09	
819.047	37.26	
819.225	53.23	
819.402	42.99	
819.58	47.7	
819.758	39.92	
819.935	23.94	
820.113	26.2	
820.291	27.22	
820.468	3.46	
820.646	0.6	
820.824	14.11	
821.001	41.97	
821.179	58.55	
821.356	64.9	
821.534	39.3	
821.711	28.65	
821.889	36.85	
822.066	34.8	
822.244	48.52	
822.421	81.29	
822.599	85.38	
822.776	40.33	
822.953	20.87	
823.131	-7.39	
823.308	-24.18	
823.486	-21.52	
823.663	-12.71	
823.84	3.46	
824.017	-1.86	
824.195	5.51	
824.372	10.43	
824.549	15.14	
824.726	8.38	
824.904	12.48	
825.081	6.95	
825.258	-19.88	
825.435	-29.92	
825.612	-10.87	
825.789	-16.2	
825.967	1.42	
826.144	30.09	
826.321	52.62	
826.498	46.88	
826.675	72.48	
826.852	32.34	
827.029	23.94	
827.206	30.09	
827.383	0.39	
827.56	6.33	
827.737	29.47	
827.914	30.5	
828.09	4.08	
828.267	19.03	
828.444	7.15	
828.621	-13.94	
828.798	19.64	
828.975	10.22	
829.151	-8.82	
829.328	-14.15	
829.505	22.92	
829.682	-20.7	
829.858	-4.52	
830.035	31.52	
830.212	25.79	
830.389	2.24	
830.565	2.65	
830.742	15.75	
830.918	18.82	
831.095	33.57	
831.272	45.04	
831.448	42.58	
831.625	53.64	
831.801	45.04	
831.978	40.74	
832.154	30.09	
832.331	46.68	
832.507	9.4	
832.684	29.27	
832.86	42.99	
833.037	84.36	
833.213	64.49	
833.389	92.55	
833.566	44.42	
833.742	21.9	
833.918	-22.54	
834.095	-23.36	
834.271	-69.24	
834.447	-31.56	
834.624	-27.46	
834.8	-29.3	
834.976	-13.33	
835.152	14.93	
835.328	8.38	
835.505	24.97	
835.681	25.58	
835.857	2.65	
836.033	25.58	
836.209	66.34	
836.385	57.33	
836.561	63.27	
836.737	88.86	
836.913	52.21	
837.089	10.02	
837.265	25.99	
837.441	49.34	
837.617	36.44	
837.793	43.6	
837.969	58.55	
838.145	28.24	
838.321	7.77	
838.497	17.8	
838.673	40.12	
838.849	2.24	
839.025	31.73	
839.2	33.57	
839.376	39.3	
839.552	14.32	
839.728	50.16	
839.903	39.1	
840.079	56.92	
840.255	43.2	
840.431	105.04	
840.606	68.79	
840.782	102.79	
840.958	62.24	
841.133	65.93	
841.309	17.8	
841.484	40.74	
841.66	-13.12	
841.835	-4.52	
842.011	-15.17	
842.186	-2.68	
842.362	-15.79	
842.537	3.05	
842.713	8.79	
842.888	17.19	
843.064	2.24	
843.239	-1.04	
843.415	-5.75	
843.59	24.97	
843.765	33.57	
843.941	43.2	
844.116	72.07	
844.291	65.72	
844.467	48.52	
844.642	39.71	
844.817	48.52	
844.992	28.24	
845.168	32.55	
845.343	47.29	
845.518	63.47	
845.693	70.84	
845.868	68.39	
846.043	54.05	
846.219	18.21	
846.394	28.45	
846.569	-0.43	
846.744	7.15	
846.919	15.55	
847.094	76.58	
847.269	64.08	
847.444	72.28	
847.619	77.81	
847.794	114.87	
847.969	98.08	
848.144	91.32	
848.319	81.9	
848.494	77.6	
848.668	57.12	
848.843	43.81	
849.018	38.08	
849.193	55.07	
849.368	48.72	
849.542	79.44	
849.717	71.46	
849.892	75.96	
850.067	71.25	
850.241	101.77	
850.416	57.53	
850.591	63.88	
850.765	52.41	
850.94	69.61	
851.115	26.4	
851.289	48.72	
851.464	31.73	
851.639	40.12	
851.813	20.87	
851.988	57.53	
852.162	35	
852.337	34.39	
852.511	55.07	
852.686	79.24	
852.86	64.9	
853.035	76.99	
853.209	77.81	
853.383	68.79	
853.558	28.65	
853.732	34.8	
853.906	4.28	
854.081	4.08	
854.255	-10.67	
854.429	15.34	
854.604	5.72	
854.778	46.06	
854.952	50.16	
855.126	65.11	
855.301	57.53	
855.475	40.94	
855.649	29.68	
855.823	19.85	
855.997	14.11	
856.171	0.39	
856.345	3.46	
856.52	3.87	
856.694	27.22	
856.868	32.75	
857.042	42.38	
857.216	75.35	
857.39	76.37	
857.564	57.53	
857.738	34.59	
857.912	40.74	
858.085	22.1	
858.259	22.51	
858.433	30.5	
858.607	42.99	
858.781	47.7	
858.955	22.72	
859.129	16.98	
859.302	15.14	
859.476	2.85	
859.65	29.06	
859.824	44.22	
859.997	58.35	
860.171	70.23	
860.345	87.23	
860.519	65.72	
860.692	71.05	
860.866	65.72	
861.039	68.39	
861.213	66.75	
861.387	45.04	
861.56	39.1	
861.734	45.86	
861.907	38.48	
862.081	28.86	
862.254	58.55	
862.428	66.34	
862.601	50.57	
862.775	47.5	
862.948	82.31	
863.122	65.72	
863.295	58.15	
863.468	66.13	
863.642	50.77	
863.815	34.18	
863.988	29.06	
864.162	27.63	
864.335	-1.86	
864.508	9.81	
864.682	13.5	
864.855	15.75	
865.028	2.03	
865.201	35.41	
865.374	21.28	
865.548	42.38	
865.721	28.65	
865.894	79.44	
866.067	66.54	
866.24	85.38	
866.413	59.99	
866.586	73.51	
866.759	20.46	
866.932	14.11	
867.105	-0.02	
867.278	-23.57	
867.451	-38.72	
867.624	-11.08	
867.797	9.61	
867.97	23.74	
868.143	34.59	
868.316	55.48	
868.489	16.78	
868.661	8.38	
868.834	5.51	
869.007	22.92	
869.18	8.58	
869.353	29.27	
869.525	44.42	
869.698	40.33	
869.871	23.12	
870.044	34.8	
870.216	51.18	
870.389	19.03	
870.562	17.19	
870.734	50.36	
870.907	32.96	
871.079	33.36	
871.252	30.29	
871.425	54.87	
871.597	11.86	
871.77	48.52	
871.942	45.45	
872.115	59.37	
872.287	54.87	
872.459	61.63	
872.632	55.07	
872.804	45.24	
872.977	21.08	
873.149	12.07	
873.321	-0.43	
873.494	-17.83	
873.666	6.54	
873.838	21.08	
874.011	5.51	
874.183	32.96	
874.355	29.27	
874.528	13.09	
874.7	20.87	
874.872	56.1	
875.044	63.47	
875.216	74.73	
875.388	97.88	
875.561	102.59	
875.733	66.75	
875.905	59.78	
876.077	28.45	
876.249	40.94	
876.421	36.23	
876.593	33.36	
876.765	30.7	
876.937	58.76	
877.109	17.8	
877.281	20.26	
877.453	15.34	
877.625	5.51	
877.797	-0.63	
877.968	3.67	
878.14	7.97	
878.312	29.06	
878.484	24.76	
878.656	32.55	
878.828	13.09	
878.999	34.8	
879.171	19.64	
879.343	5.1	
879.515	-4.73	
879.686	5.1	
879.858	-25.41	
880.03	-11.28	
880.201	6.54	
880.373	-10.67	
880.545	-5.34	
880.716	10.63	
880.888	50.57	
881.059	58.55	
881.231	79.03	
881.402	97.67	
881.574	81.7	
881.745	54.25	
881.917	76.37	
882.088	78.62	
882.26	54.66	
882.431	74.94	
882.602	27.43	
882.774	7.97	
882.945	-12.71	
883.116	-24.18	
883.288	-38.31	
883.459	-15.99	
883.63	-11.08	
883.802	6.54	
883.973	23.53	
884.144	35.21	
884.315	35.41	
884.487	45.24	
884.658	62.86	
884.829	86.82	
885	71.05	
885.171	73.3	
885.342	32.14	
885.513	26.61	
885.684	4.9	
885.855	25.17	
886.026	15.55	
886.197	46.47	
886.368	12.68	
886.539	31.93	
886.71	10.84	
886.881	37.46	
887.052	52.82	
887.223	87.84	
887.394	56.51	
887.565	84.77	
887.736	52.82	
887.907	53.43	
888.077	21.49	
888.248	30.5	
888.419	6.95	
888.59	14.52	
888.761	21.49	
888.931	52.62	
889.102	60.6	
889.273	48.11	
889.443	49.75	
889.614	21.28	
889.785	21.28	
889.955	28.24	
890.126	28.04	
890.296	53.43	
890.467	58.55	
890.637	99.1	
890.808	97.67	
890.978	114.05	
891.149	100.33	
891.319	139.24	
891.49	114.26	
891.66	124.91	
891.831	114.05	
892.001	118.97	
892.172	57.94	
892.342	41.56	
892.512	17.39	
892.683	41.76	
892.853	25.38	
893.023	49.34	
893.193	25.79	
893.364	33.77	
893.534	32.96	
893.704	76.37	
893.874	72.28	
894.044	83.95	
894.215	75.96	
894.385	81.9	
894.555	48.31	
894.725	58.55	
894.895	24.15	
895.065	38.28	
895.235	23.53	
895.405	50.98	
895.575	30.7	
895.745	74.32	
895.915	80.13	
