177.618	-720.46	
177.836	-725.07	
178.054	-736.84	
178.271	-574.44	
178.489	-345.68	
178.706	-226.9	
178.924	-86.41	
179.142	81.73	
179.359	77.23	
179.577	-66.13	
179.794	-50.98	
180.012	-69.41	
180.229	-120.2	
180.447	-97.06	
180.664	-36.85	
180.882	-35.41	
181.1	22.14	
181.317	8.21	
181.535	-27.84	
181.752	-41.97	
181.969	1.45	
182.187	20.09	
182.404	66.99	
182.622	68.01	
182.839	104.87	
183.057	96.27	
183.274	71.08	
183.492	76	
183.709	125.76	
183.926	79.07	
184.144	60.23	
184.361	80.3	
184.579	121.26	
184.796	52.65	
185.013	111.02	
185.231	85.42	
185.448	104.46	
185.666	84.39	
185.883	82.14	
186.1	82.76	
186.317	114.7	
186.535	30.33	
186.752	25	
186.969	63.09	
187.187	119.21	
187.404	49.99	
187.621	155.87	
187.839	173.68	
188.056	159.35	
188.273	65.14	
188.49	156.48	
188.708	100.57	
188.925	137.64	
189.142	132.93	
189.359	141.53	
189.576	77.64	
189.794	53.06	
190.011	4.11	
190.228	17.83	
190.445	19.06	
190.662	94.63	
190.879	101.19	
191.097	85.83	
191.314	98.11	
191.531	106.92	
191.748	15.99	
191.965	45.07	
192.182	31.97	
192.399	7.39	
192.616	40.16	
192.834	93.2	
193.051	48.55	
193.268	68.42	
193.485	71.7	
193.702	31.97	
193.919	10.26	
194.136	32.37	
194.353	19.06	
194.57	34.63	
194.787	28.07	
195.004	133.54	
195.221	125.15	
195.438	165.9	
195.655	127.81	
195.872	217.31	
196.089	85.83	
196.306	112.86	
196.523	117.16	
196.74	176.76	
196.957	61.66	
197.173	118.18	
197.39	95.04	
197.607	108.35	
197.824	94.84	
198.041	156.69	
198.258	153.41	
198.475	203.99	
198.692	148.09	
198.909	85.42	
199.125	14.56	
199.342	61.87	
199.559	38.93	
199.776	65.35	
199.993	146.45	
200.21	187	
200.426	108.15	
200.643	98.93	
200.86	109.58	
201.077	119	
201.293	106.72	
201.51	115.52	
201.727	23.77	
201.944	-56.3	
202.16	-74.94	
202.377	-81.49	
202.594	-95.21	
202.811	-33.16	
203.027	-3.87	
203.244	-51.8	
203.461	-28.65	
203.677	53.26	
203.894	83.98	
204.111	105.49	
204.327	137.03	
204.544	115.73	
204.761	94.02	
204.977	47.53	
205.194	5.55	
205.41	58.18	
205.627	67.19	
205.844	48.55	
206.06	48.96	
206.277	110.61	
206.493	63.3	
206.71	73.13	
206.926	51.42	
207.143	122.9	
207.36	46.1	
207.576	108.97	
207.793	125.15	
208.009	159.35	
208.226	119.82	
208.442	147.27	
208.659	98.73	
208.875	71.08	
209.092	11.08	
209.308	-6.95	
209.524	-3.26	
209.741	62.89	
209.957	121.46	
210.174	144.81	
210.39	132.93	
210.607	150.95	
210.823	23.77	
211.039	-44.63	
211.256	28.28	
211.472	-8.17	
211.688	38.72	
211.905	98.52	
212.121	104.87	
212.338	59.82	
212.554	112.04	
212.77	70.47	
212.987	64.94	
213.203	124.74	
213.419	142.35	
213.635	118.59	
213.852	99.14	
214.068	76.61	
214.284	20.5	
214.501	28.69	
214.717	34.83	
214.933	65.96	
215.149	14.56	
215.365	-6.54	
215.582	-83.54	
215.798	-37.87	
216.014	-56.51	
216.23	9.85	
216.447	37.09	
216.663	61.05	
216.879	-3.05	
217.095	43.23	
217.311	76.2	
217.527	88.9	
217.743	117.57	
217.96	120.44	
218.176	87.47	
218.392	59.2	
218.608	80.91	
218.824	44.05	
219.04	64.94	
219.256	89.31	
219.472	70.67	
219.688	41.8	
219.904	106.51	
220.12	192.94	
220.336	161.6	
220.552	160.78	
220.768	175.53	
220.984	176.96	
221.2	56.75	
221.416	93.2	
221.632	68.62	
221.848	54.08	
222.064	-22.51	
222.28	4.32	
222.496	-44.01	
222.712	34.01	
222.928	-8.38	
223.144	69.85	
223.36	72.72	
223.576	100.37	
223.792	52.04	
224.008	147.27	
224.224	119	
224.439	157.92	
224.655	129.65	
224.871	164.26	
225.087	114.29	
225.303	72.31	
225.519	47.94	
225.734	94.84	
225.95	68.42	
226.166	92.18	
226.382	116.55	
226.598	123.3	
226.813	122.28	
227.029	102.83	
227.245	77.84	
227.461	95.04	
227.677	107.13	
227.892	106.92	
228.108	96.68	
228.324	137.44	
228.539	62.28	
228.755	94.63	
228.971	91.15	
229.186	164.47	
229.402	127.81	
229.618	209.73	
229.833	123.51	
230.049	132.52	
230.265	33.19	
230.48	92.79	
230.696	66.17	
230.912	112.86	
231.127	96.68	
231.343	150.95	
231.558	50.19	
231.774	108.35	
231.99	182.08	
232.205	171.84	
232.421	133.34	
232.636	167.75	
232.852	84.8	
233.067	18.65	
233.283	43.84	
233.498	87.47	
233.714	93.2	
233.929	150.54	
234.145	125.35	
234.36	132.32	
234.576	144.81	
234.791	203.18	
235.007	214.03	
235.222	276.29	
235.438	234.92	
235.653	310.28	
235.868	267.28	
236.084	273.22	
236.299	262.98	
236.515	288.58	
236.73	173.48	
236.945	174.5	
237.161	116.55	
237.376	71.29	
237.592	55.93	
237.807	86.03	
238.022	70.67	
238.238	104.87	
238.453	58.59	
238.668	64.73	
238.883	-19.23	
239.099	-20.05	
239.314	-67.36	
239.529	-10.84	
239.745	13.12	
239.96	103.23	
240.175	101.6	
240.39	220.17	
240.605	210.55	
240.821	154.02	
241.036	146.24	
241.251	226.11	
241.466	124.74	
241.681	124.53	
241.897	160.78	
242.112	191.71	
242.327	93.2	
242.542	113.68	
242.757	132.32	
242.972	123.51	
243.188	57.56	
243.403	98.11	
243.618	94.63	
243.833	73.54	
244.048	99.75	
244.263	145.63	
244.478	127.4	
244.693	96.89	
244.908	126.79	
245.123	95.86	
245.338	127.81	
245.553	137.23	
245.768	129.45	
245.983	124.94	
246.198	83.16	
246.413	51.22	
246.628	46.3	
246.843	51.42	
247.058	31.56	
247.273	60.64	
247.488	47.94	
247.703	91.97	
247.918	88.69	
248.133	131.29	
248.348	109.58	
248.563	179.21	
248.778	126.17	
248.993	167.54	
249.207	193.55	
249.422	203.99	
249.637	63.71	
249.852	41.8	
250.067	7.39	
250.282	-58.55	
250.496	-79.65	
250.711	36.68	
250.926	32.17	
251.141	88.08	
251.356	82.35	
251.57	164.67	
251.785	116.55	
252	101.19	
252.215	68.21	
252.43	116.34	
252.644	112.04	
252.859	127.4	
253.074	152.8	
253.288	142.97	
253.503	92.79	
253.718	108.15	
253.932	171.23	
254.147	208.3	
254.362	210.96	
254.576	226.52	
254.791	159.76	
255.006	95.25	
255.22	103.44	
255.435	111.22	
255.65	138.46	
255.864	179.21	
256.079	148.7	
256.293	161.4	
256.508	158.73	
256.723	233.28	
256.937	171.23	
257.152	173.89	
257.366	133.95	
257.581	125.15	
257.795	45.69	
258.01	161.6	
258.224	189.66	
258.439	199.49	
258.653	188.43	
258.868	203.18	
259.082	108.76	
259.297	87.47	
259.511	48.96	
259.726	18.86	
259.94	-37.05	
260.154	-65.11	
260.369	-58.55	
260.583	-18.01	
260.798	-30.29	
261.012	6.57	
261.226	58.59	
261.441	75.79	
261.655	77.84	
261.869	155.05	
262.084	141.94	
262.298	127.2	
262.512	65.14	
262.727	32.99	
262.941	51.01	
263.155	50.81	
263.37	37.49	
263.584	116.34	
263.798	130.68	
264.012	162.63	
264.227	141.12	
264.441	207.89	
264.655	146.24	
264.869	237.17	
265.084	140.3	
265.298	166.31	
265.512	93.61	
265.726	137.03	
265.94	42.41	
266.155	94.22	
266.369	111.43	
266.583	189.04	
266.797	177.78	
267.011	244.95	
267.225	286.73	
267.439	269.53	
267.654	208.5	
267.868	174.91	
268.082	73.54	
268.296	-61.01	
268.51	-123.48	
268.724	-80.06	
268.938	-112.01	
269.152	-45.86	
269.366	21.93	
269.58	77.43	
269.794	28.07	
270.008	141.53	
270.222	113.47	
270.436	105.49	
270.65	90.13	
270.864	120.85	
271.078	48.96	
271.292	62.28	
271.506	94.63	
271.72	120.85	
271.934	146.86	
272.148	137.03	
272.362	136.62	
272.575	166.11	
272.789	165.7	
273.003	118.39	
273.217	178.6	
273.431	153.21	
273.645	118.18	
273.859	150.75	
274.073	219.15	
274.286	210.34	
274.5	217.31	
274.714	182.29	
274.928	178.19	
275.142	137.44	
275.355	122.08	
275.569	163.04	
275.783	199.69	
275.997	173.68	
276.21	192.53	
276.424	232.26	
276.638	174.91	
276.852	193.75	
277.065	168.16	
277.279	166.52	
277.493	122.49	
277.706	213.42	
277.92	208.5	
278.134	176.35	
278.347	125.97	
278.561	103.03	
278.775	71.9	
278.988	42.61	
279.202	119.21	
279.415	193.55	
279.629	198.06	
279.843	189.04	
280.056	280.79	
280.27	280.38	
280.483	189.86	
280.697	198.47	
280.91	226.32	
281.124	248.85	
281.337	210.14	
281.551	303.12	
281.764	253.35	
281.978	205.84	
282.191	83.16	
282.405	129.65	
282.618	39.95	
282.832	87.87	
283.045	68.62	
283.259	122.9	
283.472	74.36	
283.686	83.57	
283.899	51.83	
284.112	68.62	
284.326	60.23	
284.539	101.19	
284.752	143.58	
284.966	172.25	
285.179	220.17	
285.393	232.87	
285.606	164.26	
285.819	194.98	
286.033	160.78	
286.246	202.77	
286.459	137.23	
286.672	192.32	
286.886	109.38	
287.099	204.2	
287.312	52.65	
287.525	87.47	
287.739	71.49	
287.952	137.44	
288.165	121.87	
288.378	186.18	
288.592	178.8	
288.805	152.59	
289.018	154.64	
289.231	105.9	
289.444	145.01	
289.657	103.44	
289.871	112.66	
290.084	59.61	
290.297	147.88	
290.51	100.37	
290.723	97.5	
290.936	166.31	
291.149	156.48	
291.362	138.66	
291.575	125.76	
291.789	158.12	
292.002	106.31	
292.215	154.43	
292.428	55.72	
292.641	93.61	
292.854	92.79	
293.067	65.35	
293.28	37.49	
293.493	55.93	
293.706	-10.63	
293.919	55.93	
294.132	39.95	
294.345	36.68	
294.558	27.46	
294.77	55.52	
294.983	-23.12	
295.196	44.66	
295.409	92.79	
295.622	183.92	
295.835	222.84	
296.048	276.29	
296.261	267.69	
296.474	255.4	
296.686	190.89	
296.899	190.48	
297.112	185.77	
297.325	170.41	
297.538	185.56	
297.751	213.21	
297.963	226.73	
298.176	216.69	
298.389	198.87	
298.602	188.84	
298.814	311.31	
299.027	270.76	
299.24	259.29	
299.453	327.9	
299.665	281.2	
299.878	117.57	
300.091	93.81	
300.303	93.2	
300.516	42.21	
300.729	57.16	
300.941	96.48	
301.154	90.13	
301.367	66.58	
301.579	93.4	
301.792	123.71	
302.005	98.11	
302.217	99.14	
302.43	128.42	
302.642	74.36	
302.855	19.88	
303.067	4.11	
303.28	40.77	
303.493	-16.98	
303.705	81.94	
303.918	121.67	
304.13	191.71	
304.343	173.68	
304.555	230.62	
304.768	168.97	
304.98	196.21	
305.193	115.93	
305.405	153.82	
305.617	98.11	
305.83	120.64	
306.042	70.06	
306.255	91.97	
306.467	40.57	
306.68	46.51	
306.892	1.45	
307.104	37.49	
307.317	25.82	
307.529	99.96	
307.741	150.95	
307.954	187.2	
308.166	149.93	
308.378	218.13	
308.591	218.33	
308.803	244.13	
309.015	255.81	
309.228	309.67	
309.44	221.61	
309.652	172.05	
309.864	119.21	
310.077	44.66	
310.289	-31.11	
310.501	20.5	
310.713	21.11	
310.926	49.78	
311.138	33.4	
311.35	124.12	
311.562	63.09	
311.774	108.76	
311.986	78.25	
312.199	170.2	
312.411	59.82	
312.623	110.61	
312.835	13.94	
313.047	6.98	
313.259	-3.46	
313.471	49.37	
313.683	28.28	
313.895	81.12	
314.108	72.52	
314.32	42.82	
314.532	3.7	
314.744	29.71	
314.956	72.11	
315.168	108.76	
315.38	60.43	
315.592	120.85	
315.804	108.35	
316.016	191.91	
316.228	190.89	
316.44	261.54	
316.651	269.53	
316.863	270.14	
317.075	124.12	
317.287	62.68	
317.499	35.65	
317.711	0.43	
317.923	32.17	
318.135	18.86	
318.347	65.96	
318.559	148.09	
318.77	196.42	
318.982	157.3	
319.194	158.94	
319.406	146.45	
319.618	61.66	
319.83	-5.92	
320.041	8.41	
320.253	30.74	
320.465	23.98	
320.677	26.64	
320.888	43.43	
321.1	46.71	
321.312	123.92	
321.524	146.65	
321.735	133.54	
321.947	89.1	
322.159	41.8	
322.37	-36.44	
322.582	-44.22	
322.794	22.75	
323.005	98.11	
323.217	136.41	
323.429	97.5	
323.64	147.47	
323.852	72.72	
324.063	33.81	
324.275	70.88	
324.487	143.78	
324.698	79.89	
324.91	133.95	
325.121	113.06	
325.333	28.07	
325.544	-3.26	
325.756	49.78	
325.967	5.14	
326.179	89.92	
326.39	132.52	
326.602	160.37	
326.813	90.54	
327.025	126.99	
327.236	17.22	
327.448	-4.9	
327.659	-65.93	
327.871	-21.28	
328.082	-39.71	
328.293	35.04	
328.505	86.24	
328.716	113.68	
328.928	72.72	
329.139	122.69	
329.35	96.07	
329.562	117.37	
329.773	164.67	
329.984	194.37	
330.196	148.7	
330.407	203.79	
330.618	142.76	
330.83	98.32	
331.041	100.16	
331.252	109.99	
331.463	71.7	
331.675	108.56	
331.886	159.55	
332.097	165.49	
332.308	157.71	
332.52	173.89	
332.731	159.96	
332.942	148.29	
333.153	190.27	
333.364	168.77	
333.575	132.93	
333.787	166.72	
333.998	94.43	
334.209	102.62	
334.42	92.38	
334.631	99.14	
334.842	78.66	
335.053	158.94	
335.264	101.39	
335.475	120.85	
335.686	138.87	
335.898	142.97	
336.109	60.23	
336.32	69.85	
336.531	66.99	
336.742	68.01	
336.953	13.12	
337.164	27.66	
337.375	3.91	
337.586	3.5	
337.797	-58.55	
338.007	8.21	
338.218	-12.27	
338.429	19.27	
338.64	-14.52	
338.851	33.4	
339.062	-7.97	
339.273	92.59	
339.484	46.51	
339.695	23.77	
339.906	24.18	
340.116	66.37	
340.327	25.41	
340.538	41.8	
340.749	92.38	
340.96	83.16	
341.171	40.77	
341.381	43.43	
341.592	65.14	
341.803	68.21	
342.014	74.15	
342.224	107.33	
342.435	92.38	
342.646	55.11	
342.857	27.26	
343.067	-6.74	
343.278	-7.15	
343.489	2.07	
343.699	22.75	
343.91	51.83	
344.121	49.58	
344.331	-3.67	
344.542	-38.69	
344.753	17.22	
344.963	36.47	
345.174	89.72	
345.384	156.69	
345.595	222.22	
345.806	165.08	
346.016	118.18	
346.227	122.08	
346.437	119.62	
346.648	76.2	
346.858	112.66	
347.069	117.57	
347.279	120.44	
347.49	60.02	
347.7	80.91	
347.911	4.73	
348.121	14.76	
348.332	16.61	
348.542	-14.52	
348.753	-43.4	
348.963	26.85	
349.173	58.18	
349.384	83.37	
349.594	177.78	
349.805	231.23	
350.015	178.4	
350.225	180.03	
350.436	155.46	
350.646	168.16	
350.856	130.06	
351.067	134.77	
351.277	39.54	
351.487	-1.62	
351.698	-92.96	
351.908	-93.98	
352.118	-79.24	
352.328	-46.68	
352.539	36.68	
352.749	59	
352.959	51.01	
353.169	62.48	
353.38	96.68	
353.59	79.07	
353.8	104.05	
354.01	132.73	
354.22	120.03	
354.431	194.37	
354.641	150.54	
354.851	161.19	
355.061	147.47	
355.271	231.44	
355.481	162.01	
355.691	159.14	
355.901	125.15	
356.111	138.25	
356.321	74.15	
356.532	64.94	
356.742	28.89	
356.952	45.07	
357.162	29.1	
357.372	15.17	
357.582	-18.01	
357.792	-39.3	
358.002	-76.37	
358.212	-12.68	
358.422	10.67	
358.632	33.6	
358.842	66.99	
359.051	148.29	
359.261	86.24	
359.471	69.65	
359.681	112.04	
359.891	97.5	
360.101	17.83	
360.311	-12.68	
360.521	-47.7	
360.731	-53.84	
360.94	-22.51	
361.15	30.74	
361.36	62.68	
361.57	89.31	
361.78	95.45	
361.989	83.78	
362.199	77.43	
362.409	108.76	
362.619	96.68	
362.828	180.65	
363.038	190.27	
363.248	198.47	
363.458	193.75	
363.667	220.79	
363.877	134.57	
364.087	138.66	
364.296	89.31	
364.506	100.37	
364.716	82.55	
364.925	51.22	
365.135	11.49	
365.345	23.16	
365.554	-8.79	
365.764	76.61	
365.973	78.25	
366.183	160.58	
366.393	200.92	
366.602	224.47	
366.812	87.06	
367.021	154.02	
367.231	59.61	
367.44	14.15	
367.65	1.04	
367.859	63.91	
368.069	-12.27	
368.278	57.56	
368.488	69.65	
368.697	22.34	
368.907	-20.67	
369.116	120.23	
369.326	81.94	
369.535	79.48	
369.744	105.9	
369.954	129.04	
370.163	6.78	
370.373	31.97	
370.582	25.82	
370.791	18.04	
371.001	-6.95	
371.21	1.04	
371.419	-42.99	
371.629	-51.59	
371.838	-50.36	
372.047	47.33	
372.256	11.69	
372.466	45.89	
372.675	1.04	
372.884	-7.56	
373.093	-99.51	
373.303	-17.19	
373.512	-33.98	
373.721	19.06	
373.93	-11.25	
374.139	81.73	
374.349	8.62	
374.558	66.37	
374.767	20.5	
374.976	40.57	
375.185	8.41	
375.394	16.2	
375.603	-4.49	
375.813	35.86	
376.022	36.88	
376.231	-22.31	
376.44	-44.63	
376.649	-26.61	
376.858	-12.68	
377.067	4.73	
377.276	53.06	
377.485	115.11	
377.694	72.92	
377.903	72.92	
378.112	32.99	
378.321	41.8	
378.53	17.63	
378.739	34.22	
378.948	20.91	
379.157	45.07	
379.366	63.5	
379.575	55.31	
379.784	9.85	
379.992	5.34	
380.201	73.13	
380.41	33.19	
380.619	14.76	
380.828	59	
381.037	38.11	
381.246	-59.99	
381.454	-121.22	
381.663	-49.13	
381.872	-77.19	
382.081	-8.58	
382.29	52.04	
382.498	121.67	
382.707	109.79	
382.916	168.97	
383.125	92.79	
383.333	74.36	
383.542	74.56	
383.751	52.24	
383.959	62.89	
384.168	89.51	
384.377	138.87	
384.585	122.9	
384.794	68.21	
385.003	18.45	
385.211	38.11	
385.42	-28.65	
385.628	-16.16	
385.837	33.81	
386.046	95.25	
386.254	128.02	
386.463	143.99	
386.671	176.96	
386.88	143.99	
387.088	112.25	
387.297	96.89	
387.505	115.52	
387.714	58.79	
387.922	69.24	
388.131	51.42	
388.339	46.3	
388.548	-12.27	
388.756	12.1	
388.965	21.93	
389.173	-20.87	
389.381	-7.97	
389.59	45.28	
389.798	73.13	
390.007	99.96	
390.215	110.2	
390.423	174.3	
390.632	164.88	
390.84	194.57	
391.048	159.55	
391.257	177.78	
391.465	73.33	
391.673	83.98	
391.882	35.65	
392.09	22.75	
392.298	35.24	
392.506	28.69	
392.715	37.9	
392.923	77.02	
393.131	134.98	
393.339	132.93	
393.547	117.16	
393.756	105.28	
393.964	50.81	
394.172	12.1	
394.38	-25.38	
394.588	43.84	
394.796	18.65	
395.005	10.46	
395.213	-4.28	
395.421	38.31	
395.629	-18.21	
395.837	-13.5	
396.045	-2.03	
396.253	19.88	
396.461	-6.95	
396.669	29.1	
396.877	54.49	
397.085	94.43	
397.293	94.43	
397.501	102.42	
397.709	99.34	
397.917	117.37	
398.125	121.26	
398.333	123.1	
398.541	95.66	
398.749	100.57	
398.957	59.2	
399.165	-19.44	
399.373	-10.02	
399.581	10.87	
399.788	18.04	
399.996	-11.66	
400.204	18.45	
400.412	-16.57	
400.62	-53.84	
400.828	-69.82	
401.035	-46.06	
401.243	-10.22	
401.451	35.86	
401.659	40.57	
401.867	52.04	
402.074	64.73	
402.282	7.8	
402.49	-46.47	
402.697	67.19	
402.905	40.77	
403.113	60.43	
403.321	13.94	
403.528	38.11	
403.736	-29.68	
403.944	-17.39	
404.151	-62.86	
404.359	-29.06	
404.566	-45.24	
404.774	-49.34	
404.982	-73.3	
405.189	-62.24	
405.397	-70.43	
405.604	-65.72	
405.812	-55.48	
406.02	-72.69	
406.227	-44.63	
406.435	-14.52	
406.642	22.75	
406.85	-2.44	
407.057	77.23	
407.265	95.66	
407.472	122.49	
407.679	89.72	
407.887	83.16	
408.094	31.35	
408.302	-56.3	
408.509	-67.98	
408.717	-56.71	
408.924	-51.18	
409.131	-26.81	
409.339	29.51	
409.546	60.84	
409.753	45.89	
409.961	104.46	
410.168	75.38	
410.375	98.11	
410.583	63.5	
410.79	90.74	
410.997	57.97	
411.205	72.11	
411.412	54.7	
411.619	90.54	
411.826	79.48	
412.034	124.33	
412.241	153	
412.448	141.94	
412.655	65.14	
412.862	68.42	
413.07	0.22	
413.277	-47.7	
413.484	-88.66	
413.691	-37.26	
413.898	-73.1	
414.105	-111.39	
414.312	-127.98	
414.519	-101.36	
414.727	-125.73	
414.934	-87.43	
415.141	-17.39	
415.348	38.52	
415.555	16.4	
415.762	13.74	
415.969	-45.04	
416.176	-59.17	
416.383	-59.37	
416.59	-60.81	
416.797	-67.36	
417.004	-32.34	
417.211	-57.74	
417.418	-77.19	
417.625	-52	
417.831	-34.18	
418.038	-19.23	
418.245	15.17	
418.452	-3.05	
418.659	-26.81	
418.866	-39.51	
419.073	-62.86	
419.28	-134.94	
419.486	-56.51	
419.693	-58.76	
419.9	-38.89	
420.107	-6.13	
420.314	69.03	
420.52	26.64	
420.727	120.85	
420.934	103.44	
421.141	60.02	
421.347	34.22	
421.554	18.86	
421.761	-94.39	
421.967	-59.37	
422.174	-11.86	
422.381	-5.31	
422.588	-33.98	
422.794	-21.9	
423.001	39.75	
423.207	13.12	
423.414	-2.03	
423.621	7.18	
423.827	69.85	
424.034	36.27	
424.24	60.84	
424.447	55.72	
424.654	9.44	
424.86	-37.46	
425.067	-118.77	
425.273	-166.28	
425.48	-81.9	
425.686	4.93	
425.893	46.71	
426.099	62.28	
426.306	96.68	
426.512	68.62	
426.718	89.1	
426.925	47.12	
427.131	30.33	
427.338	19.88	
427.544	-8.79	
427.75	-81.29	
427.957	-89.07	
428.163	-52.82	
428.37	-56.92	
428.576	-50.98	
428.782	-49.75	
428.988	23.98	
429.195	16.2	
429.401	18.65	
429.607	-0.19	
429.814	85.83	
430.02	30.94	
430.226	-5.1	
430.432	20.5	
430.639	53.47	
430.845	17.83	
431.051	51.63	
431.257	93.2	
431.463	63.91	
431.67	-3.87	
431.876	-55.69	
432.082	-95.21	
432.288	-46.06	
432.494	-36.23	
432.7	37.49	
432.906	43.84	
433.112	47.33	
433.318	56.95	
433.525	80.3	
433.731	32.78	
433.937	102.21	
434.143	103.03	
434.349	49.99	
434.555	34.42	
434.761	59	
434.967	-17.8	
435.173	1.25	
435.379	23.16	
435.585	85.62	
435.791	84.19	
435.996	177.78	
436.202	201.95	
436.408	166.31	
436.614	116.34	
436.82	142.35	
437.026	82.14	
437.232	85.42	
437.438	68.01	
437.644	10.87	
437.849	4.93	
438.055	-8.17	
438.261	-40.33	
438.467	-51.8	
438.673	-8.99	
438.878	-86.61	
439.084	-64.08	
439.29	-16.37	
439.496	17.22	
439.701	39.13	
439.907	41.8	
440.113	14.97	
440.318	-15.75	
440.524	-36.85	
440.73	-53.43	
440.935	-15.96	
441.141	-52.41	
441.347	28.48	
441.552	13.53	
441.758	28.89	
441.964	-10.02	
442.169	58.79	
442.375	-35	
442.58	10.05	
442.786	36.68	
442.991	62.28	
443.197	-1.83	
443.402	29.92	
443.608	49.58	
443.813	82.35	
444.019	117.57	
444.224	155.87	
444.43	94.22	
444.635	90.33	
444.841	2.47	
445.046	53.06	
445.252	24.59	
445.457	41.18	
445.662	-8.58	
445.868	-6.74	
446.073	-86.61	
446.278	-94.39	
446.484	-107.09	
446.689	-93.17	
446.894	-91.12	
447.1	-102.38	
447.305	-25.17	
447.51	19.88	
447.716	-6.13	
447.921	-2.24	
448.126	60.43	
448.331	-10.22	
448.537	-29.88	
448.742	11.08	
448.947	-33.36	
449.152	-87.43	
449.357	-12.27	
449.563	23.36	
449.768	13.74	
449.973	32.99	
450.178	63.09	
450.383	-41.97	
450.588	-73.91	
450.793	-72.28	
450.999	11.28	
451.204	-23.74	
451.409	23.16	
451.614	3.91	
451.819	8.21	
452.024	-49.75	
452.229	-13.29	
452.434	43.43	
452.639	32.58	
452.844	67.19	
453.049	2.88	
453.254	-45.45	
453.459	-72.89	
453.664	-17.19	
453.869	-34.59	
454.074	47.33	
454.279	97.71	
454.483	48.55	
454.688	5.55	
454.893	65.35	
455.098	50.4	
455.303	16.61	
455.508	57.77	
455.713	64.53	
455.917	-19.44	
456.122	20.29	
456.327	-10.84	
456.532	26.44	
456.737	-14.93	
456.941	3.29	
457.146	-45.24	
457.351	-3.05	
457.555	-51.59	
457.76	17.63	
457.965	12.71	
458.17	37.49	
458.374	80.91	
458.579	117.78	
458.784	63.91	
458.988	53.67	
459.193	18.45	
459.397	7.18	
459.602	-37.46	
459.807	58.79	
460.011	46.71	
460.216	65.35	
460.42	-12.27	
460.625	-45.04	
460.829	-93.37	
461.034	-100.54	
461.239	-132.28	
461.443	-79.65	
461.648	-36.44	
461.852	-63.47	
462.056	3.7	
462.261	19.88	
462.465	96.68	
462.67	74.36	
462.874	85.21	
463.079	24.59	
463.283	26.64	
463.487	-47.09	
463.692	-11.45	
463.896	-40.33	
464.1	-30.91	
464.305	-40.33	
464.509	-44.42	
464.713	-36.03	
464.918	35.45	
465.122	72.72	
465.326	72.11	
465.531	54.9	
465.735	13.12	
465.939	-11.25	
466.143	-36.23	
466.348	-39.71	
466.552	-72.89	
466.756	-25.79	
466.96	11.08	
467.164	22.34	
467.368	35.65	
467.573	95.25	
467.777	50.4	
467.981	-0.39	
468.185	-48.11	
468.389	-23.33	
468.593	-97.67	
468.797	-122.25	
469.001	-113.44	
469.205	-74.53	
469.409	-73.51	
469.613	-19.23	
469.817	22.34	
470.021	35.86	
470.225	34.01	
470.429	0.84	
470.633	3.5	
470.837	14.76	
471.041	4.32	
471.245	-23.94	
471.449	7.39	
471.653	20.5	
471.857	52.24	
472.061	10.87	
472.265	30.33	
472.469	25	
472.673	-13.7	
472.876	-57.33	
473.08	-38.08	
473.284	3.91	
473.488	-26.61	
473.692	29.92	
473.895	77.02	
474.099	109.17	
474.303	95.45	
474.507	138.66	
474.71	127.81	
474.914	66.58	
475.118	47.33	
475.322	55.52	
475.525	-30.91	
475.729	-8.58	
475.933	-4.28	
476.136	91.36	
476.34	94.43	
476.543	188.02	
476.747	170	
476.951	210.14	
477.154	90.54	
477.358	142.35	
477.561	99.96	
477.765	80.5	
477.969	41.39	
478.172	57.77	
478.376	-9.4	
478.579	19.68	
478.783	8	
478.986	38.31	
479.19	60.84	
479.393	88.49	
479.596	91.15	
479.8	135.39	
480.003	112.04	
480.207	107.54	
480.41	73.54	
480.614	74.56	
480.817	14.97	
481.02	103.64	
481.224	142.56	
481.427	169.59	
481.63	213.42	
481.834	261.54	
482.037	137.03	
482.24	100.57	
482.443	87.26	
482.647	18.45	
482.85	-9.2	
483.053	87.47	
483.256	36.27	
483.46	84.39	
483.663	95.04	
483.866	152.18	
484.069	109.58	
484.272	140.71	
484.476	107.74	
484.679	153.41	
484.882	192.94	
485.085	163.44	
485.288	194.16	
485.491	235.94	
485.694	178.19	
485.897	153.41	
486.101	210.55	
486.304	276.9	
486.507	227.14	
486.71	278.75	
486.913	262.16	
487.116	254.78	
487.319	230.82	
487.522	273.63	
487.725	366.81	
487.928	425.38	
488.13	452.82	
488.333	490.71	
488.536	529.01	
488.739	509.35	
488.942	553.79	
489.145	615.43	
489.348	635.3	
489.551	668.06	
489.754	706.77	
489.956	720.7	
490.159	747.94	
490.362	788.89	
490.565	826.78	
490.768	867.74	
490.97	1001.88	
491.173	1101.62	
491.376	1168.18	
491.579	1219.79	
491.781	1339.59	
491.984	1318.5	
492.187	1390.18	
492.39	1439.94	
492.592	1545.82	
492.795	1608.08	
492.998	1668.7	
493.2	1713.76	
493.403	1835.82	
493.605	1984.7	
493.808	2047.78	
494.011	2163.49	
494.213	2250.12	
494.416	2380.78	
494.618	2391.43	
494.821	2445.09	
495.023	2566.94	
495.226	2679.37	
495.428	2730.16	
495.631	2833.79	
495.833	2986.98	
496.036	3081.6	
496.238	3142.63	
496.441	3268.98	
496.643	3351.72	
496.846	3425.04	
497.048	3521.5	
497.25	3670.8	
497.453	3748.62	
497.655	3959.76	
497.858	4133.84	
498.06	4287.85	
498.262	4363.62	
498.465	4519.68	
498.667	4599.55	
498.869	4703.38	
499.071	4786.53	
499.274	4976.99	
499.476	5067.31	
499.678	5129.77	
499.881	5183.84	
500.083	5287.26	
500.285	5313.06	
500.487	5444.34	
500.689	5549.6	
500.892	5640.12	
501.094	5671.66	
501.296	5853.11	
501.498	5966.36	
501.7	6077.77	
501.902	6242.43	
502.104	6442.93	
502.306	6490.23	
502.509	6588.54	
502.711	6665.75	
502.913	6784.32	
503.115	6853.95	
503.317	7038.48	
503.519	7126.95	
503.721	7312.7	
503.923	7475.72	
504.125	7605.56	
504.327	7701.61	
504.529	7800.32	
504.731	7837.8	
504.933	7871.38	
505.134	7895.96	
505.336	7931.39	
505.538	8010.24	
505.74	8108.13	
505.942	8110.59	
506.144	8239.4	
506.346	8316.41	
506.548	8444.82	
506.749	8525.92	
506.951	8694.67	
507.153	8767.78	
507.355	8840.07	
507.557	8910.73	
507.758	9007.6	
507.96	9019.07	
508.162	9127.81	
508.363	9271.79	
508.565	9371.52	
508.767	9458.36	
508.969	9633.46	
509.17	9730.74	
509.372	9760.84	
509.574	9778.45	
509.775	9828.63	
509.977	9852.18	
510.178	9985.09	
510.38	10096.5	
510.582	10232.49	
510.783	10278.36	
510.985	10373.39	
511.186	10337.75	
511.388	10465.14	
511.589	10484.8	
511.791	10555.04	
511.992	10596	
512.194	10685.09	
512.395	10629.79	
512.597	10709.46	
512.798	10842.17	
513	10934.53	
513.201	11056.18	
513.403	11287.6	
513.604	11405.36	
513.805	11499.16	
514.007	11610.77	
514.208	11648.66	
514.409	11713.37	
514.611	11858.17	
514.812	12035.72	
515.013	12163.93	
515.215	12353.57	
515.416	12392.28	
515.617	12416.44	
515.819	12411.12	
516.02	12473.17	
516.221	12569.63	
516.422	12696.4	
516.623	12825.42	
516.825	12944.61	
517.026	13035.95	
517.227	13035.54	
517.428	13117.67	
517.629	13235.22	
517.83	13369.57	
518.032	13493.06	
518.233	13655.67	
518.434	13697.04	
518.635	13751.92	
518.836	13761.14	
519.037	13781.82	
519.238	13830.77	
519.439	13956.1	
519.64	13927.02	
519.841	13971.87	
520.042	13972.08	
520.243	13970.24	
520.444	13901.63	
520.645	13913.51	
520.846	13875.41	
521.047	13925.18	
521.248	13935.83	
521.449	13990.51	
521.65	14049.7	
521.851	14214.76	
522.052	14182.82	
522.252	14266.58	
522.453	14340.92	
522.654	14388.02	
522.855	14340.1	
523.056	14379.62	
523.257	14345.01	
523.457	14329.45	
523.658	14331.7	
523.859	14292.59	
524.06	14252.86	
524.26	14200.84	
524.461	14191.21	
524.662	14161.52	
524.862	14129.57	
525.063	14176.06	
525.264	14193.87	
525.464	14167.05	
525.665	14222.55	
525.866	14343.38	
526.066	14320.03	
526.267	14316.75	
526.468	14298.93	
526.668	14273.95	
526.869	14244.87	
527.069	14323.72	
527.27	14446.18	
527.47	14579.92	
527.671	14576.84	
527.871	14513.36	
528.072	14519.5	
528.272	14495.95	
528.473	14507.83	
528.673	14645.04	
528.874	14709.96	
529.074	14718.97	
529.275	14767.51	
529.475	14699.72	
529.675	14529.95	
529.876	14500.05	
530.076	14448.23	
530.277	14308.97	
530.477	14237.09	
530.677	14222.75	
530.878	14214.15	
531.078	14290.13	
531.278	14319.62	
531.478	14409.73	
531.679	14466.87	
531.879	14536.7	
532.079	14490.83	
532.28	14540.39	
532.48	14494.72	
532.68	14500.05	
532.88	14496.56	
533.08	14527.9	
533.28	14562.92	
533.481	14572.13	
533.681	14536.09	
533.881	14531.79	
534.081	14485.91	
534.281	14404	
534.481	14423.25	
534.681	14469.33	
534.881	14445.16	
535.081	14416.08	
535.281	14391.5	
535.481	14405.22	
535.682	14343.17	
535.882	14244.46	
536.082	14285.42	
536.281	14298.12	
536.481	14291.15	
536.681	14321.67	
536.881	14417.1	
537.081	14410.75	
537.281	14495.54	
537.481	14498	
537.681	14514.38	
537.881	14469.74	
538.081	14506.6	
538.281	14416.9	
538.48	14312.45	
538.68	14281.12	
538.88	14363.86	
539.08	14344.4	
539.28	14337.44	
539.479	14456.01	
539.679	14472.81	
539.879	14412.8	
540.079	14388.84	
540.278	14426.73	
540.478	14302.21	
540.678	14337.85	
540.877	14366.11	
541.077	14333.55	
541.277	14280.71	
541.476	14424.07	
541.676	14414.24	
541.876	14427.75	
542.075	14452.12	
542.275	14404.2	
542.474	14280.91	
542.674	14219.06	
542.874	14099.87	
543.073	14006.69	
543.273	14065.47	
543.472	14114.82	
543.672	14126.5	
543.871	14137.76	
544.071	14188.55	
544.27	14264.32	
544.47	14206.37	
544.669	14214.76	
544.868	14259.2	
545.068	14329.45	
545.267	14233.81	
545.467	14399.69	
545.666	14405.63	
545.865	14461.34	
546.065	14397.65	
546.264	14412.8	
546.463	14281.32	
546.663	14259.2	
546.862	14184.04	
547.061	14174.42	
547.261	14168.48	
547.46	14169.09	
547.659	14150.66	
547.858	14230.33	
548.058	14203.09	
548.257	14201.25	
548.456	14144.31	
548.655	14121.79	
548.854	14008.74	
549.053	14035.77	
549.253	13935.01	
549.452	13908.39	
549.651	13885.45	
549.85	13921.49	
550.049	13807.42	
550.248	13798.62	
550.447	13842.85	
550.646	13839.78	
550.845	13790.01	
551.044	13811.11	
551.243	13863.33	
551.442	13839.78	
551.641	13884.43	
551.84	14013.86	
552.039	14154.96	
552.238	14268.83	
552.437	14317.57	
552.636	14340.51	
552.835	14323.31	
553.034	14389.25	
553.233	14415.87	
553.432	14456.42	
553.63	14466.46	
553.829	14475.06	
554.028	14393.35	
554.227	14308.97	
554.426	14269.65	
554.625	14271.08	
554.823	14182.82	
555.022	14167.46	
555.221	14170.53	
555.42	14100.49	
555.618	14019.8	
555.817	13947.3	
556.016	13847.97	
556.214	13747.62	
556.413	13728.17	
556.612	13717.93	
556.81	13711.37	
557.009	13682.91	
557.208	13679.01	
557.406	13634.16	
557.605	13605.49	
557.803	13589.31	
558.002	13618.19	
558.201	13600.78	
558.399	13680.86	
558.598	13653.01	
558.796	13747.21	
558.995	13759.91	
559.193	13854.32	
559.392	13831.59	
559.59	13965.12	
559.789	13976.38	
559.987	14048.06	
560.185	14022.25	
560.384	14035.77	
560.582	13933.17	
560.781	13914.33	
560.979	13841.62	
561.177	13699.7	
561.376	13599.96	
561.574	13568.63	
561.772	13356.46	
561.971	13384.93	
562.169	13409.91	
562.367	13363.83	
562.566	13299.32	
562.764	13320.83	
562.962	13190.98	
563.16	13116.03	
563.358	13160.06	
563.557	13203.89	
563.755	13199.59	
563.953	13176.85	
564.151	13199.79	
564.349	13189.14	
564.547	13176.65	
564.746	13177.26	
564.944	13183.61	
565.142	13192.01	
565.34	13145.52	
565.538	13064.62	
565.736	13044.55	
565.934	12989.67	
566.132	12946.66	
566.33	12932.12	
566.528	12975.13	
566.726	12924.54	
566.924	12951.37	
567.122	12895.05	
567.32	12845.08	
567.518	12787.94	
567.716	12807.19	
567.914	12754.77	
568.112	12781.39	
568.31	12825.63	
568.507	12885.22	
568.705	12817.64	
568.903	12885.22	
569.101	12943.79	
569.299	12974.1	
569.497	12920.86	
569.694	12980.66	
569.892	12863.72	
570.09	12816	
570.288	12718.72	
570.486	12648.27	
570.683	12617.35	
570.881	12612.23	
571.079	12535.43	
571.276	12510.03	
571.474	12495.49	
571.672	12442.25	
571.869	12469.28	
572.067	12511.06	
572.265	12596.05	
572.462	12716.47	
572.66	12865.36	
572.857	12952.81	
573.055	13025.92	
573.253	13008.1	
573.45	12917.58	
573.648	12847.13	
573.845	12777.91	
574.043	12705.41	
574.24	12523.96	
574.438	12327.36	
574.635	12117.03	
574.832	11855.5	
575.03	11656.85	
575.227	11768.26	
575.425	11896.67	
575.622	11991.9	
575.82	12102.9	
576.017	12215.13	
576.214	12127.88	
576.412	12109.25	
576.609	12059.07	
576.806	12085.29	
577.004	12095.93	
577.201	12175.19	
577.398	12225.37	
577.595	12337.6	
577.793	12413.98	
577.99	12405.38	
578.187	12314.04	
578.384	12249.12	
578.582	12183.38	
578.779	12161.47	
578.976	12160.04	
579.173	12303.39	
579.37	12323.26	
579.567	12348.86	
579.764	12315.07	
579.962	12345.17	
580.159	12258.75	
580.356	12293.97	
580.553	12276.57	
580.75	12298.48	
580.947	12207.75	
581.144	12266.94	
581.341	12160.04	
581.538	12185.02	
581.735	12120.31	
581.932	12149.39	
582.129	11958.72	
582.326	12003.98	
582.523	11863.08	
582.72	11831.13	
582.916	11751.67	
583.113	11756.38	
583.31	11713.99	
583.507	11730.37	
583.704	11760.27	
583.901	11872.91	
584.098	11890.73	
584.294	11845.47	
584.491	11812.09	
584.688	11726.69	
584.885	11532.95	
585.082	11614.46	
585.278	11635.14	
585.475	11619.78	
585.672	11585.99	
585.868	11635.55	
586.065	11494.86	
586.262	11392.87	
586.458	11423.18	
586.655	11501.2	
586.852	11481.34	
587.048	11496.9	
587.245	11551.79	
587.442	11608.52	
587.638	11571.04	
587.835	11660.13	
588.031	11681.84	
588.228	11678.15	
588.424	11595.41	
588.621	11600.12	
588.817	11457.99	
589.014	11468.03	
589.21	11428.3	
589.407	11377.51	
589.603	11239.06	
589.8	11238.45	
589.996	11140.97	
590.192	11069.9	
590.389	11027.1	
590.585	11059.66	
590.782	10991.87	
590.978	11079.53	
591.174	11121.72	
591.371	11154.07	
591.567	11179.88	
591.763	11272.04	
591.959	11189.09	
592.156	11191.35	
592.352	11189.91	
592.548	11197.08	
592.744	11155.71	
592.941	11143.42	
593.137	11091.82	
593.333	11026.49	
593.529	11042.25	
593.725	11037.14	
593.922	11000.68	
594.118	11060.07	
594.314	11057.61	
594.51	11077.89	
594.706	11068.06	
594.902	11141.79	
595.098	11112.5	
595.294	11152.44	
595.49	11047.99	
595.686	11081.17	
595.882	10988.39	
596.078	11023	
596.274	11051.88	
596.47	11098.37	
596.666	11040.21	
596.862	10992.69	
597.058	10921.83	
597.254	10842.58	
597.45	10717.04	
597.646	10738.75	
597.842	10773.97	
598.037	10810.02	
598.233	10819.03	
598.429	10884.15	
598.625	10815.75	
598.821	10731.99	
599.017	10661.74	
599.212	10702.29	
599.408	10709.05	
599.604	10691.85	
599.8	10772.54	
599.995	10735.67	
600.191	10710.69	
600.387	10660.1	
600.582	10717.65	
600.778	10737.93	
600.974	10813.29	
601.169	10760.25	
601.365	10826.6	
601.561	10802.64	
601.756	10774.38	
601.952	10801.41	
602.147	10845.45	
602.343	10918.15	
602.538	11062.12	
602.734	11159.6	
602.93	11262.41	
603.125	11325.9	
603.321	11321.19	
603.516	11239.27	
603.711	11199.95	
603.907	11118.44	
604.102	11050.86	
604.298	10991.06	
604.493	10932.07	
604.689	10895.01	
604.884	10799.16	
605.079	10764.76	
605.275	10720.52	
605.47	10675.87	
605.665	10652.32	
605.861	10730.55	
606.056	10743.87	
606.251	10659.69	
606.447	10679.97	
606.642	10664.2	
606.837	10601.94	
607.032	10641.06	
607.227	10717.04	
607.423	10790.97	
607.618	10853.64	
607.813	10872.68	
608.008	10882.51	
608.203	11018.7	
608.398	11049.01	
608.594	11007.23	
608.789	11004.37	
608.984	11045.33	
609.179	11009.9	
609.374	10987.37	
609.569	11083.42	
609.764	11143.02	
609.959	11168.82	
610.154	11203.84	
610.349	11342.9	
610.544	11423.59	
610.739	11529.67	
610.934	11591.32	
611.129	11706.62	
611.324	11721.57	
611.519	11729.96	
611.714	11772.77	
611.909	11803.69	
612.103	11858.37	
612.298	11920.83	
612.493	12049.65	
612.688	12169.87	
612.883	12316.5	
613.078	12364.22	
613.272	12524.98	
613.467	12645.2	
613.662	12722.61	
613.857	12762.55	
614.051	12777.91	
614.246	12622.88	
614.441	12482.39	
614.635	12313.22	
614.83	12197.72	
615.025	12072.79	
615.219	12087.95	
615.414	12050.88	
615.609	12117.23	
615.803	12146.11	
615.998	12299.91	
616.192	12314.86	
616.387	12372	
616.582	12404.36	
616.776	12464.57	
616.971	12390.23	
617.165	12406.61	
617.36	12362.58	
617.554	12360.33	
617.749	12395.96	
617.943	12448.8	
618.138	12449	
618.332	12517.41	
618.526	12494.47	
618.721	12437.13	
618.915	12442.04	
619.11	12466	
619.304	12376.71	
619.498	12346.4	
619.693	12337.39	
619.887	12245.85	
620.081	12110.89	
620.275	12129.11	
620.47	12140.17	
620.664	12123.58	
620.858	12108.43	
621.052	12193.83	
621.247	12302.17	
621.441	12334.52	
621.635	12392.89	
621.829	12574.55	
622.023	12703.57	
622.218	12772.79	
622.412	12906.52	
622.606	12962.23	
622.8	13009.53	
622.994	13033.49	
623.188	13047.63	
623.382	13075.68	
623.576	13123.81	
623.77	13091.86	
623.964	13079.37	
624.158	13049.88	
624.352	12923.72	
624.546	12872.93	
624.74	12805.76	
624.934	12710.12	
625.128	12659.33	
625.322	12606.08	
625.516	12523.14	
625.71	12426.48	
625.904	12391.05	
626.098	12395.96	
626.291	12437.54	
626.485	12464.98	
626.679	12523.35	
626.873	12651.14	
627.067	12645.4	
627.26	12695.17	
627.454	12757.84	
627.648	12810.88	
627.842	12784.26	
628.035	12807.6	
628.229	12777.29	
628.423	12731.01	
628.617	12695.99	
628.81	12643.36	
629.004	12615.5	
629.198	12598.71	
629.391	12505.12	
629.585	12548.33	
629.778	12447.57	
629.972	12404.56	
630.166	12343.94	
630.359	12323.46	
630.553	12162.49	
630.746	12163.93	
630.94	12114.78	
631.133	11987.8	
631.327	11911	
631.52	11879.26	
631.714	11808.6	
631.907	11737.54	
632.1	11835.23	
632.294	11932.51	
632.487	11967.53	
632.681	12090.41	
632.874	12156.15	
633.067	12195.06	
633.261	12159.22	
633.454	12146.31	
633.647	12111.09	
633.841	12054.57	
634.034	12020.57	
634.227	12017.5	
634.421	11978.59	
634.614	11965.89	
634.807	11969.37	
635	11877.42	
635.193	11856.53	
635.387	11851.82	
635.58	11765.19	
635.773	11747.99	
635.966	11732.83	
636.159	11685.93	
636.352	11577.18	
636.545	11532.33	
636.739	11424.82	
636.932	11370.34	
637.125	11272.24	
637.318	11267.53	
637.511	11296.41	
637.704	11251.76	
637.897	11266.71	
638.09	11211.62	
638.283	11166.36	
638.476	11069.29	
638.669	11052.7	
638.862	10989.42	
639.055	10967.09	
639.247	10971.19	
639.44	10948.66	
639.633	11018.09	
639.826	10982.66	
640.019	10993.51	
640.212	11009.08	
640.405	11044.1	
640.597	10957.67	
640.79	11012.15	
640.983	11050.24	
641.176	11023.41	
641.368	11080.55	
641.561	11147.11	
641.754	11144.04	
641.947	11257.29	
642.139	11373.21	
642.332	11348.02	
642.525	11415.8	
642.717	11477.86	
642.91	11350.88	
643.103	11310.13	
643.295	11275.31	
643.488	11234.35	
643.68	11148.54	
643.873	11186.84	
644.065	11169.64	
644.258	11166.77	
644.45	11108.81	
644.643	11111.48	
644.835	11119.67	
645.028	11045.12	
645.22	11034.47	
645.413	11017.47	
645.605	11017.27	
645.798	11035.91	
645.99	11128.27	
646.182	11129.09	
646.375	11171.07	
646.567	11178.85	
646.76	11084.24	
646.952	11005.8	
647.144	10949.89	
647.337	10870.43	
647.529	10805.51	
647.721	10790.76	
647.913	10711.1	
648.106	10593.34	
648.298	10505.69	
648.49	10421.72	
648.682	10280.21	
648.874	10208.73	
649.067	10239.66	
649.259	10183.54	
649.451	10115.14	
649.643	10129.88	
649.835	10154.05	
650.027	10112.68	
650.219	10106.54	
650.411	10107.56	
650.603	10119.85	
650.796	10137.46	
650.988	10159.17	
651.18	10231.05	
651.372	10300.89	
651.564	10297.82	
651.756	10222.04	
651.948	10199.72	
652.139	10136.44	
652.331	10088.31	
652.523	10052.68	
652.715	10043.46	
652.907	10001.68	
653.099	9991.85	
653.291	9981	
653.483	9971.99	
653.674	9992.88	
653.866	9995.33	
654.058	9920.79	
654.25	9904.4	
654.442	9894.57	
654.633	9803.64	
654.825	9734.01	
655.017	9746.51	
655.209	9624.24	
655.4	9543.14	
655.592	9473.72	
655.784	9489.69	
655.975	9407.57	
656.167	9400.81	
656.359	9367.84	
656.55	9369.47	
656.742	9273.42	
656.933	9370.29	
657.125	9366.4	
657.316	9345.31	
657.508	9314.18	
657.7	9354.52	
657.891	9241.07	
658.083	9246.8	
658.274	9273.63	
658.466	9294.52	
658.657	9305.58	
658.848	9210.55	
659.04	9185.98	
659.231	9097.71	
659.423	9051.63	
659.614	8936.53	
659.805	9082.14	
659.997	9078.05	
660.188	9077.64	
660.379	9083.78	
660.571	9097.5	
660.762	8989.58	
660.953	8944.93	
661.145	8948.21	
661.336	8893.53	
661.527	9076.2	
661.718	9145.22	
661.909	9163.24	
662.101	9205.64	
662.292	9293.49	
662.483	9110.82	
662.674	9088.9	
662.865	9144.2	
663.056	9122.9	
663.247	9083.17	
663.439	9126.79	
663.63	9108.56	
663.821	8992.65	
664.012	8956.81	
664.203	8965.21	
664.394	8888.2	
664.585	8808.33	
664.776	8687.09	
664.967	8613.57	
665.158	8443.18	
665.349	8402.42	
665.54	8272.99	
665.73	8300.23	
665.921	8170.59	
666.112	8126.77	
666.303	8027.44	
666.494	8136.19	
666.685	8054.68	
666.876	8088.88	
667.066	8102.81	
667.257	8101.58	
667.448	7960.88	
667.639	7966.62	
667.83	7961.91	
668.02	7912.96	
668.211	7858.07	
668.402	7941.22	
668.592	7859.92	
668.783	7795.81	
668.974	7794.38	
669.164	7819.16	
669.355	7724.96	
669.546	7771.85	
669.736	7791.72	
669.927	7764.07	
670.117	7654.51	
670.308	7595.11	
670.499	7530.81	
670.689	7469.98	
670.88	7396.87	
671.07	7452.17	
671.261	7411.82	
671.451	7447.66	
671.641	7356.94	
671.832	7379.46	
672.022	7328.88	
672.213	7285.05	
672.403	7225.87	
672.594	7305.74	
672.784	7307.58	
672.974	7304.71	
673.165	7279.32	
673.355	7273.38	
673.545	7280.55	
673.736	7320.89	
673.926	7258.02	
674.116	7343.62	
674.306	7285.46	
674.497	7177.74	
674.687	7042.78	
674.877	6960.45	
675.067	6819.55	
675.257	6751.97	
675.448	6647.31	
675.638	6612.7	
675.828	6545.94	
676.018	6566.42	
676.208	6530.78	
676.398	6574.41	
676.588	6517.06	
676.778	6548.4	
676.968	6485.73	
677.158	6497.81	
677.348	6413.23	
677.538	6391.73	
677.728	6398.69	
677.918	6350.36	
678.108	6284.62	
678.298	6303.66	
678.488	6269.67	
678.678	6270.28	
678.868	6302.64	
679.058	6312.47	
679.248	6303.05	
679.438	6304.69	
679.627	6265.57	
679.817	6191.23	
680.007	6136.14	
680.197	6099.07	
680.387	6042.55	
680.576	5991.55	
680.766	5949.78	
680.956	5927.25	
681.146	5947.73	
681.335	5914.76	
681.525	5836.73	
681.715	5823.83	
681.904	5816.25	
682.094	5721.63	
682.284	5673.91	
682.473	5696.03	
682.663	5688.66	
682.852	5612.27	
683.042	5602.03	
683.231	5575.41	
683.421	5527.89	
683.61	5449.87	
683.8	5422.63	
683.989	5367.74	
684.179	5394.98	
684.368	5314.09	
684.558	5314.91	
684.747	5309.38	
684.937	5261.86	
685.126	5222.34	
685.316	5244.25	
685.505	5209.23	
685.694	5245.27	
685.884	5337.43	
686.073	5293.61	
686.262	5285.82	
686.452	5338.25	
686.641	5290.74	
686.83	5211.69	
687.019	5215.17	
687.209	5204.32	
687.398	5170.52	
687.587	5143.7	
687.776	5109.49	
687.965	5072.43	
688.155	5067.1	
688.344	4996.24	
688.533	4988.66	
688.722	4981.91	
688.911	5087.58	
689.1	5115.64	
689.289	5183.43	
689.478	5175.03	
689.667	5180.97	
689.856	4996.65	
690.045	4907.97	
690.234	4803.73	
690.423	4820.94	
690.612	4725.91	
690.801	4763.39	
690.99	4713.62	
691.179	4712.8	
691.368	4617.16	
691.557	4662.42	
691.746	4596.68	
691.935	4565.76	
692.124	4490.39	
692.312	4439.19	
692.501	4345.4	
692.69	4361.17	
692.879	4347.45	
693.068	4340.07	
693.256	4337	
693.445	4401.1	
693.634	4327.38	
693.823	4306.08	
694.011	4318.77	
694.2	4331.88	
694.389	4251.4	
694.577	4287.44	
694.766	4258.97	
694.955	4221.09	
695.143	4154.94	
695.332	4155.76	
695.52	4113.36	
695.709	4142.65	
695.897	4124.42	
696.086	4069.54	
696.275	3994.58	
696.463	3982.7	
696.652	3907.95	
696.84	3920.03	
697.028	3946.45	
697.217	3947.48	
697.405	3944.2	
697.594	3984.55	
697.782	3934.98	
697.971	3911.23	
698.159	3942.77	
698.347	3955.87	
698.536	3935.6	
698.724	3963.66	
698.912	3965.7	
699.1	3931.09	
699.289	3928.23	
699.477	3907.13	
699.665	3841.19	
699.854	3774.01	
700.042	3767.87	
700.23	3724.86	
700.418	3675.3	
700.606	3644.99	
700.794	3658.71	
700.983	3615.71	
701.171	3556.93	
701.359	3510.24	
701.547	3538.5	
701.735	3550.17	
701.923	3493.65	
702.111	3450.84	
702.299	3417.05	
702.487	3404.15	
702.675	3322.44	
702.863	3321.41	
703.051	3313.43	
703.239	3379.58	
703.427	3306.05	
703.615	3294.99	
703.803	3257.11	
703.991	3254.03	
704.179	3171.71	
704.367	3201.81	
704.554	3230.69	
704.742	3249.94	
704.93	3305.64	
705.118	3368.93	
705.306	3307.9	
705.493	3280.25	
705.681	3226.39	
705.869	3193.82	
706.057	3087.33	
706.244	3089.99	
706.432	3046.78	
706.62	3093.68	
706.807	2988.82	
706.995	3062.96	
707.183	2979.81	
707.37	3010.12	
707.558	2984.93	
707.746	3073.61	
707.933	3025.48	
708.121	3098.8	
708.308	3037.15	
708.496	3003.16	
708.683	2889.7	
708.871	2908.54	
709.058	2827.24	
709.246	2820.68	
709.433	2752.28	
709.621	2766	
709.808	2678.35	
709.995	2755.35	
710.183	2732.42	
710.37	2764.98	
710.558	2726.89	
710.745	2728.12	
710.932	2649.06	
711.12	2652.55	
711.307	2628.79	
711.494	2618.35	
711.681	2595.2	
711.869	2536.84	
712.056	2515.33	
712.243	2492.8	
712.43	2427.47	
712.618	2420.51	
712.805	2377.5	
712.992	2341.66	
713.179	2291.08	
713.366	2307.05	
713.553	2319.75	
713.74	2352.72	
713.928	2289.65	
714.115	2333.06	
714.302	2289.65	
714.489	2268.35	
714.676	2235.17	
714.863	2323.64	
715.05	2293.13	
715.237	2291.49	
715.424	2212.03	
715.611	2263.64	
715.798	2218.79	
715.984	2185.4	
716.171	2207.11	
716.358	2225.14	
716.545	2171.68	
716.732	2136.25	
716.919	2074.61	
717.106	2002.73	
717.293	1982.45	
717.479	1990.23	
717.666	1923.06	
717.853	1952.14	
718.04	1998.02	
718.226	2005.39	
718.413	1946.82	
718.6	2004.77	
718.786	2026.48	
718.973	2045.73	
719.16	1996.38	
719.346	2012.35	
719.533	1986.75	
719.72	2023.61	
719.906	1981.43	
720.093	2021.98	
720.279	1981.84	
720.466	2001.7	
720.652	1975.08	
720.839	1991.26	
721.025	1985.93	
721.212	2013.58	
721.398	1979.79	
721.585	1990.23	
721.771	1959.92	
721.958	1917.12	
722.144	1916.1	
722.331	1847.08	
722.517	1760.66	
722.703	1755.54	
722.89	1705.16	
723.076	1690.62	
723.262	1754.92	
723.449	1732.8	
723.635	1653.75	
723.821	1667.68	
724.007	1636.34	
724.194	1596	
724.38	1590.06	
724.566	1616.07	
724.752	1643.1	
724.938	1664.2	
725.125	1710.48	
725.311	1757.99	
725.497	1738.33	
725.683	1698.19	
725.869	1643.72	
726.055	1597.23	
726.241	1535.17	
726.427	1540.5	
726.613	1514.29	
726.799	1586.17	
726.985	1540.7	
727.171	1577.77	
727.357	1621.8	
727.543	1680.38	
727.729	1612.38	
727.915	1651.09	
728.101	1647.81	
728.287	1598.25	
728.473	1562.82	
728.659	1571.63	
728.845	1515.1	
729.03	1463.7	
729.216	1473.74	
729.402	1439.53	
729.588	1410.25	
729.774	1417.42	
729.959	1406.36	
730.145	1426.22	
730.331	1467.18	
730.517	1470.87	
730.702	1503.23	
730.888	1513.88	
731.074	1418.65	
731.259	1400.83	
731.445	1425.61	
731.63	1375.02	
731.816	1347.79	
732.002	1456.94	
732.187	1472.92	
732.373	1436.87	
732.558	1471.89	
732.744	1530.46	
732.929	1462.27	
733.115	1351.88	
733.3	1276.93	
733.486	1230.64	
733.671	1129.88	
733.857	1088.72	
734.042	1161.01	
734.227	1196.24	
734.413	1254.19	
734.598	1332.63	
734.784	1323.82	
734.969	1268.53	
735.154	1304.57	
735.339	1277.95	
735.525	1286.35	
735.71	1328.53	
735.895	1299.66	
736.081	1277.54	
736.266	1242.72	
736.451	1175.35	
736.636	1198.08	
736.821	1210.78	
737.007	1161.22	
737.192	1175.96	
737.377	1142.37	
737.562	1046.73	
737.747	1065.98	
737.932	1100.6	
738.117	1047.55	
738.302	1116.77	
738.487	1143.4	
738.672	1111.86	
738.857	1111.65	
739.042	1125.17	
739.227	1116.77	
739.412	1084.62	
739.597	1080.12	
739.782	1113.7	
739.967	1062.09	
740.152	1046.94	
740.337	1079.3	
740.522	1075.61	
740.706	1027.48	
740.891	1112.27	
741.076	1092.61	
741.261	1088.31	
741.446	1113.5	
741.63	1089.74	
741.815	1059.23	
742	997.79	
742.185	964.41	
742.369	940.44	
742.554	917.3	
742.739	915.05	
742.923	948.02	
743.108	974.85	
743.293	973.83	
743.477	948.02	
743.662	929.39	
743.846	893.34	
744.031	870.61	
744.216	850.95	
744.4	920.58	
744.585	907.68	
744.769	957.85	
744.954	937.58	
745.138	912.8	
745.322	878.39	
745.507	833.34	
745.691	790.94	
745.876	782.34	
746.06	828.42	
746.244	839.89	
746.429	884.33	
746.613	857.3	
746.798	879.01	
746.982	832.72	
747.166	839.27	
747.35	788.89	
747.535	797.29	
747.719	774.56	
747.903	832.11	
748.087	775.58	
748.272	787.46	
748.456	827.19	
748.64	822.89	
748.824	791.35	
749.008	795.86	
749.192	777.63	
749.376	747.12	
749.56	716.81	
749.745	669.09	
749.929	705.95	
750.113	735.24	
750.297	681.99	
750.481	731.55	
750.665	762.89	
750.849	729.91	
751.033	721.93	
751.217	704.52	
751.4	684.45	
751.584	657.42	
751.768	663.97	
751.952	625.06	
752.136	667.25	
752.32	620.76	
752.504	644.51	
752.688	636.73	
752.871	627.72	
753.055	615.84	
753.239	635.91	
753.423	627.92	
753.606	589.83	
753.79	650.25	
753.974	655.78	
754.157	648.4	
754.341	609.08	
754.525	611.54	
754.708	570.79	
754.892	561.37	
755.076	591.88	
755.259	634.89	
755.443	580.82	
755.626	584.1	
755.81	615.23	
755.993	578.16	
756.177	523.27	
756.36	607.85	
756.544	591.88	
756.727	537.61	
756.911	572.22	
757.094	604.58	
757.278	564.64	
757.461	529.01	
757.644	546.62	
757.828	490.51	
758.011	489.69	
758.195	503.41	
758.378	526.75	
758.561	492.55	
758.744	466.34	
758.928	497.26	
759.111	488.05	
759.294	528.19	
759.477	559.11	
759.661	598.64	
759.844	565.87	
760.027	556.25	
760.21	507.3	
760.393	515.49	
760.576	516.72	
760.76	494.19	
760.943	465.52	
761.126	527.98	
761.309	556.45	
761.492	543.75	
761.675	530.65	
761.858	551.94	
762.041	491.94	
762.224	398.35	
762.407	397.53	
762.59	414.94	
762.773	375.61	
762.956	346.12	
763.139	385.44	
763.321	397.32	
763.504	343.67	
763.687	387.9	
763.87	427.84	
764.053	429.48	
764.236	461.22	
764.418	513.44	
764.601	475.56	
764.784	494.19	
764.967	524.5	
765.149	484.36	
765.332	485.59	
765.515	544.98	
765.697	479.86	
765.88	439.51	
766.063	439.92	
766.245	431.32	
766.428	368.45	
766.611	400.8	
766.793	430.91	
766.976	474.33	
767.158	432.55	
767.341	496.24	
767.523	500.54	
767.706	501.16	
767.888	446.27	
768.071	573.45	
768.253	521.23	
768.436	543.55	
768.618	534.74	
768.8	620.55	
768.983	569.97	
769.165	591.06	
769.348	518.56	
769.53	499.72	
769.712	397.94	
769.895	354.93	
770.077	354.52	
770.259	403.67	
770.441	394.87	
770.624	464.29	
770.806	500.34	
770.988	474.12	
771.17	464.7	
771.352	516.92	
771.535	530.24	
771.717	516.72	
771.899	528.39	
772.081	580.41	
772.263	511.8	
772.445	450.16	
772.627	385.04	
772.809	388.52	
772.991	354.32	
773.173	414.53	
773.355	427.02	
773.537	449.14	
773.719	413.91	
773.901	438.49	
774.083	369.27	
774.265	299.84	
774.447	286.12	
774.629	313.36	
774.811	285.91	
774.992	338.34	
775.174	341	
775.356	397.53	
775.538	371.11	
775.72	324.62	
775.901	298.2	
776.083	317.66	
776.265	264.61	
776.447	304.96	
776.628	357.39	
776.81	334.04	
776.992	384.42	
777.173	395.89	
777.355	363.12	
777.537	372.13	
777.718	385.24	
777.9	387.49	
778.081	396.91	
778.263	439.92	
778.444	387.49	
778.626	371.52	
778.807	303.94	
778.989	276.08	
779.17	200.51	
779.352	130.47	
779.533	100.57	
779.715	150.95	
779.896	91.36	
780.078	173.89	
780.259	256.42	
780.44	270.35	
780.622	226.93	
780.803	370.9	
780.984	330.56	
781.166	293.49	
781.347	312.74	
781.528	329.13	
781.709	249.87	
781.891	263.39	
782.072	284.89	
782.253	294.92	
782.434	286.53	
782.615	276.08	
782.796	257.04	
782.978	304.14	
783.159	313.77	
783.34	353.91	
783.521	355.13	
783.702	370.7	
783.883	334.04	
784.064	332.2	
784.245	257.24	
784.426	302.09	
784.607	261.95	
784.788	259.7	
784.969	202.36	
785.15	247	
785.331	145.63	
785.512	184.74	
785.692	176.76	
785.873	208.71	
786.054	167.54	
786.235	210.96	
786.416	233.08	
786.597	235.94	
786.777	221.81	
786.958	246.18	
787.139	261.34	
787.32	236.97	
787.5	251.1	
787.681	228.98	
787.862	242.7	
788.042	246.8	
788.223	218.54	
788.404	136.82	
788.584	161.81	
788.765	181.88	
788.946	178.6	
789.126	191.71	
789.307	279.36	
789.487	319.5	
789.668	252.53	
789.848	214.03	
790.029	156.07	
790.209	127.2	
790.39	61.87	
790.57	71.08	
790.75	169.59	
790.931	194.57	
791.111	156.07	
791.292	217.72	
791.472	235.12	
791.652	194.16	
791.833	208.5	
792.013	237.38	
792.193	166.31	
792.373	198.06	
792.554	164.88	
792.734	184.33	
792.914	158.33	
793.094	224.47	
793.275	230.62	
793.455	215.87	
793.635	239.02	
793.815	281.2	
793.995	238.4	
794.175	207.48	
794.355	287.14	
794.535	289.8	
794.715	270.55	
794.896	268.1	
795.076	237.99	
795.256	234.92	
795.436	156.28	
795.616	179.83	
795.795	209.11	
795.975	221.4	
796.155	210.96	
796.335	250.48	
796.515	262.98	
796.695	289.6	
796.875	342.03	
797.055	301.07	
797.234	295.95	
797.414	285.91	
797.594	239.42	
797.774	200.92	
797.954	162.01	
798.133	185.15	
798.313	127.2	
798.493	149.72	
798.672	104.87	
798.852	138.25	
799.032	64.12	
799.211	80.71	
799.391	51.01	
799.571	89.92	
799.75	63.71	
799.93	169.79	
800.109	177.78	
800.289	187.2	
800.468	154.43	
800.648	153.41	
800.827	103.85	
801.007	107.33	
801.186	54.9	
801.366	83.57	
801.545	111.43	
801.725	168.16	
801.904	125.15	
802.083	184.33	
802.263	172.46	
802.442	222.84	
802.621	146.04	
802.801	266.46	
802.98	299.02	
803.159	272.81	
803.338	210.34	
803.518	256.22	
803.697	144.81	
803.876	131.91	
804.055	162.01	
804.235	190.27	
804.414	140.1	
804.593	164.67	
804.772	123.1	
804.951	122.28	
805.13	44.05	
805.309	74.77	
805.488	91.15	
805.667	131.91	
805.846	135.59	
806.025	200.72	
806.204	241.47	
806.383	190.27	
806.562	139.89	
806.741	141.53	
806.92	139.28	
807.099	86.44	
807.278	71.9	
807.457	81.53	
807.636	99.75	
807.814	115.11	
807.993	112.66	
808.172	153	
808.351	168.56	
808.53	160.58	
808.708	127.4	
808.887	127.4	
809.066	215.67	
809.244	200.1	
809.423	166.93	
809.602	158.33	
809.78	188.23	
809.959	104.67	
810.138	132.52	
810.316	155.46	
810.495	185.36	
810.673	122.49	
810.852	128.02	
811.03	147.27	
811.209	152.39	
811.388	148.7	
811.566	180.44	
811.744	194.16	
811.923	149.11	
812.101	152.18	
812.28	223.25	
812.458	247.82	
812.637	202.97	
812.815	216.28	
812.993	238.2	
813.172	218.74	
813.35	137.64	
813.528	193.96	
813.706	174.91	
813.885	159.35	
814.063	83.78	
814.241	184.13	
814.419	198.67	
814.598	262.57	
814.776	232.67	
814.954	217.72	
815.132	177.78	
815.31	166.31	
815.488	64.94	
815.666	42	
815.844	33.19	
816.022	15.99	
816.201	-32.75	
816.379	48.96	
816.557	83.37	
816.735	104.46	
816.913	80.5	
817.09	124.12	
817.268	66.58	
817.446	37.29	
817.624	28.07	
817.802	139.89	
817.98	92.99	
818.158	89.51	
818.336	55.11	
818.514	90.74	
818.691	50.6	
818.869	116.14	
819.047	185.56	
819.225	227.34	
819.402	181.67	
819.58	213.83	
819.758	200.72	
819.935	141.94	
820.113	140.71	
820.291	157.3	
820.468	74.56	
820.646	72.31	
820.824	97.5	
821.001	188.23	
821.179	221.2	
821.356	245.36	
821.534	203.99	
821.711	172.46	
821.889	157.51	
822.066	153.82	
822.244	147.47	
822.421	190.07	
822.599	221.81	
822.776	136.21	
822.953	66.37	
823.131	29.1	
823.308	-14.52	
823.486	-10.84	
823.663	7.8	
823.84	62.28	
824.017	31.56	
824.195	38.52	
824.372	47.73	
824.549	57.16	
824.726	43.84	
824.904	62.89	
825.081	81.32	
825.258	25.21	
825.435	-1.62	
825.612	26.44	
825.789	10.05	
825.967	34.83	
826.144	98.52	
826.321	139.69	
826.498	126.99	
826.675	171.02	
826.852	86.85	
827.029	77.23	
827.206	86.85	
827.383	32.78	
827.56	76.82	
827.737	119	
827.914	123.51	
828.09	99.14	
828.267	137.03	
828.444	101.19	
828.621	89.51	
828.798	142.56	
828.975	97.09	
829.151	90.33	
829.328	89.31	
829.505	144.4	
829.682	47.53	
829.858	58.18	
830.035	96.07	
830.212	78.66	
830.389	38.72	
830.565	23.77	
830.742	100.37	
830.918	87.67	
831.095	95.25	
831.272	102.83	
831.448	124.74	
831.625	135.8	
831.801	145.22	
831.978	156.07	
832.154	113.88	
832.331	145.42	
832.507	66.99	
832.684	90.54	
832.86	122.9	
833.037	246.18	
833.213	208.91	
833.389	248.85	
833.566	153.61	
833.742	97.5	
833.918	-22.51	
834.095	-61.42	
834.271	-114.05	
834.447	-34.39	
834.624	-19.03	
834.8	7.18	
834.976	77.43	
835.152	103.85	
835.328	83.98	
835.505	98.52	
835.681	96.07	
835.857	31.35	
836.033	69.24	
836.209	165.7	
836.385	162.42	
836.561	192.32	
836.737	240.86	
836.913	158.33	
837.089	85.42	
837.265	114.5	
837.441	138.25	
837.617	125.76	
837.793	164.88	
837.969	157.92	
838.145	128.02	
838.321	94.63	
838.497	105.9	
838.673	140.3	
838.849	98.11	
839.025	149.72	
839.2	153.21	
839.376	187	
839.552	138.05	
839.728	189.66	
839.903	122.49	
840.079	141.33	
840.255	87.87	
840.431	183.92	
840.606	106.1	
840.782	173.68	
840.958	92.18	
841.133	99.34	
841.309	48.14	
841.484	114.5	
841.66	26.85	
841.835	43.43	
842.011	22.14	
842.186	47.53	
842.362	7.59	
842.537	60.64	
842.713	64.32	
842.888	88.49	
843.064	31.56	
843.239	45.28	
843.415	33.4	
843.59	90.13	
843.765	97.71	
843.941	138.05	
844.116	184.33	
844.291	147.68	
844.467	118.8	
844.642	125.76	
844.817	145.42	
844.992	92.79	
845.168	111.63	
845.343	134.36	
845.518	131.7	
845.693	130.27	
845.868	143.99	
846.043	119.62	
846.219	68.01	
846.394	102.83	
846.569	72.31	
846.744	48.55	
846.919	72.92	
847.094	198.47	
847.269	162.42	
847.444	143.37	
847.619	169.18	
847.794	267.48	
847.969	208.3	
848.144	205.84	
848.319	211.16	
848.494	218.74	
848.668	176.55	
848.843	178.6	
849.018	168.97	
849.193	155.46	
849.368	164.47	
849.542	169.18	
849.717	147.68	
849.892	144.81	
850.067	162.63	
850.241	172.25	
850.416	122.08	
850.591	135.8	
850.765	117.16	
850.94	163.85	
851.115	99.34	
851.289	122.69	
851.464	80.91	
851.639	117.57	
851.813	56.34	
851.988	136.21	
852.162	106.51	
852.337	112.45	
852.511	124.33	
852.686	198.87	
852.86	161.81	
853.035	170.41	
853.209	165.49	
853.383	188.23	
853.558	82.14	
853.732	95.45	
853.906	45.28	
854.081	68.42	
854.255	10.87	
854.429	72.72	
854.604	42.21	
854.778	131.29	
854.952	130.27	
855.126	163.65	
855.301	155.05	
855.475	137.44	
855.649	94.84	
855.823	73.54	
855.997	50.81	
856.171	63.09	
856.345	51.83	
856.52	57.97	
856.694	82.76	
856.868	112.04	
857.042	91.56	
857.216	177.99	
857.39	181.67	
857.564	147.47	
857.738	117.37	
857.912	104.05	
858.085	49.99	
858.259	51.42	
858.433	79.68	
858.607	60.02	
858.781	64.73	
858.955	33.81	
859.129	18.86	
859.302	28.28	
859.476	21.73	
859.65	106.1	
859.824	101.8	
859.997	110.81	
860.171	123.3	
860.345	165.7	
860.519	119.21	
860.692	141.33	
860.866	166.72	
861.039	166.11	
861.213	164.06	
861.387	121.26	
861.56	114.09	
861.734	131.09	
861.907	103.23	
862.081	84.8	
862.254	137.44	
862.428	183.31	
862.601	130.27	
862.775	145.22	
862.948	245.36	
863.122	217.31	
863.295	175.73	
863.468	165.49	
863.642	116.75	
863.815	44.66	
863.988	51.42	
864.162	65.35	
864.335	49.17	
864.508	96.89	
864.682	123.3	
864.855	111.84	
865.028	96.27	
865.201	167.75	
865.374	134.98	
865.548	158.33	
865.721	156.07	
865.894	242.91	
866.067	199.08	
866.24	233.9	
866.413	208.71	
866.586	217.92	
866.759	98.32	
866.932	87.87	
867.105	57.36	
867.278	-31.52	
867.451	-63.06	
867.624	11.49	
867.797	52.24	
867.97	60.02	
868.143	88.08	
868.316	119.62	
868.489	42.61	
868.661	23.98	
868.834	38.93	
869.007	104.46	
869.18	97.5	
869.353	141.12	
869.525	176.96	
869.698	140.51	
869.871	94.63	
870.044	102.83	
870.216	125.35	
870.389	72.11	
870.562	107.13	
870.734	149.11	
870.907	113.06	
871.079	113.47	
871.252	94.22	
871.425	146.65	
871.597	71.49	
871.77	183.52	
871.942	146.65	
872.115	151.36	
872.287	110.81	
872.459	133.14	
872.632	56.95	
872.804	92.99	
872.977	59.82	
873.149	59.2	
873.321	30.53	
873.494	26.03	
873.666	50.6	
873.838	66.78	
874.011	6.98	
874.183	82.96	
874.355	64.94	
874.528	30.94	
874.7	60.64	
874.872	160.78	
875.044	163.24	
875.216	185.36	
875.388	233.28	
875.561	262.77	
875.733	172.46	
875.905	119.82	
876.077	58.38	
876.249	86.03	
876.421	31.76	
876.593	18.45	
876.765	54.7	
876.937	141.94	
877.109	62.07	
877.281	100.98	
877.453	114.29	
877.625	65.76	
877.797	9.23	
877.968	-8.17	
878.14	-41.76	
878.312	1.86	
878.484	-5.31	
878.656	31.15	
878.828	42.41	
878.999	121.46	
879.171	63.09	
879.343	61.46	
879.515	30.33	
879.686	4.73	
879.858	-55.69	
880.03	-16.16	
880.201	5.14	
880.373	0.63	
880.545	35.04	
880.716	70.88	
880.888	156.07	
881.059	185.97	
881.231	197.44	
881.402	230	
881.574	223.45	
881.745	162.01	
881.917	175.94	
882.088	187.61	
882.26	126.38	
882.431	143.78	
882.602	69.65	
882.774	56.13	
882.945	15.58	
883.116	3.5	
883.288	-50.16	
883.459	-10.22	
883.63	-20.87	
883.802	-4.69	
883.973	30.53	
884.144	80.71	
884.315	103.64	
884.487	138.25	
884.658	190.89	
884.829	217.51	
885	191.3	
885.171	201.33	
885.342	116.75	
885.513	92.59	
885.684	74.56	
885.855	111.84	
886.026	84.6	
886.197	164.26	
886.368	116.75	
886.539	140.92	
886.71	95.86	
886.881	114.7	
887.052	112.45	
887.223	156.28	
887.394	97.3	
887.565	154.84	
887.736	99.75	
887.907	99.75	
888.077	82.55	
888.248	91.97	
888.419	41.18	
888.59	60.02	
888.761	85.01	
888.931	91.97	
889.102	142.15	
889.273	132.32	
889.443	126.38	
889.614	57.16	
889.785	69.44	
889.955	51.01	
890.126	32.17	
890.296	103.64	
890.467	112.25	
890.637	191.71	
890.808	216.08	
890.978	255.6	
891.149	225.7	
891.319	317.25	
891.49	265.64	
891.66	265.02	
891.831	239.63	
892.001	260.11	
892.172	138.05	
892.342	125.97	
892.512	87.47	
892.683	150.75	
892.853	83.16	
893.023	139.07	
893.193	87.67	
893.364	109.17	
893.534	85.42	
893.704	168.77	
893.874	183.31	
894.044	216.28	
894.215	189.86	
894.385	212.39	
894.555	166.72	
894.725	197.65	
894.895	151.36	
895.065	177.99	
895.235	146.24	
895.405	221.2	
895.575	161.19	
895.745	227.5	
895.915	253.01	
