177.618	-756.98	
177.836	-743.16	
178.054	-737.52	
178.271	-568.36	
178.489	-337.15	
178.706	-201.78	
178.924	-77.87	
179.142	63.23	
179.359	54.83	
179.577	-72.34	
179.794	-65.59	
180.012	-74.39	
180.229	-111.26	
180.447	-78.9	
180.664	-25.24	
180.882	-34.46	
181.1	37.84	
181.317	25.34	
181.535	-5.79	
181.752	-13.98	
181.969	36.81	
182.187	31.69	
182.404	93.75	
182.622	85.96	
182.839	109.52	
183.057	108.49	
183.274	85.14	
183.492	75.11	
183.709	130.4	
183.926	84.12	
184.144	56.06	
184.361	83.51	
184.579	92.93	
184.796	10.39	
185.013	66.92	
185.231	39.47	
185.448	42.34	
185.666	57.5	
185.883	45	
186.1	36.4	
186.317	85.76	
186.535	11.01	
186.752	-1.89	
186.969	58.32	
187.187	125.08	
187.404	40.7	
187.621	154.98	
187.839	178.12	
188.056	162.97	
188.273	69.37	
188.49	169.52	
188.708	112.79	
188.925	153.14	
189.142	149.04	
189.359	148.63	
189.576	65.48	
189.794	38.25	
190.011	-22.78	
190.228	-11.52	
190.445	-4.76	
190.662	92.52	
190.879	110.74	
191.097	93.75	
191.314	94.16	
191.531	111.77	
191.748	18.59	
191.965	35.17	
192.182	33.33	
192.399	13.87	
192.616	42.96	
192.834	95.59	
193.051	63.23	
193.268	97.64	
193.485	86.58	
193.702	35.17	
193.919	8.14	
194.136	19.61	
194.353	-7.63	
194.57	29.23	
194.787	39.88	
195.004	144.33	
195.221	117.09	
195.438	159.28	
195.655	127.54	
195.872	207.41	
196.089	75.93	
196.306	124.47	
196.523	110.54	
196.74	162.15	
196.957	49.92	
197.173	105.83	
197.39	71.42	
197.607	82.89	
197.824	60.77	
198.041	109.52	
198.258	89.04	
198.475	154.98	
198.692	106.85	
198.909	54.42	
199.125	11.83	
199.342	61.8	
199.559	36.81	
199.776	69.99	
199.993	156.82	
200.21	169.93	
200.426	94.56	
200.643	81.05	
200.86	79.82	
201.077	84.33	
201.293	91.08	
201.51	113.82	
201.727	15.31	
201.944	-50.23	
202.16	-67.43	
202.377	-92	
202.594	-110.85	
202.811	-45.52	
203.027	-17.46	
203.244	-53.71	
203.461	-12.34	
203.677	75.31	
203.894	111.56	
204.111	133.07	
204.327	142.69	
204.544	119.35	
204.761	94.36	
204.977	42.75	
205.194	5.27	
205.41	67.74	
205.627	66.71	
205.844	52.38	
206.06	67.94	
206.277	123.65	
206.493	68.56	
206.71	92.11	
206.926	71.22	
207.143	134.3	
207.36	43.57	
207.576	99.89	
207.793	97.02	
208.009	122.62	
208.226	58.52	
208.442	105.62	
208.659	67.12	
208.875	56.68	
209.092	7.53	
209.308	-2.3	
209.524	-5.58	
209.741	55.04	
209.957	108.49	
210.174	138.19	
210.39	149.04	
210.607	146.38	
210.823	21.86	
211.039	-46.74	
211.256	26.16	
211.472	-19.51	
211.688	40.91	
211.905	107.47	
212.121	115.04	
212.338	45	
212.554	88.01	
212.77	51.97	
212.987	52.17	
213.203	111.15	
213.419	141.46	
213.635	140.44	
213.852	114.84	
214.068	83.1	
214.284	23.3	
214.501	49.71	
214.717	39.68	
214.933	74.09	
215.149	15.1	
215.365	-14.59	
215.582	-100.61	
215.798	-54.94	
216.014	-68.45	
216.23	1.59	
216.447	39.68	
216.663	54.42	
216.879	-3.12	
217.095	37.02	
217.311	51.15	
217.527	62.21	
217.743	81.87	
217.96	76.54	
218.176	54.83	
218.392	43.37	
218.608	55.24	
218.824	14.69	
219.04	37.84	
219.256	59.75	
219.472	27.19	
219.688	10.39	
219.904	92.72	
220.12	173.82	
220.336	137.37	
220.552	156.41	
220.768	181.81	
220.984	169.93	
221.2	60.57	
221.416	87.19	
221.632	62.82	
221.848	14.49	
222.064	-57.8	
222.28	-27.29	
222.496	-81.36	
222.712	2.2	
222.928	-10.09	
223.144	63.64	
223.36	61.59	
223.576	109.31	
223.792	58.93	
224.008	142.08	
224.224	122.83	
224.439	166.45	
224.655	131.63	
224.871	161.12	
225.087	112.59	
225.303	62.41	
225.519	28.01	
225.734	84.33	
225.95	58.11	
226.166	82.28	
226.382	101.12	
226.598	97.02	
226.813	90.67	
227.029	77.36	
227.245	42.34	
227.461	69.99	
227.677	93.54	
227.892	79.21	
228.108	68.35	
228.324	123.03	
228.539	59.95	
228.755	85.14	
228.971	86.37	
229.186	149.66	
229.402	114.02	
229.618	181.4	
229.833	133.27	
230.049	134.09	
230.265	41.93	
230.48	101.73	
230.696	92.11	
230.912	105.42	
231.127	100.5	
231.343	161.33	
231.558	59.34	
231.774	97.64	
231.99	170.34	
232.205	179.15	
232.421	117.09	
232.636	146.38	
232.852	85.14	
233.067	15.51	
233.283	18.79	
233.498	84.12	
233.714	107.88	
233.929	147.2	
234.145	112.38	
234.36	121.6	
234.576	147.61	
234.791	192.25	
235.007	201.26	
235.222	288.71	
235.438	246.73	
235.653	299.16	
235.868	246.11	
236.084	259.43	
236.299	272.33	
236.515	299.36	
236.73	188.98	
236.945	196.14	
237.161	123.65	
237.376	57.7	
237.592	44.59	
237.807	80.02	
238.022	78.59	
238.238	115.04	
238.453	71.22	
238.668	89.04	
238.883	4.04	
239.099	-4.56	
239.314	-45.93	
239.529	14.9	
239.745	31.69	
239.96	118.53	
240.175	110.33	
240.39	227.48	
240.605	200.85	
240.821	140.03	
241.036	132.04	
241.251	224	
241.466	140.03	
241.681	129.99	
241.897	166.65	
242.112	200.85	
242.327	89.65	
242.542	103.58	
242.757	128.56	
242.972	119.35	
243.188	40.5	
243.403	78.59	
243.618	68.56	
243.833	58.32	
244.048	76.34	
244.263	98.46	
244.478	84.53	
244.693	56.06	
244.908	68.35	
245.123	52.17	
245.338	101.94	
245.553	112.18	
245.768	106.03	
245.983	101.32	
246.198	54.02	
246.413	32.1	
246.628	27.19	
246.843	29.03	
247.058	28.83	
247.273	69.17	
247.488	44.59	
247.703	95.38	
247.918	101.32	
248.133	129.59	
248.348	102.35	
248.563	195.12	
248.778	135.11	
248.993	169.11	
249.207	204.95	
249.422	212.32	
249.637	71.63	
249.852	58.93	
250.067	22.68	
250.282	-61.9	
250.496	-82.79	
250.711	24.93	
250.926	27.39	
251.141	85.55	
251.356	96.61	
251.57	172.39	
251.785	113.41	
252	70.81	
252.215	47.87	
252.43	96.61	
252.644	96.41	
252.859	130.4	
253.074	178.12	
253.288	163.58	
253.503	109.72	
253.718	127.54	
253.932	191.43	
254.147	221.13	
254.362	219.9	
254.576	243.86	
254.791	190.82	
255.006	121.8	
255.22	131.43	
255.435	136.14	
255.65	161.74	
255.864	193.69	
256.079	155.39	
256.293	147.4	
256.508	145.97	
256.723	221.54	
256.937	145.15	
257.152	127.54	
257.366	102.35	
257.581	90.67	
257.795	-10.7	
258.01	105.01	
258.224	154.37	
258.439	166.04	
258.653	149.66	
258.868	159.28	
259.082	85.35	
259.297	52.58	
259.511	20.22	
259.726	4.66	
259.94	-29.13	
260.154	-68.86	
260.369	-31.39	
260.583	-3.53	
260.798	-19.71	
261.012	29.64	
261.226	79	
261.441	97.64	
261.655	95.59	
261.869	171.36	
262.084	144.74	
262.298	137.37	
262.512	64.26	
262.727	36.61	
262.941	55.24	
263.155	52.38	
263.37	26.37	
263.584	102.76	
263.798	117.71	
264.012	141.67	
264.227	118.73	
264.441	196.96	
264.655	118.12	
264.869	212.53	
265.084	123.24	
265.298	161.74	
265.512	88.22	
265.726	155.18	
265.94	73.88	
266.155	107.06	
266.369	97.02	
266.583	177.1	
266.797	172.59	
267.011	235.47	
267.225	276.63	
267.439	258.2	
267.654	195.33	
267.868	149.25	
268.082	38.66	
268.296	-80.95	
268.51	-122.11	
268.724	-87.5	
268.938	-121.91	
269.152	-50.02	
269.366	9.98	
269.58	57.09	
269.794	7.53	
270.008	124.26	
270.222	97.64	
270.436	85.55	
270.65	65.69	
270.864	115.66	
271.078	30.67	
271.292	51.15	
271.506	117.91	
271.72	148.02	
271.934	165.22	
272.148	160.51	
272.362	130.2	
272.575	144.74	
272.789	150.47	
273.003	117.09	
273.217	181.6	
273.431	165.02	
273.645	111.77	
273.859	149.04	
274.073	193.28	
274.286	167.88	
274.5	187.75	
274.714	162.56	
274.928	155.8	
275.142	102.96	
275.355	81.87	
275.569	112.38	
275.783	156.62	
275.997	118.94	
276.21	135.11	
276.424	201.88	
276.638	160.51	
276.852	173.41	
277.065	157.44	
277.279	178.53	
277.493	123.03	
277.706	202.7	
277.92	202.08	
278.134	165.83	
278.347	109.72	
278.561	85.14	
278.775	57.29	
278.988	16.13	
279.202	99.07	
279.415	159.9	
279.629	153.34	
279.843	144.94	
280.056	241.61	
280.27	235.47	
280.483	147.81	
280.697	180.58	
280.91	211.5	
281.124	230.35	
281.337	197.99	
281.551	295.06	
281.764	250.21	
281.978	214.78	
282.191	101.53	
282.405	137.78	
282.618	67.12	
282.832	101.32	
283.045	57.29	
283.259	113	
283.472	71.01	
283.686	79.82	
283.899	50.74	
284.112	71.42	
284.326	76.75	
284.539	109.31	
284.752	139.62	
284.966	179.76	
285.179	222.15	
285.393	210.89	
285.606	152.32	
285.819	179.35	
286.033	117.71	
286.246	173.82	
286.459	128.15	
286.672	166.65	
286.886	80.84	
287.099	181.6	
287.312	26.98	
287.525	38.25	
287.739	28.42	
287.952	101.94	
288.165	103.17	
288.378	167.06	
288.592	177.92	
288.805	168.5	
289.018	163.99	
289.231	111.77	
289.444	138.8	
289.657	88.01	
289.871	91.7	
290.084	48.9	
290.297	129.18	
290.51	95.79	
290.723	92.31	
290.936	160.3	
291.149	157.64	
291.362	148.43	
291.575	124.67	
291.789	158.26	
292.002	113.82	
292.215	146.17	
292.428	24.52	
292.641	73.47	
292.854	63.85	
293.067	35.79	
293.28	14.9	
293.493	34.56	
293.706	-43.67	
293.919	34.56	
294.132	6.71	
294.345	9.37	
294.558	13.47	
294.77	46.44	
294.983	-7.01	
295.196	86.37	
295.409	129.99	
295.622	208.43	
295.835	249.19	
296.048	280.52	
296.261	237.92	
296.474	222.36	
296.686	185.29	
296.899	193.69	
297.112	188.57	
297.325	186.72	
297.538	201.47	
297.751	231.78	
297.963	236.9	
298.176	226.25	
298.389	189.8	
298.602	187.75	
298.814	282.98	
299.027	246.52	
299.24	233.21	
299.453	312.06	
299.665	267	
299.878	118.53	
300.091	105.21	
300.303	104.8	
300.516	41.32	
300.729	38.66	
300.941	61.8	
301.154	35.99	
301.367	-8.24	
301.579	39.47	
301.792	88.42	
302.005	69.37	
302.217	68.97	
302.43	114.23	
302.642	57.09	
302.855	-18.89	
303.067	-16.23	
303.28	40.5	
303.493	-24.83	
303.705	60.57	
303.918	108.29	
304.13	168.5	
304.343	131.02	
304.555	212.53	
304.768	168.91	
304.98	196.35	
305.193	122.83	
305.405	175.25	
305.617	105.01	
305.83	111.97	
306.042	70.19	
306.255	84.33	
306.467	16.54	
306.68	26.16	
306.892	12.24	
307.104	41.93	
307.317	24.73	
307.529	115.45	
307.741	149.86	
307.954	183.45	
308.166	151.29	
308.378	220.31	
308.591	204.54	
308.803	221.54	
309.015	234.03	
309.228	286.87	
309.44	213.96	
309.652	183.65	
309.864	140.64	
310.077	57.7	
310.289	3.43	
310.501	46.03	
310.713	35.38	
310.926	89.04	
311.138	75.11	
311.35	118.12	
311.562	68.76	
311.774	107.67	
311.986	56.06	
312.199	158.05	
312.411	66.1	
312.623	94.97	
312.835	3.84	
313.047	10.39	
313.259	-20.33	
313.471	33.13	
313.683	18.18	
313.895	74.29	
314.108	52.79	
314.32	20.84	
314.532	-22.58	
314.744	-1.89	
314.956	58.11	
315.168	96.41	
315.38	72.65	
315.592	159.28	
315.804	161.94	
316.016	221.13	
316.228	238.13	
316.44	271.51	
316.651	262.91	
316.863	250.82	
317.075	120.57	
317.287	48.28	
317.499	36.4	
317.711	-7.01	
317.923	23.5	
318.135	-15.41	
318.347	46.44	
318.559	123.24	
318.77	180.78	
318.982	142.08	
319.194	175.05	
319.406	152.93	
319.618	55.04	
319.83	-21.96	
320.041	-12.75	
320.253	-9.68	
320.465	-23.81	
320.677	-15.41	
320.888	2	
321.1	3.02	
321.312	84.53	
321.524	99.48	
321.735	93.75	
321.947	67.94	
322.159	38.45	
322.37	-57.8	
322.582	-48.59	
322.794	19.4	
323.005	88.01	
323.217	120.57	
323.429	105.83	
323.64	147.61	
323.852	83.92	
324.063	34.76	
324.275	60.77	
324.487	119.55	
324.698	53.2	
324.91	100.09	
325.121	86.17	
325.333	25.55	
325.544	17.77	
325.756	72.65	
325.967	16.54	
326.179	73.06	
326.39	96.41	
326.602	116.07	
326.813	26.57	
327.025	56.68	
327.236	-25.24	
327.448	-37.12	
327.659	-113.1	
327.871	-66.81	
328.082	-60.67	
328.293	14.08	
328.505	52.99	
328.716	97.64	
328.928	79.41	
329.139	134.09	
329.35	97.84	
329.562	124.06	
329.773	150.27	
329.984	172.8	
330.196	104.8	
330.407	162.15	
330.618	100.71	
330.83	66.51	
331.041	70.4	
331.252	68.35	
331.463	30.46	
331.675	74.49	
331.886	136.14	
332.097	141.05	
332.308	157.03	
332.52	170.54	
332.731	153.75	
332.942	132.66	
333.153	166.04	
333.364	142.08	
333.575	103.99	
333.787	142.9	
333.998	60.98	
334.209	90.67	
334.42	76.34	
334.631	93.54	
334.842	73.68	
335.053	163.79	
335.264	96.2	
335.475	126.72	
335.686	119.55	
335.898	109.52	
336.109	23.09	
336.32	26.98	
336.531	13.06	
336.742	33.33	
336.953	-11.93	
337.164	3.64	
337.375	-29.13	
337.586	-38.76	
337.797	-91.8	
338.007	-36.51	
338.218	-51.05	
338.429	-4.15	
338.64	-6.4	
338.851	23.91	
339.062	-10.5	
339.273	94.36	
339.484	48.49	
339.695	15.72	
339.906	43.78	
340.116	80.84	
340.327	38.45	
340.538	56.06	
340.749	86.37	
340.96	52.79	
341.171	13.67	
341.381	-9.47	
341.592	-7.63	
341.803	-2.1	
342.014	24.73	
342.224	68.35	
342.435	70.6	
342.646	42.14	
342.857	31.49	
343.067	-9.06	
343.278	-1.08	
343.489	-0.05	
343.699	18.38	
343.91	23.91	
344.121	16.74	
344.331	-45.31	
344.542	-68.86	
344.753	-0.05	
344.963	25.96	
345.174	81.66	
345.384	152.11	
345.595	226.86	
345.806	174.64	
346.016	152.93	
346.227	159.69	
346.437	167.06	
346.648	118.94	
346.858	137.37	
347.069	105.21	
347.279	105.21	
347.49	28.42	
347.7	41.93	
347.911	-29.34	
348.121	18.99	
348.332	17.77	
348.542	-21.15	
348.753	-40.81	
348.963	28.62	
349.173	28.83	
349.384	37.84	
349.594	135.93	
349.805	203.72	
350.015	146.38	
350.225	156.62	
350.436	153.55	
350.646	171.77	
350.856	117.5	
351.067	138.8	
351.277	64.05	
351.487	17.77	
351.698	-59.85	
351.908	-69.07	
352.118	-50.02	
352.328	-15	
352.539	67.12	
352.749	68.97	
352.959	59.95	
353.169	64.46	
353.38	84.33	
353.59	58.11	
353.8	92.52	
354.01	113.41	
354.22	89.24	
354.431	176.28	
354.641	149.45	
354.851	148.02	
355.061	146.38	
355.271	221.13	
355.481	126.31	
355.691	117.3	
355.901	76.95	
356.111	81.66	
356.321	15.51	
356.532	29.03	
356.742	5.89	
356.952	21.66	
357.162	17.77	
357.372	25.14	
357.582	-3.74	
357.792	-24.22	
358.002	-39.17	
358.212	7.94	
358.422	34.15	
358.632	43.78	
358.842	69.17	
359.051	137.16	
359.261	84.94	
359.471	54.02	
359.681	73.68	
359.891	50.33	
360.101	-28.31	
360.311	-30.16	
360.521	-49.2	
360.731	-34.66	
360.94	2.2	
361.15	63.64	
361.36	72.45	
361.57	110.95	
361.78	110.95	
361.989	96.2	
362.199	73.47	
362.409	87.19	
362.619	60.36	
362.828	149.66	
363.038	168.09	
363.248	174.85	
363.458	168.91	
363.667	202.9	
363.877	106.24	
364.087	100.91	
364.296	66.51	
364.506	85.14	
364.716	54.63	
364.925	26.57	
365.135	-20.33	
365.345	-13.36	
365.554	-46.13	
365.764	39.68	
365.973	54.83	
366.183	149.86	
366.393	182.01	
366.602	201.06	
366.812	65.69	
367.021	118.32	
367.231	18.59	
367.44	-8.86	
367.65	-5.99	
367.859	54.83	
368.069	-17.46	
368.278	60.77	
368.488	71.01	
368.697	25.34	
368.907	-1.48	
369.116	127.95	
369.326	79.61	
369.535	83.3	
369.744	123.03	
369.954	138.6	
370.163	24.93	
370.373	51.35	
370.582	26.78	
370.791	7.12	
371.001	-31.18	
371.21	-16.64	
371.419	-55.76	
371.629	-70.71	
371.838	-84.22	
372.047	31.08	
372.256	0.77	
372.466	18.79	
372.675	-12.95	
372.884	-8.04	
373.093	-110.85	
373.303	-24.42	
373.512	-27.08	
373.721	28.01	
373.93	-17.66	
374.139	72.24	
374.349	-5.58	
374.558	56.68	
374.767	13.67	
374.976	29.44	
375.185	6.09	
375.394	-3.94	
375.603	-43.88	
375.813	-16.64	
376.022	-2.71	
376.231	-56.37	
376.44	-58.42	
376.649	-25.65	
376.858	7.12	
377.067	21.86	
377.276	55.45	
377.485	97.43	
377.694	72.24	
377.903	67.33	
378.112	33.13	
378.321	50.74	
378.53	49.51	
378.739	50.33	
378.948	36.61	
379.157	60.57	
379.366	84.53	
379.575	74.7	
379.784	44.8	
379.992	30.05	
380.201	90.06	
380.41	35.38	
380.619	0.56	
380.828	24.32	
381.037	17.77	
381.246	-82.99	
381.454	-125.39	
381.663	-41.83	
381.872	-64.36	
382.081	28.62	
382.29	90.06	
382.498	152.93	
382.707	154.78	
382.916	198.19	
383.125	95.18	
383.333	82.69	
383.542	71.01	
383.751	22.89	
383.959	44.8	
384.168	61.18	
384.377	138.6	
384.585	110.13	
384.794	69.17	
385.003	22.07	
385.211	34.76	
385.42	-66.41	
385.628	-40.19	
385.837	-10.91	
386.046	46.23	
386.254	93.75	
386.463	113.82	
386.671	161.53	
386.88	160.3	
387.088	125.08	
387.297	115.66	
387.505	129.18	
387.714	48.69	
387.922	46.64	
388.131	29.44	
388.339	22.89	
388.548	-27.9	
388.756	-11.11	
388.965	-8.65	
389.173	-42.03	
389.381	-38.14	
389.59	15.51	
389.798	47.87	
390.007	72.45	
390.215	82.69	
390.423	142.69	
390.632	137.57	
390.84	192.66	
391.048	145.35	
391.257	170.14	
391.465	77.57	
391.673	85.76	
391.882	22.07	
392.09	31.9	
392.298	24.73	
392.506	15.92	
392.715	28.62	
392.923	90.06	
393.131	141.05	
393.339	147.61	
393.547	131.22	
393.756	109.92	
393.964	41.73	
394.172	-9.88	
394.38	-50.23	
394.588	18.59	
394.796	2.61	
395.005	-18.69	
395.213	-26.06	
395.421	19.4	
395.629	-35.48	
395.837	-38.96	
396.045	-22.99	
396.253	5.68	
396.461	-23.19	
396.669	24.93	
396.877	48.69	
397.085	83.51	
397.293	65.48	
397.501	74.09	
397.709	64.66	
397.917	91.29	
398.125	87.19	
398.333	118.73	
398.541	91.49	
398.749	83.71	
398.957	24.11	
399.165	-35.89	
399.373	-22.78	
399.581	9.16	
399.788	12.85	
399.996	1.79	
400.204	39.07	
400.412	-2.1	
400.62	-46.74	
400.828	-44.49	
401.035	-9.27	
401.243	28.62	
401.451	55.86	
401.659	59.54	
401.867	63.85	
402.074	63.85	
402.282	9.78	
402.49	-60.06	
402.697	64.05	
402.905	22.89	
403.113	54.42	
403.321	15.31	
403.528	54.63	
403.736	-31.59	
403.944	-2.71	
404.151	-66.61	
404.359	-41.42	
404.566	-48.18	
404.774	-38.55	
404.982	-78.28	
405.189	-64.36	
405.397	-86.68	
405.604	-71.12	
405.812	-62.72	
406.02	-63.33	
406.227	-42.65	
406.435	-10.91	
406.642	21.86	
406.85	-5.58	
407.057	45.41	
407.265	64.26	
407.472	106.85	
407.679	66.3	
407.887	58.11	
408.094	31.69	
408.302	-24.42	
408.509	-31.79	
408.717	-19.71	
408.924	-4.35	
409.131	-1.89	
409.339	18.18	
409.546	6.91	
409.753	-4.15	
409.961	44.59	
410.168	40.5	
410.375	75.93	
410.583	68.15	
410.79	91.49	
410.997	62.21	
411.205	67.33	
411.412	63.85	
411.619	84.73	
411.826	68.97	
412.034	124.06	
412.241	150.68	
412.448	128.36	
412.655	63.64	
412.862	70.81	
413.07	-21.15	
413.277	-73.37	
413.484	-100.61	
413.691	-46.74	
413.898	-83.61	
414.105	-102.65	
414.312	-121.29	
414.519	-101.02	
414.727	-123.75	
414.934	-80.54	
415.141	-28.31	
415.348	51.56	
415.555	23.71	
415.762	17.15	
415.969	-49.2	
416.176	-39.78	
416.383	-58.83	
416.59	-61.7	
416.797	-60.88	
417.004	-0.26	
417.211	-39.58	
417.418	-47.36	
417.625	-21.76	
417.831	-29.34	
418.038	-22.99	
418.245	3.84	
418.452	-13.77	
418.659	-20.53	
418.866	-23.81	
419.073	-54.73	
419.28	-105.52	
419.486	-37.53	
419.693	-55.14	
419.9	-42.03	
420.107	-3.74	
420.314	55.24	
420.52	32.31	
420.727	110.95	
420.934	118.94	
421.141	68.15	
421.347	49.92	
421.554	28.21	
421.761	-79.1	
421.967	-61.49	
422.174	-0.87	
422.381	-5.17	
422.588	-52.07	
422.794	-30.98	
423.001	37.43	
423.207	1.59	
423.414	2	
423.621	14.08	
423.827	63.85	
424.034	24.73	
424.24	38.45	
424.447	23.09	
424.654	-18.07	
424.86	-56.37	
425.067	-133.37	
425.273	-169.62	
425.48	-88.73	
425.686	-6.4	
425.893	42.34	
426.099	54.42	
426.306	86.99	
426.512	39.27	
426.718	54.42	
426.925	12.03	
427.131	-11.32	
427.338	-22.58	
427.544	-38.76	
427.75	-106.14	
427.957	-116.58	
428.163	-67.63	
428.37	-66.81	
428.576	-42.44	
428.782	-36.3	
428.988	23.3	
429.195	-13.16	
429.401	-29.13	
429.607	-41.62	
429.814	40.09	
430.02	-2.51	
430.226	-14.39	
430.432	0.77	
430.639	13.26	
430.845	-19.92	
431.051	11.01	
431.257	55.86	
431.463	41.52	
431.67	-13.16	
431.876	-54.32	
432.082	-98.97	
432.288	-64.56	
432.494	-61.29	
432.7	4.66	
432.906	1.38	
433.112	25.75	
433.318	38.25	
433.525	63.64	
433.731	27.19	
433.937	81.87	
434.143	72.04	
434.349	41.11	
434.555	42.14	
434.761	40.29	
434.967	-18.69	
435.173	-10.5	
435.379	-8.04	
435.585	35.58	
435.791	80.02	
435.996	166.04	
436.202	196.55	
436.408	157.85	
436.614	122.01	
436.82	116.68	
437.026	40.29	
437.232	38.66	
437.438	33.13	
437.644	-37.73	
437.849	-53.91	
438.055	-49.82	
438.261	-93.03	
438.467	-104.29	
438.673	-61.08	
438.878	-125.39	
439.084	-111.26	
439.29	-47.56	
439.496	-14.39	
439.701	20.63	
439.907	29.03	
440.113	18.99	
440.318	-21.96	
440.524	-36.71	
440.73	-55.35	
440.935	-20.53	
441.141	-56.17	
441.347	15.31	
441.552	-16.43	
441.758	1.18	
441.964	-52.48	
442.169	10.39	
442.375	-77.26	
442.58	-15	
442.786	8.76	
442.991	41.11	
443.197	-30.98	
443.402	23.5	
443.608	33.33	
443.813	73.88	
444.019	101.32	
444.224	152.93	
444.43	74.29	
444.635	83.1	
444.841	-15	
445.046	55.45	
445.252	25.75	
445.457	40.5	
445.662	-25.45	
445.868	-35.07	
446.073	-123.34	
446.278	-128.87	
446.484	-124.16	
446.689	-113.92	
446.894	-109.41	
447.1	-104.5	
447.305	-31.79	
447.51	18.79	
447.716	9.57	
447.921	30.67	
448.126	76.13	
448.331	-11.11	
448.537	-24.22	
448.742	18.79	
448.947	-29.34	
449.152	-90.16	
449.357	-1.89	
449.563	21.45	
449.768	5.07	
449.973	25.75	
450.178	64.46	
450.383	-47.56	
450.588	-73.78	
450.793	-75.83	
450.999	8.55	
451.204	-26.27	
451.409	12.03	
451.614	-1.69	
451.819	15.51	
452.024	-37.53	
452.229	-2.1	
452.434	63.44	
452.639	31.9	
452.844	62.21	
453.049	1.59	
453.254	-38.35	
453.459	-67.84	
453.664	-8.65	
453.869	-29.75	
454.074	29.44	
454.279	72.86	
454.483	19.81	
454.688	-21.76	
454.893	29.85	
455.098	17.77	
455.303	-13.57	
455.508	39.27	
455.713	56.47	
455.917	-29.54	
456.122	6.5	
456.327	-18.48	
456.532	20.43	
456.737	-32.41	
456.941	-11.11	
457.146	-52.27	
457.351	-25.45	
457.555	-65.79	
457.76	-5.38	
457.965	11.62	
458.17	40.5	
458.374	85.96	
458.579	115.66	
458.784	70.19	
458.988	25.34	
459.193	-0.26	
459.397	-10.7	
459.602	-42.65	
459.807	51.76	
460.011	65.07	
460.216	75.93	
460.42	1.59	
460.625	-45.72	
460.829	-82.79	
461.034	-109.41	
461.239	-127.64	
461.443	-92.21	
461.648	-39.37	
461.852	-80.54	
462.056	-4.35	
462.261	14.9	
462.465	110.54	
462.67	86.58	
462.874	94.77	
463.079	31.08	
463.283	28.01	
463.487	-44.29	
463.692	-7.22	
463.896	-17.46	
464.1	-8.65	
464.305	-38.55	
464.509	-61.7	
464.713	-55.76	
464.918	10.8	
465.122	53.4	
465.326	59.34	
465.531	66.71	
465.735	20.43	
465.939	-16.64	
466.143	-57.8	
466.348	-56.58	
466.552	-103.06	
466.756	-54.12	
466.96	-20.94	
467.164	-9.06	
467.368	2.61	
467.573	64.87	
467.777	31.28	
467.981	-16.64	
468.185	-41.01	
468.389	-12.34	
468.593	-81.56	
468.797	-108.8	
469.001	-109	
469.205	-67.22	
469.409	-64.97	
469.613	-18.28	
469.817	8.96	
470.021	47.46	
470.225	37.63	
470.429	-1.89	
470.633	8.96	
470.837	15.92	
471.041	-16.84	
471.245	-64.15	
471.449	-44.29	
471.653	-36.3	
471.857	-9.47	
472.061	-45.52	
472.265	-11.52	
472.469	-5.99	
472.673	-41.62	
472.876	-74.8	
473.08	-50.02	
473.284	-13.77	
473.488	-40.19	
473.692	7.53	
473.895	48.9	
474.099	76.34	
474.303	65.48	
474.507	95.79	
474.71	90.06	
474.914	23.5	
475.118	2.2	
475.322	10.19	
475.525	-55.35	
475.729	-34.46	
475.933	-15.21	
476.136	94.36	
476.34	102.96	
476.543	182.01	
476.747	168.7	
476.951	190.21	
477.154	77.36	
477.358	134.09	
477.561	96.41	
477.765	76.34	
477.969	54.22	
478.172	62.21	
478.376	-11.72	
478.579	16.74	
478.783	26.57	
478.986	58.73	
479.19	46.03	
479.393	72.04	
479.596	78.59	
479.8	85.14	
480.003	60.16	
480.207	89.24	
480.41	57.29	
480.614	60.77	
480.817	16.33	
481.02	98.05	
481.224	142.49	
481.427	161.74	
481.63	187.13	
481.834	257.79	
482.037	148.43	
482.24	100.3	
482.443	97.84	
482.647	42.75	
482.85	2	
483.053	76.95	
483.256	20.22	
483.46	47.87	
483.663	62.21	
483.866	120.78	
484.069	86.17	
484.272	114.23	
484.476	98.25	
484.679	144.54	
484.882	165.42	
485.085	153.34	
485.288	178.33	
485.491	216.21	
485.694	168.5	
485.897	144.74	
486.101	197.58	
486.304	284.62	
486.507	229.32	
486.71	266.8	
486.913	264.96	
487.116	246.52	
487.319	210.48	
487.522	266.8	
487.725	341.75	
487.928	378.41	
488.13	409.34	
488.333	459.72	
488.536	504.36	
488.739	492.89	
488.942	539.18	
489.145	582.39	
489.348	589.35	
489.551	607.38	
489.754	660.21	
489.956	666.15	
490.159	702.81	
490.362	717.76	
490.565	736.4	
490.768	750.94	
490.97	886.31	
491.173	983.79	
491.376	1064.69	
491.579	1118.55	
491.781	1228.93	
491.984	1205.79	
492.187	1249	
492.39	1310.65	
492.592	1393.39	
492.795	1450.53	
492.998	1511.55	
493.2	1565.42	
493.403	1676.01	
493.605	1839.02	
493.808	1903.95	
494.011	1974.81	
494.213	2055.29	
494.416	2150.52	
494.618	2153.59	
494.821	2202.74	
495.023	2365.97	
495.226	2497.24	
495.428	2565.85	
495.631	2680.33	
495.833	2810.38	
496.036	2868.13	
496.238	2914.21	
496.441	3030.12	
496.643	3121.05	
496.846	3195.19	
497.048	3319.5	
497.25	3490.71	
497.453	3603.76	
497.655	3787.05	
497.858	3967.27	
498.06	4087.49	
498.262	4146.06	
498.465	4242.11	
498.667	4303.35	
498.869	4395.09	
499.071	4481.72	
499.274	4635.94	
499.476	4728.09	
499.678	4775.81	
499.881	4835.2	
500.083	4919.37	
500.285	4944.97	
500.487	5046.35	
500.689	5153.05	
500.892	5241.93	
501.094	5301.12	
501.296	5460.65	
501.498	5545.85	
501.7	5629.81	
501.902	5782.8	
502.104	5942.54	
502.306	6000.7	
502.509	6116.82	
502.711	6233.76	
502.913	6306.46	
503.115	6359.3	
503.317	6511.88	
503.519	6588.67	
503.721	6756.2	
503.923	6940.11	
504.125	7084.9	
504.327	7147.97	
504.529	7255.08	
504.731	7270.85	
504.933	7274.95	
505.134	7274.13	
505.336	7339.87	
505.538	7429.16	
505.74	7527.67	
505.942	7577.43	
506.144	7693.96	
506.346	7774.65	
506.548	7914.73	
506.749	8011.6	
506.951	8119.74	
507.153	8209.64	
507.355	8291.56	
507.557	8312.86	
507.758	8384.95	
507.96	8446.59	
508.162	8582.17	
508.363	8693.58	
508.565	8790.04	
508.767	8876.87	
508.969	8969.64	
509.17	9024.32	
509.372	9065.9	
509.574	9107.68	
509.775	9169.73	
509.977	9206.18	
510.178	9289.74	
510.38	9393.98	
510.582	9509.9	
510.783	9567.44	
510.985	9714.69	
511.186	9803.17	
511.388	9939.97	
511.589	10064.69	
511.791	10184.5	
511.992	10270.92	
512.194	10345.06	
512.395	10317	
512.597	10414.48	
512.798	10514.63	
513	10634.64	
513.201	10778.2	
513.403	11015.15	
513.604	11076.59	
513.805	11162.2	
514.007	11244.32	
514.208	11255.59	
514.409	11264.39	
514.611	11305.35	
514.812	11386.66	
515.013	11471.24	
515.215	11547.42	
515.416	11536.57	
515.617	11543.73	
515.819	11501.75	
516.02	11450.55	
516.221	11467.55	
516.422	11517.32	
516.623	11522.64	
516.825	11555.41	
517.026	11564.01	
517.227	11539.64	
517.428	11552.54	
517.629	11670.09	
517.83	11770.03	
518.032	11852.77	
518.233	11946.16	
518.434	11990.6	
518.635	12005.76	
518.836	12025.42	
519.037	12058.39	
519.238	12176.76	
519.439	12303.94	
519.64	12333.23	
519.841	12433.58	
520.042	12489.08	
520.243	12517.95	
520.444	12558.91	
520.645	12652.3	
520.846	12671.14	
521.047	12740.57	
521.248	12716.61	
521.449	12699.81	
521.65	12727.05	
521.851	12828.22	
522.052	12804.46	
522.252	12913.21	
522.453	12969.33	
522.654	12972.81	
522.855	12931.23	
523.056	12983.66	
523.257	12960.31	
523.457	13061.07	
523.658	13131.93	
523.859	13198.08	
524.06	13271.2	
524.26	13323.62	
524.461	13346.77	
524.662	13385.47	
524.862	13362.54	
525.063	13404.31	
525.264	13460.02	
525.464	13434.42	
525.665	13447.94	
525.866	13551.15	
526.066	13448.96	
526.267	13382.2	
526.468	13302.94	
526.668	13221.84	
526.869	13139.1	
527.069	13162.65	
527.27	13185.59	
527.47	13318.5	
527.671	13311.54	
527.871	13320.76	
528.072	13413.12	
528.272	13419.88	
528.473	13374.62	
528.673	13492.17	
528.874	13476.2	
529.074	13423.16	
529.275	13476.2	
529.475	13525.76	
529.675	13495.65	
529.876	13577.98	
530.076	13573.27	
530.277	13568.15	
530.477	13489.92	
530.677	13479.27	
530.878	13446.3	
531.078	13570.4	
531.278	13546.85	
531.478	13617.1	
531.679	13679.97	
531.879	13714.99	
532.079	13705.77	
532.28	13763.94	
532.48	13717.24	
532.68	13683.66	
532.88	13674.65	
533.08	13655.6	
533.28	13626.52	
533.481	13676.28	
533.681	13732.19	
533.881	13804.49	
534.081	13833.57	
534.281	13900.74	
534.481	13945.59	
534.681	13935.97	
534.881	13861.83	
535.081	13757.18	
535.281	13641.06	
535.481	13598.05	
535.682	13497.91	
535.882	13401.65	
536.082	13368.27	
536.281	13321.58	
536.481	13248.26	
536.681	13197.06	
536.881	13182.72	
537.081	13107.77	
537.281	13159.17	
537.481	13113.71	
537.681	13244.37	
537.881	13301.3	
538.081	13492.38	
538.281	13542.55	
538.48	13628.36	
538.68	13601.94	
538.88	13659.7	
539.08	13626.31	
539.28	13600.1	
539.479	13642.08	
539.679	13636.55	
539.879	13594.98	
540.079	13606.86	
540.278	13623.45	
540.478	13552.59	
540.678	13537.43	
540.877	13580.85	
541.077	13507.12	
541.277	13503.44	
541.476	13635.73	
541.676	13731.78	
541.876	13782.78	
542.075	13847.49	
542.275	13801.21	
542.474	13757.79	
542.674	13700.25	
542.874	13627.13	
543.073	13608.7	
543.273	13656.83	
543.472	13653.55	
543.672	13683.45	
543.871	13644.54	
544.071	13613.62	
544.27	13651.5	
544.47	13558.53	
544.669	13506.3	
544.868	13517.36	
545.068	13517.57	
545.267	13426.02	
545.467	13525.35	
545.666	13460.02	
545.865	13465.75	
546.065	13404.52	
546.264	13441.18	
546.463	13396.33	
546.663	13472.1	
546.862	13502	
547.061	13599.49	
547.261	13600.71	
547.46	13635.73	
547.659	13573.68	
547.858	13572.66	
548.058	13488.69	
548.257	13442.61	
548.456	13280.41	
548.655	13243.14	
548.854	13179.65	
549.053	13201.97	
549.253	13140.13	
549.452	13192.96	
549.651	13295.36	
549.85	13367.45	
550.049	13377.9	
550.248	13424.18	
550.447	13492.58	
550.646	13456.13	
550.845	13411.48	
551.044	13389.77	
551.243	13381.99	
551.442	13359.05	
551.641	13339.8	
551.84	13362.33	
552.039	13379.94	
552.238	13406.57	
552.437	13344.31	
552.636	13365.61	
552.835	13342.06	
553.034	13418.85	
553.233	13465.75	
553.432	13542.55	
553.63	13567.74	
553.829	13610.34	
554.028	13531.29	
554.227	13483.16	
554.426	13466.37	
554.625	13442.61	
554.823	13381.58	
555.022	13366.84	
555.221	13383.42	
555.42	13327.72	
555.618	13296.39	
555.817	13239.86	
556.016	13241.71	
556.214	13231.26	
556.413	13293.31	
556.612	13282.46	
556.81	13315.43	
557.009	13295.77	
557.208	13253.38	
557.406	13158.56	
557.605	13092.82	
557.803	13031.79	
558.002	12941.47	
558.201	12799.55	
558.399	12760.84	
558.598	12623.22	
558.796	12577.96	
558.995	12562.8	
559.193	12587.79	
559.392	12493.58	
559.59	12582.87	
559.789	12583.69	
559.987	12581.64	
560.185	12580.83	
560.384	12590.04	
560.582	12533.11	
560.781	12551.33	
560.979	12522.87	
561.177	12430.5	
561.376	12424.57	
561.574	12436.85	
561.772	12263.8	
561.971	12338.96	
562.169	12415.76	
562.367	12388.73	
562.566	12363.95	
562.764	12454.26	
562.962	12354.93	
563.16	12283.46	
563.358	12347.77	
563.557	12382.99	
563.755	12390.77	
563.953	12407.16	
564.151	12447.09	
564.349	12447.5	
564.547	12427.43	
564.746	12378.08	
564.944	12317.05	
565.142	12287.97	
565.34	12187.62	
565.538	12111.43	
565.736	12148.09	
565.934	12117.58	
566.132	12124.74	
566.33	12189.46	
566.528	12293.91	
566.726	12273.84	
566.924	12391.18	
567.122	12394.67	
567.32	12373.98	
567.518	12312.75	
567.716	12335.27	
567.914	12238	
568.112	12201.95	
568.31	12188.43	
568.507	12185.16	
568.705	12079.48	
568.903	12084.4	
569.101	12110.41	
569.299	12139.28	
569.497	12115.32	
569.694	12114.91	
569.892	12064.74	
570.09	12018.25	
570.288	11919.13	
570.486	11922.61	
570.683	11966.03	
570.881	11980.98	
571.079	11919.54	
571.276	11895.58	
571.474	11809.56	
571.672	11700.2	
571.869	11662.72	
572.067	11637.12	
572.265	11610.5	
572.462	11625.24	
572.66	11661.49	
572.857	11647.98	
573.055	11746.07	
573.253	11789.29	
573.45	11790.72	
573.648	11900.49	
573.845	12004.53	
574.043	12014.97	
574.24	11925.68	
574.438	11789.29	
574.635	11547.83	
574.832	11276.06	
575.03	11141.1	
575.227	11276.68	
575.425	11402.01	
575.622	11497.65	
575.82	11587.77	
576.017	11610.5	
576.214	11459.56	
576.412	11406.73	
576.609	11279.55	
576.806	11215.65	
577.004	11191.07	
577.201	11233.47	
577.398	11251.9	
577.595	11424.95	
577.793	11515.06	
577.99	11522.23	
578.187	11428.84	
578.384	11393.82	
578.582	11275.04	
578.779	11264.19	
578.976	11235.51	
579.173	11341.19	
579.37	11271.15	
579.567	11270.54	
579.764	11286.51	
579.962	11328.29	
580.159	11314.57	
580.356	11460.18	
580.553	11527.76	
580.75	11544.35	
580.947	11524.89	
581.144	11575.27	
581.341	11530.22	
581.538	11530.42	
581.735	11481.68	
581.932	11475.74	
582.129	11291.83	
582.326	11221.79	
582.523	11128.2	
582.72	11010.03	
582.916	10890.84	
583.113	10914.39	
583.31	10817.73	
583.507	10761	
583.704	10804.01	
583.901	10816.71	
584.098	10745.23	
584.294	10696.69	
584.491	10638.12	
584.688	10599.01	
584.885	10555.38	
585.082	10662.49	
585.278	10738.68	
585.475	10751.58	
585.672	10688.5	
585.868	10667.2	
586.065	10525.28	
586.262	10415.71	
586.458	10451.35	
586.655	10515.86	
586.852	10511.97	
587.048	10519.14	
587.245	10540.43	
587.442	10592.25	
587.638	10567.06	
587.835	10617.23	
588.031	10653.69	
588.228	10702.02	
588.424	10587.95	
588.621	10535.31	
588.817	10405.06	
589.014	10387.45	
589.21	10335.84	
589.407	10315.98	
589.603	10293.24	
589.8	10387.25	
589.996	10395.23	
590.192	10429.23	
590.389	10479.61	
590.585	10518.73	
590.782	10446.84	
590.978	10503.78	
591.174	10462.82	
591.371	10455.85	
591.567	10463.64	
591.763	10514.43	
591.959	10478.59	
592.156	10506.23	
592.352	10509.51	
592.548	10520.36	
592.744	10497.84	
592.941	10422.06	
593.137	10391.55	
593.333	10330.31	
593.529	10313.11	
593.725	10279.73	
593.922	10230.17	
594.118	10261.3	
594.314	10176.31	
594.51	10136.37	
594.706	10063.26	
594.902	10083.12	
595.098	9997.52	
595.294	10021.89	
595.49	9949.39	
595.686	10026.8	
595.882	9978.27	
596.078	10011.44	
596.274	10038.48	
596.47	10042.16	
596.666	9970.08	
596.862	9914.98	
597.058	9856.41	
597.254	9841.87	
597.45	9789.24	
597.646	9827.13	
597.842	9835.52	
598.037	9847.2	
598.233	9785.35	
598.429	9822.01	
598.625	9695.03	
598.821	9657.15	
599.017	9620.28	
599.212	9719.2	
599.408	9774.49	
599.604	9886.93	
599.8	9994.04	
599.995	10020.05	
600.191	10057.11	
600.387	10038.07	
600.582	10096.64	
600.778	10135.96	
600.974	10213.17	
601.169	10179.17	
601.365	10230.99	
601.561	10189	
601.756	10140.26	
601.952	10101.55	
602.147	10062.64	
602.343	10024.55	
602.538	10018	
602.734	10034.79	
602.93	10017.38	
603.125	10027.42	
603.321	10030.29	
603.516	10054.04	
603.711	10055.88	
603.907	10078.82	
604.102	10098.07	
604.298	10147.43	
604.493	10147.22	
604.689	10168.93	
604.884	10157.67	
605.079	10159.1	
605.275	10107.49	
605.47	10128.38	
605.665	10173.64	
605.861	10258.22	
606.056	10306.35	
606.251	10295.29	
606.447	10302.05	
606.642	10300.21	
606.837	10236.52	
607.032	10278.29	
607.227	10287.72	
607.423	10307.58	
607.618	10251.88	
607.813	10228.73	
608.008	10142.92	
608.203	10240.41	
608.398	10252.29	
608.594	10224.43	
608.789	10263.55	
608.984	10340.14	
609.179	10318.02	
609.374	10304.51	
609.569	10408.95	
609.764	10397.69	
609.959	10391.75	
610.154	10390.93	
610.349	10464.66	
610.544	10516.47	
610.739	10628.5	
610.934	10728.85	
611.129	10886.13	
611.324	10965.18	
611.519	11054.88	
611.714	11092.98	
611.909	11025.8	
612.103	11027.85	
612.298	10996.11	
612.493	10927.91	
612.688	10961.7	
612.883	11019.25	
613.078	10911.12	
613.272	10963.34	
613.467	10990.99	
613.662	10978.29	
613.857	11021.3	
614.051	11081.92	
614.246	10992.22	
614.441	10960.68	
614.635	10839.64	
614.83	10791.11	
615.025	10787.62	
615.219	10818.96	
615.414	10860.33	
615.609	11038.71	
615.803	11112.43	
615.998	11261.73	
616.192	11382.56	
616.387	11475.54	
616.582	11563.6	
616.776	11644.49	
616.971	11589.81	
617.165	11560.94	
617.36	11502.37	
617.554	11411.23	
617.749	11419.42	
617.943	11374.57	
618.138	11321.94	
618.332	11325.01	
618.526	11326.65	
618.721	11247.39	
618.915	11325.83	
619.11	11433.96	
619.304	11442.56	
619.498	11517.73	
619.693	11597.6	
619.887	11626.27	
620.081	11610.7	
620.275	11677.06	
620.47	11660.67	
620.664	11680.54	
620.858	11592.89	
621.052	11565.03	
621.247	11589.4	
621.441	11613.37	
621.635	11584.28	
621.829	11687.71	
622.023	11730.71	
622.218	11765.94	
622.412	11720.88	
622.606	11675.83	
622.8	11640.4	
622.994	11553.36	
623.188	11392.39	
623.382	11319.48	
623.576	11248.42	
623.77	11107.11	
623.964	11111	
624.158	11094.61	
624.352	11038.71	
624.546	11037.68	
624.74	11075.98	
624.934	11041.57	
625.128	11078.44	
625.322	11109.97	
625.516	11120.21	
625.71	11120.62	
625.904	11093.59	
626.098	11118.17	
626.291	11156.26	
626.485	11167.11	
626.679	11169.57	
626.873	11241.66	
627.067	11192.3	
627.26	11182.06	
627.454	11207.05	
627.648	11219.13	
627.842	11159.13	
628.035	11132.91	
628.229	11088.88	
628.423	10990.78	
628.617	10920.13	
628.81	10899.65	
629.004	10909.48	
629.198	10925.66	
629.391	10952.28	
629.585	11034.2	
629.778	11043.01	
629.972	11049.15	
630.166	11008.4	
630.359	10989.14	
630.553	10943.07	
630.746	10932.21	
630.94	10995.7	
631.133	10966.41	
631.327	11017	
631.52	11004.91	
631.714	11041.78	
631.907	10968.26	
632.1	11083.76	
632.294	11145.4	
632.487	11226.91	
632.681	11275.86	
632.874	11346.31	
633.067	11426.59	
633.261	11431.51	
633.454	11448.91	
633.647	11520.59	
633.841	11515.88	
634.034	11511.99	
634.227	11488.23	
634.421	11441.54	
634.614	11383.99	
634.807	11354.3	
635	11180.63	
635.193	11174.69	
635.387	11168.34	
635.58	11112.43	
635.773	11107.52	
635.966	11150.93	
636.159	11155.23	
636.352	11060.82	
636.545	11021.3	
636.739	10951.26	
636.932	10939.38	
637.125	10826.95	
637.318	10855.62	
637.511	10888.18	
637.704	10872.82	
637.897	10887.77	
638.09	10882.45	
638.283	10883.26	
638.476	10840.26	
638.669	10822.03	
638.862	10789.47	
639.055	10764.07	
639.247	10680.72	
639.44	10574.23	
639.633	10570.95	
639.826	10449.91	
640.019	10391.96	
640.212	10370.86	
640.405	10395.03	
640.597	10349.56	
640.79	10382.33	
640.983	10404.24	
641.176	10371.07	
641.368	10384.38	
641.561	10389.09	
641.754	10369.02	
641.947	10397.08	
642.139	10449.09	
642.332	10418.38	
642.525	10491.9	
642.717	10558.87	
642.91	10506.44	
643.103	10509.31	
643.295	10542.07	
643.488	10507.87	
643.68	10461.38	
643.873	10530.19	
644.065	10554.57	
644.258	10566.03	
644.45	10545.55	
644.643	10533.68	
644.835	10510.94	
645.028	10427.8	
645.22	10378.44	
645.413	10328.47	
645.605	10331.54	
645.798	10335.43	
645.99	10440.29	
646.182	10453.19	
646.375	10510.33	
646.567	10531.42	
646.76	10448.28	
646.952	10338.91	
647.144	10305.74	
647.337	10207.64	
647.529	10113.23	
647.721	10126.54	
647.913	10052.4	
648.106	9903.93	
648.298	9848.22	
648.49	9823.03	
648.682	9663.08	
648.874	9689.5	
649.067	9741.11	
649.259	9693.8	
649.451	9633.8	
649.643	9697.49	
649.835	9713.26	
650.027	9687.46	
650.219	9660.01	
650.411	9628.27	
650.603	9567.65	
650.796	9505.6	
650.988	9509.08	
651.18	9528.33	
651.372	9532.22	
651.564	9474.47	
651.756	9377.6	
651.948	9311.86	
652.139	9241	
652.331	9210.89	
652.523	9214.37	
652.715	9178.13	
652.907	9114.84	
653.099	9116.28	
653.291	9055.04	
653.483	8990.74	
653.674	9003.84	
653.866	9018.79	
654.058	8939.95	
654.25	8948.14	
654.442	8949.98	
654.633	8897.35	
654.825	8880.56	
655.017	8910.05	
655.209	8847.79	
655.4	8847.79	
655.592	8790.45	
655.784	8806.21	
655.975	8802.32	
656.167	8831.61	
656.359	8855.16	
656.55	8927.04	
656.742	8870.52	
656.933	8938.72	
657.125	8939.33	
657.316	8894.89	
657.508	8839.19	
657.7	8845.13	
657.891	8724.3	
658.083	8699.31	
658.274	8699.31	
658.466	8667.16	
658.657	8638.49	
658.848	8539.57	
659.04	8461.54	
659.231	8368.15	
659.423	8317.16	
659.614	8208.82	
659.805	8306.31	
659.997	8366.31	
660.188	8379.83	
660.379	8391.71	
660.571	8396.01	
660.762	8330.27	
660.953	8271.69	
661.145	8232.58	
661.336	8178.72	
661.527	8376.55	
661.718	8409.11	
661.909	8379.21	
662.101	8416.28	
662.292	8484.48	
662.483	8300.98	
662.674	8284.39	
662.865	8308.56	
663.056	8281.52	
663.247	8229.3	
663.439	8267.39	
663.63	8240.36	
663.821	8174.21	
664.012	8159.88	
664.203	8171.75	
664.394	8082.05	
664.585	8039.25	
664.776	7936.03	
664.967	7881.35	
665.158	7757.04	
665.349	7749.67	
665.54	7653.82	
665.73	7706.46	
665.921	7573.75	
666.112	7544.26	
666.303	7430.18	
666.494	7510.06	
666.685	7450.46	
666.876	7512.92	
667.066	7521.11	
667.257	7563.3	
667.448	7419.74	
667.639	7346.22	
667.83	7288.26	
668.02	7268.8	
668.211	7196.1	
668.402	7267.37	
668.592	7273.92	
668.783	7284.78	
668.974	7304.03	
669.164	7368.13	
669.355	7335.36	
669.546	7402.54	
669.736	7436.33	
669.927	7412.16	
670.117	7294.4	
670.308	7267.17	
670.499	7169.89	
670.689	7105.38	
670.88	7004	
671.07	6995.81	
671.261	6899.76	
671.451	6921.47	
671.641	6785.69	
671.832	6767.67	
672.022	6711.14	
672.213	6604.44	
672.403	6474.6	
672.594	6493.03	
672.784	6459.04	
672.974	6385.11	
673.165	6343.74	
673.355	6326.53	
673.545	6308.51	
673.736	6296.84	
673.926	6244.62	
674.116	6296.43	
674.306	6243.18	
674.497	6207.14	
674.687	6173.96	
674.877	6224.34	
675.067	6205.5	
675.257	6240.11	
675.448	6222.91	
675.638	6208.16	
675.828	6177.85	
676.018	6210.82	
676.208	6179.08	
676.398	6189.32	
676.588	6155.32	
676.778	6119.89	
676.968	6084.46	
677.158	6083.24	
677.348	6013.19	
677.538	5984.11	
677.728	6008.07	
677.918	5968.55	
678.108	5946.23	
678.298	5979.2	
678.488	5958.51	
678.678	5948.07	
678.868	5908.54	
679.058	5853.25	
679.248	5772.35	
679.438	5768.05	
679.627	5723.82	
679.817	5673.85	
680.007	5669.55	
680.197	5687.16	
680.387	5624.69	
680.576	5640.26	
680.766	5616.5	
680.956	5606.67	
681.146	5652.55	
681.335	5661.56	
681.525	5603.81	
681.715	5662.79	
681.904	5697.4	
682.094	5646.2	
682.284	5632.89	
682.473	5629.41	
682.663	5638.01	
682.852	5550.35	
683.042	5494.24	
683.231	5456.35	
683.421	5421.74	
683.61	5329.58	
683.8	5288.62	
683.989	5246.64	
684.179	5233.33	
684.368	5160.22	
684.558	5104.51	
684.747	5091.2	
684.937	5023	
685.126	5028.74	
685.316	5026.69	
685.505	4999.65	
685.694	5027.1	
685.884	5104.31	
686.073	5012.35	
686.262	4973.44	
686.452	4986.14	
686.641	4921.42	
686.83	4830.7	
687.019	4806.12	
687.209	4797.93	
687.398	4788.92	
687.587	4745.09	
687.776	4683.45	
687.965	4634.3	
688.155	4583.51	
688.344	4441.17	
688.533	4420.69	
688.722	4400.01	
688.911	4483.77	
689.1	4522.27	
689.289	4616.48	
689.478	4610.34	
689.667	4630.61	
689.856	4495.45	
690.045	4440.56	
690.234	4372.16	
690.423	4417.83	
690.612	4389.16	
690.801	4483.16	
690.99	4481.72	
691.179	4539.68	
691.368	4493.4	
691.557	4573.47	
691.746	4496.26	
691.935	4470.25	
692.124	4395.3	
692.312	4339.39	
692.501	4236.79	
692.69	4238.42	
692.879	4210.98	
693.068	4192.76	
693.256	4183.95	
693.445	4222.86	
693.634	4175.55	
693.823	4157.53	
694.011	4143.19	
694.2	4135	
694.389	4048.58	
694.577	4067.21	
694.766	4080.73	
694.955	4070.9	
695.143	4046.33	
695.332	4085.44	
695.52	4054.11	
695.709	4048.37	
695.897	4037.72	
696.086	3972.8	
696.275	3888.22	
696.463	3859.76	
696.652	3792.38	
696.84	3771.08	
697.028	3763.5	
697.217	3751.01	
697.405	3752.65	
697.594	3765.14	
697.782	3741.38	
697.971	3740.77	
698.159	3723.16	
698.347	3718.65	
698.536	3693.87	
698.724	3709.03	
698.912	3658.03	
699.1	3656.8	
699.289	3651.89	
699.477	3600.69	
699.665	3515.7	
699.854	3469	
700.042	3432.34	
700.23	3389.75	
700.418	3381.55	
700.606	3371.11	
700.794	3402.03	
700.983	3415.35	
701.171	3384.83	
701.359	3342.44	
701.547	3364.76	
701.735	3377.46	
701.923	3293.29	
702.111	3259.09	
702.299	3216.9	
702.487	3203.59	
702.675	3145.63	
702.863	3152.18	
703.051	3120.64	
703.239	3182.29	
703.427	3111.22	
703.615	3088.49	
703.803	3048.96	
703.991	3044.87	
704.179	2983.02	
704.367	3028.48	
704.554	3046.3	
704.742	3054.29	
704.93	3100.78	
705.118	3150.54	
705.306	3060.43	
705.493	3012.72	
705.681	2944.93	
705.869	2932.64	
706.057	2840.89	
706.244	2835.16	
706.432	2813.24	
706.62	2886.36	
706.807	2774.33	
706.995	2832.7	
707.183	2775.15	
707.37	2800.34	
707.558	2768.19	
707.746	2847.85	
707.933	2813.04	
708.121	2896.8	
708.308	2838.84	
708.496	2792.76	
708.683	2683.81	
708.871	2687.09	
709.058	2594.93	
709.246	2597.59	
709.433	2558.68	
709.621	2582.23	
709.808	2504.82	
709.995	2540.66	
710.183	2525.71	
710.37	2557.04	
710.558	2522.84	
710.745	2502.16	
710.932	2458.54	
711.12	2455.87	
711.307	2407.13	
711.494	2421.88	
711.681	2455.05	
711.869	2431.5	
712.056	2440.51	
712.243	2480.86	
712.43	2410	
712.618	2402.63	
712.805	2393.82	
712.992	2356.55	
713.179	2299.2	
713.366	2332.79	
713.553	2359	
713.74	2362.69	
713.928	2289.37	
714.115	2327.47	
714.302	2288.55	
714.489	2252.51	
714.676	2193.12	
714.863	2263.98	
715.05	2235.72	
715.237	2207.04	
715.424	2100.76	
715.611	2173.66	
715.798	2136.59	
715.984	2106.9	
716.171	2135.98	
716.358	2157.07	
716.545	2104.03	
716.732	2093.18	
716.919	2020.88	
717.106	1977.06	
717.293	1977.67	
717.479	1997.33	
717.666	1911.73	
717.853	1929.34	
718.04	1941.63	
718.226	1956.17	
718.413	1856.02	
718.6	1915.82	
718.786	1913.16	
718.973	1927.91	
719.16	1861.96	
719.346	1903.74	
719.533	1856.23	
719.72	1900.05	
719.906	1844.76	
720.093	1885.31	
720.279	1826.53	
720.466	1852.13	
720.652	1839.02	
720.839	1869.95	
721.025	1845.17	
721.212	1874.86	
721.398	1823.87	
721.585	1807.28	
721.771	1753.42	
721.958	1699.15	
722.144	1706.52	
722.331	1645.9	
722.517	1574.02	
722.703	1560.71	
722.89	1526.5	
723.076	1502.13	
723.262	1579.14	
723.449	1568.28	
723.635	1525.28	
723.821	1538.18	
724.007	1497.22	
724.194	1456.67	
724.38	1463.63	
724.566	1488.62	
724.752	1519.95	
724.938	1571.97	
725.125	1613.75	
725.311	1664.54	
725.497	1656.35	
725.683	1634.64	
725.869	1566.64	
726.055	1547.8	
726.241	1491.48	
726.427	1485.34	
726.613	1446.43	
726.799	1532.03	
726.985	1446.84	
727.171	1457.49	
727.357	1499.27	
727.543	1560.5	
727.729	1483.29	
727.915	1527.94	
728.101	1520.16	
728.287	1448.68	
728.473	1403.42	
728.659	1388.27	
728.845	1353.45	
729.03	1299.18	
729.216	1310.85	
729.402	1278.29	
729.588	1262.93	
729.774	1259.04	
729.959	1260.27	
730.145	1311.47	
730.331	1360.62	
730.517	1370.45	
730.702	1398.1	
730.888	1414.69	
731.074	1293.65	
731.259	1245.73	
731.445	1272.76	
731.63	1245.11	
731.816	1203.34	
732.002	1315.36	
732.187	1349.97	
732.373	1300	
732.558	1314.34	
732.744	1390.52	
732.929	1336.04	
733.115	1240.2	
733.3	1157.67	
733.486	1112.82	
733.671	995.67	
733.857	928.5	
734.042	969.66	
734.227	1001	
734.413	1054.24	
734.598	1115.27	
734.784	1116.09	
734.969	1093.56	
735.154	1127.77	
735.339	1093.97	
735.525	1111.79	
735.71	1158.08	
735.895	1109.13	
736.081	1102.17	
736.266	1100.94	
736.451	1057.11	
736.636	1073.9	
736.821	1101.76	
737.007	1051.99	
737.192	1040.93	
737.377	994.65	
737.562	919.9	
737.747	941.6	
737.932	986.66	
738.117	943.24	
738.302	1022.5	
738.487	1034.99	
738.672	1011.24	
738.857	1021.89	
739.042	1060.18	
739.227	1061.82	
739.412	1029.87	
739.597	1007.96	
739.782	1023.93	
739.967	965.36	
740.152	927.68	
740.337	983.79	
740.522	1010.62	
740.706	977.85	
740.891	1035.61	
741.076	1048.71	
741.261	1036.43	
741.446	1030.49	
741.63	1013.08	
741.815	995.47	
742	917.03	
742.185	883.85	
742.369	882.21	
742.554	853.13	
742.739	836.54	
742.923	882.01	
743.108	911.7	
743.293	912.32	
743.477	887.74	
743.662	893.48	
743.846	869.72	
744.031	841.66	
744.216	815.86	
744.4	890	
744.585	859.28	
744.769	886.92	
744.954	884.67	
745.138	877.5	
745.322	846.78	
745.507	808.9	
745.691	753.19	
745.876	728.62	
746.06	771.01	
746.244	781.86	
746.429	835.11	
746.613	831.63	
746.798	840.03	
746.982	766.5	
747.166	762.61	
747.35	683.56	
747.535	680.69	
747.719	683.56	
747.903	752.58	
748.087	695.03	
748.272	726.36	
748.456	763.23	
748.64	728.41	
748.824	691.55	
749.008	703.63	
749.192	689.7	
749.376	651	
749.56	641.58	
749.745	591.61	
749.929	622.53	
750.113	647.11	
750.297	591.4	
750.481	632.16	
750.665	660.42	
750.849	621.71	
751.033	615.98	
751.217	619.46	
751.4	589.97	
751.584	564.98	
751.768	588.33	
751.952	549.42	
752.136	578.09	
752.32	543.48	
752.504	570.72	
752.688	558.23	
752.871	554.13	
753.055	537.75	
753.239	554.13	
753.423	554.74	
753.606	502.32	
753.79	552.7	
753.974	570.31	
754.157	571.95	
754.341	507.64	
754.525	501.09	
754.708	459.51	
754.892	438.01	
755.076	460.13	
755.259	522.59	
755.443	501.09	
755.626	505.39	
755.81	536.93	
755.993	515.83	
756.177	455.01	
756.36	505.39	
756.544	484.29	
756.727	460.33	
756.911	470.37	
757.094	501.7	
757.278	463.4	
757.461	465.04	
757.644	455.62	
757.828	403.4	
758.011	427.36	
758.195	445.38	
758.378	435.14	
758.561	415.48	
758.744	420.81	
758.928	440.26	
759.111	446.61	
759.294	482.86	
759.477	501.91	
759.661	532.22	
759.844	509.69	
760.027	509.07	
760.21	480.2	
760.393	482.66	
760.576	485.11	
760.76	466.27	
760.943	421.01	
761.126	501.7	
761.309	544.09	
761.492	524.43	
761.675	493.92	
761.858	526.89	
762.041	430.84	
762.224	342.98	
762.407	330.7	
762.59	372.47	
762.773	328.65	
762.956	330.49	
763.139	367.76	
763.321	394.8	
763.504	321.48	
763.687	364.9	
763.87	396.85	
764.053	405.04	
764.236	434.53	
764.418	497.2	
764.601	479.17	
764.784	498.83	
764.967	536.11	
765.149	506	
765.332	496.79	
765.515	525.66	
765.697	461.97	
765.88	422.44	
766.063	427.56	
766.245	417.12	
766.428	377.18	
766.611	402.37	
766.793	414.46	
766.976	434.53	
767.158	382.71	
767.341	457.06	
767.523	465.25	
767.706	481.43	
767.888	435.76	
768.071	559.04	
768.253	485.32	
768.436	508.66	
768.618	502.52	
768.8	587.51	
768.983	559.04	
769.165	595.29	
769.348	510.92	
769.53	484.09	
769.712	390.7	
769.895	343.8	
770.077	331.92	
770.259	370.02	
770.441	344.21	
770.624	399.71	
770.806	437.8	
770.988	419.17	
771.17	404.42	
771.352	462.58	
771.535	481.63	
771.717	451.12	
771.899	443.95	
772.081	511.94	
772.263	456.44	
772.445	402.58	
772.627	344.21	
772.809	347.69	
772.991	311.65	
773.173	357.52	
773.355	357.32	
773.537	393.16	
773.719	373.29	
773.901	427.77	
774.083	365.1	
774.265	294.04	
774.447	277.45	
774.629	289.74	
774.811	243.86	
774.992	288.92	
775.174	309.6	
775.356	361.01	
775.538	338.48	
775.72	285.64	
775.901	269.67	
776.083	273.76	
776.265	216.62	
776.447	275.61	
776.628	336.84	
776.81	324.76	
776.992	387.01	
777.173	412.61	
777.355	369.2	
777.537	375.96	
777.718	378.82	
777.9	357.73	
778.081	356.91	
778.263	386.4	
778.444	334.59	
778.626	326.8	
778.807	260.25	
778.989	234.24	
779.17	166.04	
779.352	100.71	
779.533	52.79	
779.715	114.84	
779.896	61.8	
780.078	150.06	
780.259	223.79	
780.44	245.91	
780.622	212.32	
780.803	340.73	
780.984	298.34	
781.166	250.01	
781.347	262.09	
781.528	263.52	
781.709	186.31	
781.891	203.31	
782.072	250.01	
782.253	270.9	
782.434	261.88	
782.615	264.14	
782.796	235.06	
782.978	277.04	
783.159	274.58	
783.34	340.94	
783.521	343.19	
783.702	369.81	
783.883	323.94	
784.064	344.62	
784.245	268.64	
784.426	322.5	
784.607	286.46	
784.788	309.6	
784.969	233.62	
785.15	284.41	
785.331	168.5	
785.512	204.95	
785.692	175.87	
785.873	217.85	
786.054	162.97	
786.235	192.46	
786.416	206.38	
786.597	210.48	
786.777	194.1	
786.958	211.91	
787.139	233.42	
787.32	227.48	
787.5	237.92	
787.681	189.18	
787.862	193.89	
788.042	209.87	
788.223	194.3	
788.404	122.83	
788.584	197.17	
788.765	223.59	
788.946	212.12	
789.126	201.88	
789.307	269.67	
789.487	270.28	
789.668	214.37	
789.848	172.39	
790.029	116.89	
790.209	94.36	
790.39	43.16	
790.57	39.27	
790.75	133.48	
790.931	160.3	
791.111	125.28	
791.292	186.11	
791.472	195.33	
791.652	158.26	
791.833	163.58	
792.013	187.95	
792.193	120.57	
792.373	175.66	
792.554	176.69	
792.734	205.56	
792.914	179.15	
793.094	224.61	
793.275	221.95	
793.455	191.23	
793.635	201.88	
793.815	245.91	
793.995	215.6	
794.175	184.68	
794.355	243.66	
794.535	247.96	
794.715	222.36	
794.896	235.26	
795.076	188.57	
795.256	203.31	
795.436	142.28	
795.616	179.56	
795.795	192.05	
795.975	216.42	
796.155	211.5	
796.335	244.89	
796.515	257.99	
796.695	304.69	
796.875	369.4	
797.055	317.18	
797.234	327.21	
797.414	300.59	
797.594	256.76	
797.774	209.46	
797.954	180.17	
798.133	183.45	
798.313	141.67	
798.493	158.67	
798.672	118.94	
798.852	129.18	
799.032	62	
799.211	68.76	
799.391	31.9	
799.571	49.51	
799.75	44.59	
799.93	134.91	
800.109	149.86	
800.289	160.3	
800.468	150.47	
800.648	150.68	
800.827	112.38	
801.007	106.85	
801.186	59.14	
801.366	85.96	
801.545	102.35	
801.725	166.86	
801.904	129.59	
802.083	186.11	
802.263	166.65	
802.442	197.58	
802.621	104.4	
802.801	212.12	
802.98	195.33	
803.159	158.46	
803.338	103.17	
803.518	163.99	
803.697	75.72	
803.876	112.18	
804.055	153.55	
804.235	183.65	
804.414	113	
804.593	122.42	
804.772	77.16	
804.951	77.36	
805.13	11.42	
805.309	56.27	
805.488	73.88	
805.667	98.25	
805.846	120.16	
806.025	188.16	
806.204	233.42	
806.383	206.79	
806.562	186.72	
806.741	172.39	
806.92	175.87	
807.099	114.64	
807.278	89.45	
807.457	83.71	
807.636	110.74	
807.814	103.99	
807.993	99.48	
808.172	141.26	
808.351	164.81	
808.53	149.86	
808.708	120.37	
808.887	123.44	
809.066	196.35	
809.244	170.34	
809.423	143.92	
809.602	153.55	
809.78	178.74	
809.959	103.58	
810.138	129.79	
810.316	139.62	
810.495	150.88	
810.673	74.7	
810.852	90.88	
811.03	102.76	
811.209	118.73	
811.388	117.5	
811.566	192.05	
811.744	191.02	
811.923	160.1	
812.101	140.03	
812.28	229.94	
812.458	231.78	
812.637	204.13	
812.815	226.86	
812.993	267.82	
813.172	228.91	
813.35	151.09	
813.528	196.55	
813.706	164.2	
813.885	134.09	
814.063	55.86	
814.241	152.11	
814.419	155.8	
814.598	239.36	
814.776	214.17	
814.954	221.95	
815.132	191.84	
815.31	192.66	
815.488	68.97	
815.666	60.16	
815.844	47.05	
816.022	15.1	
816.201	-47.56	
816.379	43.16	
816.557	77.98	
816.735	112.18	
816.913	100.09	
817.09	158.46	
817.268	90.47	
817.446	56.88	
817.624	30.05	
817.802	130.61	
817.98	66.51	
818.158	72.86	
818.336	34.76	
818.514	50.53	
818.691	11.21	
818.869	82.48	
819.047	129.38	
819.225	178.74	
819.402	144.33	
819.58	167.27	
819.758	155.18	
819.935	109.31	
820.113	101.32	
820.291	123.24	
820.468	48.49	
820.646	61.18	
820.824	115.25	
821.001	201.47	
821.179	229.73	
821.356	256.97	
821.534	199.01	
821.711	134.91	
821.889	135.52	
822.066	139.42	
822.244	133.07	
822.421	196.14	
822.599	247.14	
822.776	152.73	
822.953	79.21	
823.131	45.21	
823.308	-2.71	
823.486	-11.52	
823.663	-8.45	
823.84	52.38	
824.017	27.39	
824.195	27.39	
824.372	44.59	
824.549	59.14	
824.726	34.97	
824.904	42.75	
825.081	52.99	
825.258	-4.15	
825.435	-16.84	
825.612	25.34	
825.789	5.48	
825.967	23.71	
826.144	90.26	
826.321	132.66	
826.498	108.29	
826.675	162.15	
826.852	88.01	
827.029	80.02	
827.206	72.86	
827.383	23.5	
827.56	54.22	
827.737	94.97	
827.914	82.48	
828.09	74.29	
828.267	100.3	
828.444	81.46	
828.621	60.77	
828.798	110.13	
828.975	61.18	
829.151	58.52	
829.328	59.14	
829.505	133.48	
829.682	63.44	
829.858	89.24	
830.035	139.83	
830.212	123.24	
830.389	72.45	
830.565	41.93	
830.742	99.89	
830.918	88.01	
831.095	81.46	
831.272	96.2	
831.448	103.58	
831.625	106.85	
831.801	123.85	
831.978	125.49	
832.154	78.59	
832.331	135.32	
832.507	58.93	
832.684	67.12	
832.86	100.71	
833.037	234.65	
833.213	177.71	
833.389	219.08	
833.566	141.05	
833.742	78.39	
833.918	-29.34	
834.095	-54.94	
834.271	-113.51	
834.447	-50.64	
834.624	-5.79	
834.8	0.77	
834.976	60.57	
835.152	88.01	
835.328	74.09	
835.505	97.64	
835.681	105.21	
835.857	39.07	
836.033	85.55	
836.209	151.7	
836.385	123.85	
836.561	145.35	
836.737	199.22	
836.913	123.65	
837.089	78.39	
837.265	85.55	
837.441	114.64	
837.617	113.41	
837.793	141.67	
837.969	140.23	
838.145	143.72	
838.321	91.49	
838.497	81.66	
838.673	130.61	
838.849	60.98	
839.025	99.07	
839.2	120.98	
839.376	159.9	
839.552	118.73	
839.728	183.24	
839.903	112.79	
840.079	138.39	
840.255	94.16	
840.431	189.39	
840.606	104.8	
840.782	198.6	
840.958	105.62	
841.133	107.88	
841.309	33.74	
841.484	126.92	
841.66	40.91	
841.835	50.53	
842.011	42.14	
842.186	88.83	
842.362	30.05	
842.537	71.22	
842.713	75.52	
842.888	83.92	
843.064	-1.48	
843.239	8.35	
843.415	-4.76	
843.59	57.7	
843.765	72.86	
843.941	117.3	
844.116	178.74	
844.291	137.57	
844.467	98.25	
844.642	112.18	
844.817	123.44	
844.992	60.77	
845.168	83.3	
845.343	122.83	
845.518	108.7	
845.693	132.04	
845.868	142.28	
846.043	107.47	
846.219	59.54	
846.394	97.64	
846.569	55.24	
846.744	42.14	
846.919	67.94	
847.094	168.7	
847.269	135.11	
847.444	114.84	
847.619	132.86	
847.794	232.39	
847.969	192.25	
848.144	203.31	
848.319	217.03	
848.494	227.68	
848.668	193.89	
848.843	186.52	
849.018	164.2	
849.193	163.99	
849.368	170.75	
849.542	177.3	
849.717	155.18	
849.892	164.61	
850.067	171.98	
850.241	201.26	
850.416	154.78	
850.591	178.74	
850.765	145.15	
850.94	189.59	
851.115	108.08	
851.289	108.29	
851.464	42.34	
851.639	61.39	
851.813	7.53	
851.988	89.04	
852.162	66.3	
852.337	87.81	
852.511	103.37	
852.686	171.98	
852.86	144.13	
853.035	162.76	
853.209	144.74	
853.383	175.25	
853.558	84.53	
853.732	97.43	
853.906	56.88	
854.081	108.49	
854.255	53.61	
854.429	84.33	
854.604	63.85	
854.778	149.66	
854.952	134.3	
855.126	184.06	
855.301	190	
855.475	155.59	
855.649	101.94	
855.823	64.87	
855.997	22.48	
856.171	22.89	
856.345	19.61	
856.52	26.37	
856.694	77.77	
856.868	124.87	
857.042	109.31	
857.216	190.21	
857.39	189.59	
857.564	151.7	
857.738	101.32	
857.912	106.44	
858.085	55.24	
858.259	60.57	
858.433	88.83	
858.607	64.66	
858.781	54.42	
858.955	32.72	
859.129	21.86	
859.302	11.83	
859.476	8.35	
859.65	97.23	
859.824	74.09	
859.997	89.24	
860.171	128.15	
860.345	190.61	
860.519	115.45	
860.692	144.13	
860.866	162.15	
861.039	159.49	
861.213	144.33	
861.387	134.09	
861.56	136.14	
861.734	160.92	
861.907	123.65	
862.081	115.25	
862.254	160.3	
862.428	194.51	
862.601	138.8	
862.775	152.32	
862.948	248.37	
863.122	219.08	
863.295	183.45	
863.468	179.15	
863.642	126.92	
863.815	51.97	
863.988	50.74	
864.162	66.1	
864.335	26.98	
864.508	67.33	
864.682	76.95	
864.855	55.65	
865.028	23.91	
865.201	88.22	
865.374	57.91	
865.548	98.05	
865.721	130.2	
865.894	213.55	
866.067	202.7	
866.24	254.72	
866.413	214.37	
866.586	197.17	
866.759	87.6	
866.932	57.29	
867.105	33.54	
867.278	-36.1	
867.451	-51.05	
867.624	28.01	
867.797	75.72	
867.97	66.71	
868.143	95.59	
868.316	146.38	
868.489	71.63	
868.661	64.46	
868.834	65.48	
869.007	117.3	
869.18	87.6	
869.353	134.71	
869.525	148.63	
869.698	136.55	
869.871	108.9	
870.044	121.8	
870.216	131.63	
870.389	88.42	
870.562	103.17	
870.734	146.58	
870.907	111.15	
871.079	108.29	
871.252	90.26	
871.425	154.37	
871.597	62	
871.77	164.61	
871.942	156.41	
872.115	171.57	
872.287	132.66	
872.459	162.97	
872.632	103.58	
872.804	112.18	
872.977	70.6	
873.149	72.04	
873.321	39.88	
873.494	23.91	
873.666	37.63	
873.838	51.76	
874.011	8.55	
874.183	74.09	
874.355	59.34	
874.528	41.32	
874.7	62.41	
874.872	160.51	
875.044	180.58	
875.216	218.88	
875.388	258.81	
875.561	280.93	
875.733	171.77	
875.905	120.78	
876.077	51.35	
876.249	94.97	
876.421	65.48	
876.593	54.22	
876.765	90.67	
876.937	156.21	
877.109	66.3	
877.281	88.42	
877.453	99.07	
877.625	52.99	
877.797	-6.81	
877.968	-22.78	
878.14	-49.2	
878.312	19.2	
878.484	3.64	
878.656	49.3	
878.828	51.76	
878.999	134.91	
879.171	57.5	
879.343	55.65	
879.515	31.08	
879.686	22.27	
879.858	-47.77	
880.03	1.18	
880.201	21.25	
880.373	0.36	
880.545	28.21	
880.716	85.35	
880.888	152.11	
881.059	186.72	
881.231	221.33	
881.402	252.05	
881.574	214.37	
881.745	155.18	
881.917	176.69	
882.088	185.09	
882.26	142.9	
882.431	170.75	
882.602	92.31	
882.774	69.58	
882.945	17.36	
883.116	-16.23	
883.288	-60.26	
883.459	-27.9	
883.63	-39.17	
883.802	-16.43	
883.973	38.25	
884.144	60.98	
884.315	100.5	
884.487	137.98	
884.658	180.99	
884.829	195.53	
885	186.31	
885.171	199.83	
885.342	120.78	
885.513	94.16	
885.684	70.19	
885.855	88.63	
886.026	42.14	
886.197	91.49	
886.368	62.21	
886.539	88.63	
886.71	48.9	
886.881	84.53	
887.052	100.3	
887.223	107.06	
887.394	63.23	
887.565	124.67	
887.736	72.86	
887.907	80.02	
888.077	85.76	
888.248	71.83	
888.419	31.9	
888.59	40.7	
888.761	63.03	
888.931	85.55	
889.102	126.1	
889.273	98.66	
889.443	99.28	
889.614	12.65	
889.785	11.42	
889.955	2	
890.126	16.95	
890.296	91.9	
890.467	131.43	
890.637	212.12	
890.808	229.12	
890.978	244.89	
891.149	205.36	
891.319	290.15	
891.49	253.08	
891.66	263.32	
891.831	251.85	
892.001	269.26	
892.172	141.26	
892.342	100.09	
892.512	76.95	
892.683	126.31	
892.853	83.71	
893.023	137.57	
893.193	92.31	
893.364	92.72	
893.534	63.44	
893.704	132.45	
893.874	129.99	
894.044	178.94	
894.215	153.14	
894.385	193.07	
894.555	135.11	
894.725	184.88	
894.895	131.63	
895.065	177.71	
895.235	139.01	
895.405	218.26	
895.575	152.93	
895.745	220.16	
895.915	231.51	
