177.618	-750.75	
177.836	-771.23	
178.054	-774.71	
178.271	-599.82	
178.489	-364.3	
178.706	-244.08	
178.924	-95.81	
179.142	59.02	
179.359	50.62	
179.577	-80.66	
179.794	-54.24	
180.012	-64.27	
180.229	-101.95	
180.447	-81.68	
180.664	-29.46	
180.882	-40.31	
181.1	16.62	
181.317	1.88	
181.535	-22.49	
181.752	-35.19	
181.969	3.93	
182.187	16.83	
182.404	61.47	
182.622	52.67	
182.839	87.69	
183.057	81.95	
183.274	51.44	
183.492	67.21	
183.709	112.67	
183.926	57.99	
184.144	33.21	
184.361	53.49	
184.579	56.97	
184.796	-5.5	
185.013	38.54	
185.231	27.27	
185.448	44.68	
185.666	56.56	
185.883	39.56	
186.1	43.86	
186.317	88.51	
186.535	20.1	
186.752	1.06	
186.969	59.43	
187.187	113.7	
187.404	21.95	
187.621	122.09	
187.839	133.56	
188.056	101.61	
188.273	20.72	
188.49	112.47	
188.708	69.05	
188.925	118.2	
189.142	107.14	
189.359	115.74	
189.576	68.64	
189.794	44.27	
190.011	-1.6	
190.228	21.33	
190.445	9.05	
190.662	81.54	
190.879	85.23	
191.097	64.95	
191.314	69.87	
191.531	82.98	
191.748	-21.26	
191.965	-11.23	
192.182	-10.62	
192.399	-29.87	
192.616	4.33	
192.834	70.28	
193.051	43.66	
193.268	59.63	
193.485	73.35	
193.702	31.78	
193.919	7.2	
194.136	31.37	
194.353	15.39	
194.57	21.13	
194.787	27.68	
195.004	113.9	
195.221	98.54	
195.438	141.34	
195.655	133.15	
195.872	219.37	
196.089	92.4	
196.306	114.11	
196.523	97.52	
196.74	147.69	
196.957	11.91	
197.173	67.21	
197.39	43.04	
197.607	69.67	
197.824	33.83	
198.041	104.28	
198.258	89.33	
198.475	152.81	
198.692	82.16	
198.909	20.51	
199.125	-36.83	
199.342	33.83	
199.559	-9.59	
199.776	36.49	
199.993	130.69	
200.21	158.96	
200.426	91.78	
200.643	94.86	
200.86	102.23	
201.077	113.9	
201.293	107.14	
201.51	97.31	
201.727	6.59	
201.944	-58.13	
202.16	-100.73	
202.377	-113.83	
202.594	-128.37	
202.811	-72.46	
203.027	-43.18	
203.244	-75.54	
203.461	-42.97	
203.677	44.88	
203.894	67.41	
204.111	89.53	
204.327	115.74	
204.544	101.82	
204.761	80.93	
204.977	61.06	
205.194	11.71	
205.41	63.32	
205.627	43.86	
205.844	19.69	
206.06	3.93	
206.277	58.61	
206.493	21.95	
206.71	59.22	
206.926	47.34	
207.143	113.7	
207.36	22.15	
207.576	68.64	
207.793	68.85	
208.009	93.63	
208.226	51.44	
208.442	89.33	
208.659	46.11	
208.875	35.26	
209.092	-14.3	
209.308	-28.02	
209.524	-0.38	
209.741	63.32	
209.957	116.77	
210.174	142.16	
210.39	138.07	
210.607	129.26	
210.823	-8.77	
211.039	-86.59	
211.256	-26.18	
211.472	-48.71	
211.688	6.18	
211.905	78.88	
212.121	89.53	
212.338	30.14	
212.554	64.34	
212.77	15.6	
212.987	14.17	
213.203	62.91	
213.419	111.44	
213.635	89.53	
213.852	74.99	
214.068	51.23	
214.284	-3.86	
214.501	1.47	
214.717	9.86	
214.933	48.37	
215.149	-7.54	
215.365	-39.7	
215.582	-126.12	
215.798	-98.88	
216.014	-126.12	
216.23	-59.36	
216.447	-15.74	
216.663	-5.09	
216.879	-50.35	
217.095	1.47	
217.311	26.04	
217.527	52.46	
217.743	92.19	
217.96	88.92	
218.176	51.64	
218.392	37.31	
218.608	47.75	
218.824	3.11	
219.04	15.19	
219.256	34.64	
219.472	12.32	
219.688	-4.47	
219.904	69.05	
220.12	149.74	
220.336	116.36	
220.552	125.57	
220.768	134.38	
220.984	130.08	
221.2	23.38	
221.416	55.74	
221.632	17.24	
221.848	-5.7	
222.064	-76.36	
222.28	-45.43	
222.496	-98.88	
222.712	-12.46	
222.928	-33.35	
223.144	36.08	
223.36	41.61	
223.576	91.37	
223.792	49.19	
224.008	118.82	
224.224	103.05	
224.439	133.97	
224.655	84.21	
224.871	101.61	
225.087	64.14	
225.303	11.91	
225.519	0.44	
225.734	67.21	
225.95	45.29	
226.166	72.94	
226.382	93.22	
226.598	80.72	
226.813	77.86	
227.029	68.44	
227.245	40.79	
227.461	55.94	
227.677	73.56	
227.892	58.61	
228.108	40.17	
228.324	91.58	
228.539	27.89	
228.755	71.51	
228.971	83.18	
229.186	154.25	
229.402	107.76	
229.618	195.62	
229.833	110.42	
230.049	102.23	
230.265	16.21	
230.48	73.97	
230.696	51.23	
230.912	89.53	
231.127	92.19	
231.343	139.91	
231.558	31.37	
231.774	71.92	
231.99	142.57	
232.205	130.9	
232.421	91.99	
232.636	132.54	
232.852	56.15	
233.067	-13.89	
233.283	-23.52	
233.498	27.27	
233.714	58.4	
233.929	117.18	
234.145	85.64	
234.36	121.89	
234.576	144.62	
234.791	163.67	
235.007	172.27	
235.222	259.72	
235.438	232.07	
235.653	285.93	
235.868	247.22	
236.084	262.58	
236.299	266.07	
236.515	275.28	
236.73	174.11	
236.945	175.95	
237.161	116.56	
237.376	46.32	
237.592	38.54	
237.807	51.44	
238.022	44.68	
238.238	61.68	
238.453	24	
238.668	27.48	
238.883	-48.09	
239.099	-39.49	
239.314	-87	
239.529	-28.23	
239.745	-7.95	
239.96	92.6	
240.175	78.27	
240.39	216.91	
240.605	191.72	
240.821	133.56	
241.036	117.18	
241.251	202.58	
241.466	103.66	
241.681	110.83	
241.897	153.22	
242.112	181.48	
242.327	89.74	
242.542	106.94	
242.757	121.89	
242.972	110.01	
243.188	39.76	
243.403	74.17	
243.618	74.38	
243.833	53.69	
244.048	80.11	
244.263	113.08	
244.478	95.06	
244.693	60.45	
244.908	86.05	
245.123	68.85	
245.338	123.73	
245.553	128.85	
245.768	129.06	
245.983	129.26	
246.198	78.88	
246.413	33.01	
246.628	25.22	
246.843	19.08	
247.058	1.67	
247.273	44.48	
247.488	26.66	
247.703	85.43	
247.918	79.7	
248.133	109.19	
248.348	66.39	
248.563	146.67	
248.778	96.7	
248.993	130.49	
249.207	178.21	
249.422	203.4	
249.637	76.22	
249.852	46.11	
250.067	24	
250.282	-56.9	
250.496	-89.67	
250.711	13.96	
250.926	21.74	
251.141	71.71	
251.356	64.34	
251.57	140.52	
251.785	89.94	
252	67.41	
252.215	43.86	
252.43	94.65	
252.644	105.5	
252.859	115.54	
253.074	149.95	
253.288	134.59	
253.503	85.02	
253.718	102.23	
253.932	174.11	
254.147	191.72	
254.362	192.95	
254.576	211.79	
254.791	138.89	
255.006	70.07	
255.22	80.11	
255.435	86.05	
255.65	111.24	
255.864	157.32	
256.079	128.03	
256.293	127.21	
256.508	125.98	
256.723	208.52	
256.937	140.12	
257.152	138.27	
257.366	102.23	
257.581	86.05	
257.795	-9.18	
258.01	94.45	
258.224	136.84	
258.439	150.15	
258.653	123.53	
258.868	144.42	
259.082	63.11	
259.297	26.45	
259.511	-0.58	
259.726	-5.9	
259.94	-49.12	
260.154	-69.8	
260.369	-53.21	
260.583	-15.94	
260.798	-39.49	
261.012	-0.79	
261.226	44.88	
261.441	58.4	
261.655	55.12	
261.869	139.3	
262.084	106.94	
262.298	89.53	
262.512	22.97	
262.727	-0.58	
262.941	11.71	
263.155	20.72	
263.37	3.93	
263.584	86.46	
263.798	82.57	
264.012	118.82	
264.227	97.52	
264.441	176.57	
264.655	117.79	
264.869	208.52	
265.084	106.53	
265.298	127.62	
265.512	40.38	
265.726	103.46	
265.94	26.04	
266.155	83.39	
266.369	89.74	
266.583	176.98	
266.797	153.22	
267.011	221.21	
267.225	239.24	
267.439	242.31	
267.654	170.83	
267.868	145.64	
268.082	26.66	
268.296	-75.54	
268.51	-131.04	
268.724	-87.41	
268.938	-116.29	
269.152	-34.99	
269.366	9.86	
269.58	53.49	
269.794	-4.47	
270.008	83.8	
270.222	66.59	
270.436	76.22	
270.65	47.96	
270.864	114.72	
271.078	68.23	
271.292	75.19	
271.506	120.66	
271.72	166.33	
271.934	175.95	
272.148	158.34	
272.362	147.9	
272.575	166.53	
272.789	159.57	
273.003	111.65	
273.217	142.57	
273.431	101	
273.645	62.29	
273.859	105.3	
274.073	166.74	
274.286	184.35	
274.5	226.54	
274.714	196.02	
274.928	192.13	
275.142	139.5	
275.355	102.02	
275.569	119.23	
275.783	161.21	
275.997	102.43	
276.21	125.78	
276.424	184.76	
276.638	137.66	
276.852	150.15	
277.065	137.66	
277.279	144.01	
277.493	96.08	
277.706	182.3	
277.92	175.14	
278.134	144.62	
278.347	94.04	
278.561	64.14	
278.775	51.03	
278.988	19.49	
279.202	98.13	
279.415	164.9	
279.629	173.29	
279.843	157.73	
280.056	260.33	
280.27	256.64	
280.483	179.03	
280.697	195.21	
280.91	210.97	
281.124	201.35	
281.337	170.22	
281.551	260.13	
281.764	214.66	
281.978	172.68	
282.191	79.7	
282.405	115.54	
282.618	25.63	
282.832	75.81	
283.045	37.92	
283.259	88.92	
283.472	46.93	
283.686	66.8	
283.899	20.31	
284.112	56.35	
284.326	41.2	
284.539	82.16	
284.752	103.05	
284.966	138.27	
285.179	172.47	
285.393	174.93	
285.606	119.64	
285.819	150.97	
286.033	110.21	
286.246	167.56	
286.459	111.44	
286.672	148.51	
286.886	68.85	
287.099	154.45	
287.312	5.36	
287.525	16.21	
287.739	-0.38	
287.952	75.6	
288.165	82.57	
288.378	137.25	
288.592	160.59	
288.805	152.61	
289.018	145.03	
289.231	88.51	
289.444	125.98	
289.657	74.99	
289.871	67.21	
290.084	10.27	
290.297	84.82	
290.51	50	
290.723	64.75	
290.936	149.33	
291.149	163.67	
291.362	161.41	
291.575	130.69	
291.789	156.5	
292.002	95.67	
292.215	120.66	
292.428	9.66	
292.641	58.2	
292.854	48.37	
293.067	27.68	
293.28	-5.09	
293.493	-0.38	
293.706	-68.98	
293.919	-8.36	
294.132	-21.26	
294.345	-3.65	
294.558	6.59	
294.77	40.38	
294.983	-22.08	
295.196	43.25	
295.409	85.23	
295.622	169.2	
295.835	216.5	
296.048	270.16	
296.261	253.78	
296.474	238.01	
296.686	185.78	
296.899	169.81	
297.112	153.84	
297.325	138.07	
297.538	147.49	
297.751	175.55	
297.963	206.26	
298.176	209.34	
298.389	190.09	
298.602	196.43	
298.814	306.21	
299.027	273.44	
299.24	250.5	
299.453	301.7	
299.665	250.91	
299.878	91.17	
300.091	56.56	
300.303	55.74	
300.516	4.33	
300.729	11.09	
300.941	43.86	
301.154	7	
301.367	-22.08	
301.579	26.66	
301.792	63.11	
302.005	34.03	
302.217	62.5	
302.43	91.37	
302.642	32.6	
302.855	-28.84	
303.067	-36.62	
303.28	-1.4	
303.493	-50.55	
303.705	43.86	
303.918	90.14	
304.13	169.61	
304.343	147.49	
304.555	216.5	
304.768	163.67	
304.98	202.58	
305.193	116.77	
305.405	148.1	
305.617	84.62	
305.83	117.79	
306.042	50.62	
306.255	74.99	
306.467	28.3	
306.68	21.95	
306.892	-12.05	
307.104	28.71	
307.317	18.26	
307.529	83.18	
307.741	139.3	
307.954	159.37	
308.166	129.88	
308.378	192.75	
308.591	172.88	
308.803	209.13	
309.015	224.29	
309.228	274.05	
309.44	193.77	
309.652	169.81	
309.864	95.26	
310.077	28.91	
310.289	-50.14	
310.501	-19.42	
310.713	-13.69	
310.926	39.36	
311.138	9.45	
311.35	86.66	
311.562	42.63	
311.774	79.9	
311.986	42.02	
312.199	136.02	
312.411	21.33	
312.623	60.04	
312.835	-28.43	
313.047	-36.83	
313.259	-58.74	
313.471	9.66	
313.683	3.72	
313.895	65.36	
314.108	46.73	
314.32	24.81	
314.532	-19.01	
314.744	6.59	
314.956	63.73	
315.168	96.29	
315.38	52.67	
315.592	144.42	
315.804	137.45	
316.016	185.17	
316.228	209.13	
316.44	274.87	
316.651	283.68	
316.863	276.51	
317.075	157.73	
317.287	92.19	
317.499	59.22	
317.711	12.12	
317.923	46.32	
318.135	3.93	
318.347	52.67	
318.559	122.91	
318.77	153.43	
318.982	98.13	
319.194	126.6	
319.406	101.41	
319.618	26.66	
319.83	-51.17	
320.041	-31.91	
320.253	-12.66	
320.465	-17.58	
320.677	-13.89	
320.888	1.47	
321.1	-1.19	
321.312	61.68	
321.524	76.83	
321.735	72.74	
321.947	46.52	
322.159	9.45	
322.37	-78.2	
322.582	-73.9	
322.794	-18.6	
323.005	54.31	
323.217	100.79	
323.429	76.01	
323.64	121.27	
323.852	51.64	
324.063	2.29	
324.275	30.14	
324.487	102.23	
324.698	28.91	
324.91	90.96	
325.121	71.92	
325.333	1.47	
325.544	-17.17	
325.756	52.26	
325.967	6.38	
326.179	87.07	
326.39	118	
326.602	127.21	
326.813	48.98	
327.025	72.74	
327.236	-9.59	
327.448	-30.28	
327.659	-84.34	
327.871	-38.06	
328.082	-41.54	
328.293	16.62	
328.505	62.09	
328.716	94.86	
328.928	53.69	
329.139	102.23	
329.35	64.55	
329.562	77.45	
329.773	120.45	
329.984	142.78	
330.196	83.18	
330.407	148.1	
330.618	86.05	
330.83	30.96	
331.041	47.75	
331.252	47.75	
331.463	19.9	
331.675	79.09	
331.886	143.39	
332.097	153.43	
332.308	167.56	
332.52	155.68	
332.731	128.44	
332.942	114.93	
333.153	125.98	
333.364	93.63	
333.575	79.09	
333.787	121.68	
333.998	39.97	
334.209	66.18	
334.42	48.78	
334.631	60.86	
334.842	33.83	
335.053	123.12	
335.264	63.93	
335.475	112.88	
335.686	113.49	
335.898	112.88	
336.109	20.1	
336.32	36.9	
336.531	14.57	
336.742	21.33	
336.953	-21.26	
337.164	7	
337.375	-24.75	
337.586	-23.93	
337.797	-80.25	
338.007	-26.59	
338.218	-55.67	
338.429	-34.78	
338.64	-43.79	
338.851	-3.45	
339.062	-31.3	
339.273	64.75	
339.484	40.99	
339.695	8.02	
339.906	27.89	
340.116	66.8	
340.327	30.75	
340.538	52.05	
340.749	70.48	
340.96	44.07	
341.171	-5.7	
341.381	-13.69	
341.592	-0.38	
341.803	25.02	
342.014	39.36	
342.224	70.69	
342.435	52.67	
342.646	7.2	
342.857	-20.24	
343.067	-66.93	
343.278	-53.83	
343.489	-34.37	
343.699	-8.57	
343.91	21.54	
344.121	30.75	
344.331	-11.43	
344.542	-39.49	
344.753	25.84	
344.963	33.21	
345.174	87.07	
345.384	143.6	
345.595	214.66	
345.806	168.38	
346.016	137.66	
346.227	136.63	
346.437	138.27	
346.648	75.81	
346.858	88.92	
347.069	60.24	
347.279	69.87	
347.49	-0.17	
347.7	32.19	
347.911	-40.93	
348.121	8.02	
348.332	-6.11	
348.542	-25.57	
348.753	-51.98	
348.963	18.26	
349.173	30.55	
349.384	69.05	
349.594	146.67	
349.805	205.85	
350.015	155.88	
350.225	141.75	
350.436	122.91	
350.646	141.75	
350.856	90.14	
351.067	106.32	
351.277	45.09	
351.487	-9.39	
351.698	-84.75	
351.908	-72.05	
352.118	-54.85	
352.328	-12.05	
352.539	67.82	
352.749	79.9	
352.959	57.38	
353.169	44.48	
353.38	50	
353.59	27.68	
353.8	45.7	
354.01	83.39	
354.22	66.8	
354.431	159.98	
354.641	121.07	
354.851	131.31	
355.061	106.73	
355.271	187.42	
355.481	95.47	
355.691	108.99	
355.901	78.47	
356.111	89.94	
356.321	39.36	
356.532	39.56	
356.742	6.79	
356.952	3.93	
357.162	-18.19	
357.372	-26.18	
357.582	-43.59	
357.792	-75.13	
358.002	-87	
358.212	-21.26	
358.422	-5.7	
358.632	-1.19	
358.842	40.79	
359.051	103.05	
359.261	52.67	
359.471	33.62	
359.681	76.42	
359.891	45.7	
360.101	-26.18	
360.311	-45.02	
360.521	-62.22	
360.731	-65.3	
360.94	-23.93	
361.15	29.32	
361.36	52.26	
361.57	67.62	
361.78	52.46	
361.989	40.38	
362.199	33.01	
362.409	39.56	
362.619	29.73	
362.828	142.98	
363.038	146.26	
363.248	145.03	
363.458	145.85	
363.667	173.09	
363.877	77.86	
364.087	75.81	
364.296	34.24	
364.506	53.9	
364.716	21.54	
364.925	-10	
365.135	-42.97	
365.345	-33.14	
365.554	-68.16	
365.764	24.81	
365.973	28.5	
366.183	102.84	
366.393	140.32	
366.602	171.65	
366.812	42.63	
367.021	93.83	
367.231	7.61	
367.44	-25.16	
367.65	-31.71	
367.859	27.27	
368.069	-34.99	
368.278	29.93	
368.488	55.53	
368.697	4.54	
368.907	-29.66	
369.116	102.43	
369.326	77.45	
369.535	60.24	
369.744	98.34	
369.954	119.64	
370.163	23.18	
370.373	27.48	
370.582	11.5	
370.791	-15.53	
371.001	-54.85	
371.21	-73.28	
371.419	-92.53	
371.629	-95.2	
371.838	-88.23	
372.047	3.11	
372.256	-8.98	
372.466	18.88	
372.675	-10.21	
372.884	-16.76	
373.093	-92.12	
373.303	-20.04	
373.512	-30.48	
373.721	24.61	
373.93	-13.69	
374.139	90.14	
374.349	5.77	
374.558	59.83	
374.767	-1.4	
374.976	27.48	
375.185	-23.93	
375.394	-22.08	
375.603	-64.68	
375.813	-34.37	
376.022	-37.65	
376.231	-98.47	
376.44	-90.69	
376.649	-79.02	
376.858	-48.71	
377.067	-36.83	
377.276	15.6	
377.485	60.24	
377.694	47.14	
377.903	33.21	
378.112	4.95	
378.321	18.88	
378.53	4.95	
378.739	24.61	
378.948	17.85	
379.157	46.11	
379.366	52.87	
379.575	68.85	
379.784	25.43	
379.992	23.59	
380.201	82.16	
380.41	58.61	
380.619	9.05	
380.828	27.07	
381.037	5.36	
381.246	-96.22	
381.454	-146.19	
381.663	-60.38	
381.872	-80.25	
382.081	-0.58	
382.29	63.52	
382.498	112.06	
382.707	81.54	
382.916	138.07	
383.125	55.12	
383.333	37.51	
383.542	33.62	
383.751	10.48	
383.959	26.66	
384.168	31.57	
384.377	90.96	
384.585	85.43	
384.794	42.84	
385.003	-12.66	
385.211	24.2	
385.42	-53.01	
385.628	-58.74	
385.837	-23.11	
386.046	54.92	
386.254	101.61	
386.463	110.42	
386.671	167.15	
386.88	148.1	
387.088	101	
387.297	76.63	
387.505	86.05	
387.714	11.5	
387.922	7.2	
388.131	-4.06	
388.339	-4.06	
388.548	-35.81	
388.756	-12.66	
388.965	19.69	
389.173	-16.55	
389.381	-27.82	
389.59	26.86	
389.798	49.8	
390.007	52.05	
390.215	70.28	
390.423	145.64	
390.632	135.4	
390.84	189.47	
391.048	172.47	
391.257	181.48	
391.465	84	
391.673	88.92	
391.882	36.28	
392.09	1.26	
392.298	10.27	
392.506	-4.88	
392.715	-4.27	
392.923	33.62	
393.131	99.77	
393.339	101.82	
393.547	90.55	
393.756	77.04	
393.964	9.86	
394.172	-15.94	
394.38	-60.59	
394.588	22.15	
394.796	-10.41	
395.005	-9.8	
395.213	-36.42	
395.421	20.31	
395.629	-54.65	
395.837	-38.88	
396.045	-36.21	
396.253	-8.36	
396.461	-58.74	
396.669	-20.04	
396.877	-7.54	
397.085	34.03	
397.293	29.93	
397.501	43.86	
397.709	49.8	
397.917	84.21	
398.125	98.95	
398.333	111.85	
398.541	89.94	
398.749	77.04	
398.957	16.42	
399.165	-68.98	
399.373	-50.14	
399.581	-29.05	
399.788	-1.6	
399.996	-17.17	
400.204	21.13	
400.412	-37.03	
400.62	-75.95	
400.828	-105.03	
401.035	-66.73	
401.243	-36.42	
401.451	14.37	
401.659	28.5	
401.867	39.97	
402.074	34.44	
402.282	-13.28	
402.49	-69.6	
402.697	45.29	
402.905	21.33	
403.113	59.43	
403.321	18.47	
403.528	34.44	
403.736	-47.27	
403.944	-31.3	
404.151	-67.55	
404.359	-40.11	
404.566	-46.25	
404.774	-53.01	
404.982	-87	
405.189	-93.15	
405.397	-113.01	
405.604	-100.73	
405.812	-77.17	
406.02	-69.8	
406.227	-52.39	
406.435	-21.06	
406.642	16.83	
406.85	-6.31	
407.057	47.96	
407.265	52.26	
407.472	75.4	
407.679	30.14	
407.887	18.88	
408.094	-35.81	
408.302	-76.76	
408.509	-64.89	
408.717	-37.44	
408.924	-32.12	
409.131	5.15	
409.339	37.72	
409.546	38.95	
409.753	16.62	
409.961	65.36	
410.168	46.32	
410.375	74.58	
410.583	55.53	
410.79	90.14	
410.997	56.35	
411.205	46.52	
411.412	41.4	
411.619	63.32	
411.826	39.36	
412.034	85.02	
412.241	137.66	
412.448	89.94	
412.655	4.54	
412.862	14.78	
413.07	-58.54	
413.277	-113.22	
413.484	-120.18	
413.691	-48.91	
413.898	-93.56	
414.105	-105.44	
414.312	-146.19	
414.519	-146.81	
414.727	-165.44	
414.934	-124.69	
415.141	-72.46	
415.348	3.31	
415.555	4.54	
415.762	-1.6	
415.969	-56.9	
416.176	-65.5	
416.383	-73.08	
416.59	-96.22	
416.797	-110.97	
417.004	-68.37	
417.211	-109.53	
417.418	-113.42	
417.625	-80.25	
417.831	-73.69	
418.038	-62.43	
418.245	-24.95	
418.452	-47.07	
418.659	-62.84	
418.866	-71.44	
419.073	-88.64	
419.28	-144.55	
419.486	-79.63	
419.693	-83.73	
419.9	-53.62	
420.107	-32.53	
420.314	43.25	
420.52	28.3	
420.727	121.07	
420.934	103.87	
421.141	59.43	
421.347	40.99	
421.554	7.41	
421.761	-110.97	
421.967	-81.48	
422.174	-21.47	
422.381	-25.57	
422.588	-63.66	
422.794	-52.6	
423.001	28.5	
423.207	-4.27	
423.414	-20.24	
423.621	-3.65	
423.827	54.71	
424.034	12.94	
424.24	34.44	
424.447	18.47	
424.654	-36.21	
424.86	-70.21	
425.067	-149.47	
425.273	-187.36	
425.48	-103.18	
425.686	2.7	
425.893	45.29	
426.099	54.92	
426.306	77.04	
426.512	48.57	
426.718	65.57	
426.925	31.57	
427.131	13.14	
427.338	2.08	
427.544	-27.41	
427.75	-109.74	
427.957	-132.47	
428.163	-92.94	
428.37	-94.17	
428.576	-68.37	
428.782	-47.27	
428.988	28.91	
429.195	-2.01	
429.401	-9.39	
429.607	-39.08	
429.814	18.47	
430.02	-44	
430.226	-53.83	
430.432	-28.43	
430.639	-9.39	
430.845	-34.17	
431.051	-10.82	
431.257	17.24	
431.463	-12.25	
431.67	-60.38	
431.876	-93.97	
432.082	-122.23	
432.288	-87	
432.494	-79.22	
432.7	-4.68	
432.906	-20.24	
433.112	-8.36	
433.318	17.03	
433.525	44.88	
433.731	3.72	
433.937	72.53	
434.143	55.74	
434.349	18.26	
434.555	10.07	
434.761	22.77	
434.967	-45.64	
435.173	-17.17	
435.379	-0.79	
435.585	52.87	
435.791	64.34	
435.996	155.07	
436.202	184.76	
436.408	142.16	
436.614	102.43	
436.82	104.28	
437.026	31.78	
437.232	24.2	
437.438	16.83	
437.644	-40.52	
437.849	-64.89	
438.055	-59.77	
438.261	-99.09	
438.467	-125.92	
438.673	-101.14	
438.878	-140.87	
439.084	-140.87	
439.29	-77.99	
439.496	-34.99	
439.701	-2.63	
439.907	-2.42	
440.113	-2.63	
440.318	-35.19	
440.524	-53.62	
440.73	-69.8	
440.935	-26.18	
441.141	-54.65	
441.347	17.65	
441.552	0.44	
441.758	13.96	
441.964	-55.47	
442.169	-3.45	
442.375	-81.68	
442.58	-34.17	
442.786	7.82	
442.991	60.45	
443.197	-5.5	
443.402	42.43	
443.608	59.02	
443.813	86.66	
444.019	119.84	
444.224	162.44	
444.43	93.22	
444.635	103.46	
444.841	12.12	
445.046	50.41	
445.252	34.85	
445.457	35.46	
445.662	-41.33	
445.868	-45.64	
446.073	-126.12	
446.278	-139.23	
446.484	-142.71	
446.689	-128.58	
446.894	-136.77	
447.1	-134.52	
447.305	-62.22	
447.51	-24.13	
447.716	-50.96	
447.921	-31.09	
448.126	15.19	
448.331	-70.42	
448.537	-68.98	
448.742	-7.54	
448.947	-51.37	
449.152	-98.88	
449.357	-14.92	
449.563	14.78	
449.768	-6.72	
449.973	17.85	
450.178	53.9	
450.383	-48.3	
450.588	-93.76	
450.793	-93.35	
450.999	-16.35	
451.204	-50.55	
451.409	-21.06	
451.614	-30.69	
451.819	-5.7	
452.024	-69.39	
452.229	-56.29	
452.434	9.86	
452.639	-20.65	
452.844	-8.57	
453.049	-56.29	
453.254	-80.04	
453.459	-103.8	
453.664	-41.95	
453.869	-47.68	
454.074	15.39	
454.279	60.24	
454.483	4.13	
454.688	-28.84	
454.893	18.88	
455.098	6.59	
455.303	-20.24	
455.508	16.01	
455.713	22.97	
455.917	-66.52	
456.122	-17.78	
456.327	-41.74	
456.532	5.77	
456.737	-35.6	
456.941	-14.51	
457.146	-70.62	
457.351	-41.74	
457.555	-78.81	
457.76	-12.87	
457.965	-2.01	
458.17	22.56	
458.374	75.19	
458.579	103.46	
458.784	56.97	
458.988	49.19	
459.193	32.8	
459.397	-1.81	
459.602	-46.66	
459.807	50.21	
460.011	32.39	
460.216	36.69	
460.42	-30.69	
460.625	-59.56	
460.829	-118.75	
461.034	-135.75	
461.239	-168.92	
461.443	-117.72	
461.648	-75.13	
461.852	-109.53	
462.056	-33.55	
462.261	-14.71	
462.465	68.85	
462.67	40.79	
462.874	60.65	
463.079	-1.19	
463.283	11.91	
463.487	-63.04	
463.692	-19.83	
463.896	-59.77	
464.1	-50.76	
464.305	-60.79	
464.509	-70.42	
464.713	-56.08	
464.918	16.42	
465.122	64.34	
465.326	32.39	
465.531	27.89	
465.735	-24.95	
465.939	-36.62	
466.143	-69.19	
466.348	-51.17	
466.552	-100.73	
466.756	-57.72	
466.96	-29.87	
467.164	-34.37	
467.368	-14.92	
467.573	51.85	
467.777	11.09	
467.981	-38.26	
468.185	-61.4	
468.389	-44.82	
468.593	-120.18	
468.797	-154.18	
469.001	-140.25	
469.205	-109.94	
469.409	-105.85	
469.613	-47.89	
469.817	0.24	
470.021	11.3	
470.225	3.11	
470.429	-36.62	
470.633	-29.05	
470.837	-10.21	
471.041	-14.71	
471.245	-56.29	
471.449	-29.25	
471.653	-25.57	
471.857	-14.3	
472.061	-77.79	
472.265	-45.43	
472.469	-32.53	
472.673	-50.35	
472.876	-69.8	
473.08	-20.24	
473.284	31.98	
473.488	1.26	
473.692	53.28	
473.895	92.4	
474.099	121.27	
474.303	86.66	
474.507	121.89	
474.71	79.29	
474.914	4.74	
475.118	-19.42	
475.322	-2.01	
475.525	-97.86	
475.729	-66.52	
475.933	-38.67	
476.136	48.16	
476.34	58.2	
476.543	151.58	
476.747	148.31	
476.951	159.57	
477.154	37.31	
477.358	93.63	
477.561	54.71	
477.765	24.81	
477.969	-2.01	
478.172	31.57	
478.376	-39.9	
478.579	-11.43	
478.783	-9.8	
478.986	13.55	
479.19	23.38	
479.393	59.02	
479.596	79.5	
479.8	103.66	
480.003	104.89	
480.207	97.31	
480.41	40.17	
480.614	31.57	
480.817	-18.4	
481.02	56.15	
481.224	99.77	
481.427	138.07	
481.63	173.5	
481.834	232.07	
482.037	117.59	
482.24	77.24	
482.443	66.8	
482.647	6.18	
482.85	-22.49	
483.053	70.69	
483.256	15.8	
483.46	40.79	
483.663	42.84	
483.866	94.24	
484.069	38.74	
484.272	78.47	
484.476	70.69	
484.679	124.14	
484.882	163.26	
485.085	155.07	
485.288	170.22	
485.491	203.6	
485.694	127.21	
485.897	91.37	
486.101	120.05	
486.304	180.87	
486.507	127.62	
486.71	171.24	
486.913	151.58	
487.116	143.6	
487.319	117.59	
487.522	169.81	
487.725	278.35	
487.928	298.42	
488.13	322.79	
488.333	364.78	
488.536	366.42	
488.739	325.05	
488.942	395.09	
489.145	434.82	
489.348	439.94	
489.551	477.01	
489.754	523.7	
489.956	519.4	
490.159	554.83	
490.362	572.65	
490.565	582.48	
490.768	592.31	
490.97	700.64	
491.173	762.29	
491.376	812.67	
491.579	859.16	
491.781	954.8	
491.984	933.7	
492.187	970.77	
492.39	1007.84	
492.592	1072.15	
492.795	1108.39	
492.998	1138.3	
493.2	1200.35	
493.403	1294.96	
493.605	1465.97	
493.808	1501.4	
494.011	1580.25	
494.213	1634.93	
494.416	1744.29	
494.618	1701.69	
494.821	1754.12	
495.023	1890.51	
495.226	2015.85	
495.428	2074.22	
495.631	2192.38	
495.833	2350.08	
496.036	2387.56	
496.238	2414.38	
496.441	2513.71	
496.643	2576.17	
496.846	2591.33	
497.048	2689.43	
497.25	2818.04	
497.453	2870.88	
497.655	3030.21	
497.858	3177.46	
498.06	3290.3	
498.262	3304.84	
498.465	3372.83	
498.667	3406.22	
498.869	3483.83	
499.071	3548.14	
499.274	3721.19	
499.476	3811.1	
499.678	3888.51	
499.881	3963.67	
500.083	4052.96	
500.285	4095.56	
500.487	4255.1	
500.689	4386.99	
500.892	4433.48	
501.094	4483.86	
501.296	4656.3	
501.498	4690.7	
501.7	4709.54	
501.902	4846.96	
502.104	4979.67	
502.306	4973.94	
502.509	5053.4	
502.711	5115.45	
502.913	5188.36	
503.115	5231.16	
503.317	5366.33	
503.519	5439.64	
503.721	5612.9	
503.923	5805.41	
504.125	5931.57	
504.327	6020.65	
504.529	6147.22	
504.731	6184.69	
504.933	6202.92	
505.134	6258.83	
505.336	6341.77	
505.538	6456.87	
505.74	6541.25	
505.942	6595.31	
506.144	6688.5	
506.346	6764.88	
506.548	6879.98	
506.749	7004.09	
506.951	7131.68	
507.153	7224.04	
507.355	7271.55	
507.557	7318.04	
507.758	7365.55	
507.96	7363.71	
508.162	7457.71	
508.363	7513.83	
508.565	7521.2	
508.767	7573.01	
508.969	7682.17	
509.17	7709	
509.372	7808.12	
509.574	7838.84	
509.775	7875.7	
509.977	7874.06	
510.178	7952.71	
510.38	7977.08	
510.582	8077.63	
510.783	8141.12	
510.985	8208.09	
511.186	8253.76	
511.388	8408.38	
511.589	8512.42	
511.791	8550.92	
511.992	8669.7	
512.194	8744.66	
512.395	8705.74	
512.597	8768.62	
512.798	8880.03	
513	8905.22	
513.201	8970.34	
513.403	9110.22	
513.604	9123.53	
513.805	9148.52	
514.007	9174.11	
514.208	9135.2	
514.409	9101.21	
514.611	9123.73	
514.812	9184.97	
515.013	9321.77	
515.215	9434.41	
515.416	9451.61	
515.617	9509.37	
515.819	9559.13	
516.02	9564.05	
516.221	9748.16	
516.422	9885.99	
516.623	9967.91	
516.825	10052.9	
517.026	10161.65	
517.227	10129.49	
517.428	10188.88	
517.629	10342.07	
517.83	10467	
518.032	10527.21	
518.233	10635.75	
518.434	10749.21	
518.635	10844.64	
518.836	10876.8	
519.037	10954.41	
519.238	11031.62	
519.439	11125.83	
519.64	11126.03	
519.841	11242.56	
520.042	11267.14	
520.243	11339.64	
520.444	11305.03	
520.645	11314.24	
520.846	11288.64	
521.047	11339.84	
521.248	11254.44	
521.449	11300.73	
521.65	11326.53	
521.851	11383.46	
522.052	11325.92	
522.252	11423.81	
522.453	11461.9	
522.654	11498.56	
522.855	11509.82	
523.056	11572.49	
523.257	11586.01	
523.457	11624.71	
523.658	11677.14	
523.859	11657.48	
524.06	11660.76	
524.26	11648.88	
524.461	11643.56	
524.662	11617.96	
524.862	11575.15	
525.063	11622.46	
525.264	11650.93	
525.464	11630.24	
525.665	11643.76	
525.866	11769.51	
526.066	11746.77	
526.267	11744.32	
526.468	11756.6	
526.668	11755.78	
526.869	11729.37	
527.069	11738.38	
527.27	11788.96	
527.47	11852.24	
527.671	11873.34	
527.871	11896.28	
528.072	12007.89	
528.272	11987	
528.473	12006.25	
528.673	12055.4	
528.874	12009.12	
529.074	11932.11	
529.275	11923.31	
529.475	11896.68	
529.675	11802.27	
529.876	11835.86	
530.076	11835.45	
530.277	11810.47	
530.477	11760.7	
530.677	11758.24	
530.878	11702.74	
531.078	11753.94	
531.278	11694.55	
531.478	11736.33	
531.679	11737.97	
531.879	11774.01	
532.079	11697.62	
532.28	11754.15	
532.48	11663.63	
532.68	11649.49	
532.88	11642.94	
533.08	11651.13	
533.28	11658.51	
533.481	11737.35	
533.681	11771.55	
533.881	11836.68	
534.081	11879.89	
534.281	11928.22	
534.481	11948.09	
534.681	12018.33	
534.881	12043.52	
535.081	12021.41	
535.281	11988.43	
535.481	12009.53	
535.682	11936.42	
535.882	11846.92	
536.082	11873.34	
536.281	11844.67	
536.481	11798.38	
536.681	11812.1	
536.881	11778.11	
537.081	11672.02	
537.281	11634.54	
537.481	11545.87	
537.681	11472.96	
537.881	11408.65	
538.081	11502.66	
538.281	11514.53	
538.48	11506.96	
538.68	11572.49	
538.88	11700.69	
539.08	11681.65	
539.28	11732.03	
539.479	11879.48	
539.679	11884.6	
539.879	11902.62	
540.079	11897.91	
540.278	11899.35	
540.478	11783.64	
540.678	11787.12	
540.877	11791.83	
541.077	11734.9	
541.277	11729.98	
541.476	11852.65	
541.676	11884.19	
541.876	11882.14	
542.075	11989.46	
542.275	11989.05	
542.474	11978.19	
542.674	11992.94	
542.874	11980.45	
543.073	11947.06	
543.273	11977.99	
543.472	11970.62	
543.672	11974.51	
543.871	11965.29	
544.071	11966.11	
544.27	11979.01	
544.47	11924.33	
544.669	11907.33	
544.868	11880.3	
545.068	11885.83	
545.267	11794.7	
545.467	11867.19	
545.666	11796.74	
545.865	11850.4	
546.065	11787.73	
546.264	11837.5	
546.463	11767.46	
546.663	11837.91	
546.862	11808.62	
547.061	11854.91	
547.261	11866.37	
547.46	11981.06	
547.659	11950.75	
547.858	12053.56	
548.058	12035.13	
548.257	12108.44	
548.456	12012.39	
548.655	11995.6	
548.854	11864.12	
549.053	11923.31	
549.253	11821.52	
549.452	11830.54	
549.651	11912.66	
549.85	11983.72	
550.049	11937.44	
550.248	11914.5	
550.447	11908.36	
550.646	11845.49	
550.845	11818.86	
551.044	11763.16	
551.243	11774.22	
551.442	11725.88	
551.641	11675.71	
551.84	11621.44	
552.039	11620.82	
552.238	11613.25	
552.437	11558.36	
552.636	11509.41	
552.835	11450.23	
553.034	11459.85	
553.233	11423.6	
553.432	11421.15	
553.63	11413.57	
553.829	11429.75	
554.028	11374.04	
554.227	11430.36	
554.426	11484.22	
554.625	11565.53	
554.823	11584.16	
555.022	11684.52	
555.221	11684.11	
555.42	11625.94	
555.618	11587.24	
555.817	11541.77	
556.016	11431.59	
556.214	11409.27	
556.413	11434.25	
556.612	11413.36	
556.81	11435.28	
557.009	11479.72	
557.208	11426.88	
557.406	11433.84	
557.605	11394.52	
557.803	11377.52	
558.002	11365.44	
558.201	11326.33	
558.399	11307.69	
558.598	11289.05	
558.796	11307.69	
558.995	11260.38	
559.193	11285.98	
559.392	11210	
559.59	11236.83	
559.789	11196.07	
559.987	11211.43	
560.185	11206.93	
560.384	11185.63	
560.582	11116.41	
560.781	11105.14	
560.979	11059.07	
561.177	10932.91	
561.376	10916.73	
561.574	10951.14	
561.772	10847.92	
561.971	10955.64	
562.169	10996.4	
562.367	10938.85	
562.566	10855.29	
562.764	10815.15	
562.962	10615.07	
563.16	10531.1	
563.358	10561.41	
563.557	10582.09	
563.755	10624.28	
563.953	10657.87	
564.151	10735.69	
564.349	10797.13	
564.547	10830.1	
564.746	10839.93	
564.944	10827.85	
565.142	10823.34	
565.34	10794.67	
565.538	10779.11	
565.736	10784.23	
565.934	10786.69	
566.132	10807.78	
566.33	10848.53	
566.528	10952.37	
566.726	11010.73	
566.924	11085.69	
567.122	11108.63	
567.32	11080.57	
567.518	10993.74	
567.716	10960.15	
567.914	10918.78	
568.112	10818.84	
568.31	10794.67	
568.507	10753.51	
568.705	10588.03	
568.903	10519.22	
569.101	10490.96	
569.299	10444.88	
569.497	10397.98	
569.694	10420.1	
569.892	10341.66	
570.09	10314.63	
570.288	10193.18	
570.486	10150.18	
570.683	10105.33	
570.881	10073.79	
571.079	9985.93	
571.276	10000.47	
571.474	9966.47	
571.672	9982.45	
571.869	10069.49	
572.067	10187.25	
572.265	10264.04	
572.462	10336.34	
572.66	10431.77	
572.857	10447.13	
573.055	10464.34	
573.253	10425.01	
573.45	10369.92	
573.648	10369.31	
573.845	10304.59	
574.043	10155.5	
574.24	10010.1	
574.438	9861.82	
574.635	9672.18	
574.832	9489.91	
575.03	9514.9	
575.227	9702.08	
575.425	9817.59	
575.622	9863.46	
575.82	9962.17	
576.017	10019.31	
576.214	9897.87	
576.412	9867.35	
576.609	9819.23	
576.806	9787.07	
577.004	9741.4	
577.201	9755.33	
577.398	9813.49	
577.595	9942.72	
577.793	10055.15	
577.99	10067.64	
578.187	10039.59	
578.384	10012.14	
578.582	9931.25	
578.779	9917.94	
578.976	9915.89	
579.173	10019.72	
579.37	9972.21	
579.567	9974.26	
579.764	9887.22	
579.962	9854.04	
580.159	9752.67	
580.356	9749.18	
580.553	9705.97	
580.75	9711.09	
580.947	9681.6	
581.144	9703.92	
581.341	9673	
581.538	9694.71	
581.735	9674.43	
581.932	9679.96	
582.129	9593.54	
582.326	9564.25	
582.523	9519.4	
582.72	9448.34	
582.916	9378.91	
583.113	9370.11	
583.31	9362.53	
583.507	9372.36	
583.704	9454.07	
583.901	9499.74	
584.098	9539.68	
584.294	9543.36	
584.491	9509.16	
584.688	9489.91	
584.885	9434	
585.082	9526.37	
585.278	9615.66	
585.475	9654.57	
585.672	9648.42	
585.868	9715.6	
586.065	9598.66	
586.262	9461.04	
586.458	9459.19	
586.655	9502.61	
586.852	9444.45	
587.048	9433.18	
587.245	9452.02	
587.442	9497.28	
587.638	9497.49	
587.835	9553.81	
588.031	9568.35	
588.228	9611.15	
588.424	9547.87	
588.621	9520.22	
588.817	9444.86	
589.014	9461.85	
589.21	9425.2	
589.407	9346.96	
589.603	9240.26	
589.8	9236.37	
589.996	9175.96	
590.192	9138.48	
590.389	9118.61	
590.585	9109.4	
590.782	9031.37	
590.978	9067.62	
591.174	9002.5	
591.371	9000.65	
591.567	8985.7	
591.763	9017.65	
591.959	8943.92	
592.156	8923.24	
592.352	8905.22	
592.548	8942.9	
592.744	8940.24	
592.941	8906.45	
593.137	8922.01	
593.333	8921.19	
593.529	8959.08	
593.725	9024.82	
593.922	9087.08	
594.118	9195.21	
594.314	9220.6	
594.51	9211.59	
594.706	9179.64	
594.902	9223.68	
595.098	9188.45	
595.294	9221.63	
595.49	9159.16	
595.686	9206.88	
595.882	9106.53	
596.078	9150.56	
596.274	9163.67	
596.47	9224.49	
596.666	9164.08	
596.862	9135	
597.058	9067.01	
597.254	9071.72	
597.45	9008.02	
597.646	9032.81	
597.842	9075.61	
598.037	9149.54	
598.233	9131.72	
598.429	9203.4	
598.625	9123.94	
598.821	9077.86	
599.017	8999.01	
599.212	9042.43	
599.408	9051.24	
599.604	9090.35	
599.8	9146.06	
599.995	9102.44	
600.191	9026.66	
600.387	8935.12	
600.582	8941.26	
600.778	8927.74	
600.974	8936.96	
601.169	8867.53	
601.365	8865.49	
601.561	8741.99	
601.756	8684.45	
601.952	8653.11	
602.147	8599.45	
602.343	8550.71	
602.538	8620.34	
602.734	8587.99	
602.93	8614.81	
603.125	8676.25	
603.321	8713.12	
603.516	8714.76	
603.711	8793.6	
603.907	8793.4	
604.102	8822.89	
604.298	8839.48	
604.493	8815.72	
604.689	8830.67	
604.884	8822.27	
605.079	8808.96	
605.275	8778.65	
605.47	8794.63	
605.665	8746.91	
605.861	8801.38	
606.056	8832.31	
606.251	8800.57	
606.447	8836.4	
606.642	8882.07	
606.837	8821.86	
607.032	8860.98	
607.227	8880.85	
607.423	8891.7	
607.618	8853.2	
607.813	8848.69	
608.008	8814.29	
608.203	8923.03	
608.398	8961.13	
608.594	8914.23	
608.789	8930.82	
608.984	8966.04	
609.179	8914.23	
609.374	8829.85	
609.569	8885.15	
609.764	8863.85	
609.959	8864.26	
610.154	8960.31	
610.349	9131.72	
610.544	9202.79	
610.739	9351.06	
610.934	9410.45	
611.129	9461.04	
611.324	9451.82	
611.519	9556.47	
611.714	9590.26	
611.909	9591.29	
612.103	9673.61	
612.298	9731.37	
612.493	9763.73	
612.688	9821.68	
612.883	9944.56	
613.078	9909.75	
613.272	10021.56	
613.467	10095.09	
613.662	10123.76	
613.857	10144.65	
614.051	10211.62	
614.246	10069.9	
614.441	9966.88	
614.635	9869.4	
614.83	9787.07	
615.025	9689.18	
615.219	9683.44	
615.414	9665.01	
615.609	9737.1	
615.803	9707	
615.998	9778.68	
616.192	9861	
616.387	9918.55	
616.582	9991.87	
616.776	10100.21	
616.971	10101.84	
617.165	10129.08	
617.36	10168.61	
617.554	10176.19	
617.749	10306.03	
617.943	10350.06	
618.138	10359.89	
618.332	10393.48	
618.526	10401.67	
618.721	10345.96	
618.915	10387.74	
619.11	10434.64	
619.304	10377.5	
619.498	10356.41	
619.693	10374.02	
619.887	10315.04	
620.081	10262.41	
620.275	10360.71	
620.47	10414.98	
620.664	10443.45	
620.858	10449.18	
621.052	10471.71	
621.247	10454.51	
621.441	10403.92	
621.635	10324.87	
621.829	10338.79	
622.023	10312.79	
622.218	10292.51	
622.412	10248.27	
622.606	10169.02	
622.8	10113.52	
622.994	10041.02	
623.188	9935.55	
623.382	9908.31	
623.576	9916.3	
623.77	9871.65	
623.964	9885.78	
624.158	9880.46	
624.352	9825.98	
624.546	9793.83	
624.74	9824.55	
624.934	9765.98	
625.128	9784.41	
625.322	9802.64	
625.516	9796.29	
625.71	9764.54	
625.904	9804.07	
626.098	9836.22	
626.291	9898.48	
626.485	9923.88	
626.679	9925.92	
626.873	9996.78	
627.067	9977.94	
627.26	10008.05	
627.454	10069.49	
627.648	10147.1	
627.842	10091.81	
628.035	10108.81	
628.229	10058.02	
628.423	9939.24	
628.617	9873.09	
628.81	9832.13	
629.004	9807.96	
629.198	9803.66	
629.391	9854.86	
629.585	9867.15	
629.778	9860.59	
629.972	9839.5	
630.166	9812.67	
630.359	9757.58	
630.553	9695.12	
630.746	9729.32	
630.94	9741.61	
631.133	9672.59	
631.327	9691.23	
631.52	9691.84	
631.714	9643.51	
631.907	9592.92	
632.1	9657.64	
632.294	9707	
632.487	9714.57	
632.681	9765.77	
632.874	9798.34	
633.067	9802.23	
633.261	9762.5	
633.454	9767.82	
633.647	9747.75	
633.841	9689.59	
634.034	9681.4	
634.227	9607.26	
634.421	9548.89	
634.614	9486.02	
634.807	9441.58	
635	9304.98	
635.193	9306.41	
635.387	9224.7	
635.58	9167.36	
635.773	9148.31	
635.966	9187.84	
636.159	9196.44	
636.352	9204.63	
636.545	9212.21	
636.739	9151.79	
636.932	9118.41	
637.125	9052.26	
637.318	9069.05	
637.511	9105.71	
637.704	9130.08	
637.897	9214.05	
638.09	9196.64	
638.283	9222.45	
638.476	9188.25	
638.669	9206.47	
638.862	9140.12	
639.055	9108.99	
639.247	9080.93	
639.44	9042.84	
639.633	9109.6	
639.826	9133.36	
640.019	9215.89	
640.212	9253.58	
640.405	9343.48	
640.597	9340.82	
640.79	9406.35	
640.983	9439.94	
641.176	9400.01	
641.368	9369.08	
641.561	9373.79	
641.754	9243.13	
641.947	9257.26	
642.139	9282.25	
642.332	9244.36	
642.525	9258.49	
642.717	9355.77	
642.91	9267.3	
643.103	9304.37	
643.295	9321.77	
643.488	9283.27	
643.68	9230.43	
643.873	9282.25	
644.065	9231.05	
644.258	9213.64	
644.45	9182.1	
644.643	9152.41	
644.835	9082.78	
645.028	9004.34	
645.22	8935.12	
645.413	8840.91	
645.605	8828.42	
645.798	8790.94	
645.99	8865.28	
646.182	8869.38	
646.375	8909.93	
646.567	8873.27	
646.76	8847.87	
646.952	8745.68	
647.144	8718.65	
647.337	8686.29	
647.529	8679.94	
647.721	8746.7	
647.913	8744.45	
648.106	8710.66	
648.298	8684.86	
648.49	8634.07	
648.682	8547.85	
648.874	8551.94	
649.067	8576.72	
649.259	8566.07	
649.451	8564.84	
649.643	8588.6	
649.835	8612.15	
650.027	8595.97	
650.219	8590.65	
650.411	8602.12	
650.603	8550.71	
650.796	8513.03	
650.988	8500.13	
651.18	8504.63	
651.372	8513.85	
651.564	8479.03	
651.756	8379.3	
651.948	8343.05	
652.139	8267.07	
652.331	8192.93	
652.523	8222.22	
652.715	8245.77	
652.907	8233.89	
653.099	8214.44	
653.291	8187.61	
653.483	8100.77	
653.674	8084.6	
653.866	8070.46	
654.058	8028.28	
654.25	7963.97	
654.442	7943.08	
654.633	7839.45	
654.825	7755.9	
655.017	7758.56	
655.209	7742.18	
655.4	7769.62	
655.592	7748.93	
655.784	7815.08	
655.975	7803.82	
656.167	7816.52	
656.359	7813.85	
656.55	7901.1	
656.742	7826.96	
656.933	7917.07	
657.125	7958.03	
657.316	7920.35	
657.508	7872.22	
657.7	7952.09	
657.891	7830.65	
658.083	7781.91	
658.274	7791.74	
658.466	7803.82	
658.657	7772.89	
658.848	7733.57	
659.04	7751.19	
659.231	7715.55	
659.423	7682.58	
659.614	7587.14	
659.805	7687.29	
659.997	7723.13	
660.188	7701.83	
660.379	7705.11	
660.571	7659.85	
660.762	7577.93	
660.953	7484.75	
661.145	7481.88	
661.336	7430.27	
661.527	7648.38	
661.718	7640.19	
661.909	7575.06	
662.101	7556.01	
662.292	7548.03	
662.483	7302.48	
662.674	7233.66	
662.865	7219.94	
663.056	7122.46	
663.247	6988.73	
663.439	6981.97	
663.63	6954.32	
663.821	6875.27	
664.012	6852.95	
664.203	6933.84	
664.394	6901.48	
664.585	6886.74	
664.776	6851.1	
664.967	6841.07	
665.158	6747.27	
665.349	6790.07	
665.54	6702.22	
665.73	6735.39	
665.921	6633.2	
666.112	6601.25	
666.303	6440.9	
666.494	6529.98	
666.685	6436.6	
666.876	6486.77	
667.066	6479.81	
667.257	6518.31	
667.448	6326.82	
667.639	6341.16	
667.83	6289.35	
668.02	6243.06	
668.211	6165.85	
668.402	6235.07	
668.592	6156.43	
668.783	6079.22	
668.974	6035.4	
669.164	6007.55	
669.355	5927.06	
669.546	5944.26	
669.736	5952.66	
669.927	5939.55	
670.117	5927.47	
670.308	5979.28	
670.499	5962.49	
670.689	6002.22	
670.88	6014.51	
671.07	6086.19	
671.261	6084.14	
671.451	6166.47	
671.641	6121.62	
671.832	6178.14	
672.022	6153.36	
672.213	6097.25	
672.403	6005.29	
672.594	6001.2	
672.784	5942.42	
672.974	5891.84	
673.165	5828.35	
673.355	5821.18	
673.545	5860.5	
673.736	5874.02	
673.926	5773.67	
674.116	5819.13	
674.306	5738.03	
674.497	5628.88	
674.687	5504.15	
674.877	5494.73	
675.067	5420.8	
675.257	5443.33	
675.448	5421.62	
675.638	5450.29	
675.828	5412.61	
676.018	5440.87	
676.208	5371.86	
676.398	5360.59	
676.588	5294.03	
676.778	5298.54	
676.968	5252.46	
677.158	5255.74	
677.348	5171.36	
677.538	5145.76	
677.728	5126.71	
677.918	5088.83	
678.108	5054.01	
678.298	5088.62	
678.488	5070.8	
678.678	5092.92	
678.868	5093.74	
679.058	5059.95	
679.248	5023.09	
679.438	5015.1	
679.627	4936.87	
679.817	4893.86	
680.007	4903.49	
680.197	4899.8	
680.387	4882.19	
680.576	4922.12	
680.766	4889.76	
680.956	4870.31	
681.146	4952.84	
681.335	4970.45	
681.525	4926.01	
681.715	4983.36	
681.904	5019.81	
682.094	4946.08	
682.284	4894.68	
682.473	4888.74	
682.663	4875.43	
682.852	4821.57	
683.042	4786.55	
683.231	4775.28	
683.421	4754.8	
683.61	4704.63	
683.8	4648.31	
683.989	4617.18	
684.179	4634.18	
684.368	4595.27	
684.558	4569.46	
684.747	4567.62	
684.937	4533.42	
685.126	4521.95	
685.316	4526.66	
685.505	4464.2	
685.694	4496.55	
685.884	4549.6	
686.073	4465.22	
686.262	4414.84	
686.452	4452.93	
686.641	4405.21	
686.83	4331.69	
687.019	4335.38	
687.209	4354.83	
687.398	4352.58	
687.587	4320.02	
687.776	4297.9	
687.965	4243.83	
688.155	4199.19	
688.344	4104.78	
688.533	4067.91	
688.722	3996.03	
688.911	4060.95	
689.1	4082.25	
689.289	4117.48	
689.478	4098.63	
689.667	4101.3	
689.856	3934.18	
690.045	3842.84	
690.234	3757.85	
690.423	3777.31	
690.612	3731.02	
690.801	3818.27	
690.99	3791.44	
691.179	3797.38	
691.368	3729.39	
691.557	3801.06	
691.746	3731.84	
691.935	3755.19	
692.124	3710.54	
692.312	3715.66	
692.501	3623.3	
692.69	3659.75	
692.879	3614.49	
693.068	3617.16	
693.256	3586.23	
693.445	3640.91	
693.634	3584.18	
693.823	3566.98	
694.011	3573.94	
694.2	3586.44	
694.389	3504.93	
694.577	3491.62	
694.766	3470.93	
694.955	3425.26	
695.143	3377.54	
695.332	3383.69	
695.52	3369.76	
695.709	3425.88	
695.897	3436.73	
696.086	3402.53	
696.275	3353.17	
696.463	3352.15	
696.652	3284.98	
696.84	3259.99	
697.028	3250.98	
697.217	3222.72	
697.405	3203.26	
697.594	3205.11	
697.782	3137.32	
697.971	3112.33	
698.159	3113.56	
698.347	3090.62	
698.536	3037.58	
698.724	3082.02	
698.912	3060.72	
699.1	3052.94	
699.289	3084.07	
699.477	3075.47	
699.665	3015.87	
699.854	2970.61	
700.042	2934.77	
700.23	2880.09	
700.418	2866.99	
700.606	2857.16	
700.794	2898.73	
700.983	2911.63	
701.171	2904.46	
701.359	2861.25	
701.547	2890.95	
701.735	2871.9	
701.923	2834.22	
702.111	2773.6	
702.299	2752.71	
702.487	2743.29	
702.675	2677.75	
702.863	2662.19	
703.051	2668.95	
703.239	2715.03	
703.427	2652.36	
703.615	2665.67	
703.803	2624.71	
703.991	2649.29	
704.179	2632.9	
704.367	2676.93	
704.554	2704.79	
704.742	2749.43	
704.93	2783.63	
705.118	2778.92	
705.306	2689.63	
705.493	2622.05	
705.681	2552.62	
705.869	2507.57	
706.057	2439.98	
706.244	2439.78	
706.432	2433.64	
706.62	2451.66	
706.807	2339.84	
706.995	2378.14	
707.183	2308.09	
707.37	2342.5	
707.558	2352.33	
707.746	2453.09	
707.933	2430.15	
708.121	2521.29	
708.308	2431.59	
708.496	2378.95	
708.683	2266.52	
708.871	2298.67	
709.058	2219.83	
709.246	2244.2	
709.433	2206.11	
709.621	2237.44	
709.808	2146.1	
709.995	2203.85	
710.183	2195.87	
710.37	2226.18	
710.558	2180.51	
710.745	2162.28	
710.932	2111.29	
711.12	2125.83	
711.307	2118.45	
711.494	2135.45	
711.681	2188.9	
711.869	2162.89	
712.056	2168.42	
712.243	2178.05	
712.43	2118.04	
712.618	2100.02	
712.805	2078.72	
712.992	2036.53	
713.179	1981.24	
713.366	2017.9	
713.553	2034.49	
713.74	2035.31	
713.928	1968.95	
714.115	1992.5	
714.302	1955.84	
714.489	1924.72	
714.676	1901.16	
714.863	1996.8	
715.05	1995.57	
715.237	1996.39	
715.424	1935.57	
715.611	2006.84	
715.798	1973.25	
715.984	1945.19	
716.171	1965.47	
716.358	1947.65	
716.545	1887.65	
716.732	1868.4	
716.919	1810.64	
717.106	1750.23	
717.293	1771.73	
717.479	1777.26	
717.666	1695.96	
717.853	1708.24	
718.04	1736.3	
718.226	1739.99	
718.413	1681.01	
718.6	1729.75	
718.786	1729.13	
718.973	1748.18	
719.16	1675.27	
719.346	1704.97	
719.533	1675.89	
719.72	1726.47	
719.906	1664.01	
720.093	1705.17	
720.279	1629.4	
720.466	1631.04	
720.652	1594.58	
720.839	1636.98	
721.025	1647.83	
721.212	1681.21	
721.398	1659.09	
721.585	1675.48	
721.771	1603.8	
721.958	1534.37	
722.144	1549.94	
722.331	1489.32	
722.517	1389.38	
722.703	1412.11	
722.89	1377.7	
723.076	1343.91	
723.262	1399.41	
723.449	1409.86	
723.635	1344.53	
723.821	1352.51	
724.007	1320.36	
724.194	1263.84	
724.38	1271.21	
724.566	1285.95	
724.752	1312.37	
724.938	1349.24	
725.125	1404.33	
725.311	1432.18	
725.497	1419.28	
725.683	1383.03	
725.869	1325.27	
726.055	1300.7	
726.241	1255.44	
726.427	1278.79	
726.613	1261.99	
726.799	1342.48	
726.985	1272.64	
727.171	1298.24	
727.357	1333.26	
727.543	1425.42	
727.729	1367.05	
727.915	1423.99	
728.101	1392.24	
728.287	1331.42	
728.473	1260.97	
728.659	1246.84	
728.845	1204.44	
729.03	1175.57	
729.216	1192.36	
729.402	1162.87	
729.588	1139.93	
729.774	1145.05	
729.959	1132.97	
730.145	1157.75	
730.331	1180.07	
730.517	1196.25	
730.702	1226.77	
730.888	1260.97	
731.074	1172.29	
731.259	1165.94	
731.445	1181.1	
731.63	1127.85	
731.816	1095.29	
732.002	1190.93	
732.187	1215.09	
732.373	1176.18	
732.558	1214.89	
732.744	1259.33	
732.929	1201.37	
733.115	1102.25	
733.3	1005.18	
733.486	976.51	
733.671	866.73	
733.857	819.43	
734.042	864.89	
734.227	925.1	
734.413	958.48	
734.598	1020.74	
734.784	991.05	
734.969	957.66	
735.154	971.18	
735.339	910.15	
735.525	942.92	
735.71	995.96	
735.895	956.64	
736.081	935.55	
736.266	945.38	
736.451	881.89	
736.636	912.81	
736.821	913.63	
737.007	889.47	
737.192	894.79	
737.377	865.92	
737.562	777.44	
737.747	820.04	
737.932	850.76	
738.117	799.77	
738.302	867.96	
738.487	884.96	
738.672	848.92	
738.857	856.7	
739.042	896.02	
739.227	904.01	
739.412	878.82	
739.597	876.97	
739.782	910.97	
739.967	841.13	
740.152	803.45	
740.337	841.54	
740.522	839.09	
740.706	790.14	
740.891	875.95	
741.076	873.29	
741.261	878.82	
741.446	896.63	
741.63	892.95	
741.815	876.56	
742	810.62	
742.185	757.17	
742.369	731.57	
742.554	693.07	
742.739	658.87	
742.923	702.49	
743.108	733	
743.293	750.82	
743.477	742.22	
743.662	771.3	
743.846	745.29	
744.031	740.99	
744.216	728.29	
744.4	799.56	
744.585	767.2	
744.769	802.43	
744.954	793.62	
745.138	773.35	
745.322	749.39	
745.507	688.97	
745.691	664.8	
745.876	623.64	
746.06	675.25	
746.244	679.14	
746.429	751.64	
746.613	726.24	
746.798	755.33	
746.982	670.54	
747.166	675.86	
747.35	620.16	
747.535	618.32	
747.719	612.79	
747.903	687.13	
748.087	616.06	
748.272	611.35	
748.456	642.89	
748.64	628.56	
748.824	588.62	
749.008	619.95	
749.192	609.1	
749.376	567.12	
749.56	545.82	
749.745	510.18	
749.929	534.35	
750.113	569.98	
750.297	533.73	
750.481	576.33	
750.665	603.98	
750.849	571.83	
751.033	559.33	
751.217	538.85	
751.4	503.83	
751.584	481.51	
751.768	474.14	
751.952	443.01	
752.136	482.95	
752.32	447.11	
752.504	473.11	
752.688	467.99	
752.871	460.21	
753.055	428.67	
753.239	460.01	
753.423	473.32	
753.606	449.36	
753.79	496.67	
753.974	518.58	
754.157	512.64	
754.341	448.95	
754.525	428.67	
754.708	419.25	
754.892	397.14	
755.076	425.19	
755.259	491.14	
755.443	482.54	
755.626	452.84	
755.81	494.62	
755.993	481.1	
756.177	408.4	
756.36	461.24	
756.544	455.91	
756.727	420.69	
756.911	434	
757.094	465.33	
757.278	425.6	
757.461	413.11	
757.644	418.84	
757.828	353.1	
758.011	375.63	
758.195	398.36	
758.378	389.56	
758.561	367.03	
758.744	376.25	
758.928	408.4	
759.111	390.79	
759.294	436.05	
759.477	463.69	
759.661	492.98	
759.844	436.46	
760.027	422.73	
760.21	377.27	
760.393	381.78	
760.576	372.56	
760.76	352.49	
760.943	329.76	
761.126	401.03	
761.309	447.52	
761.492	423.76	
761.675	410.04	
761.858	450.59	
762.041	368.67	
762.224	278.15	
762.407	278.56	
762.59	326.07	
762.773	271.39	
762.956	264.63	
763.139	279.38	
763.321	323.2	
763.504	252.14	
763.687	292.28	
763.87	350.85	
764.053	371.13	
764.236	371.74	
764.418	412.7	
764.601	387.1	
764.784	378.7	
764.967	419.05	
765.149	394.06	
765.332	401.64	
765.515	445.88	
765.697	396.32	
765.88	353.1	
766.063	348.19	
766.245	337.33	
766.428	284.7	
766.611	302.31	
766.793	315.63	
766.976	356.38	
767.158	313.58	
767.341	371.74	
767.523	374.81	
767.706	372.97	
767.888	322.38	
768.071	440.96	
768.253	390.38	
768.436	410.45	
768.618	412.5	
768.8	500.56	
768.983	455.71	
769.165	467.59	
769.348	403.28	
769.53	365.6	
769.712	264.02	
769.895	210.97	
770.077	240.88	
770.259	263.4	
770.441	257.87	
770.624	323.61	
770.806	372.15	
770.988	318.29	
771.17	325.66	
771.352	397.34	
771.535	392.22	
771.717	385.26	
771.899	398.77	
772.081	464.72	
772.263	391.4	
772.445	342.04	
772.627	282.24	
772.809	294.33	
772.991	239.03	
773.173	306.21	
773.355	315.63	
773.537	329.96	
773.719	302.72	
773.901	355.56	
774.083	287.36	
774.265	228.59	
774.447	216.91	
774.629	244.97	
774.811	219.99	
774.992	251.73	
775.174	272.41	
775.356	313.78	
775.538	260.74	
775.72	204.01	
775.901	182.92	
776.083	196.43	
776.265	157.52	
776.447	227.77	
776.628	292.28	
776.81	284.5	
776.992	326.69	
777.173	345.53	
777.355	307.43	
777.537	315.22	
777.718	335.49	
777.9	321.77	
778.081	327.5	
778.263	354.54	
778.444	279.99	
778.626	242.1	
778.807	172.06	
778.989	146.87	
779.17	71.71	
779.352	27.68	
779.533	0.65	
779.715	63.32	
779.896	17.65	
780.078	124.14	
780.259	192.54	
780.44	213.23	
780.622	179.64	
780.803	316.85	
780.984	261.76	
781.166	227.56	
781.347	246.81	
781.528	255.62	
781.709	167.15	
781.891	179.44	
782.072	207.7	
782.253	215.69	
782.434	194.39	
782.615	198.28	
782.796	192.95	
782.978	241.9	
783.159	258.28	
783.34	330.99	
783.521	331.6	
783.702	350.85	
783.883	317.47	
784.064	321.57	
784.245	228.38	
784.426	266.88	
784.607	216.3	
784.788	223.06	
784.969	161	
785.15	203.6	
785.331	92.4	
785.512	156.29	
785.692	125.98	
785.873	166.12	
786.054	141.96	
786.235	199.51	
786.416	196.43	
786.597	218.35	
786.777	185.99	
786.958	201.76	
787.139	213.84	
787.32	192.34	
787.5	195.41	
787.681	174.93	
787.862	170.02	
788.042	162.44	
788.223	148.72	
788.404	81.95	
788.584	123.94	
788.765	156.7	
788.946	151.38	
789.126	153.22	
789.307	219.17	
789.487	248.66	
789.668	188.86	
789.848	169.2	
790.029	114.31	
790.209	88.1	
790.39	30.34	
790.57	24.4	
790.75	100.18	
790.931	132.33	
791.111	99.57	
791.292	144.21	
791.472	182.51	
791.652	145.64	
791.833	141.96	
792.013	165.51	
792.193	106.94	
792.373	147.69	
792.554	149.33	
792.734	157.32	
792.914	133.97	
793.094	178.41	
793.275	162.44	
793.455	123.32	
793.635	155.27	
793.815	204.83	
793.995	186.19	
794.175	160.59	
794.355	223.47	
794.535	221.21	
794.715	198.89	
794.896	206.06	
795.076	170.22	
795.256	187.22	
795.436	125.98	
795.616	148.72	
795.795	154.86	
795.975	175.14	
796.155	165.1	
796.335	216.91	
796.515	233.5	
796.695	269.96	
796.875	322.79	
797.055	286.75	
797.234	279.17	
797.414	249.68	
797.594	203.19	
797.774	155.68	
797.954	120.66	
798.133	127.01	
798.313	92.4	
798.493	115.13	
798.672	77.45	
798.852	86.66	
799.032	13.55	
799.211	13.76	
799.391	-11.84	
799.571	15.6	
799.75	11.09	
799.93	98.13	
800.109	110.01	
800.289	110.62	
800.468	81.13	
800.648	70.89	
800.827	30.55	
801.007	29.52	
801.186	-13.69	
801.366	14.17	
801.545	33.01	
801.725	97.11	
801.904	55.53	
802.083	103.66	
802.263	95.26	
802.442	164.49	
802.621	80.31	
802.801	192.34	
802.98	177.18	
803.159	154.25	
803.338	71.71	
803.518	131.51	
803.697	28.91	
803.876	77.45	
804.055	109.19	
804.235	153.02	
804.414	93.83	
804.593	128.85	
804.772	74.78	
804.951	71.1	
805.13	-10.21	
805.309	25.02	
805.488	32.6	
805.667	63.73	
805.846	80.52	
806.025	142.16	
806.204	178.41	
806.383	141.75	
806.562	117.38	
806.741	111.24	
806.92	126.8	
807.099	72.74	
807.278	55.12	
807.457	50.62	
807.636	78.27	
807.814	75.81	
807.993	77.24	
808.172	108.17	
808.351	124.14	
808.53	105.3	
808.708	81.54	
808.887	79.09	
809.066	159.98	
809.244	143.8	
809.423	111.65	
809.602	91.17	
809.78	135	
809.959	54.71	
810.138	86.05	
810.316	119.23	
810.495	148.72	
810.673	75.6	
810.852	91.99	
811.03	108.78	
811.209	124.55	
811.388	125.37	
811.566	178.21	
811.744	189.47	
811.923	149.74	
812.101	113.29	
812.28	197.87	
812.458	210.97	
812.637	168.79	
812.815	190.29	
812.993	233.5	
813.172	202.58	
813.35	117.59	
813.528	158.34	
813.706	114.93	
813.885	82.77	
814.063	-4.06	
814.241	96.7	
814.419	110.01	
814.598	187.63	
814.776	171.45	
814.954	163.26	
815.132	134.38	
815.31	116.77	
815.488	9.66	
815.666	-15.12	
815.844	-26.18	
816.022	-71.03	
816.201	-108.3	
816.379	-18.81	
816.557	29.32	
816.735	69.26	
816.913	70.28	
817.09	123.53	
817.268	72.74	
817.446	37.31	
817.624	10.89	
817.802	122.71	
817.98	62.09	
818.158	45.29	
818.336	14.57	
818.514	59.63	
818.691	3.93	
818.869	76.83	
819.047	131.1	
819.225	168.58	
819.402	118.2	
819.58	163.87	
819.758	151.58	
819.935	107.35	
820.113	107.55	
820.291	135.61	
820.468	49.39	
820.646	56.56	
820.824	114.52	
821.001	192.34	
821.179	207.29	
821.356	235.96	
821.534	193.57	
821.711	132.54	
821.889	133.36	
822.066	132.95	
822.244	111.85	
822.421	158.96	
822.599	199.1	
822.776	116.56	
822.953	60.45	
823.131	28.5	
823.308	-12.66	
823.486	-9.8	
823.663	-3.45	
823.84	41.81	
824.017	20.31	
824.195	13.96	
824.372	22.97	
824.549	16.42	
824.726	-1.81	
824.904	20.51	
825.081	41.4	
825.258	-26.79	
825.435	-33.76	
825.612	-3.04	
825.789	-40.72	
825.967	-29.87	
826.144	44.88	
826.321	92.81	
826.498	76.63	
826.675	134.79	
826.852	70.69	
827.029	47.34	
827.206	59.02	
827.383	11.91	
827.56	45.91	
827.737	88.3	
827.914	109.4	
828.09	74.99	
828.267	121.89	
828.444	94.86	
828.621	59.43	
828.798	92.81	
828.975	44.27	
829.151	48.78	
829.328	60.86	
829.505	150.76	
829.682	70.28	
829.858	92.6	
830.035	131.92	
830.212	111.24	
830.389	66.39	
830.565	45.5	
830.742	114.93	
830.918	79.5	
831.095	84.41	
831.272	75.81	
831.448	78.47	
831.625	78.88	
831.801	107.14	
831.978	113.49	
832.154	82.98	
832.331	153.22	
832.507	85.43	
832.684	91.99	
832.86	115.95	
833.037	227.97	
833.213	176.98	
833.389	209.54	
833.566	120.25	
833.742	54.51	
833.918	-53.01	
834.095	-98.27	
834.271	-145.78	
834.447	-73.9	
834.624	-45.23	
834.8	-26.79	
834.976	26.86	
835.152	40.38	
835.328	34.44	
835.505	57.79	
835.681	61.06	
835.857	4.74	
836.033	47.55	
836.209	118.61	
836.385	115.74	
836.561	127.62	
836.737	204.83	
836.913	141.34	
837.089	82.36	
837.265	87.28	
837.441	131.92	
837.617	116.15	
837.793	139.71	
837.969	138.27	
838.145	126.19	
838.321	81.75	
838.497	68.44	
838.673	124.96	
838.849	57.38	
839.025	103.46	
839.2	112.06	
839.376	151.99	
839.552	95.06	
839.728	158.96	
839.903	94.45	
840.079	128.44	
840.255	82.36	
840.431	185.17	
840.606	111.44	
840.782	201.96	
840.958	86.87	
841.133	93.42	
841.309	23.18	
841.484	98.75	
841.66	2.7	
841.835	34.44	
842.011	-0.38	
842.186	23.79	
842.362	-28.23	
842.537	5.36	
842.713	-10.62	
842.888	24.81	
843.064	-47.68	
843.239	-46.66	
843.415	-56.69	
843.59	19.08	
843.765	17.85	
843.941	76.42	
844.116	160.59	
844.291	125.37	
844.467	97.31	
844.642	126.39	
844.817	142.37	
844.992	58.61	
845.168	69.67	
845.343	95.88	
845.518	81.75	
845.693	83.39	
845.868	101	
846.043	87.28	
846.219	34.64	
846.394	73.97	
846.569	50.62	
846.744	32.39	
846.919	51.85	
847.094	178.62	
847.269	137.25	
847.444	115.95	
847.619	128.03	
847.794	211.59	
847.969	155.47	
848.144	171.86	
848.319	166.74	
848.494	183.74	
848.668	157.32	
848.843	155.27	
849.018	129.67	
849.193	120.66	
849.368	120.86	
849.542	142.37	
849.717	115.13	
849.892	116.56	
850.067	154.25	
850.241	202.78	
850.416	142.98	
850.591	164.69	
850.765	133.15	
850.94	167.97	
851.115	76.83	
851.289	87.48	
851.464	24.81	
851.639	56.76	
851.813	-2.42	
851.988	70.89	
852.162	43.86	
852.337	68.03	
852.511	70.89	
852.686	141.55	
852.86	113.08	
853.035	124.55	
853.209	114.93	
853.383	152.61	
853.558	55.33	
853.732	84.21	
853.906	40.99	
854.081	70.07	
854.255	23.18	
854.429	73.15	
854.604	35.05	
854.778	127.42	
854.952	116.15	
855.126	156.7	
855.301	160.39	
855.475	133.56	
855.649	87.28	
855.823	64.14	
855.997	20.31	
856.171	21.54	
856.345	16.62	
856.52	26.04	
856.694	58.4	
856.868	111.03	
857.042	103.87	
857.216	185.99	
857.39	192.75	
857.564	142.16	
857.738	89.94	
857.912	60.04	
858.085	13.35	
858.259	7.61	
858.433	56.56	
858.607	14.57	
858.781	25.02	
858.955	0.65	
859.129	-17.58	
859.302	-12.05	
859.476	9.86	
859.65	99.57	
859.824	87.48	
859.997	100.59	
860.171	129.67	
860.345	178.21	
860.519	123.73	
860.692	154.45	
860.866	167.97	
861.039	163.46	
861.213	163.87	
861.387	120.25	
861.56	98.75	
861.734	139.91	
861.907	99.98	
862.081	64.34	
862.254	115.95	
862.428	149.74	
862.601	98.54	
862.775	123.53	
862.948	235.14	
863.122	218.14	
863.295	189.68	
863.468	182.51	
863.642	129.67	
863.815	54.1	
863.988	33.83	
864.162	54.51	
864.335	21.74	
864.508	61.06	
864.682	68.44	
864.855	65.77	
865.028	39.15	
865.201	100.18	
865.374	54.51	
865.548	104.69	
865.721	97.31	
865.894	181.28	
866.067	157.93	
866.24	211.79	
866.413	172.88	
866.586	202.37	
866.759	91.37	
866.932	67.21	
867.105	35.26	
867.278	-50.96	
867.451	-89.46	
867.624	-27.82	
867.797	3.93	
867.97	8.02	
868.143	57.38	
868.316	107.76	
868.489	52.46	
868.661	45.29	
868.834	64.95	
869.007	98.34	
869.18	72.74	
869.353	104.48	
869.525	133.15	
869.698	96.7	
869.871	61.88	
870.044	58.81	
870.216	79.09	
870.389	26.86	
870.562	61.27	
870.734	100.38	
870.907	76.42	
871.079	92.6	
871.252	87.48	
871.425	139.09	
871.597	75.4	
871.77	197.46	
871.942	148.92	
872.115	146.05	
872.287	99.57	
872.459	104.48	
872.632	21.95	
872.804	47.96	
872.977	22.36	
873.149	27.07	
873.321	26.45	
873.494	14.57	
873.666	42.84	
873.838	54.1	
874.011	11.5	
874.183	62.7	
874.355	65.77	
874.528	26.86	
874.7	36.69	
874.872	144.62	
875.044	151.79	
875.216	167.97	
875.388	237.6	
875.561	272.21	
875.733	149.95	
875.905	108.99	
876.077	39.97	
876.249	64.34	
876.421	19.08	
876.593	7.2	
876.765	28.09	
876.937	106.32	
877.109	27.48	
877.281	62.91	
877.453	92.19	
877.625	67	
877.797	12.73	
877.968	-14.1	
878.14	-39.7	
878.312	6.79	
878.484	-24.75	
878.656	7	
878.828	9.45	
878.999	84.62	
879.171	14.98	
879.343	14.57	
879.515	-8.98	
879.686	-28.23	
879.858	-81.07	
880.03	-36.42	
880.201	-7.95	
880.373	-18.6	
880.545	13.35	
880.716	55.12	
880.888	133.56	
881.059	151.79	
881.231	171.45	
881.402	206.88	
881.574	178	
881.745	121.89	
881.917	149.95	
882.088	157.52	
882.26	110.83	
882.431	139.09	
882.602	57.38	
882.774	38.54	
882.945	0.44	
883.116	-31.3	
883.288	-83.11	
883.459	-58.95	
883.63	-65.91	
883.802	-38.47	
883.973	-4.88	
884.144	45.09	
884.315	75.4	
884.487	103.25	
884.658	143.39	
884.829	188.24	
885	147.9	
885.171	159.37	
885.342	83.59	
885.513	60.24	
885.684	38.74	
885.855	75.81	
886.026	48.16	
886.197	110.83	
886.368	66.8	
886.539	85.23	
886.71	42.02	
886.881	64.75	
887.052	76.42	
887.223	116.15	
887.394	54.51	
887.565	115.54	
887.736	67	
887.907	71.92	
888.077	45.91	
888.248	49.19	
888.419	0.65	
888.59	15.8	
888.761	46.32	
888.931	72.94	
889.102	128.65	
889.273	119.43	
889.443	117.79	
889.614	50	
889.785	51.23	
889.955	31.78	
890.126	11.5	
890.296	69.05	
890.467	91.99	
890.637	172.47	
890.808	187.01	
890.978	235.55	
891.149	211.18	
891.319	295.15	
891.49	242.1	
891.66	250.91	
891.831	236.16	
892.001	254.39	
892.172	106.53	
892.342	75.19	
892.512	39.76	
892.683	84	
892.853	42.43	
893.023	120.05	
893.193	79.09	
893.364	102.84	
893.534	82.77	
893.704	131.31	
893.874	128.65	
894.044	171.04	
894.215	136.63	
894.385	156.7	
894.555	136.84	
894.725	175.75	
894.895	129.88	
895.065	165.92	
895.235	134.18	
895.405	192.34	
895.575	122.09	
895.745	186.45	
895.915	200.87	
