177.618	-820.72	
177.836	-819.7	
178.054	-800.65	
178.271	-611.83	
178.489	-365.66	
178.706	-234.59	
178.924	-67.07	
179.142	88.57	
179.359	79.97	
179.577	-36.35	
179.794	-11.78	
180.012	-47.82	
180.229	-112.54	
180.447	-101.48	
180.664	-70.35	
180.882	-86.32	
181.1	-22.02	
181.317	-24.06	
181.535	-42.5	
181.752	-39.63	
181.969	4.61	
182.187	26.32	
182.404	62.36	
182.622	43.93	
182.839	57.86	
183.057	61.13	
183.274	10.34	
183.492	19.76	
183.709	77.93	
183.926	37.79	
184.144	8.29	
184.361	45.57	
184.579	70.96	
184.796	-9.73	
185.013	56.63	
185.231	39.83	
185.448	42.7	
185.666	47.21	
185.883	44.75	
186.1	36.56	
186.317	69.73	
186.535	-5.22	
186.752	-13.41	
186.969	54.17	
187.187	116.84	
187.404	37.79	
187.621	125.85	
187.839	143.87	
188.056	111.51	
188.273	16.9	
188.49	112.74	
188.708	88.17	
188.925	127.49	
189.142	111.51	
189.359	111.92	
189.576	45.57	
189.794	23.04	
190.011	-37.17	
190.228	-15.46	
190.445	-19.56	
190.662	59.9	
190.879	64.41	
191.097	54.58	
191.314	74.65	
191.531	86.53	
191.748	7.88	
191.965	33.28	
192.182	38.19	
192.399	29.18	
192.616	66.05	
192.834	108.24	
193.051	57.45	
193.268	66.05	
193.485	54.17	
193.702	-11.78	
193.919	-19.56	
194.136	-1.54	
194.353	-25.29	
194.57	6.25	
194.787	28.36	
195.004	118.07	
195.221	105.37	
195.438	138.14	
195.655	93.49	
195.872	175	
196.089	36.97	
196.306	82.43	
196.523	75.06	
196.74	133.63	
196.957	7.07	
197.173	82.02	
197.39	53.35	
197.607	86.94	
197.824	51.3	
198.041	122.98	
198.258	95.95	
198.475	141.41	
198.692	84.89	
198.909	46.39	
199.125	-15.87	
199.342	28.36	
199.559	-6.86	
199.776	35.74	
199.993	91.44	
200.21	125.85	
200.426	32.05	
200.643	45.57	
200.86	44.75	
201.077	59.08	
201.293	49.66	
201.51	104.14	
201.727	3.38	
201.944	-73.21	
202.16	-86.32	
202.377	-96.56	
202.594	-128.51	
202.811	-56.01	
203.027	-31.03	
203.244	-62.57	
203.461	-56.83	
203.677	38.6	
203.894	64.82	
204.111	86.12	
204.327	102.09	
204.544	114.38	
204.761	73.83	
204.977	28.77	
205.194	-11.37	
205.41	32.05	
205.627	18.12	
205.844	8.29	
206.06	14.03	
206.277	63.59	
206.493	26.32	
206.71	59.49	
206.926	27.95	
207.143	73.42	
207.36	1.33	
207.576	60.72	
207.793	54.99	
208.009	108.64	
208.226	86.12	
208.442	127.9	
208.659	75.06	
208.875	79.15	
209.092	7.88	
209.308	0.1	
209.524	0.51	
209.741	58.26	
209.957	86.12	
210.174	128.31	
210.39	120.93	
210.607	117.25	
210.823	3.38	
211.039	-58.06	
211.256	-5.63	
211.472	-60.11	
211.688	0.92	
211.905	73.83	
212.121	78.33	
212.338	32.05	
212.554	92.26	
212.77	77.52	
212.987	70.55	
213.203	134.04	
213.419	157.8	
213.635	131.99	
213.852	84.89	
214.068	49.25	
214.284	0.92	
214.501	18.12	
214.717	18.94	
214.933	46.8	
215.149	-7.27	
215.365	-34.71	
215.582	-102.71	
215.798	-58.47	
216.014	-76.49	
216.23	-14.23	
216.447	32.87	
216.663	33.28	
216.879	-22.83	
217.095	39.83	
217.311	61.54	
217.527	53.35	
217.743	70.14	
217.96	66.87	
218.176	6.66	
218.392	-8.5	
218.608	25.09	
218.824	-0.31	
219.04	25.09	
219.256	78.33	
219.472	51.71	
219.688	2.15	
219.904	82.02	
220.12	154.93	
220.336	117.66	
220.552	136.09	
220.768	159.02	
220.984	155.34	
221.2	39.83	
221.416	61.95	
221.632	27.55	
221.848	9.52	
222.064	-77.72	
222.28	-44.95	
222.496	-102.3	
222.712	-28.57	
222.928	-66.66	
223.144	20.99	
223.36	14.03	
223.576	65.23	
223.792	48.84	
224.008	132.4	
224.224	111.51	
224.439	148.78	
224.655	111.92	
224.871	118.88	
225.087	78.74	
225.303	7.48	
225.519	-3.58	
225.734	69.73	
225.95	40.24	
226.166	70.14	
226.382	109.05	
226.598	92.26	
226.813	71.78	
227.029	71.37	
227.245	24.68	
227.461	38.19	
227.677	84.48	
227.892	66.87	
228.108	30.41	
228.324	86.12	
228.539	27.95	
228.755	54.58	
228.971	70.96	
229.186	149.19	
229.402	108.64	
229.618	181.55	
229.833	101.27	
230.049	79.97	
230.265	-8.09	
230.48	62.77	
230.696	57.45	
230.912	91.44	
231.127	98.4	
231.343	156.16	
231.558	49.25	
231.774	89.8	
231.99	152.47	
232.205	132.4	
232.421	90.21	
232.636	135.27	
232.852	69.73	
233.067	-0.31	
233.283	12.8	
233.498	54.99	
233.714	75.06	
233.929	116.02	
234.145	101.68	
234.36	135.68	
234.576	145.1	
234.791	174.59	
235.007	182.78	
235.222	240.53	
235.438	179.5	
235.653	229.47	
235.868	161.89	
236.084	176.64	
236.299	179.91	
236.515	215.96	
236.73	131.17	
236.945	160.66	
237.161	98.81	
237.376	60.31	
237.592	36.97	
237.807	62.36	
238.022	55.4	
238.238	70.55	
238.453	-2.36	
238.668	30.82	
238.883	-44.13	
239.099	-47.41	
239.314	-87.55	
239.529	-8.09	
239.745	-11.37	
239.96	81.61	
240.175	68.09	
240.39	174.18	
240.605	159.84	
240.821	122.57	
241.036	114.79	
241.251	188.93	
241.466	103.73	
241.681	105.37	
241.897	143.46	
242.112	160.66	
242.327	82.43	
242.542	95.95	
242.757	102.91	
242.972	94.72	
243.188	33.28	
243.403	54.99	
243.618	77.93	
243.833	72.19	
244.048	91.85	
244.263	127.08	
244.478	121.34	
244.693	68.91	
244.908	89.39	
245.123	58.26	
245.338	109.87	
245.553	130.35	
245.768	136.5	
245.983	127.9	
246.198	90.21	
246.413	69.32	
246.628	52.53	
246.843	61.13	
247.058	70.14	
247.273	99.22	
247.488	68.91	
247.703	124.62	
247.918	105.78	
248.133	109.05	
248.348	76.29	
248.563	131.58	
248.778	64.41	
248.993	107.42	
249.207	137.32	
249.422	148.78	
249.637	23.04	
249.852	22.63	
250.067	-1.95	
250.282	-61.75	
250.496	-65.02	
250.711	47.62	
250.926	32.87	
251.141	69.32	
251.356	68.91	
251.57	138.14	
251.785	88.17	
252	75.88	
252.215	48.84	
252.43	77.11	
252.644	71.37	
252.859	90.21	
253.074	127.9	
253.288	130.35	
253.503	77.11	
253.718	77.52	
253.932	158.62	
254.147	166.81	
254.362	166.81	
254.576	209.4	
254.791	178.69	
255.006	110.69	
255.22	115.2	
255.435	118.47	
255.65	148.78	
255.864	156.98	
256.079	113.97	
256.293	125.44	
256.508	118.47	
256.723	186.47	
256.937	135.68	
257.152	137.32	
257.366	111.1	
257.581	100.45	
257.795	23.04	
258.01	138.95	
258.224	160.66	
258.439	153.7	
258.653	133.63	
258.868	123.39	
259.082	22.22	
259.297	-16.28	
259.511	-39.22	
259.726	-44.13	
259.94	-79.77	
260.154	-90.01	
260.369	-57.65	
260.583	-27.75	
260.798	-53.55	
261.012	-1.54	
261.226	40.24	
261.441	59.49	
261.655	37.79	
261.869	125.03	
262.084	111.1	
262.298	95.13	
262.512	23.86	
262.727	19.76	
262.941	41.06	
263.155	25.5	
263.37	4.61	
263.584	74.65	
263.798	94.31	
264.012	106.19	
264.227	75.47	
264.441	167.63	
264.655	119.29	
264.869	188.11	
265.084	95.13	
265.298	125.85	
265.512	36.56	
265.726	74.65	
265.94	4.2	
266.155	45.57	
266.369	63.59	
266.583	122.98	
266.797	113.15	
267.011	184.01	
267.225	235.62	
267.439	227.02	
267.654	204.49	
267.868	177.87	
268.082	64.82	
268.296	-68.3	
268.51	-132.2	
268.724	-114.99	
268.938	-139.98	
269.152	-89.6	
269.366	-22.83	
269.58	37.38	
269.794	-9.32	
270.008	91.85	
270.222	87.35	
270.436	77.93	
270.65	52.53	
270.864	99.63	
271.078	42.29	
271.292	52.53	
271.506	107.83	
271.72	134.04	
271.934	138.95	
272.148	124.62	
272.362	129.94	
272.575	134.45	
272.789	139.77	
273.003	114.79	
273.217	178.28	
273.431	141.82	
273.645	113.97	
273.859	156.16	
274.073	209.81	
274.286	171.72	
274.5	178.28	
274.714	154.93	
274.928	141.41	
275.142	104.14	
275.355	86.12	
275.569	113.56	
275.783	137.32	
275.997	104.55	
276.21	121.34	
276.424	184.83	
276.638	144.28	
276.852	170.08	
277.065	142.64	
277.279	127.08	
277.493	83.25	
277.706	179.5	
277.92	153.7	
278.134	125.44	
278.347	83.25	
278.561	44.34	
278.775	8.7	
278.988	-12.6	
279.202	54.58	
279.415	125.03	
279.629	138.14	
279.843	122.57	
280.056	222.51	
280.27	232.34	
280.483	153.29	
280.697	169.67	
280.91	208.18	
281.124	227.02	
281.337	208.18	
281.551	300.74	
281.764	274.53	
281.978	221.69	
282.191	101.27	
282.405	119.7	
282.618	19.76	
282.832	43.93	
283.045	9.93	
283.259	77.93	
283.472	31.23	
283.686	57.86	
283.899	33.28	
284.112	77.52	
284.326	30.41	
284.539	84.48	
284.752	118.07	
284.966	152.06	
285.179	177.05	
285.393	200.39	
285.606	126.67	
285.819	147.15	
286.033	82.84	
286.246	135.27	
286.459	94.31	
286.672	139.77	
286.886	64	
287.099	164.35	
287.312	16.9	
287.525	30.82	
287.739	17.71	
287.952	82.43	
288.165	91.44	
288.378	163.53	
288.592	171.31	
288.805	151.24	
289.018	159.02	
289.231	95.95	
289.444	108.64	
289.657	65.64	
289.871	63.18	
290.084	2.15	
290.297	60.31	
290.51	31.64	
290.723	28.77	
290.936	107.83	
291.149	119.7	
291.362	127.49	
291.575	118.88	
291.789	145.51	
292.002	87.76	
292.215	117.25	
292.428	24.27	
292.641	53.76	
292.854	58.67	
293.067	40.24	
293.28	21.4	
293.493	23.86	
293.706	-37.58	
293.919	35.74	
294.132	14.85	
294.345	-7.68	
294.558	0.92	
294.77	9.52	
294.983	-40.45	
295.196	50.07	
295.409	127.08	
295.622	209.4	
295.835	265.52	
296.048	279.45	
296.261	266.75	
296.474	214.32	
296.686	145.1	
296.899	157.8	
297.112	163.53	
297.325	129.53	
297.538	179.09	
297.751	205.72	
297.963	215.96	
298.176	200.8	
298.389	183.6	
298.602	147.97	
298.814	284.36	
299.027	265.11	
299.24	261.83	
299.453	320.4	
299.665	288.46	
299.878	134.86	
300.091	98.4	
300.303	72.6	
300.516	14.44	
300.729	23.04	
300.941	42.7	
301.154	-5.63	
301.367	-15.46	
301.579	32.87	
301.792	84.89	
302.005	54.17	
302.217	69.32	
302.43	86.94	
302.642	30.82	
302.855	-33.89	
303.067	-22.02	
303.28	24.27	
303.493	-22.02	
303.705	77.11	
303.918	112.74	
304.13	155.75	
304.343	124.21	
304.555	180.32	
304.768	114.38	
304.98	156.16	
305.193	98.4	
305.405	147.56	
305.617	101.27	
305.83	120.11	
306.042	57.86	
306.255	63.18	
306.467	25.91	
306.68	19.76	
306.892	-7.68	
307.104	11.57	
307.317	-8.5	
307.529	50.48	
307.741	99.63	
307.954	125.44	
308.166	91.44	
308.378	167.63	
308.591	160.66	
308.803	190.97	
309.015	209.4	
309.228	271.25	
309.44	175.41	
309.652	132.81	
309.864	64.41	
310.077	-10.96	
310.289	-76.49	
310.501	-32.26	
310.713	-31.44	
310.926	9.52	
311.138	-8.09	
311.35	43.93	
311.562	-8.5	
311.774	41.88	
311.986	17.71	
312.199	122.57	
312.411	46.39	
312.623	110.28	
312.835	39.42	
313.047	41.06	
313.259	5.84	
313.471	43.52	
313.683	19.35	
313.895	42.29	
314.108	17.71	
314.32	-8.91	
314.532	-36.76	
314.744	-24.88	
314.956	28.36	
315.168	68.09	
315.38	22.22	
315.592	90.62	
315.804	84.48	
316.016	136.09	
316.228	150.01	
316.44	210.63	
316.651	210.22	
316.863	218.01	
317.075	103.32	
317.287	29.18	
317.499	12.8	
317.711	-7.27	
317.923	7.88	
318.135	-11.78	
318.347	41.88	
318.559	136.5	
318.77	193.84	
318.982	172.95	
319.194	168.04	
319.406	154.52	
319.618	72.6	
319.83	-10.55	
320.041	-13	
320.253	30	
320.465	0.51	
320.677	-31.03	
320.888	-17.92	
321.1	0.1	
321.312	63.59	
321.524	102.5	
321.735	108.24	
321.947	91.03	
322.159	68.5	
322.37	-31.03	
322.582	-36.76	
322.794	35.33	
323.005	85.3	
323.217	103.32	
323.429	79.97	
323.64	128.31	
323.852	63.18	
324.063	29.59	
324.275	34.51	
324.487	114.79	
324.698	37.79	
324.91	77.93	
325.121	53.35	
325.333	7.48	
325.544	-17.51	
325.756	52.94	
325.967	2.15	
326.179	62.36	
326.39	98.4	
326.602	105.37	
326.813	23.86	
327.025	66.46	
327.236	-17.1	
327.448	-43.31	
327.659	-74.44	
327.871	-17.92	
328.082	-29.39	
328.293	33.28	
328.505	86.53	
328.716	88.17	
328.928	41.47	
329.139	79.56	
329.35	49.25	
329.562	49.25	
329.773	83.25	
329.984	134.04	
330.196	86.12	
330.407	149.6	
330.618	115.61	
330.83	79.97	
331.041	76.7	
331.252	87.35	
331.463	48.02	
331.675	100.86	
331.886	163.12	
332.097	140.18	
332.308	152.47	
332.52	164.76	
332.731	131.99	
332.942	122.16	
333.153	159.43	
333.364	131.58	
333.575	93.9	
333.787	109.05	
333.998	38.19	
334.209	74.65	
334.42	48.43	
334.631	77.93	
334.842	66.05	
335.053	142.64	
335.264	80.38	
335.475	126.67	
335.686	101.27	
335.898	119.29	
336.109	44.34	
336.32	64.41	
336.531	46.8	
336.742	72.6	
336.953	19.76	
337.164	33.69	
337.375	-18.74	
337.586	-24.47	
337.797	-96.97	
338.007	-36.76	
338.218	-60.11	
338.429	-7.68	
338.64	-19.56	
338.851	34.51	
339.062	-8.91	
339.273	81.2	
339.484	36.56	
339.695	-1.13	
339.906	-1.54	
340.116	26.32	
340.327	-19.56	
340.538	-0.31	
340.749	32.87	
340.96	26.32	
341.171	-10.96	
341.381	4.2	
341.592	-1.13	
341.803	16.9	
342.014	27.55	
342.224	82.43	
342.435	61.95	
342.646	30.82	
342.857	1.74	
343.067	-19.15	
343.278	-30.62	
343.489	-35.53	
343.699	-14.64	
343.91	14.03	
344.121	1.74	
344.331	-61.75	
344.542	-78.95	
344.753	-22.02	
344.963	-13	
345.174	32.05	
345.384	101.68	
345.595	165.17	
345.806	128.71	
346.016	102.09	
346.227	107.01	
346.437	95.95	
346.648	51.3	
346.858	81.2	
347.069	65.64	
347.279	62.77	
347.49	30.41	
347.7	57.45	
347.911	-22.02	
348.121	3.79	
348.332	6.66	
348.542	-22.83	
348.753	-47	
348.963	30.41	
349.173	29.59	
349.384	59.08	
349.594	125.03	
349.805	172.13	
350.015	95.54	
350.225	106.19	
350.436	107.83	
350.646	123.39	
350.856	79.56	
351.067	118.88	
351.277	64.82	
351.487	16.08	
351.698	-37.58	
351.908	-0.31	
352.118	20.99	
352.328	62.36	
352.539	138.95	
352.749	143.05	
352.959	115.61	
353.169	107.83	
353.38	113.97	
353.59	107.42	
353.8	153.7	
354.01	182.37	
354.22	204.9	
354.431	333.51	
354.641	294.6	
354.851	291.73	
355.061	289.28	
355.271	369.97	
355.481	262.24	
355.691	289.69	
355.901	286	
356.111	327.37	
356.321	265.93	
356.532	291.32	
356.742	270.84	
356.952	291.73	
357.162	269.21	
357.372	304.02	
357.582	314.26	
357.792	312.21	
358.002	293.37	
358.212	395.77	
358.422	424.44	
358.632	438.37	
358.842	474.82	
359.051	578.04	
359.261	518.24	
359.471	498.17	
359.681	540.36	
359.891	562.47	
360.101	529.3	
360.311	528.07	
360.521	530.94	
360.731	554.28	
360.94	569.44	
361.15	593.19	
361.36	617.77	
361.57	621.05	
361.78	609.17	
361.989	585.82	
362.199	586.23	
362.409	616.54	
362.619	605.07	
362.828	716.48	
363.038	732.05	
363.248	703.37	
363.458	697.23	
363.667	709.11	
363.877	594.01	
364.087	573.12	
364.296	549.37	
364.506	539.13	
364.716	541.59	
364.925	521.11	
365.135	474.41	
365.345	464.17	
365.554	418.3	
365.764	460.9	
365.973	438.37	
366.183	523.56	
366.393	524.79	
366.602	532.57	
366.812	387.58	
367.021	434.68	
367.231	321.22	
367.44	288.05	
367.65	274.53	
367.859	325.32	
368.069	215.96	
368.278	270.43	
368.488	286.82	
368.697	199.98	
368.907	154.52	
369.116	285.59	
369.326	228.25	
369.535	193.43	
369.744	239.71	
369.954	240.53	
370.163	125.03	
370.373	139.36	
370.582	123.8	
370.791	102.09	
371.001	88.17	
371.21	66.46	
371.419	22.22	
371.629	15.67	
371.838	19.76	
372.047	80.79	
372.256	66.46	
372.466	109.46	
372.675	52.94	
372.884	32.05	
373.093	-50.69	
373.303	11.57	
373.512	-6.86	
373.721	59.08	
373.93	29.59	
374.139	125.85	
374.349	50.48	
374.558	109.05	
374.767	47.21	
374.976	63.18	
375.185	31.23	
375.394	36.56	
375.603	-10.55	
375.813	20.99	
376.022	24.27	
376.231	-53.96	
376.44	-78.95	
376.649	-73.62	
376.858	-47.41	
377.067	-48.23	
377.276	20.58	
377.485	97.59	
377.694	82.43	
377.903	76.29	
378.112	50.07	
378.321	57.86	
378.53	31.23	
378.739	39.83	
378.948	15.26	
379.157	60.72	
379.366	66.87	
379.575	75.47	
379.784	34.51	
379.992	67.28	
380.201	122.98	
380.41	96.36	
380.619	60.31	
380.828	86.53	
381.037	34.92	
381.246	-85.5	
381.454	-150.22	
381.663	-56.01	
381.872	-71.17	
382.081	0.92	
382.29	67.28	
382.498	143.46	
382.707	120.52	
382.916	177.87	
383.125	113.97	
383.333	86.12	
383.542	78.74	
383.751	28.36	
383.959	33.28	
384.168	47.62	
384.377	129.53	
384.585	100.86	
384.794	84.48	
385.003	34.51	
385.211	38.19	
385.42	-34.71	
385.628	-35.53	
385.837	-6.45	
386.046	80.38	
386.254	120.93	
386.463	115.61	
386.671	190.15	
386.88	167.22	
387.088	96.36	
387.297	86.53	
387.505	100.04	
387.714	10.34	
387.922	1.33	
388.131	1.74	
388.339	-7.27	
388.548	-46.18	
388.756	-33.48	
388.965	-22.83	
389.173	-81	
389.381	-63.79	
389.59	0.1	
389.798	44.34	
390.007	43.93	
390.215	74.65	
390.423	120.93	
390.632	91.85	
390.84	134.86	
391.048	125.85	
391.257	141	
391.465	65.64	
391.673	87.35	
391.882	15.67	
392.09	11.16	
392.298	10.34	
392.506	-21.2	
392.715	-7.68	
392.923	59.08	
393.131	114.79	
393.339	122.57	
393.547	118.88	
393.756	113.56	
393.964	50.48	
394.172	11.57	
394.38	-10.14	
394.588	61.13	
394.796	7.48	
395.005	5.02	
395.213	-15.46	
395.421	11.16	
395.629	-56.01	
395.837	-40.86	
396.045	-42.9	
396.253	-7.27	
396.461	-28.98	
396.669	20.99	
396.877	56.22	
397.085	106.19	
397.293	71.78	
397.501	85.3	
397.709	94.31	
397.917	94.72	
398.125	81.2	
398.333	111.1	
398.541	69.73	
398.749	34.51	
398.957	-25.29	
399.165	-107.21	
399.373	-94.1	
399.581	-77.72	
399.788	-46.59	
399.996	-74.44	
400.204	-30.21	
400.412	-69.12	
400.62	-98.61	
400.828	-101.48	
401.035	-48.23	
401.243	-14.23	
401.451	17.71	
401.659	17.71	
401.867	28.36	
402.074	22.63	
402.282	-26.52	
402.49	-99.02	
402.697	21.81	
402.905	-18.33	
403.113	-3.58	
403.321	-42.09	
403.528	-9.32	
403.736	-74.03	
403.944	-55.19	
404.151	-106.8	
404.359	-92.88	
404.566	-76.08	
404.774	-85.09	
404.982	-118.68	
405.189	-88.37	
405.397	-105.98	
405.604	-116.63	
405.812	-81.41	
406.02	-89.6	
406.227	-63.79	
406.435	-8.5	
406.642	23.45	
406.85	-31.03	
407.057	35.74	
407.265	56.22	
407.472	67.28	
407.679	34.92	
407.887	36.97	
408.094	-15.87	
408.302	-69.12	
408.509	-65.43	
408.717	-45.36	
408.924	-35.53	
409.131	-10.55	
409.339	17.71	
409.546	32.87	
409.753	21.81	
409.961	70.55	
410.168	61.13	
410.375	74.24	
410.583	49.25	
410.79	70.14	
410.997	22.63	
411.205	4.61	
411.412	-6.45	
411.619	-3.99	
411.826	-7.27	
412.034	55.81	
412.241	110.28	
412.448	88.98	
412.655	20.58	
412.862	16.08	
413.07	-58.47	
413.277	-101.48	
413.484	-119.5	
413.691	-49.87	
413.898	-83.45	
414.105	-94.92	
414.312	-139.57	
414.519	-135.06	
414.727	-171.93	
414.934	-130.97	
415.141	-96.97	
415.348	-10.55	
415.555	-13	
415.762	-9.32	
415.969	-84.27	
416.176	-88.37	
416.383	-104.34	
416.59	-123.19	
416.797	-139.16	
417.004	-89.6	
417.211	-101.89	
417.418	-110.49	
417.625	-79.36	
417.831	-68.71	
418.038	-39.63	
418.245	-26.93	
418.452	-72.81	
418.659	-87.14	
418.866	-82.23	
419.073	-113.76	
419.28	-170.29	
419.486	-92.47	
419.693	-96.56	
419.9	-86.32	
420.107	-51.92	
420.314	14.03	
420.52	0.51	
420.727	80.38	
420.934	92.26	
421.141	48.84	
421.347	28.77	
421.554	-8.5	
421.761	-116.22	
421.967	-97.79	
422.174	-47.82	
422.381	-50.69	
422.588	-85.09	
422.794	-78.13	
423.001	-2.76	
423.207	-69.12	
423.414	-77.72	
423.621	-63.38	
423.827	5.43	
424.034	-62.57	
424.24	-14.64	
424.447	-18.33	
424.654	-56.83	
424.86	-104.75	
425.067	-156.77	
425.273	-186.67	
425.48	-120.32	
425.686	-26.52	
425.893	18.94	
426.099	33.28	
426.306	55.81	
426.512	44.75	
426.718	68.91	
426.925	39.01	
427.131	-0.31	
427.338	19.76	
427.544	-13.82	
427.75	-101.89	
427.957	-119.91	
428.163	-63.79	
428.37	-94.92	
428.576	-66.66	
428.782	-56.83	
428.988	7.48	
429.195	-11.37	
429.401	-17.92	
429.607	-49.87	
429.814	56.63	
430.02	0.92	
430.226	-17.51	
430.432	-5.22	
430.639	25.91	
430.845	-24.88	
431.051	8.29	
431.257	56.63	
431.463	41.06	
431.67	-6.04	
431.876	-44.13	
432.082	-71.58	
432.288	-71.17	
432.494	-62.57	
432.7	-8.91	
432.906	-22.43	
433.112	-22.43	
433.318	9.93	
433.525	23.45	
433.731	-30.62	
433.937	39.01	
434.143	50.48	
434.349	22.22	
434.555	18.53	
434.761	43.93	
434.967	-17.51	
435.173	-22.02	
435.379	-17.1	
435.585	28.36	
435.791	44.75	
435.996	128.71	
436.202	158.21	
436.408	110.69	
436.614	87.35	
436.82	101.68	
437.026	18.53	
437.232	3.79	
437.438	15.67	
437.644	-49.46	
437.849	-62.16	
438.055	-56.01	
438.261	-81.41	
438.467	-115.4	
438.673	-88.78	
438.878	-152.68	
439.084	-133.83	
439.29	-72.4	
439.496	-41.68	
439.701	-9.73	
439.907	1.33	
440.113	-22.43	
440.318	-68.71	
440.524	-76.9	
440.73	-81.41	
440.935	-32.26	
441.141	-58.47	
441.347	27.55	
441.552	19.76	
441.758	34.92	
441.964	-33.48	
442.169	25.09	
442.375	-53.55	
442.58	0.1	
442.786	32.46	
442.991	55.4	
443.197	8.29	
443.402	46.8	
443.608	24.27	
443.813	31.64	
444.019	80.38	
444.224	76.7	
444.43	0.92	
444.635	26.32	
444.841	-61.75	
445.046	-22.43	
445.252	-19.97	
445.457	1.33	
445.662	-42.09	
445.868	-37.99	
446.073	-132.61	
446.278	-136.7	
446.484	-155.13	
446.689	-169.47	
446.894	-168.65	
447.1	-158.82	
447.305	-96.15	
447.51	-40.04	
447.716	-35.12	
447.921	-31.03	
448.126	26.32	
448.331	-47	
448.537	-55.6	
448.742	0.1	
448.947	-44.54	
449.152	-107.62	
449.357	-37.17	
449.563	-19.15	
449.768	-72.81	
449.973	-38.4	
450.178	-1.95	
450.383	-84.27	
450.588	-123.19	
450.793	-116.22	
450.999	-20.79	
451.204	-43.72	
451.409	-14.23	
451.614	-22.02	
451.819	-15.05	
452.024	-107.21	
452.229	-83.45	
452.434	-22.83	
452.639	-40.86	
452.844	-15.46	
453.049	-38.81	
453.254	-74.44	
453.459	-119.09	
453.664	-54.78	
453.869	-50.28	
454.074	14.03	
454.279	51.3	
454.483	11.16	
454.688	-40.04	
454.893	22.63	
455.098	-8.5	
455.303	-38.81	
455.508	-3.99	
455.713	10.75	
455.917	-91.24	
456.122	-45.36	
456.327	-70.35	
456.532	-10.55	
456.737	-61.75	
456.941	-36.35	
457.146	-67.89	
457.351	-44.13	
457.555	-86.73	
457.76	-15.87	
457.965	-2.36	
458.17	18.94	
458.374	85.3	
458.579	101.68	
458.784	57.86	
458.988	19.76	
459.193	-19.56	
459.397	-51.51	
459.602	-96.97	
459.807	18.53	
460.011	24.27	
460.216	59.49	
460.42	-8.09	
460.625	-34.3	
460.829	-115.4	
461.034	-142.44	
461.239	-198.55	
461.443	-153.09	
461.648	-109.67	
461.852	-141.21	
462.056	-59.29	
462.261	-46.18	
462.465	18.94	
462.67	6.25	
462.874	9.52	
463.079	-56.01	
463.283	-43.31	
463.487	-84.68	
463.692	-48.23	
463.896	-67.48	
464.1	-53.55	
464.305	-73.62	
464.509	-97.79	
464.713	-73.62	
464.918	24.27	
465.122	85.71	
465.326	75.47	
465.531	55.81	
465.735	-9.73	
465.939	-47.82	
466.143	-97.38	
466.348	-79.77	
466.552	-94.51	
466.756	-51.92	
466.96	-14.23	
467.164	-2.76	
467.368	14.85	
467.573	64.82	
467.777	25.09	
467.981	-22.83	
468.185	-55.6	
468.389	-24.06	
468.593	-102.71	
468.797	-124	
469.001	-132.61	
469.205	-111.31	
469.409	-137.11	
469.613	-87.14	
469.817	-52.33	
470.021	-9.73	
470.225	-4.4	
470.429	-23.65	
470.633	7.07	
470.837	23.86	
471.041	-1.13	
471.245	-61.75	
471.449	-42.9	
471.653	-44.95	
471.857	-19.15	
472.061	-61.75	
472.265	-33.48	
472.469	-27.75	
472.673	-33.89	
472.876	-65.43	
473.08	-60.11	
473.284	16.49	
473.488	-2.36	
473.692	23.86	
473.895	71.78	
474.099	99.63	
474.303	20.17	
474.507	67.69	
474.71	50.07	
474.914	-29.39	
475.118	-47	
475.322	2.97	
475.525	-118.27	
475.729	-121.14	
475.933	-111.31	
476.136	0.51	
476.34	18.94	
476.543	115.2	
476.747	123.8	
476.951	158.21	
477.154	34.51	
477.358	76.7	
477.561	65.64	
477.765	49.25	
477.969	23.04	
478.172	29.59	
478.376	-47.41	
478.579	-49.05	
478.783	-49.46	
478.986	-42.09	
479.19	-37.17	
479.393	-18.33	
479.596	-14.64	
479.8	22.22	
480.003	1.33	
480.207	5.84	
480.41	-24.88	
480.614	-28.16	
480.817	-88.37	
481.02	-1.54	
481.224	44.34	
481.427	93.08	
481.63	158.21	
481.834	205.31	
482.037	106.19	
482.24	77.93	
482.443	51.71	
482.647	-42.09	
482.85	-71.58	
483.053	-0.31	
483.256	-77.72	
483.46	-46.18	
483.663	-29.39	
483.866	6.66	
484.069	-29.8	
484.272	18.53	
484.476	-18.33	
484.679	30.41	
484.882	59.49	
485.085	30.41	
485.288	25.91	
485.491	56.22	
485.694	-10.55	
485.897	-46.18	
486.101	-29.39	
486.304	17.31	
486.507	-35.94	
486.71	0.1	
486.913	-28.57	
487.116	-61.34	
487.319	-96.15	
487.522	-68.71	
487.725	-13	
487.928	-8.91	
488.13	14.85	
488.333	42.29	
488.536	56.22	
488.739	-7.68	
488.942	19.35	
489.145	30.41	
489.348	23.45	
489.551	-1.13	
489.754	13.62	
489.956	-14.23	
490.159	-20.79	
490.362	-59.29	
490.565	-82.64	
490.768	-103.12	
490.97	-26.52	
491.173	2.97	
491.376	5.84	
491.579	16.49	
491.781	50.89	
491.984	-24.88	
492.187	-27.75	
492.39	-30.21	
492.592	-17.1	
492.795	-0.72	
492.998	-28.16	
493.2	-65.02	
493.403	-46.18	
493.605	6.66	
493.808	-48.23	
494.011	-39.63	
494.213	-42.09	
494.416	-1.54	
494.618	-65.43	
494.821	-84.27	
495.023	-8.09	
495.226	59.9	
495.428	34.92	
495.631	66.46	
495.833	124.62	
496.036	71.37	
496.238	6.25	
496.441	37.38	
496.643	9.93	
496.846	-20.38	
497.048	1.74	
497.25	59.49	
497.453	49.25	
497.655	125.44	
497.858	191.38	
498.06	224.97	
498.262	164.35	
498.465	150.42	
498.667	105.78	
498.869	70.14	
499.071	16.08	
499.274	72.19	
499.476	56.22	
499.678	13.62	
499.881	-22.43	
500.083	-13.82	
500.285	-89.19	
500.487	-67.07	
500.689	-43.72	
500.892	-44.54	
501.094	-96.97	
501.296	-1.13	
501.498	-12.19	
501.7	-19.97	
501.902	-1.13	
502.104	34.92	
502.306	-28.98	
502.509	-22.02	
502.711	-35.94	
502.913	-22.43	
503.115	-41.27	
503.317	-10.96	
503.519	-53.96	
503.721	2.56	
503.923	70.55	
504.125	84.48	
504.327	97.18	
504.529	155.34	
504.731	123.8	
504.933	73.42	
505.134	82.02	
505.336	68.91	
505.538	53.35	
505.74	29.18	
505.942	-32.67	
506.144	-52.74	
506.346	-56.42	
506.548	-11.37	
506.749	9.11	
506.951	57.04	
507.153	63.18	
507.355	23.45	
507.557	-12.19	
507.758	1.33	
507.96	-60.52	
508.162	-20.79	
508.363	17.71	
508.565	9.52	
508.767	-60.11	
508.969	-18.74	
509.17	3.79	
509.372	-2.36	
509.574	-54.37	
509.775	-5.63	
509.977	-24.88	
510.178	-16.69	
510.38	-16.69	
510.582	48.02	
510.783	18.94	
510.985	24.68	
511.186	-56.83	
511.388	-21.2	
511.589	7.48	
511.791	-1.54	
511.992	-14.23	
512.194	31.64	
512.395	-47.82	
512.597	-58.06	
512.798	-34.71	
513	7.07	
513.201	19.35	
513.403	126.26	
513.604	75.06	
513.805	90.21	
514.007	59.08	
514.208	-7.27	
514.409	-83.45	
514.611	-70.76	
514.812	-50.28	
515.013	12.39	
515.215	36.15	
515.416	11.98	
515.617	-21.2	
515.819	-65.84	
516.02	-145.3	
516.221	-110.49	
516.422	-84.68	
516.623	-64.2	
516.825	-54.37	
517.026	-30.21	
517.227	-87.14	
517.428	-113.36	
517.629	-105.98	
517.83	-74.85	
518.032	-51.1	
518.233	26.32	
518.434	70.55	
518.635	103.73	
518.836	80.79	
519.037	43.93	
519.238	30.41	
519.439	31.64	
519.64	-10.55	
519.841	-0.72	
520.042	2.97	
520.243	-19.15	
520.444	-51.92	
520.645	-50.28	
520.846	-74.85	
521.047	-35.94	
521.248	-51.51	
521.449	-17.51	
521.65	-6.04	
521.851	84.48	
522.052	36.15	
522.252	65.64	
522.453	87.76	
522.654	48.02	
522.855	-13.82	
523.056	-14.23	
523.257	-38.4	
523.457	-55.19	
523.658	-10.14	
523.859	-39.63	
524.06	-51.1	
524.26	-96.15	
524.461	-110.9	
524.662	-105.16	
524.862	-148.17	
525.063	-94.51	
525.264	-43.72	
525.464	-71.58	
525.665	-55.19	
525.866	72.6	
526.066	14.03	
526.267	16.49	
526.468	20.58	
526.668	3.38	
526.869	-29.8	
527.069	-7.68	
527.27	-8.09	
527.47	38.6	
527.671	13.62	
527.871	-40.04	
528.072	-16.69	
528.272	8.7	
528.473	4.2	
528.673	69.32	
528.874	90.21	
529.074	104.14	
529.275	92.67	
529.475	86.12	
529.675	6.25	
529.876	19.76	
530.076	-32.67	
530.277	-51.51	
530.477	-71.17	
530.677	-71.17	
530.878	-99.84	
531.078	2.56	
531.278	-6.45	
531.478	-4.4	
531.679	-7.27	
531.879	-17.1	
532.079	-77.72	
532.28	-67.48	
532.48	-83.05	
532.68	-70.76	
532.88	-16.69	
533.08	-31.03	
533.28	-33.07	
533.481	-17.1	
533.681	-22.02	
533.881	-44.13	
534.081	-43.72	
534.281	-41.68	
534.481	-34.71	
534.681	15.26	
534.881	41.88	
535.081	32.46	
535.281	11.98	
535.481	76.29	
535.682	53.35	
535.882	2.97	
536.082	7.88	
536.281	24.27	
536.481	3.79	
536.681	14.44	
536.881	46.8	
537.081	28.77	
537.281	38.6	
537.481	-24.06	
537.681	-70.76	
537.881	-126.05	
538.081	-44.54	
538.281	-40.45	
538.48	-37.58	
538.68	0.1	
538.88	93.08	
539.08	77.52	
539.28	67.28	
539.479	127.9	
539.679	104.55	
539.879	23.45	
540.079	-11.78	
540.278	-18.33	
540.478	-96.56	
540.678	-81.82	
540.877	-18.74	
541.077	-42.9	
541.277	-22.83	
541.476	65.23	
541.676	87.35	
541.876	99.22	
542.075	144.28	
542.275	104.96	
542.474	67.28	
542.674	75.06	
542.874	28.77	
543.073	-9.32	
543.273	11.98	
543.472	13.62	
543.672	-8.09	
543.871	-23.65	
544.071	-17.51	
544.27	60.31	
544.47	48.43	
544.669	68.5	
544.868	93.9	
545.068	112.33	
545.267	28.77	
545.467	110.28	
545.666	37.38	
545.865	45.16	
546.065	8.7	
546.264	18.12	
546.463	-68.3	
546.663	9.11	
546.862	4.2	
547.061	33.28	
547.261	32.46	
547.46	68.09	
547.659	26.73	
547.858	79.15	
548.058	93.08	
548.257	129.94	
548.456	89.39	
548.655	88.17	
548.854	47.21	
549.053	88.98	
549.253	49.25	
549.452	60.72	
549.651	111.1	
549.85	168.86	
550.049	109.05	
550.248	89.39	
550.447	104.14	
550.646	105.78	
550.845	67.69	
551.044	61.95	
551.243	72.19	
551.442	64	
551.641	41.06	
551.84	74.65	
552.039	113.97	
552.238	136.09	
552.437	125.03	
552.636	126.67	
552.835	63.18	
553.034	75.06	
553.233	76.7	
553.432	80.79	
553.63	79.56	
553.829	94.31	
554.028	12.8	
554.227	16.9	
554.426	19.35	
554.625	34.92	
554.823	30	
555.022	86.12	
555.221	113.56	
555.42	119.29	
555.618	122.98	
555.817	119.7	
556.016	87.35	
556.214	87.76	
556.413	82.84	
556.612	56.22	
556.81	50.89	
557.009	75.06	
557.208	30	
557.406	56.63	
557.605	69.73	
557.803	36.15	
558.002	32.46	
558.201	-13.41	
558.399	-42.09	
558.598	-105.98	
558.796	-68.3	
558.995	-68.71	
559.193	-18.33	
559.392	-55.6	
559.59	0.1	
559.789	14.44	
559.987	69.32	
560.185	131.17	
560.384	150.42	
560.582	164.35	
560.781	207.77	
560.979	181.55	
561.177	82.02	
561.376	79.15	
561.574	108.64	
561.772	-21.2	
561.971	57.86	
562.169	105.37	
562.367	77.93	
562.566	29.18	
562.764	64.41	
562.962	-43.72	
563.16	-79.36	
563.358	-7.27	
563.557	14.44	
563.755	51.3	
563.953	54.17	
564.151	103.32	
564.349	104.14	
564.547	115.2	
564.746	87.35	
564.944	60.31	
565.142	48.84	
565.34	16.9	
565.538	-34.3	
565.736	-5.63	
565.934	-22.02	
566.132	-37.58	
566.33	-33.89	
566.528	30.41	
566.726	-19.56	
566.924	52.94	
567.122	3.79	
567.32	-16.28	
567.518	-67.48	
567.716	-26.52	
567.914	-49.05	
568.112	-22.83	
568.31	26.32	
568.507	44.75	
568.705	-17.1	
568.903	-31.44	
569.101	37.79	
569.299	45.57	
569.497	48.84	
569.694	88.17	
569.892	104.96	
570.09	86.53	
570.288	32.05	
570.486	12.8	
570.683	49.25	
570.881	7.07	
571.079	-30.62	
571.276	-28.98	
571.474	-1.54	
571.672	-44.54	
571.869	4.2	
572.067	27.55	
572.265	56.63	
572.462	79.56	
572.66	123.8	
572.857	124.21	
573.055	152.88	
573.253	134.86	
573.45	92.67	
573.648	92.26	
573.845	56.22	
574.043	42.29	
574.24	34.51	
574.438	-26.11	
574.635	-40.86	
574.832	-71.99	
575.03	-78.13	
575.227	16.9	
575.425	40.24	
575.622	-1.13	
575.82	20.17	
576.017	37.38	
576.214	-38.81	
576.412	-3.17	
576.609	-14.23	
576.806	-37.58	
577.004	-80.18	
577.201	-72.4	
577.398	-25.29	
577.595	74.65	
577.793	141	
577.99	158.62	
578.187	116.43	
578.384	58.26	
578.582	-15.46	
578.779	11.57	
578.976	19.35	
579.173	122.57	
579.37	131.17	
579.567	173.77	
579.764	115.61	
579.962	110.69	
580.159	66.87	
580.356	84.48	
580.553	66.87	
580.75	112.33	
580.947	118.47	
581.144	165.58	
581.341	156.98	
581.538	188.11	
581.735	138.95	
581.932	145.92	
582.129	19.76	
582.326	24.27	
582.523	-14.64	
582.72	-3.17	
582.916	-43.31	
583.113	-18.74	
583.31	-57.65	
583.507	-35.94	
583.704	15.26	
583.901	96.77	
584.098	104.96	
584.294	142.64	
584.491	115.61	
584.688	67.69	
584.885	-32.67	
585.082	98.4	
585.278	129.12	
585.475	133.22	
585.672	107.01	
585.868	141.82	
586.065	19.76	
586.262	-60.93	
586.458	-32.67	
586.655	31.23	
586.852	2.56	
587.048	1.74	
587.245	4.2	
587.442	52.53	
587.638	44.34	
587.835	120.11	
588.031	156.16	
588.228	193.84	
588.424	135.27	
588.621	135.27	
588.817	84.07	
589.014	123.39	
589.21	129.53	
589.407	100.45	
589.603	57.45	
589.8	93.9	
589.996	75.88	
590.192	55.4	
590.389	85.71	
590.585	113.15	
590.782	52.53	
590.978	98	
591.174	89.8	
591.371	107.83	
591.567	76.7	
591.763	87.76	
591.959	8.7	
592.156	11.57	
592.352	-23.24	
592.548	16.9	
592.744	33.28	
592.941	12.8	
593.137	-6.86	
593.333	-15.05	
593.529	52.12	
593.725	65.23	
593.922	36.56	
594.118	127.49	
594.314	85.71	
594.51	31.23	
594.706	-12.19	
594.902	84.89	
595.098	38.19	
595.294	88.17	
595.49	32.46	
595.686	82.84	
595.882	14.85	
596.078	67.28	
596.274	73.42	
596.47	138.95	
596.666	129.12	
596.862	104.96	
597.058	91.85	
597.254	108.24	
597.45	51.71	
597.646	74.24	
597.842	108.64	
598.037	127.08	
598.233	130.35	
598.429	172.54	
598.625	99.63	
598.821	66.05	
599.017	-13	
599.212	8.7	
599.408	22.22	
599.604	39.83	
599.8	62.77	
599.995	30.82	
600.191	9.52	
600.387	-71.58	
600.582	-47.41	
600.778	-9.32	
600.974	35.74	
601.169	1.33	
601.365	49.25	
601.561	-16.28	
601.756	-66.66	
601.952	-64.61	
602.147	-88.78	
602.343	-97.38	
602.538	-9.32	
602.734	-5.22	
602.93	29.59	
603.125	53.35	
603.321	79.56	
603.516	46.8	
603.711	68.09	
603.907	50.07	
604.102	66.87	
604.298	88.17	
604.493	101.68	
604.689	123.39	
604.884	101.27	
605.079	101.27	
605.275	52.94	
605.47	31.64	
605.665	16.08	
605.861	53.76	
606.056	53.76	
606.251	9.93	
606.447	27.55	
606.642	32.05	
606.837	-25.7	
607.032	19.76	
607.227	21.81	
607.423	23.86	
607.618	34.1	
607.813	39.42	
608.008	-15.05	
608.203	100.04	
608.398	127.08	
608.594	59.08	
608.789	56.22	
608.984	100.04	
609.179	50.89	
609.374	-5.63	
609.569	45.57	
609.764	6.25	
609.959	-43.31	
610.154	-84.68	
610.349	-29.39	
610.544	-39.22	
610.739	32.46	
610.934	79.56	
611.129	142.23	
611.324	137.73	
611.519	167.22	
611.714	185.65	
611.909	137.32	
612.103	175.41	
612.298	157.8	
612.493	151.65	
612.688	137.73	
612.883	177.05	
613.078	76.7	
613.272	144.28	
613.467	156.98	
613.662	190.15	
613.857	230.29	
614.051	299.11	
614.246	226.2	
614.441	176.23	
614.635	77.52	
614.83	5.84	
615.025	-51.1	
615.219	-65.02	
615.414	-104.75	
615.609	-61.34	
615.803	-81.41	
615.998	2.97	
616.192	15.26	
616.387	73.42	
616.582	125.85	
616.776	165.99	
616.971	115.61	
617.165	99.63	
617.36	50.07	
617.554	33.28	
617.749	75.47	
617.943	62.77	
618.138	76.7	
618.332	114.79	
618.526	59.49	
618.721	8.7	
618.915	55.4	
619.11	59.08	
619.304	32.46	
619.498	38.19	
619.693	98	
619.887	36.15	
620.081	14.85	
620.275	54.17	
620.47	91.03	
620.664	66.87	
620.858	66.05	
621.052	69.32	
621.247	94.31	
621.441	69.32	
621.635	39.42	
621.829	36.56	
622.023	57.04	
622.218	79.56	
622.412	84.48	
622.606	79.97	
622.8	103.32	
622.994	84.07	
623.188	-2.76	
623.382	0.51	
623.576	0.1	
623.77	-37.99	
623.964	-4.81	
624.158	21.81	
624.352	-19.15	
624.546	12.8	
624.74	72.19	
624.934	53.35	
625.128	63.18	
625.322	103.32	
625.516	89.39	
625.71	44.34	
625.904	3.79	
626.098	24.68	
626.291	36.97	
626.485	17.71	
626.679	-0.31	
626.873	116.02	
627.067	82.02	
627.26	93.49	
627.454	131.58	
627.648	170.49	
627.842	92.67	
628.035	113.97	
628.229	92.67	
628.423	15.26	
628.617	5.84	
628.81	-8.09	
629.004	-29.8	
629.198	-16.69	
629.391	4.2	
629.585	49.66	
629.778	30.82	
629.972	68.09	
630.166	73.83	
630.359	62.77	
630.553	17.71	
630.746	72.19	
630.94	107.42	
631.133	33.69	
631.327	45.57	
631.52	59.08	
631.714	13.62	
631.907	-52.74	
632.1	51.71	
632.294	120.11	
632.487	98.4	
632.681	129.12	
632.874	148.78	
633.067	145.51	
633.261	75.47	
633.454	96.77	
633.647	106.6	
633.841	55.81	
634.034	37.79	
634.227	46.39	
634.421	17.31	
634.614	-6.04	
634.807	18.12	
635	-65.43	
635.193	-28.98	
635.387	-43.72	
635.58	-48.64	
635.773	-18.33	
635.966	34.1	
636.159	27.14	
636.352	-12.6	
636.545	-32.67	
636.739	-90.01	
636.932	-85.09	
637.125	-120.32	
637.318	-101.48	
637.511	-21.2	
637.704	-17.92	
637.897	0.1	
638.09	-8.09	
638.283	58.26	
638.476	27.14	
638.669	69.73	
638.862	70.55	
639.055	50.48	
639.247	30.41	
639.44	-8.91	
639.633	13.21	
639.826	-39.63	
640.019	15.26	
640.212	9.52	
640.405	53.76	
640.597	10.75	
640.79	78.74	
640.983	69.73	
641.176	63.59	
641.368	89.39	
641.561	146.74	
641.754	68.09	
641.947	123.39	
642.139	162.71	
642.332	110.28	
642.525	90.62	
642.717	130.76	
642.91	43.52	
643.103	2.15	
643.295	-17.92	
643.488	-55.19	
643.68	-64.2	
643.873	-30.62	
644.065	-22.43	
644.258	-12.6	
644.45	-28.98	
644.643	-32.67	
644.835	-54.78	
645.028	-79.36	
645.22	-75.26	
645.413	-85.91	
645.605	-77.72	
645.798	-93.69	
645.99	-12.6	
646.182	-8.09	
646.375	34.51	
646.567	31.64	
646.76	15.67	
646.952	-27.75	
647.144	-33.89	
647.337	-65.84	
647.529	-47	
647.721	44.75	
647.913	43.11	
648.106	26.73	
648.298	8.7	
648.49	-21.61	
648.682	-117.86	
648.874	-102.71	
649.067	-91.65	
649.259	-53.14	
649.451	-37.17	
649.643	20.58	
649.835	42.29	
650.027	83.25	
650.219	70.14	
650.411	88.57	
650.603	65.64	
650.796	88.17	
650.988	72.19	
651.18	116.84	
651.372	136.5	
651.564	135.68	
651.756	52.12	
651.948	74.65	
652.139	25.09	
652.331	-10.55	
652.523	-0.31	
652.715	-3.58	
652.907	-44.54	
653.099	-20.79	
653.291	-22.02	
653.483	-30.21	
653.674	7.88	
653.866	37.38	
654.058	17.31	
654.25	15.26	
654.442	-0.72	
654.633	-67.89	
654.825	-88.78	
655.017	-58.47	
655.209	-69.94	
655.4	-49.05	
655.592	-76.08	
655.784	-47.82	
655.975	-65.02	
656.167	-52.74	
656.359	-60.52	
656.55	9.52	
656.742	-58.88	
656.933	1.33	
657.125	-0.31	
657.316	-14.64	
657.508	-58.88	
657.7	11.98	
657.891	-81.41	
658.083	-54.37	
658.274	-4.4	
658.466	43.93	
658.657	56.22	
658.848	42.7	
659.04	47.21	
659.231	11.16	
659.423	3.38	
659.614	-47	
659.805	68.09	
659.997	109.46	
660.188	136.09	
660.379	141.41	
660.571	145.51	
660.762	79.56	
660.953	7.88	
661.145	-12.19	
661.336	-46.59	
661.527	122.16	
661.718	141	
661.909	128.71	
662.101	143.87	
662.292	186.47	
662.483	-16.69	
662.674	-30.21	
662.865	-15.46	
663.056	-61.75	
663.247	-120.32	
663.439	-33.48	
663.63	-18.74	
663.821	-47.82	
664.012	-0.31	
664.203	71.37	
664.394	65.23	
664.585	57.45	
664.776	59.08	
664.967	56.22	
665.158	35.74	
665.349	69.32	
665.54	46.8	
665.73	107.42	
665.921	46.8	
666.112	18.53	
666.303	-62.98	
666.494	46.39	
666.685	3.38	
666.876	75.06	
667.066	104.55	
667.257	135.27	
667.448	5.43	
667.639	13.62	
667.83	-22.02	
668.02	-22.02	
668.211	-82.23	
668.402	-25.29	
668.592	-64.61	
668.783	-62.16	
668.974	-47.82	
669.164	9.93	
669.355	-5.63	
669.546	54.99	
669.736	66.87	
669.927	29.59	
670.117	-40.86	
670.308	-31.03	
670.499	-92.06	
670.689	-103.93	
670.88	-125.23	
671.07	-56.42	
671.261	-69.53	
671.451	11.98	
671.641	-25.29	
671.832	28.36	
672.022	16.9	
672.213	-17.92	
672.403	-77.72	
672.594	12.39	
672.784	6.66	
672.974	5.02	
673.165	-32.26	
673.355	-13.41	
673.545	9.11	
673.736	48.02	
673.926	-8.09	
674.116	84.89	
674.306	41.47	
674.497	-47.41	
674.687	-121.55	
674.877	-102.3	
675.067	-151.86	
675.257	-103.93	
675.448	-92.88	
675.638	-49.87	
675.828	-48.64	
676.018	8.29	
676.208	-2.76	
676.398	37.38	
676.588	14.03	
676.778	30.82	
676.968	0.92	
677.158	18.94	
677.348	-51.1	
677.538	-44.95	
677.728	-33.48	
677.918	-48.23	
678.108	-78.95	
678.298	-56.01	
678.488	-70.35	
678.678	-38.4	
678.868	-43.72	
679.058	-51.1	
679.248	-26.93	
679.438	-23.24	
679.627	-50.28	
679.817	-58.88	
680.007	-44.13	
680.197	-44.95	
680.387	-46.59	
680.576	-44.54	
680.766	-46.18	
680.956	-71.99	
681.146	-30.21	
681.335	-40.45	
681.525	-76.08	
681.715	-19.97	
681.904	17.31	
682.094	-17.51	
682.284	-4.4	
682.473	33.28	
682.663	37.79	
682.852	32.46	
683.042	51.3	
683.231	57.86	
683.421	43.93	
683.61	5.02	
683.8	-19.56	
683.989	-48.23	
684.179	-55.19	
684.368	-102.71	
684.558	-96.56	
684.747	-96.15	
684.937	-128.1	
685.126	-95.74	
685.316	-66.25	
685.505	-114.17	
685.694	-47.41	
685.884	41.06	
686.073	15.67	
686.262	19.76	
686.452	90.21	
686.641	49.25	
686.83	0.1	
687.019	-20.38	
687.209	7.07	
687.398	17.71	
687.587	-0.31	
687.776	-32.67	
687.965	-50.28	
688.155	-78.95	
688.344	-129.74	
688.533	-116.22	
688.722	-135.47	
688.911	-35.12	
689.1	10.34	
689.289	68.5	
689.478	96.36	
689.667	154.52	
689.856	24.27	
690.045	-0.72	
690.234	-79.77	
690.423	-53.96	
690.612	-88.78	
690.801	0.51	
690.99	-40.04	
691.179	10.34	
691.368	-33.07	
691.557	36.56	
691.746	2.15	
691.935	18.94	
692.124	-14.64	
692.312	-1.13	
692.501	-83.86	
692.69	-40.86	
692.879	-37.17	
693.068	-24.88	
693.256	-35.94	
693.445	38.19	
693.634	-25.29	
693.823	-41.27	
694.011	-35.53	
694.2	-22.02	
694.389	-86.73	
694.577	-65.02	
694.766	-50.69	
694.955	-54.37	
695.143	-81.82	
695.332	-40.86	
695.52	-39.63	
695.709	10.75	
695.897	4.2	
696.086	-15.87	
696.275	-54.37	
696.463	-36.76	
696.652	-85.09	
696.84	-49.46	
697.028	-41.27	
697.217	-21.2	
697.405	10.34	
697.594	46.39	
697.782	44.34	
697.971	63.18	
698.159	43.93	
698.347	21.81	
698.536	32.46	
698.724	38.19	
698.912	6.25	
699.1	61.13	
699.289	99.63	
699.477	54.17	
699.665	6.25	
699.854	18.94	
700.042	-23.65	
700.23	-56.83	
700.418	-51.92	
700.606	-38.81	
700.794	-28.98	
700.983	-4.4	
701.171	3.38	
701.359	-3.99	
701.547	43.52	
701.735	82.43	
701.923	25.09	
702.111	-22.43	
702.299	-42.9	
702.487	-43.31	
702.675	-106.39	
702.863	-90.01	
703.051	-74.85	
703.239	-3.99	
703.427	-67.07	
703.615	-67.89	
703.803	-84.27	
703.991	-51.92	
704.179	-69.12	
704.367	6.25	
704.554	69.32	
704.742	114.79	
704.93	165.99	
705.118	180.73	
705.306	115.61	
705.493	67.28	
705.681	43.11	
705.869	7.07	
706.057	-49.46	
706.244	-44.95	
706.432	-52.33	
706.62	-15.87	
706.807	-73.21	
706.995	-24.47	
707.183	-82.64	
707.37	-36.35	
707.558	-32.26	
707.746	45.98	
707.933	49.25	
708.121	163.53	
708.308	145.92	
708.496	118.47	
708.683	40.24	
708.871	76.7	
709.058	-6.04	
709.246	2.56	
709.433	-41.68	
709.621	-10.14	
709.808	-67.89	
709.995	6.25	
710.183	-6.86	
710.37	51.71	
710.558	29.59	
710.745	33.69	
710.932	-7.27	
711.12	18.12	
711.307	-12.6	
711.494	-3.58	
711.681	9.93	
711.869	-35.12	
712.056	-35.94	
712.243	-52.74	
712.43	-82.64	
712.618	-70.35	
712.805	-58.47	
712.992	-74.85	
713.179	-74.44	
713.366	-68.3	
713.553	-50.28	
713.74	-22.02	
713.928	-81	
714.115	-6.86	
714.302	-29.8	
714.489	-42.09	
714.676	-64.2	
714.863	23.45	
715.05	23.86	
715.237	38.6	
715.424	-35.94	
715.611	36.56	
715.798	13.21	
715.984	-5.63	
716.171	48.43	
716.358	98	
716.545	64	
716.732	80.38	
716.919	26.32	
717.106	-22.43	
717.293	-21.2	
717.479	10.34	
717.666	-67.07	
717.853	-59.29	
718.04	-34.3	
718.226	-17.92	
718.413	-93.28	
718.6	-39.63	
718.786	-20.38	
718.973	21.81	
719.16	-55.6	
719.346	-27.75	
719.533	-58.47	
719.72	-11.37	
719.906	-83.45	
720.093	-14.64	
720.279	-56.42	
720.466	-30.62	
720.652	-31.44	
720.839	22.22	
721.025	14.44	
721.212	57.04	
721.398	46.39	
721.585	38.19	
721.771	11.16	
721.958	-38.4	
722.144	-15.05	
722.331	-76.08	
722.517	-108.85	
722.703	-98.61	
722.89	-98.2	
723.076	-107.62	
723.262	10.75	
723.449	-11.78	
723.635	-55.19	
723.821	-32.67	
724.007	-67.48	
724.194	-137.52	
724.38	-133.43	
724.566	-109.67	
724.752	-89.6	
724.938	-35.94	
725.125	20.99	
725.311	68.5	
725.497	42.29	
725.683	33.28	
725.869	-21.2	
726.055	-58.47	
726.241	-92.06	
726.427	-62.57	
726.613	-63.79	
726.799	33.28	
726.985	-13.82	
727.171	43.11	
727.357	77.52	
727.543	136.5	
727.729	56.63	
727.915	111.92	
728.101	75.06	
728.287	32.87	
728.473	-17.92	
728.659	-29.39	
728.845	-58.06	
729.03	-87.96	
729.216	-69.94	
729.402	-99.02	
729.588	-91.65	
729.774	-95.74	
729.959	-79.36	
730.145	-30.62	
730.331	23.04	
730.517	33.28	
730.702	62.77	
730.888	86.53	
731.074	-19.56	
731.259	-42.9	
731.445	-13	
731.63	-20.79	
731.816	-67.48	
732.002	48.84	
732.187	92.26	
732.373	63.18	
732.558	85.3	
732.744	170.9	
732.929	136.91	
733.115	52.94	
733.3	-11.37	
733.486	-28.98	
733.671	-124.41	
733.857	-173.16	
734.042	-133.83	
734.227	-84.27	
734.413	-28.98	
734.598	42.29	
734.784	35.33	
734.969	7.88	
735.154	30	
735.339	-19.15	
735.525	5.02	
735.71	59.49	
735.895	18.53	
736.081	9.52	
736.266	2.97	
736.451	-47	
736.636	-32.67	
736.821	9.11	
737.007	-15.05	
737.192	5.02	
737.377	-29.8	
737.562	-104.34	
737.747	-88.78	
737.932	-42.5	
738.117	-80.59	
738.302	-10.96	
738.487	30	
738.672	13.62	
738.857	17.71	
739.042	64.82	
739.227	89.39	
739.412	41.88	
739.597	37.79	
739.782	64.41	
739.967	5.43	
740.152	-31.03	
740.337	34.1	
740.522	57.86	
740.706	32.05	
740.891	109.87	
741.076	121.34	
741.261	123.8	
741.446	130.76	
741.63	109.87	
741.815	95.54	
742	20.58	
742.185	-31.85	
742.369	-28.57	
742.554	-67.89	
742.739	-83.45	
742.923	-21.2	
743.108	35.33	
743.293	46.39	
743.477	60.31	
743.662	86.53	
743.846	52.12	
744.031	34.1	
744.216	10.34	
744.4	70.14	
744.585	25.5	
744.769	70.14	
744.954	72.6	
745.138	63.59	
745.322	50.48	
745.507	14.44	
745.691	-21.2	
745.876	-44.95	
746.06	-15.46	
746.244	2.56	
746.429	56.63	
746.613	35.74	
746.798	43.52	
746.982	9.52	
747.166	-22.02	
747.35	-57.65	
747.535	-47	
747.719	-27.75	
747.903	52.94	
748.087	32.05	
748.272	34.92	
748.456	58.67	
748.64	46.39	
748.824	15.67	
749.008	45.16	
749.192	43.11	
749.376	20.58	
749.56	7.88	
749.745	-52.74	
749.929	-42.5	
750.113	-19.15	
750.297	-43.31	
750.481	0.1	
750.665	40.24	
750.849	19.76	
751.033	14.85	
751.217	1.74	
751.4	-25.7	
751.584	-39.63	
751.768	-15.05	
751.952	-39.63	
752.136	-10.55	
752.32	-30.62	
752.504	-17.51	
752.688	-32.26	
752.871	-17.51	
753.055	-25.7	
753.239	-28.16	
753.423	0.1	
753.606	-32.26	
753.79	-5.63	
753.974	2.15	
754.157	1.33	
754.341	-55.6	
754.525	-33.07	
754.708	-52.74	
754.892	-46.18	
755.076	6.25	
755.259	51.71	
755.443	15.67	
755.626	10.34	
755.81	36.56	
755.993	5.02	
756.177	-38.4	
756.36	5.84	
756.544	3.38	
756.727	-25.7	
756.911	2.15	
757.094	39.42	
757.278	11.57	
757.461	4.2	
757.644	1.33	
757.828	-48.23	
758.011	-31.85	
758.195	-4.4	
758.378	-6.45	
758.561	-24.88	
758.744	-23.65	
758.928	4.61	
759.111	-21.2	
759.294	34.1	
759.477	61.13	
759.661	95.95	
759.844	57.86	
760.027	87.35	
760.21	32.87	
760.393	42.29	
760.576	30.41	
760.76	1.74	
760.943	-49.87	
761.126	19.35	
761.309	65.23	
761.492	52.94	
761.675	50.89	
761.858	83.66	
762.041	22.63	
762.224	-69.12	
762.407	-81	
762.59	-60.11	
762.773	-125.64	
762.956	-143.26	
763.139	-95.74	
763.321	-54.37	
763.504	-117.45	
763.687	-44.95	
763.87	-15.87	
764.053	-13	
764.236	-7.27	
764.418	61.54	
764.601	27.95	
764.784	65.64	
764.967	78.74	
765.149	43.52	
765.332	25.5	
765.515	63.18	
765.697	-9.73	
765.88	-31.85	
766.063	-17.92	
766.245	-17.51	
766.428	-57.24	
766.611	-49.87	
766.793	-49.05	
766.976	-18.74	
767.158	-61.75	
767.341	5.43	
767.523	39.42	
767.706	58.26	
767.888	4.2	
768.071	122.98	
768.253	54.99	
768.436	59.49	
768.618	45.16	
768.8	122.16	
768.983	98.4	
769.165	120.93	
769.348	54.99	
769.53	43.52	
769.712	-47.41	
769.895	-114.17	
770.077	-104.75	
770.259	-40.04	
770.441	-50.28	
770.624	29.59	
770.806	75.06	
770.988	55.81	
771.17	31.64	
771.352	99.63	
771.535	101.27	
771.717	84.89	
771.899	89.39	
772.081	146.74	
772.263	70.14	
772.445	30.41	
772.627	-26.11	
772.809	-15.87	
772.991	-28.98	
773.173	24.27	
773.355	23.45	
773.537	39.83	
773.719	7.48	
773.901	37.79	
774.083	-9.32	
774.265	-62.57	
774.447	-62.98	
774.629	-33.48	
774.811	-70.76	
774.992	-38.4	
775.174	-37.58	
775.356	14.85	
775.538	-14.64	
775.72	-69.12	
775.901	-81	
776.083	-52.74	
776.265	-84.68	
776.447	-19.97	
776.628	44.34	
776.81	45.57	
776.992	111.1	
777.173	123.39	
777.355	73.01	
777.537	80.79	
777.718	90.62	
777.9	54.99	
778.081	49.66	
778.263	87.35	
778.444	36.15	
778.626	6.25	
778.807	-34.3	
778.989	-62.16	
779.17	-123.59	
779.352	-191.59	
779.533	-210.84	
779.715	-165.78	
779.896	-210.02	
780.078	-128.51	
780.259	-33.48	
780.44	-13.41	
780.622	-44.95	
780.803	86.53	
780.984	61.95	
781.166	16.49	
781.347	29.18	
781.528	25.5	
781.709	-43.31	
781.891	-37.99	
782.072	14.44	
782.253	37.38	
782.434	52.12	
782.615	60.31	
782.796	46.39	
782.978	76.7	
783.159	72.6	
783.34	131.58	
783.521	122.16	
783.702	127.9	
783.883	96.36	
784.064	125.85	
784.245	45.16	
784.426	100.45	
784.607	87.76	
784.788	94.72	
784.969	23.04	
785.15	62.36	
785.331	-55.6	
785.512	-11.37	
785.692	-35.53	
785.873	-19.97	
786.054	-60.93	
786.235	-12.6	
786.416	-35.12	
786.597	-7.27	
786.777	-16.69	
786.958	-3.99	
787.139	17.71	
787.32	10.34	
787.5	14.85	
787.681	-0.72	
787.862	36.56	
788.042	38.6	
788.223	40.65	
788.404	-40.45	
788.584	20.58	
788.765	48.84	
788.946	57.04	
789.126	41.88	
789.307	136.5	
789.487	150.01	
789.668	68.91	
789.848	32.87	
790.029	19.35	
790.209	-39.63	
790.39	-110.9	
790.57	-107.62	
790.75	-25.7	
790.931	-24.88	
791.111	-46.59	
791.292	30.41	
791.472	54.58	
791.652	22.22	
791.833	23.45	
792.013	54.58	
792.193	-22.83	
792.373	7.07	
792.554	-3.99	
792.734	12.39	
792.914	-23.65	
793.094	27.55	
793.275	25.5	
793.455	-7.68	
793.635	24.27	
793.815	73.01	
793.995	41.88	
794.175	25.91	
794.355	111.92	
794.535	102.09	
794.715	105.37	
794.896	97.18	
795.076	69.32	
795.256	75.47	
795.436	20.99	
795.616	41.88	
795.795	83.66	
795.975	81.61	
796.155	72.6	
796.335	105.37	
796.515	112.74	
796.695	143.46	
796.875	212.68	
797.055	163.94	
797.234	168.86	
797.414	165.99	
797.594	119.29	
797.774	88.57	
797.954	50.48	
798.133	56.63	
798.313	3.38	
798.493	19.76	
798.672	-33.48	
798.852	-4.81	
799.032	-61.34	
799.211	-56.42	
799.391	-78.95	
799.571	-49.87	
799.75	-58.06	
799.93	29.59	
800.109	43.93	
800.289	48.84	
800.468	39.42	
800.648	30.41	
800.827	-5.22	
801.007	-15.05	
801.186	-51.92	
801.366	-42.09	
801.545	-22.43	
801.725	50.07	
801.904	1.33	
802.083	32.05	
802.263	9.52	
802.442	70.96	
802.621	-13.82	
802.801	107.42	
802.98	128.31	
803.159	98.81	
803.338	19.76	
803.518	85.3	
803.697	-25.29	
803.876	0.92	
804.055	55.81	
804.235	91.44	
804.414	11.16	
804.593	64.82	
804.772	35.33	
804.951	16.08	
805.13	-59.29	
805.309	-17.92	
805.488	-14.64	
805.667	-9.73	
805.846	36.56	
806.025	107.83	
806.204	138.95	
806.383	100.86	
806.562	74.24	
806.741	46.39	
806.92	52.12	
807.099	-1.54	
807.278	-33.07	
807.457	-35.53	
807.636	-9.73	
807.814	-31.44	
807.993	-44.54	
808.172	-19.15	
808.351	7.88	
808.53	-3.58	
808.708	-27.75	
808.887	1.74	
809.066	86.12	
809.244	57.04	
809.423	23.86	
809.602	35.33	
809.78	68.09	
809.959	-6.04	
810.138	29.18	
810.316	64.82	
810.495	95.54	
810.673	12.39	
810.852	42.7	
811.03	37.38	
811.209	28.36	
811.388	0.51	
811.566	48.02	
811.744	41.06	
811.923	29.18	
812.101	30.41	
812.28	135.27	
812.458	161.48	
812.637	130.35	
812.815	158.21	
812.993	191.38	
813.172	160.25	
813.35	55.4	
813.528	100.86	
813.706	68.09	
813.885	43.93	
814.063	-40.04	
814.241	66.46	
814.419	99.63	
814.598	156.57	
814.776	154.52	
814.954	165.17	
815.132	162.3	
815.31	122.57	
815.488	14.44	
815.666	-19.97	
815.844	-42.09	
816.022	-82.23	
816.201	-113.76	
816.379	-37.17	
816.557	-5.63	
816.735	41.88	
816.913	25.91	
817.09	67.69	
817.268	14.85	
817.446	-15.87	
817.624	-46.18	
817.802	61.13	
817.98	45.98	
818.158	65.23	
818.336	35.74	
818.514	58.26	
818.691	3.38	
818.869	20.17	
819.047	63.18	
819.225	114.79	
819.402	85.3	
819.58	126.67	
819.758	150.01	
819.935	130.35	
820.113	104.14	
820.291	104.14	
820.468	9.93	
820.646	-8.5	
820.824	-9.73	
821.001	82.43	
821.179	127.08	
821.356	159.43	
821.534	111.92	
821.711	84.89	
821.889	86.53	
822.066	99.63	
822.244	100.04	
822.421	155.75	
822.599	179.91	
822.776	91.85	
822.953	16.08	
823.131	-20.79	
823.308	-62.16	
823.486	-39.22	
823.663	-21.61	
823.84	19.76	
824.017	-11.37	
824.195	8.7	
824.372	11.16	
824.549	6.25	
824.726	7.88	
824.904	44.75	
825.081	40.24	
825.258	-47	
825.435	-49.46	
825.612	-21.2	
825.789	-69.94	
825.967	-59.7	
826.144	28.36	
826.321	67.28	
826.498	25.09	
826.675	96.77	
826.852	31.23	
827.029	13.21	
827.206	-5.63	
827.383	-44.13	
827.56	2.56	
827.737	60.31	
827.914	70.55	
828.09	59.9	
828.267	97.18	
828.444	66.87	
828.621	29.59	
828.798	83.25	
828.975	50.07	
829.151	48.84	
829.328	22.22	
829.505	109.46	
829.682	25.5	
829.858	32.05	
830.035	82.02	
830.212	68.5	
830.389	9.52	
830.565	-15.87	
830.742	56.63	
830.918	27.14	
831.095	52.12	
831.272	68.5	
831.448	67.28	
831.625	72.6	
831.801	75.88	
831.978	57.86	
832.154	2.97	
832.331	58.67	
832.507	-18.74	
832.684	4.61	
832.86	50.48	
833.037	166.4	
833.213	124.62	
833.389	161.48	
833.566	75.06	
833.742	16.9	
833.918	-74.03	
834.095	-109.67	
834.271	-159.23	
834.447	-69.53	
834.624	-45.36	
834.8	-58.88	
834.976	-1.13	
835.152	15.26	
835.328	-19.97	
835.505	9.52	
835.681	22.22	
835.857	-26.52	
836.033	45.16	
836.209	124.62	
836.385	115.61	
836.561	136.09	
836.737	181.14	
836.913	85.3	
837.089	45.16	
837.265	58.67	
837.441	115.2	
837.617	109.46	
837.793	139.36	
837.969	124.21	
838.145	67.69	
838.321	16.49	
838.497	14.44	
838.673	63.18	
838.849	5.02	
839.025	78.74	
839.2	91.03	
839.376	113.15	
839.552	79.97	
839.728	133.22	
839.903	60.31	
840.079	96.36	
840.255	82.84	
840.431	167.63	
840.606	103.73	
840.782	189.33	
840.958	72.19	
841.133	64.41	
841.309	-28.16	
841.484	64	
841.66	-24.06	
841.835	1.33	
842.011	-19.97	
842.186	37.38	
842.362	-20.79	
842.537	19.35	
842.713	37.79	
842.888	50.07	
843.064	-16.28	
843.239	-4.81	
843.415	-2.76	
843.59	52.53	
843.765	66.46	
843.941	84.07	
844.116	137.32	
844.291	93.08	
844.467	54.99	
844.642	60.72	
844.817	90.21	
844.992	31.23	
845.168	51.71	
845.343	79.15	
845.518	80.38	
845.693	70.14	
845.868	75.47	
846.043	52.12	
846.219	10.34	
846.394	64	
846.569	57.45	
846.744	18.94	
846.919	39.01	
847.094	136.5	
847.269	79.97	
847.444	73.83	
847.619	108.64	
847.794	193.43	
847.969	158.62	
848.144	172.13	
848.319	165.58	
848.494	160.25	
848.668	142.23	
848.843	131.58	
849.018	126.26	
849.193	140.59	
849.368	186.06	
849.542	184.83	
849.717	159.02	
849.892	127.9	
850.067	105.37	
850.241	115.61	
850.416	73.83	
850.591	101.27	
850.765	99.22	
850.94	175.82	
851.115	101.68	
851.289	120.11	
851.464	78.33	
851.639	102.09	
851.813	49.66	
851.988	122.16	
852.162	70.14	
852.337	50.48	
852.511	75.47	
852.686	122.98	
852.86	86.94	
853.035	110.28	
853.209	109.05	
853.383	103.32	
853.558	20.17	
853.732	32.87	
853.906	4.2	
854.081	39.42	
854.255	-15.87	
854.429	35.33	
854.604	16.9	
854.778	81.61	
854.952	89.8	
855.126	154.52	
855.301	142.64	
855.475	127.49	
855.649	96.77	
855.823	57.45	
855.997	6.66	
856.171	5.02	
856.345	-16.69	
856.52	-18.33	
856.694	13.62	
856.868	69.32	
857.042	44.34	
857.216	124.62	
857.39	118.07	
857.564	99.63	
857.738	48.43	
857.912	70.96	
858.085	48.84	
858.259	58.26	
858.433	108.24	
858.607	78.74	
858.781	48.43	
858.955	5.02	
859.129	-6.04	
859.302	-44.54	
859.476	-39.22	
859.65	55.4	
859.824	26.73	
859.997	39.83	
860.171	54.58	
860.345	121.34	
860.519	70.14	
860.692	104.96	
860.866	120.93	
861.039	133.63	
861.213	117.25	
861.387	97.59	
861.56	96.77	
861.734	114.79	
861.907	84.48	
862.081	76.7	
862.254	120.52	
862.428	156.16	
862.601	109.05	
862.775	120.93	
862.948	202.85	
863.122	162.71	
863.295	115.2	
863.468	120.52	
863.642	82.02	
863.815	13.62	
863.988	12.39	
864.162	40.24	
864.335	-15.05	
864.508	40.24	
864.682	58.26	
864.855	45.57	
865.028	10.75	
865.201	82.02	
865.374	40.24	
865.548	69.32	
865.721	85.3	
865.894	173.36	
866.067	148.78	
866.24	191.79	
866.413	188.52	
866.586	197.94	
866.759	82.84	
866.932	76.29	
867.105	65.23	
867.278	-47.82	
867.451	-74.03	
867.624	-22.02	
867.797	-10.55	
867.97	-32.67	
868.143	16.08	
868.316	66.46	
868.489	8.7	
868.661	27.95	
868.834	50.07	
869.007	91.85	
869.18	53.76	
869.353	93.49	
869.525	109.46	
869.698	78.74	
869.871	29.18	
870.044	48.84	
870.216	71.37	
870.389	41.88	
870.562	20.17	
870.734	75.88	
870.907	20.58	
871.079	52.12	
871.252	33.69	
871.425	118.07	
871.597	48.43	
871.77	184.01	
871.942	116.43	
872.115	98	
872.287	60.31	
872.459	93.9	
872.632	0.1	
872.804	52.53	
872.977	33.28	
873.149	27.55	
873.321	-5.22	
873.494	7.88	
873.666	15.67	
873.838	53.35	
874.011	27.55	
874.183	68.5	
874.355	31.23	
874.528	-10.55	
874.7	-17.51	
874.872	62.36	
875.044	70.55	
875.216	111.1	
875.388	159.84	
875.561	195.48	
875.733	98.81	
875.905	92.26	
876.077	23.04	
876.249	73.42	
876.421	28.36	
876.593	20.99	
876.765	43.93	
876.937	109.87	
877.109	38.6	
877.281	84.48	
877.453	107.01	
877.625	60.31	
877.797	22.63	
877.968	-15.05	
878.14	-56.42	
878.312	-16.69	
878.484	-31.44	
878.656	-0.31	
878.828	0.92	
878.999	73.01	
879.171	10.34	
879.343	-7.27	
879.515	-12.6	
879.686	-6.04	
879.858	-48.23	
880.03	4.2	
880.201	40.65	
880.373	16.49	
880.545	37.38	
880.716	68.91	
880.888	148.78	
881.059	160.25	
881.231	190.56	
881.402	226.61	
881.574	196.71	
881.745	146.33	
881.917	169.67	
882.088	168.86	
882.26	123.39	
882.431	158.62	
882.602	84.48	
882.774	83.66	
882.945	33.28	
883.116	0.1	
883.288	-55.19	
883.459	-42.5	
883.63	-63.79	
883.802	-33.48	
883.973	7.48	
884.144	51.71	
884.315	81.2	
884.487	104.55	
884.658	140.18	
884.829	170.49	
885	132.81	
885.171	154.52	
885.342	102.09	
885.513	98.4	
885.684	70.55	
885.855	115.61	
886.026	77.11	
886.197	119.7	
886.368	68.09	
886.539	97.18	
886.71	44.75	
886.881	56.63	
887.052	59.9	
887.223	91.03	
887.394	25.91	
887.565	103.73	
887.736	58.26	
887.907	69.32	
888.077	60.31	
888.248	68.09	
888.419	12.8	
888.59	43.52	
888.761	55.81	
888.931	67.69	
889.102	124.62	
889.273	104.55	
889.443	90.62	
889.614	25.91	
889.785	32.46	
889.955	14.85	
890.126	27.95	
890.296	69.73	
890.467	100.86	
890.637	178.28	
890.808	193.84	
890.978	212.68	
891.149	209.81	
891.319	294.6	
891.49	242.17	
891.66	233.16	
891.831	213.5	
892.001	220.87	
892.172	80.79	
892.342	75.47	
892.512	33.69	
892.683	65.23	
892.853	10.75	
893.023	89.39	
893.193	36.15	
893.364	66.87	
893.534	56.22	
893.704	144.69	
893.874	138.55	
894.044	174.59	
894.215	146.33	
894.385	165.99	
894.555	116.43	
894.725	176.23	
894.895	111.51	
895.065	172.13	
895.235	138.55	
895.405	188.11	
895.575	90.21	
895.745	156.67	
895.915	130.22	
