177.618	-724.81	
177.836	-733.51	
178.054	-739.97	
178.271	-567.53	
178.489	-361.5	
178.706	-250.91	
178.924	-103.46	
179.142	40.31	
179.359	21.47	
179.577	-73.56	
179.794	-22.36	
180.012	-48.98	
180.229	-90.35	
180.447	-68.23	
180.664	-14.98	
180.882	-47.75	
181.1	4.27	
181.317	14.92	
181.535	-2.7	
181.752	-44.88	
181.969	-5.56	
182.187	14.51	
182.404	64.48	
182.622	34.58	
182.839	113.22	
183.057	114.45	
183.274	82.09	
183.492	68.98	
183.709	126.33	
183.926	36.62	
184.144	12.46	
184.361	22.7	
184.579	30.07	
184.796	-30.96	
185.013	28.84	
185.231	-5.97	
185.448	47.68	
185.666	71.03	
185.883	61.61	
186.1	50.14	
186.317	105.85	
186.535	4.27	
186.752	-20.72	
186.969	25.57	
187.187	96.02	
187.404	14.1	
187.621	123.46	
187.839	149.67	
188.056	135.34	
188.273	68.98	
188.49	169.74	
188.708	117.31	
188.925	151.31	
189.142	148.03	
189.359	122.23	
189.576	58.74	
189.794	20.24	
190.011	-27.68	
190.228	-22.36	
190.445	-7.2	
190.662	74.31	
190.879	98.88	
191.097	110.35	
191.314	132.88	
191.531	125.51	
191.748	13.69	
191.965	47.27	
192.182	7.54	
192.399	-12.53	
192.616	32.94	
192.834	104.62	
193.051	50.55	
193.268	85.78	
193.485	100.11	
193.702	70.62	
193.919	50.55	
194.136	82.5	
194.353	57.92	
194.57	64.07	
194.787	62.43	
195.004	151.31	
195.221	118.95	
195.438	157.05	
195.655	108.71	
195.872	185.31	
196.089	67.34	
196.306	100.11	
196.523	82.09	
196.74	128.78	
196.957	-8.02	
197.173	27.2	
197.39	4.68	
197.607	32.94	
197.824	4.68	
198.041	53.42	
198.258	38.26	
198.475	86.59	
198.692	25.98	
198.909	11.23	
199.125	-27.68	
199.342	35.81	
199.559	22.29	
199.776	54.65	
199.993	113.63	
200.21	128.78	
200.426	50.96	
200.643	41.95	
200.86	60.79	
201.077	57.92	
201.293	51.78	
201.51	65.71	
201.727	-3.52	
201.944	-69.05	
202.16	-79.7	
202.377	-80.11	
202.594	-93.63	
202.811	-60.04	
203.027	-42.43	
203.244	-79.29	
203.461	-53.9	
203.677	40.72	
203.894	84.14	
204.111	113.63	
204.327	131.65	
204.544	103.39	
204.761	43.59	
204.977	8.77	
205.194	-52.26	
205.41	-1.47	
205.627	23.93	
205.844	35.4	
206.06	34.99	
206.277	96.83	
206.493	39.9	
206.71	62.43	
206.926	38.67	
207.143	73.49	
207.36	9.59	
207.576	81.68	
207.793	87	
208.009	114.45	
208.226	92.74	
208.442	123.46	
208.659	95.2	
208.875	93.15	
209.092	42.36	
209.308	27.61	
209.524	29.66	
209.741	77.58	
209.957	121.82	
210.174	159.09	
210.39	163.6	
210.607	164.01	
210.823	19.83	
211.039	-53.49	
211.256	-1.47	
211.472	-55.12	
211.688	3.86	
211.905	86.19	
212.121	83.32	
212.338	27.61	
212.554	96.83	
212.77	43.18	
212.987	53.42	
213.203	108.71	
213.419	158.68	
213.635	126.74	
213.852	96.43	
214.068	67.75	
214.284	21.47	
214.501	39.49	
214.717	33.35	
214.933	74.31	
215.149	21.47	
215.365	-15.8	
215.582	-121.89	
215.798	-76.83	
216.014	-102.23	
216.23	-47.75	
216.447	15.74	
216.663	32.53	
216.879	-35.46	
217.095	21.06	
217.311	46.05	
217.527	31.3	
217.743	59.15	
217.96	82.91	
218.176	62.43	
218.392	42.77	
218.608	72.26	
218.824	33.76	
219.04	30.48	
219.256	44	
219.472	22.7	
219.688	-15.8	
219.904	47.68	
220.12	127.96	
220.336	88.64	
220.552	109.12	
220.768	131.24	
220.984	131.65	
221.2	29.25	
221.416	78.4	
221.632	43.18	
221.848	19.83	
222.064	-49.39	
222.28	-22.77	
222.496	-79.7	
222.712	-3.11	
222.928	-43.25	
223.144	36.62	
223.36	36.21	
223.576	66.52	
223.792	23.11	
224.008	124.69	
224.224	99.29	
224.439	139.02	
224.655	113.22	
224.871	127.14	
225.087	86.19	
225.303	51.78	
225.519	31.71	
225.734	92.74	
225.95	75.95	
226.166	82.91	
226.382	87.41	
226.598	82.09	
226.813	66.52	
227.029	53.83	
227.245	-8.02	
227.461	19.01	
227.677	34.17	
227.892	0.99	
228.108	-3.52	
228.324	80.45	
228.539	25.98	
228.755	75.13	
228.971	106.67	
229.186	166.88	
229.402	132.88	
229.618	188.58	
229.833	109.53	
230.049	111.99	
230.265	41.13	
230.48	130.01	
230.696	103.39	
230.912	114.04	
231.127	115.27	
231.343	164.01	
231.558	18.19	
231.774	90.69	
231.99	161.14	
232.205	151.72	
232.421	89.05	
232.636	129.6	
232.852	53.01	
233.067	-3.93	
233.283	-0.65	
233.498	66.93	
233.714	64.07	
233.929	99.29	
234.145	62.02	
234.36	85.78	
234.576	89.46	
234.791	135.34	
235.007	151.72	
235.222	254.12	
235.438	207.43	
235.653	258.62	
235.868	229.95	
236.084	275.83	
236.299	267.23	
236.515	280.74	
236.73	182.03	
236.945	193.91	
237.161	96.83	
237.376	37.85	
237.592	16.55	
237.807	46.45	
238.022	49.73	
238.238	82.09	
238.453	41.54	
238.668	70.21	
238.883	-0.24	
239.099	0.58	
239.314	-44.48	
239.529	30.48	
239.745	41.13	
239.96	126.33	
240.175	85.78	
240.39	203.74	
240.605	143.12	
240.821	98.47	
241.036	80.45	
241.251	180.8	
241.466	81.27	
241.681	89.05	
241.897	113.63	
242.112	145.17	
242.327	59.97	
242.542	89.46	
242.757	121.41	
242.972	128.37	
243.188	62.84	
243.403	71.85	
243.618	73.49	
243.833	45.23	
244.048	63.66	
244.263	87.41	
244.478	101.75	
244.693	64.07	
244.908	103.8	
245.123	63.66	
245.338	112.4	
245.553	108.71	
245.768	95.2	
245.983	80.04	
246.198	50.14	
246.413	17.78	
246.628	13.69	
246.843	19.01	
247.058	16.14	
247.273	34.17	
247.488	25.16	
247.703	61.61	
247.918	55.06	
248.133	89.05	
248.348	72.26	
248.563	129.6	
248.778	73.9	
248.993	134.52	
249.207	164.01	
249.422	191.04	
249.637	60.38	
249.852	70.21	
250.067	21.88	
250.282	-45.29	
250.496	-80.52	
250.711	21.06	
250.926	3.45	
251.141	47.27	
251.356	28.43	
251.57	90.69	
251.785	57.92	
252	45.23	
252.215	20.65	
252.43	70.21	
252.644	71.03	
252.859	94.79	
253.074	125.1	
253.288	100.93	
253.503	59.15	
253.718	83.32	
253.932	171.79	
254.147	224.22	
254.362	245.11	
254.576	247.16	
254.791	198	
255.006	111.17	
255.22	66.93	
255.435	69.8	
255.65	108.71	
255.864	143.53	
256.079	88.64	
256.293	115.27	
256.508	127.96	
256.723	213.57	
256.937	147.62	
257.152	150.49	
257.366	119.77	
257.581	97.24	
257.795	10.82	
258.01	129.19	
258.224	170.15	
258.439	182.44	
258.653	170.56	
258.868	188.99	
259.082	103.39	
259.297	69.39	
259.511	30.89	
259.726	3.04	
259.94	-55.94	
260.154	-89.94	
260.369	-66.59	
260.583	-42.43	
260.798	-55.53	
261.012	-9.66	
261.226	45.64	
261.441	80.04	
261.655	69.8	
261.869	147.62	
262.084	131.24	
262.298	114.86	
262.512	32.94	
262.727	25.57	
262.941	38.67	
263.155	6.31	
263.37	-11.71	
263.584	61.2	
263.798	78.4	
264.012	95.2	
264.227	111.58	
264.441	184.9	
264.655	115.68	
264.869	175.48	
265.084	113.63	
265.298	130.01	
265.512	35.81	
265.726	103.39	
265.94	55.47	
266.155	106.26	
266.369	120.18	
266.583	188.99	
266.797	188.99	
267.011	241.01	
267.225	257.4	
267.439	246.34	
267.654	214.39	
267.868	170.97	
268.082	55.06	
268.296	-74.38	
268.51	-138.27	
268.724	-110.42	
268.938	-158.34	
269.152	-97.72	
269.366	-35.87	
269.58	25.98	
269.794	-20.72	
270.008	100.52	
270.222	91.92	
270.436	86.19	
270.65	45.23	
270.864	79.63	
271.078	12.05	
271.292	22.29	
271.506	94.79	
271.72	148.44	
271.934	166.06	
272.148	157.05	
272.362	159.09	
272.575	156.23	
272.789	136.97	
273.003	108.3	
273.217	153.77	
273.431	111.99	
273.645	60.38	
273.859	107.07	
274.073	159.91	
274.286	121.41	
274.5	144.35	
274.714	123.05	
274.928	105.03	
275.142	65.3	
275.355	80.04	
275.569	113.63	
275.783	155.41	
275.997	102.98	
276.21	127.14	
276.424	174.25	
276.638	130.01	
276.852	140.25	
277.065	136.16	
277.279	125.1	
277.493	88.23	
277.706	164.83	
277.92	187.76	
278.134	155	
278.347	113.63	
278.561	84.55	
278.775	63.25	
278.988	29.25	
279.202	116.9	
279.415	185.31	
279.629	177.93	
279.843	161.96	
280.056	233.23	
280.27	232.82	
280.483	147.21	
280.697	176.3	
280.91	198	
281.124	213.57	
281.337	181.21	
281.551	270.5	
281.764	225.86	
281.978	201.69	
282.191	89.05	
282.405	107.07	
282.618	20.24	
282.832	49.32	
283.045	7.13	
283.259	55.06	
283.472	21.06	
283.686	52.6	
283.899	30.89	
284.112	27.2	
284.326	36.21	
284.539	85.37	
284.752	106.26	
284.966	137.79	
285.179	213.98	
285.393	217.26	
285.606	159.09	
285.819	190.22	
286.033	133.29	
286.246	182.44	
286.459	117.31	
286.672	169.74	
286.886	93.56	
287.099	183.67	
287.312	40.31	
287.525	38.26	
287.739	4.27	
287.952	57.51	
288.165	58.33	
288.378	129.6	
288.592	141.07	
288.805	142.3	
289.018	164.01	
289.231	116.9	
289.444	123.05	
289.657	82.09	
289.871	64.07	
290.084	-8.02	
290.297	69.8	
290.51	38.26	
290.723	41.13	
290.936	122.64	
291.149	129.19	
291.362	118.13	
291.575	105.85	
291.789	129.6	
292.002	68.98	
292.215	95.61	
292.428	-14.57	
292.641	21.06	
292.854	39.49	
293.067	15.74	
293.28	-14.98	
293.493	13.28	
293.706	-71.1	
293.919	-3.52	
294.132	-14.17	
294.345	3.86	
294.558	-5.97	
294.77	21.88	
294.983	-42.84	
295.196	23.93	
295.409	53.83	
295.622	148.03	
295.835	204.97	
296.048	244.29	
296.261	209.88	
296.474	214.39	
296.686	157.05	
296.899	169.74	
297.112	164.01	
297.325	165.65	
297.538	160.73	
297.751	172.61	
297.963	163.6	
298.176	136.16	
298.389	112.81	
298.602	89.46	
298.814	229.95	
299.027	203.74	
299.24	203.33	
299.453	273.78	
299.665	268.45	
299.878	104.62	
300.091	88.64	
300.303	84.14	
300.516	25.16	
300.729	23.93	
300.941	49.73	
301.154	7.54	
301.367	-3.11	
301.579	31.3	
301.792	69.8	
302.005	39.49	
302.217	68.98	
302.43	100.52	
302.642	49.32	
302.855	-6.38	
303.067	-3.93	
303.28	52.19	
303.493	-6.38	
303.705	91.92	
303.918	127.96	
304.13	188.17	
304.343	130.83	
304.555	196.37	
304.768	125.92	
304.98	157.05	
305.193	75.54	
305.405	128.37	
305.617	71.44	
305.83	104.62	
306.042	31.71	
306.255	58.74	
306.467	21.06	
306.68	4.27	
306.892	-40.38	
307.104	3.04	
307.317	-20.31	
307.529	23.93	
307.741	72.67	
307.954	120.18	
308.166	127.96	
308.378	169.74	
308.591	164.01	
308.803	182.44	
309.015	206.2	
309.228	217.66	
309.44	157.86	
309.652	127.14	
309.864	89.05	
310.077	3.86	
310.289	-41.61	
310.501	9.18	
310.713	7.13	
310.926	38.26	
311.138	16.55	
311.35	70.21	
311.562	22.29	
311.774	62.84	
311.986	43.18	
312.199	149.26	
312.411	42.36	
312.623	77.58	
312.835	20.65	
313.047	14.1	
313.259	-10.89	
313.471	51.78	
313.683	59.97	
313.895	66.52	
314.108	67.75	
314.32	30.48	
314.532	-17.44	
314.744	-24	
314.956	62.02	
315.168	69.39	
315.38	36.21	
315.592	115.27	
315.804	130.01	
316.016	157.86	
316.228	174.66	
316.44	229.95	
316.651	218.89	
316.863	208.24	
317.075	122.23	
317.287	40.72	
317.499	42.77	
317.711	20.24	
317.923	72.26	
318.135	17.78	
318.347	95.2	
318.559	143.53	
318.77	191.86	
318.982	126.74	
319.194	143.94	
319.406	127.55	
319.618	57.51	
319.83	-30.55	
320.041	-14.17	
320.253	21.47	
320.465	0.17	
320.677	-22.77	
320.888	-5.15	
321.1	1.4	
321.312	51.37	
321.524	55.47	
321.735	53.42	
321.947	15.74	
322.159	-15.8	
322.37	-89.94	
322.582	-75.6	
322.794	9.59	
323.005	93.56	
323.217	132.47	
323.429	95.61	
323.64	147.62	
323.852	78.81	
324.063	53.83	
324.275	74.31	
324.487	146.4	
324.698	68.57	
324.91	109.53	
325.121	79.22	
325.333	13.69	
325.544	-4.33	
325.756	58.74	
325.967	19.83	
326.179	84.96	
326.39	112.81	
326.602	124.69	
326.813	62.43	
327.025	83.73	
327.236	0.17	
327.448	-32.19	
327.659	-93.22	
327.871	-61.27	
328.082	-52.26	
328.293	5.9	
328.505	49.73	
328.716	82.91	
328.928	53.42	
329.139	62.84	
329.35	40.72	
329.562	62.02	
329.773	100.93	
329.984	117.31	
330.196	89.46	
330.407	139.84	
330.618	101.34	
330.83	50.55	
331.041	43.18	
331.252	44.82	
331.463	5.09	
331.675	53.83	
331.886	120.59	
332.097	147.21	
332.308	129.6	
332.52	141.89	
332.731	95.61	
332.942	65.3	
333.153	79.22	
333.364	76.76	
333.575	77.58	
333.787	128.37	
333.998	68.16	
334.209	95.2	
334.42	89.87	
334.631	63.66	
334.842	55.47	
335.053	136.16	
335.264	82.5	
335.475	104.62	
335.686	116.9	
335.898	101.75	
336.109	27.2	
336.32	33.76	
336.531	0.17	
336.742	6.31	
336.953	-28.91	
337.164	-16.62	
337.375	-53.9	
337.586	-41.61	
337.797	-100.59	
338.007	-45.29	
338.218	-56.76	
338.429	-5.15	
338.64	14.92	
338.851	70.62	
339.062	30.07	
339.273	98.47	
339.484	76.36	
339.695	12.05	
339.906	-1.47	
340.116	25.57	
340.327	9.59	
340.538	-3.93	
340.749	30.07	
340.96	55.47	
341.171	20.65	
341.381	1.81	
341.592	30.89	
341.803	32.53	
342.014	18.6	
342.224	49.32	
342.435	60.38	
342.646	11.64	
342.857	4.68	
343.067	-17.44	
343.278	-10.07	
343.489	-5.15	
343.699	25.57	
343.91	49.73	
344.121	36.21	
344.331	-32.19	
344.542	-70.69	
344.753	-14.98	
344.963	5.09	
345.174	62.02	
345.384	145.58	
345.595	213.16	
345.806	162.37	
346.016	139.02	
346.227	141.89	
346.437	139.43	
346.648	71.44	
346.858	91.92	
347.069	69.39	
347.279	73.08	
347.49	-9.25	
347.7	44.41	
347.911	-33.42	
348.121	-10.07	
348.332	-14.57	
348.542	-9.25	
348.753	-31.37	
348.963	64.07	
349.173	74.31	
349.384	100.52	
349.594	171.79	
349.805	211.93	
350.015	145.58	
350.225	137.38	
350.436	118.95	
350.646	122.23	
350.856	73.08	
351.067	100.93	
351.277	26.38	
351.487	-28.91	
351.698	-94.45	
351.908	-61.27	
352.118	-71.51	
352.328	-21.95	
352.539	55.47	
352.749	64.07	
352.959	53.83	
353.169	39.49	
353.38	56.29	
353.59	34.99	
353.8	74.72	
354.01	71.85	
354.22	85.37	
354.431	173.02	
354.641	139.43	
354.851	136.97	
355.061	120.59	
355.271	191.86	
355.481	111.58	
355.691	118.54	
355.901	84.14	
356.111	98.06	
356.321	50.55	
356.532	67.75	
356.742	39.08	
356.952	43.59	
357.162	19.42	
357.372	-1.88	
357.582	-50.21	
357.792	-60.04	
358.002	-77.24	
358.212	-0.65	
358.422	29.66	
358.632	44.41	
358.842	60.79	
359.051	137.79	
359.261	97.65	
359.471	79.22	
359.681	125.92	
359.891	121	
360.101	43.18	
360.311	3.45	
360.521	-2.7	
360.731	-5.15	
360.94	22.7	
361.15	82.5	
361.36	105.44	
361.57	121.82	
361.78	118.13	
361.989	119.77	
362.199	96.43	
362.409	136.57	
362.619	112.81	
362.828	225.86	
363.038	231.59	
363.248	252.89	
363.458	242.65	
363.667	294.67	
363.877	198	
364.087	191.04	
364.296	150.49	
364.506	186.13	
364.716	169.74	
364.925	160.32	
365.135	125.92	
365.345	142.71	
365.554	97.65	
365.764	170.15	
365.973	161.55	
366.183	264.36	
366.393	288.52	
366.602	302.45	
366.812	164.83	
367.021	213.57	
367.231	101.75	
367.44	75.54	
367.65	80.45	
367.859	143.53	
368.069	91.1	
368.278	200.05	
368.488	217.66	
368.697	155.82	
368.907	116.9	
369.116	237.33	
369.326	157.45	
369.535	151.31	
369.744	184.9	
369.954	208.65	
370.163	98.88	
370.373	130.42	
370.582	98.47	
370.791	81.27	
371.001	49.73	
371.21	34.99	
371.419	-2.7	
371.629	6.72	
371.838	11.64	
372.047	96.43	
372.256	89.46	
372.466	114.04	
372.675	52.6	
372.884	55.06	
373.093	-34.24	
373.303	42.77	
373.512	27.61	
373.721	84.96	
373.93	56.29	
374.139	154.59	
374.349	68.98	
374.558	113.63	
374.767	80.86	
374.976	91.1	
375.185	43.59	
375.394	16.55	
375.603	-10.07	
375.813	6.72	
376.022	2.63	
376.231	-42.02	
376.44	-22.36	
376.649	-12.94	
376.858	14.1	
377.067	6.72	
377.276	52.6	
377.485	98.88	
377.694	79.22	
377.903	77.17	
378.112	53.83	
378.321	67.34	
378.53	39.08	
378.739	59.15	
378.948	49.73	
379.157	82.91	
379.366	102.98	
379.575	99.7	
379.784	42.36	
379.992	30.89	
380.201	109.94	
380.41	73.9	
380.619	54.65	
380.828	82.91	
381.037	63.66	
381.246	-60.86	
381.454	-138.27	
381.663	-60.45	
381.872	-80.52	
382.081	-26.86	
382.29	48.09	
382.498	106.26	
382.707	103.39	
382.916	148.85	
383.125	78.4	
383.333	46.45	
383.542	40.72	
383.751	-4.33	
383.959	20.65	
384.168	42.77	
384.377	131.24	
384.585	118.13	
384.794	67.34	
385.003	24.34	
385.211	38.67	
385.42	-59.22	
385.628	-31.37	
385.837	12.05	
386.046	71.44	
386.254	132.06	
386.463	139.02	
386.671	183.67	
386.88	181.62	
387.088	152.13	
387.297	137.79	
387.505	161.55	
387.714	92.33	
387.922	79.22	
388.131	54.65	
388.339	31.3	
388.548	-15.8	
388.756	-29.73	
388.965	-37.51	
389.173	-78.47	
389.381	-62.91	
389.59	-9.25	
389.798	41.13	
390.007	66.93	
390.215	94.79	
390.423	145.99	
390.632	122.64	
390.84	171.79	
391.048	163.6	
391.257	155	
391.465	65.3	
391.673	93.97	
391.882	44	
392.09	2.63	
392.298	28.84	
392.506	21.06	
392.715	11.64	
392.923	52.6	
393.131	99.29	
393.339	86.59	
393.547	90.69	
393.756	107.48	
393.964	21.47	
394.172	19.01	
394.38	-8.84	
394.588	56.29	
394.796	-8.43	
395.005	0.99	
395.213	-41.61	
395.421	-8.43	
395.629	-93.63	
395.837	-95.26	
396.045	-91.58	
396.253	-49.8	
396.461	-78.47	
396.669	-24	
396.877	32.94	
397.085	82.5	
397.293	67.75	
397.501	88.64	
397.709	72.26	
397.917	62.84	
398.125	48.5	
398.333	76.36	
398.541	35.4	
398.749	39.08	
398.957	-19.49	
399.165	-86.25	
399.373	-85.84	
399.581	-55.12	
399.788	-35.05	
399.996	-33.42	
400.204	-3.93	
400.412	-37.1	
400.62	-71.92	
400.828	-90.35	
401.035	-53.49	
401.243	-6.79	
401.451	23.52	
401.659	32.94	
401.867	34.99	
402.074	46.45	
402.282	-21.54	
402.49	-75.19	
402.697	47.27	
402.905	35.81	
403.113	57.1	
403.321	40.31	
403.528	48.09	
403.736	-17.44	
403.944	-24.4	
404.151	-93.22	
404.359	-79.7	
404.566	-100.18	
404.774	-135.4	
404.982	-159.16	
405.189	-144.01	
405.397	-155.47	
405.604	-123.53	
405.812	-100.59	
406.02	-120.25	
406.227	-98.54	
406.435	-63.32	
406.642	-30.96	
406.85	-60.04	
407.057	13.69	
407.265	46.05	
407.472	79.22	
407.679	53.83	
407.887	34.99	
408.094	-10.07	
408.302	-95.67	
408.509	-112.47	
408.717	-95.26	
408.924	-68.23	
409.131	-37.92	
409.339	25.57	
409.546	42.36	
409.753	27.2	
409.961	81.27	
410.168	62.84	
410.375	68.16	
410.583	32.94	
410.79	47.68	
410.997	12.46	
411.205	7.54	
411.412	3.86	
411.619	26.38	
411.826	37.85	
412.034	107.48	
412.241	141.07	
412.448	128.37	
412.655	66.93	
412.862	53.42	
413.07	-50.21	
413.277	-98.95	
413.484	-123.94	
413.691	-62.5	
413.898	-103.46	
414.105	-130.08	
414.312	-141.55	
414.519	-137.04	
414.727	-166.94	
414.934	-133.36	
415.141	-73.56	
415.348	0.58	
415.555	-8.84	
415.762	-18.67	
415.969	-75.19	
416.176	-81.34	
416.383	-103.46	
416.59	-105.91	
416.797	-114.93	
417.004	-31.78	
417.211	-44.88	
417.418	-46.11	
417.625	-15.8	
417.831	10.82	
418.038	-8.84	
418.245	10	
418.452	-31.78	
418.659	-60.86	
418.866	-71.1	
419.073	-91.99	
419.28	-150.56	
419.486	-79.29	
419.693	-88.3	
419.9	-69.05	
420.107	-58.4	
420.314	7.95	
420.52	0.58	
420.727	90.69	
420.934	98.06	
421.141	81.68	
421.347	56.29	
421.554	14.51	
421.761	-96.08	
421.967	-85.43	
422.174	-33.01	
422.381	-36.28	
422.588	-57.58	
422.794	-43.25	
423.001	13.28	
423.207	-30.14	
423.414	-24.81	
423.621	-12.12	
423.827	20.65	
424.034	2.22	
424.24	24.34	
424.447	-7.61	
424.654	-44.07	
424.86	-44.88	
425.067	-135.4	
425.273	-152.61	
425.48	-62.09	
425.686	16.14	
425.893	42.77	
426.099	69.39	
426.306	91.92	
426.512	64.48	
426.718	94.79	
426.925	41.95	
427.131	7.54	
427.338	-19.49	
427.544	-43.66	
427.75	-128.85	
427.957	-121.89	
428.163	-67.82	
428.37	-61.68	
428.576	-48.98	
428.782	-38.33	
428.988	36.21	
429.195	-2.29	
429.401	-4.33	
429.607	-37.51	
429.814	50.96	
430.02	-2.29	
430.226	-1.88	
430.432	8.77	
430.639	34.58	
430.845	13.69	
431.051	53.42	
431.257	71.85	
431.463	66.12	
431.67	33.76	
431.876	-12.94	
432.082	-55.12	
432.288	9.59	
432.494	26.38	
432.7	79.22	
432.906	70.21	
433.112	89.46	
433.318	88.64	
433.525	91.92	
433.731	58.33	
433.937	132.88	
434.143	105.03	
434.349	75.95	
434.555	68.57	
434.761	84.14	
434.967	0.17	
435.173	20.24	
435.379	49.73	
435.585	83.73	
435.791	104.62	
435.996	177.12	
436.202	209.88	
436.408	145.17	
436.614	106.67	
436.82	108.71	
437.026	48.91	
437.232	43.18	
437.438	38.67	
437.644	-16.21	
437.849	-31.37	
438.055	-46.93	
438.261	-84.62	
438.467	-117.38	
438.673	-88.3	
438.878	-139.09	
439.084	-94.86	
439.29	-39.97	
439.496	10.82	
439.701	55.06	
439.907	62.84	
440.113	48.09	
440.318	-1.06	
440.524	-27.27	
440.73	-51.85	
440.935	-17.03	
441.141	-76.42	
441.347	-1.06	
441.552	-2.7	
441.758	33.35	
441.964	-15.8	
442.169	34.17	
442.375	-48.98	
442.58	8.77	
442.786	30.07	
442.991	56.29	
443.197	-4.33	
443.402	52.6	
443.608	55.47	
443.813	66.93	
444.019	100.52	
444.224	142.71	
444.43	77.99	
444.635	67.34	
444.841	4.27	
445.046	65.3	
445.252	44	
445.457	66.52	
445.662	21.47	
445.868	3.86	
446.073	-89.53	
446.278	-77.65	
446.484	-89.12	
446.689	-93.63	
446.894	-96.9	
447.1	-89.94	
447.305	-27.27	
447.51	5.9	
447.716	-0.65	
447.921	21.47	
448.126	66.52	
448.331	-12.94	
448.537	-34.64	
448.742	7.95	
448.947	-46.52	
449.152	-108.37	
449.357	-46.52	
449.563	5.5	
449.768	-13.35	
449.973	23.11	
450.178	59.56	
450.383	-17.44	
450.588	-76.83	
450.793	-98.13	
450.999	-26.45	
451.204	-53.08	
451.409	-33.42	
451.614	-27.68	
451.819	3.04	
452.024	-64.55	
452.229	-57.58	
452.434	13.28	
452.639	-10.07	
452.844	19.01	
453.049	-7.2	
453.254	-31.78	
453.459	-89.12	
453.664	-45.29	
453.869	-55.94	
454.074	5.09	
454.279	50.96	
454.483	22.29	
454.688	3.45	
454.893	33.35	
455.098	-1.06	
455.303	-50.62	
455.508	5.5	
455.713	-14.57	
455.917	-86.66	
456.122	-57.58	
456.327	-59.22	
456.532	-29.32	
456.737	-59.22	
456.941	-34.24	
457.146	-71.51	
457.351	-37.1	
457.555	-70.28	
457.76	0.58	
457.965	3.45	
458.17	28.43	
458.374	64.07	
458.579	80.45	
458.784	0.17	
458.988	-29.73	
459.193	-35.05	
459.397	-56.76	
459.602	-91.99	
459.807	24.75	
460.011	37.44	
460.216	41.95	
460.42	-21.13	
460.625	-54.31	
460.829	-98.54	
461.034	-110.01	
461.239	-139.09	
461.443	-96.9	
461.648	-51.03	
461.852	-87.89	
462.056	-17.44	
462.261	2.63	
462.465	82.91	
462.67	77.99	
462.874	94.38	
463.079	30.89	
463.283	25.57	
463.487	-30.96	
463.692	10.41	
463.896	-24.4	
464.1	-8.43	
464.305	-28.91	
464.509	-61.68	
464.713	-60.04	
464.918	9.59	
465.122	25.98	
465.326	10.41	
465.531	6.31	
465.735	-44.88	
465.939	-57.58	
466.143	-86.66	
466.348	-77.65	
466.552	-107.14	
466.756	-55.53	
466.96	-36.69	
467.164	7.95	
467.368	12.87	
467.573	82.5	
467.777	36.21	
467.981	-10.89	
468.185	-61.68	
468.389	-23.59	
468.593	-100.59	
468.797	-150.56	
469.001	-119.02	
469.205	-99.77	
469.409	-94.04	
469.613	-50.62	
469.817	-3.52	
470.021	13.69	
470.225	26.79	
470.429	-14.98	
470.633	-3.11	
470.837	24.75	
471.041	-13.76	
471.245	-72.33	
471.449	-31.37	
471.653	-38.74	
471.857	-5.15	
472.061	-55.94	
472.265	-26.04	
472.469	-22.36	
472.673	-41.2	
472.876	-78.47	
473.08	-38.33	
473.284	36.62	
473.488	15.33	
473.692	81.27	
473.895	99.7	
474.099	143.53	
474.303	66.52	
474.507	78.4	
474.71	40.72	
474.914	3.45	
475.118	-24.81	
475.322	18.19	
475.525	-38.33	
475.729	-11.3	
475.933	-4.33	
476.136	88.64	
476.34	93.97	
476.543	164.83	
476.747	158.27	
476.951	170.15	
477.154	66.52	
477.358	135.34	
477.561	88.23	
477.765	48.5	
477.969	26.79	
478.172	28.43	
478.376	-57.99	
478.579	-16.21	
478.783	-17.03	
478.986	-0.24	
479.19	10.41	
479.393	25.57	
479.596	31.3	
479.8	64.07	
480.003	52.6	
480.207	50.55	
480.41	30.89	
480.614	17.78	
480.817	-36.28	
481.02	41.54	
481.224	87.41	
481.427	102.16	
481.63	126.33	
481.834	179.16	
482.037	81.27	
482.24	41.95	
482.443	46.45	
482.647	-13.76	
482.85	-27.27	
483.053	37.85	
483.256	-33.42	
483.46	5.5	
483.663	19.01	
483.866	69.8	
484.069	37.44	
484.272	71.85	
484.476	26.79	
484.679	70.62	
484.882	75.13	
485.085	31.71	
485.288	55.88	
485.491	72.26	
485.694	-12.94	
485.897	-43.25	
486.101	-5.15	
486.304	40.72	
486.507	-24.81	
486.71	5.9	
486.913	-30.14	
487.116	-54.71	
487.319	-87.48	
487.522	-43.66	
487.725	46.05	
487.928	68.98	
488.13	82.09	
488.333	111.17	
488.536	95.61	
488.739	25.98	
488.942	51.78	
489.145	59.15	
489.348	32.94	
489.551	39.08	
489.754	59.56	
489.956	21.06	
490.159	15.74	
490.362	-22.77	
490.565	-53.49	
490.768	-96.49	
490.97	-37.1	
491.173	-37.1	
491.376	-26.86	
491.579	-24	
491.781	35.4	
491.984	-24.81	
492.187	-10.89	
492.39	-15.39	
492.592	16.55	
492.795	21.88	
492.998	-8.02	
493.2	-33.01	
493.403	-2.29	
493.605	53.83	
493.808	19.83	
494.011	19.83	
494.213	22.7	
494.416	39.49	
494.618	-48.57	
494.821	-72.33	
495.023	-4.33	
495.226	27.2	
495.428	-8.43	
495.631	38.67	
495.833	86.59	
496.036	46.05	
496.238	-13.35	
496.441	28.84	
496.643	-8.02	
496.846	-39.15	
497.048	-20.31	
497.25	54.24	
497.453	31.71	
497.655	131.24	
497.858	183.26	
498.06	190.22	
498.262	125.51	
498.465	143.12	
498.667	82.5	
498.869	64.89	
499.071	46.86	
499.274	104.21	
499.476	80.04	
499.678	33.35	
499.881	-21.95	
500.083	-31.78	
500.285	-91.99	
500.487	-73.15	
500.689	-60.45	
500.892	-87.07	
501.094	-112.06	
501.296	-40.38	
501.498	-71.1	
501.7	-83.8	
501.902	-36.69	
502.104	-5.15	
502.306	-55.94	
502.509	-31.37	
502.711	-46.93	
502.913	-36.28	
503.115	-63.32	
503.317	-47.75	
503.519	-98.54	
503.721	-36.69	
503.923	48.5	
504.125	78.4	
504.327	105.03	
504.529	154.18	
504.731	121.82	
504.933	75.54	
505.134	61.2	
505.336	51.37	
505.538	65.71	
505.74	44.82	
505.942	-23.59	
506.144	-27.27	
506.346	-59.63	
506.548	-30.14	
506.749	11.64	
506.951	53.42	
507.153	59.97	
507.355	49.73	
507.557	21.06	
507.758	10.41	
507.96	-27.68	
508.162	-3.11	
508.363	31.71	
508.565	30.07	
508.767	-33.42	
508.969	-3.93	
509.17	-6.38	
509.372	-24.4	
509.574	-96.49	
509.775	-37.1	
509.977	-65.36	
510.178	-44.48	
510.38	-28.09	
510.582	12.87	
510.783	-20.31	
510.985	0.99	
511.186	-50.21	
511.388	-17.03	
511.589	23.93	
511.791	0.58	
511.992	-17.03	
512.194	-6.79	
512.395	-98.54	
512.597	-94.04	
512.798	-32.6	
513	-14.98	
513.201	20.65	
513.403	120.18	
513.604	81.27	
513.805	68.16	
514.007	55.47	
514.208	-9.25	
514.409	-67.82	
514.611	-80.52	
514.812	-55.12	
515.013	-6.79	
515.215	29.25	
515.416	5.9	
515.617	-9.25	
515.819	-71.51	
516.02	-135.4	
516.221	-112.06	
516.422	-107.96	
516.623	-98.13	
516.825	-77.65	
517.026	-53.08	
517.227	-114.52	
517.428	-119.84	
517.629	-82.16	
517.83	-44.07	
518.032	-30.96	
518.233	10	
518.434	29.25	
518.635	48.91	
518.836	15.33	
519.037	11.23	
519.238	40.31	
519.439	55.06	
519.64	-4.33	
519.841	19.83	
520.042	0.99	
520.243	-32.19	
520.444	-48.16	
520.645	-43.66	
520.846	-60.04	
521.047	-17.03	
521.248	-55.94	
521.449	-15.8	
521.65	-8.84	
521.851	36.62	
522.052	-35.05	
522.252	41.95	
522.453	36.62	
522.654	15.33	
522.855	-25.63	
523.056	-11.3	
523.257	-58.4	
523.457	-67.41	
523.658	-31.78	
523.859	-32.6	
524.06	-47.75	
524.26	-66.18	
524.461	-84.21	
524.662	-76.83	
524.862	-112.88	
525.063	-38.74	
525.264	-7.2	
525.464	-11.3	
525.665	-5.15	
525.866	101.75	
526.066	32.53	
526.267	13.69	
526.468	4.68	
526.668	-18.67	
526.869	-81.75	
527.069	-64.14	
527.27	-30.14	
527.47	41.13	
527.671	28.43	
527.871	7.95	
528.072	41.13	
528.272	37.44	
528.473	32.12	
528.673	91.1	
528.874	101.34	
529.074	98.06	
529.275	87.41	
529.475	73.9	
529.675	6.72	
529.876	35.81	
530.076	-1.47	
530.277	-19.49	
530.477	-44.88	
530.677	-48.57	
530.878	-93.63	
531.078	-1.47	
531.278	-10.48	
531.478	-6.38	
531.679	4.68	
531.879	34.99	
532.079	-25.63	
532.28	5.09	
532.48	-21.13	
532.68	-11.3	
532.88	-8.02	
533.08	-13.76	
533.28	-32.19	
533.481	-21.13	
533.681	-29.73	
533.881	-40.79	
534.081	-42.02	
534.281	-8.84	
534.481	23.11	
534.681	69.8	
534.881	128.78	
535.081	107.48	
535.281	61.61	
535.481	93.15	
535.682	58.74	
535.882	-19.08	
536.082	-24.81	
536.281	5.9	
536.481	-12.53	
536.681	4.68	
536.881	3.86	
537.081	-5.56	
537.281	-34.64	
537.481	-111.24	
537.681	-131.31	
537.881	-157.52	
538.081	-89.12	
538.281	-64.14	
538.48	-69.46	
538.68	-49.8	
538.88	53.01	
539.08	67.34	
539.28	42.36	
539.479	123.87	
539.679	102.57	
539.879	6.72	
540.079	-25.63	
540.278	20.24	
540.478	-44.88	
540.678	-45.29	
540.877	21.47	
541.077	-35.05	
541.277	-46.93	
541.476	58.33	
541.676	62.84	
541.876	82.91	
542.075	139.02	
542.275	95.61	
542.474	18.19	
542.674	40.72	
542.874	-9.66	
543.073	-53.08	
543.273	-2.7	
543.472	19.83	
543.672	-10.07	
543.871	-44.07	
544.071	-6.38	
544.27	56.29	
544.47	23.52	
544.669	48.09	
544.868	80.04	
545.068	77.99	
545.267	-12.12	
545.467	73.08	
545.666	30.89	
545.865	61.61	
546.065	5.9	
546.264	10.82	
546.463	-42.84	
546.663	-14.57	
546.862	-33.83	
547.061	12.05	
547.261	-0.65	
547.46	27.2	
547.659	15.33	
547.858	99.7	
548.058	118.13	
548.257	170.97	
548.456	126.33	
548.655	152.13	
548.854	80.04	
549.053	135.34	
549.253	102.16	
549.452	116.5	
549.651	150.49	
549.85	195.14	
550.049	127.14	
550.248	113.63	
550.447	130.42	
550.646	123.87	
550.845	112.4	
551.044	95.61	
551.243	83.73	
551.442	71.03	
551.641	30.48	
551.84	55.06	
552.039	111.58	
552.238	147.21	
552.437	117.72	
552.636	117.72	
552.835	39.08	
553.034	39.08	
553.233	39.9	
553.432	63.66	
553.63	74.31	
553.829	95.61	
554.028	14.51	
554.227	22.7	
554.426	31.71	
554.625	41.54	
554.823	21.47	
555.022	84.14	
555.221	111.58	
555.42	100.52	
555.618	126.33	
555.817	134.52	
556.016	114.45	
556.214	93.56	
556.413	84.55	
556.612	49.32	
556.81	48.5	
557.009	28.84	
557.208	2.63	
557.406	23.52	
557.605	34.17	
557.803	8.36	
558.002	14.92	
558.201	-30.96	
558.399	-51.03	
558.598	-121.48	
558.796	-79.7	
558.995	-78.06	
559.193	-24.81	
559.392	-47.34	
559.59	39.49	
559.789	38.26	
559.987	114.86	
560.185	154.59	
560.384	155.41	
560.582	147.21	
560.781	194.73	
560.979	148.44	
561.177	60.38	
561.376	72.67	
561.574	106.26	
561.772	-44.07	
561.971	19.01	
562.169	70.62	
562.367	28.84	
562.566	-50.62	
562.764	7.13	
562.962	-78.88	
563.16	-111.24	
563.358	-57.58	
563.557	-10.89	
563.755	29.66	
563.953	30.48	
564.151	75.54	
564.349	121.82	
564.547	137.38	
564.746	104.21	
564.944	95.61	
565.142	67.34	
565.34	41.54	
565.538	-14.98	
565.736	15.33	
565.934	-13.76	
566.132	-10.48	
566.33	-15.39	
566.528	47.68	
566.726	14.51	
566.924	88.64	
567.122	73.9	
567.32	30.89	
567.518	5.9	
567.716	5.9	
567.914	-15.39	
568.112	-19.49	
568.31	19.42	
568.507	34.58	
568.705	-4.74	
568.903	-23.59	
569.101	19.83	
569.299	58.33	
569.497	55.47	
569.694	114.45	
569.892	116.5	
570.09	118.13	
570.288	44.82	
570.486	10	
570.683	41.54	
570.881	8.36	
571.079	-60.04	
571.276	-58.81	
571.474	-37.51	
571.672	-115.74	
571.869	-73.56	
572.067	-53.08	
572.265	-2.7	
572.462	28.84	
572.66	78.4	
572.857	93.97	
573.055	158.68	
573.253	111.99	
573.45	55.88	
573.648	74.72	
573.845	44.82	
574.043	23.52	
574.24	30.48	
574.438	-11.3	
574.635	-32.19	
574.832	-88.71	
575.03	-76.83	
575.227	14.51	
575.425	31.71	
575.622	-3.11	
575.82	48.5	
576.017	44.41	
576.214	-22.36	
576.412	34.99	
576.609	28.84	
576.806	0.99	
577.004	-24.81	
577.201	-28.5	
577.398	-11.3	
577.595	87.41	
577.793	156.23	
577.99	149.26	
578.187	100.93	
578.384	53.01	
578.582	-1.47	
578.779	5.9	
578.976	20.65	
579.173	121.82	
579.37	139.02	
579.567	157.86	
579.764	121.41	
579.962	119.36	
580.159	85.37	
580.356	115.27	
580.553	111.99	
580.75	129.19	
580.947	127.55	
581.144	160.32	
581.341	116.5	
581.538	136.16	
581.735	111.99	
581.932	110.35	
582.129	21.47	
582.326	23.93	
582.523	-20.72	
582.72	-31.37	
582.916	-54.31	
583.113	-42.84	
583.31	-49.8	
583.507	-60.04	
583.704	5.09	
583.901	80.86	
584.098	102.57	
584.294	151.31	
584.491	141.07	
584.688	107.89	
584.885	24.34	
585.082	123.87	
585.278	151.31	
585.475	190.22	
585.672	161.96	
585.868	191.86	
586.065	84.55	
586.262	2.63	
586.458	23.11	
586.655	78.4	
586.852	63.25	
587.048	53.42	
587.245	33.35	
587.442	77.99	
587.638	75.95	
587.835	147.62	
588.031	165.24	
588.228	195.14	
588.424	129.19	
588.621	125.1	
588.817	56.69	
589.014	108.71	
589.21	121.41	
589.407	91.1	
589.603	33.35	
589.8	93.15	
589.996	89.05	
590.192	61.61	
590.389	101.75	
590.585	122.64	
590.782	50.14	
590.978	89.05	
591.174	79.63	
591.371	80.45	
591.567	84.14	
591.763	88.23	
591.959	39.9	
592.156	73.49	
592.352	62.43	
592.548	87	
592.744	100.52	
592.941	58.33	
593.137	18.19	
593.333	-8.02	
593.529	21.88	
593.725	44.82	
593.922	40.72	
594.118	122.64	
594.314	84.96	
594.51	62.43	
594.706	14.92	
594.902	67.34	
595.098	19.83	
595.294	68.16	
595.49	4.68	
595.686	33.76	
595.882	-39.56	
596.078	23.93	
596.274	43.18	
596.47	105.85	
596.666	107.07	
596.862	130.01	
597.058	108.71	
597.254	129.6	
597.45	78.4	
597.646	108.71	
597.842	113.63	
598.037	139.84	
598.233	126.74	
598.429	179.98	
598.625	115.68	
598.821	91.92	
599.017	7.95	
599.212	45.64	
599.408	43.59	
599.604	72.26	
599.8	80.86	
599.995	49.73	
600.191	19.01	
600.387	-37.51	
600.582	-38.33	
600.778	-2.29	
600.974	45.23	
601.169	5.9	
601.365	49.32	
601.561	16.55	
601.756	-36.28	
601.952	-31.37	
602.147	-54.31	
602.343	-52.67	
602.538	5.9	
602.734	23.11	
602.93	42.77	
603.125	74.31	
603.321	87	
603.516	64.07	
603.711	64.07	
603.907	32.12	
604.102	23.11	
604.298	34.99	
604.493	27.2	
604.689	74.31	
604.884	80.04	
605.079	87	
605.275	32.53	
605.47	33.76	
605.665	30.07	
605.861	62.43	
606.056	57.1	
606.251	10.82	
606.447	15.74	
606.642	-16.62	
606.837	-64.55	
607.032	-4.33	
607.227	11.23	
607.423	21.06	
607.618	28.02	
607.813	35.81	
608.008	-30.14	
608.203	89.05	
608.398	121	
608.594	96.02	
608.789	89.87	
608.984	166.06	
609.179	120.59	
609.374	58.33	
609.569	77.99	
609.764	58.74	
609.959	5.09	
610.154	-25.22	
610.349	23.93	
610.544	10.82	
610.739	48.91	
610.934	64.89	
611.129	105.03	
611.324	109.94	
611.519	144.76	
611.714	168.92	
611.909	124.28	
612.103	145.17	
612.298	122.64	
612.493	142.3	
612.688	146.4	
612.883	198	
613.078	104.62	
613.272	166.06	
613.467	154.59	
613.662	166.06	
613.857	198.82	
614.051	263.13	
614.246	185.72	
614.441	132.06	
614.635	40.31	
614.83	-21.95	
615.025	-81.34	
615.219	-82.16	
615.414	-98.13	
615.609	-46.52	
615.803	-44.48	
615.998	25.16	
616.192	41.54	
616.387	93.15	
616.582	159.91	
616.776	205.38	
616.971	173.43	
617.165	163.19	
617.36	106.67	
617.554	55.47	
617.749	70.21	
617.943	73.49	
618.138	88.23	
618.332	123.87	
618.526	75.95	
618.721	20.24	
618.915	57.92	
619.11	48.5	
619.304	7.54	
619.498	25.16	
619.693	85.37	
619.887	23.52	
620.081	-16.62	
620.275	31.71	
620.47	50.96	
620.664	26.38	
620.858	21.88	
621.052	42.36	
621.247	58.74	
621.441	41.13	
621.635	21.06	
621.829	73.9	
622.023	90.28	
622.218	111.99	
622.412	104.21	
622.606	72.26	
622.8	55.88	
622.994	39.9	
623.188	-28.09	
623.382	-16.62	
623.576	8.77	
623.77	-41.61	
623.964	-8.02	
624.158	6.72	
624.352	-39.56	
624.546	-41.2	
624.74	7.95	
624.934	-27.27	
625.128	23.11	
625.322	70.21	
625.516	83.73	
625.71	49.32	
625.904	26.38	
626.098	20.65	
626.291	50.96	
626.485	21.47	
626.679	16.55	
626.873	108.71	
627.067	70.21	
627.26	65.3	
627.454	101.34	
627.648	162.37	
627.842	100.52	
628.035	106.67	
628.229	93.56	
628.423	42.36	
628.617	-10.89	
628.81	-7.61	
629.004	-25.63	
629.198	-19.9	
629.391	-0.65	
629.585	68.57	
629.778	55.88	
629.972	118.54	
630.166	106.26	
630.359	84.55	
630.553	23.11	
630.746	77.58	
630.94	70.62	
631.133	22.7	
631.327	46.86	
631.52	45.23	
631.714	-3.93	
631.907	-53.49	
632.1	20.65	
632.294	65.3	
632.487	87	
632.681	123.46	
632.874	157.05	
633.067	188.99	
633.261	123.87	
633.454	116.5	
633.647	110.76	
633.841	68.16	
634.034	36.62	
634.227	37.85	
634.421	-2.29	
634.614	-7.2	
634.807	-15.39	
635	-82.57	
635.193	-19.08	
635.387	-15.8	
635.58	-40.38	
635.773	2.22	
635.966	57.51	
636.159	37.85	
636.352	5.09	
636.545	-4.33	
636.739	-55.53	
636.932	-67	
637.125	-105.5	
637.318	-74.38	
637.511	-17.03	
637.704	1.81	
637.897	15.33	
638.09	20.65	
638.283	50.55	
638.476	30.07	
638.669	35.81	
638.862	52.6	
639.055	27.61	
639.247	49.32	
639.44	9.18	
639.633	62.43	
639.826	5.9	
640.019	52.19	
640.212	30.07	
640.405	64.48	
640.597	12.87	
640.79	55.47	
640.983	42.77	
641.176	7.13	
641.368	43.59	
641.561	83.32	
641.754	19.83	
641.947	65.3	
642.139	120.18	
642.332	48.5	
642.525	54.65	
642.717	115.27	
642.91	28.84	
643.103	-2.7	
643.295	4.27	
643.488	-17.03	
643.68	-79.7	
643.873	-51.85	
644.065	-32.19	
644.258	-17.03	
644.45	-54.71	
644.643	-26.45	
644.835	-31.37	
645.028	-73.15	
645.22	-92.81	
645.413	-93.63	
645.605	-90.76	
645.798	-94.04	
645.99	-13.76	
646.182	14.92	
646.375	47.27	
646.567	50.96	
646.76	34.58	
646.952	-19.08	
647.144	-46.93	
647.337	-81.34	
647.529	-42.84	
647.721	8.36	
647.913	10.82	
648.106	-3.93	
648.298	-23.18	
648.49	-73.15	
648.682	-134.18	
648.874	-114.11	
649.067	-82.57	
649.259	-60.04	
649.451	-56.35	
649.643	-10.07	
649.835	12.87	
650.027	22.29	
650.219	4.68	
650.411	21.88	
650.603	1.81	
650.796	3.45	
650.988	-16.62	
651.18	50.14	
651.372	69.8	
651.564	60.38	
651.756	-10.48	
651.948	34.17	
652.139	-19.9	
652.331	-48.98	
652.523	-22.77	
652.715	15.74	
652.907	-11.71	
653.099	19.42	
653.291	21.88	
653.483	4.68	
653.674	37.03	
653.866	40.72	
654.058	0.99	
654.25	6.72	
654.442	7.13	
654.633	-69.05	
654.825	-87.89	
655.017	-49.8	
655.209	-77.65	
655.4	-44.48	
655.592	-69.46	
655.784	-17.03	
655.975	-36.69	
656.167	-6.79	
656.359	-39.97	
656.55	7.54	
656.742	-67	
656.933	-8.02	
657.125	-26.86	
657.316	-12.12	
657.508	-30.14	
657.7	54.65	
657.891	-21.13	
658.083	12.87	
658.274	31.71	
658.466	60.38	
658.657	41.13	
658.848	13.28	
659.04	6.31	
659.231	-27.68	
659.423	-31.78	
659.614	-81.75	
659.805	33.35	
659.997	93.56	
660.188	104.21	
660.379	118.13	
660.571	131.65	
660.762	56.69	
660.953	-20.72	
661.145	-14.57	
661.336	-60.86	
661.527	109.94	
661.718	144.76	
661.909	133.7	
662.101	139.02	
662.292	163.6	
662.483	-24	
662.674	-70.28	
662.865	-55.53	
663.056	-89.94	
663.247	-127.62	
663.439	-86.25	
663.63	-48.57	
663.821	-70.28	
664.012	-29.73	
664.203	73.49	
664.394	77.58	
664.585	80.04	
664.776	75.54	
664.967	77.99	
665.158	23.93	
665.349	62.84	
665.54	55.47	
665.73	109.12	
665.921	36.21	
666.112	17.78	
666.303	-59.63	
666.494	39.9	
666.685	-1.06	
666.876	74.31	
667.066	76.36	
667.257	125.51	
667.448	-0.24	
667.639	1.81	
667.83	-35.87	
668.02	3.86	
668.211	-50.62	
668.402	17.78	
668.592	-21.54	
668.783	-24	
668.974	-41.61	
669.164	-4.74	
669.355	-28.91	
669.546	48.91	
669.736	63.25	
669.927	34.99	
670.117	-21.54	
670.308	-30.14	
670.499	-94.45	
670.689	-94.86	
670.88	-114.11	
671.07	-48.16	
671.261	-67	
671.451	14.51	
671.641	-39.97	
671.832	12.46	
672.022	2.22	
672.213	0.17	
672.403	-52.67	
672.594	56.69	
672.784	68.98	
672.974	62.84	
673.165	24.75	
673.355	31.71	
673.545	35.81	
673.736	60.38	
673.926	4.68	
674.116	75.13	
674.306	23.52	
674.497	-50.21	
674.687	-115.74	
674.877	-105.91	
675.067	-121.89	
675.257	-67	
675.448	-62.5	
675.638	-19.9	
675.828	-33.83	
676.018	-1.47	
676.208	-28.5	
676.398	24.34	
676.588	-5.15	
676.778	10.82	
676.968	-26.04	
677.158	15.33	
677.348	-74.78	
677.538	-90.35	
677.728	-48.16	
677.918	-62.09	
678.108	-96.9	
678.298	-49.8	
678.488	-70.28	
678.678	-59.22	
678.868	-46.52	
679.058	-54.31	
679.248	-55.12	
679.438	-24	
679.627	-30.55	
679.817	-46.52	
680.007	-33.01	
680.197	-35.05	
680.387	-38.33	
680.576	-37.1	
680.766	-45.7	
680.956	-51.44	
681.146	9.59	
681.335	3.86	
681.525	-51.85	
681.715	-1.06	
681.904	36.62	
682.094	-1.88	
682.284	4.27	
682.473	50.96	
682.663	82.09	
682.852	56.69	
683.042	68.57	
683.231	71.85	
683.421	71.03	
683.61	19.01	
683.8	5.9	
683.989	-21.54	
684.179	4.27	
684.368	-38.74	
684.558	-65.36	
684.747	-56.76	
684.937	-73.56	
685.126	-72.33	
685.316	-59.63	
685.505	-73.15	
685.694	-15.39	
685.884	62.02	
686.073	8.36	
686.262	20.24	
686.452	61.61	
686.641	47.27	
686.83	5.09	
687.019	33.76	
687.209	52.6	
687.398	56.69	
687.587	11.64	
687.776	-11.71	
687.965	-45.7	
688.155	-71.1	
688.344	-119.02	
688.533	-104.69	
688.722	-117.79	
688.911	-4.74	
689.1	48.09	
689.289	122.64	
689.478	107.48	
689.667	130.83	
689.856	-23.18	
690.045	-64.95	
690.234	-145.64	
690.423	-85.43	
690.612	-112.06	
690.801	-16.62	
690.99	-29.73	
691.179	41.95	
691.368	-1.06	
691.557	88.64	
691.746	56.29	
691.935	73.9	
692.124	23.52	
692.312	13.28	
692.501	-82.57	
692.69	-64.14	
692.879	-84.21	
693.068	-66.59	
693.256	-69.87	
693.445	-0.24	
693.634	-46.11	
693.823	-51.44	
694.011	-58.4	
694.2	-51.44	
694.389	-116.56	
694.577	-104.28	
694.766	-88.71	
694.955	-82.98	
695.143	-96.08	
695.332	-54.31	
695.52	-35.87	
695.709	-3.11	
695.897	-10.89	
696.086	-19.08	
696.275	-66.59	
696.463	-65.36	
696.652	-91.58	
696.84	-62.09	
697.028	-46.52	
697.217	-27.27	
697.405	9.18	
697.594	40.31	
697.782	14.51	
697.971	19.83	
698.159	47.68	
698.347	55.88	
698.536	51.37	
698.724	109.12	
698.912	115.68	
699.1	107.89	
699.289	120.59	
699.477	96.43	
699.665	46.86	
699.854	9.59	
700.042	12.05	
700.23	-13.35	
700.418	-10.48	
700.606	-2.7	
700.794	22.29	
700.983	39.08	
701.171	29.66	
701.359	4.27	
701.547	22.29	
701.735	50.55	
701.923	3.45	
702.111	-31.78	
702.299	-44.48	
702.487	-46.93	
702.675	-103.87	
702.863	-96.08	
703.051	-88.3	
703.239	-24.4	
703.427	-66.59	
703.615	-43.25	
703.803	-62.09	
703.991	-21.13	
704.179	-39.56	
704.367	34.17	
704.554	64.48	
704.742	95.61	
704.93	150.9	
705.118	184.49	
705.306	104.62	
705.493	82.09	
705.681	59.15	
705.869	36.21	
706.057	-16.62	
706.244	-8.02	
706.432	-4.74	
706.62	32.94	
706.807	-56.76	
706.995	-12.12	
707.183	-42.43	
707.37	-19.08	
707.558	-4.74	
707.746	95.2	
707.933	69.8	
708.121	172.2	
708.308	148.85	
708.496	130.83	
708.683	49.73	
708.871	122.23	
709.058	44.41	
709.246	34.99	
709.433	-17.03	
709.621	3.45	
709.808	-92.81	
709.995	-19.08	
710.183	-2.7	
710.37	33.76	
710.558	22.29	
710.745	22.7	
710.932	-18.26	
711.12	-19.08	
711.307	-25.22	
711.494	10	
711.681	46.45	
711.869	-8.02	
712.056	12.87	
712.243	12.05	
712.43	-80.93	
712.618	-42.84	
712.805	-42.84	
712.992	-71.92	
713.179	-84.21	
713.366	-29.32	
713.553	-32.6	
713.74	-1.47	
713.928	-46.11	
714.115	2.63	
714.302	-21.13	
714.489	-37.51	
714.676	-58.81	
714.863	29.25	
715.05	-1.88	
715.237	-22.36	
715.424	-107.14	
715.611	-33.01	
715.798	-54.31	
715.984	-37.51	
716.171	28.84	
716.358	90.28	
716.545	55.88	
716.732	45.64	
716.919	-17.44	
717.106	-46.52	
717.293	-50.62	
717.479	-5.97	
717.666	-70.28	
717.853	-30.55	
718.04	6.72	
718.226	12.46	
718.413	-85.02	
718.6	-13.35	
718.786	-14.57	
718.973	0.17	
719.16	-56.35	
719.346	-1.06	
719.533	-24	
719.72	4.68	
719.906	-68.64	
720.093	11.23	
720.279	-46.11	
720.466	-40.38	
720.652	-6.38	
720.839	44.41	
721.025	34.58	
721.212	86.59	
721.398	73.9	
721.585	66.12	
721.771	21.88	
721.958	-21.13	
722.144	-2.29	
722.331	-67	
722.517	-137.04	
722.703	-93.63	
722.89	-114.93	
723.076	-118.2	
723.262	-18.26	
723.449	-31.78	
723.635	-98.54	
723.821	-83.39	
724.007	-121.07	
724.194	-160.39	
724.38	-146.46	
724.566	-112.88	
724.752	-104.69	
724.938	-65.77	
725.125	-8.84	
725.311	39.9	
725.497	49.32	
725.683	45.23	
725.869	-11.3	
726.055	-39.15	
726.241	-69.87	
726.427	-70.69	
726.613	-68.23	
726.799	34.58	
726.985	-37.1	
727.171	4.68	
727.357	47.27	
727.543	103.8	
727.729	39.49	
727.915	108.71	
728.101	97.65	
728.287	77.99	
728.473	25.98	
728.659	20.65	
728.845	-16.21	
729.03	-53.08	
729.216	-45.7	
729.402	-70.69	
729.588	-74.38	
729.774	-64.95	
729.959	-82.98	
730.145	-60.45	
730.331	-1.47	
730.517	-5.97	
730.702	32.12	
730.888	70.62	
731.074	-21.54	
731.259	-24.4	
731.445	33.35	
731.63	-0.65	
731.816	-30.55	
732.002	77.17	
732.187	111.99	
732.373	67.34	
732.558	111.58	
732.744	170.15	
732.929	127.14	
733.115	23.11	
733.3	-44.88	
733.486	-72.33	
733.671	-150.56	
733.857	-173.91	
734.042	-120.25	
734.227	-76.42	
734.413	-35.87	
734.598	41.13	
734.784	16.96	
734.969	-4.33	
735.154	30.89	
735.339	8.77	
735.525	22.7	
735.71	76.36	
735.895	66.93	
736.081	48.91	
736.266	50.14	
736.451	-1.88	
736.636	23.11	
736.821	39.9	
737.007	19.01	
737.192	3.86	
737.377	-17.03	
737.562	-100.18	
737.747	-90.76	
737.932	-63.73	
738.117	-112.88	
738.302	-53.9	
738.487	-16.62	
738.672	-55.12	
738.857	-43.25	
739.042	18.19	
739.227	39.49	
739.412	17.37	
739.597	30.48	
739.782	62.43	
739.967	1.4	
740.152	-14.57	
740.337	10.82	
740.522	40.31	
740.706	23.93	
740.891	123.87	
741.076	132.06	
741.261	156.64	
741.446	156.64	
741.63	129.6	
741.815	93.56	
742	20.65	
742.185	-9.25	
742.369	-1.06	
742.554	-22.36	
742.739	-28.09	
742.923	-1.06	
743.108	20.24	
743.293	28.84	
743.477	33.76	
743.662	46.05	
743.846	49.32	
744.031	54.24	
744.216	30.07	
744.4	98.47	
744.585	83.32	
744.769	110.35	
744.954	92.74	
745.138	76.76	
745.322	53.42	
745.507	10.82	
745.691	-4.74	
745.876	-14.17	
746.06	18.19	
746.244	15.33	
746.429	67.75	
746.613	34.58	
746.798	48.09	
746.982	22.7	
747.166	10.82	
747.35	-56.76	
747.535	-27.27	
747.719	-16.62	
747.903	39.49	
748.087	20.65	
748.272	49.32	
748.456	70.62	
748.64	30.48	
748.824	21.47	
749.008	39.08	
749.192	24.34	
749.376	-9.25	
749.56	-9.66	
749.745	-54.71	
749.929	-28.5	
750.113	16.55	
750.297	-23.59	
750.481	35.4	
750.665	68.16	
750.849	43.59	
751.033	29.25	
751.217	18.6	
751.4	-21.54	
751.584	-47.34	
751.768	-30.55	
751.952	-49.39	
752.136	-12.12	
752.32	-44.48	
752.504	-29.73	
752.688	-45.29	
752.871	-45.29	
753.055	-28.91	
753.239	-17.44	
753.423	9.59	
753.606	-24.4	
753.79	29.25	
753.974	12.87	
754.157	19.01	
754.341	-37.51	
754.525	-34.24	
754.708	-54.31	
754.892	-39.56	
755.076	3.04	
755.259	29.25	
755.443	16.14	
755.626	3.45	
755.81	24.34	
755.993	7.54	
756.177	-32.19	
756.36	18.19	
756.544	-12.94	
756.727	-44.88	
756.911	-30.96	
757.094	7.95	
757.278	-37.1	
757.461	-31.37	
757.644	-27.27	
757.828	-83.39	
758.011	-70.69	
758.195	-35.87	
758.378	-6.38	
758.561	-25.22	
758.744	-24.4	
758.928	13.28	
759.111	9.18	
759.294	28.02	
759.477	53.42	
759.661	85.78	
759.844	68.16	
760.027	44.41	
760.21	16.14	
760.393	29.25	
760.576	29.25	
760.76	-16.62	
760.943	-44.88	
761.126	16.96	
761.309	51.78	
761.492	52.19	
761.675	37.03	
761.858	80.45	
762.041	-3.93	
762.224	-85.84	
762.407	-108.37	
762.59	-73.97	
762.773	-137.86	
762.956	-141.55	
763.139	-142.78	
763.321	-105.91	
763.504	-145.24	
763.687	-82.16	
763.87	-28.09	
764.053	6.72	
764.236	35.4	
764.418	68.98	
764.601	42.77	
764.784	42.36	
764.967	74.31	
765.149	37.85	
765.332	48.09	
765.515	93.97	
765.697	37.85	
765.88	4.68	
766.063	3.04	
766.245	-16.21	
766.428	-67	
766.611	-51.85	
766.793	-29.32	
766.976	14.92	
767.158	-35.46	
767.341	45.23	
767.523	53.83	
767.706	72.67	
767.888	15.33	
768.071	155.41	
768.253	79.22	
768.436	102.16	
768.618	107.07	
768.8	173.02	
768.983	110.76	
769.165	134.11	
769.348	71.85	
769.53	19.83	
769.712	-64.14	
769.895	-102.23	
770.077	-89.53	
770.259	-59.63	
770.441	-69.46	
770.624	-5.15	
770.806	35.81	
770.988	1.4	
771.17	6.72	
771.352	69.39	
771.535	86.19	
771.717	73.08	
771.899	96.02	
772.081	155.82	
772.263	96.02	
772.445	52.6	
772.627	5.5	
772.809	-19.08	
772.991	-55.94	
773.173	1.4	
773.355	-4.74	
773.537	16.55	
773.719	-3.93	
773.901	36.62	
774.083	-21.95	
774.265	-67	
774.447	-82.16	
774.629	-42.43	
774.811	-79.29	
774.992	-37.92	
775.174	-29.73	
775.356	25.57	
775.538	-8.84	
775.72	-63.73	
775.901	-75.19	
776.083	-40.79	
776.265	-86.66	
776.447	-31.78	
776.628	35.4	
776.81	16.14	
776.992	80.86	
777.173	120.59	
777.355	105.44	
777.537	114.45	
777.718	121.41	
777.9	74.31	
778.081	59.56	
778.263	99.29	
778.444	71.85	
778.626	54.65	
778.807	2.22	
778.989	-30.14	
779.17	-121.89	
779.352	-196.84	
779.533	-216.5	
779.715	-152.61	
779.896	-197.25	
780.078	-98.95	
780.259	-23.59	
780.44	-9.25	
780.622	-38.74	
780.803	95.2	
780.984	46.86	
781.166	8.77	
781.347	32.12	
781.528	57.92	
781.709	-27.68	
781.891	-6.38	
782.072	14.51	
782.253	14.92	
782.434	-12.12	
782.615	6.31	
782.796	6.72	
782.978	61.61	
783.159	98.47	
783.34	139.84	
783.521	133.7	
783.702	125.92	
783.883	102.57	
784.064	93.56	
784.245	27.2	
784.426	96.02	
784.607	59.56	
784.788	74.72	
784.969	22.29	
785.15	65.3	
785.331	-64.14	
785.512	-2.7	
785.692	-39.15	
785.873	-16.21	
786.054	-50.21	
786.235	-0.65	
786.416	-8.02	
786.597	14.1	
786.777	-10.48	
786.958	1.81	
787.139	10.82	
787.32	16.96	
787.5	35.81	
787.681	12.87	
787.862	37.44	
788.042	51.37	
788.223	34.17	
788.404	-47.75	
788.584	8.36	
788.765	46.45	
788.946	40.72	
789.126	33.76	
789.307	123.87	
789.487	150.08	
789.668	71.03	
789.848	63.25	
790.029	-3.93	
790.209	-55.94	
790.39	-120.66	
790.57	-140.32	
790.75	-85.02	
790.931	-24.81	
791.111	-41.61	
791.292	19.42	
791.472	34.17	
791.652	7.54	
791.833	7.95	
792.013	18.19	
792.193	-38.33	
792.373	29.25	
792.554	7.54	
792.734	9.18	
792.914	-29.73	
793.094	33.76	
793.275	11.23	
793.455	3.86	
793.635	12.87	
793.815	76.76	
793.995	30.48	
794.175	23.52	
794.355	96.43	
794.535	120.18	
794.715	97.24	
794.896	100.11	
795.076	73.9	
795.256	76.76	
795.436	21.88	
795.616	68.16	
795.795	79.63	
795.975	94.38	
796.155	91.1	
796.335	114.86	
796.515	116.9	
796.695	181.62	
796.875	209.88	
797.055	177.12	
797.234	180.39	
797.414	162.37	
797.594	85.37	
797.774	69.39	
797.954	14.92	
798.133	17.78	
798.313	-32.6	
798.493	4.68	
798.672	-28.91	
798.852	-10.89	
799.032	-49.39	
799.211	-26.86	
799.391	-54.71	
799.571	-44.48	
799.75	-48.57	
799.93	12.87	
800.109	13.28	
800.289	19.01	
800.468	-1.06	
800.648	9.18	
800.827	-19.08	
801.007	-3.52	
801.186	-54.71	
801.366	-18.67	
801.545	8.36	
801.725	62.43	
801.904	0.58	
802.083	69.39	
802.263	65.3	
802.442	104.21	
802.621	28.02	
802.801	130.42	
802.98	138.61	
803.159	95.2	
803.338	25.98	
803.518	75.54	
803.697	-8.84	
803.876	-5.15	
804.055	37.44	
804.235	69.39	
804.414	20.65	
804.593	37.44	
804.772	-9.25	
804.951	-17.44	
805.13	-106.73	
805.309	-46.11	
805.488	-20.31	
805.667	31.71	
805.846	66.12	
806.025	152.54	
806.204	154.59	
806.383	116.9	
806.562	78.4	
806.741	45.23	
806.92	54.65	
807.099	22.29	
807.278	-6.79	
807.457	-31.78	
807.636	0.99	
807.814	-22.36	
807.993	-28.91	
808.172	35.81	
808.351	75.95	
808.53	75.54	
808.708	54.24	
808.887	46.05	
809.066	100.52	
809.244	61.61	
809.423	30.07	
809.602	42.77	
809.78	87.41	
809.959	10.41	
810.138	48.5	
810.316	53.42	
810.495	68.57	
810.673	1.81	
810.852	29.66	
811.03	47.68	
811.209	59.97	
811.388	55.88	
811.566	86.19	
811.744	87	
811.923	70.21	
812.101	62.84	
812.28	134.52	
812.458	164.01	
812.637	127.14	
812.815	127.96	
812.993	165.24	
813.172	132.47	
813.35	63.66	
813.528	114.86	
813.706	90.28	
813.885	55.06	
814.063	-14.57	
814.241	69.39	
814.419	73.08	
814.598	107.89	
814.776	109.12	
814.954	111.17	
815.132	77.99	
815.31	66.93	
815.488	-31.78	
815.666	-71.51	
815.844	-87.48	
816.022	-121.89	
816.201	-171.04	
816.379	-70.28	
816.557	-30.14	
816.735	12.87	
816.913	8.77	
817.09	59.97	
817.268	3.45	
817.446	-31.78	
817.624	-55.94	
817.802	55.06	
817.98	17.78	
818.158	47.27	
818.336	29.66	
818.514	58.74	
818.691	-10.48	
818.869	34.99	
819.047	62.02	
819.225	91.92	
819.402	73.9	
819.58	116.09	
819.758	116.09	
819.935	64.48	
820.113	71.44	
820.291	74.31	
820.468	17.78	
820.646	23.11	
820.824	75.54	
821.001	155.82	
821.179	192.27	
821.356	207.83	
821.534	155	
821.711	94.79	
821.889	84.14	
822.066	49.73	
822.244	30.89	
822.421	94.79	
822.599	141.89	
822.776	56.29	
822.953	19.42	
823.131	-13.35	
823.308	-58.81	
823.486	-64.55	
823.663	-49.39	
823.84	-6.38	
824.017	-24.81	
824.195	-21.54	
824.372	5.09	
824.549	24.34	
824.726	31.3	
824.904	50.14	
825.081	40.31	
825.258	-0.24	
825.435	-17.03	
825.612	-23.18	
825.789	-65.77	
825.967	-15.8	
826.144	26.79	
826.321	63.25	
826.498	53.42	
826.675	120.18	
826.852	39.08	
827.029	10	
827.206	-9.66	
827.383	-43.25	
827.56	-1.06	
827.737	31.71	
827.914	59.15	
828.09	47.68	
828.267	68.57	
828.444	46.05	
828.621	23.52	
828.798	73.9	
828.975	29.66	
829.151	27.2	
829.328	18.19	
829.505	108.71	
829.682	19.01	
829.858	32.94	
830.035	74.31	
830.212	64.07	
830.389	-1.06	
830.565	-42.84	
830.742	21.47	
830.918	-5.15	
831.095	-2.7	
831.272	20.24	
831.448	41.54	
831.625	57.92	
831.801	75.13	
831.978	94.79	
832.154	35.81	
832.331	76.76	
832.507	-10.07	
832.684	30.48	
832.86	44	
833.037	186.54	
833.213	149.26	
833.389	207.02	
833.566	114.04	
833.742	35.4	
833.918	-75.6	
834.095	-112.06	
834.271	-171.04	
834.447	-105.09	
834.624	-55.94	
834.8	-48.98	
834.976	23.52	
835.152	49.73	
835.328	36.62	
835.505	53.01	
835.681	50.55	
835.857	-17.03	
836.033	37.03	
836.209	114.86	
836.385	111.58	
836.561	134.52	
836.737	197.59	
836.913	114.04	
837.089	45.64	
837.265	56.69	
837.441	70.62	
837.617	50.96	
837.793	78.4	
837.969	83.32	
838.145	48.91	
838.321	22.29	
838.497	8.77	
838.673	40.72	
838.849	-24	
839.025	38.26	
839.2	65.3	
839.376	119.77	
839.552	81.27	
839.728	145.17	
839.903	89.46	
840.079	114.86	
840.255	49.32	
840.431	156.64	
840.606	81.27	
840.782	155	
840.958	58.33	
841.133	70.21	
841.309	3.86	
841.484	67.75	
841.66	-34.24	
841.835	-32.6	
842.011	-48.16	
842.186	-9.25	
842.362	-59.63	
842.537	3.45	
842.713	31.3	
842.888	79.22	
843.064	-7.2	
843.239	21.06	
843.415	-7.2	
843.59	36.62	
843.765	24.34	
843.941	64.07	
844.116	128.78	
844.291	110.35	
844.467	78.81	
844.642	116.9	
844.817	156.23	
844.992	87.82	
845.168	83.32	
845.343	102.16	
845.518	77.58	
845.693	50.96	
845.868	46.86	
846.043	44.82	
846.219	10.82	
846.394	32.94	
846.569	26.38	
846.744	14.92	
846.919	29.66	
847.094	128.78	
847.269	107.89	
847.444	93.15	
847.619	153.36	
847.794	235.28	
847.969	186.95	
848.144	191.45	
848.319	182.03	
848.494	162.78	
848.668	108.3	
848.843	111.17	
849.018	96.43	
849.193	99.7	
849.368	109.12	
849.542	152.13	
849.717	135.75	
849.892	136.97	
850.067	151.72	
850.241	173.43	
850.416	99.29	
850.591	119.36	
850.765	111.17	
850.94	144.76	
851.115	67.75	
851.289	132.47	
851.464	82.5	
851.639	91.92	
851.813	51.37	
851.988	142.3	
852.162	70.62	
852.337	88.64	
852.511	100.93	
852.686	167.28	
852.86	123.05	
853.035	165.65	
853.209	154.18	
853.383	174.66	
853.558	74.31	
853.732	85.78	
853.906	31.3	
854.081	36.21	
854.255	-25.63	
854.429	22.29	
854.604	4.27	
854.778	66.93	
854.952	71.85	
855.126	117.72	
855.301	109.12	
855.475	95.2	
855.649	71.44	
855.823	57.1	
855.997	28.84	
856.171	42.36	
856.345	40.31	
856.52	43.18	
856.694	84.14	
856.868	138.2	
857.042	114.45	
857.216	171.79	
857.39	151.72	
857.564	112.4	
857.738	40.31	
857.912	60.38	
858.085	29.66	
858.259	66.12	
858.433	73.49	
858.607	52.19	
858.781	35.4	
858.955	7.54	
859.129	-12.53	
859.302	1.81	
859.476	13.28	
859.65	101.75	
859.824	79.22	
859.997	73.9	
860.171	91.51	
860.345	130.83	
860.519	64.07	
860.692	70.21	
860.866	115.27	
861.039	117.31	
861.213	116.5	
861.387	104.21	
861.56	114.04	
861.734	132.47	
861.907	95.2	
862.081	95.61	
862.254	130.42	
862.428	144.76	
862.601	71.44	
862.775	84.55	
862.948	158.27	
863.122	122.64	
863.295	117.31	
863.468	130.83	
863.642	84.14	
863.815	28.43	
863.988	37.44	
864.162	43.59	
864.335	-4.74	
864.508	54.65	
864.682	70.21	
864.855	57.92	
865.028	25.98	
865.201	99.7	
865.374	45.23	
865.548	80.86	
865.721	74.31	
865.894	166.47	
866.067	137.79	
866.24	198	
866.413	152.54	
866.586	164.01	
866.759	62.84	
866.932	38.67	
867.105	16.14	
867.278	-64.55	
867.451	-105.09	
867.624	-37.51	
867.797	3.45	
867.97	-13.76	
868.143	40.31	
868.316	102.16	
868.489	19.01	
868.661	0.99	
868.834	-3.52	
869.007	42.77	
869.18	25.16	
869.353	78.81	
869.525	113.63	
869.698	88.23	
869.871	28.84	
870.044	30.89	
870.216	44.82	
870.389	-5.15	
870.562	0.99	
870.734	50.14	
870.907	25.98	
871.079	34.17	
871.252	33.76	
871.425	114.04	
871.597	58.33	
871.77	176.71	
871.942	132.06	
872.115	124.28	
872.287	114.86	
872.459	129.6	
872.632	39.9	
872.804	87.41	
872.977	60.38	
873.149	71.03	
873.321	39.9	
873.494	41.13	
873.666	66.52	
873.838	74.31	
874.011	8.77	
874.183	53.83	
874.355	50.14	
874.528	3.45	
874.7	30.07	
874.872	124.69	
875.044	149.67	
875.216	159.91	
875.388	213.16	
875.561	229.13	
875.733	129.6	
875.905	97.65	
876.077	23.93	
876.249	41.54	
876.421	32.12	
876.593	17.78	
876.765	30.89	
876.937	122.64	
877.109	44	
877.281	49.73	
877.453	85.37	
877.625	74.31	
877.797	6.31	
877.968	4.68	
878.14	-1.88	
878.312	35.81	
878.484	-7.2	
878.656	37.85	
878.828	27.61	
878.999	98.06	
879.171	35.81	
879.343	44.82	
879.515	37.03	
879.686	32.53	
879.858	-22.36	
880.03	18.6	
880.201	61.61	
880.373	24.75	
880.545	32.53	
880.716	91.1	
880.888	163.6	
881.059	165.65	
881.231	198.41	
881.402	267.64	
881.574	222.17	
881.745	152.13	
881.917	171.38	
882.088	171.38	
882.26	120.59	
882.431	147.21	
882.602	69.8	
882.774	58.74	
882.945	31.71	
883.116	-5.56	
883.288	-35.46	
883.459	24.75	
883.63	2.63	
883.802	3.86	
883.973	37.03	
884.144	40.72	
884.315	51.78	
884.487	121	
884.658	179.57	
884.829	199.64	
885	163.6	
885.171	177.93	
885.342	86.19	
885.513	56.29	
885.684	51.78	
885.855	108.3	
886.026	80.86	
886.197	122.64	
886.368	98.47	
886.539	101.34	
886.71	58.74	
886.881	77.58	
887.052	86.59	
887.223	118.54	
887.394	61.61	
887.565	124.69	
887.736	77.58	
887.907	94.38	
888.077	62.43	
888.248	77.17	
888.419	30.48	
888.59	40.72	
888.761	46.05	
888.931	72.26	
889.102	116.09	
889.273	93.97	
889.443	105.85	
889.614	20.24	
889.785	14.51	
889.955	-5.15	
890.126	-30.96	
890.296	10.82	
890.467	60.79	
890.637	158.27	
890.808	166.47	
890.978	239.78	
891.149	222.99	
891.319	313.1	
891.49	236.51	
891.66	258.62	
891.831	216.85	
892.001	245.93	
892.172	102.16	
892.342	109.53	
892.512	81.68	
892.683	130.83	
892.853	73.9	
893.023	136.57	
893.193	76.76	
893.364	82.5	
893.534	75.13	
893.704	134.11	
893.874	159.91	
894.044	199.23	
894.215	195.55	
894.385	226.68	
894.555	175.48	
894.725	211.11	
894.895	148.85	
895.065	185.72	
895.235	133.29	
895.405	204.56	
895.575	116.5	
895.745	192.17	
895.915	179.03	
