177.618	-684.19	
177.836	-707.74	
178.054	-691.97	
178.271	-524.86	
178.489	-290.98	
178.706	-168.1	
178.924	-18.6	
179.142	116.56	
179.359	106.73	
179.577	-24.34	
179.794	-27.61	
180.012	-78.4	
180.229	-139.84	
180.447	-129.6	
180.664	-102.98	
180.882	-112.4	
181.1	-28.84	
181.317	-33.35	
181.535	-57.1	
181.752	-63.25	
181.969	-1.81	
182.187	13.76	
182.404	70.28	
182.622	73.15	
182.839	121.07	
183.057	118.2	
183.274	88.3	
183.492	102.23	
183.709	116.56	
183.926	62.91	
184.144	38.74	
184.361	67.41	
184.579	74.38	
184.796	30.96	
185.013	57.58	
185.231	27.68	
185.448	26.86	
185.666	24.4	
185.883	9.25	
186.1	-0.99	
186.317	29.73	
186.535	-27.61	
186.752	-38.67	
186.969	27.68	
187.187	116.97	
187.404	46.52	
187.621	139.5	
187.839	150.97	
188.056	118.2	
188.273	35.05	
188.49	125.98	
188.708	71.51	
188.925	110.42	
189.142	101	
189.359	86.25	
189.576	21.13	
189.794	31.78	
190.011	-0.58	
190.228	15.8	
190.445	30.96	
190.662	130.08	
190.879	123.53	
191.097	88.71	
191.314	101.82	
191.531	106.73	
191.748	-11.64	
191.965	-0.17	
192.182	11.71	
192.399	-0.58	
192.616	57.58	
192.834	141.96	
193.051	94.45	
193.268	120.25	
193.485	109.19	
193.702	42.43	
193.919	-5.5	
194.136	25.22	
194.353	-18.19	
194.57	23.18	
194.787	33.42	
195.004	149.74	
195.221	116.97	
195.438	166.94	
195.655	114.52	
195.872	197.66	
196.089	71.51	
196.306	119.84	
196.523	105.5	
196.74	173.91	
196.957	35.05	
197.173	62.91	
197.39	36.28	
197.607	42.84	
197.824	12.94	
198.041	76.83	
198.258	83.39	
198.475	141.14	
198.692	101.41	
198.909	49.8	
199.125	2.7	
199.342	43.66	
199.559	12.53	
199.776	71.1	
199.993	154.25	
200.21	185.78	
200.426	135.81	
200.643	130.49	
200.86	124.35	
201.077	121.89	
201.293	98.95	
201.51	83.39	
201.727	3.93	
201.944	-80.04	
202.16	-104.21	
202.377	-92.74	
202.594	-104.21	
202.811	-63.25	
203.027	-25.16	
203.244	-44.82	
203.461	-21.47	
203.677	64.55	
203.894	107.55	
204.111	124.35	
204.327	118.61	
204.544	85.43	
204.761	55.12	
204.977	9.66	
205.194	-4.68	
205.41	60.86	
205.627	73.56	
205.844	82.98	
206.06	59.63	
206.277	95.26	
206.493	35.87	
206.71	62.5	
206.926	25.22	
207.143	94.45	
207.36	3.93	
207.576	83.8	
207.793	87.48	
208.009	134.59	
208.226	109.19	
208.442	138.68	
208.659	90.76	
208.875	71.92	
209.092	-1.4	
209.308	8.43	
209.524	34.64	
209.741	84.62	
209.957	130.49	
210.174	151.79	
210.39	113.7	
210.607	93.63	
210.823	-30.07	
211.039	-78.4	
211.256	-23.52	
211.472	-65.3	
211.688	6.79	
211.905	67.41	
212.121	59.63	
212.338	15.8	
212.554	96.49	
212.77	60.04	
212.987	71.51	
213.203	125.17	
213.419	157.52	
213.635	127.21	
213.852	87.48	
214.068	61.27	
214.284	-0.17	
214.501	34.64	
214.717	37.92	
214.933	87.48	
215.149	41.2	
215.365	25.22	
215.582	-59.56	
215.798	-7.95	
216.014	-50.55	
216.23	4.33	
216.447	39.15	
216.663	50.21	
216.879	-24.75	
217.095	39.15	
217.311	46.52	
217.527	57.17	
217.743	83.8	
217.96	65.77	
218.176	26.86	
218.392	9.25	
218.608	30.14	
218.824	-5.9	
219.04	28.5	
219.256	46.93	
219.472	51.44	
219.688	12.94	
219.904	53.49	
220.12	110.83	
220.336	80.52	
220.552	85.43	
220.768	106.73	
220.984	134.59	
221.2	38.74	
221.416	82.16	
221.632	65.36	
221.848	67.82	
222.064	-11.64	
222.28	12.12	
222.496	-43.18	
222.712	18.67	
222.928	-32.12	
223.144	29.73	
223.36	51.03	
223.576	55.94	
223.792	12.12	
224.008	113.7	
224.224	87.07	
224.439	123.12	
224.655	137.45	
224.871	182.92	
225.087	107.96	
225.303	73.56	
225.519	51.44	
225.734	107.55	
225.95	76.83	
226.166	107.55	
226.382	130.9	
226.598	115.33	
226.813	100.18	
227.029	67.82	
227.245	21.95	
227.461	44.88	
227.677	64.14	
227.892	46.93	
228.108	35.46	
228.324	105.91	
228.539	30.96	
228.755	61.68	
228.971	72.33	
229.186	139.09	
229.402	101.41	
229.618	180.05	
229.833	111.65	
230.049	101.41	
230.265	7.61	
230.48	70.28	
230.696	65.36	
230.912	106.73	
231.127	111.65	
231.343	155.47	
231.558	27.27	
231.774	53.08	
231.99	112.06	
232.205	106.73	
232.421	84.62	
232.636	168.99	
232.852	104.69	
233.067	57.17	
233.283	51.85	
233.498	108.37	
233.714	96.08	
233.929	155.47	
234.145	116.15	
234.36	144.83	
234.576	149.74	
234.791	219.78	
235.007	227.97	
235.222	302.93	
235.438	259.92	
235.653	300.47	
235.868	228.38	
236.084	249.68	
236.299	259.1	
236.515	264.02	
236.73	170.63	
236.945	162.03	
237.161	105.91	
237.376	48.57	
237.592	69.05	
237.807	85.84	
238.022	103.87	
238.238	118.61	
238.453	89.53	
238.668	76.42	
238.883	15.8	
239.099	21.54	
239.314	-23.93	
239.529	17.03	
239.745	41.2	
239.96	126.8	
240.175	100.18	
240.39	209.13	
240.605	190.7	
240.821	148.51	
241.036	151.79	
241.251	228.79	
241.466	139.09	
241.681	137.86	
241.897	159.16	
242.112	178	
242.327	96.9	
242.542	122.71	
242.757	112.47	
242.972	112.47	
243.188	53.08	
243.403	94.45	
243.618	76.42	
243.833	86.25	
244.048	97.72	
244.263	125.98	
244.478	91.17	
244.693	60.45	
244.908	64.55	
245.123	48.57	
245.338	79.29	
245.553	88.3	
245.768	84.21	
245.983	93.22	
246.198	58.4	
246.413	36.28	
246.628	27.27	
246.843	7.2	
247.058	15.8	
247.273	44.07	
247.488	21.54	
247.703	69.87	
247.918	92.81	
248.133	90.76	
248.348	63.32	
248.563	140.73	
248.778	102.64	
248.993	153.43	
249.207	225.93	
249.422	240.67	
249.637	115.33	
249.852	84.62	
250.067	46.52	
250.282	-25.16	
250.496	-47.27	
250.711	60.86	
250.926	57.99	
251.141	104.69	
251.356	80.11	
251.57	149.74	
251.785	92.81	
252	87.48	
252.215	57.17	
252.43	101.41	
252.644	103.46	
252.859	124.76	
253.074	148.1	
253.288	144.83	
253.503	91.17	
253.718	103.05	
253.932	148.51	
254.147	177.59	
254.362	166.94	
254.576	183.74	
254.791	119.02	
255.006	59.22	
255.22	91.99	
255.435	104.69	
255.65	140.73	
255.864	186.19	
256.079	169.4	
256.293	136.63	
256.508	140.32	
256.723	207.9	
256.937	128.03	
257.152	117.79	
257.366	87.07	
257.581	56.76	
257.795	-41.54	
258.01	71.1	
258.224	119.84	
258.439	127.62	
258.653	123.94	
258.868	162.85	
259.082	97.72	
259.297	43.66	
259.511	30.96	
259.726	23.18	
259.94	-42.77	
260.154	-65.71	
260.369	-36.21	
260.583	-23.11	
260.798	-57.51	
261.012	-4.27	
261.226	33.01	
261.441	44.48	
261.655	16.62	
261.869	110.01	
262.084	90.35	
262.298	67.41	
262.512	19.08	
262.727	27.68	
262.941	53.9	
263.155	28.5	
263.37	14.57	
263.584	83.8	
263.798	89.94	
264.012	103.46	
264.227	107.14	
264.441	185.38	
264.655	114.93	
264.869	196.02	
265.084	100.18	
265.298	113.29	
265.512	43.66	
265.726	111.65	
265.94	36.28	
266.155	94.86	
266.369	109.6	
266.583	161.62	
266.797	129.67	
267.011	209.13	
267.225	242.31	
267.439	228.38	
267.654	173.09	
267.868	144.01	
268.082	29.73	
268.296	-104.62	
268.51	-141.07	
268.724	-93.56	
268.938	-120.59	
269.152	-55.47	
269.366	5.56	
269.58	56.35	
269.794	7.2	
270.008	110.42	
270.222	84.21	
270.436	89.94	
270.65	51.44	
270.864	107.14	
271.078	49.8	
271.292	59.22	
271.506	110.83	
271.72	141.14	
271.934	156.29	
272.148	153.84	
272.362	162.44	
272.575	166.94	
272.789	184.15	
273.003	135.81	
273.217	164.49	
273.431	105.5	
273.645	65.36	
273.859	98.95	
274.073	159.98	
274.286	168.17	
274.5	203.81	
274.714	172.68	
274.928	166.12	
275.142	116.56	
275.355	76.83	
275.569	116.56	
275.783	170.63	
275.997	122.3	
276.21	157.11	
276.424	222.24	
276.638	163.67	
276.852	163.67	
277.065	153.02	
277.279	145.64	
277.493	105.09	
277.706	200.12	
277.92	219.37	
278.134	185.38	
278.347	132.13	
278.561	81.34	
278.775	38.74	
278.988	-26.79	
279.202	54.31	
279.415	113.7	
279.629	124.35	
279.843	139.5	
280.056	270.98	
280.27	270.57	
280.483	200.12	
280.697	235.76	
280.91	251.73	
281.124	238.21	
281.337	197.66	
281.551	286.95	
281.764	232.07	
281.978	175.55	
282.191	71.51	
282.405	112.06	
282.618	15.39	
282.832	61.27	
283.045	70.69	
283.259	125.17	
283.472	87.89	
283.686	126.39	
283.899	101.41	
284.112	92.4	
284.326	95.67	
284.539	137.04	
284.752	157.52	
284.966	164.08	
285.179	215.69	
285.393	191.11	
285.606	124.76	
285.819	137.86	
286.033	107.55	
286.246	131.72	
286.459	96.49	
286.672	136.22	
286.886	72.74	
287.099	157.11	
287.312	27.68	
287.525	17.44	
287.739	-8.36	
287.952	52.26	
288.165	65.77	
288.378	133.77	
288.592	175.95	
288.805	168.99	
289.018	170.63	
289.231	119.02	
289.444	146.05	
289.657	94.04	
289.871	110.42	
290.084	57.99	
290.297	133.36	
290.51	91.58	
290.723	76.01	
290.936	141.55	
291.149	148.51	
291.362	134.59	
291.575	120.25	
291.789	150.97	
292.002	85.02	
292.215	120.66	
292.428	13.35	
292.641	53.49	
292.854	49.8	
293.067	39.97	
293.28	1.88	
293.493	31.78	
293.706	-52.19	
293.919	25.22	
294.132	-12.46	
294.345	-15.33	
294.558	-24.75	
294.77	5.97	
294.983	-59.56	
295.196	7.2	
295.409	61.27	
295.622	134.59	
295.835	194.8	
296.048	255.01	
296.261	246.4	
296.474	227.56	
296.686	175.55	
296.899	166.94	
297.112	130.49	
297.325	119.43	
297.538	146.46	
297.751	162.44	
297.963	187.42	
298.176	179.64	
298.389	165.71	
298.602	152.2	
298.814	285.32	
299.027	250.09	
299.24	247.22	
299.453	304.57	
299.665	246	
299.878	86.25	
300.091	60.45	
300.303	71.51	
300.516	29.32	
300.729	56.35	
300.941	80.93	
301.154	45.7	
301.367	10.89	
301.579	22.36	
301.792	58.4	
302.005	31.37	
302.217	51.85	
302.43	69.05	
302.642	48.98	
302.855	-13.69	
303.067	-15.33	
303.28	26.45	
303.493	-29.66	
303.705	66.18	
303.918	95.67	
304.13	182.92	
304.343	137.45	
304.555	221.01	
304.768	132.95	
304.98	186.6	
305.193	111.65	
305.405	158.75	
305.617	83.8	
305.83	128.85	
306.042	50.62	
306.255	55.53	
306.467	-5.5	
306.68	12.53	
306.892	-30.48	
307.104	23.59	
307.317	18.67	
307.529	111.65	
307.741	150.56	
307.954	186.6	
308.166	145.24	
308.378	198.89	
308.591	182.51	
308.803	202.17	
309.015	196.43	
309.228	248.86	
309.44	170.63	
309.652	137.04	
309.864	94.86	
310.077	43.66	
310.289	-25.98	
310.501	-9.18	
310.713	-16.96	
310.926	10.48	
311.138	-15.74	
311.35	37.1	
311.562	-3.45	
311.774	62.5	
311.986	27.27	
312.199	145.24	
312.411	73.97	
312.623	151.38	
312.835	80.11	
313.047	70.28	
313.259	31.78	
313.471	66.18	
313.683	43.25	
313.895	69.05	
314.108	64.55	
314.32	36.69	
314.532	15.39	
314.744	27.68	
314.956	94.04	
315.168	129.67	
315.38	97.72	
315.592	182.1	
315.804	172.27	
316.016	209.54	
316.228	239.85	
316.44	279.99	
316.651	268.93	
316.863	255.83	
317.075	144.01	
317.287	62.09	
317.499	54.71	
317.711	6.79	
317.923	50.21	
318.135	12.12	
318.347	56.76	
318.559	130.08	
318.77	186.6	
318.982	143.6	
319.194	158.75	
319.406	172.68	
319.618	69.46	
319.83	-7.54	
320.041	2.29	
320.253	20.72	
320.465	-15.33	
320.677	-16.55	
320.888	14.17	
321.1	26.86	
321.312	85.84	
321.524	105.09	
321.735	112.06	
321.947	64.14	
322.159	15.8	
322.37	-71.44	
322.582	-73.9	
322.794	-12.05	
323.005	66.59	
323.217	117.79	
323.429	105.09	
323.64	154.25	
323.852	109.6	
324.063	68.23	
324.275	68.64	
324.487	114.52	
324.698	39.15	
324.91	76.42	
325.121	42.84	
325.333	-10.82	
325.544	-14.92	
325.756	60.86	
325.967	38.33	
326.179	130.9	
326.39	159.98	
326.602	198.48	
326.813	113.7	
327.025	111.65	
327.236	12.94	
327.448	-5.5	
327.659	-79.22	
327.871	-43.59	
328.082	-48.09	
328.293	21.95	
328.505	78.88	
328.716	110.83	
328.928	98.95	
329.139	132.13	
329.35	102.23	
329.562	101	
329.773	117.38	
329.984	132.13	
330.196	92.81	
330.407	130.9	
330.618	72.33	
330.83	45.29	
331.041	33.01	
331.252	22.77	
331.463	-21.88	
331.675	38.33	
331.886	82.57	
332.097	103.05	
332.308	126.8	
332.52	146.87	
332.731	116.97	
332.942	135.81	
333.153	154.25	
333.364	157.52	
333.575	146.87	
333.787	201.35	
333.998	102.64	
334.209	123.53	
334.42	86.25	
334.631	81.34	
334.842	32.19	
335.053	116.97	
335.264	35.05	
335.475	56.35	
335.686	59.22	
335.898	71.1	
336.109	-5.09	
336.32	51.85	
336.531	51.03	
336.742	60.86	
336.953	28.5	
337.164	51.03	
337.375	12.94	
337.586	-11.64	
337.797	-51.78	
338.007	-2.63	
338.218	-30.89	
338.429	5.15	
338.64	19.9	
338.851	60.86	
339.062	16.21	
339.273	101.41	
339.484	50.62	
339.695	14.57	
339.906	8.84	
340.116	46.52	
340.327	15.8	
340.538	39.97	
340.749	71.1	
340.96	59.63	
341.171	17.85	
341.381	4.74	
341.592	14.57	
341.803	22.77	
342.014	24	
342.224	63.73	
342.435	44.48	
342.646	14.98	
342.857	1.47	
343.067	-37.03	
343.278	-25.16	
343.489	-16.14	
343.699	-3.04	
343.91	2.29	
344.121	26.04	
344.331	-27.61	
344.542	-39.9	
344.753	22.36	
344.963	42.02	
345.174	101.41	
345.384	149.74	
345.595	212.41	
345.806	165.71	
346.016	139.5	
346.227	111.24	
346.437	139.09	
346.648	98.95	
346.858	121.89	
347.069	102.23	
347.279	112.47	
347.49	32.19	
347.7	40.79	
347.911	-30.89	
348.121	-9.59	
348.332	-12.46	
348.542	-17.78	
348.753	-32.94	
348.963	39.56	
349.173	47.75	
349.384	67	
349.594	136.22	
349.805	174.32	
350.015	109.6	
350.225	118.2	
350.436	112.88	
350.646	105.5	
350.856	85.02	
351.067	116.56	
351.277	42.43	
351.487	-28.84	
351.698	-90.69	
351.908	-103.39	
352.118	-99.29	
352.328	-62.02	
352.539	41.61	
352.749	64.95	
352.959	58.4	
353.169	60.45	
353.38	76.01	
353.59	76.01	
353.8	83.8	
354.01	113.29	
354.22	90.76	
354.431	190.7	
354.641	137.04	
354.851	141.96	
355.061	145.24	
355.271	207.49	
355.481	134.59	
355.691	150.15	
355.901	129.67	
356.111	126.39	
356.321	88.71	
356.532	93.63	
356.742	67	
356.952	87.89	
357.162	71.51	
357.372	84.62	
357.582	65.77	
357.792	18.26	
358.002	7.2	
358.212	86.66	
358.422	107.96	
358.632	123.94	
358.842	169.4	
359.051	239.44	
359.261	173.09	
359.471	170.63	
359.681	204.63	
359.891	216.91	
360.101	156.7	
360.311	175.55	
360.521	174.73	
360.731	179.64	
360.94	231.25	
361.15	310.71	
361.36	342.66	
361.57	370.92	
361.78	409.01	
361.989	442.19	
362.199	461.85	
362.409	527.39	
362.619	547.87	
362.828	680.98	
363.038	701.87	
363.248	737.1	
363.458	770.28	
363.667	832.53	
363.877	775.6	
364.087	796.08	
364.296	801.4	
364.506	851.37	
364.716	882.91	
364.925	902.98	
365.135	933.7	
365.345	993.5	
365.554	1007.84	
365.764	1143.01	
365.973	1215.5	
366.183	1341.66	
366.393	1417.43	
366.602	1474.37	
366.812	1386.71	
367.021	1444.47	
367.231	1415.39	
367.44	1421.12	
367.65	1473.14	
367.859	1555.06	
368.069	1530.48	
368.278	1593.56	
368.488	1635.34	
368.697	1591.51	
368.907	1597.65	
369.116	1760.26	
369.326	1765.59	
369.535	1761.08	
369.744	1831.12	
369.954	1865.53	
370.163	1770.91	
370.373	1798.77	
370.582	1794.67	
370.791	1764.77	
371.001	1757.4	
371.21	1749.2	
371.419	1712.75	
371.629	1734.05	
371.838	1771.73	
372.047	1874.54	
372.256	1915.09	
372.466	1952.36	
372.675	1916.73	
372.884	1938.85	
373.093	1858.57	
373.303	1895.02	
373.512	1906.9	
373.721	1962.19	
373.93	1911.4	
374.139	1988.41	
374.349	1925.33	
374.558	1980.62	
374.767	1925.74	
374.976	1924.1	
375.185	1910.99	
375.394	1877.82	
375.603	1812.69	
375.813	1852.83	
376.022	1840.95	
376.231	1715.21	
376.44	1679.57	
376.649	1679.57	
376.858	1627.55	
377.067	1630.83	
377.276	1643.12	
377.485	1704.97	
377.694	1664.83	
377.903	1663.19	
378.112	1600.52	
378.321	1636.98	
378.53	1563.25	
378.739	1557.92	
378.948	1541.95	
379.157	1566.94	
379.366	1552.19	
379.575	1564.89	
379.784	1479.69	
379.992	1465.36	
380.201	1515.33	
380.41	1444.47	
380.619	1398.59	
380.828	1434.64	
381.037	1407.19	
381.246	1272.03	
381.454	1215.09	
381.663	1283.09	
381.872	1258.51	
382.081	1333.47	
382.29	1380.98	
382.498	1450.2	
382.707	1431.36	
382.916	1473.96	
383.125	1351.49	
383.333	1331.42	
383.542	1334.7	
383.751	1300.29	
383.959	1351.49	
384.168	1398.59	
384.377	1485.84	
384.585	1471.91	
384.794	1401.87	
385.003	1306.02	
385.211	1307.66	
385.42	1189.29	
385.628	1150.79	
385.837	1201.17	
386.046	1237.62	
386.254	1256.87	
386.463	1251.55	
386.671	1296.19	
386.88	1268.75	
387.088	1231.07	
387.297	1179.46	
387.505	1201.17	
387.714	1121.71	
387.922	1099.59	
388.131	1086.89	
388.339	1084.84	
388.548	1015.21	
388.756	1009.07	
388.965	1008.25	
389.173	933.7	
389.381	914.45	
389.59	956.23	
389.798	960.74	
390.007	948.86	
390.215	960.33	
390.423	1015.62	
390.632	988.18	
390.84	1032.82	
391.048	1008.25	
391.257	1020.13	
391.465	900.94	
391.673	892.33	
391.882	842.77	
392.09	798.54	
392.298	778.88	
392.506	756.76	
392.715	753.48	
392.923	776.83	
393.131	855.47	
393.339	820.25	
393.547	825.98	
393.756	800.59	
393.964	701.05	
394.172	616.27	
394.38	583.91	
394.588	617.91	
394.796	581.45	
395.005	587.19	
395.213	573.26	
395.421	601.11	
395.629	534.35	
395.837	516.33	
396.045	500.35	
396.253	500.76	
396.461	468.4	
396.669	496.26	
396.877	526.16	
397.085	569.16	
397.293	553.6	
397.501	549.91	
397.709	539.26	
397.917	553.19	
398.125	533.53	
398.333	562.61	
398.541	534.35	
398.749	533.94	
398.957	456.94	
399.165	385.67	
399.373	388.53	
399.581	386.08	
399.788	407.38	
399.996	386.08	
400.204	404.1	
400.412	329.14	
400.62	279.17	
400.828	227.15	
401.035	247.22	
401.243	266.07	
401.451	303.34	
401.659	335.29	
401.867	350.85	
402.074	367.23	
402.282	326.69	
402.49	268.52	
402.697	366.42	
402.905	335.7	
403.113	368.46	
403.321	320.54	
403.528	339.38	
403.736	258.69	
403.944	265.25	
404.151	185.78	
404.359	219.37	
404.566	204.63	
404.774	218.14	
404.982	184.15	
405.189	181.69	
405.397	139.09	
405.604	164.08	
405.812	173.09	
406.02	153.02	
406.227	178	
406.435	212.82	
406.642	227.56	
406.85	177.59	
407.057	249.68	
407.265	271.8	
407.472	292.28	
407.679	262.38	
407.887	277.53	
408.094	206.67	
408.302	139.5	
408.509	130.49	
408.717	132.54	
408.924	116.15	
409.131	153.43	
409.339	193.57	
409.546	198.48	
409.753	190.29	
409.961	236.16	
410.168	228.79	
410.375	258.28	
410.583	258.69	
410.79	275.49	
410.997	254.19	
411.205	241.49	
411.412	226.33	
411.619	234.12	
411.826	230.43	
412.034	257.46	
412.241	275.08	
412.448	237.39	
412.655	182.92	
412.862	178	
413.07	100.18	
413.277	66.18	
413.484	42.84	
413.691	96.9	
413.898	53.9	
414.105	48.57	
414.312	37.92	
414.519	34.24	
414.727	-8.36	
414.934	10.48	
415.141	43.66	
415.348	114.11	
415.555	113.7	
415.762	105.09	
415.969	70.28	
416.176	75.19	
416.383	44.88	
416.59	30.14	
416.797	25.63	
417.004	78.06	
417.211	43.66	
417.418	33.01	
417.625	80.11	
417.831	73.97	
418.038	52.26	
418.245	84.62	
418.452	48.98	
418.659	14.17	
418.866	21.13	
419.073	12.94	
419.28	-25.16	
419.486	26.86	
419.693	22.36	
419.9	39.56	
420.107	73.15	
420.314	99.77	
420.52	85.02	
420.727	166.94	
420.934	151.38	
421.141	103.05	
421.347	99.36	
421.554	91.17	
421.761	-21.88	
421.967	20.72	
422.174	93.63	
422.381	59.63	
422.588	34.64	
422.794	42.43	
423.001	99.36	
423.207	36.28	
423.414	60.04	
423.621	68.23	
423.827	150.15	
424.034	97.72	
424.24	128.85	
424.447	104.28	
424.654	58.81	
424.86	-10.41	
425.067	-92.33	
425.273	-110.76	
425.48	-38.67	
425.686	53.49	
425.893	111.65	
426.099	154.25	
426.306	171.04	
426.512	157.11	
426.718	168.17	
426.925	116.97	
427.131	100.59	
427.338	57.99	
427.544	28.09	
427.75	-62.43	
427.957	-76.76	
428.163	-47.27	
428.37	-19.42	
428.576	7.61	
428.782	11.71	
428.988	88.3	
429.195	81.34	
429.401	69.87	
429.607	38.33	
429.814	122.3	
430.02	61.68	
430.226	37.1	
430.432	51.44	
430.639	72.33	
430.845	60.04	
431.051	83.8	
431.257	115.74	
431.463	95.26	
431.67	58.4	
431.876	13.76	
432.082	-17.78	
432.288	-0.58	
432.494	-6.31	
432.7	56.76	
432.906	34.24	
433.112	60.04	
433.318	81.75	
433.525	113.7	
433.731	54.71	
433.937	120.66	
434.143	111.24	
434.349	76.42	
434.555	59.63	
434.761	99.36	
434.967	34.64	
435.173	37.92	
435.379	39.97	
435.585	97.72	
435.791	92.81	
435.996	183.33	
436.202	223.47	
436.408	180.46	
436.614	144.01	
436.82	162.44	
437.026	75.19	
437.232	57.17	
437.438	80.93	
437.644	15.39	
437.849	-21.88	
438.055	-8.77	
438.261	-37.85	
438.467	-80.86	
438.673	-39.9	
438.878	-88.64	
439.084	-84.96	
439.29	-37.44	
439.496	-10	
439.701	5.15	
439.907	13.76	
440.113	2.7	
440.318	-26.79	
440.524	-32.94	
440.73	-28.84	
440.935	-4.27	
441.141	-32.94	
441.347	48.98	
441.552	35.87	
441.758	45.7	
441.964	-6.31	
442.169	58.4	
442.375	-21.47	
442.58	35.46	
442.786	77.65	
442.991	131.72	
443.197	58.81	
443.402	92.81	
443.608	70.28	
443.813	117.79	
444.019	138.68	
444.224	180.05	
444.43	110.01	
444.635	138.68	
444.841	7.2	
445.046	43.25	
445.252	16.62	
445.457	45.7	
445.662	-26.79	
445.868	-3.86	
446.073	-78.4	
446.278	-88.64	
446.484	-88.64	
446.689	-76.36	
446.894	-97.65	
447.1	-85.78	
447.305	-5.5	
447.51	22.36	
447.716	6.38	
447.921	21.13	
448.126	42.84	
448.331	-16.55	
448.537	-14.92	
448.742	22.36	
448.947	-0.99	
449.152	-50.96	
449.357	16.21	
449.563	24.4	
449.768	9.66	
449.973	18.26	
450.178	72.74	
450.383	-37.03	
450.588	-59.97	
450.793	-57.51	
450.999	24.4	
451.204	-6.31	
451.409	32.19	
451.614	15.39	
451.819	43.66	
452.024	-32.94	
452.229	-1.4	
452.434	74.38	
452.639	55.12	
452.844	78.88	
453.049	13.35	
453.254	-32.53	
453.459	-89.05	
453.664	-49.32	
453.869	-64.07	
454.074	6.38	
454.279	69.05	
454.483	42.43	
454.688	-3.45	
454.893	45.7	
455.098	46.52	
455.303	-7.13	
455.508	24.81	
455.713	44.88	
455.917	-47.27	
456.122	-25.16	
456.327	-54.24	
456.532	-17.78	
456.737	-56.29	
456.941	-35.4	
457.146	-67.34	
457.351	-32.94	
457.555	-55.47	
457.76	2.29	
457.965	3.52	
458.17	33.01	
458.374	94.04	
458.579	103.87	
458.784	40.79	
458.988	40.79	
459.193	6.79	
459.397	-11.23	
459.602	-40.31	
459.807	76.42	
460.011	73.97	
460.216	103.46	
460.42	33.01	
460.625	1.88	
460.829	-51.37	
461.034	-79.22	
461.239	-114.04	
461.443	-84.14	
461.648	-63.66	
461.852	-90.28	
462.056	-16.55	
462.261	3.52	
462.465	87.48	
462.67	80.93	
462.874	86.25	
463.079	34.24	
463.283	32.19	
463.487	-22.7	
463.692	10.07	
463.896	-13.69	
464.1	-32.94	
464.305	-56.69	
464.509	-91.51	
464.713	-80.45	
464.918	12.94	
465.122	92.4	
465.326	89.94	
465.531	95.26	
465.735	60.04	
465.939	12.12	
466.143	-47.68	
466.348	-34.58	
466.552	-56.69	
466.756	-28.02	
466.96	-12.87	
467.164	5.56	
467.368	12.53	
467.573	67.41	
467.777	25.63	
467.981	-1.81	
468.185	-19.83	
468.389	-9.18	
468.593	-91.1	
468.797	-108.3	
469.001	-103.39	
469.205	-105.85	
469.409	-93.97	
469.613	-43.18	
469.817	3.52	
470.021	19.49	
470.225	39.15	
470.429	10.89	
470.633	22.36	
470.837	23.18	
471.041	9.25	
471.245	-37.85	
471.449	-19.83	
471.653	-41.54	
471.857	-14.51	
472.061	-77.58	
472.265	-43.59	
472.469	-28.84	
472.673	-34.58	
472.876	-47.68	
473.08	8.84	
473.284	55.94	
473.488	26.04	
473.692	79.7	
473.895	107.96	
474.099	139.91	
474.303	92.81	
474.507	127.62	
474.71	114.52	
474.914	45.7	
475.118	23.18	
475.322	52.26	
475.525	-32.12	
475.729	-17.37	
475.933	-5.5	
476.136	105.91	
476.34	99.36	
476.543	159.98	
476.747	150.15	
476.951	176.77	
477.154	32.19	
477.358	107.55	
477.561	115.33	
477.765	83.39	
477.969	40.79	
478.172	64.55	
478.376	-14.92	
478.579	-13.28	
478.783	-8.36	
478.986	23.18	
479.19	21.54	
479.393	51.85	
479.596	55.94	
479.8	77.65	
480.003	64.55	
480.207	52.67	
480.41	8.84	
480.614	6.79	
480.817	-35.81	
481.02	35.05	
481.224	81.75	
481.427	96.08	
481.63	139.09	
481.834	175.55	
482.037	80.52	
482.24	54.31	
482.443	50.21	
482.647	-15.74	
482.85	-47.27	
483.053	18.67	
483.256	-52.6	
483.46	-16.55	
483.663	-26.38	
483.866	39.15	
484.069	2.7	
484.272	33.42	
484.476	8.43	
484.679	68.23	
484.882	107.96	
485.085	86.25	
485.288	91.17	
485.491	103.87	
485.694	28.91	
485.897	-25.16	
486.101	-1.4	
486.304	52.26	
486.507	8.84	
486.71	31.37	
486.913	-6.72	
487.116	-44.41	
487.319	-73.9	
487.522	-57.92	
487.725	20.31	
487.928	37.92	
488.13	46.93	
488.333	73.56	
488.536	77.65	
488.739	14.17	
488.942	39.56	
489.145	45.29	
489.348	32.6	
489.551	6.38	
489.754	35.87	
489.956	-12.87	
490.159	-2.63	
490.362	-30.89	
490.565	-52.19	
490.768	-98.06	
490.97	-15.33	
491.173	-3.86	
491.376	-1.4	
491.579	14.17	
491.781	65.36	
491.984	-16.55	
492.187	-3.45	
492.39	-11.23	
492.592	-0.58	
492.795	-18.19	
492.998	-32.94	
493.2	-59.56	
493.403	-37.85	
493.605	42.84	
493.808	15.8	
494.011	10.48	
494.213	-0.58	
494.416	43.66	
494.618	-47.68	
494.821	-73.9	
495.023	5.97	
495.226	58.4	
495.428	15.8	
495.631	53.08	
495.833	111.65	
496.036	79.7	
496.238	24.4	
496.441	31.37	
496.643	5.56	
496.846	-23.11	
497.048	-34.17	
497.25	14.98	
497.453	26.86	
497.655	119.02	
497.858	173.09	
498.06	184.15	
498.262	136.22	
498.465	148.92	
498.667	92.81	
498.869	70.28	
499.071	48.16	
499.274	94.04	
499.476	68.64	
499.678	40.38	
499.881	10.48	
500.083	18.67	
500.285	-21.06	
500.487	-12.46	
500.689	-4.27	
500.892	-25.57	
501.094	-61.61	
501.296	-3.45	
501.498	-28.02	
501.7	-49.73	
501.902	-12.87	
502.104	27.68	
502.306	-18.19	
502.509	-7.95	
502.711	-20.24	
502.913	-33.76	
503.115	-64.89	
503.317	-53.83	
503.519	-78.4	
503.721	-28.43	
503.923	57.99	
504.125	71.1	
504.327	87.89	
504.529	133.77	
504.731	132.54	
504.933	87.89	
505.134	97.72	
505.336	102.64	
505.538	85.84	
505.74	37.92	
505.942	-17.37	
506.144	-32.53	
506.346	-55.06	
506.548	26.04	
506.749	63.73	
506.951	106.32	
507.153	112.47	
507.355	102.64	
507.557	19.9	
507.758	23.18	
507.96	-39.08	
508.162	-8.77	
508.363	-0.17	
508.565	15.8	
508.767	-32.53	
508.969	24.4	
509.17	35.87	
509.372	29.32	
509.574	-3.04	
509.775	48.57	
509.977	8.43	
510.178	16.62	
510.38	21.95	
510.582	32.6	
510.783	-8.77	
510.985	1.06	
511.186	-59.97	
511.388	-10.41	
511.589	24.81	
511.791	9.66	
511.992	32.6	
512.194	61.68	
512.395	-44.41	
512.597	-45.64	
512.798	-24.34	
513	-9.18	
513.201	17.85	
513.403	125.57	
513.604	98.54	
513.805	105.5	
514.007	62.5	
514.208	-6.72	
514.409	-66.12	
514.611	-82.09	
514.812	-28.02	
515.013	32.6	
515.215	80.11	
515.416	59.63	
515.617	39.97	
515.819	-28.02	
516.02	-84.14	
516.221	-85.78	
516.422	-68.57	
516.623	-41.95	
516.825	-32.53	
517.026	-25.57	
517.227	-67.75	
517.428	-98.06	
517.629	-65.3	
517.83	-42.36	
518.032	5.15	
518.233	65.36	
518.434	97.31	
518.635	114.11	
518.836	111.65	
519.037	57.99	
519.238	62.5	
519.439	83.8	
519.64	30.55	
519.841	38.74	
520.042	37.92	
520.243	3.11	
520.444	-48.91	
520.645	-48.5	
520.846	-81.68	
521.047	-62.43	
521.248	-80.86	
521.449	-17.78	
521.65	-16.96	
521.851	75.19	
522.052	43.66	
522.252	84.21	
522.453	78.88	
522.654	62.5	
522.855	-17.37	
523.056	-19.83	
523.257	-39.49	
523.457	-59.97	
523.658	-42.36	
523.859	-76.76	
524.06	-94.38	
524.26	-145.58	
524.461	-162.37	
524.662	-139.02	
524.862	-127.14	
525.063	-68.16	
525.264	-10.41	
525.464	5.15	
525.665	32.19	
525.866	144.01	
526.066	82.98	
526.267	74.78	
526.468	82.57	
526.668	50.62	
526.869	-1.81	
527.069	21.13	
527.27	48.98	
527.47	82.16	
527.671	71.92	
527.871	37.92	
528.072	91.58	
528.272	89.94	
528.473	71.51	
528.673	139.91	
528.874	135	
529.074	127.21	
529.275	123.12	
529.475	129.26	
529.675	26.45	
529.876	57.58	
530.076	-3.04	
530.277	-17.37	
530.477	-49.32	
530.677	-42.36	
530.878	-93.56	
531.078	12.53	
531.278	-0.58	
531.478	-7.13	
531.679	-3.45	
531.879	-5.5	
532.079	-58.74	
532.28	-9.59	
532.48	-27.61	
532.68	-21.06	
532.88	22.36	
533.08	13.35	
533.28	-32.94	
533.481	-17.37	
533.681	-12.46	
533.881	-27.2	
534.081	-53.01	
534.281	-34.99	
534.481	-13.28	
534.681	24.4	
534.881	77.65	
535.081	78.06	
535.281	70.69	
535.481	121.89	
535.682	99.36	
535.882	51.85	
536.082	68.64	
536.281	37.92	
536.481	24.4	
536.681	39.97	
536.881	39.15	
537.081	28.09	
537.281	49.8	
537.481	-7.54	
537.681	-41.54	
537.881	-79.22	
538.081	-27.61	
538.281	-10	
538.48	-17.37	
538.68	2.29	
538.88	84.21	
539.08	76.01	
539.28	44.07	
539.479	110.83	
539.679	114.52	
539.879	49.39	
540.079	30.14	
540.278	46.52	
540.478	-33.76	
540.678	-50.55	
540.877	-10	
541.077	-53.01	
541.277	-47.27	
541.476	62.91	
541.676	88.71	
541.876	111.65	
542.075	138.68	
542.275	91.17	
542.474	26.45	
542.674	45.29	
542.874	-28.43	
543.073	-37.44	
543.273	6.79	
543.472	19.49	
543.672	-18.19	
543.871	-3.45	
544.071	4.74	
544.27	78.88	
544.47	38.33	
544.669	56.35	
544.868	84.21	
545.068	84.62	
545.267	7.61	
545.467	104.28	
545.666	57.99	
545.865	57.99	
546.065	31.37	
546.264	32.19	
546.463	-62.84	
546.663	-5.09	
546.862	-15.74	
547.061	17.85	
547.261	37.92	
547.46	89.94	
547.659	43.25	
547.858	107.14	
548.058	119.02	
548.257	124.35	
548.456	84.62	
548.655	114.11	
548.854	64.14	
549.053	94.04	
549.253	67.82	
549.452	79.7	
549.651	124.35	
549.85	196.84	
550.049	156.7	
550.248	142.37	
550.447	148.1	
550.646	128.03	
550.845	96.9	
551.044	78.06	
551.243	84.21	
551.442	94.04	
551.641	64.95	
551.84	80.52	
552.039	139.91	
552.238	164.9	
552.437	148.51	
552.636	137.04	
552.835	91.58	
553.034	100.18	
553.233	107.14	
553.432	104.28	
553.63	121.48	
553.829	121.48	
554.028	38.74	
554.227	43.66	
554.426	56.35	
554.625	79.29	
554.823	42.43	
555.022	91.17	
555.221	117.38	
555.42	109.6	
555.618	119.02	
555.817	142.37	
556.016	114.11	
556.214	110.42	
556.413	124.35	
556.612	92.4	
556.81	82.16	
557.009	99.36	
557.208	66.18	
557.406	58.81	
557.605	50.21	
557.803	36.69	
558.002	37.1	
558.201	-21.88	
558.399	-25.57	
558.598	-64.48	
558.796	-25.16	
558.995	-38.26	
559.193	10.07	
559.392	-17.78	
559.59	42.02	
559.789	37.1	
559.987	100.18	
560.185	128.85	
560.384	131.72	
560.582	146.05	
560.781	189.06	
560.979	159.57	
561.177	100.18	
561.376	119.84	
561.574	136.22	
561.772	3.93	
561.971	58.81	
562.169	92.81	
562.367	58.4	
562.566	14.57	
562.764	47.34	
562.962	-36.62	
563.16	-60.38	
563.358	-14.1	
563.557	5.15	
563.755	46.52	
563.953	45.29	
564.151	82.57	
564.349	109.19	
564.547	116.15	
564.746	99.77	
564.944	85.84	
565.142	80.11	
565.34	46.11	
565.538	3.11	
565.736	33.01	
565.934	9.25	
566.132	0.24	
566.33	-15.74	
566.528	51.44	
566.726	10.07	
566.924	89.94	
567.122	56.76	
567.32	51.44	
567.518	7.61	
567.716	4.74	
567.914	-24.34	
568.112	-14.1	
568.31	27.68	
568.507	26.86	
568.705	-5.09	
568.903	-4.27	
569.101	23.59	
569.299	60.45	
569.497	87.07	
569.694	137.86	
569.892	129.67	
570.09	136.22	
570.288	44.88	
570.486	29.32	
570.683	61.68	
570.881	37.51	
571.079	-0.17	
571.276	7.61	
571.474	-17.78	
571.672	-80.45	
571.869	-50.14	
572.067	-33.76	
572.265	-8.36	
572.462	42.84	
572.66	95.26	
572.857	111.65	
573.055	132.95	
573.253	137.04	
573.45	83.8	
573.648	90.35	
573.845	62.91	
574.043	55.94	
574.24	51.44	
574.438	35.87	
574.635	22.36	
574.832	-3.45	
575.03	-3.45	
575.227	86.25	
575.425	78.06	
575.622	42.02	
575.82	59.63	
576.017	78.06	
576.214	-11.23	
576.412	39.15	
576.609	23.59	
576.806	-12.05	
577.004	-47.27	
577.201	-18.19	
577.398	10.07	
577.595	106.73	
577.793	191.11	
577.99	221.01	
578.187	157.52	
578.384	107.96	
578.582	31.78	
578.779	51.85	
578.976	53.49	
579.173	159.16	
579.37	171.04	
579.567	221.42	
579.764	174.73	
579.962	177.18	
580.159	136.22	
580.356	155.47	
580.553	146.05	
580.75	146.46	
580.947	124.35	
581.144	148.92	
581.341	117.79	
581.538	133.77	
581.735	114.52	
581.932	143.6	
582.129	66.18	
582.326	69.87	
582.523	16.62	
582.72	-5.09	
582.916	-53.42	
583.113	-53.83	
583.31	-69.39	
583.507	-38.67	
583.704	35.46	
583.901	103.87	
584.098	106.32	
584.294	130.9	
584.491	114.11	
584.688	73.56	
584.885	-1.4	
585.082	109.6	
585.278	143.19	
585.475	151.38	
585.672	133.36	
585.868	179.64	
586.065	79.29	
586.262	-3.86	
586.458	25.63	
586.655	80.93	
586.852	42.02	
587.048	39.56	
587.245	52.67	
587.442	103.46	
587.638	96.9	
587.835	155.07	
588.031	168.58	
588.228	198.89	
588.424	135.4	
588.621	128.44	
588.817	63.73	
589.014	152.2	
589.21	164.08	
589.407	131.31	
589.603	86.25	
589.8	137.45	
589.996	98.54	
590.192	83.39	
590.389	106.32	
590.585	116.56	
590.782	45.7	
590.978	86.25	
591.174	66.59	
591.371	85.84	
591.567	84.62	
591.763	109.6	
591.959	41.2	
592.156	47.75	
592.352	19.49	
592.548	49.39	
592.744	89.53	
592.941	50.21	
593.137	25.63	
593.333	10.07	
593.529	49.8	
593.725	42.43	
593.922	45.29	
594.118	139.91	
594.314	114.93	
594.51	83.39	
594.706	40.79	
594.902	131.72	
595.098	90.35	
595.294	116.56	
595.49	48.98	
595.686	95.26	
595.882	8.43	
596.078	46.11	
596.274	70.69	
596.47	145.24	
596.666	146.87	
596.862	138.27	
597.058	105.5	
597.254	111.24	
597.45	60.04	
597.646	89.94	
597.842	91.17	
598.037	150.97	
598.233	167.35	
598.429	207.08	
598.625	104.28	
598.821	85.84	
599.017	-17.37	
599.212	-12.87	
599.408	-0.58	
599.604	22.36	
599.8	50.62	
599.995	55.94	
600.191	35.46	
600.387	-36.62	
600.582	-3.86	
600.778	31.37	
600.974	62.09	
601.169	34.64	
601.365	89.94	
601.561	37.1	
601.756	-27.2	
601.952	-45.64	
602.147	-46.86	
602.343	-48.5	
602.538	30.96	
602.734	48.98	
602.93	79.29	
603.125	108.37	
603.321	122.3	
603.516	91.58	
603.711	93.22	
603.907	75.19	
604.102	66.18	
604.298	76.83	
604.493	73.56	
604.689	145.64	
604.884	137.86	
605.079	124.35	
605.275	71.51	
605.47	62.91	
605.665	39.56	
605.861	101	
606.056	98.13	
606.251	38.33	
606.447	72.74	
606.642	44.88	
606.837	-39.49	
607.032	20.31	
607.227	62.5	
607.423	42.43	
607.618	19.9	
607.813	28.91	
608.008	-23.93	
608.203	68.23	
608.398	103.05	
608.594	104.69	
608.789	96.49	
608.984	123.12	
609.179	71.1	
609.374	22.36	
609.569	37.51	
609.764	11.71	
609.959	-7.13	
610.154	-26.38	
610.349	3.93	
610.544	9.66	
610.739	71.92	
610.934	79.29	
611.129	123.53	
611.324	161.62	
611.519	180.05	
611.714	188.24	
611.909	141.14	
612.103	171.86	
612.298	118.2	
612.493	119.43	
612.688	130.08	
612.883	188.65	
613.078	106.32	
613.272	196.84	
613.467	208.31	
613.662	246.4	
613.857	284.09	
614.051	338.15	
614.246	224.7	
614.441	184.15	
614.635	50.21	
614.83	-6.72	
615.025	-73.9	
615.219	-63.66	
615.414	-97.65	
615.609	-23.52	
615.803	-34.17	
615.998	44.07	
616.192	66.18	
616.387	98.95	
616.582	155.07	
616.776	195.21	
616.971	156.7	
617.165	137.04	
617.36	99.77	
617.554	61.27	
617.749	90.76	
617.943	92.81	
618.138	119.02	
618.332	167.76	
618.526	130.08	
618.721	57.58	
618.915	91.17	
619.11	79.7	
619.304	8.84	
619.498	13.76	
619.693	80.52	
619.887	22.77	
620.081	-20.65	
620.275	50.62	
620.47	69.46	
620.664	38.33	
620.858	17.85	
621.052	54.71	
621.247	56.76	
621.441	46.93	
621.635	35.87	
621.829	63.73	
622.023	62.91	
622.218	97.31	
622.412	89.53	
622.606	69.05	
622.8	87.07	
622.994	81.75	
623.188	4.74	
623.382	5.97	
623.576	12.12	
623.77	-15.74	
623.964	7.2	
624.158	15.8	
624.352	-29.66	
624.546	-13.69	
624.74	45.29	
624.934	10.48	
625.128	62.91	
625.322	109.19	
625.516	99.36	
625.71	63.32	
625.904	54.71	
626.098	62.91	
626.291	72.33	
626.485	75.6	
626.679	48.98	
626.873	141.14	
627.067	97.72	
627.26	125.98	
627.454	137.86	
627.648	182.51	
627.842	91.17	
628.035	84.62	
628.229	53.9	
628.423	1.88	
628.617	-21.88	
628.81	-16.96	
629.004	0.65	
629.198	22.36	
629.391	41.2	
629.585	86.66	
629.778	77.24	
629.972	88.3	
630.166	89.12	
630.359	83.39	
630.553	28.5	
630.746	63.73	
630.94	81.75	
631.133	2.7	
631.327	13.35	
631.52	10.89	
631.714	-12.05	
631.907	-35.4	
632.1	51.85	
632.294	103.05	
632.487	125.98	
632.681	131.72	
632.874	126.8	
633.067	156.7	
633.261	114.93	
633.454	105.09	
633.647	125.98	
633.841	98.13	
634.034	76.01	
634.227	70.69	
634.421	44.07	
634.614	27.68	
634.807	34.24	
635	-57.1	
635.193	-5.09	
635.387	-10	
635.58	-25.16	
635.773	8.02	
635.966	76.42	
636.159	39.97	
636.352	21.13	
636.545	-3.04	
636.739	-60.38	
636.932	-98.06	
637.125	-119.36	
637.318	-120.18	
637.511	-35.81	
637.704	-29.25	
637.897	19.49	
638.09	2.29	
638.283	69.05	
638.476	37.1	
638.669	77.65	
638.862	74.78	
639.055	80.93	
639.247	71.51	
639.44	38.33	
639.633	59.63	
639.826	5.56	
640.019	40.38	
640.212	15.8	
640.405	44.07	
640.597	-9.18	
640.79	35.46	
640.983	28.5	
641.176	30.14	
641.368	77.24	
641.561	122.71	
641.754	72.74	
641.947	106.73	
642.139	134.59	
642.332	58.81	
642.525	55.12	
642.717	98.13	
642.91	32.19	
643.103	24.4	
643.295	41.2	
643.488	33.83	
643.68	-10.82	
643.873	14.98	
644.065	1.06	
644.258	14.57	
644.45	-27.2	
644.643	5.56	
644.835	14.98	
645.028	-23.93	
645.22	-55.47	
645.413	-63.25	
645.605	-84.14	
645.798	-128.37	
645.99	-58.33	
646.182	-37.03	
646.375	12.12	
646.567	15.8	
646.76	-3.45	
646.952	-34.17	
647.144	-46.45	
647.337	-71.03	
647.529	-47.27	
647.721	25.63	
647.913	40.38	
648.106	30.96	
648.298	-3.86	
648.49	-43.18	
648.682	-120.18	
648.874	-118.13	
649.067	-96.43	
649.259	-50.14	
649.451	-23.11	
649.643	25.22	
649.835	60.86	
650.027	67.82	
650.219	52.67	
650.411	85.43	
650.603	73.15	
650.796	74.38	
650.988	80.52	
651.18	121.89	
651.372	143.19	
651.564	130.49	
651.756	63.73	
651.948	85.43	
652.139	42.02	
652.331	1.88	
652.523	69.05	
652.715	72.74	
652.907	43.25	
653.099	57.58	
653.291	35.05	
653.483	-30.07	
653.674	17.03	
653.866	6.79	
654.058	-16.14	
654.25	-10.41	
654.442	-1.4	
654.633	-78.4	
654.825	-77.99	
655.017	-37.44	
655.209	-62.84	
655.4	-28.43	
655.592	-39.08	
655.784	9.66	
655.975	3.11	
656.167	28.09	
656.359	-16.14	
656.55	31.37	
656.742	-42.77	
656.933	2.7	
657.125	9.25	
657.316	32.6	
657.508	3.93	
657.7	66.59	
657.891	-1.81	
658.083	10.89	
658.274	43.66	
658.466	88.3	
658.657	102.23	
658.848	49.8	
659.04	53.08	
659.231	0.65	
659.423	0.24	
659.614	-57.51	
659.805	68.64	
659.997	114.52	
660.188	153.02	
660.379	150.15	
660.571	160.8	
660.762	77.65	
660.953	3.11	
661.145	-5.5	
661.336	-35.4	
661.527	123.12	
661.718	160.39	
661.909	173.09	
662.101	180.46	
662.292	212.41	
662.483	17.03	
662.674	2.7	
662.865	-0.58	
663.056	-41.95	
663.247	-111.58	
663.439	-69.39	
663.63	-64.89	
663.821	-77.17	
664.012	-48.91	
664.203	37.92	
664.394	77.65	
664.585	116.15	
664.776	80.11	
664.967	89.94	
665.158	55.94	
665.349	100.59	
665.54	44.88	
665.73	129.26	
665.921	55.53	
666.112	45.7	
666.303	-53.42	
666.494	58.81	
666.685	24	
666.876	93.22	
667.066	94.86	
667.257	123.94	
667.448	-11.23	
667.639	-15.74	
667.83	-35.4	
668.02	-27.61	
668.211	-66.12	
668.402	-8.77	
668.592	-48.5	
668.783	-63.25	
668.974	-51.78	
669.164	3.93	
669.355	-13.69	
669.546	42.84	
669.736	69.87	
669.927	64.14	
670.117	5.97	
670.308	26.86	
670.499	-30.89	
670.689	-57.92	
670.88	-111.17	
671.07	-86.19	
671.261	-95.61	
671.451	1.88	
671.641	-46.05	
671.832	13.35	
672.022	10.48	
672.213	-37.44	
672.403	-106.26	
672.594	-8.36	
672.784	12.94	
672.974	11.3	
673.165	-21.06	
673.355	-0.58	
673.545	19.49	
673.736	47.75	
673.926	-21.88	
674.116	50.21	
674.306	-5.09	
674.497	-49.32	
674.687	-109.94	
674.877	-44.82	
675.067	-38.26	
675.257	9.25	
675.448	-9.59	
675.638	-9.59	
675.828	-37.85	
676.018	-19.42	
676.208	-54.24	
676.398	-23.11	
676.588	-26.79	
676.778	-18.6	
676.968	-42.77	
677.158	13.35	
677.348	-31.71	
677.538	-41.95	
677.728	-28.84	
677.918	-22.7	
678.108	-56.29	
678.298	-28.84	
678.488	-32.12	
678.678	20.31	
678.868	9.66	
679.058	14.98	
679.248	15.39	
679.438	17.44	
679.627	-17.37	
679.817	-35.4	
680.007	-40.72	
680.197	-40.31	
680.387	-48.5	
680.576	-28.43	
680.766	-50.96	
680.956	-58.74	
681.146	-23.93	
681.335	-33.35	
681.525	-84.14	
681.715	-46.45	
681.904	-12.05	
682.094	-29.66	
682.284	-4.68	
682.473	31.37	
682.663	57.99	
682.852	43.25	
683.042	46.93	
683.231	70.69	
683.421	57.17	
683.61	36.28	
683.8	12.12	
683.989	-18.19	
684.179	-7.95	
684.368	-55.47	
684.558	-67.34	
684.747	-71.03	
684.937	-93.97	
685.126	-98.06	
685.316	-71.44	
685.505	-108.71	
685.694	-35.4	
685.884	60.04	
686.073	13.76	
686.262	18.26	
686.452	76.83	
686.641	57.17	
686.83	12.94	
687.019	39.97	
687.209	55.94	
687.398	69.87	
687.587	26.86	
687.776	-10.41	
687.965	-59.15	
688.155	-61.2	
688.344	-119.36	
688.533	-89.87	
688.722	-97.65	
688.911	44.07	
689.1	82.98	
689.289	151.79	
689.478	154.25	
689.667	192.34	
689.856	24.4	
690.045	-22.7	
690.234	-100.93	
690.423	-54.65	
690.612	-86.19	
690.801	8.43	
690.99	-10	
691.179	31.37	
691.368	-3.86	
691.557	82.57	
691.746	36.28	
691.935	58.81	
692.124	33.42	
692.312	31.78	
692.501	-66.52	
692.69	-36.62	
692.879	-46.86	
693.068	-30.07	
693.256	-36.62	
693.445	55.94	
693.634	19.9	
693.823	14.57	
694.011	19.49	
694.2	37.51	
694.389	-30.48	
694.577	-7.54	
694.766	-5.09	
694.955	-11.64	
695.143	-74.31	
695.332	-34.99	
695.52	-49.73	
695.709	15.8	
695.897	-10.82	
696.086	5.97	
696.275	-57.92	
696.463	-57.92	
696.652	-111.99	
696.84	-74.72	
697.028	-78.81	
697.217	-45.64	
697.405	-3.45	
697.594	26.45	
697.782	28.5	
697.971	60.45	
698.159	65.36	
698.347	68.23	
698.536	45.29	
698.724	83.8	
698.912	44.48	
699.1	46.11	
699.289	67.41	
699.477	68.23	
699.665	22.77	
699.854	19.9	
700.042	-11.64	
700.23	-35.4	
700.418	-37.85	
700.606	-43.18	
700.794	-2.22	
700.983	32.19	
701.171	21.13	
701.359	3.11	
701.547	55.53	
701.735	55.12	
701.923	12.53	
702.111	-24.34	
702.299	-55.88	
702.487	-74.72	
702.675	-133.7	
702.863	-127.96	
703.051	-104.21	
703.239	-26.38	
703.427	-71.44	
703.615	-42.77	
703.803	-43.18	
703.991	-1.81	
704.179	-10.82	
704.367	43.66	
704.554	62.91	
704.742	71.92	
704.93	113.29	
705.118	145.64	
705.306	97.31	
705.493	62.91	
705.681	62.09	
705.869	24.81	
706.057	-22.7	
706.244	1.06	
706.432	13.35	
706.62	52.26	
706.807	-17.37	
706.995	26.45	
707.183	-40.72	
707.37	2.29	
707.558	-0.99	
707.746	103.05	
707.933	90.76	
708.121	187.42	
708.308	148.51	
708.496	123.94	
708.683	41.61	
708.871	57.99	
709.058	-28.02	
709.246	1.06	
709.433	-39.49	
709.621	-15.74	
709.808	-61.2	
709.995	35.05	
710.183	15.8	
710.37	56.76	
710.558	30.96	
710.745	14.98	
710.932	-30.48	
711.12	17.03	
711.307	12.94	
711.494	27.68	
711.681	57.99	
711.869	12.12	
712.056	8.43	
712.243	10.89	
712.43	-43.18	
712.618	-32.53	
712.805	-29.25	
712.992	-69.39	
713.179	-82.09	
713.366	-36.62	
713.553	-23.52	
713.74	-7.95	
713.928	-63.66	
714.115	-28.02	
714.302	-59.56	
714.489	-53.01	
714.676	-67.75	
714.863	12.12	
715.05	14.57	
715.237	22.77	
715.424	-57.92	
715.611	26.45	
715.798	11.3	
715.984	-12.87	
716.171	9.66	
716.358	43.66	
716.545	10.89	
716.732	6.38	
716.919	-27.61	
717.106	-35.81	
717.293	-24.75	
717.479	-3.86	
717.666	-61.2	
717.853	-16.14	
718.04	-14.1	
718.226	5.15	
718.413	-70.62	
718.6	12.94	
718.786	-1.4	
718.973	56.35	
719.16	1.88	
719.346	47.75	
719.533	1.88	
719.72	42.84	
719.906	-21.88	
720.093	39.15	
720.279	-25.57	
720.466	-6.31	
720.652	0.24	
720.839	35.87	
721.025	28.5	
721.212	80.93	
721.398	51.44	
721.585	54.71	
721.771	19.08	
721.958	-26.79	
722.144	-9.59	
722.331	-56.69	
722.517	-110.76	
722.703	-80.86	
722.89	-107.07	
723.076	-108.71	
723.262	-17.37	
723.449	-25.16	
723.635	-82.5	
723.821	-47.27	
724.007	-99.29	
724.194	-141.48	
724.38	-123.05	
724.566	-85.37	
724.752	-49.73	
724.938	25.63	
725.125	80.52	
725.311	110.42	
725.497	94.04	
725.683	67.82	
725.869	5.56	
726.055	-19.42	
726.241	-48.09	
726.427	-45.64	
726.613	-76.76	
726.799	0.65	
726.985	-59.56	
727.171	-44	
727.357	-5.09	
727.543	86.25	
727.729	23.59	
727.915	94.86	
728.101	82.16	
728.287	53.49	
728.473	-13.69	
728.659	-3.86	
728.845	-71.85	
729.03	-93.15	
729.216	-78.4	
729.402	-100.93	
729.588	-117.31	
729.774	-77.17	
729.959	-73.49	
730.145	-23.93	
730.331	14.98	
730.517	25.22	
730.702	42.02	
730.888	71.51	
731.074	-31.3	
731.259	-27.61	
731.445	18.67	
731.63	6.79	
731.816	-24.75	
732.002	78.47	
732.187	108.78	
732.373	73.56	
732.558	79.29	
732.744	148.1	
732.929	107.55	
733.115	19.9	
733.3	-50.14	
733.486	-50.96	
733.671	-160.73	
733.857	-191.45	
734.042	-115.27	
734.227	-71.85	
734.413	-14.1	
734.598	72.74	
734.784	72.74	
734.969	25.63	
735.154	57.17	
735.339	6.38	
735.525	19.49	
735.71	50.62	
735.895	14.57	
736.081	1.88	
736.266	5.15	
736.451	-40.31	
736.636	0.24	
736.821	24.81	
737.007	5.97	
737.192	25.22	
737.377	-7.95	
737.562	-79.63	
737.747	-44.82	
737.932	-14.51	
738.117	-57.51	
738.302	1.88	
738.487	34.64	
738.672	0.24	
738.857	37.51	
739.042	81.34	
739.227	110.42	
739.412	55.53	
739.597	78.06	
739.782	70.28	
739.967	15.39	
740.152	-16.55	
740.337	31.37	
740.522	43.25	
740.706	13.35	
740.891	98.54	
741.076	115.33	
741.261	128.44	
741.446	140.32	
741.63	144.42	
741.815	107.14	
742	58.4	
742.185	24.4	
742.369	14.98	
742.554	-19.01	
742.739	-27.2	
742.923	10.89	
743.108	36.28	
743.293	65.36	
743.477	77.65	
743.662	88.71	
743.846	52.26	
744.031	59.22	
744.216	6.79	
744.4	53.9	
744.585	28.5	
744.769	94.04	
744.954	68.64	
745.138	85.84	
745.322	55.53	
745.507	21.54	
745.691	-7.95	
745.876	-0.17	
746.06	32.6	
746.244	54.31	
746.429	115.74	
746.613	78.88	
746.798	92.4	
746.982	12.53	
747.166	24	
747.35	-30.07	
747.535	-27.2	
747.719	-22.7	
747.903	43.66	
748.087	-15.33	
748.272	-4.68	
748.456	55.12	
748.64	30.55	
748.824	25.22	
749.008	56.35	
749.192	39.56	
749.376	-27.61	
749.56	-32.12	
749.745	-85.37	
749.929	-61.61	
750.113	-20.24	
750.297	-40.72	
750.481	5.56	
750.665	48.57	
750.849	26.04	
751.033	26.04	
751.217	19.08	
751.4	0.65	
751.584	-19.42	
751.768	8.43	
751.952	-12.87	
752.136	31.37	
752.32	-24.75	
752.504	17.44	
752.688	-3.45	
752.871	8.84	
753.055	0.24	
753.239	28.5	
753.423	30.55	
753.606	-16.14	
753.79	33.42	
753.974	26.45	
754.157	-5.9	
754.341	-53.83	
754.525	-33.35	
754.708	-95.2	
754.892	-94.38	
755.076	-32.94	
755.259	8.84	
755.443	2.29	
755.626	38.33	
755.81	84.62	
755.993	73.97	
756.177	39.97	
756.36	69.46	
756.544	33.01	
756.727	-6.31	
756.911	12.12	
757.094	28.09	
757.278	1.88	
757.461	-30.07	
757.644	-25.16	
757.828	-72.26	
758.011	-48.5	
758.195	-31.71	
758.378	7.2	
758.561	-5.09	
758.744	1.88	
758.928	28.91	
759.111	24	
759.294	68.23	
759.477	83.8	
759.661	101	
759.844	79.7	
760.027	55.12	
760.21	14.98	
760.393	31.78	
760.576	25.63	
760.76	-19.42	
760.943	-15.74	
761.126	66.18	
761.309	91.17	
761.492	81.34	
761.675	80.11	
761.858	103.05	
762.041	1.88	
762.224	-80.86	
762.407	-72.67	
762.59	-37.44	
762.773	-80.86	
762.956	-78.81	
763.139	-54.65	
763.321	-28.84	
763.504	-96.02	
763.687	-54.24	
763.87	-26.79	
764.053	-16.55	
764.236	-0.99	
764.418	48.57	
764.601	26.04	
764.784	42.43	
764.967	89.12	
765.149	52.67	
765.332	56.76	
765.515	89.94	
765.697	37.92	
765.88	8.43	
766.063	27.68	
766.245	-5.5	
766.428	-60.79	
766.611	-59.56	
766.793	-51.78	
766.976	-46.05	
767.158	-65.3	
767.341	5.15	
767.523	41.2	
767.706	55.12	
767.888	29.73	
768.071	135.4	
768.253	90.76	
768.436	103.05	
768.618	87.48	
768.8	174.32	
768.983	151.79	
769.165	154.66	
769.348	82.57	
769.53	71.1	
769.712	-25.16	
769.895	-84.55	
770.077	-46.45	
770.259	-18.6	
770.441	-44.82	
770.624	24.81	
770.806	90.76	
770.988	65.36	
771.17	80.93	
771.352	140.73	
771.535	125.57	
771.717	109.19	
771.899	95.26	
772.081	162.44	
772.263	116.97	
772.445	85.43	
772.627	11.71	
772.809	21.54	
772.991	-25.57	
773.173	14.57	
773.355	6.79	
773.537	43.66	
773.719	13.35	
773.901	59.22	
774.083	9.66	
774.265	-26.79	
774.447	-63.25	
774.629	-25.16	
774.811	-54.65	
774.992	-20.24	
775.174	-12.87	
775.356	64.14	
775.538	21.54	
775.72	-31.71	
775.901	-46.45	
776.083	-27.61	
776.265	-80.86	
776.447	-16.55	
776.628	44.88	
776.81	47.34	
776.992	100.18	
777.173	110.01	
777.355	74.38	
777.537	81.34	
777.718	73.15	
777.9	64.14	
778.081	68.23	
778.263	103.46	
778.444	48.98	
778.626	51.44	
778.807	-21.47	
778.989	-25.57	
779.17	-98.88	
779.352	-150.9	
779.533	-188.58	
779.715	-116.5	
779.896	-173.02	
780.078	-85.78	
780.259	-7.95	
780.44	3.93	
780.622	-49.73	
780.803	99.36	
780.984	71.92	
781.166	23.59	
781.347	46.11	
781.528	82.98	
781.709	-27.2	
781.891	-12.46	
782.072	47.75	
782.253	66.18	
782.434	24.81	
782.615	48.16	
782.796	22.77	
782.978	36.28	
783.159	43.66	
783.34	105.09	
783.521	98.95	
783.702	126.8	
783.883	113.7	
784.064	157.11	
784.245	96.9	
784.426	153.02	
784.607	108.78	
784.788	119.84	
784.969	32.19	
785.15	82.57	
785.331	-18.6	
785.512	33.83	
785.692	22.77	
785.873	44.48	
786.054	2.7	
786.235	35.46	
786.416	29.73	
786.597	8.84	
786.777	-5.9	
786.958	-4.27	
787.139	15.8	
787.32	17.85	
787.5	49.39	
787.681	26.86	
787.862	44.88	
788.042	48.57	
788.223	31.78	
788.404	-43.59	
788.584	-1.81	
788.765	32.19	
788.946	17.44	
789.126	0.65	
789.307	74.38	
789.487	104.69	
789.668	23.18	
789.848	10.89	
790.029	-25.57	
790.209	-57.51	
790.39	-130.83	
790.57	-120.18	
790.75	-30.48	
790.931	8.02	
791.111	-20.24	
791.292	34.24	
791.472	61.68	
791.652	6.79	
791.833	-7.13	
792.013	23.18	
792.193	-28.02	
792.373	28.91	
792.554	16.21	
792.734	40.38	
792.914	13.35	
793.094	65.77	
793.275	45.29	
793.455	32.6	
793.635	46.93	
793.815	91.58	
793.995	57.58	
794.175	42.43	
794.355	107.55	
794.535	148.1	
794.715	125.57	
794.896	139.91	
795.076	95.67	
795.256	115.33	
795.436	33.01	
795.616	75.6	
795.795	88.71	
795.975	98.95	
796.155	71.1	
796.335	93.63	
796.515	93.63	
796.695	151.79	
796.875	223.88	
797.055	193.57	
797.234	203.81	
797.414	182.92	
797.594	108.37	
797.774	47.34	
797.954	22.77	
798.133	35.05	
798.313	-4.27	
798.493	27.68	
798.672	13.35	
798.852	24	
799.032	-49.73	
799.211	-52.19	
799.391	-68.98	
799.571	-65.3	
799.75	-64.48	
799.93	40.38	
800.109	60.86	
800.289	55.94	
800.468	17.44	
800.648	22.36	
800.827	-25.57	
801.007	-19.01	
801.186	-67.75	
801.366	1.88	
801.545	3.93	
801.725	64.55	
801.904	1.88	
802.083	86.25	
802.263	60.45	
802.442	114.11	
802.621	36.69	
802.801	141.96	
802.98	137.45	
803.159	114.52	
803.338	40.79	
803.518	90.35	
803.697	2.29	
803.876	-0.58	
804.055	16.62	
804.235	41.61	
804.414	-15.33	
804.593	19.49	
804.772	-32.94	
804.951	-22.29	
805.13	-73.9	
805.309	-25.57	
805.488	-9.18	
805.667	17.85	
805.846	24	
806.025	94.04	
806.204	124.76	
806.383	94.86	
806.562	74.38	
806.741	83.8	
806.92	80.11	
807.099	40.79	
807.278	2.29	
807.457	5.56	
807.636	26.45	
807.814	11.3	
807.993	-4.68	
808.172	34.24	
808.351	55.12	
808.53	34.64	
808.708	19.08	
808.887	16.62	
809.066	98.13	
809.244	77.24	
809.423	51.85	
809.602	55.12	
809.78	91.17	
809.959	35.46	
810.138	78.88	
810.316	91.58	
810.495	108.37	
810.673	27.27	
810.852	17.85	
811.03	8.43	
811.209	17.85	
811.388	24.4	
811.566	76.01	
811.744	91.17	
811.923	69.05	
812.101	62.91	
812.28	118.61	
812.458	144.01	
812.637	99.36	
812.815	99.77	
812.993	144.01	
813.172	115.33	
813.35	20.31	
813.528	78.47	
813.706	81.75	
813.885	48.98	
814.063	-17.78	
814.241	73.97	
814.419	94.04	
814.598	141.14	
814.776	119.43	
814.954	112.06	
815.132	92.81	
815.31	75.6	
815.488	-25.98	
815.666	-22.7	
815.844	-27.2	
816.022	-45.64	
816.201	-110.35	
816.379	-24.34	
816.557	-7.13	
816.735	30.14	
816.913	-0.99	
817.09	53.08	
817.268	-6.72	
817.446	-33.35	
817.624	-55.88	
817.802	55.53	
817.98	10.48	
818.158	24	
818.336	-19.83	
818.514	10.48	
818.691	-38.26	
818.869	26.04	
819.047	53.49	
819.225	107.14	
819.402	88.3	
819.58	139.09	
819.758	119.43	
819.935	85.84	
820.113	89.12	
820.291	80.93	
820.468	-8.36	
820.646	-5.09	
820.824	53.9	
821.001	119.02	
821.179	136.63	
821.356	158.34	
821.534	130.49	
821.711	62.91	
821.889	39.15	
822.066	44.48	
822.244	48.57	
822.421	109.6	
822.599	145.24	
822.776	81.34	
822.953	31.37	
823.131	-3.86	
823.308	-65.71	
823.486	-60.38	
823.663	-63.25	
823.84	-13.28	
824.017	-31.3	
824.195	-5.5	
824.372	15.8	
824.549	35.46	
824.726	34.24	
824.904	38.74	
825.081	30.55	
825.258	-8.77	
825.435	-18.19	
825.612	-7.54	
825.789	-30.89	
825.967	-12.05	
826.144	38.74	
826.321	82.98	
826.498	80.52	
826.675	137.04	
826.852	75.6	
827.029	43.66	
827.206	41.61	
827.383	-25.57	
827.56	21.95	
827.737	51.44	
827.914	83.39	
828.09	71.92	
828.267	112.06	
828.444	62.91	
828.621	32.6	
828.798	51.03	
828.975	-13.69	
829.151	-32.12	
829.328	-28.43	
829.505	46.93	
829.682	-19.01	
829.858	16.62	
830.035	72.33	
830.212	60.04	
830.389	26.04	
830.565	8.02	
830.742	58.81	
830.918	44.88	
831.095	47.75	
831.272	51.44	
831.448	53.08	
831.625	60.04	
831.801	52.26	
831.978	73.15	
832.154	29.32	
832.331	74.38	
832.507	8.43	
832.684	33.01	
832.86	30.96	
833.037	148.92	
833.213	93.63	
833.389	137.45	
833.566	49.8	
833.742	25.63	
833.918	-57.92	
834.095	-65.3	
834.271	-134.52	
834.447	-46.05	
834.624	-26.38	
834.8	-24.34	
834.976	23.59	
835.152	67.82	
835.328	69.46	
835.505	85.84	
835.681	76.83	
835.857	12.94	
836.033	31.37	
836.209	84.62	
836.385	77.65	
836.561	92.81	
836.737	154.66	
836.913	105.5	
837.089	53.9	
837.265	64.95	
837.441	88.3	
837.617	78.88	
837.793	96.9	
837.969	105.5	
838.145	91.17	
838.321	75.6	
838.497	48.16	
838.673	77.65	
838.849	0.24	
839.025	60.04	
839.2	55.12	
839.376	123.53	
839.552	93.63	
839.728	150.97	
839.903	67.82	
840.079	89.94	
840.255	43.66	
840.431	132.13	
840.606	68.23	
840.782	150.15	
840.958	82.57	
841.133	73.97	
841.309	36.28	
841.484	113.29	
841.66	30.14	
841.835	32.6	
842.011	34.24	
842.186	48.98	
842.362	1.06	
842.537	33.83	
842.713	52.26	
842.888	68.23	
843.064	21.95	
843.239	28.5	
843.415	31.78	
843.59	98.95	
843.765	89.53	
843.941	127.62	
844.116	182.1	
844.291	131.31	
844.467	113.7	
844.642	143.19	
844.817	146.05	
844.992	101.82	
845.168	130.49	
845.343	125.57	
845.518	117.79	
845.693	103.46	
845.868	105.5	
846.043	69.05	
846.219	10.07	
846.394	43.66	
846.569	37.51	
846.744	9.25	
846.919	33.83	
847.094	156.7	
847.269	97.72	
847.444	78.47	
847.619	112.88	
847.794	189.88	
847.969	135.4	
848.144	157.11	
848.319	145.64	
848.494	152.2	
848.668	135.4	
848.843	141.96	
849.018	147.69	
849.193	160.39	
849.368	184.97	
849.542	185.78	
849.717	163.26	
849.892	156.29	
850.067	173.91	
850.241	184.15	
850.416	143.19	
850.591	166.12	
850.765	128.03	
850.94	164.49	
851.115	84.62	
851.289	104.28	
851.464	53.08	
851.639	80.52	
851.813	29.32	
851.988	115.74	
852.162	92.81	
852.337	107.55	
852.511	123.94	
852.686	182.51	
852.86	132.95	
853.035	146.46	
853.209	136.63	
853.383	162.03	
853.558	70.69	
853.732	94.04	
853.906	35.46	
854.081	43.66	
854.255	-12.46	
854.429	34.24	
854.604	11.71	
854.778	87.07	
854.952	77.24	
855.126	110.83	
855.301	100.59	
855.475	71.51	
855.649	15.39	
855.823	17.03	
855.997	2.29	
856.171	5.15	
856.345	14.17	
856.52	54.31	
856.694	75.6	
856.868	123.53	
857.042	122.3	
857.216	195.21	
857.39	202.99	
857.564	182.92	
857.738	128.44	
857.912	129.67	
858.085	81.34	
858.259	69.46	
858.433	96.49	
858.607	73.97	
858.781	67.41	
858.955	49.8	
859.129	37.92	
859.302	35.87	
859.476	19.08	
859.65	113.29	
859.824	78.47	
859.997	77.65	
860.171	92.4	
860.345	146.87	
860.519	67.82	
860.692	117.79	
860.866	145.64	
861.039	144.01	
861.213	155.88	
861.387	127.21	
861.56	118.61	
861.734	146.05	
861.907	130.08	
862.081	85.02	
862.254	124.76	
862.428	145.24	
862.601	74.38	
862.775	72.33	
862.948	174.73	
863.122	143.6	
863.295	102.64	
863.468	101.82	
863.642	54.31	
863.815	-1.4	
863.988	18.26	
864.162	53.49	
864.335	38.74	
864.508	89.53	
864.682	97.72	
864.855	96.08	
865.028	66.59	
865.201	123.12	
865.374	84.62	
865.548	99.36	
865.721	86.25	
865.894	172.27	
866.067	154.25	
866.24	204.22	
866.413	206.67	
866.586	214.46	
866.759	96.08	
866.932	65.77	
867.105	17.44	
867.278	-68.57	
867.451	-90.69	
867.624	-12.05	
867.797	35.87	
867.97	48.16	
868.143	81.75	
868.316	121.48	
868.489	43.25	
868.661	46.11	
868.834	52.67	
869.007	103.05	
869.18	80.11	
869.353	117.79	
869.525	132.54	
869.698	112.88	
869.871	80.52	
870.044	117.79	
870.216	142.78	
870.389	80.52	
870.562	76.01	
870.734	89.94	
870.907	33.01	
871.079	27.27	
871.252	39.97	
871.425	119.43	
871.597	68.23	
871.77	180.46	
871.942	150.15	
872.115	136.22	
872.287	112.06	
872.459	127.21	
872.632	53.08	
872.804	91.99	
872.977	77.65	
873.149	68.64	
873.321	55.94	
873.494	49.8	
873.666	62.5	
873.838	81.75	
874.011	48.16	
874.183	101.82	
874.355	89.53	
874.528	69.05	
874.7	55.12	
874.872	129.67	
875.044	111.24	
875.216	150.15	
875.388	197.25	
875.561	248.86	
875.733	150.97	
875.905	148.1	
876.077	38.33	
876.249	69.05	
876.421	15.8	
876.593	31.78	
876.765	46.52	
876.937	150.97	
877.109	59.63	
877.281	95.26	
877.453	78.47	
877.625	50.62	
877.797	-14.92	
877.968	-28.84	
878.14	-50.96	
878.312	11.71	
878.484	-21.88	
878.656	41.61	
878.828	36.69	
878.999	98.95	
879.171	35.46	
879.343	32.19	
879.515	11.71	
879.686	12.94	
879.858	-45.64	
880.03	-6.72	
880.201	19.9	
880.373	-15.74	
880.545	-12.87	
880.716	55.94	
880.888	114.11	
881.059	141.55	
881.231	185.38	
881.402	226.74	
881.574	171.04	
881.745	157.93	
881.917	186.6	
882.088	181.69	
882.26	150.56	
882.431	203.4	
882.602	107.14	
882.774	66.59	
882.945	9.25	
883.116	-33.76	
883.288	-82.91	
883.459	-43.59	
883.63	-28.84	
883.802	-10.82	
883.973	41.61	
884.144	61.68	
884.315	87.89	
884.487	101.82	
884.658	163.67	
884.829	184.97	
885	159.57	
885.171	168.99	
885.342	100.18	
885.513	82.98	
885.684	63.32	
885.855	110.83	
886.026	80.11	
886.197	153.02	
886.368	90.35	
886.539	125.98	
886.71	80.11	
886.881	90.76	
887.052	95.67	
887.223	145.64	
887.394	77.65	
887.565	132.13	
887.736	82.98	
887.907	78.88	
888.077	45.7	
888.248	48.16	
888.419	-7.95	
888.59	-0.99	
888.761	10.48	
888.931	63.73	
889.102	110.01	
889.273	85.02	
889.443	93.22	
889.614	35.87	
889.785	28.09	
889.955	21.54	
890.126	30.14	
890.296	94.86	
890.467	125.17	
890.637	191.11	
890.808	218.55	
890.978	274.26	
891.149	254.19	
891.319	341.43	
891.49	284.09	
891.66	280.4	
891.831	246.81	
892.001	250.09	
892.172	111.65	
892.342	96.49	
892.512	54.71	
892.683	105.09	
892.853	70.69	
893.023	113.7	
893.193	77.24	
893.364	94.86	
893.534	60.86	
893.704	115.74	
893.874	132.13	
894.044	164.08	
894.215	138.68	
894.385	171.86	
894.555	121.89	
894.725	172.68	
894.895	107.55	
895.065	157.93	
895.235	134.18	
895.405	205.04	
895.575	125.98	
895.745	210.77	
895.915	203.94	
