177.618	-736.76	
177.836	-753.65	
178.054	-751.09	
178.271	-581.11	
178.489	-375.9	
178.706	-245.24	
178.924	-85.09	
179.142	58.67	
179.359	68.09	
179.577	-35.12	
179.794	-24.06	
180.012	-47.82	
180.229	-94.92	
180.447	-85.5	
180.664	-45.36	
180.882	-70.76	
181.1	-29.8	
181.317	-22.02	
181.535	-63.79	
181.752	-65.84	
181.969	-16.28	
182.187	-3.58	
182.404	47.21	
182.622	49.66	
182.839	82.43	
183.057	84.89	
183.274	76.7	
183.492	80.38	
183.709	102.09	
183.926	56.22	
184.144	27.95	
184.361	34.92	
184.579	27.95	
184.796	-19.56	
185.013	40.24	
185.231	11.57	
185.448	47.21	
185.666	54.17	
185.883	38.19	
186.1	14.44	
186.317	67.28	
186.535	-9.32	
186.752	-22.02	
186.969	43.93	
187.187	120.11	
187.404	44.75	
187.621	129.12	
187.839	141.41	
188.056	115.2	
188.273	14.44	
188.49	119.7	
188.708	73.42	
188.925	129.53	
189.142	117.25	
189.359	111.51	
189.576	28.77	
189.794	-8.91	
190.011	-48.23	
190.228	-37.17	
190.445	-35.12	
190.662	53.76	
190.879	66.05	
191.097	36.97	
191.314	65.23	
191.531	66.87	
191.748	-42.09	
191.965	-25.7	
192.182	-28.98	
192.399	-56.83	
192.616	10.34	
192.834	81.2	
193.051	79.15	
193.268	95.54	
193.485	116.84	
193.702	56.63	
193.919	9.93	
194.136	12.8	
194.353	-18.74	
194.57	-27.34	
194.787	-33.07	
195.004	54.17	
195.221	45.57	
195.438	95.95	
195.655	61.95	
195.872	158.21	
196.089	59.9	
196.306	82.02	
196.523	73.42	
196.74	127.49	
196.957	-8.91	
197.173	48.84	
197.39	29.59	
197.607	65.23	
197.824	52.94	
198.041	111.1	
198.258	88.98	
198.475	122.16	
198.692	48.02	
198.909	2.56	
199.125	-46.18	
199.342	27.14	
199.559	20.58	
199.776	67.28	
199.993	143.05	
200.21	183.6	
200.426	82.02	
200.643	73.42	
200.86	64.41	
201.077	62.36	
201.293	49.25	
201.51	67.28	
201.727	-16.28	
201.944	-82.64	
202.16	-110.49	
202.377	-126.05	
202.594	-138.75	
202.811	-106.39	
203.027	-68.3	
203.244	-102.3	
203.461	-61.75	
203.677	13.21	
203.894	52.53	
204.111	69.32	
204.327	98.81	
204.544	75.88	
204.761	59.49	
204.977	43.11	
205.194	-5.22	
205.41	36.97	
205.627	50.07	
205.844	40.24	
206.06	30	
206.277	107.42	
206.493	51.3	
206.71	53.76	
206.926	31.23	
207.143	71.78	
207.36	-24.47	
207.576	50.89	
207.793	60.31	
208.009	83.66	
208.226	70.96	
208.442	100.04	
208.659	67.69	
208.875	44.34	
209.092	6.66	
209.308	-24.47	
209.524	-3.17	
209.741	50.89	
209.957	117.25	
210.174	133.22	
210.39	130.35	
210.607	122.16	
210.823	-24.47	
211.039	-108.03	
211.256	-30.21	
211.472	-79.77	
211.688	-28.57	
211.905	40.65	
212.121	66.05	
212.338	-13	
212.554	54.58	
212.77	24.68	
212.987	35.74	
213.203	65.23	
213.419	104.14	
213.635	72.6	
213.852	60.31	
214.068	28.36	
214.284	-6.04	
214.501	20.58	
214.717	28.77	
214.933	58.67	
215.149	24.68	
215.365	-7.68	
215.582	-87.55	
215.798	-34.3	
216.014	-70.35	
216.23	-29.39	
216.447	20.99	
216.663	-3.99	
216.879	-66.66	
217.095	-28.16	
217.311	-10.55	
217.527	-17.51	
217.743	40.65	
217.96	39.01	
218.176	27.55	
218.392	24.27	
218.608	68.5	
218.824	23.04	
219.04	25.5	
219.256	57.04	
219.472	39.83	
219.688	-22.43	
219.904	58.67	
220.12	131.58	
220.336	77.52	
220.552	98.81	
220.768	135.68	
220.984	126.67	
221.2	47.21	
221.416	70.96	
221.632	17.31	
221.848	-19.15	
222.064	-90.01	
222.28	-69.94	
222.496	-90.83	
222.712	-3.99	
222.928	-24.88	
223.144	58.67	
223.36	46.39	
223.576	79.56	
223.792	16.9	
224.008	107.01	
224.224	89.8	
224.439	146.33	
224.655	109.05	
224.871	162.71	
225.087	119.7	
225.303	53.76	
225.519	34.1	
225.734	93.49	
225.95	53.35	
226.166	70.14	
226.382	98.81	
226.598	88.98	
226.813	71.78	
227.029	53.35	
227.245	16.08	
227.461	16.9	
227.677	38.19	
227.892	-9.73	
228.108	-18.74	
228.324	46.8	
228.539	-5.22	
228.755	21.81	
228.971	59.08	
229.186	114.79	
229.402	55.4	
229.618	120.52	
229.833	46.8	
230.049	53.76	
230.265	-18.74	
230.48	57.04	
230.696	50.48	
230.912	84.07	
231.127	75.88	
231.343	106.6	
231.558	18.53	
231.774	76.7	
231.99	136.5	
232.205	120.52	
232.421	98.81	
232.636	97.18	
232.852	25.91	
233.067	-19.97	
233.283	-0.31	
233.498	56.63	
233.714	108.24	
233.929	156.57	
234.145	120.52	
234.36	129.12	
234.576	134.45	
234.791	168.45	
235.007	169.67	
235.222	236.44	
235.438	197.94	
235.653	255.28	
235.868	193.02	
236.084	199.16	
236.299	227.02	
236.515	261.42	
236.73	176.23	
236.945	202.44	
237.161	143.46	
237.376	63.59	
237.592	45.57	
237.807	62.77	
238.022	46.39	
238.238	75.06	
238.453	36.56	
238.668	43.93	
238.883	-56.01	
239.099	-67.07	
239.314	-87.96	
239.529	-17.51	
239.745	7.48	
239.96	107.83	
240.175	105.78	
240.39	212.68	
240.605	170.49	
240.821	116.84	
241.036	129.12	
241.251	211.86	
241.466	93.9	
241.681	110.69	
241.897	148.38	
242.112	167.63	
242.327	72.19	
242.542	93.08	
242.757	116.02	
242.972	100.86	
243.188	20.58	
243.403	46.8	
243.618	57.04	
243.833	16.9	
244.048	30.41	
244.263	92.26	
244.478	80.38	
244.693	52.53	
244.908	84.48	
245.123	74.65	
245.338	88.98	
245.553	118.47	
245.768	117.66	
245.983	116.84	
246.198	70.96	
246.413	48.84	
246.628	26.73	
246.843	15.67	
247.058	1.74	
247.273	32.46	
247.488	11.57	
247.703	64.82	
247.918	64.82	
248.133	87.35	
248.348	53.35	
248.563	135.68	
248.778	68.5	
248.993	111.92	
249.207	147.15	
249.422	169.67	
249.637	34.1	
249.852	39.42	
250.067	-10.96	
250.282	-81	
250.496	-98.61	
250.711	-6.86	
250.926	-16.28	
251.141	46.8	
251.356	46.8	
251.57	101.27	
251.785	68.91	
252	32.05	
252.215	15.26	
252.43	47.21	
252.644	43.11	
252.859	35.74	
253.074	81.2	
253.288	69.32	
253.503	35.33	
253.718	76.29	
253.932	182.78	
254.147	184.83	
254.362	188.93	
254.576	195.48	
254.791	128.31	
255.006	50.07	
255.22	83.25	
255.435	79.15	
255.65	130.76	
255.864	163.94	
256.079	129.53	
256.293	132.4	
256.508	127.08	
256.723	184.01	
256.937	139.77	
257.152	139.77	
257.366	103.73	
257.581	106.19	
257.795	38.19	
258.01	147.56	
258.224	176.23	
258.439	205.72	
258.653	173.77	
258.868	182.78	
259.082	88.17	
259.297	62.77	
259.511	-1.13	
259.726	-3.17	
259.94	-63.38	
260.154	-103.93	
260.369	-110.08	
260.583	-47.82	
260.798	-67.07	
261.012	-16.28	
261.226	47.21	
261.441	87.35	
261.655	64.82	
261.869	126.67	
262.084	111.92	
262.298	80.38	
262.512	18.94	
262.727	-0.31	
262.941	30	
263.155	15.26	
263.37	20.99	
263.584	87.76	
263.798	103.73	
264.012	119.29	
264.227	113.56	
264.441	179.91	
264.655	113.97	
264.869	187.29	
265.084	102.91	
265.298	126.67	
265.512	45.16	
265.726	115.61	
265.94	50.89	
266.155	109.87	
266.369	116.02	
266.583	201.21	
266.797	200.39	
267.011	266.75	
267.225	315.49	
267.439	289.69	
267.654	217.19	
267.868	177.05	
268.082	59.08	
268.296	-86.32	
268.51	-125.64	
268.724	-92.06	
268.938	-143.67	
269.152	-68.3	
269.366	-0.31	
269.58	60.72	
269.794	26.32	
270.008	148.78	
270.222	117.25	
270.436	106.19	
270.65	77.52	
270.864	134.45	
271.078	46.8	
271.292	63.59	
271.506	123.39	
271.72	150.42	
271.934	142.64	
272.148	158.21	
272.362	160.25	
272.575	180.73	
272.789	164.35	
273.003	125.44	
273.217	169.26	
273.431	133.22	
273.645	60.72	
273.859	131.17	
274.073	203.26	
274.286	186.06	
274.5	197.53	
274.714	183.19	
274.928	159.84	
275.142	93.49	
275.355	67.28	
275.569	93.08	
275.783	128.31	
275.997	101.68	
276.21	129.12	
276.424	175.41	
276.638	147.97	
276.852	180.73	
277.065	166.4	
277.279	177.46	
277.493	120.93	
277.706	194.66	
277.92	168.86	
278.134	112.74	
278.347	53.76	
278.561	52.53	
278.775	27.95	
278.988	6.66	
279.202	82.02	
279.415	150.83	
279.629	148.38	
279.843	141.41	
280.056	222.92	
280.27	234.39	
280.483	162.71	
280.697	190.56	
280.91	218.42	
281.124	231.11	
281.337	192.2	
281.551	275.76	
281.764	229.47	
281.978	174.59	
282.191	75.88	
282.405	117.25	
282.618	32.05	
282.832	64.82	
283.045	43.52	
283.259	79.97	
283.472	40.65	
283.686	67.28	
283.899	36.15	
284.112	57.45	
284.326	43.11	
284.539	82.02	
284.752	108.64	
284.966	142.23	
285.179	179.5	
285.393	202.85	
285.606	135.27	
285.819	170.49	
286.033	120.11	
286.246	170.9	
286.459	105.37	
286.672	159.84	
286.886	66.87	
287.099	164.35	
287.312	33.28	
287.525	68.5	
287.739	52.94	
287.952	107.01	
288.165	105.78	
288.378	147.97	
288.592	150.01	
288.805	135.27	
289.018	146.74	
289.231	98.4	
289.444	126.26	
289.657	67.28	
289.871	59.49	
290.084	20.99	
290.297	102.91	
290.51	73.83	
290.723	91.85	
290.936	173.77	
291.149	165.58	
291.362	152.88	
291.575	128.31	
291.789	159.43	
292.002	88.17	
292.215	108.24	
292.428	-10.55	
292.641	36.56	
292.854	33.28	
293.067	-1.54	
293.28	-19.15	
293.493	4.61	
293.706	-58.06	
293.919	13.21	
294.132	1.74	
294.345	9.11	
294.558	-19.56	
294.77	5.84	
294.983	-72.4	
295.196	14.03	
295.409	74.65	
295.622	186.06	
295.835	219.24	
296.048	283.95	
296.261	258.15	
296.474	237.67	
296.686	185.65	
296.899	194.66	
297.112	171.31	
297.325	174.18	
297.538	184.01	
297.751	210.63	
297.963	219.24	
298.176	188.11	
298.389	162.71	
298.602	154.52	
298.814	255.28	
299.027	225.79	
299.24	246.27	
299.453	307.71	
299.665	286	
299.878	148.38	
300.091	129.94	
300.303	119.7	
300.516	66.05	
300.729	39.01	
300.941	80.79	
301.154	46.8	
301.367	20.17	
301.579	41.06	
301.792	78.74	
302.005	28.36	
302.217	30	
302.43	41.06	
302.642	-6.45	
302.855	-60.93	
303.067	-37.17	
303.28	25.5	
303.493	-25.29	
303.705	89.8	
303.918	147.15	
304.13	205.72	
304.343	144.28	
304.555	225.38	
304.768	148.38	
304.98	165.99	
305.193	84.07	
305.405	151.65	
305.617	97.18	
305.83	128.71	
306.042	73.42	
306.255	82.43	
306.467	21.81	
306.68	-11.37	
306.892	-49.87	
307.104	-7.68	
307.317	-3.58	
307.529	77.52	
307.741	150.83	
307.954	188.93	
308.166	150.01	
308.378	185.24	
308.591	169.67	
308.803	184.42	
309.015	170.9	
309.228	219.64	
309.44	150.01	
309.652	129.12	
309.864	68.09	
310.077	17.71	
310.289	-26.11	
310.501	15.26	
310.713	-8.09	
310.926	71.78	
311.138	50.48	
311.35	82.02	
311.562	43.52	
311.774	105.37	
311.986	55.81	
312.199	167.22	
312.411	88.98	
312.623	129.94	
312.835	75.06	
313.047	61.13	
313.259	23.45	
313.471	79.97	
313.683	76.7	
313.895	92.67	
314.108	88.98	
314.32	68.5	
314.532	19.76	
314.744	27.95	
314.956	76.7	
315.168	112.74	
315.38	79.97	
315.592	162.71	
315.804	164.76	
316.016	219.24	
316.228	229.47	
316.44	284.36	
316.651	295.01	
316.863	278.22	
317.075	158.21	
317.287	84.48	
317.499	52.94	
317.711	9.52	
317.923	54.17	
318.135	24.68	
318.347	78.33	
318.559	167.22	
318.77	222.92	
318.982	170.08	
319.194	195.89	
319.406	173.36	
319.618	89.39	
319.83	2.56	
320.041	15.67	
320.253	34.51	
320.465	31.23	
320.677	16.49	
320.888	23.86	
321.1	32.87	
321.312	91.44	
321.524	93.08	
321.735	111.1	
321.947	103.32	
322.159	51.3	
322.37	-24.47	
322.582	1.74	
322.794	33.69	
323.005	69.73	
323.217	90.21	
323.429	49.66	
323.64	85.3	
323.852	38.6	
324.063	1.74	
324.275	55.4	
324.487	101.68	
324.698	30.41	
324.91	85.71	
325.121	75.47	
325.333	20.17	
325.544	24.27	
325.756	98.81	
325.967	43.52	
326.179	121.75	
326.39	145.51	
326.602	168.86	
326.813	84.48	
327.025	118.47	
327.236	22.22	
327.448	-9.73	
327.659	-73.62	
327.871	-17.51	
328.082	-42.9	
328.293	1.74	
328.505	68.91	
328.716	91.85	
328.928	48.02	
329.139	95.95	
329.35	99.63	
329.562	105.37	
329.773	154.52	
329.984	181.14	
330.196	141	
330.407	179.91	
330.618	124.21	
330.83	81.61	
331.041	84.07	
331.252	82.84	
331.463	56.63	
331.675	112.33	
331.886	166.81	
332.097	167.63	
332.308	165.99	
332.52	175.41	
332.731	124.62	
332.942	113.15	
333.153	147.56	
333.364	149.6	
333.575	128.31	
333.787	186.88	
333.998	99.63	
334.209	111.92	
334.42	83.25	
334.631	97.59	
334.842	77.52	
335.053	154.11	
335.264	95.95	
335.475	135.27	
335.686	147.56	
335.898	146.33	
336.109	75.47	
336.32	84.89	
336.531	65.23	
336.742	53.76	
336.953	21.4	
337.164	52.12	
337.375	25.91	
337.586	29.59	
337.797	-22.83	
338.007	23.45	
338.218	1.74	
338.429	45.57	
338.64	37.38	
338.851	73.01	
339.062	23.04	
339.273	129.53	
339.484	87.76	
339.695	74.65	
339.906	80.38	
340.116	120.52	
340.327	66.05	
340.538	78.74	
340.749	70.96	
340.96	80.38	
341.171	42.29	
341.381	50.07	
341.592	76.29	
341.803	122.98	
342.014	122.98	
342.224	184.83	
342.435	164.76	
342.646	125.44	
342.857	88.98	
343.067	54.17	
343.278	51.3	
343.489	70.14	
343.699	97.18	
343.91	137.32	
344.121	156.16	
344.331	95.95	
344.542	51.71	
344.753	123.8	
344.963	127.08	
345.174	184.01	
345.384	270.84	
345.595	361.36	
345.806	322.45	
346.016	299.93	
346.227	290.5	
346.437	279.85	
346.648	224.56	
346.858	234.39	
347.069	202.44	
347.279	220.05	
347.49	153.7	
347.7	202.85	
347.911	145.1	
348.121	182.78	
348.332	165.17	
348.542	164.35	
348.753	157.8	
348.963	229.47	
349.173	256.92	
349.384	307.71	
349.594	426.9	
349.805	470.73	
350.015	465.81	
350.225	512.5	
350.436	564.11	
350.646	607.12	
350.856	623.5	
351.067	686.17	
351.277	676.75	
351.487	644.39	
351.698	619.41	
351.908	696.41	
352.118	765.63	
352.328	884.82	
352.539	1058.9	
352.749	1148.6	
352.959	1219.87	
353.169	1303.02	
353.38	1400.91	
353.59	1488.98	
353.8	1649.54	
354.01	1790.44	
354.22	1946.49	
354.431	2148.42	
354.641	2246.31	
354.851	2388.85	
355.061	2557.61	
355.271	2792.3	
355.481	2900.44	
355.691	3122.44	
355.901	3299.79	
356.111	3520.56	
356.321	3725.36	
356.532	4010.84	
356.742	4262.74	
356.952	4585.5	
357.162	4889.83	
357.372	5225.7	
357.582	5593.51	
357.792	5980.99	
358.002	6381.98	
358.212	6840.73	
358.422	7337.56	
358.632	7829.9	
358.842	8344.76	
359.051	9000.11	
359.261	9597.7	
359.471	10220.7	
359.681	10969.02	
359.891	11729.64	
360.101	12389.9	
360.311	13186.97	
360.521	14021.73	
360.731	14952.73	
360.94	15873.91	
361.15	16945.41	
361.36	18092.27	
361.57	19320.64	
361.78	20518.7	
361.989	21853.98	
362.199	23281.41	
362.409	24837.87	
362.619	26271.45	
362.828	27951.19	
363.038	29640.35	
363.248	31225.07	
363.458	32694.69	
363.667	34308.08	
363.877	35844.06	
364.087	37449.26	
364.296	39061.83	
364.506	40812.02	
364.716	42589.25	
364.925	44233.77	
365.135	45850.85	
365.345	47569.09	
365.554	49065.75	
365.764	50398.97	
365.973	51587.62	
366.183	52820.49	
366.393	53656.88	
366.602	54487.13	
366.812	55263.72	
367.021	55937.5	
367.231	56348.73	
367.44	56807.07	
367.65	57120.82	
367.859	57342	
368.069	57478.8	
368.278	57347.32	
368.488	57236.32	
368.697	56818.54	
368.907	56247.97	
369.116	55732.3	
369.326	55104.8	
369.535	54316.74	
369.744	53721.19	
369.954	53212.47	
370.163	52599.31	
370.373	52083.22	
370.582	51553.21	
370.791	50838.47	
371.001	49959.07	
371.21	49080.08	
371.419	48201.5	
371.629	47277.46	
371.838	46572.14	
372.047	46093.33	
372.256	45492.04	
372.466	44783.04	
372.675	43999.07	
372.884	43156.95	
373.093	41988.38	
373.303	40986.92	
373.512	40063.7	
373.721	39299.39	
373.93	38352.82	
374.139	37440.25	
374.349	36322.88	
374.558	35344.77	
374.767	34034.89	
374.976	32838.87	
375.185	31701.02	
375.394	30570.13	
375.603	29256.16	
375.813	28253.88	
376.022	27168.87	
376.231	26087.95	
376.44	25054.95	
376.649	24175.96	
376.858	23222.43	
377.067	22284.05	
377.276	21398.51	
377.485	20633.8	
377.694	19862.53	
377.903	19000.75	
378.112	18197.94	
378.321	17538.5	
378.53	16801.23	
378.739	16089.76	
378.948	15521.66	
379.157	15005.57	
379.366	14440.74	
379.575	13925.06	
379.784	13345.9	
379.992	12856.02	
380.201	12446.84	
380.41	11946.31	
380.619	11465.45	
380.828	11115.66	
381.037	10719.99	
381.246	10269.44	
381.454	9895.07	
381.663	9692.32	
381.872	9378.16	
382.081	9121.76	
382.29	8898.94	
382.498	8721.99	
382.707	8422.17	
382.916	8231.3	
383.125	7919.6	
383.333	7628.38	
383.542	7391.63	
383.751	7154.07	
383.959	6922.65	
384.168	6780.93	
384.377	6732.19	
384.585	6528.21	
384.794	6308.67	
385.003	6139.09	
385.211	5974.44	
385.42	5678.3	
385.628	5465.31	
385.837	5316.22	
386.046	5193.34	
386.254	5053.26	
386.463	4873.45	
386.671	4807.09	
386.88	4650.63	
387.088	4466.72	
387.297	4336.06	
387.505	4287.73	
387.714	4062.86	
387.922	3969.89	
388.131	3838.82	
388.339	3695.46	
388.548	3497.21	
388.756	3401.37	
388.965	3261.29	
389.173	3113.83	
389.381	3020.04	
389.59	2975.8	
389.798	2934.02	
390.007	2891.83	
390.215	2800.49	
390.423	2769.78	
390.632	2668.61	
390.84	2633.79	
391.048	2505.59	
391.257	2479.37	
391.465	2315.13	
391.673	2254.51	
391.882	2133.27	
392.09	2089.03	
392.298	2020.22	
392.506	1958.78	
392.715	1952.23	
392.923	1971.48	
393.131	1965.74	
393.339	1893.24	
393.547	1860.48	
393.756	1771.6	
393.964	1651.17	
394.172	1576.63	
394.38	1556.97	
394.588	1560.65	
394.796	1505.77	
395.005	1451.29	
395.213	1386.17	
395.421	1389.85	
395.629	1275.17	
395.837	1257.15	
396.045	1244.86	
396.253	1234.21	
396.461	1146.56	
396.669	1185.47	
396.877	1188.33	
397.085	1205.95	
397.293	1183.01	
397.501	1162.12	
397.709	1129.35	
397.917	1117.88	
398.125	1092.9	
398.333	1099.04	
398.541	1082.66	
398.749	1059.31	
398.957	978.62	
399.165	887.69	
399.373	856.56	
399.581	843.46	
399.788	847.14	
399.996	815.19	
400.204	825.84	
400.412	788.16	
400.62	727.13	
400.828	709.93	
401.035	733.28	
401.243	749.25	
401.451	770.55	
401.659	782.02	
401.867	748.43	
402.074	733.28	
402.282	679.62	
402.49	581.32	
402.697	674.7	
402.905	660.78	
403.113	679.62	
403.321	629.24	
403.528	660.78	
403.736	596.88	
403.944	603.43	
404.151	528.07	
404.359	537.08	
404.566	521.11	
404.774	499.4	
404.982	452.29	
405.189	475.64	
405.397	453.93	
405.604	443.69	
405.812	455.16	
406.02	427.31	
406.227	444.92	
406.435	463.76	
406.642	501.45	
406.85	458.44	
407.057	519.88	
407.265	516.6	
407.472	562.47	
407.679	522.74	
407.887	489.16	
408.094	431	
408.302	354.4	
408.509	307.3	
408.717	317.54	
408.924	335.56	
409.131	361.36	
409.339	389.63	
409.546	422.8	
409.753	406.01	
409.961	442.05	
410.168	410.11	
410.375	441.64	
410.583	401.91	
410.79	416.25	
410.997	386.76	
411.205	387.17	
411.412	358.09	
411.619	383.48	
411.826	369.15	
412.034	417.07	
412.241	460.49	
412.448	449.84	
412.655	372.42	
412.862	359.73	
413.07	279.04	
413.277	211.45	
413.484	182.78	
413.691	241.35	
413.898	193.02	
414.105	169.26	
414.312	139.77	
414.519	136.91	
414.727	111.92	
414.934	165.99	
415.141	197.53	
415.348	261.01	
415.555	256.51	
415.762	241.76	
415.969	180.73	
416.176	160.25	
416.383	138.14	
416.59	118.88	
416.797	127.08	
417.004	159.43	
417.211	142.64	
417.418	146.74	
417.625	171.72	
417.831	155.34	
418.038	178.69	
418.245	221.69	
418.452	206.95	
418.659	175.82	
418.866	159.43	
419.073	116.02	
419.28	46.8	
419.486	97.59	
419.693	87.35	
419.9	106.19	
420.107	140.18	
420.314	209.81	
420.52	192.2	
420.727	315.49	
420.934	311.8	
421.141	266.75	
421.347	244.22	
421.554	201.21	
421.761	64.82	
421.967	88.17	
422.174	143.05	
422.381	142.64	
422.588	112.74	
422.794	126.26	
423.001	202.85	
423.207	172.54	
423.414	166.4	
423.621	186.88	
423.827	247.91	
424.034	188.52	
424.24	206.13	
424.447	185.24	
424.654	138.95	
424.86	84.48	
425.067	19.76	
425.273	-18.74	
425.48	68.5	
425.686	163.53	
425.893	212.68	
426.099	229.88	
426.306	256.1	
426.512	222.51	
426.718	227.84	
426.925	177.46	
427.131	147.97	
427.338	121.34	
427.544	104.96	
427.75	38.6	
427.957	10.75	
428.163	55.4	
428.37	69.32	
428.576	64	
428.782	59.49	
428.988	155.34	
429.195	141.82	
429.401	123.39	
429.607	116.84	
429.814	217.19	
430.02	158.62	
430.226	123.8	
430.432	147.56	
430.639	141.82	
430.845	84.89	
431.051	109.46	
431.257	153.29	
431.463	154.93	
431.67	102.91	
431.876	74.24	
432.082	29.59	
432.288	52.12	
432.494	41.88	
432.7	110.28	
432.906	95.54	
433.112	131.99	
433.318	164.35	
433.525	188.52	
433.731	167.22	
433.937	223.74	
434.143	207.77	
434.349	166.81	
434.555	138.95	
434.761	135.68	
434.967	64.41	
435.173	71.37	
435.379	61.13	
435.585	130.35	
435.791	153.29	
435.996	246.27	
436.202	272.07	
436.408	245.45	
436.614	186.88	
436.82	216.37	
437.026	155.34	
437.232	121.75	
437.438	121.34	
437.644	70.55	
437.849	30	
438.055	8.29	
438.261	9.93	
438.467	-12.6	
438.673	14.85	
438.878	-62.57	
439.084	-29.39	
439.29	17.31	
439.496	32.87	
439.701	69.32	
439.907	105.37	
440.113	98	
440.318	60.31	
440.524	52.12	
440.73	37.79	
440.935	58.26	
441.141	10.34	
441.347	100.04	
441.552	92.26	
441.758	107.42	
441.964	79.56	
442.169	143.46	
442.375	59.08	
442.58	102.91	
442.786	115.2	
442.991	133.63	
443.197	73.42	
443.402	102.5	
443.608	91.44	
443.813	144.28	
444.019	167.63	
444.224	197.12	
444.43	140.18	
444.635	170.49	
444.841	55.4	
445.046	95.95	
445.252	73.83	
445.457	55.4	
445.662	-25.29	
445.868	-22.83	
446.073	-92.88	
446.278	-113.36	
446.484	-94.51	
446.689	-89.6	
446.894	-74.03	
447.1	-75.67	
447.305	22.63	
447.51	33.28	
447.716	26.32	
447.921	41.06	
448.126	63.18	
448.331	-44.54	
448.537	-35.94	
448.742	16.9	
448.947	-48.23	
449.152	-65.84	
449.357	23.86	
449.563	53.76	
449.768	32.87	
449.973	57.04	
450.178	64	
450.383	-32.26	
450.588	-77.31	
450.793	-86.32	
450.999	16.49	
451.204	-13.82	
451.409	7.88	
451.614	10.34	
451.819	34.51	
452.024	-42.09	
452.229	14.85	
452.434	75.47	
452.639	41.88	
452.844	71.37	
453.049	27.55	
453.254	-28.16	
453.459	-66.25	
453.664	-12.19	
453.869	-34.71	
454.074	27.14	
454.279	52.12	
454.483	15.26	
454.688	-9.73	
454.893	44.34	
455.098	26.73	
455.303	9.11	
455.508	57.86	
455.713	55.81	
455.917	-44.95	
456.122	-10.14	
456.327	-38.81	
456.532	4.2	
456.737	-42.5	
456.941	-8.91	
457.146	-60.52	
457.351	-24.06	
457.555	-55.6	
457.76	12.8	
457.965	29.18	
458.17	51.71	
458.374	106.6	
458.579	121.34	
458.784	56.22	
458.988	26.73	
459.193	10.34	
459.397	-21.61	
459.602	-62.16	
459.807	63.59	
460.011	63.59	
460.216	68.91	
460.42	3.38	
460.625	-21.61	
460.829	-83.86	
461.034	-96.56	
461.239	-122.78	
461.443	-67.89	
461.648	-24.06	
461.852	-76.49	
462.056	-3.99	
462.261	3.79	
462.465	69.73	
462.67	52.94	
462.874	93.08	
463.079	35.33	
463.283	56.63	
463.487	-7.68	
463.692	20.99	
463.896	-27.34	
464.1	-43.31	
464.305	-70.35	
464.509	-90.42	
464.713	-80.59	
464.918	14.85	
465.122	77.52	
465.326	61.54	
465.531	52.12	
465.735	2.97	
465.939	-39.22	
466.143	-96.56	
466.348	-90.42	
466.552	-104.75	
466.756	-65.43	
466.96	-32.26	
467.164	-12.6	
467.368	3.79	
467.573	48.84	
467.777	-1.95	
467.981	-49.05	
468.185	-53.14	
468.389	-26.93	
468.593	-107.62	
468.797	-131.79	
469.001	-119.09	
469.205	-121.96	
469.409	-110.49	
469.613	-45.36	
469.817	8.29	
470.021	28.36	
470.225	38.6	
470.429	16.9	
470.633	16.9	
470.837	34.1	
471.041	20.99	
471.245	-3.58	
471.449	15.67	
471.653	9.93	
471.857	36.15	
472.061	-12.19	
472.265	11.57	
472.469	5.02	
472.673	-24.47	
472.876	-53.96	
473.08	-35.53	
473.284	4.61	
473.488	-20.38	
473.692	41.06	
473.895	68.09	
474.099	114.38	
474.303	61.95	
474.507	101.68	
474.71	83.25	
474.914	36.15	
475.118	-5.22	
475.322	25.91	
475.525	-60.52	
475.729	-37.17	
475.933	-28.16	
476.136	81.2	
476.34	91.44	
476.543	170.08	
476.747	153.29	
476.951	173.77	
477.154	70.14	
477.358	98.4	
477.561	74.65	
477.765	67.28	
477.969	37.38	
478.172	25.91	
478.376	-8.09	
478.579	-6.04	
478.783	-31.03	
478.986	-20.38	
479.19	-7.68	
479.393	0.92	
479.596	5.02	
479.8	51.71	
480.003	48.43	
480.207	51.71	
480.41	13.62	
480.614	23.04	
480.817	-28.98	
481.02	50.48	
481.224	109.87	
481.427	148.78	
481.63	175.41	
481.834	211.04	
482.037	112.33	
482.24	56.22	
482.443	25.5	
482.647	-30.21	
482.85	-47.41	
483.053	-0.31	
483.256	-65.43	
483.46	-22.83	
483.663	-13.82	
483.866	33.69	
484.069	18.12	
484.272	55.81	
484.476	32.05	
484.679	60.31	
484.882	79.97	
485.085	26.73	
485.288	28.36	
485.491	57.45	
485.694	7.07	
485.897	-22.43	
486.101	-6.04	
486.304	46.8	
486.507	-23.24	
486.71	-3.99	
486.913	-38.81	
487.116	-58.88	
487.319	-96.97	
487.522	-70.76	
487.725	-15.05	
487.928	-23.24	
488.13	-8.09	
488.333	23.86	
488.536	30.41	
488.739	-32.26	
488.942	1.74	
489.145	9.52	
489.348	-17.92	
489.551	-37.17	
489.754	-4.81	
489.956	-42.09	
490.159	-46.18	
490.362	-78.95	
490.565	-97.38	
490.768	-128.1	
490.97	-40.86	
491.173	-10.55	
491.376	-10.55	
491.579	-0.72	
491.781	59.9	
491.984	-5.63	
492.187	-1.54	
492.39	12.39	
492.592	33.28	
492.795	21.4	
492.998	-24.88	
493.2	-60.11	
493.403	-26.52	
493.605	52.12	
493.808	25.5	
494.011	28.36	
494.213	49.66	
494.416	68.91	
494.618	-33.07	
494.821	-70.76	
495.023	-4.81	
495.226	25.5	
495.428	-6.86	
495.631	40.65	
495.833	109.46	
496.036	83.66	
496.238	40.65	
496.441	77.52	
496.643	37.38	
496.846	-7.27	
497.048	9.11	
497.25	62.36	
497.453	41.88	
497.655	152.06	
497.858	211.04	
498.06	238.9	
498.262	163.53	
498.465	164.76	
498.667	82.02	
498.869	61.54	
499.071	6.66	
499.274	82.84	
499.476	59.49	
499.678	26.73	
499.881	-3.58	
500.083	11.98	
500.285	-66.25	
500.487	-34.3	
500.689	-6.86	
500.892	-36.76	
501.094	-94.51	
501.296	-31.03	
501.498	-55.6	
501.7	-75.67	
501.902	-40.86	
502.104	19.76	
502.306	-19.15	
502.509	4.2	
502.711	-24.06	
502.913	-12.19	
503.115	-44.95	
503.317	-29.39	
503.519	-81.82	
503.721	-21.2	
503.923	32.46	
504.125	41.47	
504.327	79.56	
504.529	118.07	
504.731	86.94	
504.933	54.58	
505.134	55.4	
505.336	36.56	
505.538	32.46	
505.74	18.53	
505.942	-40.45	
506.144	-46.59	
506.346	-91.24	
506.548	-22.43	
506.749	0.92	
506.951	36.97	
507.153	38.19	
507.355	25.09	
507.557	-25.7	
507.758	-22.43	
507.96	-58.88	
508.162	-21.2	
508.363	26.73	
508.565	16.49	
508.767	-27.75	
508.969	-6.86	
509.17	14.85	
509.372	-15.05	
509.574	-52.74	
509.775	1.33	
509.977	-14.64	
510.178	-9.73	
510.38	16.08	
510.582	48.84	
510.783	-1.13	
510.985	14.03	
511.186	-54.78	
511.388	1.33	
511.589	26.73	
511.791	7.48	
511.992	-1.13	
512.194	45.57	
512.395	-84.27	
512.597	-81.41	
512.798	-42.09	
513	-28.98	
513.201	-48.23	
513.403	64.82	
513.604	26.73	
513.805	37.38	
514.007	27.95	
514.208	-29.8	
514.409	-94.51	
514.611	-98.2	
514.812	-75.26	
515.013	-13.82	
515.215	31.64	
515.416	22.63	
515.617	-6.45	
515.819	-66.25	
516.02	-148.99	
516.221	-116.63	
516.422	-110.49	
516.623	-84.27	
516.825	-56.42	
517.026	-37.17	
517.227	-94.1	
517.428	-87.96	
517.629	-65.02	
517.83	-42.09	
518.032	-20.79	
518.233	27.55	
518.434	52.94	
518.635	60.72	
518.836	35.33	
519.037	14.85	
519.238	24.68	
519.439	18.53	
519.64	-18.33	
519.841	-3.58	
520.042	-0.72	
520.243	-46.59	
520.444	-68.3	
520.645	-48.64	
520.846	-57.24	
521.047	-39.63	
521.248	-13.41	
521.449	14.85	
521.65	14.44	
521.851	74.65	
522.052	40.65	
522.252	75.88	
522.453	86.12	
522.654	66.46	
522.855	9.52	
523.056	0.92	
523.257	-46.18	
523.457	-41.27	
523.658	-20.38	
523.859	-39.63	
524.06	-49.05	
524.26	-87.96	
524.461	-131.38	
524.662	-118.27	
524.862	-151.04	
525.063	-87.96	
525.264	-40.86	
525.464	-34.3	
525.665	-12.6	
525.866	107.42	
526.066	65.64	
526.267	66.46	
526.468	52.53	
526.668	28.36	
526.869	-27.75	
527.069	-17.1	
527.27	7.88	
527.47	60.31	
527.671	48.84	
527.871	19.35	
528.072	46.39	
528.272	24.68	
528.473	46.8	
528.673	122.16	
528.874	129.94	
529.074	125.44	
529.275	148.38	
529.475	109.46	
529.675	12.39	
529.876	34.1	
530.076	-21.2	
530.277	-55.19	
530.477	-47.41	
530.677	-64.2	
530.878	-106.39	
531.078	-3.99	
531.278	-23.65	
531.478	-66.25	
531.679	-46.18	
531.879	-22.43	
532.079	-69.53	
532.28	-30.62	
532.48	-46.59	
532.68	-28.98	
532.88	-24.06	
533.08	-33.89	
533.28	-53.55	
533.481	-32.67	
533.681	-31.03	
533.881	-26.11	
534.081	-39.22	
534.281	-11.37	
534.481	12.8	
534.681	58.26	
534.881	89.8	
535.081	90.62	
535.281	70.14	
535.481	135.27	
535.682	83.66	
535.882	39.01	
536.082	27.95	
536.281	10.75	
536.481	-26.93	
536.681	6.66	
536.881	2.56	
537.081	-0.31	
537.281	2.56	
537.481	-56.83	
537.681	-101.89	
537.881	-130.56	
538.081	-64.61	
538.281	-50.69	
538.48	-50.28	
538.68	-43.31	
538.88	47.21	
539.08	29.59	
539.28	23.45	
539.479	95.13	
539.679	95.13	
539.879	16.08	
540.079	-1.54	
540.278	-3.58	
540.478	-85.09	
540.678	-74.03	
540.877	-19.56	
541.077	-61.34	
541.277	-56.83	
541.476	50.89	
541.676	56.22	
541.876	103.73	
542.075	141.82	
542.275	111.92	
542.474	45.98	
542.674	61.95	
542.874	-20.38	
543.073	-46.59	
543.273	2.97	
543.472	27.14	
543.672	-2.76	
543.871	-3.99	
544.071	26.32	
544.27	75.06	
544.47	26.73	
544.669	69.73	
544.868	86.94	
545.068	64	
545.267	-19.15	
545.467	76.7	
545.666	-5.22	
545.865	11.98	
546.065	-19.15	
546.264	-10.14	
546.463	-86.32	
546.663	-39.22	
546.862	-73.21	
547.061	-24.47	
547.261	-6.04	
547.46	45.16	
547.659	42.29	
547.858	124.62	
548.058	143.05	
548.257	175.82	
548.456	116.43	
548.655	110.28	
548.854	45.16	
549.053	68.5	
549.253	6.66	
549.452	18.12	
549.651	75.47	
549.85	126.67	
550.049	80.79	
550.248	84.48	
550.447	107.01	
550.646	104.14	
550.845	104.96	
551.044	97.18	
551.243	93.49	
551.442	91.44	
551.641	58.67	
551.84	87.76	
552.039	130.76	
552.238	150.42	
552.437	120.11	
552.636	98	
552.835	32.46	
553.034	59.9	
553.233	64.82	
553.432	76.29	
553.63	100.86	
553.829	93.08	
554.028	5.02	
554.227	3.38	
554.426	9.52	
554.625	6.66	
554.823	-3.17	
555.022	43.11	
555.221	98.4	
555.42	109.05	
555.618	133.63	
555.817	129.12	
556.016	120.52	
556.214	117.25	
556.413	96.36	
556.612	70.14	
556.81	70.55	
557.009	67.69	
557.208	14.03	
557.406	36.56	
557.605	26.32	
557.803	26.73	
558.002	11.57	
558.201	-34.3	
558.399	-45.36	
558.598	-87.55	
558.796	-80.18	
558.995	-84.27	
559.193	-30.62	
559.392	-46.59	
559.59	12.39	
559.789	21.4	
559.987	76.29	
560.185	122.98	
560.384	120.52	
560.582	115.61	
560.781	185.65	
560.979	177.46	
561.177	95.13	
561.376	109.87	
561.574	142.64	
561.772	-24.47	
561.971	34.51	
562.169	60.72	
562.367	4.2	
562.566	-55.19	
562.764	13.21	
562.962	-78.95	
563.16	-119.91	
563.358	-52.74	
563.557	-13	
563.755	15.26	
563.953	14.44	
564.151	69.32	
564.349	88.57	
564.547	108.24	
564.746	89.8	
564.944	79.56	
565.142	77.11	
565.34	57.45	
565.538	10.34	
565.736	35.33	
565.934	-10.55	
566.132	-16.28	
566.33	-8.91	
566.528	39.42	
566.726	-8.91	
566.924	71.78	
567.122	46.39	
567.32	18.53	
567.518	-18.33	
567.716	-3.17	
567.914	-17.51	
568.112	-10.55	
568.31	34.51	
568.507	54.99	
568.705	22.22	
568.903	0.1	
569.101	50.48	
569.299	56.22	
569.497	59.9	
569.694	104.14	
569.892	104.14	
570.09	87.76	
570.288	20.58	
570.486	-14.23	
570.683	29.18	
570.881	14.85	
571.079	-45.77	
571.276	-38.81	
571.474	-33.89	
571.672	-124.82	
571.869	-95.33	
572.067	-54.78	
572.265	-15.46	
572.462	17.31	
572.66	68.91	
572.857	80.79	
573.055	97.18	
573.253	68.91	
573.45	34.51	
573.648	50.89	
573.845	24.68	
574.043	11.16	
574.24	12.8	
574.438	-21.61	
574.635	-42.5	
574.832	-63.79	
575.03	-41.68	
575.227	59.49	
575.425	61.13	
575.622	37.79	
575.82	52.94	
576.017	61.95	
576.214	-21.2	
576.412	41.06	
576.609	4.2	
576.806	-3.99	
577.004	-20.79	
577.201	-27.34	
577.398	-27.34	
577.595	111.92	
577.793	159.84	
577.99	157.8	
578.187	127.08	
578.384	108.64	
578.582	16.49	
578.779	39.42	
578.976	29.18	
579.173	118.07	
579.37	118.47	
579.567	159.84	
579.764	113.15	
579.962	127.49	
580.159	100.45	
580.356	127.49	
580.553	132.4	
580.75	141.41	
580.947	147.56	
581.144	177.05	
581.341	163.12	
581.538	173.36	
581.735	145.51	
581.932	160.25	
582.129	55.81	
582.326	36.56	
582.523	-19.97	
582.72	-28.16	
582.916	-79.77	
583.113	-46.59	
583.31	-65.84	
583.507	-45.77	
583.704	21.81	
583.901	75.88	
584.098	73.42	
584.294	106.19	
584.491	86.94	
584.688	46.8	
584.885	-16.69	
585.082	88.57	
585.278	132.4	
585.475	136.91	
585.672	128.71	
585.868	138.14	
586.065	47.62	
586.262	-42.9	
586.458	-8.5	
586.655	37.38	
586.852	18.94	
587.048	9.93	
587.245	1.33	
587.442	45.16	
587.638	39.01	
587.835	127.49	
588.031	151.65	
588.228	197.94	
588.424	149.6	
588.621	145.92	
588.817	72.6	
589.014	100.86	
589.21	94.31	
589.407	54.58	
589.603	7.48	
589.8	46.39	
589.996	42.29	
590.192	34.51	
590.389	72.19	
590.585	96.36	
590.782	25.5	
590.978	62.77	
591.174	46.8	
591.371	42.29	
591.567	34.51	
591.763	64	
591.959	13.21	
592.156	44.34	
592.352	27.95	
592.548	38.6	
592.744	69.73	
592.941	36.97	
593.137	3.38	
593.333	-15.05	
593.529	38.6	
593.725	27.55	
593.922	-4.81	
594.118	76.29	
594.314	66.87	
594.51	46.39	
594.706	5.84	
594.902	95.54	
595.098	72.19	
595.294	101.27	
595.49	27.14	
595.686	77.11	
595.882	-9.73	
596.078	27.95	
596.274	44.34	
596.47	113.97	
596.666	113.15	
596.862	144.28	
597.058	117.66	
597.254	125.85	
597.45	61.95	
597.646	99.22	
597.842	100.86	
598.037	135.27	
598.233	127.49	
598.429	181.14	
598.625	94.72	
598.821	70.96	
599.017	-24.06	
599.212	15.26	
599.408	27.14	
599.604	64.82	
599.8	84.07	
599.995	72.6	
600.191	31.23	
600.387	-28.57	
600.582	-44.54	
600.778	-7.68	
600.974	26.32	
601.169	4.2	
601.365	33.28	
601.561	1.74	
601.756	-45.36	
601.952	-51.51	
602.147	-80.59	
602.343	-85.09	
602.538	-15.05	
602.734	-6.45	
602.93	6.66	
603.125	43.52	
603.321	55.81	
603.516	22.22	
603.711	32.46	
603.907	47.62	
604.102	45.57	
604.298	75.06	
604.493	86.94	
604.689	115.61	
604.884	97.18	
605.079	97.18	
605.275	43.52	
605.47	24.68	
605.665	9.52	
605.861	41.88	
606.056	45.16	
606.251	4.61	
606.447	7.88	
606.642	-3.17	
606.837	-61.34	
607.032	-8.09	
607.227	0.92	
607.423	3.38	
607.618	-4.81	
607.813	3.38	
608.008	-62.16	
608.203	45.98	
608.398	110.28	
608.594	85.71	
608.789	100.45	
608.984	165.58	
609.179	126.67	
609.374	37.38	
609.569	60.31	
609.764	23.45	
609.959	-19.15	
610.154	-55.6	
610.349	-1.54	
610.544	-1.54	
610.739	31.64	
610.934	49.66	
611.129	106.6	
611.324	127.08	
611.519	154.52	
611.714	177.87	
611.909	129.12	
612.103	150.83	
612.298	131.58	
612.493	131.58	
612.688	116.43	
612.883	177.05	
613.078	90.62	
613.272	161.07	
613.467	147.15	
613.662	180.32	
613.857	193.02	
614.051	254.87	
614.246	129.53	
614.441	96.36	
614.635	5.43	
614.83	-59.7	
615.025	-142.03	
615.219	-124.82	
615.414	-146.53	
615.609	-110.49	
615.803	-124	
615.998	-30.62	
616.192	-7.27	
616.387	40.65	
616.582	116.43	
616.776	173.77	
616.971	127.9	
617.165	130.76	
617.36	82.43	
617.554	45.57	
617.749	88.98	
617.943	102.09	
618.138	112.33	
618.332	130.35	
618.526	82.02	
618.721	0.51	
618.915	21.81	
619.11	16.08	
619.304	-7.27	
619.498	11.57	
619.693	69.32	
619.887	15.67	
620.081	-27.34	
620.275	32.87	
620.47	52.12	
620.664	11.98	
620.858	-3.17	
621.052	9.52	
621.247	9.93	
621.441	-10.14	
621.635	-3.99	
621.829	45.16	
622.023	61.54	
622.218	107.83	
622.412	86.12	
622.606	55.81	
622.8	39.83	
622.994	32.87	
623.188	-58.06	
623.382	-57.65	
623.576	-44.95	
623.77	-67.89	
623.964	-38.81	
624.158	-7.68	
624.352	-53.14	
624.546	-14.64	
624.74	29.59	
624.934	2.15	
625.128	22.63	
625.322	88.17	
625.516	78.33	
625.71	23.04	
625.904	-15.05	
626.098	15.26	
626.291	26.32	
626.485	11.16	
626.679	16.49	
626.873	123.39	
627.067	78.33	
627.26	108.24	
627.454	126.67	
627.648	181.14	
627.842	110.69	
628.035	110.28	
628.229	89.39	
628.423	31.23	
628.617	-12.19	
628.81	-13.41	
629.004	-18.33	
629.198	-21.2	
629.391	-4.81	
629.585	63.59	
629.778	27.14	
629.972	62.36	
630.166	61.95	
630.359	27.95	
630.553	-40.04	
630.746	35.74	
630.94	34.1	
631.133	-23.24	
631.327	26.73	
631.52	17.31	
631.714	-27.75	
631.907	-48.23	
632.1	39.42	
632.294	94.72	
632.487	120.52	
632.681	150.83	
632.874	161.89	
633.067	159.43	
633.261	94.31	
633.454	99.63	
633.647	108.24	
633.841	50.07	
634.034	39.42	
634.227	48.02	
634.421	7.48	
634.614	-21.61	
634.807	11.98	
635	-66.66	
635.193	-32.67	
635.387	-30.21	
635.58	-51.92	
635.773	-53.14	
635.966	23.04	
636.159	11.98	
636.352	-31.44	
636.545	-33.48	
636.739	-62.57	
636.932	-90.01	
637.125	-130.15	
637.318	-89.19	
637.511	-24.88	
637.704	-47.82	
637.897	-14.64	
638.09	-13.82	
638.283	16.49	
638.476	-19.97	
638.669	41.47	
638.862	34.1	
639.055	23.86	
639.247	41.88	
639.44	14.44	
639.633	36.97	
639.826	-6.45	
640.019	29.18	
640.212	10.75	
640.405	43.11	
640.597	-3.99	
640.79	39.01	
640.983	45.98	
641.176	21.81	
641.368	59.08	
641.561	106.6	
641.754	53.76	
641.947	97.59	
642.139	143.46	
642.332	80.79	
642.525	70.96	
642.717	119.29	
642.91	34.92	
643.103	-3.17	
643.295	-8.5	
643.488	-17.51	
643.68	-64.2	
643.873	-44.13	
644.065	-37.17	
644.258	-17.92	
644.45	-51.1	
644.643	-25.7	
644.835	-19.56	
645.028	-36.35	
645.22	-45.36	
645.413	-64.61	
645.605	-73.21	
645.798	-97.38	
645.99	-28.57	
646.182	-6.45	
646.375	53.35	
646.567	73.42	
646.76	52.53	
646.952	26.73	
647.144	0.92	
647.337	-54.37	
647.529	-41.68	
647.721	20.17	
647.913	-13	
648.106	-29.39	
648.298	-17.51	
648.49	-65.84	
648.682	-138.34	
648.874	-122.37	
649.067	-106.39	
649.259	-95.33	
649.451	-87.14	
649.643	-28.16	
649.835	-5.22	
650.027	32.05	
650.219	30.41	
650.411	64	
650.603	33.28	
650.796	44.34	
650.988	47.21	
651.18	75.47	
651.372	93.49	
651.564	83.66	
651.756	14.44	
651.948	12.39	
652.139	-21.2	
652.331	-47.82	
652.523	1.33	
652.715	41.06	
652.907	27.55	
653.099	47.62	
653.291	44.75	
653.483	11.98	
653.674	28.77	
653.866	36.15	
654.058	12.8	
654.25	9.52	
654.442	16.49	
654.633	-59.29	
654.825	-90.01	
655.017	-80.59	
655.209	-90.01	
655.4	-76.9	
655.592	-102.3	
655.784	-48.23	
655.975	-46.18	
656.167	-47	
656.359	-74.85	
656.55	13.62	
656.742	-51.92	
656.933	9.93	
657.125	30	
657.316	45.57	
657.508	-11.78	
657.7	43.11	
657.891	-44.13	
658.083	-21.61	
658.274	-3.17	
658.466	33.69	
658.657	39.42	
658.848	13.62	
659.04	-6.86	
659.231	-34.3	
659.423	-29.39	
659.614	-72.81	
659.805	45.57	
659.997	108.24	
660.188	156.98	
660.379	181.55	
660.571	171.31	
660.762	101.68	
660.953	19.76	
661.145	4.61	
661.336	-51.92	
661.527	136.5	
661.718	187.29	
661.909	180.32	
662.101	176.64	
662.292	201.21	
662.483	-2.36	
662.674	-51.51	
662.865	-39.22	
663.056	-74.44	
663.247	-111.31	
663.439	-49.05	
663.63	-42.5	
663.821	-66.25	
664.012	-33.89	
664.203	38.19	
664.394	54.58	
664.585	66.05	
664.776	54.58	
664.967	68.09	
665.158	55.4	
665.349	74.24	
665.54	38.19	
665.73	104.55	
665.921	23.45	
666.112	-15.87	
666.303	-83.86	
666.494	34.1	
666.685	-11.37	
666.876	75.47	
667.066	96.36	
667.257	131.17	
667.448	-6.86	
667.639	-11.37	
667.83	-39.22	
668.02	-49.05	
668.211	-101.48	
668.402	-13.41	
668.592	-48.64	
668.783	-97.38	
668.974	-90.42	
669.164	-43.31	
669.355	-59.7	
669.546	11.16	
669.736	50.89	
669.927	35.74	
670.117	-7.27	
670.308	-8.91	
670.499	-72.81	
670.689	-85.09	
670.88	-110.9	
671.07	-65.84	
671.261	-91.65	
671.451	-13.41	
671.641	-63.38	
671.832	1.74	
672.022	-10.55	
672.213	-30.21	
672.403	-71.58	
672.594	28.77	
672.784	18.53	
672.974	-16.69	
673.165	-46.59	
673.355	-28.57	
673.545	-23.65	
673.736	18.12	
673.926	-24.47	
674.116	36.56	
674.306	-21.61	
674.497	-77.31	
674.687	-137.93	
674.877	-99.84	
675.067	-117.45	
675.257	-83.45	
675.448	-81.82	
675.638	-50.28	
675.828	-66.25	
676.018	-35.53	
676.208	-43.31	
676.398	-22.02	
676.588	-44.13	
676.778	-30.62	
676.968	-38.4	
677.158	-1.13	
677.348	-46.59	
677.538	-62.57	
677.728	-45.77	
677.918	-77.31	
678.108	-123.59	
678.298	-94.51	
678.488	-99.02	
678.678	-52.33	
678.868	-31.44	
679.058	-5.22	
679.248	6.66	
679.438	20.99	
679.627	-15.05	
679.817	-51.51	
680.007	-62.98	
680.197	-66.66	
680.387	-97.79	
680.576	-86.73	
680.766	-78.95	
680.956	-103.12	
681.146	-75.26	
681.335	-59.7	
681.525	-102.71	
681.715	-80.18	
681.904	-24.06	
682.094	-38.81	
682.284	-44.95	
682.473	4.61	
682.663	36.56	
682.852	32.87	
683.042	52.94	
683.231	77.52	
683.421	78.33	
683.61	49.66	
683.8	18.53	
683.989	-16.28	
684.179	15.26	
684.368	-51.1	
684.558	-62.98	
684.747	-66.66	
684.937	-100.25	
685.126	-124	
685.316	-107.62	
685.505	-134.65	
685.694	-86.32	
685.884	25.09	
686.073	-13.82	
686.262	-17.92	
686.452	19.76	
686.641	1.33	
686.83	-66.66	
687.019	-53.96	
687.209	-23.65	
687.398	1.33	
687.587	-18.33	
687.776	-23.65	
687.965	-44.13	
688.155	-57.65	
688.344	-124	
688.533	-102.3	
688.722	-136.29	
688.911	-31.44	
689.1	22.63	
689.289	106.19	
689.478	81.61	
689.667	125.85	
689.856	-14.64	
690.045	-55.19	
690.234	-120.32	
690.423	-50.69	
690.612	-93.28	
690.801	8.29	
690.99	-18.33	
691.179	31.23	
691.368	-15.87	
691.557	66.05	
691.746	-1.13	
691.935	17.71	
692.124	-26.11	
692.312	-11.37	
692.501	-80.18	
692.69	-31.03	
692.879	-30.21	
693.068	-19.15	
693.256	-55.19	
693.445	21.81	
693.634	-10.14	
693.823	-35.12	
694.011	-31.44	
694.2	-4.4	
694.389	-83.86	
694.577	-82.23	
694.766	-58.06	
694.955	-57.65	
695.143	-86.32	
695.332	-47.82	
695.52	-60.52	
695.709	-23.65	
695.897	-33.48	
696.086	-49.05	
696.275	-96.97	
696.463	-71.58	
696.652	-109.67	
696.84	-60.11	
697.028	-50.69	
697.217	-8.91	
697.405	31.23	
697.594	54.17	
697.782	4.2	
697.971	32.87	
698.159	6.66	
698.347	9.93	
698.536	16.08	
698.724	62.77	
698.912	19.35	
699.1	40.65	
699.289	48.43	
699.477	30	
699.665	-6.04	
699.854	6.25	
700.042	11.98	
700.23	-10.55	
700.418	-6.86	
700.606	-12.19	
700.794	20.17	
700.983	25.09	
701.171	34.92	
701.359	3.79	
701.547	46.39	
701.735	36.97	
701.923	-14.23	
702.111	-72.81	
702.299	-88.78	
702.487	-103.12	
702.675	-137.52	
702.863	-103.52	
703.051	-105.98	
703.239	-42.5	
703.427	-80.59	
703.615	-86.73	
703.803	-110.49	
703.991	-38.81	
704.179	-60.93	
704.367	5.84	
704.554	79.56	
704.742	98	
704.93	122.98	
705.118	160.66	
705.306	98.4	
705.493	52.12	
705.681	17.71	
705.869	6.66	
706.057	-65.84	
706.244	-64.2	
706.432	-58.06	
706.62	-0.72	
706.807	-96.97	
706.995	-20.79	
707.183	-60.11	
707.37	-25.7	
707.558	-12.6	
707.746	89.8	
707.933	87.35	
708.121	182.37	
708.308	127.08	
708.496	83.25	
708.683	11.57	
708.871	45.98	
709.058	-21.2	
709.246	2.56	
709.433	-37.17	
709.621	-17.92	
709.808	-99.43	
709.995	-20.38	
710.183	-30.21	
710.37	3.79	
710.558	-24.06	
710.745	5.43	
710.932	-45.77	
711.12	9.11	
711.307	15.26	
711.494	66.87	
711.681	75.47	
711.869	41.88	
712.056	16.9	
712.243	8.7	
712.43	-79.77	
712.618	-65.84	
712.805	-74.44	
712.992	-93.69	
713.179	-119.09	
713.366	-63.79	
713.553	-42.09	
713.74	-31.03	
713.928	-94.1	
714.115	-21.61	
714.302	-54.37	
714.489	-81.82	
714.676	-109.67	
714.863	-11.37	
715.05	-36.76	
715.237	-43.31	
715.424	-90.83	
715.611	10.75	
715.798	-2.76	
715.984	-16.69	
716.171	40.24	
716.358	66.05	
716.545	24.68	
716.732	25.91	
716.919	-0.31	
717.106	-47.41	
717.293	-46.18	
717.479	-24.06	
717.666	-98.61	
717.853	-87.55	
718.04	-47	
718.226	-33.48	
718.413	-86.32	
718.6	-46.18	
718.786	-40.04	
718.973	-21.2	
719.16	-71.58	
719.346	-42.9	
719.533	-54.37	
719.72	5.02	
719.906	-46.59	
720.093	-1.13	
720.279	-47.41	
720.466	-19.56	
720.652	-23.24	
720.839	35.74	
721.025	44.75	
721.212	85.71	
721.398	83.25	
721.585	71.37	
721.771	21.4	
721.958	-19.56	
722.144	-13	
722.331	-87.55	
722.517	-129.74	
722.703	-99.84	
722.89	-120.73	
723.076	-108.44	
723.262	-3.58	
723.449	6.66	
723.635	-58.06	
723.821	-51.51	
724.007	-103.52	
724.194	-154.31	
724.38	-169.47	
724.566	-132.61	
724.752	-81.41	
724.938	-22.02	
725.125	19.35	
725.311	72.6	
725.497	56.63	
725.683	21.81	
725.869	-40.04	
726.055	-54.78	
726.241	-90.42	
726.427	-78.95	
726.613	-91.24	
726.799	-3.58	
726.985	-44.13	
727.171	-22.02	
727.357	9.93	
727.543	66.87	
727.729	11.57	
727.915	64.41	
728.101	55.4	
728.287	34.51	
728.473	-10.14	
728.659	-15.05	
728.845	-78.54	
729.03	-117.86	
729.216	-103.93	
729.402	-131.79	
729.588	-153.09	
729.774	-129.33	
729.959	-103.12	
730.145	-75.67	
730.331	-33.07	
730.517	-15.46	
730.702	-9.73	
730.888	-2.76	
731.074	-91.24	
731.259	-69.94	
731.445	-27.75	
731.63	-22.02	
731.816	-36.35	
732.002	88.57	
732.187	120.93	
732.373	85.71	
732.558	103.73	
732.744	161.48	
732.929	104.14	
733.115	9.52	
733.3	-60.93	
733.486	-66.25	
733.671	-170.29	
733.857	-225.17	
734.042	-169.06	
734.227	-125.23	
734.413	-77.31	
734.598	11.16	
734.784	21.81	
734.969	-6.45	
735.154	30.82	
735.339	1.33	
735.525	18.12	
735.71	67.69	
735.895	23.45	
736.081	-1.13	
736.266	7.88	
736.451	-24.88	
736.636	-11.78	
736.821	16.49	
737.007	-0.72	
737.192	-29.8	
737.377	-56.83	
737.562	-121.55	
737.747	-82.64	
737.932	-49.87	
738.117	-67.48	
738.302	-4.81	
738.487	18.53	
738.672	-24.47	
738.857	-15.87	
739.042	7.48	
739.227	17.31	
739.412	-6.04	
739.597	1.33	
739.782	34.92	
739.967	9.93	
740.152	-16.28	
740.337	38.19	
740.522	84.89	
740.706	64	
740.891	127.9	
741.076	134.86	
741.261	139.36	
741.446	128.71	
741.63	98.4	
741.815	75.06	
742	9.11	
742.185	-12.19	
742.369	-25.29	
742.554	-38.81	
742.739	-58.47	
742.923	-26.93	
743.108	-3.17	
743.293	19.35	
743.477	14.85	
743.662	34.51	
743.846	14.85	
744.031	-6.45	
744.216	-38.4	
744.4	31.64	
744.585	-4.4	
744.769	46.39	
744.954	42.29	
745.138	33.69	
745.322	8.29	
745.507	-9.32	
745.691	-28.57	
745.876	-29.8	
746.06	20.58	
746.244	45.98	
746.429	119.7	
746.613	98.4	
746.798	98	
746.982	47.62	
747.166	39.01	
747.35	-28.16	
747.535	-20.79	
747.719	3.79	
747.903	69.32	
748.087	39.01	
748.272	40.65	
748.456	67.69	
748.64	27.14	
748.824	17.31	
749.008	27.55	
749.192	8.7	
749.376	-15.05	
749.56	-18.33	
749.745	-84.27	
749.929	-60.52	
750.113	-32.67	
750.297	-87.55	
750.481	-31.85	
750.665	12.8	
750.849	-18.33	
751.033	6.66	
751.217	6.66	
751.4	-4.81	
751.584	-30.21	
751.768	-8.09	
751.952	-53.14	
752.136	-28.57	
752.32	-76.49	
752.504	-34.71	
752.688	-30.62	
752.871	-11.78	
753.055	-15.87	
753.239	-0.72	
753.423	-16.28	
753.606	-57.65	
753.79	-3.58	
753.974	11.16	
754.157	-2.76	
754.341	-30.21	
754.525	-28.98	
754.708	-72.4	
754.892	-77.31	
755.076	-28.98	
755.259	-5.63	
755.443	-28.16	
755.626	1.33	
755.81	34.1	
755.993	14.44	
756.177	-29.39	
756.36	18.94	
756.544	-3.17	
756.727	-25.29	
756.911	-20.79	
757.094	41.47	
757.278	24.27	
757.461	-8.09	
757.644	-16.69	
757.828	-61.34	
758.011	-60.93	
758.195	-63.38	
758.378	-60.11	
758.561	-51.92	
758.744	-50.69	
758.928	-19.97	
759.111	-35.12	
759.294	14.03	
759.477	23.86	
759.661	52.53	
759.844	12.39	
760.027	41.06	
760.21	-14.23	
760.393	-1.95	
760.576	7.07	
760.76	-13.82	
760.943	-60.11	
761.126	45.57	
761.309	82.02	
761.492	80.38	
761.675	65.64	
761.858	102.09	
762.041	15.67	
762.224	-80.18	
762.407	-87.96	
762.59	-69.94	
762.773	-113.76	
762.956	-111.31	
763.139	-76.9	
763.321	-47.41	
763.504	-84.68	
763.687	-55.19	
763.87	-47	
764.053	-45.77	
764.236	-39.22	
764.418	-6.86	
764.601	-24.88	
764.784	11.57	
764.967	60.72	
765.149	25.09	
765.332	41.06	
765.515	89.8	
765.697	27.95	
765.88	-12.19	
766.063	-13	
766.245	-23.24	
766.428	-74.03	
766.611	-57.65	
766.793	-47	
766.976	-1.54	
767.158	-64.2	
767.341	17.71	
767.523	16.9	
767.706	35.33	
767.888	-21.2	
768.071	127.49	
768.253	66.05	
768.436	109.05	
768.618	105.37	
768.8	204.9	
768.983	153.7	
769.165	146.74	
769.348	58.67	
769.53	23.86	
769.712	-77.72	
769.895	-106.8	
770.077	-94.1	
770.259	-56.42	
770.441	-69.12	
770.624	6.25	
770.806	15.67	
770.988	-4.81	
771.17	-8.5	
771.352	60.72	
771.535	54.99	
771.717	59.08	
771.899	65.23	
772.081	130.35	
772.263	79.56	
772.445	20.99	
772.627	-53.96	
772.809	-37.58	
772.991	-86.73	
773.173	-60.93	
773.355	-48.23	
773.537	-18.33	
773.719	-35.53	
773.901	32.05	
774.083	-7.27	
774.265	-37.99	
774.447	-44.13	
774.629	-18.33	
774.811	-64.2	
774.992	-22.02	
775.174	-23.24	
775.356	36.56	
775.538	-16.69	
775.72	-56.01	
775.901	-71.58	
776.083	-71.17	
776.265	-108.03	
776.447	-22.83	
776.628	54.17	
776.81	39.01	
776.992	109.46	
777.173	104.96	
777.355	61.13	
777.537	33.28	
777.718	43.52	
777.9	24.27	
778.081	34.51	
778.263	47.62	
778.444	18.53	
778.626	-16.69	
778.807	-65.84	
778.989	-90.01	
779.17	-141.62	
779.352	-204.28	
779.533	-221.49	
779.715	-159.64	
779.896	-193.64	
780.078	-124.82	
780.259	-55.6	
780.44	-27.75	
780.622	-81	
780.803	32.05	
780.984	5.02	
781.166	-48.64	
781.347	-32.67	
781.528	-15.05	
781.709	-62.98	
781.891	-45.77	
782.072	2.97	
782.253	34.1	
782.434	11.57	
782.615	-6.04	
782.796	-8.91	
782.978	32.05	
783.159	36.56	
783.34	122.16	
783.521	134.86	
783.702	128.31	
783.883	124.62	
784.064	131.99	
784.245	41.47	
784.426	77.93	
784.607	50.48	
784.788	53.76	
784.969	-22.83	
785.15	20.99	
785.331	-73.21	
785.512	-22.02	
785.692	-45.36	
785.873	13.21	
786.054	-24.06	
786.235	9.52	
786.416	8.7	
786.597	-10.14	
786.777	-52.33	
786.958	-34.71	
787.139	0.1	
787.32	14.03	
787.5	43.93	
787.681	11.98	
787.862	30	
788.042	26.73	
788.223	-8.5	
788.404	-84.68	
788.584	-25.7	
788.765	-22.43	
788.946	-40.86	
789.126	-33.48	
789.307	68.09	
789.487	98	
789.668	66.87	
789.848	47.21	
790.029	7.07	
790.209	-37.99	
790.39	-97.79	
790.57	-110.49	
790.75	-33.48	
790.931	0.92	
791.111	-20.79	
791.292	34.51	
791.472	59.9	
791.652	33.28	
791.833	30.41	
792.013	44.34	
792.193	-12.6	
792.373	31.64	
792.554	14.44	
792.734	20.17	
792.914	9.93	
793.094	41.47	
793.275	10.34	
793.455	0.1	
793.635	22.22	
793.815	31.23	
793.995	2.97	
794.175	-15.05	
794.355	25.5	
794.535	21.4	
794.715	12.39	
794.896	11.57	
795.076	-19.15	
795.256	24.27	
795.436	-22.83	
795.616	28.77	
795.795	59.08	
795.975	88.98	
796.155	56.63	
796.335	79.56	
796.515	75.06	
796.695	120.11	
796.875	170.9	
797.055	149.6	
797.234	165.58	
797.414	160.25	
797.594	103.73	
797.774	59.49	
797.954	28.36	
798.133	27.14	
798.313	-31.44	
798.493	-19.15	
798.672	-51.1	
798.852	-49.05	
799.032	-102.3	
799.211	-76.49	
799.391	-98.61	
799.571	-67.07	
799.75	-81.82	
799.93	0.92	
800.109	5.84	
800.289	57.45	
800.468	20.99	
800.648	34.1	
800.827	-3.99	
801.007	-26.52	
801.186	-108.85	
801.366	-72.4	
801.545	-50.28	
801.725	20.58	
801.904	-9.32	
802.083	62.36	
802.263	37.79	
802.442	66.46	
802.621	-28.16	
802.801	101.27	
802.98	120.52	
803.159	108.24	
803.338	26.73	
803.518	93.9	
803.697	-22.43	
803.876	-29.39	
804.055	23.86	
804.235	101.27	
804.414	25.5	
804.593	71.78	
804.772	38.6	
804.951	6.25	
805.13	-85.09	
805.309	-35.94	
805.488	-38.81	
805.667	-19.15	
805.846	8.7	
806.025	61.54	
806.204	95.95	
806.383	75.47	
806.562	30.82	
806.741	2.15	
806.92	6.66	
807.099	-43.72	
807.278	-90.83	
807.457	-87.14	
807.636	-53.55	
807.814	-36.35	
807.993	-41.68	
808.172	18.53	
808.351	50.89	
808.53	35.33	
808.708	11.16	
808.887	16.49	
809.066	91.03	
809.244	70.96	
809.423	43.93	
809.602	36.15	
809.78	75.47	
809.959	4.61	
810.138	54.99	
810.316	91.85	
810.495	105.78	
810.673	32.05	
810.852	38.6	
811.03	31.64	
811.209	44.75	
811.388	40.65	
811.566	99.63	
811.744	107.01	
811.923	66.05	
812.101	46.39	
812.28	118.07	
812.458	127.49	
812.637	71.37	
812.815	98	
812.993	130.35	
813.172	118.88	
813.35	34.92	
813.528	95.54	
813.706	57.45	
813.885	20.58	
814.063	-64.2	
814.241	16.49	
814.419	42.7	
814.598	106.6	
814.776	111.51	
814.954	125.44	
815.132	106.19	
815.31	72.6	
815.488	-40.04	
815.666	-73.21	
815.844	-100.66	
816.022	-128.51	
816.201	-157.59	
816.379	-26.11	
816.557	18.94	
816.735	26.32	
816.913	27.55	
817.09	82.02	
817.268	-15.05	
817.446	-26.52	
817.624	-15.05	
817.802	69.73	
817.98	-0.72	
818.158	23.45	
818.336	-42.5	
818.514	-6.45	
818.691	-65.02	
818.869	-4.81	
819.047	47.62	
819.225	95.95	
819.402	55.4	
819.58	125.85	
819.758	122.16	
819.935	77.52	
820.113	80.38	
820.291	104.96	
820.468	-17.1	
820.646	-5.63	
820.824	32.05	
821.001	122.98	
821.179	142.23	
821.356	198.35	
821.534	156.16	
821.711	92.26	
821.889	68.91	
822.066	88.98	
822.244	76.29	
822.421	119.29	
822.599	159.02	
822.776	97.18	
822.953	19.35	
823.131	-10.96	
823.308	-47.82	
823.486	-55.6	
823.663	-72.81	
823.84	-12.6	
824.017	-46.59	
824.195	-27.75	
824.372	-8.91	
824.549	-0.31	
824.726	-14.23	
824.904	18.53	
825.081	25.09	
825.258	-23.65	
825.435	-10.55	
825.612	10.34	
825.789	-36.35	
825.967	-30.62	
826.144	30	
826.321	52.12	
826.498	36.97	
826.675	97.18	
826.852	22.63	
827.029	6.25	
827.206	-1.54	
827.383	-62.98	
827.56	-19.56	
827.737	10.75	
827.914	25.5	
828.09	-3.99	
828.267	34.1	
828.444	-5.63	
828.621	-6.86	
828.798	25.5	
828.975	-12.19	
829.151	-30.62	
829.328	-16.69	
829.505	43.52	
829.682	-24.88	
829.858	-12.19	
830.035	55.4	
830.212	26.32	
830.389	-22.02	
830.565	-56.42	
830.742	35.74	
830.918	8.29	
831.095	22.63	
831.272	34.92	
831.448	62.77	
831.625	60.72	
831.801	57.04	
831.978	80.38	
832.154	59.9	
832.331	105.78	
832.507	32.46	
832.684	42.29	
832.86	55.4	
833.037	154.11	
833.213	98.4	
833.389	138.14	
833.566	73.83	
833.742	10.75	
833.918	-86.73	
834.095	-108.44	
834.271	-162.51	
834.447	-89.6	
834.624	-57.65	
834.8	-43.31	
834.976	12.8	
835.152	36.56	
835.328	16.08	
835.505	47.21	
835.681	48.84	
835.857	-13	
836.033	11.98	
836.209	109.05	
836.385	78.33	
836.561	82.43	
836.737	132.81	
836.913	91.03	
837.089	29.18	
837.265	46.39	
837.441	79.97	
837.617	71.37	
837.793	83.66	
837.969	61.13	
838.145	40.65	
838.321	13.21	
838.497	15.67	
838.673	57.86	
838.849	12.8	
839.025	71.37	
839.2	85.71	
839.376	104.96	
839.552	53.35	
839.728	103.32	
839.903	53.76	
840.079	80.79	
840.255	52.53	
840.431	161.07	
840.606	99.22	
840.782	163.53	
840.958	62.36	
841.133	70.14	
841.309	4.61	
841.484	61.54	
841.66	-35.12	
841.835	-19.56	
842.011	-51.51	
842.186	-31.03	
842.362	-87.55	
842.537	-25.29	
842.713	-28.57	
842.888	-8.09	
843.064	-58.88	
843.239	-22.43	
843.415	-28.98	
843.59	31.23	
843.765	40.24	
843.941	79.97	
844.116	148.38	
844.291	89.8	
844.467	73.83	
844.642	99.63	
844.817	107.83	
844.992	25.09	
845.168	56.22	
845.343	70.55	
845.518	59.49	
845.693	52.53	
845.868	68.09	
846.043	39.83	
846.219	2.56	
846.394	25.09	
846.569	7.88	
846.744	-22.02	
846.919	-12.19	
847.094	84.48	
847.269	71.37	
847.444	76.7	
847.619	112.33	
847.794	190.15	
847.969	172.13	
848.144	178.69	
848.319	159.02	
848.494	159.84	
848.668	149.19	
848.843	135.68	
849.018	101.68	
849.193	112.33	
849.368	144.28	
849.542	178.69	
849.717	133.22	
849.892	152.47	
850.067	154.93	
850.241	169.67	
850.416	91.85	
850.591	125.03	
850.765	87.35	
850.94	141.82	
851.115	75.06	
851.289	88.57	
851.464	45.16	
851.639	68.09	
851.813	2.56	
851.988	40.65	
852.162	16.9	
852.337	24.68	
852.511	32.05	
852.686	123.39	
852.86	113.56	
853.035	143.05	
853.209	118.07	
853.383	156.57	
853.558	45.57	
853.732	64.82	
853.906	-3.99	
854.081	30	
854.255	-43.72	
854.429	5.43	
854.604	-11.37	
854.778	79.97	
854.952	68.5	
855.126	134.04	
855.301	107.83	
855.475	81.61	
855.649	35.33	
855.823	28.36	
855.997	-6.86	
856.171	2.56	
856.345	-6.86	
856.52	17.71	
856.694	45.57	
856.868	104.96	
857.042	108.24	
857.216	173.77	
857.39	154.52	
857.564	117.25	
857.738	48.43	
857.912	43.52	
858.085	9.11	
858.259	34.51	
858.433	71.78	
858.607	36.15	
858.781	9.93	
858.955	-14.23	
859.129	-74.03	
859.302	-53.14	
859.476	-29.8	
859.65	70.55	
859.824	47.21	
859.997	100.86	
860.171	98	
860.345	148.38	
860.519	95.95	
860.692	130.76	
860.866	147.97	
861.039	151.65	
861.213	128.31	
861.387	93.08	
861.56	83.66	
861.734	92.67	
861.907	66.05	
862.081	43.52	
862.254	91.85	
862.428	140.59	
862.601	93.9	
862.775	103.73	
862.948	205.31	
863.122	188.52	
863.295	113.15	
863.468	111.51	
863.642	67.69	
863.815	-2.36	
863.988	-17.51	
864.162	29.18	
864.335	-22.02	
864.508	11.16	
864.682	32.87	
864.855	28.77	
865.028	-10.14	
865.201	72.19	
865.374	15.26	
865.548	46.39	
865.721	56.63	
865.894	133.63	
866.067	120.11	
866.24	177.87	
866.413	172.95	
866.586	170.9	
866.759	65.23	
866.932	33.28	
867.105	4.61	
867.278	-101.48	
867.451	-111.72	
867.624	-33.48	
867.797	6.25	
867.97	17.31	
868.143	64	
868.316	92.26	
868.489	22.63	
868.661	-3.17	
868.834	4.61	
869.007	36.15	
869.18	19.35	
869.353	45.98	
869.525	91.85	
869.698	66.05	
869.871	34.51	
870.044	45.57	
870.216	87.35	
870.389	39.42	
870.562	43.11	
870.734	98	
870.907	76.7	
871.079	59.08	
871.252	50.07	
871.425	113.15	
871.597	39.83	
871.77	134.86	
871.942	125.85	
872.115	125.44	
872.287	112.33	
872.459	134.45	
872.632	67.28	
872.804	80.38	
872.977	44.34	
873.149	34.51	
873.321	-1.95	
873.494	-14.23	
873.666	11.16	
873.838	38.6	
874.011	-15.87	
874.183	36.97	
874.355	4.2	
874.528	-29.8	
874.7	-23.24	
874.872	60.72	
875.044	93.08	
875.216	137.73	
875.388	199.16	
875.561	227.43	
875.733	146.33	
875.905	99.63	
876.077	27.95	
876.249	45.16	
876.421	17.31	
876.593	14.03	
876.765	36.15	
876.937	126.26	
877.109	54.58	
877.281	73.42	
877.453	76.29	
877.625	41.47	
877.797	-37.58	
877.968	-47	
878.14	-65.84	
878.312	-5.63	
878.484	-23.65	
878.656	23.45	
878.828	16.49	
878.999	80.79	
879.171	33.28	
879.343	24.68	
879.515	23.04	
879.686	3.38	
879.858	-53.96	
880.03	-36.35	
880.201	-15.05	
880.373	-52.33	
880.545	-16.69	
880.716	34.1	
880.888	113.56	
881.059	153.7	
881.231	183.19	
881.402	222.51	
881.574	198.76	
881.745	141.41	
881.917	155.34	
882.088	179.5	
882.26	138.95	
882.431	170.08	
882.602	109.87	
882.774	74.65	
882.945	-9.73	
883.116	-49.46	
883.288	-106.8	
883.459	-99.43	
883.63	-92.88	
883.802	-58.88	
883.973	-22.83	
884.144	19.35	
884.315	59.49	
884.487	89.8	
884.658	170.08	
884.829	215.96	
885	179.5	
885.171	216.78	
885.342	138.95	
885.513	95.54	
885.684	57.86	
885.855	100.86	
886.026	42.29	
886.197	89.39	
886.368	35.33	
886.539	57.04	
886.71	14.03	
886.881	44.34	
887.052	62.36	
887.223	106.6	
887.394	47.21	
887.565	106.6	
887.736	54.99	
887.907	64.82	
888.077	50.48	
888.248	60.72	
888.419	-4.81	
888.59	17.71	
888.761	40.65	
888.931	58.67	
889.102	98	
889.273	70.14	
889.443	59.9	
889.614	-1.95	
889.785	-18.33	
889.955	-41.27	
890.126	-46.59	
890.296	19.76	
890.467	43.11	
890.637	135.27	
890.808	164.76	
890.978	227.43	
891.149	188.11	
891.319	271.25	
891.49	217.19	
891.66	199.98	
891.831	187.29	
892.001	192.61	
892.172	45.16	
892.342	25.91	
892.512	22.22	
892.683	53.35	
892.853	17.71	
893.023	73.01	
893.193	46.8	
893.364	66.05	
893.534	45.16	
893.704	132.4	
893.874	146.33	
894.044	165.17	
894.215	124.62	
894.385	165.58	
894.555	97.18	
894.725	143.87	
894.895	103.73	
895.065	155.75	
895.235	114.79	
895.405	181.55	
895.575	106.19	
895.745	167.42	
895.915	161.62	
