177.618	-1203.18	
177.836	-1213.17	
178.054	-1225.09	
178.271	-933.26	
178.489	-626.27	
178.706	-429.25	
178.924	-199.68	
179.142	47.31	
179.359	7.99	
179.577	-112.23	
179.794	-64.31	
180.012	-58.16	
180.229	-90.52	
180.447	-39.12	
180.664	-5.32	
180.882	-4.71	
181.1	33.79	
181.317	15.77	
181.535	-61.64	
181.752	-28.26	
181.969	3.07	
182.187	-5.73	
182.404	47.72	
182.622	96.05	
182.839	120.01	
183.057	99.94	
183.274	71.68	
183.492	95.23	
183.709	85.61	
183.926	18.02	
184.144	4.1	
184.361	74.14	
184.579	120.42	
184.796	72.29	
185.013	106.08	
185.231	92.16	
185.448	77.21	
185.666	29.08	
185.883	10.65	
186.1	60.42	
186.317	109.98	
186.535	41.98	
186.752	7.99	
186.969	99.74	
187.187	94	
187.404	-43.21	
187.621	60.82	
187.839	100.56	
188.056	64.1	
188.273	-31.54	
188.49	59.6	
188.708	10.44	
188.925	26.42	
189.142	2.46	
189.359	31.33	
189.576	12.49	
189.794	-9.01	
190.011	-52.02	
190.228	-27.44	
190.445	-8.6	
190.662	91.13	
190.879	110.39	
191.097	95.84	
191.314	132.91	
191.531	163.22	
191.748	45.87	
191.965	65.33	
192.182	81.1	
192.399	35.43	
192.616	57.75	
192.834	88.06	
193.051	71.47	
193.268	91.95	
193.485	60.82	
193.702	27.44	
193.919	22.12	
194.136	30.72	
194.353	11.06	
194.57	47.31	
194.787	59.6	
195.004	172.23	
195.221	122.26	
195.438	111.82	
195.655	107.52	
195.872	176.53	
196.089	34.41	
196.306	50.99	
196.523	95.03	
196.74	130.66	
196.957	-19.87	
197.173	32.15	
197.39	27.03	
197.607	44.44	
197.824	5.53	
198.041	88.68	
198.258	109.98	
198.475	186.57	
198.692	135.37	
198.909	72.29	
199.125	12.08	
199.342	11.47	
199.559	-51.61	
199.776	-21.09	
199.993	72.29	
200.21	106.7	
200.426	72.5	
200.643	70.25	
200.86	87.24	
201.077	140.08	
201.293	99.33	
201.51	95.44	
201.727	10.44	
201.944	-92.98	
202.16	-176.33	
202.377	-166.09	
202.594	-173.05	
202.811	-63.08	
203.027	-31.33	
203.244	-43.62	
203.461	-17.41	
203.677	26.21	
203.894	9.83	
204.111	29.7	
204.327	60.42	
204.544	51.81	
204.761	26.01	
204.977	-12.29	
205.194	-11.06	
205.41	11.88	
205.627	13.11	
205.844	37.27	
206.06	55.91	
206.277	106.7	
206.493	99.74	
206.71	120.83	
206.926	123.08	
207.143	187.8	
207.36	65.13	
207.576	92.36	
207.793	139.67	
208.009	190.46	
208.226	123.49	
208.442	191.49	
208.659	135.78	
208.875	86.83	
209.092	-34.61	
209.308	-14.75	
209.524	-7.17	
209.741	95.03	
209.957	116.32	
210.174	166.3	
210.39	129.43	
210.607	122.06	
210.823	-30.51	
211.039	-97.28	
211.256	-5.94	
211.472	-44.65	
211.688	-15.97	
211.905	77.82	
212.121	98.92	
212.338	17.41	
212.554	94	
212.77	83.76	
212.987	77.41	
213.203	122.26	
213.419	117.35	
213.635	78.44	
213.852	41.78	
214.068	10.44	
214.284	-43.83	
214.501	7.78	
214.717	10.44	
214.933	89.5	
215.149	26.21	
215.365	-2.46	
215.582	-70.65	
215.798	-25.8	
216.014	-74.75	
216.23	-34.61	
216.447	22.53	
216.663	24.37	
216.879	-35.23	
217.095	-25.8	
217.311	28.67	
217.527	62.05	
217.743	56.93	
217.96	57.55	
218.176	59.39	
218.392	63.28	
218.608	26.83	
218.824	34.82	
219.04	55.3	
219.256	68.2	
219.472	20.89	
219.688	18.84	
219.904	46.28	
220.12	100.96	
220.336	59.8	
220.552	70.04	
220.768	135.99	
220.984	190.87	
221.2	87.45	
221.416	158.72	
221.632	143.36	
221.848	84.99	
222.064	-27.03	
222.28	25.6	
222.496	-45.06	
222.712	67.79	
222.928	27.85	
223.144	97.69	
223.36	89.29	
223.576	147.25	
223.792	57.55	
224.008	120.83	
224.224	147.45	
224.439	234.9	
224.655	199.68	
224.871	206.64	
225.087	204.18	
225.303	116.94	
225.519	67.79	
225.734	72.7	
225.95	72.29	
226.166	92.77	
226.382	112.84	
226.598	77.21	
226.813	149.09	
227.029	141.51	
227.245	81.51	
227.461	127.59	
227.677	178.17	
227.892	159.13	
228.108	151.34	
228.324	168.34	
228.539	73.32	
228.755	113.46	
228.971	40.14	
229.186	58.16	
229.402	65.94	
229.618	207.25	
229.833	85.61	
230.049	112.02	
230.265	57.75	
230.48	141.92	
230.696	47.1	
230.912	91.75	
231.127	107.31	
231.343	177.76	
231.558	62.05	
231.774	102.6	
231.99	180.63	
232.205	174.08	
232.421	111.2	
232.636	115.1	
232.852	70.45	
233.067	32.77	
233.283	-2.66	
233.498	26.01	
233.714	66.15	
233.929	109.16	
234.145	49.77	
234.36	84.99	
234.576	167.93	
234.791	224.66	
235.007	279.34	
235.222	362.9	
235.438	364.95	
235.653	365.77	
235.868	286.1	
236.084	208.48	
236.299	188.21	
236.515	208.69	
236.73	114.07	
236.945	130.87	
237.161	118.78	
237.376	93.59	
237.592	15.56	
237.807	13.52	
238.022	36.04	
238.238	78.85	
238.453	-0.82	
238.668	64.31	
238.883	15.36	
239.099	3.89	
239.314	-52.02	
239.529	24.78	
239.745	18.02	
239.96	126.36	
240.175	86.22	
240.39	172.03	
240.605	181.45	
240.821	142.13	
241.036	107.11	
241.251	216.68	
241.466	182.27	
241.681	178.99	
241.897	217.29	
242.112	216.06	
242.327	108.34	
242.542	105.88	
242.757	90.32	
242.972	130.05	
243.188	110.39	
243.403	166.5	
243.618	153.19	
243.833	143.56	
244.048	105.47	
244.263	144.59	
244.478	86.63	
244.693	61.44	
244.908	85.4	
245.123	98.71	
245.338	84.99	
245.553	149.5	
245.768	143.15	
245.983	152.37	
246.198	54.89	
246.413	91.13	
246.628	63.28	
246.843	58.37	
247.058	-8.4	
247.273	73.32	
247.488	31.33	
247.703	58.16	
247.918	70.86	
248.133	133.12	
248.348	77.41	
248.563	150.12	
248.778	137.01	
248.993	127.79	
249.207	210.12	
249.422	236.75	
249.637	91.75	
249.852	44.85	
250.067	75.57	
250.282	-14.75	
250.496	-54.07	
250.711	35.43	
250.926	54.07	
251.141	117.96	
251.356	105.88	
251.57	214.83	
251.785	236.75	
252	219.13	
252.215	145	
252.43	193.94	
252.644	152.37	
252.859	150.32	
253.074	164.86	
253.288	185.55	
253.503	107.72	
253.718	172.44	
253.932	229.17	
254.147	219.75	
254.362	228.35	
254.576	275.45	
254.791	206.44	
255.006	115.92	
255.22	183.7	
255.435	193.12	
255.65	207.87	
255.864	232.65	
256.079	211.35	
256.293	229.17	
256.508	190.26	
256.723	261.73	
256.937	160.36	
257.152	162.2	
257.366	88.88	
257.581	58.37	
257.795	-10.44	
258.01	129.64	
258.224	156.67	
258.439	171.82	
258.653	184.32	
258.868	185.14	
259.082	103.83	
259.297	84.17	
259.511	74.34	
259.726	67.38	
259.94	-1.84	
260.154	-42.39	
260.369	-11.67	
260.583	6.14	
260.798	-49.36	
261.012	12.7	
261.226	71.06	
261.441	101.37	
261.655	53.45	
261.869	146.63	
262.084	138.65	
262.298	120.01	
262.512	-8.6	
262.727	3.89	
262.941	22.12	
263.155	-8.19	
263.37	-31.54	
263.584	69.63	
263.798	117.35	
264.012	145	
264.227	145.2	
264.441	230.6	
264.655	185.14	
264.869	225.28	
265.084	131.89	
265.298	150.32	
265.512	75.57	
265.726	126.36	
265.94	48.74	
266.155	91.54	
266.369	110.8	
266.583	181.86	
266.797	133.94	
267.011	158.31	
267.225	197.63	
267.439	205	
267.654	135.37	
267.868	134.76	
268.082	64.51	
268.296	-54.89	
268.51	-124.72	
268.724	-97.28	
268.938	-135.78	
269.152	-40.96	
269.366	-7.78	
269.58	51.81	
269.794	46.9	
270.008	185.55	
270.222	99.53	
270.436	164.66	
270.65	117.76	
270.864	138.65	
271.078	56.32	
271.292	119.81	
271.506	157.69	
271.72	232.24	
271.934	230.81	
272.148	215.24	
272.362	195.58	
272.575	177.15	
272.789	133.73	
273.003	104.04	
273.217	182.88	
273.431	160.36	
273.645	112.02	
273.859	133.32	
274.073	201.32	
274.286	179.2	
274.5	196.4	
274.714	172.44	
274.928	197.42	
275.142	159.54	
275.355	140.08	
275.569	196.4	
275.783	294.09	
275.997	286.31	
276.21	304.12	
276.424	330.95	
276.638	267.26	
276.852	249.65	
277.065	165.68	
277.279	148.27	
277.493	114.69	
277.706	208.89	
277.92	168.14	
278.134	160.77	
278.347	145.2	
278.561	116.32	
278.775	80.69	
278.988	64.31	
279.202	159.54	
279.415	225.07	
279.629	219.34	
279.843	190.26	
280.056	314.16	
280.27	333.2	
280.483	227.32	
280.697	222.41	
280.91	284.26	
281.124	240.64	
281.337	160.36	
281.551	226.51	
281.764	230.19	
281.978	192.71	
282.191	91.75	
282.405	137.83	
282.618	92.98	
282.832	115.92	
283.045	75.98	
283.259	154.21	
283.472	135.78	
283.686	148.48	
283.899	109.16	
284.112	115.92	
284.326	158.72	
284.539	213.4	
284.752	213.81	
284.966	234.9	
285.179	263.78	
285.393	216.88	
285.606	85.4	
285.819	144.18	
286.033	113.25	
286.246	161.38	
286.459	94	
286.672	150.94	
286.886	78.44	
287.099	203.36	
287.312	44.03	
287.525	58.78	
287.739	76.39	
287.952	148.68	
288.165	119.19	
288.378	199.88	
288.592	239.82	
288.805	258.86	
289.018	249.65	
289.231	210.12	
289.444	270.13	
289.657	239.82	
289.871	199.88	
290.084	113.05	
290.297	146.63	
290.51	87.45	
290.723	57.96	
290.936	85.61	
291.149	132.5	
291.362	197.22	
291.575	192.1	
291.789	220.16	
292.002	222.82	
292.215	261.12	
292.428	92.16	
292.641	107.93	
292.854	115.3	
293.067	107.72	
293.28	41.16	
293.493	58.37	
293.706	-4.92	
293.919	81.3	
294.132	37.48	
294.345	65.94	
294.558	104.86	
294.77	148.48	
294.983	53.86	
295.196	108.95	
295.409	155.24	
295.622	272.38	
295.835	261.32	
296.048	268.69	
296.261	267.26	
296.474	237.97	
296.686	101.37	
296.899	123.08	
297.112	156.46	
297.325	172.23	
297.538	180.22	
297.751	220.36	
297.963	238.59	
298.176	238.38	
298.389	183.7	
298.602	171.62	
298.814	210.12	
299.027	216.88	
299.24	189.44	
299.453	230.6	
299.665	212.99	
299.878	166.91	
300.091	101.99	
300.303	103.22	
300.516	82.53	
300.729	101.78	
300.941	110.8	
301.154	73.73	
301.367	68.61	
301.579	88.68	
301.792	98.71	
302.005	93.59	
302.217	123.49	
302.43	144.18	
302.642	92.16	
302.855	30.11	
303.067	7.78	
303.28	110.59	
303.493	24.58	
303.705	111.82	
303.918	171.21	
304.13	223.02	
304.343	120.22	
304.555	197.83	
304.768	183.09	
304.98	222.61	
305.193	155.24	
305.405	198.86	
305.617	164.25	
305.83	195.79	
306.042	96.25	
306.255	91.34	
306.467	60.01	
306.68	39.12	
306.892	-49.36	
307.104	-12.08	
307.317	22.73	
307.529	102.4	
307.741	130.05	
307.954	143.15	
308.166	128.41	
308.378	164.45	
308.591	122.47	
308.803	180.43	
309.015	252.1	
309.228	309.45	
309.44	229.78	
309.652	193.74	
309.864	139.47	
310.077	55.3	
310.289	-36.45	
310.501	-1.43	
310.713	42.6	
310.926	72.29	
311.138	25.8	
311.35	146.43	
311.562	115.1	
311.774	200.5	
311.986	142.54	
312.199	243.5	
312.411	123.49	
312.623	180.84	
312.835	69.22	
313.047	91.54	
313.259	106.29	
313.471	137.62	
313.683	118.58	
313.895	118.99	
314.108	122.26	
314.32	100.56	
314.532	61.44	
314.744	55.91	
314.956	127.18	
315.168	177.97	
315.38	100.15	
315.592	162.61	
315.804	182.68	
316.016	193.53	
316.228	167.11	
316.44	254.77	
316.651	300.44	
316.863	283.44	
317.075	214.83	
317.287	156.06	
317.499	149.3	
317.711	107.93	
317.923	111.41	
318.135	39.73	
318.347	87.45	
318.559	124.31	
318.77	150.94	
318.982	138.44	
319.194	194.97	
319.406	208.69	
319.618	108.34	
319.83	36.25	
320.041	47.51	
320.253	53.45	
320.465	2.66	
320.677	55.09	
320.888	92.36	
321.1	78.64	
321.312	111.2	
321.524	111.82	
321.735	75.57	
321.947	54.68	
322.159	11.67	
322.37	-43.83	
322.582	3.89	
322.794	50.58	
323.005	79.67	
323.217	129.02	
323.429	111.61	
323.64	156.67	
323.852	117.55	
324.063	67.38	
324.275	137.21	
324.487	214.42	
324.698	112.23	
324.91	169.78	
325.121	169.16	
325.333	57.14	
325.544	-14.75	
325.756	83.35	
325.967	21.5	
326.179	102.6	
326.39	157.28	
326.602	207.25	
326.813	98.3	
327.025	142.33	
327.236	54.48	
327.448	13.72	
327.659	-37.07	
327.871	46.69	
328.082	10.24	
328.293	72.29	
328.505	109.98	
328.716	165.89	
328.928	123.7	
329.139	194.15	
329.35	174.08	
329.562	205.82	
329.773	183.91	
329.984	188.21	
330.196	124.93	
330.407	200.5	
330.618	131.27	
330.83	125.95	
331.041	133.32	
331.252	156.46	
331.463	88.27	
331.675	163.63	
331.886	202.75	
332.097	209.51	
332.308	156.26	
332.52	130.05	
332.731	76.59	
332.942	80.08	
333.153	113.25	
333.364	144.79	
333.575	173.05	
333.787	256.41	
333.998	146.43	
334.209	156.06	
334.42	141.72	
334.631	141.31	
334.842	91.95	
335.053	179.81	
335.264	122.26	
335.475	143.97	
335.686	146.63	
335.898	141.51	
336.109	82.74	
336.32	86.42	
336.531	56.73	
336.742	29.08	
336.953	3.07	
337.164	42.39	
337.375	22.73	
337.586	34	
337.797	-11.88	
338.007	82.53	
338.218	35.63	
338.429	68.61	
338.64	61.44	
338.851	130.46	
339.062	13.72	
339.273	126.15	
339.484	96.05	
339.695	53.45	
339.906	41.98	
340.116	123.7	
340.327	89.09	
340.538	96.46	
340.749	130.66	
340.96	88.68	
341.171	49.97	
341.381	32.15	
341.592	45.87	
341.803	60.42	
342.014	124.72	
342.224	166.91	
342.435	143.97	
342.646	101.37	
342.857	91.54	
343.067	43.83	
343.278	-10.85	
343.489	26.01	
343.699	80.28	
343.91	98.51	
344.121	83.97	
344.331	74.96	
344.542	15.97	
344.753	65.94	
344.963	59.8	
345.174	101.17	
345.384	138.24	
345.595	237.77	
345.806	191.69	
346.016	162.81	
346.227	171.62	
346.437	196.4	
346.648	120.22	
346.858	147.66	
347.069	133.12	
347.279	161.58	
347.49	99.12	
347.7	140.49	
347.911	57.14	
348.121	100.76	
348.332	56.93	
348.542	26.01	
348.753	24.37	
348.963	90.93	
349.173	97.28	
349.384	164.25	
349.594	246.99	
349.805	248.01	
350.015	170.8	
350.225	178.99	
350.436	151.14	
350.646	176.13	
350.856	150.32	
351.067	205.21	
351.277	120.01	
351.487	73.32	
351.698	-39.73	
351.908	-21.91	
352.118	-19.46	
352.328	40.14	
352.539	124.93	
352.749	179.2	
352.959	178.17	
353.169	202.34	
353.38	226.91	
353.59	213.19	
353.8	226.71	
354.01	256	
354.22	249.65	
354.431	315.39	
354.641	288.97	
354.851	358.6	
355.061	336.48	
355.271	435.81	
355.481	423.52	
355.691	490.69	
355.901	443.18	
356.111	486.6	
356.321	431.92	
356.532	427.62	
356.742	374.57	
356.952	398.33	
357.162	425.57	
357.372	444.82	
357.582	433.76	
357.792	424.13	
358.002	414.71	
358.212	502.98	
358.422	548.04	
358.632	619.51	
358.842	700	
359.051	840.69	
359.261	807.31	
359.471	831.68	
359.681	894.96	
359.891	950.46	
360.101	931.83	
360.311	991.83	
360.521	1071.29	
360.731	1182.09	
360.94	1239.02	
361.15	1361.9	
361.36	1460.61	
361.57	1516.93	
361.78	1555.64	
361.989	1652.1	
362.199	1699.81	
362.409	1810.2	
362.619	1906.25	
362.828	2104.08	
363.038	2215.08	
363.248	2349.22	
363.458	2428.89	
363.667	2567.13	
363.877	2586.58	
364.087	2723.39	
364.296	2820.87	
364.506	2967.1	
364.716	3057.82	
364.925	3180.09	
365.135	3258.32	
365.345	3400.45	
365.554	3523.12	
365.764	3796.73	
365.973	3933.74	
366.183	4179.09	
366.393	4279.64	
366.602	4401.49	
366.812	4296.23	
367.021	4395.35	
367.231	4288.24	
367.44	4302.37	
367.65	4216.15	
367.859	4207.76	
368.069	4050.88	
368.278	4050.47	
368.488	3939.06	
368.697	3815.37	
368.907	3689.83	
369.116	3744.71	
369.326	3645.38	
369.535	3593.98	
369.744	3610.77	
369.954	3641.7	
370.163	3489.94	
370.373	3456.15	
370.582	3385.7	
370.791	3307.26	
371.001	3185.21	
371.21	3145.27	
371.419	3043.49	
371.629	3032.84	
371.838	2989.62	
372.047	3049.22	
372.256	2954.19	
372.466	2968.33	
372.675	2830.5	
372.884	2776.84	
373.093	2673.01	
373.303	2786.47	
373.512	2778.68	
373.721	2872.69	
373.93	2820.05	
374.139	2866.75	
374.349	2718.47	
374.558	2651.71	
374.767	2474.77	
374.976	2434.22	
375.185	2281.03	
375.394	2145.86	
375.603	2046.13	
375.813	2010.9	
376.022	1884.34	
376.231	1750.81	
376.44	1708.21	
376.649	1678.31	
376.858	1603.15	
377.067	1580.21	
377.276	1594.34	
377.485	1571.2	
377.694	1482.93	
377.903	1439.93	
378.112	1362.72	
378.321	1335.28	
378.53	1298.41	
378.739	1261.34	
378.948	1213.01	
379.157	1225.5	
379.366	1184.75	
379.575	1120.03	
379.784	1031.56	
379.992	1045.49	
380.201	1039.34	
380.41	992.24	
380.619	945.34	
380.828	962.75	
381.037	884.72	
381.246	753.65	
381.454	637.74	
381.663	662.11	
381.872	594.73	
382.081	663.95	
382.29	719.66	
382.498	776.59	
382.707	754.88	
382.916	770.86	
383.125	639.58	
383.333	603.95	
383.542	614.6	
383.751	613.16	
383.959	648.18	
384.168	670.5	
384.377	729.28	
384.585	667.64	
384.794	581.83	
385.003	515.68	
385.211	523.87	
385.42	430.69	
385.628	437.65	
385.837	449.94	
386.046	519.36	
386.254	572.61	
386.463	557.05	
386.671	607.02	
386.88	592.68	
387.088	503.8	
387.297	443.79	
387.505	472.06	
387.714	376.01	
387.922	334.23	
388.131	293.68	
388.339	303.3	
388.548	228.96	
388.756	249.44	
388.965	273.61	
389.173	266.65	
389.381	241.87	
389.59	317.44	
389.798	339.35	
390.007	406.93	
390.215	422.7	
390.423	468.17	
390.632	437.86	
390.84	444	
391.048	364.13	
391.257	352.87	
391.465	255.18	
391.673	241.46	
391.882	210.33	
392.09	182.68	
392.298	185.75	
392.506	182.68	
392.715	155.03	
392.923	190.46	
393.131	235.11	
393.339	265.83	
393.547	254.36	
393.756	293.27	
393.964	228.96	
394.172	191.49	
394.38	138.65	
394.588	232.24	
394.796	175.72	
395.005	190.46	
395.213	186.16	
395.421	239.61	
395.629	129.43	
395.837	147.45	
396.045	132.09	
396.253	141.92	
396.461	97.28	
396.669	187.18	
396.877	183.5	
397.085	196.6	
397.293	201.11	
397.501	216.47	
397.709	172.23	
397.917	189.85	
398.125	202.54	
398.333	204.39	
398.541	144.79	
398.749	121.24	
398.957	94.41	
399.165	24.58	
399.373	46.08	
399.581	78.64	
399.788	103.22	
399.996	69.02	
400.204	110.59	
400.412	80.89	
400.62	18.02	
400.828	22.32	
401.035	77.21	
401.243	99.12	
401.451	109.16	
401.659	130.87	
401.867	123.08	
402.074	99.12	
402.282	62.46	
402.49	12.9	
402.697	118.17	
402.905	82.74	
403.113	108.95	
403.321	58.78	
403.528	80.49	
403.736	15.97	
403.944	66.76	
404.151	18.64	
404.359	38.5	
404.566	33.38	
404.774	59.19	
404.982	15.56	
405.189	23.76	
405.397	-6.96	
405.604	13.31	
405.812	57.75	
406.02	7.37	
406.227	55.7	
406.435	112.02	
406.642	132.09	
406.85	53.66	
407.057	132.09	
407.265	123.9	
407.472	150.32	
407.679	118.99	
407.887	130.25	
408.094	81.51	
408.302	10.44	
408.509	-13.72	
408.717	3.69	
408.924	-0.41	
409.131	63.28	
409.339	92.77	
409.546	97.28	
409.753	70.65	
409.961	141.51	
410.168	125.34	
410.375	167.11	
410.583	178.79	
410.79	227.53	
410.997	150.94	
411.205	146.22	
411.412	143.15	
411.619	165.48	
411.826	125.34	
412.034	194.35	
412.241	205	
412.448	189.03	
412.655	91.54	
412.862	110.59	
413.07	31.33	
413.277	-3.48	
413.484	-35.63	
413.691	28.67	
413.898	-18.23	
414.105	-35.23	
414.312	-64.51	
414.519	-63.28	
414.727	-84.99	
414.934	-9.63	
415.141	49.77	
415.348	90.73	
415.555	71.47	
415.762	76.59	
415.969	-53.25	
416.176	-101.37	
416.383	-103.83	
416.59	-107.52	
416.797	-127.18	
417.004	-28.88	
417.211	-17.82	
417.418	5.53	
417.625	49.97	
417.831	80.08	
418.038	57.75	
418.245	83.35	
418.452	44.24	
418.659	-3.48	
418.866	-14.34	
419.073	-26.83	
419.28	-132.91	
419.486	-28.06	
419.693	-36.25	
419.9	-13.72	
420.107	14.13	
420.314	122.06	
420.52	34.41	
420.727	159.33	
420.934	152.78	
421.141	93.39	
421.347	83.15	
421.554	98.71	
421.761	-51.2	
421.967	-28.88	
422.174	38.71	
422.381	33.59	
422.588	-28.67	
422.794	18.23	
423.001	71.88	
423.207	68.61	
423.414	53.86	
423.621	82.33	
423.827	133.73	
424.034	91.75	
424.24	84.99	
424.447	70.45	
424.654	-2.87	
424.86	-50.18	
425.067	-134.96	
425.273	-167.93	
425.48	-75.57	
425.686	30.92	
425.893	70.45	
426.099	114.69	
426.306	186.57	
426.512	146.02	
426.718	166.3	
426.925	128.41	
427.131	87.45	
427.338	52.22	
427.544	14.13	
427.75	-44.65	
427.957	-66.35	
428.163	-36.04	
428.37	-47.72	
428.576	-20.48	
428.782	-39.53	
428.988	59.6	
429.195	71.06	
429.401	47.31	
429.607	52.84	
429.814	173.87	
430.02	91.54	
430.226	42.19	
430.432	71.27	
430.639	90.32	
430.845	63.08	
431.051	91.95	
431.257	158.1	
431.463	126.36	
431.67	67.99	
431.876	-12.9	
432.082	-38.09	
432.288	-11.47	
432.494	19.25	
432.7	35.84	
432.906	34.82	
433.112	47.92	
433.318	38.3	
433.525	39.12	
433.731	23.96	
433.937	94.82	
434.143	66.76	
434.349	37.48	
434.555	19.05	
434.761	55.09	
434.967	-50.38	
435.173	-30.31	
435.379	-8.81	
435.585	50.18	
435.791	66.56	
435.996	165.27	
436.202	194.15	
436.408	165.89	
436.614	94.21	
436.82	78.85	
437.026	40.34	
437.232	78.23	
437.438	56.32	
437.644	19.87	
437.849	17.61	
438.055	14.34	
438.261	-46.49	
438.467	-71.27	
438.673	-0.2	
438.878	-73.93	
439.084	-65.54	
439.29	-35.43	
439.496	23.14	
439.701	36.86	
439.907	44.44	
440.113	14.13	
440.318	11.67	
440.524	-38.09	
440.73	-58.16	
440.935	-13.52	
441.141	-39.12	
441.347	52.43	
441.552	24.58	
441.758	57.96	
441.964	1.43	
442.169	103.83	
442.375	-15.97	
442.58	71.27	
442.786	71.06	
442.991	116.12	
443.197	-18.84	
443.402	39.94	
443.608	55.3	
443.813	108.34	
444.019	142.33	
444.224	216.47	
444.43	137.01	
444.635	141.31	
444.841	45.46	
445.046	64.1	
445.252	48.54	
445.457	58.57	
445.662	-26.62	
445.868	-39.12	
446.073	-73.93	
446.278	-101.37	
446.484	-94.62	
446.689	-72.7	
446.894	-81.3	
447.1	-127.79	
447.305	-54.68	
447.51	15.56	
447.716	-1.23	
447.921	22.94	
448.126	86.63	
448.331	14.34	
448.537	-9.22	
448.742	63.28	
448.947	8.6	
449.152	-46.9	
449.357	15.77	
449.563	-7.78	
449.768	-54.68	
449.973	-15.77	
450.178	25.6	
450.383	-79.87	
450.588	-90.93	
450.793	-70.25	
450.999	-2.87	
451.204	-20.27	
451.409	54.27	
451.614	54.89	
451.819	48.95	
452.024	13.93	
452.229	50.79	
452.434	133.94	
452.639	116.32	
452.844	155.65	
453.049	79.46	
453.254	-3.69	
453.459	-56.93	
453.664	4.51	
453.869	-46.69	
454.074	63.49	
454.279	137.21	
454.483	63.9	
454.688	14.34	
454.893	63.69	
455.098	22.73	
455.303	-1.02	
455.508	45.67	
455.713	54.89	
455.917	-10.44	
456.122	34	
456.327	-13.31	
456.532	88.06	
456.737	28.67	
456.941	89.29	
457.146	52.43	
457.351	80.49	
457.555	-34.2	
457.76	57.75	
457.965	62.05	
458.17	95.84	
458.374	141.31	
458.579	231.22	
458.784	152.98	
458.988	100.76	
459.193	54.48	
459.397	41.16	
459.602	-44.65	
459.807	59.19	
460.011	54.68	
460.216	78.85	
460.42	-10.24	
460.625	-49.15	
460.829	-68.2	
461.034	-82.53	
461.239	-133.73	
461.443	-53.04	
461.648	26.83	
461.852	-38.09	
462.056	28.88	
462.261	60.82	
462.465	124.52	
462.67	94.62	
462.874	144.79	
463.079	100.56	
463.283	96.25	
463.487	58.78	
463.692	83.56	
463.896	12.9	
464.1	11.88	
464.305	-7.37	
464.509	-14.13	
464.713	11.47	
464.918	115.92	
465.122	168.96	
465.326	149.91	
465.531	117.76	
465.735	67.38	
465.939	14.75	
466.143	-33.18	
466.348	-36.66	
466.552	-68.81	
466.756	-31.54	
466.96	-0	
467.164	16.59	
467.368	71.88	
467.573	154.21	
467.777	126.15	
467.981	67.58	
468.185	21.5	
468.389	24.99	
468.593	-103.01	
468.797	-184.73	
469.001	-147.04	
469.205	-115.51	
469.409	-148.07	
469.613	-69.84	
469.817	3.69	
470.021	3.48	
470.225	35.43	
470.429	36.25	
470.633	59.8	
470.837	80.08	
471.041	74.75	
471.245	-12.49	
471.449	9.63	
471.653	17	
471.857	57.34	
472.061	-8.6	
472.265	40.96	
472.469	57.55	
472.673	8.6	
472.876	-33.18	
473.08	27.44	
473.284	68.61	
473.488	62.05	
473.692	99.74	
473.895	129.02	
474.099	182.47	
474.303	174.49	
474.507	178.17	
474.71	174.9	
474.914	112.84	
475.118	58.78	
475.322	77.62	
475.525	-27.24	
475.729	-17.61	
475.933	-17	
476.136	71.47	
476.34	71.88	
476.543	204.39	
476.747	203.16	
476.951	264.39	
477.154	164.45	
477.358	196.4	
477.561	130.05	
477.765	123.29	
477.969	50.38	
478.172	65.53	
478.376	36.04	
478.579	61.23	
478.783	45.06	
478.986	79.26	
479.19	72.09	
479.393	88.06	
479.596	96.05	
479.8	107.93	
480.003	67.38	
480.207	79.87	
480.41	32.36	
480.614	32.77	
480.817	4.1	
481.02	109.98	
481.224	133.53	
481.427	181.45	
481.63	185.14	
481.834	253.74	
482.037	130.87	
482.24	103.63	
482.443	83.15	
482.647	45.06	
482.85	-2.46	
483.053	118.78	
483.256	42.8	
483.46	38.91	
483.663	46.69	
483.866	63.08	
484.069	5.94	
484.272	35.43	
484.476	10.24	
484.679	62.26	
484.882	124.52	
485.085	77	
485.288	97.28	
485.491	140.29	
485.694	47.1	
485.897	-28.26	
486.101	22.53	
486.304	103.42	
486.507	3.07	
486.71	33.38	
486.913	36.86	
487.116	7.17	
487.319	-66.97	
487.522	-0.41	
487.725	79.26	
487.928	100.35	
488.13	99.12	
488.333	107.11	
488.536	107.93	
488.739	51.2	
488.942	77.62	
489.145	82.12	
489.348	92.36	
489.551	58.57	
489.754	79.87	
489.956	23.76	
490.159	9.01	
490.362	-36.25	
490.565	-60.82	
490.768	-106.08	
490.97	-25.19	
491.173	-2.66	
491.376	14.13	
491.579	42.6	
491.781	111	
491.984	40.34	
492.187	74.14	
492.39	65.94	
492.592	73.52	
492.795	77.82	
492.998	44.85	
493.2	14.75	
493.403	63.69	
493.605	149.3	
493.808	108.13	
494.011	98.1	
494.213	73.11	
494.416	58.98	
494.618	-54.68	
494.821	-98.3	
495.023	-24.78	
495.226	41.98	
495.428	42.6	
495.631	107.52	
495.833	147.45	
496.036	105.06	
496.238	37.89	
496.441	79.05	
496.643	38.71	
496.846	23.35	
497.048	39.94	
497.25	147.45	
497.453	126.36	
497.655	211.96	
497.858	324.19	
498.06	339.76	
498.262	228.76	
498.465	218.31	
498.667	198.86	
498.869	126.15	
499.071	108.95	
499.274	181.04	
499.476	184.32	
499.678	110.59	
499.881	75.37	
500.083	93.39	
500.285	2.25	
500.487	9.83	
500.689	33.18	
500.892	7.78	
501.094	-55.3	
501.296	29.9	
501.498	4.92	
501.7	-38.5	
501.902	29.29	
502.104	104.04	
502.306	47.72	
502.509	92.77	
502.711	112.43	
502.913	80.69	
503.115	5.73	
503.317	52.02	
503.519	-19.46	
503.721	42.6	
503.923	118.58	
504.125	156.46	
504.327	180.22	
504.529	254.56	
504.731	179.2	
504.933	138.24	
505.134	116.32	
505.336	82.94	
505.538	38.3	
505.74	45.46	
505.942	11.47	
506.144	12.08	
506.346	-10.24	
506.548	84.99	
506.749	131.27	
506.951	168.75	
507.153	161.38	
507.355	173.46	
507.557	91.54	
507.758	112.84	
507.96	29.9	
508.162	69.02	
508.363	83.76	
508.565	122.88	
508.767	52.22	
508.969	98.71	
509.17	121.85	
509.372	86.42	
509.574	-9.42	
509.775	26.01	
509.977	-2.05	
510.178	28.67	
510.38	56.11	
510.582	122.88	
510.783	77.82	
510.985	100.76	
511.186	-0.2	
511.388	36.86	
511.589	63.08	
511.791	48.74	
511.992	21.5	
512.194	76.59	
512.395	-56.52	
512.597	-69.22	
512.798	-22.32	
513	37.68	
513.201	42.8	
513.403	204.59	
513.604	162.61	
513.805	165.27	
514.007	133.53	
514.208	45.06	
514.409	-53.45	
514.611	-41.16	
514.812	-12.29	
515.013	57.14	
515.215	126.56	
515.416	106.08	
515.617	60.01	
515.819	-12.29	
516.02	-66.15	
516.221	-30.72	
516.422	5.73	
516.623	21.91	
516.825	48.13	
517.026	36.66	
517.227	-19.66	
517.428	-67.79	
517.629	-23.14	
517.83	0.61	
518.032	36.25	
518.233	99.12	
518.434	159.54	
518.635	215.04	
518.836	209.71	
519.037	168.96	
519.238	157.08	
519.439	159.95	
519.64	75.77	
519.841	89.7	
520.042	81.71	
520.243	61.44	
520.444	27.24	
520.645	28.88	
520.846	-25.8	
521.047	-7.37	
521.248	-30.31	
521.449	32.15	
521.65	30.11	
521.851	128	
522.052	82.74	
522.252	129.84	
522.453	127.59	
522.654	106.08	
522.855	48.74	
523.056	54.27	
523.257	21.71	
523.457	3.07	
523.658	39.32	
523.859	16.59	
524.06	-5.73	
524.26	-52.63	
524.461	-53.66	
524.662	-35.84	
524.862	-73.11	
525.063	-2.87	
525.264	60.21	
525.464	40.55	
525.665	38.71	
525.866	188.21	
526.066	150.53	
526.267	135.78	
526.468	121.44	
526.668	98.92	
526.869	8.19	
527.069	28.88	
527.27	35.02	
527.47	92.36	
527.671	79.46	
527.871	62.67	
528.072	90.93	
528.272	90.93	
528.473	86.63	
528.673	155.24	
528.874	166.09	
529.074	169.16	
529.275	173.67	
529.475	190.67	
529.675	109.36	
529.876	131.27	
530.076	57.96	
530.277	29.9	
530.477	-4.51	
530.677	6.14	
530.878	-44.24	
531.078	59.8	
531.278	47.51	
531.478	25.8	
531.679	26.83	
531.879	63.08	
532.079	12.9	
532.28	54.27	
532.48	23.14	
532.68	27.03	
532.88	51.61	
533.08	86.22	
533.28	53.45	
533.481	79.67	
533.681	82.74	
533.881	84.17	
534.081	43.21	
534.281	81.51	
534.481	119.19	
534.681	165.89	
534.881	183.91	
535.081	151.75	
535.281	111.41	
535.481	150.53	
535.682	113.05	
535.882	46.08	
536.082	158.92	
536.281	179.61	
536.481	195.79	
536.681	205.82	
536.881	216.88	
537.081	103.63	
537.281	102.81	
537.481	-11.88	
537.681	-44.03	
537.881	-94.62	
538.081	33.59	
538.281	38.5	
538.48	25.6	
538.68	68.4	
538.88	184.73	
539.08	159.13	
539.28	128.41	
539.479	218.72	
539.679	188.21	
539.879	113.87	
540.079	34.41	
540.278	65.53	
540.478	-28.67	
540.678	-37.48	
540.877	32.97	
541.077	-1.64	
541.277	0.2	
541.476	141.51	
541.676	171.01	
541.876	169.98	
542.075	244.53	
542.275	197.63	
542.474	97.07	
542.674	101.37	
542.874	45.87	
543.073	5.73	
543.273	46.08	
543.472	68.4	
543.672	50.99	
543.871	24.58	
544.071	21.09	
544.27	50.18	
544.47	39.94	
544.669	57.96	
544.868	75.77	
545.068	74.75	
545.267	34.82	
545.467	131.68	
545.666	80.89	
545.865	125.54	
546.065	89.29	
546.264	91.54	
546.463	-11.47	
546.663	31.54	
546.862	0.61	
547.061	53.04	
547.261	100.15	
547.46	161.58	
547.659	147.04	
547.858	240.02	
548.058	256.82	
548.257	249.65	
548.456	208.89	
548.655	214.22	
548.854	133.32	
549.053	164.86	
549.253	107.11	
549.452	101.17	
549.651	125.13	
549.85	193.53	
550.049	150.73	
550.248	158.31	
550.447	185.14	
550.646	180.84	
550.845	156.46	
551.044	143.77	
551.243	136.6	
551.442	129.84	
551.641	135.37	
551.84	141.11	
552.039	153.19	
552.238	188.21	
552.437	144.18	
552.636	128.2	
552.835	67.58	
553.034	139.88	
553.233	143.97	
553.432	199.27	
553.63	184.52	
553.829	225.89	
554.028	119.6	
554.227	135.17	
554.426	122.47	
554.625	156.46	
554.823	120.42	
555.022	177.15	
555.221	195.58	
555.42	171.21	
555.618	185.55	
555.817	189.85	
556.016	163.22	
556.214	138.03	
556.413	152.16	
556.612	107.11	
556.81	102.6	
557.009	108.95	
557.208	77	
557.406	102.81	
557.605	103.01	
557.803	81.3	
558.002	59.39	
558.201	3.48	
558.399	-21.09	
558.598	-71.27	
558.796	-38.91	
558.995	-32.56	
559.193	38.3	
559.392	5.73	
559.59	78.03	
559.789	104.45	
559.987	141.31	
560.185	203.77	
560.384	195.58	
560.582	199.27	
560.781	205.82	
560.979	193.74	
561.177	103.42	
561.376	139.26	
561.574	156.46	
561.772	-12.49	
561.971	156.46	
562.169	189.64	
562.367	122.06	
562.566	125.13	
562.764	208.28	
562.962	-4.3	
563.16	-60.21	
563.358	8.81	
563.557	12.9	
563.755	55.09	
563.953	98.51	
564.151	138.65	
564.349	155.03	
564.547	150.32	
564.746	122.06	
564.944	99.33	
565.142	98.3	
565.34	58.16	
565.538	-13.31	
565.736	38.09	
565.934	-2.87	
566.132	6.55	
566.33	27.24	
566.528	134.96	
566.726	73.11	
566.924	139.26	
567.122	101.37	
567.32	63.08	
567.518	5.73	
567.716	16.59	
567.914	16.59	
568.112	23.55	
568.31	100.35	
568.507	115.3	
568.705	56.93	
568.903	32.77	
569.101	100.56	
569.299	171.01	
569.497	175.92	
569.694	251.29	
569.892	236.54	
570.09	214.63	
570.288	81.92	
570.486	56.32	
570.683	45.26	
570.881	13.72	
571.079	-38.09	
571.276	-6.96	
571.474	-23.35	
571.672	-60.62	
571.869	-0.41	
572.067	37.68	
572.265	28.67	
572.462	66.15	
572.66	157.69	
572.857	182.27	
573.055	208.07	
573.253	192.92	
573.45	177.35	
573.648	164.04	
573.845	119.6	
574.043	123.08	
574.24	134.14	
574.438	70.86	
574.635	27.24	
574.832	-15.97	
575.03	-25.19	
575.227	78.03	
575.425	97.89	
575.622	78.44	
575.82	113.46	
576.017	156.46	
576.214	60.01	
576.412	96.87	
576.609	66.97	
576.806	55.3	
577.004	-49.15	
577.201	-43.01	
577.398	6.14	
577.595	122.67	
577.793	128	
577.99	161.58	
578.187	135.17	
578.384	89.29	
578.582	23.55	
578.779	83.97	
578.976	122.26	
579.173	198.86	
579.37	199.47	
579.567	210.12	
579.764	168.96	
579.962	157.9	
580.159	90.93	
580.356	133.53	
580.553	167.93	
580.75	218.93	
580.947	216.47	
581.144	266.24	
581.341	219.75	
581.538	243.91	
581.735	165.07	
581.932	188.82	
582.129	117.55	
582.326	155.24	
582.523	90.52	
582.72	82.33	
582.916	27.85	
583.113	24.17	
583.31	-34.61	
583.507	-34.2	
583.704	93.8	
583.901	155.85	
584.098	163.84	
584.294	197.42	
584.491	193.12	
584.688	139.26	
584.885	69.22	
585.082	156.67	
585.278	192.3	
585.475	228.96	
585.672	181.45	
585.868	182.47	
586.065	116.32	
586.262	39.53	
586.458	65.13	
586.655	83.35	
586.852	90.32	
587.048	89.91	
587.245	53.86	
587.442	74.96	
587.638	110.39	
587.835	183.91	
588.031	200.91	
588.228	259.27	
588.424	212.58	
588.621	206.03	
588.817	136.19	
589.014	190.87	
589.21	223.84	
589.407	206.84	
589.603	128.41	
589.8	202.95	
589.996	152.78	
590.192	132.09	
590.389	155.24	
590.585	166.09	
590.782	70.86	
590.978	124.72	
591.174	80.89	
591.371	50.18	
591.567	77.41	
591.763	96.25	
591.959	53.25	
592.156	91.34	
592.352	117.96	
592.548	174.49	
592.744	187.18	
592.941	158.31	
593.137	123.08	
593.333	73.52	
593.529	31.74	
593.725	43.21	
593.922	38.91	
594.118	134.55	
594.314	104.65	
594.51	142.33	
594.706	95.44	
594.902	126.97	
595.098	43.62	
595.294	62.05	
595.49	-15.56	
595.686	64.1	
595.882	-11.67	
596.078	51.4	
596.274	106.7	
596.47	201.52	
596.666	129.64	
596.862	155.65	
597.058	142.13	
597.254	173.05	
597.45	71.47	
597.646	118.17	
597.842	137.83	
598.037	207.25	
598.233	180.43	
598.429	235.11	
598.625	175.31	
598.821	163.63	
599.017	43.21	
599.212	81.71	
599.408	98.3	
599.604	104.45	
599.8	84.38	
599.995	58.57	
600.191	12.7	
600.387	-34.2	
600.582	-2.05	
600.778	87.24	
600.974	154.62	
601.169	133.53	
601.365	140.7	
601.561	74.14	
601.756	-4.71	
601.952	-3.69	
602.147	-46.49	
602.343	-38.5	
602.538	90.93	
602.734	120.42	
602.93	89.91	
603.125	123.7	
603.321	140.7	
603.516	99.74	
603.711	91.95	
603.907	117.96	
604.102	148.07	
604.298	190.67	
604.493	168.14	
604.689	211.96	
604.884	207.66	
605.079	229.37	
605.275	159.13	
605.47	153.39	
605.665	137.62	
605.861	205.82	
606.056	156.67	
606.251	99.74	
606.447	116.73	
606.642	111.82	
606.837	-4.92	
607.032	72.7	
607.227	114.89	
607.423	113.66	
607.618	88.27	
607.813	112.02	
608.008	51.61	
608.203	131.68	
608.398	172.64	
608.594	140.9	
608.789	147.04	
608.984	190.05	
609.179	140.9	
609.374	74.75	
609.569	137.62	
609.764	100.96	
609.959	62.26	
610.154	61.64	
610.349	83.56	
610.544	57.14	
610.739	100.56	
610.934	133.32	
611.129	204.59	
611.324	240.02	
611.519	287.13	
611.714	299.21	
611.909	227.32	
612.103	235.72	
612.298	238.79	
612.493	193.94	
612.688	210.74	
612.883	295.32	
613.078	157.28	
613.272	158.1	
613.467	211.96	
613.662	245.96	
613.857	232.24	
614.051	355.94	
614.246	284.46	
614.441	224.66	
614.635	93.8	
614.83	48.74	
615.025	-56.93	
615.219	-45.06	
615.414	-104.86	
615.609	-53.66	
615.803	-63.9	
615.998	83.76	
616.192	103.83	
616.387	194.76	
616.582	296.75	
616.776	367.41	
616.971	284.46	
617.165	283.23	
617.36	209.51	
617.554	129.43	
617.749	99.33	
617.943	98.3	
618.138	115.1	
618.332	160.56	
618.526	116.12	
618.721	96.66	
618.915	103.22	
619.11	112.23	
619.304	37.89	
619.498	53.25	
619.693	102.81	
619.887	92.98	
620.081	31.95	
620.275	84.58	
620.47	128.41	
620.664	129.02	
620.858	92.98	
621.052	98.3	
621.247	127.38	
621.441	133.53	
621.635	87.86	
621.829	124.72	
622.023	147.45	
622.218	197.01	
622.412	160.97	
622.606	142.13	
622.8	131.89	
622.994	122.06	
623.188	21.5	
623.382	29.08	
623.576	39.32	
623.77	-10.04	
623.964	-15.36	
624.158	24.17	
624.352	-36.45	
624.546	2.05	
624.74	64.31	
624.934	65.53	
625.128	60.82	
625.322	114.48	
625.516	98.3	
625.71	43.21	
625.904	14.34	
626.098	87.04	
626.291	125.95	
626.485	108.95	
626.679	132.3	
626.873	241.25	
627.067	171.62	
627.26	158.1	
627.454	197.42	
627.648	229.99	
627.842	114.48	
628.035	117.76	
628.229	122.47	
628.423	84.58	
628.617	30.72	
628.81	52.43	
629.004	52.43	
629.198	58.78	
629.391	39.53	
629.585	105.06	
629.778	117.96	
629.972	174.28	
630.166	133.12	
630.359	123.49	
630.553	83.35	
630.746	119.19	
630.94	87.45	
631.133	35.02	
631.327	38.3	
631.52	40.34	
631.714	-11.47	
631.907	-48.54	
632.1	31.33	
632.294	113.05	
632.487	133.73	
632.681	195.58	
632.874	222.41	
633.067	254.97	
633.261	194.15	
633.454	206.23	
633.647	183.7	
633.841	141.72	
634.034	117.14	
634.227	120.63	
634.421	81.1	
634.614	72.91	
634.807	82.33	
635	4.71	
635.193	37.89	
635.387	31.54	
635.58	10.44	
635.773	18.64	
635.966	93.59	
636.159	88.68	
636.352	17.41	
636.545	-12.7	
636.739	-55.3	
636.932	-63.49	
637.125	-118.99	
637.318	-92.77	
637.511	7.78	
637.704	38.09	
637.897	23.55	
638.09	12.08	
638.283	109.57	
638.476	78.85	
638.669	85.4	
638.862	107.93	
639.055	118.58	
639.247	98.71	
639.44	37.68	
639.633	52.02	
639.826	5.94	
640.019	24.99	
640.212	-2.87	
640.405	67.38	
640.597	50.58	
640.79	127.38	
640.983	138.24	
641.176	117.96	
641.368	135.58	
641.561	201.93	
641.754	84.38	
641.947	131.07	
642.139	173.87	
642.332	118.17	
642.525	89.7	
642.717	185.96	
642.91	99.12	
643.103	84.99	
643.295	47.1	
643.488	39.32	
643.68	-33.79	
643.873	-1.02	
644.065	-43.83	
644.258	-6.14	
644.45	-49.77	
644.643	-9.22	
644.835	6.55	
645.028	0.41	
645.22	-16.79	
645.413	-27.44	
645.605	-61.64	
645.798	-99.53	
645.99	-29.49	
646.182	10.85	
646.375	38.3	
646.567	95.03	
646.76	76.59	
646.952	77.21	
647.144	43.83	
647.337	32.77	
647.529	1.02	
647.721	129.43	
647.913	72.09	
648.106	63.49	
648.298	47.51	
648.49	65.94	
648.682	-104.24	
648.874	-59.8	
649.067	-34.61	
649.259	7.17	
649.451	-21.91	
649.643	78.03	
649.835	103.22	
650.027	137.01	
650.219	150.32	
650.411	162.4	
650.603	139.26	
650.796	135.99	
650.988	136.39	
651.18	142.13	
651.372	160.56	
651.564	143.56	
651.756	81.1	
651.948	65.13	
652.139	27.24	
652.331	17	
652.523	54.68	
652.715	67.79	
652.907	64.1	
653.099	118.17	
653.291	120.63	
653.483	85.2	
653.674	103.83	
653.866	112.02	
654.058	33.18	
654.25	17.41	
654.442	9.22	
654.633	-34.82	
654.825	-66.97	
655.017	-39.32	
655.209	-51.4	
655.4	3.89	
655.592	-30.51	
655.784	38.91	
655.975	42.6	
656.167	43.21	
656.359	-11.88	
656.55	69.43	
656.742	-22.53	
656.933	81.71	
657.125	101.58	
657.316	72.91	
657.508	38.09	
657.7	105.27	
657.891	-10.24	
658.083	9.01	
658.274	94.21	
658.466	112.02	
658.657	116.73	
658.848	63.08	
659.04	66.76	
659.231	13.52	
659.423	19.25	
659.614	-25.8	
659.805	94.41	
659.997	162.2	
660.188	194.15	
660.379	209.71	
660.571	185.14	
660.762	131.89	
660.953	31.95	
661.145	15.77	
661.336	-37.07	
661.527	59.6	
661.718	79.67	
661.909	75.37	
662.101	110.18	
662.292	174.9	
662.483	62.87	
662.674	38.5	
662.865	74.14	
663.056	41.57	
663.247	-43.42	
663.439	-3.48	
663.63	-1.23	
663.821	-39.53	
664.012	-33.38	
664.203	64.51	
664.394	96.46	
664.585	140.29	
664.776	128	
664.967	160.77	
665.158	132.5	
665.349	189.03	
665.54	128.2	
665.73	163.84	
665.921	50.99	
666.112	44.65	
666.303	-41.57	
666.494	55.5	
666.685	36.66	
666.876	137.83	
667.066	149.09	
667.257	185.55	
667.448	67.79	
667.639	90.93	
667.83	55.5	
668.02	50.18	
668.211	-22.32	
668.402	66.35	
668.592	-11.88	
668.783	-13.93	
668.974	-11.47	
669.164	59.8	
669.355	22.94	
669.546	129.02	
669.736	156.46	
669.927	139.67	
670.117	57.75	
670.308	69.84	
670.499	-20.68	
670.689	-14.54	
670.88	-62.26	
671.07	-8.4	
671.261	-18.84	
671.451	95.23	
671.641	-13.93	
671.832	50.79	
672.022	48.33	
672.213	-3.28	
672.403	-81.1	
672.594	82.94	
672.784	94.62	
672.974	95.64	
673.165	77.41	
673.355	86.63	
673.545	69.84	
673.736	126.15	
673.926	32.97	
674.116	117.96	
674.306	49.97	
674.497	-25.8	
674.687	-128.82	
674.877	-70.04	
675.067	-85.2	
675.257	10.65	
675.448	6.14	
675.638	16.18	
675.828	-6.14	
676.018	22.53	
676.208	3.69	
676.398	31.54	
676.588	49.36	
676.778	81.71	
676.968	51.61	
677.158	63.49	
677.348	0.82	
677.538	-19.25	
677.728	7.17	
677.918	5.94	
678.108	-33.79	
678.298	53.04	
678.488	44.24	
678.678	72.5	
678.868	87.65	
679.058	125.95	
679.248	85.61	
679.438	105.88	
679.627	86.83	
679.817	84.17	
680.007	63.08	
680.197	64.1	
680.387	25.39	
680.576	53.45	
680.766	-2.87	
680.956	-29.08	
681.146	19.46	
681.335	38.71	
681.525	-40.96	
681.715	-4.71	
681.904	50.58	
682.094	33.79	
682.284	47.51	
682.473	76.39	
682.663	131.07	
682.852	111.82	
683.042	106.49	
683.231	89.29	
683.421	91.13	
683.61	30.51	
683.8	0.82	
683.989	-14.54	
684.179	13.52	
684.368	-44.65	
684.558	-53.45	
684.747	-76.39	
684.937	-128.2	
685.126	-89.7	
685.316	-48.54	
685.505	-87.04	
685.694	33.59	
685.884	153.6	
686.073	71.06	
686.262	91.95	
686.452	188.62	
686.641	147.86	
686.83	92.36	
687.019	118.78	
687.209	129.64	
687.398	128.61	
687.587	90.52	
687.776	59.6	
687.965	22.53	
688.155	-1.43	
688.344	-96.87	
688.533	-90.52	
688.722	-119.19	
688.911	20.89	
689.1	76.18	
689.289	184.11	
689.478	220.36	
689.667	285.49	
689.856	103.22	
690.045	44.03	
690.234	-3.48	
690.423	7.78	
690.612	-47.1	
690.801	87.24	
690.99	74.55	
691.179	126.97	
691.368	99.94	
691.557	189.64	
691.746	121.85	
691.935	133.73	
692.124	41.98	
692.312	33.38	
692.501	-36.25	
692.69	5.73	
692.879	-5.73	
693.068	13.11	
693.256	-10.85	
693.445	72.91	
693.634	18.64	
693.823	3.48	
694.011	-2.25	
694.2	28.67	
694.389	-55.91	
694.577	-39.32	
694.766	-19.87	
694.955	11.47	
695.143	-28.26	
695.332	12.9	
695.52	12.49	
695.709	70.45	
695.897	36.04	
696.086	44.85	
696.275	-27.24	
696.463	-11.67	
696.652	-54.89	
696.84	-18.23	
697.028	-31.33	
697.217	20.48	
697.405	42.39	
697.594	60.21	
697.782	55.09	
697.971	84.38	
698.159	64.72	
698.347	96.05	
698.536	114.48	
698.724	163.22	
698.912	143.15	
699.1	191.49	
699.289	142.74	
699.477	131.27	
699.665	59.6	
699.854	31.33	
700.042	-21.3	
700.23	18.02	
700.418	14.95	
700.606	30.11	
700.794	80.89	
700.983	141.51	
701.171	113.46	
701.359	83.15	
701.547	74.55	
701.735	105.88	
701.923	40.55	
702.111	34	
702.299	-1.23	
702.487	37.48	
702.675	-26.21	
702.863	-23.35	
703.051	-50.79	
703.239	67.99	
703.427	15.36	
703.615	16.18	
703.803	17.2	
703.991	102.19	
704.179	63.49	
704.367	121.24	
704.554	194.15	
704.742	219.54	
704.93	225.89	
705.118	226.3	
705.306	152.98	
705.493	111.61	
705.681	52.63	
705.869	59.8	
706.057	14.13	
706.244	76.39	
706.432	64.31	
706.62	137.83	
706.807	24.17	
706.995	98.51	
707.183	1.02	
707.37	56.73	
707.558	57.14	
707.746	200.7	
707.933	167.73	
708.121	293.27	
708.308	245.96	
708.496	225.28	
708.683	92.77	
708.871	139.06	
709.058	38.5	
709.246	59.19	
709.433	1.23	
709.621	39.94	
709.808	-24.58	
709.995	97.48	
710.183	90.32	
710.37	120.22	
710.558	108.13	
710.745	100.56	
710.932	11.88	
711.12	24.58	
711.307	39.53	
711.494	76.18	
711.681	97.69	
711.869	73.73	
712.056	98.92	
712.243	157.9	
712.43	58.98	
712.618	93.39	
712.805	83.97	
712.992	42.39	
713.179	-42.39	
713.366	15.77	
713.553	12.29	
713.74	44.65	
713.928	-44.85	
714.115	33.38	
714.302	2.05	
714.489	-22.94	
714.676	-57.34	
714.863	46.28	
715.05	21.91	
715.237	18.64	
715.424	-36.86	
715.611	67.58	
715.798	50.58	
715.984	65.13	
716.171	128.82	
716.358	167.93	
716.545	121.03	
716.732	132.71	
716.919	34.2	
717.106	-27.65	
717.293	-12.08	
717.479	46.28	
717.666	-63.49	
717.853	-3.07	
718.04	42.8	
718.226	66.76	
718.413	-55.91	
718.6	46.69	
718.786	37.07	
718.973	93.39	
719.16	1.84	
719.346	35.84	
719.533	7.37	
719.72	40.55	
719.906	-59.6	
720.093	20.89	
720.279	-17.61	
720.466	9.63	
720.652	39.73	
720.839	120.22	
721.025	94	
721.212	158.1	
721.398	133.32	
721.585	137.62	
721.771	76.59	
721.958	66.97	
722.144	91.75	
722.331	2.66	
722.517	-59.39	
722.703	-4.3	
722.89	-59.8	
723.076	-62.87	
723.262	77.21	
723.449	51.4	
723.635	-42.8	
723.821	14.34	
724.007	-51.61	
724.194	-103.42	
724.38	-56.73	
724.566	-11.26	
724.752	23.96	
724.938	95.44	
725.125	174.28	
725.311	190.67	
725.497	180.02	
725.683	137.83	
725.869	67.17	
726.055	10.65	
726.241	-22.73	
726.427	15.36	
726.613	13.93	
726.799	98.1	
726.985	42.19	
727.171	96.05	
727.357	115.92	
727.543	203.57	
727.729	159.13	
727.915	196.6	
728.101	180.02	
728.287	141.72	
728.473	88.88	
728.659	85.2	
728.845	59.6	
729.03	3.69	
729.216	2.46	
729.402	-60.62	
729.588	-68.81	
729.774	-53.25	
729.959	-42.39	
730.145	-11.47	
730.331	43.62	
730.517	61.85	
730.702	114.89	
730.888	146.43	
731.074	55.5	
731.259	80.49	
731.445	94.62	
731.63	50.99	
731.816	16.59	
732.002	123.7	
732.187	178.58	
732.373	191.49	
732.558	234.9	
732.744	283.03	
732.929	233.67	
733.115	88.68	
733.3	-47.31	
733.486	-94.82	
733.671	-182.88	
733.857	-182.88	
734.042	-114.89	
734.227	-46.08	
734.413	34.2	
734.598	147.86	
734.784	125.34	
734.969	85.2	
735.154	139.06	
735.339	104.45	
735.525	85.81	
735.71	184.11	
735.895	147.86	
736.081	117.55	
736.266	114.48	
736.451	62.67	
736.636	31.54	
736.821	64.92	
737.007	35.23	
737.192	36.86	
737.377	27.65	
737.562	-55.7	
737.747	-16.38	
737.932	44.65	
738.117	-17.41	
738.302	86.01	
738.487	115.3	
738.672	74.96	
738.857	115.71	
739.042	140.29	
739.227	154.21	
739.412	134.96	
739.597	131.68	
739.782	105.27	
739.967	66.76	
740.152	46.9	
740.337	112.43	
740.522	155.24	
740.706	153.39	
740.891	241.46	
741.076	210.12	
741.261	200.91	
741.446	209.3	
741.63	201.52	
741.815	189.23	
742	95.64	
742.185	66.76	
742.369	46.69	
742.554	19.25	
742.739	-8.19	
742.923	59.8	
743.108	103.42	
743.293	129.02	
743.477	102.4	
743.662	141.51	
743.846	139.47	
744.031	119.6	
744.216	92.57	
744.4	154.83	
744.585	144.79	
744.769	171.41	
744.954	174.69	
745.138	144.18	
745.322	145.61	
745.507	82.12	
745.691	46.08	
745.876	15.56	
746.06	72.5	
746.244	57.96	
746.429	135.99	
746.613	133.94	
746.798	165.07	
746.982	97.28	
747.166	117.14	
747.35	34.82	
747.535	31.33	
747.719	22.32	
747.903	79.26	
748.087	35.84	
748.272	61.44	
748.456	126.36	
748.64	103.42	
748.824	100.96	
749.008	134.55	
749.192	120.63	
749.376	53.66	
749.56	60.01	
749.745	23.96	
749.929	61.64	
750.113	92.16	
750.297	54.48	
750.481	118.37	
750.665	175.51	
750.849	141.11	
751.033	155.44	
751.217	121.24	
751.4	64.92	
751.584	39.94	
751.768	30.31	
751.952	-20.89	
752.136	42.6	
752.32	4.71	
752.504	9.01	
752.688	12.29	
752.871	28.67	
753.055	17.2	
753.239	50.79	
753.423	75.57	
753.606	30.72	
753.79	65.33	
753.974	98.51	
754.157	108.95	
754.341	41.16	
754.525	28.26	
754.708	44.65	
754.892	41.98	
755.076	56.11	
755.259	113.66	
755.443	99.74	
755.626	97.69	
755.81	130.46	
755.993	121.85	
756.177	74.14	
756.36	126.36	
756.544	109.57	
756.727	55.09	
756.911	73.93	
757.094	146.22	
757.278	149.91	
757.461	98.3	
757.644	94	
757.828	50.38	
758.011	27.85	
758.195	27.85	
758.378	40.14	
758.561	23.55	
758.744	11.67	
758.928	19.46	
759.111	18.84	
759.294	50.38	
759.477	87.24	
759.661	115.71	
759.844	110.59	
760.027	106.49	
760.21	77.82	
760.393	88.68	
760.576	102.19	
760.76	69.63	
760.943	30.11	
761.126	158.51	
761.309	223.02	
761.492	201.52	
761.675	195.17	
761.858	240.64	
762.041	132.3	
762.224	1.23	
762.407	11.88	
762.59	61.85	
762.773	-19.25	
762.956	-35.63	
763.139	10.65	
763.321	24.17	
763.504	-63.9	
763.687	29.49	
763.87	47.31	
764.053	62.87	
764.236	63.69	
764.418	135.78	
764.601	83.97	
764.784	125.95	
764.967	190.46	
765.149	194.35	
765.332	173.46	
765.515	245.14	
765.697	164.66	
765.88	105.68	
766.063	104.65	
766.245	121.65	
766.428	35.02	
766.611	73.52	
766.793	73.73	
766.976	92.16	
767.158	29.49	
767.341	86.83	
767.523	73.93	
767.706	89.91	
767.888	48.33	
768.071	161.58	
768.253	133.32	
768.436	175.92	
768.618	183.91	
768.8	243.09	
768.983	189.85	
769.165	203.77	
769.348	109.98	
769.53	85.61	
769.712	6.96	
769.895	-6.76	
770.077	24.99	
770.259	61.03	
770.441	41.16	
770.624	106.7	
770.806	163.02	
770.988	97.07	
771.17	111.41	
771.352	196.6	
771.535	225.28	
771.717	209.71	
771.899	225.69	
772.081	287.53	
772.263	200.7	
772.445	166.3	
772.627	80.89	
772.809	76.8	
772.991	44.03	
773.173	78.23	
773.355	65.94	
773.537	74.96	
773.719	64.72	
773.901	99.53	
774.083	43.21	
774.265	-25.39	
774.447	-34.41	
774.629	-14.34	
774.811	-56.11	
774.992	-0.2	
775.174	-0	
775.356	61.64	
775.538	39.73	
775.72	12.9	
775.901	12.08	
776.083	61.44	
776.265	19.87	
776.447	79.67	
776.628	161.18	
776.81	136.19	
776.992	149.5	
777.173	172.23	
777.355	144.79	
777.537	107.72	
777.718	127.59	
777.9	122.67	
778.081	150.53	
778.263	197.83	
778.444	167.32	
778.626	159.33	
778.807	108.95	
778.989	57.75	
779.17	-43.83	
779.352	-125.34	
779.533	-180.02	
779.715	-103.01	
779.896	-156.67	
780.078	-67.17	
780.259	63.9	
780.44	89.29	
780.622	37.07	
780.803	150.12	
780.984	120.63	
781.166	52.63	
781.347	67.79	
781.528	94	
781.709	70.04	
781.891	86.83	
782.072	116.32	
782.253	142.74	
782.434	131.48	
782.615	115.71	
782.796	89.29	
782.978	138.65	
783.159	158.72	
783.34	218.72	
783.521	205	
783.702	224.46	
783.883	209.92	
784.064	180.63	
784.245	92.36	
784.426	137.83	
784.607	112.64	
784.788	127.79	
784.969	72.09	
785.15	129.43	
785.331	20.27	
785.512	75.98	
785.692	24.78	
785.873	53.86	
786.054	21.71	
786.235	89.7	
786.416	58.98	
786.597	61.85	
786.777	73.11	
786.958	90.11	
787.139	110.8	
787.32	136.6	
787.5	159.33	
787.681	100.56	
787.862	93.8	
788.042	96.05	
788.223	77.41	
788.404	3.48	
788.584	73.52	
788.765	119.4	
788.946	112.43	
789.126	118.99	
789.307	232.03	
789.487	289.17	
789.668	211.76	
789.848	205.21	
790.029	119.81	
790.209	100.15	
790.39	29.7	
790.57	23.55	
790.75	69.22	
790.931	134.76	
791.111	71.88	
791.292	133.94	
791.472	187.39	
791.652	191.28	
791.833	203.36	
792.013	238.79	
792.193	167.93	
792.373	176.94	
792.554	147.86	
792.734	163.43	
792.914	115.1	
793.094	146.43	
793.275	160.97	
793.455	148.48	
793.635	174.9	
793.815	236.54	
793.995	206.44	
794.175	177.35	
794.355	201.11	
794.535	196.2	
794.715	153.8	
794.896	165.89	
795.076	126.97	
795.256	140.29	
795.436	65.33	
795.616	112.23	
795.795	145.61	
795.975	181.86	
796.155	228.96	
796.335	271.56	
796.515	245.35	
796.695	296.96	
796.875	344.26	
797.055	298.39	
797.234	311.09	
797.414	374.16	
797.594	301.26	
797.774	241.46	
797.954	176.53	
798.133	176.33	
798.313	77.41	
798.493	130.25	
798.672	112.43	
798.852	132.09	
799.032	43.83	
799.211	55.09	
799.391	-5.73	
799.571	19.66	
799.75	27.85	
799.93	167.11	
800.109	194.15	
800.289	201.11	
800.468	170.39	
800.648	151.75	
800.827	110.8	
801.007	118.17	
801.186	69.02	
801.366	98.51	
801.545	110.18	
801.725	193.12	
801.904	118.78	
802.083	171.41	
802.263	153.39	
802.442	222.2	
802.621	91.13	
802.801	228.14	
802.98	265.62	
803.159	225.89	
803.338	128.2	
803.518	189.44	
803.697	56.73	
803.876	63.9	
804.055	117.76	
804.235	203.98	
804.414	145.41	
804.593	203.16	
804.772	162.2	
804.951	141.72	
805.13	24.37	
805.309	62.05	
805.488	83.15	
805.667	98.92	
805.846	123.08	
806.025	214.63	
806.204	233.88	
806.383	208.07	
806.562	161.18	
806.741	138.65	
806.92	149.91	
807.099	101.17	
807.278	36.04	
807.457	41.78	
807.636	108.54	
807.814	108.75	
807.993	109.36	
808.172	187.8	
808.351	216.27	
808.53	170.19	
808.708	137.42	
808.887	153.8	
809.066	199.47	
809.244	177.15	
809.423	149.91	
809.602	169.78	
809.78	188.21	
809.959	136.19	
810.138	158.92	
810.316	210.74	
810.495	188.21	
810.673	107.31	
810.852	123.9	
811.03	172.23	
811.209	148.48	
811.388	159.74	
811.566	231.22	
811.744	231.83	
811.923	192.71	
812.101	196.81	
812.28	253.74	
812.458	267.06	
812.637	211.15	
812.815	217.29	
812.993	266.44	
813.172	233.67	
813.35	141.11	
813.528	205	
813.706	180.43	
813.885	134.14	
814.063	97.28	
814.241	188.82	
814.419	171.01	
814.598	217.29	
814.776	258.66	
814.954	249.85	
815.132	209.71	
815.31	228.96	
815.488	121.44	
815.666	50.79	
815.844	18.84	
816.022	21.71	
816.201	-32.97	
816.379	116.53	
816.557	141.92	
816.735	213.6	
816.913	185.75	
817.09	232.24	
817.268	120.22	
817.446	81.92	
817.624	34.82	
817.802	175.92	
817.98	126.97	
818.158	127.18	
818.336	82.12	
818.514	133.32	
818.691	65.13	
818.869	125.95	
819.047	212.58	
819.225	278.93	
819.402	221.39	
819.58	264.8	
819.758	264.6	
819.935	193.74	
820.113	196.6	
820.291	184.73	
820.468	62.67	
820.646	64.51	
820.824	76.8	
821.001	175.1	
821.179	257.02	
821.356	301.67	
821.534	243.91	
821.711	211.76	
821.889	183.91	
822.066	177.97	
822.244	160.77	
822.421	205.21	
822.599	250.47	
822.776	180.22	
822.953	93.59	
823.131	68.81	
823.308	39.53	
823.486	24.99	
823.663	23.76	
823.84	82.33	
824.017	31.95	
824.195	41.16	
824.372	47.92	
824.549	55.3	
824.726	56.93	
824.904	99.12	
825.081	106.08	
825.258	50.99	
825.435	46.69	
825.612	57.14	
825.789	6.14	
825.967	-5.94	
826.144	50.38	
826.321	107.93	
826.498	97.69	
826.675	172.64	
826.852	122.26	
827.029	177.97	
827.206	148.07	
827.383	74.96	
827.56	122.67	
827.737	171.82	
827.914	147.45	
828.09	141.51	
828.267	201.52	
828.444	195.38	
828.621	172.64	
828.798	199.68	
828.975	117.76	
829.151	92.57	
829.328	59.19	
829.505	136.6	
829.682	65.74	
829.858	92.16	
830.035	133.73	
830.212	148.07	
830.389	93.18	
830.565	54.27	
830.742	113.87	
830.918	111	
831.095	107.52	
831.272	125.95	
831.448	143.56	
831.625	153.19	
831.801	176.33	
831.978	167.11	
832.154	119.81	
832.331	172.85	
832.507	107.72	
832.684	101.78	
832.86	135.58	
833.037	274.22	
833.213	233.47	
833.389	281.39	
833.566	195.79	
833.742	140.9	
833.918	22.94	
834.095	-55.5	
834.271	-116.12	
834.447	-19.05	
834.624	17.82	
834.8	46.28	
834.976	141.31	
835.152	176.13	
835.328	155.85	
835.505	183.5	
835.681	155.65	
835.857	55.91	
836.033	98.3	
836.209	101.58	
836.385	54.07	
836.561	86.42	
836.737	200.5	
836.913	112.64	
837.089	104.04	
837.265	123.7	
837.441	141.11	
837.617	134.96	
837.793	174.49	
837.969	167.93	
838.145	161.99	
838.321	141.92	
838.497	120.63	
838.673	172.23	
838.849	129.02	
839.025	169.57	
839.2	152.16	
839.376	211.15	
839.552	149.5	
839.728	181.86	
839.903	142.95	
840.079	182.47	
840.255	75.16	
840.431	193.12	
840.606	135.58	
840.782	220.57	
840.958	117.35	
841.133	133.94	
841.309	77.82	
841.484	175.72	
841.66	31.95	
841.835	52.63	
842.011	61.44	
842.186	69.02	
842.362	24.78	
842.537	99.74	
842.713	121.24	
842.888	138.65	
843.064	62.46	
843.239	36.86	
843.415	43.83	
843.59	80.69	
843.765	78.03	
843.941	147.66	
844.116	237.97	
844.291	184.73	
844.467	157.9	
844.642	170.6	
844.817	182.27	
844.992	102.6	
845.168	106.29	
845.343	149.91	
845.518	136.6	
845.693	133.12	
845.868	146.22	
846.043	123.08	
846.219	68.4	
846.394	152.37	
846.569	101.78	
846.744	72.29	
846.919	114.28	
847.094	220.57	
847.269	134.55	
847.444	136.6	
847.619	174.28	
847.794	244.94	
847.969	144.79	
848.144	205.82	
848.319	213.6	
848.494	214.01	
848.668	158.92	
848.843	202.34	
849.018	166.91	
849.193	179.61	
849.368	154.21	
849.542	174.08	
849.717	182.06	
849.892	187.8	
850.067	152.78	
850.241	209.1	
850.416	209.3	
850.591	214.63	
850.765	152.78	
850.94	221.18	
851.115	160.36	
851.289	140.08	
851.464	54.27	
851.639	87.04	
851.813	50.58	
851.988	116.12	
852.162	72.7	
852.337	126.97	
852.511	146.63	
852.686	207.46	
852.86	145	
853.035	148.27	
853.209	141.72	
853.383	182.88	
853.558	56.11	
853.732	122.06	
853.906	115.1	
854.081	140.29	
854.255	79.87	
854.429	128.2	
854.604	124.93	
854.778	240.84	
854.952	206.64	
855.126	228.14	
855.301	280.37	
855.475	228.76	
855.649	130.66	
855.823	123.9	
855.997	99.94	
856.171	87.86	
856.345	47.72	
856.52	66.97	
856.694	83.76	
856.868	152.37	
857.042	143.36	
857.216	203.36	
857.39	231.22	
857.564	225.69	
857.738	160.56	
857.912	131.68	
858.085	131.48	
858.259	113.87	
858.433	117.14	
858.607	91.54	
858.781	115.92	
858.955	96.66	
859.129	60.21	
859.302	64.51	
859.476	61.85	
859.65	108.95	
859.824	65.94	
859.997	82.94	
860.171	152.37	
860.345	240.23	
860.519	152.16	
860.692	190.67	
860.866	226.91	
861.039	202.54	
861.213	148.89	
861.387	163.43	
861.56	172.23	
861.734	216.47	
861.907	178.58	
862.081	171.21	
862.254	222.61	
862.428	269.1	
862.601	195.38	
862.775	190.67	
862.948	269.72	
863.122	252.72	
863.295	181.86	
863.468	162.2	
863.642	143.77	
863.815	106.29	
863.988	77.62	
864.162	86.83	
864.335	71.68	
864.508	111.82	
864.682	94.41	
864.855	83.15	
865.028	85.61	
865.201	128.41	
865.374	58.57	
865.548	122.67	
865.721	146.02	
865.894	270.74	
866.067	221.8	
866.24	277.5	
866.413	261.12	
866.586	300.03	
866.759	131.07	
866.932	158.51	
867.105	147.45	
867.278	40.75	
867.451	-31.74	
867.624	55.7	
867.797	103.42	
867.97	115.92	
868.143	154.21	
868.316	169.78	
868.489	83.15	
868.661	63.9	
868.834	52.43	
869.007	106.29	
869.18	135.78	
869.353	186.37	
869.525	170.39	
869.698	127.18	
869.871	99.74	
870.044	94.41	
870.216	142.95	
870.389	103.22	
870.562	188.41	
870.734	246.99	
870.907	201.52	
871.079	180.63	
871.252	199.06	
871.425	202.75	
871.597	97.48	
871.77	184.52	
871.942	158.92	
872.115	174.49	
872.287	94.62	
872.459	121.03	
872.632	71.47	
872.804	64.92	
872.977	-14.13	
873.149	38.3	
873.321	22.32	
873.494	32.77	
873.666	54.68	
873.838	118.37	
874.011	80.89	
874.183	136.39	
874.355	114.48	
874.528	96.05	
874.7	93.8	
874.872	186.77	
875.044	166.7	
875.216	193.74	
875.388	292.04	
875.561	362.49	
875.733	227.53	
875.905	203.36	
876.077	137.01	
876.249	123.7	
876.421	50.58	
876.593	55.3	
876.765	106.08	
876.937	212.78	
877.109	129.43	
877.281	139.26	
877.453	174.69	
877.625	160.36	
877.797	72.91	
877.968	50.58	
878.14	38.09	
878.312	109.16	
878.484	47.92	
878.656	88.68	
878.828	103.83	
878.999	213.81	
879.171	124.72	
879.343	90.11	
879.515	77.21	
879.686	81.1	
879.858	-19.46	
880.03	32.97	
880.201	113.25	
880.373	79.05	
880.545	84.17	
880.716	145	
880.888	151.34	
881.059	178.58	
881.231	169.98	
881.402	222	
881.574	189.03	
881.745	179.4	
881.917	104.45	
882.088	157.08	
882.26	102.19	
882.431	153.6	
882.602	72.29	
882.774	116.53	
882.945	72.29	
883.116	35.43	
883.288	-47.51	
883.459	5.73	
883.63	34.2	
883.802	56.93	
883.973	89.91	
884.144	149.91	
884.315	176.13	
884.487	164.86	
884.658	196.4	
884.829	236.54	
885	193.94	
885.171	196.4	
885.342	120.63	
885.513	87.45	
885.684	92.36	
885.855	135.99	
886.026	103.63	
886.197	176.94	
886.368	155.03	
886.539	179.81	
886.71	103.83	
886.881	118.37	
887.052	192.3	
887.223	248.01	
887.394	161.99	
887.565	231.83	
887.736	208.07	
887.907	129.02	
888.077	90.11	
888.248	75.77	
888.419	43.83	
888.59	37.27	
888.761	81.3	
888.931	84.38	
889.102	168.14	
889.273	160.77	
889.443	150.53	
889.614	69.02	
889.785	98.92	
889.955	99.33	
890.126	75.16	
890.296	114.28	
890.467	142.13	
890.637	199.47	
890.808	139.26	
890.978	194.56	
891.149	196.6	
891.319	295.93	
891.49	226.51	
891.66	266.85	
891.831	230.19	
892.001	277.91	
892.172	130.66	
892.342	129.23	
892.512	104.86	
892.683	191.89	
892.853	138.24	
893.023	202.13	
893.193	189.44	
893.364	220.16	
893.534	192.51	
893.704	218.93	
893.874	223.02	
894.044	236.13	
894.215	209.51	
894.385	197.42	
894.555	195.99	
894.725	244.12	
894.895	178.99	
895.065	209.92	
895.235	210.53	
895.405	264.39	
895.575	180.43	
895.745	269.31	
895.915	276.82	
