177.618	-1216.15	
177.836	-1227.42	
178.054	-1235.61	
178.271	-941.11	
178.489	-635.55	
178.706	-429.94	
178.924	-190.32	
179.142	62.19	
179.359	28.6	
179.577	-87.93	
179.794	-70.31	
180.012	-68.68	
180.229	-119.67	
180.447	-76.66	
180.664	-25.67	
180.882	-1.5	
181.1	39.05	
181.317	40.48	
181.535	-20.96	
181.752	-10.31	
181.969	16.73	
182.187	-4.57	
182.404	42.73	
182.622	61.37	
182.839	93.11	
183.057	79.6	
183.274	59.94	
183.492	69.15	
183.709	78.16	
183.926	7.92	
184.144	-6.21	
184.361	67.51	
184.579	121.79	
184.796	66.9	
185.013	90.45	
185.231	51.54	
185.448	25.33	
185.666	-22.6	
185.883	-48.61	
186.1	9.97	
186.317	77.34	
186.535	30.45	
186.752	-9.28	
186.969	100.9	
187.187	97.82	
187.404	-20.96	
187.621	72.23	
187.839	109.5	
188.056	56.25	
188.273	-48.61	
188.49	22.46	
188.708	-34.47	
188.925	-11.13	
189.142	-35.91	
189.359	-4.57	
189.576	-30.38	
189.794	-35.91	
190.011	-81.99	
190.228	-59.66	
190.445	-45.33	
190.662	58.5	
190.879	56.66	
191.097	52.36	
191.314	102.94	
191.531	155.99	
191.748	38.23	
191.965	55.43	
192.182	62.6	
192.399	14.47	
192.616	19.39	
192.834	65.88	
193.051	54.61	
193.268	89.43	
193.485	55.84	
193.702	33.93	
193.919	35.36	
194.136	39.46	
194.353	7.92	
194.57	51.13	
194.787	55.23	
195.004	149.84	
195.221	104.58	
195.438	98.85	
195.655	92.7	
195.872	160.08	
196.089	28.81	
196.306	44.17	
196.523	77.75	
196.74	104.58	
196.957	-57.41	
197.173	-19.73	
197.39	-16.25	
197.607	15.5	
197.824	-28.54	
198.041	68.74	
198.258	97.01	
198.475	156.4	
198.692	95.37	
198.909	39.05	
199.125	-24.85	
199.342	-27.31	
199.559	-76.46	
199.776	-41.44	
199.993	64.44	
200.21	100.9	
200.426	46.42	
200.643	34.95	
200.86	48.06	
201.077	74.27	
201.293	37	
201.51	48.47	
201.727	-28.94	
201.944	-120.08	
202.16	-193.4	
202.377	-185.2	
202.594	-180.08	
202.811	-91.2	
203.027	-66.01	
203.244	-82.19	
203.461	-67.65	
203.677	-12.97	
203.894	-22.19	
204.111	6.28	
204.327	47.24	
204.544	62.8	
204.761	20.62	
204.977	-3.35	
205.194	-26.49	
205.41	16.11	
205.627	-3.96	
205.844	17.34	
206.06	27.99	
206.277	98.44	
206.493	72.02	
206.71	95.16	
206.926	94.34	
207.143	170.94	
207.36	41.51	
207.576	44.17	
207.793	86.97	
208.009	149.84	
208.226	84.1	
208.442	146.77	
208.659	127.93	
208.875	96.39	
209.092	-40	
209.308	-30.79	
209.524	-25.05	
209.741	72.43	
209.957	93.73	
210.174	139.6	
210.39	102.53	
210.607	105.4	
210.823	-51.68	
211.039	-119.46	
211.256	-3.96	
211.472	-34.06	
211.688	-15.02	
211.905	64.65	
212.121	73.66	
212.338	-10.72	
212.554	49.29	
212.77	41.3	
212.987	36.59	
213.203	77.34	
213.419	64.03	
213.635	48.06	
213.852	18.57	
214.068	-12.36	
214.284	-45.74	
214.501	19.18	
214.717	8.53	
214.933	83.08	
215.149	25.53	
215.365	-18.3	
215.582	-113.32	
215.798	-74.61	
216.014	-116.8	
216.23	-81.58	
216.447	-8.46	
216.663	6.28	
216.879	-47.79	
217.095	-43.28	
217.311	27.37	
217.527	53.38	
217.743	26.56	
217.96	36.59	
218.176	44.37	
218.392	40.89	
218.608	0.55	
218.824	24.3	
219.04	33.31	
219.256	50.11	
219.472	7.92	
219.688	-4.57	
219.904	35.36	
220.12	99.26	
220.336	44.58	
220.552	47.24	
220.768	121.58	
220.984	176.88	
221.2	56.46	
221.416	114.82	
221.632	95.78	
221.848	40.89	
222.064	-77.69	
222.28	-10.31	
222.496	-66.22	
222.712	44.99	
222.928	13.45	
223.144	58.3	
223.36	41.3	
223.576	85.74	
223.792	-3.96	
224.008	49.08	
224.224	92.3	
224.439	173.39	
224.655	147.39	
224.871	167.25	
225.087	175.85	
225.303	94.75	
225.519	44.58	
225.734	54.61	
225.95	55.64	
226.166	52.97	
226.382	74.89	
226.598	58.3	
226.813	117.89	
227.029	104.38	
227.245	49.9	
227.461	92.3	
227.677	140.22	
227.892	111.55	
228.108	102.13	
228.324	132.23	
228.539	40.07	
228.755	70.38	
228.971	16.11	
229.186	41.92	
229.402	43.35	
229.618	172.78	
229.833	54	
230.049	76.32	
230.265	27.58	
230.48	113.8	
230.696	25.12	
230.912	74.68	
231.127	102.13	
231.343	168.48	
231.558	45.81	
231.774	87.99	
231.99	178.72	
232.205	182.82	
232.421	100.49	
232.636	100.9	
232.852	58.09	
233.067	2.18	
233.283	-37.14	
233.498	14.06	
233.714	80.83	
233.929	130.18	
234.145	89.43	
234.36	102.33	
234.576	159.47	
234.791	186.71	
235.007	230.53	
235.222	299.75	
235.438	311.43	
235.653	352.8	
235.868	277.84	
236.084	202.27	
236.299	186.5	
236.515	189.57	
236.73	62.19	
236.945	92.3	
237.161	86.15	
237.376	55.64	
237.592	-14.2	
237.807	-5.19	
238.022	9.15	
238.238	46.83	
238.453	-21.57	
238.668	63.42	
238.883	0.96	
239.099	-8.26	
239.314	-54.54	
239.529	9.15	
239.745	-12.15	
239.96	108.27	
240.175	75.09	
240.39	150.66	
240.605	179.74	
240.821	163.36	
241.036	124.45	
241.251	217.84	
241.466	184.04	
241.681	162.75	
241.897	182	
242.112	190.8	
242.327	94.14	
242.542	109.29	
242.757	74.68	
242.972	112.77	
243.188	84.72	
243.403	125.27	
243.618	95.57	
243.833	105.4	
244.048	82.26	
244.263	128.95	
244.478	81.65	
244.693	63.42	
244.908	99.87	
245.123	110.52	
245.338	87.58	
245.553	145.54	
245.768	135.51	
245.983	130.39	
246.198	21.84	
246.413	62.8	
246.628	33.52	
246.843	37	
247.058	-20.96	
247.273	72.02	
247.488	24.1	
247.703	80.01	
247.918	90.45	
248.133	149.23	
248.348	81.24	
248.563	155.37	
248.778	106.22	
248.993	93.11	
249.207	166.64	
249.422	189.57	
249.637	47.44	
249.852	17.34	
250.067	34.34	
250.282	-39.8	
250.496	-72.36	
250.711	10.17	
250.926	30.24	
251.141	117.28	
251.356	95.78	
251.57	202.68	
251.785	235.65	
252	214.15	
252.215	131.82	
252.43	179.54	
252.644	143.49	
252.859	149.64	
253.074	150.46	
253.288	163.97	
253.503	89.02	
253.718	126.29	
253.932	177.29	
254.147	184.45	
254.362	192.85	
254.576	254.08	
254.791	208.41	
255.006	100.28	
255.22	183.63	
255.435	186.91	
255.65	188.34	
255.864	198.58	
256.079	185.27	
256.293	160.08	
256.508	118.92	
256.723	188.14	
256.937	108.06	
257.152	113.39	
257.366	60.96	
257.581	33.72	
257.795	-18.91	
258.01	112.98	
258.224	132.84	
258.439	147.59	
258.653	170.94	
258.868	151.69	
259.082	73.25	
259.297	45.4	
259.511	47.24	
259.726	21.44	
259.94	-46.56	
260.154	-75.43	
260.369	-47.38	
260.583	-36.52	
260.798	-72.77	
261.012	-11.95	
261.226	39.46	
261.441	80.42	
261.655	19.59	
261.869	99.67	
262.084	102.13	
262.298	77.75	
262.512	-27.72	
262.727	7.3	
262.941	34.34	
263.155	3.41	
263.37	-27.1	
263.584	55.84	
263.798	103.15	
264.012	129.98	
264.227	122.81	
264.441	217.63	
264.655	178.72	
264.869	217.02	
265.084	126.7	
265.298	146.77	
265.512	62.19	
265.726	97.01	
265.94	21.64	
266.155	62.19	
266.369	76.94	
266.583	170.12	
266.797	134.07	
267.011	162.75	
267.225	196.13	
267.439	200.84	
267.654	122.61	
267.868	121.17	
268.082	37.82	
268.296	-76.46	
268.51	-130.32	
268.724	-121.92	
268.938	-165.95	
269.152	-71.54	
269.366	-31.2	
269.58	10.99	
269.794	-10.51	
270.008	133.66	
270.222	52.77	
270.436	101.72	
270.65	77.75	
270.864	147.18	
271.078	56.05	
271.292	114.21	
271.506	160.7	
271.72	211.49	
271.934	184.04	
272.148	166.23	
272.362	142.47	
272.575	122.4	
272.789	85.74	
273.003	67.11	
273.217	160.29	
273.431	156.4	
273.645	118.51	
273.859	130.59	
274.073	185.27	
274.286	170.73	
274.5	179.33	
274.714	152.3	
274.928	193.46	
275.142	178.51	
275.355	135.92	
275.569	186.91	
275.783	279.89	
275.997	267.81	
276.21	279.07	
276.424	309.79	
276.638	246.51	
276.852	228.69	
277.065	151.48	
277.279	130.39	
277.493	111.75	
277.706	200.43	
277.92	163.97	
278.134	151.69	
278.347	127.93	
278.561	97.82	
278.775	53.38	
278.988	46.42	
279.202	133.66	
279.415	201.25	
279.629	187.32	
279.843	173.39	
280.056	281.53	
280.27	309.79	
280.483	192.65	
280.697	188.75	
280.91	242.41	
281.124	196.74	
281.337	115.03	
281.551	187.73	
281.764	191.42	
281.978	146.16	
282.191	49.7	
282.405	91.07	
282.618	60.14	
282.832	95.16	
283.045	63.21	
283.259	148.82	
283.472	145.13	
283.686	159.88	
283.899	108.27	
284.112	99.46	
284.326	140.83	
284.539	185.48	
284.752	185.07	
284.966	204.11	
285.179	272.52	
285.393	224.8	
285.606	106.43	
285.819	151.89	
286.033	131.21	
286.246	168.89	
286.459	103.15	
286.672	154.14	
286.886	86.77	
287.099	204.52	
287.312	27.78	
287.525	45.4	
287.739	57.48	
287.952	124.65	
288.165	85.33	
288.378	199.81	
288.592	231.15	
288.805	241.8	
289.018	246.92	
289.231	204.32	
289.444	237.09	
289.657	189.37	
289.871	147.39	
290.084	64.24	
290.297	104.79	
290.51	60.96	
290.723	56.25	
290.936	91.07	
291.149	126.91	
291.362	190.8	
291.575	155.17	
291.789	164.38	
292.002	176.06	
292.215	210.67	
292.428	55.23	
292.641	70.18	
292.854	86.15	
293.067	68.33	
293.28	-6.83	
293.493	8.33	
293.706	-39.18	
293.919	63.01	
294.132	3.82	
294.345	36.39	
294.558	48.26	
294.77	102.94	
294.983	-16.45	
295.196	56.05	
295.409	120.76	
295.622	266.17	
295.835	263.51	
296.048	288.29	
296.261	285.01	
296.474	243.23	
296.686	100.08	
296.899	118.1	
297.112	141.65	
297.325	162.75	
297.538	172.99	
297.751	212.51	
297.963	221.32	
298.176	228.08	
298.389	189.37	
298.602	168.48	
298.814	197.77	
299.027	208.41	
299.24	180.97	
299.453	214.56	
299.665	211.08	
299.878	168.68	
300.091	99.67	
300.303	99.05	
300.516	67.51	
300.729	87.99	
300.941	114.62	
301.154	74.27	
301.367	54	
301.579	76.73	
301.792	75.5	
302.005	38.84	
302.217	60.96	
302.43	101.72	
302.642	49.08	
302.855	-7.85	
303.067	-1.5	
303.28	103.56	
303.493	28.4	
303.705	115.03	
303.918	160.49	
304.13	207.19	
304.343	106.63	
304.555	160.9	
304.768	144.31	
304.98	192.85	
305.193	123.42	
305.405	174.21	
305.617	145.95	
305.83	152.91	
306.042	52.36	
306.255	57.27	
306.467	34.34	
306.68	29.42	
306.892	-28.74	
307.104	7.71	
307.317	27.99	
307.529	109.09	
307.741	120.15	
307.954	139.6	
308.166	126.7	
308.378	165.41	
308.591	101.1	
308.803	161.72	
309.015	230.53	
309.228	304.26	
309.44	209.44	
309.652	200.02	
309.864	152.51	
310.077	57.27	
310.289	-52.7	
310.501	-2.32	
310.713	22.87	
310.926	47.44	
311.138	7.51	
311.35	134.89	
311.562	105.4	
311.774	197.77	
311.986	133.25	
312.199	210.26	
312.411	92.7	
312.623	153.32	
312.835	45.19	
313.047	77.75	
313.259	120.76	
313.471	157.22	
313.683	132.44	
313.895	122.2	
314.108	99.67	
314.32	65.88	
314.532	8.12	
314.744	4.23	
314.956	64.44	
315.168	141.24	
315.38	76.73	
315.592	150.87	
315.804	175.44	
316.016	202.68	
316.228	172.78	
316.44	249.58	
316.651	290.54	
316.863	283.98	
317.075	212.51	
317.287	168.07	
317.499	165	
317.711	114	
317.923	96.8	
318.135	31.68	
318.347	53.79	
318.559	78.78	
318.77	110.52	
318.982	112.98	
319.194	168.07	
319.406	196.33	
319.618	121.17	
319.83	50.52	
320.041	37.61	
320.253	46.42	
320.465	-20.34	
320.677	9.15	
320.888	42.73	
321.1	48.26	
321.312	71.82	
321.524	97.82	
321.735	81.65	
321.947	58.09	
322.159	18.16	
322.37	-27.31	
322.582	7.92	
322.794	42.12	
323.005	75.71	
323.217	125.06	
323.429	88.2	
323.64	130.8	
323.852	72.63	
324.063	55.02	
324.275	109.91	
324.487	190.39	
324.698	101.72	
324.91	179.95	
325.121	164.18	
325.333	61.17	
325.544	-5.6	
325.756	80.21	
325.967	10.58	
326.179	98.03	
326.39	140.01	
326.602	184.04	
326.813	85.54	
327.025	131.62	
327.236	38.23	
327.448	-2.53	
327.659	-51.47	
327.871	16.93	
328.082	-4.16	
328.293	43.76	
328.505	89.22	
328.716	143.08	
328.928	101.31	
329.139	160.08	
329.35	139.4	
329.562	177.08	
329.773	177.49	
329.984	204.73	
330.196	153.12	
330.407	225	
330.618	159.47	
330.83	140.83	
331.041	136.12	
331.252	131	
331.463	69.97	
331.675	130.18	
331.886	167.05	
332.097	148.41	
332.308	117.28	
332.52	95.37	
332.731	49.29	
332.942	55.02	
333.153	112.16	
333.364	149.84	
333.575	167.46	
333.787	238.93	
333.998	147.59	
334.209	138.78	
334.42	101.72	
334.631	104.17	
334.842	52.56	
335.053	119.12	
335.264	67.92	
335.475	86.97	
335.686	86.56	
335.898	81.65	
336.109	32.9	
336.32	51.13	
336.531	30.45	
336.742	12.83	
336.953	2.39	
337.164	31.27	
337.375	-1.3	
337.586	3.21	
337.797	-39.8	
338.007	55.23	
338.218	6.69	
338.429	51.95	
338.64	44.99	
338.851	100.28	
339.062	-7.65	
339.273	122.61	
339.484	75.91	
339.695	39.66	
339.906	29.22	
340.116	96.8	
340.327	49.08	
340.538	77.75	
340.749	127.52	
340.96	84.1	
341.171	45.6	
341.381	38.43	
341.592	35.57	
341.803	33.93	
342.014	116.87	
342.224	155.37	
342.435	125.27	
342.646	83.08	
342.857	65.67	
343.067	9.97	
343.278	-36.52	
343.489	0.75	
343.699	56.87	
343.91	99.67	
344.121	102.74	
344.331	88.81	
344.542	42.12	
344.753	89.43	
344.963	68.33	
345.174	95.37	
345.384	125.88	
345.595	218.04	
345.806	159.88	
346.016	149.43	
346.227	164.38	
346.437	200.22	
346.648	113.18	
346.858	143.7	
347.069	111.55	
347.279	129.36	
347.49	59.12	
347.7	85.74	
347.911	7.1	
348.121	70.38	
348.332	22.66	
348.542	-10.51	
348.753	1.37	
348.963	85.95	
349.173	66.7	
349.384	139.6	
349.594	241.18	
349.805	249.17	
350.015	167.05	
350.225	176.67	
350.436	151.89	
350.646	173.8	
350.856	128.95	
351.067	174.83	
351.277	106.84	
351.487	50.11	
351.698	-65.6	
351.908	-31.4	
352.118	-28.94	
352.328	35.16	
352.539	121.79	
352.749	176.26	
352.959	183.43	
353.169	216.61	
353.38	234.83	
353.59	203.09	
353.8	220.09	
354.01	232.99	
354.22	209.64	
354.431	270.67	
354.641	270.88	
354.851	344.4	
355.061	339.48	
355.271	452.53	
355.481	426.93	
355.691	479.36	
355.901	417.51	
356.111	450.48	
356.321	395.19	
356.532	393.96	
356.742	348.09	
356.952	397.24	
357.162	441.06	
357.372	485.1	
357.582	480.79	
357.792	491.03	
358.002	468.3	
358.212	541.21	
358.422	578.48	
358.632	628.45	
358.842	684.77	
359.051	820.35	
359.261	779.8	
359.471	804.58	
359.681	893.26	
359.891	954.69	
360.101	915.37	
360.311	970.67	
360.521	1007.94	
360.731	1107.88	
360.94	1173.01	
361.15	1310.63	
361.36	1449.48	
361.57	1566.42	
361.78	1632.16	
361.989	1751.35	
362.199	1806.85	
362.409	1906.59	
362.619	1971.51	
362.828	2176.92	
363.038	2296.52	
363.248	2441.11	
363.458	2519.14	
363.667	2681.34	
363.877	2707.14	
364.087	2795	
364.296	2900.88	
364.506	3092.16	
364.716	3209.3	
364.925	3348.77	
365.135	3484.76	
365.345	3641.02	
365.554	3735.43	
365.764	3974.42	
365.973	4075.18	
366.183	4282.85	
366.393	4403.47	
366.602	4497.89	
366.812	4376.03	
367.021	4472.9	
367.231	4371.12	
367.44	4339.99	
367.65	4294.11	
367.859	4335.07	
368.069	4216.08	
368.278	4235.34	
368.488	4160.79	
368.697	4047.33	
368.907	3945.14	
369.116	3993.06	
369.326	3920.36	
369.535	3863.83	
369.744	3868.75	
369.954	3872.85	
370.163	3697.33	
370.373	3641.22	
370.582	3556.23	
370.791	3463.46	
371.001	3326.45	
371.21	3306.38	
371.419	3218.93	
371.629	3226.1	
371.838	3197.83	
372.047	3268.9	
372.256	3194.35	
372.466	3184.11	
372.675	3046.08	
372.884	2977.06	
373.093	2855	
373.303	2922.59	
373.512	2882.86	
373.721	2930.17	
373.93	2888.8	
374.139	2937.95	
374.349	2793.57	
374.558	2755.68	
374.767	2588.36	
374.976	2526.72	
375.185	2355.51	
375.394	2241.64	
375.603	2146.61	
375.813	2119.58	
376.022	2022.71	
376.231	1893.28	
376.44	1850.48	
376.649	1807.47	
376.858	1755.66	
377.067	1684.18	
377.276	1705.48	
377.485	1690.12	
377.694	1610.45	
377.903	1550.65	
378.112	1505.8	
378.321	1473.04	
378.53	1409.34	
378.739	1357.74	
378.948	1298.75	
379.157	1267.62	
379.366	1211.1	
379.575	1134.51	
379.784	1038.66	
379.992	1029.65	
380.201	1016.54	
380.41	953.06	
380.619	894.69	
380.828	924.59	
381.037	851.07	
381.246	714.06	
381.454	621.7	
381.663	648.52	
381.872	545.92	
382.081	621.7	
382.29	709.55	
382.498	769.15	
382.707	746.42	
382.916	795.36	
383.125	650.57	
383.333	598.55	
383.542	597.94	
383.751	585.04	
383.959	594.05	
384.168	630.5	
384.377	688.05	
384.585	628.66	
384.794	558.21	
385.003	516.22	
385.211	511.51	
385.42	416.9	
385.628	420.38	
385.837	437.79	
386.046	487.35	
386.254	548.99	
386.463	567.63	
386.671	622.1	
386.88	604.29	
387.088	528.72	
387.297	469.74	
387.505	478.34	
387.714	367.54	
387.922	329.04	
388.131	270.88	
388.339	276.61	
388.548	195.1	
388.756	234.42	
388.965	258.79	
389.173	259	
389.381	231.35	
389.59	289.31	
389.798	317.16	
390.007	374.71	
390.215	398.67	
390.423	447.21	
390.632	432.26	
390.84	420.38	
391.048	354.64	
391.257	346.65	
391.465	251.01	
391.673	252.24	
391.882	217.22	
392.09	178.31	
392.298	173.19	
392.506	150.66	
392.715	109.09	
392.923	149.84	
393.131	186.5	
393.339	213.53	
393.547	217.84	
393.756	266.58	
393.964	205.55	
394.172	166.64	
394.38	114.82	
394.588	213.74	
394.796	164.38	
395.005	165.2	
395.213	185.68	
395.421	249.78	
395.629	151.07	
395.837	131.41	
396.045	132.23	
396.253	120.97	
396.461	48.88	
396.669	113.39	
396.877	143.08	
397.085	163.97	
397.293	175.85	
397.501	206.16	
397.709	173.8	
397.917	184.66	
398.125	184.66	
398.333	196.74	
398.541	134.69	
398.749	129.98	
398.957	106.22	
399.165	41.51	
399.373	47.85	
399.581	74.48	
399.788	86.15	
399.996	47.65	
400.204	78.37	
400.412	50.72	
400.62	7.51	
400.828	4.44	
401.035	59.94	
401.243	81.44	
401.451	85.95	
401.659	89.63	
401.867	98.85	
402.074	76.12	
402.282	41.3	
402.49	-6.01	
402.697	100.49	
402.905	66.08	
403.113	90.86	
403.321	35.77	
403.528	66.29	
403.736	8.94	
403.944	41.71	
404.151	-15.84	
404.359	1.37	
404.566	-12.97	
404.774	17.54	
404.982	-30.79	
405.189	-19.52	
405.397	-39.39	
405.604	-19.73	
405.812	2.39	
406.02	-38.98	
406.227	6.08	
406.435	80.21	
406.642	96.39	
406.85	48.67	
407.057	118.71	
407.265	133.46	
407.472	137.35	
407.679	120.56	
407.887	115.03	
408.094	78.57	
408.302	-9.08	
408.509	-16.45	
408.717	13.04	
408.924	2.39	
409.131	50.72	
409.339	90.66	
409.546	79.8	
409.753	45.81	
409.961	102.94	
410.168	79.19	
410.375	110.32	
410.583	120.56	
410.79	156.4	
410.997	104.79	
411.205	114.21	
411.412	110.52	
411.619	146.98	
411.826	110.11	
412.034	167.87	
412.241	173.8	
412.448	162.34	
412.655	41.3	
412.862	46.83	
413.07	-25.67	
413.277	-53.52	
413.484	-98.78	
413.691	-23.01	
413.898	-58.84	
414.105	-91	
414.312	-129.91	
414.519	-130.32	
414.727	-155.71	
414.934	-95.91	
415.141	-43.28	
415.348	17.13	
415.555	9.56	
415.762	32.7	
415.969	-56.8	
416.176	-71.75	
416.383	-86.49	
416.59	-93.46	
416.797	-127.66	
417.004	-61.3	
417.211	-52.5	
417.418	-39.18	
417.625	1.57	
417.831	16.52	
418.038	1.98	
418.245	30.04	
418.452	0.96	
418.659	-21.98	
418.866	-19.73	
419.073	-9.08	
419.28	-105.33	
419.486	-4.37	
419.693	-29.97	
419.9	-2.32	
420.107	3.62	
420.314	94.96	
420.52	25.33	
420.727	147.59	
420.934	148.61	
421.141	95.16	
421.347	83.69	
421.554	90.04	
421.761	-66.01	
421.967	-71.54	
422.174	0.55	
422.381	-12.36	
422.588	-63.76	
422.794	-13.99	
423.001	53.38	
423.207	29.63	
423.414	31.68	
423.621	34.75	
423.827	89.22	
424.034	61.17	
424.24	61.99	
424.447	42.32	
424.654	-19.11	
424.86	-75.64	
425.067	-158.99	
425.273	-180.29	
425.48	-100.21	
425.686	16.93	
425.893	71.41	
426.099	99.05	
426.306	154.35	
426.512	136.53	
426.718	132.23	
426.925	91.48	
427.131	64.24	
427.338	24.92	
427.544	-21.98	
427.75	-67.04	
427.957	-96.12	
428.163	-77.28	
428.37	-74.82	
428.576	-36.52	
428.782	-49.22	
428.988	63.83	
429.195	80.62	
429.401	52.36	
429.607	23.28	
429.814	147.8	
430.02	68.95	
430.226	31.47	
430.432	49.9	
430.639	78.57	
430.845	33.11	
431.051	61.37	
431.257	115.23	
431.463	112.77	
431.67	52.56	
431.876	-16.66	
432.082	-58.44	
432.288	-30.79	
432.494	-19.73	
432.7	20.62	
432.906	17.75	
433.112	24.51	
433.318	21.44	
433.525	39.46	
433.731	12.42	
433.937	90.66	
434.143	74.27	
434.349	46.42	
434.555	30.04	
434.761	64.65	
434.967	-36.73	
435.173	-1.09	
435.379	4.03	
435.585	51.75	
435.791	60.14	
435.996	136.74	
436.202	140.42	
436.408	110.52	
436.614	41.51	
436.82	32.7	
437.026	-4.57	
437.232	44.58	
437.438	32.9	
437.644	-8.67	
437.849	-0.07	
438.055	9.56	
438.261	-53.93	
438.467	-71.95	
438.673	2.18	
438.878	-59.87	
439.084	-46.35	
439.29	-11.13	
439.496	42.32	
439.701	31.88	
439.907	22.05	
440.113	-4.78	
440.318	-3.96	
440.524	-45.12	
440.73	-50.24	
440.935	-16.66	
441.141	-41.44	
441.347	56.66	
441.552	21.64	
441.758	56.87	
441.964	-0.27	
442.169	101.51	
442.375	-34.47	
442.58	54.41	
442.786	69.97	
442.991	114	
443.197	-21.78	
443.402	42.73	
443.608	61.17	
443.813	102.33	
444.019	154.55	
444.224	222.96	
444.43	153.73	
444.635	153.12	
444.841	36.8	
445.046	50.11	
445.252	18.16	
445.457	11.4	
445.662	-61.92	
445.868	-55.98	
446.073	-106.36	
446.278	-120.49	
446.484	-112.71	
446.689	-112.91	
446.894	-114.75	
447.1	-122.13	
447.305	-49.22	
447.51	11.61	
447.716	-8.67	
447.921	19.39	
448.126	54.82	
448.331	-25.87	
448.537	-36.11	
448.742	43.14	
448.947	-33.86	
449.152	-93.87	
449.357	-14.4	
449.563	-45.33	
449.768	-92.23	
449.973	-47.17	
450.178	-0.89	
450.383	-103.9	
450.588	-111.48	
450.793	-93.46	
450.999	-17.27	
451.204	-50.65	
451.409	-11.95	
451.614	-0.48	
451.819	-13.18	
452.024	-77.07	
452.229	-36.11	
452.434	50.11	
452.639	16.52	
452.844	79.19	
453.049	17.95	
453.254	-42.46	
453.459	-92.64	
453.664	-17.68	
453.869	-83.42	
454.074	29.42	
454.279	96.39	
454.483	42.12	
454.688	-16.86	
454.893	33.72	
455.098	18.57	
455.303	-21.37	
455.508	26.96	
455.713	47.65	
455.917	-16.45	
456.122	2.39	
456.327	-38.57	
456.532	57.48	
456.737	-17.27	
456.941	39.87	
457.146	-5.6	
457.351	32.9	
457.555	-74.41	
457.76	33.52	
457.965	31.47	
458.17	61.17	
458.374	101.72	
458.579	191.42	
458.784	112.98	
458.988	81.24	
459.193	59.53	
459.397	43.55	
459.602	-43.28	
459.807	46.83	
460.011	45.6	
460.216	63.62	
460.42	-9.49	
460.625	-50.24	
460.829	-66.22	
461.034	-103.7	
461.239	-143.22	
461.443	-76.05	
461.648	-11.33	
461.852	-67.86	
462.056	12.63	
462.261	29.01	
462.465	95.57	
462.67	77.14	
462.874	106.22	
463.079	62.8	
463.283	60.14	
463.487	-4.37	
463.692	-6.62	
463.896	-62.12	
464.1	-72.77	
464.305	-80.14	
464.509	-63.76	
464.713	-16.25	
464.918	93.32	
465.122	155.37	
465.326	111.14	
465.531	58.3	
465.735	5.05	
465.939	-58.84	
466.143	-115.78	
466.348	-91.82	
466.552	-113.12	
466.756	-62.33	
466.96	-24.85	
467.164	9.56	
467.368	44.17	
467.573	137.56	
467.777	98.03	
467.981	46.22	
468.185	-14.61	
468.389	-20.55	
468.593	-154.49	
468.797	-217.56	
469.001	-180.29	
469.205	-126.43	
469.409	-120.69	
469.613	-29.56	
469.817	49.29	
470.021	54.41	
470.225	54.61	
470.429	43.96	
470.633	65.67	
470.837	74.27	
471.041	60.76	
471.245	-9.49	
471.449	0.34	
471.653	-13.79	
471.857	16.52	
472.061	-38.37	
472.265	23.48	
472.469	34.13	
472.673	-10.31	
472.876	-47.79	
473.08	-13.99	
473.284	-0.89	
473.488	-17.89	
473.692	37.61	
473.895	68.13	
474.099	105.2	
474.303	126.29	
474.507	141.04	
474.71	137.76	
474.914	79.19	
475.118	42.32	
475.322	48.67	
475.525	-47.38	
475.729	-40.41	
475.933	-40.82	
476.136	60.55	
476.34	68.74	
476.543	224.8	
476.747	194.08	
476.951	249.58	
477.154	124.86	
477.358	152.3	
477.561	64.85	
477.765	98.64	
477.969	30.86	
478.172	77.34	
478.376	31.68	
478.579	48.67	
478.783	12.22	
478.986	42.53	
479.19	39.05	
479.393	51.54	
479.596	72.43	
479.8	105.61	
480.003	67.72	
480.207	56.05	
480.41	23.89	
480.614	41.3	
480.817	-4.57	
481.02	108.68	
481.224	152.1	
481.427	195.1	
481.63	186.09	
481.834	263.91	
482.037	123.42	
482.24	89.63	
482.443	44.37	
482.647	-0.07	
482.85	-53.11	
483.053	65.26	
483.256	-16.25	
483.46	4.44	
483.663	5.46	
483.866	22.05	
484.069	-10.1	
484.272	19.59	
484.476	7.3	
484.679	45.19	
484.882	108.88	
485.085	45.6	
485.288	79.6	
485.491	118.3	
485.694	55.84	
485.897	-14.2	
486.101	38.23	
486.304	100.9	
486.507	-3.55	
486.71	25.94	
486.913	15.09	
487.116	-20.14	
487.319	-89.56	
487.522	-28.13	
487.725	40.89	
487.928	74.68	
488.13	74.89	
488.333	99.46	
488.536	102.53	
488.739	30.86	
488.942	54.82	
489.145	49.29	
489.348	52.77	
489.551	13.65	
489.754	43.55	
489.956	-20.96	
490.159	-12.15	
490.362	-58.44	
490.565	-80.14	
490.768	-117.42	
490.97	-46.15	
491.173	-33.65	
491.376	-24.64	
491.579	12.42	
491.781	83.69	
491.984	30.65	
492.187	67.51	
492.39	59.32	
492.592	57.68	
492.795	61.99	
492.998	33.93	
493.2	1.37	
493.403	43.76	
493.605	130.39	
493.808	78.78	
494.011	59.73	
494.213	44.37	
494.416	55.64	
494.618	-69.08	
494.821	-106.97	
495.023	-22.19	
495.226	22.05	
495.428	8.74	
495.631	85.95	
495.833	122.61	
496.036	82.87	
496.238	24.92	
496.441	78.37	
496.643	39.05	
496.846	25.53	
497.048	23.89	
497.25	141.24	
497.453	117.49	
497.655	191.62	
497.858	305.9	
498.06	325.56	
498.262	195.72	
498.465	181.18	
498.667	166.84	
498.869	92.7	
499.071	65.88	
499.274	156.19	
499.476	145.13	
499.678	72.23	
499.881	38.64	
500.083	57.48	
500.285	-37.75	
500.487	-18.09	
500.689	13.45	
500.892	-27.31	
501.094	-77.89	
501.296	20.21	
501.498	-11.33	
501.7	-57.41	
501.902	8.53	
502.104	83.28	
502.306	8.94	
502.509	56.25	
502.711	81.85	
502.913	70.79	
503.115	-5.8	
503.317	47.24	
503.519	-12.36	
503.721	30.45	
503.923	94.75	
504.125	138.37	
504.327	150.05	
504.529	200.43	
504.731	145.13	
504.933	120.35	
505.134	96.8	
505.336	82.67	
505.538	39.25	
505.74	38.84	
505.942	-15.43	
506.144	-30.99	
506.346	-65.19	
506.548	43.76	
506.749	86.15	
506.951	140.22	
507.153	152.71	
507.355	172.78	
507.557	104.17	
507.758	122.61	
507.96	39.46	
508.162	84.51	
508.363	89.43	
508.565	121.17	
508.767	40.07	
508.969	86.77	
509.17	91.89	
509.372	67.11	
509.574	-39.59	
509.775	-2.12	
509.977	-34.27	
510.178	2.39	
510.38	16.93	
510.582	80.83	
510.783	37.41	
510.985	57.68	
511.186	-39.59	
511.388	7.3	
511.589	34.13	
511.791	37	
511.992	18.77	
512.194	49.29	
512.395	-72.57	
512.597	-74.2	
512.798	-41.23	
513	-4.98	
513.201	14.88	
513.403	163.36	
513.604	103.15	
513.805	123.42	
514.007	117.28	
514.208	47.04	
514.409	-50.65	
514.611	-35.7	
514.812	-12.15	
515.013	57.89	
515.215	116.46	
515.416	89.22	
515.617	52.77	
515.819	-18.91	
516.02	-87.11	
516.221	-50.45	
516.422	-0.48	
516.623	21.64	
516.825	31.27	
517.026	35.36	
517.227	-24.85	
517.428	-77.89	
517.629	-65.6	
517.83	-36.32	
518.032	-7.44	
518.233	57.89	
518.434	105.81	
518.635	173.8	
518.836	159.26	
519.037	111.55	
519.238	95.16	
519.439	107.86	
519.64	19.18	
519.841	51.75	
520.042	49.29	
520.243	12.01	
520.444	-21.78	
520.645	4.23	
520.846	-48.81	
521.047	-35.5	
521.248	-52.29	
521.449	-3.55	
521.65	-10.1	
521.851	85.13	
522.052	44.17	
522.252	103.15	
522.453	112.77	
522.654	91.07	
522.855	33.31	
523.056	44.99	
523.257	-1.71	
523.457	-16.04	
523.658	17.54	
523.859	-20.14	
524.06	-51.27	
524.26	-80.76	
524.461	-90.79	
524.662	-77.28	
524.862	-87.72	
525.063	-8.06	
525.264	42.53	
525.464	20.21	
525.665	33.11	
525.866	163.97	
526.066	102.74	
526.267	98.03	
526.468	95.98	
526.668	59.12	
526.869	-26.28	
527.069	12.83	
527.27	27.99	
527.47	87.18	
527.671	86.77	
527.871	61.78	
528.072	95.16	
528.272	88.2	
528.473	69.56	
528.673	131	
528.874	158.44	
529.074	150.46	
529.275	153.12	
529.475	171.14	
529.675	86.36	
529.876	116.05	
530.076	49.49	
530.277	24.51	
530.477	6.28	
530.677	8.74	
530.878	-60.28	
531.078	32.7	
531.278	28.6	
531.478	-0.27	
531.679	14.88	
531.879	37.82	
532.079	-4.16	
532.28	25.94	
532.48	10.99	
532.68	2.18	
532.88	47.24	
533.08	52.36	
533.28	43.14	
533.481	55.64	
533.681	72.63	
533.881	59.53	
534.081	54.82	
534.281	57.48	
534.481	80.62	
534.681	137.15	
534.881	158.44	
535.081	124.65	
535.281	97.42	
535.481	131.21	
535.682	74.27	
535.882	1.57	
536.082	100.28	
536.281	112.98	
536.481	147.59	
536.681	160.49	
536.881	189.78	
537.081	78.37	
537.281	82.46	
537.481	-23.82	
537.681	-51.27	
537.881	-109.84	
538.081	4.03	
538.281	21.85	
538.48	6.49	
538.68	50.93	
538.88	177.08	
539.08	149.84	
539.28	114	
539.479	202.48	
539.679	186.3	
539.879	106.84	
540.079	65.26	
540.278	89.02	
540.478	-8.46	
540.678	-32.22	
540.877	19.39	
541.077	-35.7	
541.277	-23.62	
541.476	108.68	
541.676	147.8	
541.876	173.6	
542.075	257.36	
542.275	208.41	
542.474	116.46	
542.674	143.08	
542.874	93.93	
543.073	46.63	
543.273	101.31	
543.472	115.85	
543.672	68.74	
543.871	32.49	
544.071	44.99	
544.27	65.67	
544.47	57.68	
544.669	93.93	
544.868	119.12	
545.068	131.82	
545.267	102.74	
545.467	225.41	
545.666	143.7	
545.865	185.07	
546.065	117.49	
546.264	106.84	
546.463	-2.32	
546.663	40.89	
546.862	-4.37	
547.061	57.07	
547.261	93.11	
547.46	129.77	
547.659	126.09	
547.858	229.1	
548.058	240.77	
548.257	237.5	
548.456	208.01	
548.655	218.04	
548.854	133.87	
549.053	168.48	
549.253	117.08	
549.452	117.49	
549.651	137.15	
549.85	213.53	
550.049	162.54	
550.248	163.15	
550.447	190.39	
550.646	192.85	
550.845	160.7	
551.044	152.1	
551.243	146.98	
551.442	140.83	
551.641	132.64	
551.84	146.57	
552.039	167.05	
552.238	191.01	
552.437	141.04	
552.636	129.36	
552.835	65.67	
553.034	141.24	
553.233	141.86	
553.432	197.36	
553.63	174.42	
553.829	195.92	
554.028	55.23	
554.227	78.16	
554.426	68.13	
554.625	108.88	
554.823	87.99	
555.022	165.82	
555.221	178.92	
555.42	149.23	
555.618	163.56	
555.817	168.07	
556.016	119.74	
556.214	92.5	
556.413	100.49	
556.612	50.93	
556.81	40.07	
557.009	63.62	
557.208	63.62	
557.406	87.99	
557.605	103.35	
557.803	92.91	
558.002	75.91	
558.201	-12.77	
558.399	-67.04	
558.598	-120.9	
558.796	-106.56	
558.995	-103.7	
559.193	-35.7	
559.392	-35.29	
559.59	25.53	
559.789	62.8	
559.987	108.27	
560.185	172.58	
560.384	170.53	
560.582	186.91	
560.781	194.49	
560.979	170.32	
561.177	77.96	
561.376	113.18	
561.574	130.18	
561.772	-34.27	
561.971	179.74	
562.169	234.22	
562.367	174.01	
562.566	146.98	
562.764	218.45	
562.962	-29.15	
563.16	-100.42	
563.358	-42.05	
563.557	-20.75	
563.755	37.61	
563.953	71.2	
564.151	118.1	
564.349	142.47	
564.547	149.43	
564.746	110.93	
564.944	95.78	
565.142	89.84	
565.34	23.07	
565.538	-48.81	
565.736	-7.44	
565.934	-40.82	
566.132	-21.78	
566.33	16.93	
566.528	114.82	
566.726	65.88	
566.924	131.21	
567.122	80.62	
567.32	41.92	
567.518	-7.85	
567.716	9.56	
567.914	9.35	
568.112	13.24	
568.31	88.2	
568.507	118.51	
568.705	48.67	
568.903	31.27	
569.101	114.82	
569.299	165.82	
569.497	153.12	
569.694	233.2	
569.892	198.99	
570.09	171.96	
570.288	54	
570.486	32.9	
570.683	17.54	
570.881	-15.84	
571.079	-51.88	
571.276	-8.26	
571.474	-32.02	
571.672	-55.16	
571.869	9.76	
572.067	26.76	
572.265	1.98	
572.462	47.65	
572.66	131.41	
572.857	167.25	
573.055	218.25	
573.253	217.02	
573.45	187.53	
573.648	175.85	
573.845	125.27	
574.043	90.86	
574.24	99.87	
574.438	41.51	
574.635	-9.69	
574.832	-58.23	
575.03	-51.06	
575.227	47.65	
575.425	79.8	
575.622	58.91	
575.82	87.79	
576.017	141.45	
576.214	51.13	
576.412	66.49	
576.609	32.7	
576.806	22.46	
577.004	-86.29	
577.201	-74.61	
577.398	-4.37	
577.595	117.89	
577.793	125.47	
577.99	179.95	
578.187	144.72	
578.384	109.09	
578.582	38.43	
578.779	107.65	
578.976	127.72	
579.173	213.33	
579.37	184.86	
579.567	191.42	
579.764	156.4	
579.962	149.43	
580.159	73.04	
580.356	122.2	
580.553	165.2	
580.75	203.7	
580.947	195.51	
581.144	262.07	
581.341	228.28	
581.538	253.88	
581.735	176.88	
581.932	176.26	
582.129	82.67	
582.326	106.22	
582.523	33.11	
582.72	34.95	
582.916	-4.78	
583.113	10.58	
583.31	-44.71	
583.507	-22.8	
583.704	88.2	
583.901	162.54	
584.098	157.83	
584.294	195.51	
584.491	197.97	
584.688	148.41	
584.885	56.87	
585.082	153.32	
585.278	191.62	
585.475	214.56	
585.672	165	
585.868	194.08	
586.065	128.34	
586.262	37.82	
586.458	50.72	
586.655	71.82	
586.852	63.42	
587.048	58.91	
587.245	39.25	
587.442	61.37	
587.638	112.16	
587.835	192.85	
588.031	214.76	
588.228	257.98	
588.424	209.23	
588.621	181.38	
588.817	103.35	
589.014	138.99	
589.21	179.54	
589.407	169.91	
589.603	118.92	
589.8	185.07	
589.996	138.58	
590.192	111.34	
590.389	120.35	
590.585	121.58	
590.782	48.26	
590.978	100.9	
591.174	66.9	
591.371	62.6	
591.567	84.92	
591.763	90.25	
591.959	53.59	
592.156	84.1	
592.352	87.58	
592.548	146.98	
592.744	154.55	
592.941	119.53	
593.137	86.15	
593.333	49.29	
593.529	19.39	
593.725	33.93	
593.922	24.92	
594.118	123.01	
594.314	76.53	
594.51	95.98	
594.706	64.44	
594.902	113.59	
595.098	37.61	
595.294	63.42	
595.49	-20.14	
595.686	53.59	
595.882	-22.6	
596.078	34.75	
596.274	91.07	
596.47	182.41	
596.666	101.31	
596.862	132.03	
597.058	121.17	
597.254	150.66	
597.45	55.64	
597.646	118.71	
597.842	116.67	
598.037	180.77	
598.233	163.36	
598.429	239.13	
598.625	167.66	
598.821	155.58	
599.017	27.99	
599.212	72.84	
599.408	64.24	
599.604	78.57	
599.8	70.59	
599.995	43.96	
600.191	-9.28	
600.387	-51.06	
600.582	-17.27	
600.778	56.66	
600.974	146.36	
601.169	131	
601.365	138.99	
601.561	60.96	
601.756	-8.06	
601.952	-24.23	
602.147	-74.61	
602.343	-49.42	
602.538	71.2	
602.734	106.02	
602.93	92.09	
603.125	138.78	
603.321	138.17	
603.516	109.5	
603.711	92.3	
603.907	92.3	
604.102	114.21	
604.298	161.52	
604.493	127.11	
604.689	188.34	
604.884	194.28	
605.079	210.46	
605.275	136.74	
605.47	139.4	
605.665	108.68	
605.861	178.72	
606.056	120.97	
606.251	71.82	
606.447	90.45	
606.642	72.43	
606.837	-60.89	
607.032	37.61	
607.227	73.04	
607.423	65.47	
607.618	55.02	
607.813	81.85	
608.008	21.03	
608.203	89.43	
608.398	134.89	
608.594	114	
608.789	138.58	
608.984	161.93	
609.179	101.92	
609.374	51.95	
609.569	106.63	
609.764	75.09	
609.959	64.03	
610.154	95.78	
610.349	87.18	
610.544	91.48	
610.739	129.36	
610.934	132.03	
611.129	191.21	
611.324	265.14	
611.519	277.23	
611.714	305.69	
611.909	256.75	
612.103	271.9	
612.298	270.47	
612.493	229.51	
612.688	237.29	
612.883	325.15	
613.078	202.27	
613.272	194.49	
613.467	275.59	
613.662	301.39	
613.857	279.27	
614.051	381.88	
614.246	315.11	
614.441	238.11	
614.635	98.23	
614.83	54.82	
615.025	-47.99	
615.219	-43.49	
615.414	-114.14	
615.609	-53.73	
615.803	-76.46	
615.998	60.96	
616.192	78.98	
616.387	165.2	
616.582	264.53	
616.776	343.99	
616.971	259.2	
617.165	239.75	
617.36	178.92	
617.554	99.87	
617.749	40.48	
617.943	54.61	
618.138	77.75	
618.332	115.03	
618.526	53.79	
618.721	48.88	
618.915	58.09	
619.11	69.36	
619.304	9.56	
619.498	38.43	
619.693	109.29	
619.887	86.36	
620.081	17.54	
620.275	65.67	
620.47	119.12	
620.664	112.57	
620.858	73.04	
621.052	89.22	
621.247	117.08	
621.441	114.62	
621.635	74.48	
621.829	130.18	
622.023	157.83	
622.218	208.82	
622.412	160.08	
622.606	137.15	
622.8	110.11	
622.994	98.23	
623.188	-20.14	
623.382	8.33	
623.576	10.79	
623.77	-13.18	
623.964	-11.54	
624.158	37	
624.352	-24.03	
624.546	10.99	
624.74	63.62	
624.934	46.01	
625.128	55.64	
625.322	102.13	
625.516	98.23	
625.71	41.51	
625.904	19.59	
626.098	79.6	
626.291	116.05	
626.485	76.94	
626.679	78.78	
626.873	199.61	
627.067	150.46	
627.26	142.88	
627.454	200.22	
627.648	252.65	
627.842	149.64	
628.035	121.99	
628.229	116.67	
628.423	65.88	
628.617	37.61	
628.81	44.37	
629.004	38.43	
629.198	47.65	
629.391	30.45	
629.585	58.91	
629.778	57.27	
629.972	115.85	
630.166	69.15	
630.359	65.67	
630.553	39.25	
630.746	80.01	
630.94	68.95	
631.133	29.42	
631.327	48.67	
631.52	38.43	
631.714	4.64	
631.907	-35.09	
632.1	27.17	
632.294	111.34	
632.487	135.51	
632.681	190.6	
632.874	202.48	
633.067	242.62	
633.261	157.63	
633.454	182.2	
633.647	155.37	
633.841	125.68	
634.034	103.15	
634.227	122.4	
634.421	69.77	
634.614	50.11	
634.807	53.38	
635	-28.74	
635.193	-18.7	
635.387	-28.54	
635.58	-41.64	
635.773	-19.11	
635.966	69.56	
636.159	75.09	
636.352	7.1	
636.545	-19.11	
636.739	-61.51	
636.932	-82.4	
637.125	-138.51	
637.318	-123.97	
637.511	-31.61	
637.704	-20.96	
637.897	-28.74	
638.09	-32.43	
638.283	65.26	
638.476	40.89	
638.669	65.06	
638.862	74.48	
639.055	92.3	
639.247	85.95	
639.44	33.31	
639.633	35.77	
639.826	-2.12	
640.019	10.38	
640.212	-16.86	
640.405	54.61	
640.597	37	
640.79	129.36	
640.983	137.15	
641.176	120.76	
641.368	108.47	
641.561	173.39	
641.754	39.05	
641.947	82.26	
642.139	108.88	
642.332	74.27	
642.525	37.82	
642.717	139.6	
642.91	52.97	
643.103	51.54	
643.295	30.04	
643.488	44.58	
643.68	-37.34	
643.873	7.1	
644.065	-17.07	
644.258	0.14	
644.45	-50.65	
644.643	5.46	
644.835	25.94	
645.028	1.77	
645.22	-6.01	
645.413	-24.03	
645.605	-74.61	
645.798	-122.13	
645.99	-53.32	
646.182	-36.32	
646.375	-11.33	
646.567	51.75	
646.76	41.3	
646.952	35.57	
647.144	7.71	
647.337	2.18	
647.529	-6.62	
647.721	109.29	
647.913	70.59	
648.106	76.32	
648.298	74.48	
648.49	57.27	
648.682	-105.54	
648.874	-87.52	
649.067	-74	
649.259	-52.7	
649.451	-71.34	
649.643	-4.57	
649.835	23.69	
650.027	82.67	
650.219	91.48	
650.411	95.78	
650.603	90.25	
650.796	96.19	
650.988	73.86	
651.18	107.86	
651.372	146.36	
651.564	134.89	
651.756	74.48	
651.948	87.58	
652.139	22.46	
652.331	2.18	
652.523	56.25	
652.715	61.99	
652.907	35.98	
653.099	99.46	
653.291	112.57	
653.483	76.32	
653.674	101.51	
653.866	117.49	
654.058	57.68	
654.25	38.02	
654.442	16.32	
654.633	-33.86	
654.825	-64.17	
655.017	-63.35	
655.209	-71.34	
655.4	-12.97	
655.592	-51.27	
655.784	-7.44	
655.975	-0.07	
656.167	-10.72	
656.359	-54.95	
656.55	26.96	
656.742	-31.4	
656.933	54.41	
657.125	71.41	
657.316	29.63	
657.508	-0.07	
657.7	43.55	
657.891	-65.81	
658.083	-27.72	
658.274	50.93	
658.466	75.3	
658.657	68.95	
658.848	34.75	
659.04	3.62	
659.231	-30.99	
659.423	-28.94	
659.614	-67.24	
659.805	51.13	
659.997	120.76	
660.188	140.63	
660.379	157.63	
660.571	135.92	
660.762	92.5	
660.953	22.87	
661.145	1.16	
661.336	-57.21	
661.527	46.22	
661.718	72.63	
661.909	59.94	
662.101	89.84	
662.292	157.83	
662.483	48.26	
662.674	16.93	
662.865	59.32	
663.056	34.75	
663.247	-45.94	
663.439	-17.07	
663.63	-24.23	
663.821	-60.69	
664.012	-26.49	
664.203	80.21	
664.394	133.66	
664.585	174.21	
664.776	143.49	
664.967	145.95	
665.158	102.53	
665.349	144.52	
665.54	94.96	
665.73	144.11	
665.921	52.77	
666.112	45.6	
666.303	-50.24	
666.494	21.44	
666.685	-12.77	
666.876	72.23	
667.066	95.78	
667.257	147.59	
667.448	73.86	
667.639	115.03	
667.83	73.25	
668.02	64.24	
668.211	-18.3	
668.402	49.7	
668.592	-32.22	
668.783	-26.9	
668.974	-41.64	
669.164	43.35	
669.355	-2.12	
669.546	105.61	
669.736	127.52	
669.927	115.64	
670.117	29.42	
670.308	48.47	
670.499	-42.87	
670.689	-13.18	
670.88	-59.87	
671.07	-3.55	
671.261	-11.74	
671.451	78.98	
671.641	-49.42	
671.832	23.48	
672.022	12.63	
672.213	-29.56	
672.403	-95.09	
672.594	64.85	
672.784	70.18	
672.974	60.55	
673.165	25.33	
673.355	40.28	
673.545	24.71	
673.736	98.23	
673.926	17.75	
674.116	116.05	
674.306	66.29	
674.497	-15.22	
674.687	-137.49	
674.877	-86.9	
675.067	-118.03	
675.257	-48.4	
675.448	-25.26	
675.638	3.62	
675.828	-10.1	
676.018	17.13	
676.208	-2.94	
676.398	15.09	
676.588	8.12	
676.778	46.63	
676.968	23.28	
677.158	46.63	
677.348	-26.49	
677.538	-30.79	
677.728	-28.13	
677.918	-31.4	
678.108	-64.17	
678.298	16.93	
678.488	8.33	
678.678	55.84	
678.868	59.73	
679.058	78.37	
679.248	47.24	
679.438	58.5	
679.627	45.6	
679.817	47.04	
680.007	46.83	
680.197	44.17	
680.387	10.17	
680.576	38.64	
680.766	-6.62	
680.956	-41.85	
681.146	-3.55	
681.335	29.63	
681.525	-51.88	
681.715	-7.44	
681.904	52.56	
682.094	39.25	
682.284	41.92	
682.473	62.8	
682.663	116.87	
682.852	89.22	
683.042	101.31	
683.231	98.23	
683.421	97.82	
683.61	22.46	
683.8	-2.32	
683.989	-25.67	
684.179	8.53	
684.368	-35.91	
684.558	-47.99	
684.747	-59.25	
684.937	-112.91	
685.126	-95.71	
685.316	-57.21	
685.505	-76.87	
685.694	30.24	
685.884	152.91	
686.073	73.66	
686.262	79.6	
686.452	160.29	
686.641	127.32	
686.83	69.15	
687.019	86.56	
687.209	109.7	
687.398	114.62	
687.587	60.55	
687.776	30.45	
687.965	3.41	
688.155	-25.67	
688.344	-108	
688.533	-86.29	
688.722	-110.04	
688.911	7.3	
689.1	64.03	
689.289	169.3	
689.478	202.89	
689.667	250.19	
689.856	51.75	
690.045	-2.73	
690.234	-82.81	
690.423	-63.96	
690.612	-107.38	
690.801	62.6	
690.99	35.16	
691.179	106.63	
691.368	65.06	
691.557	167.66	
691.746	94.14	
691.935	134.48	
692.124	58.5	
692.312	47.24	
692.501	-50.45	
692.69	-16.45	
692.879	-32.84	
693.068	-35.7	
693.256	-53.11	
693.445	45.6	
693.634	1.98	
693.823	-27.92	
694.011	-7.44	
694.2	18.98	
694.389	-56.18	
694.577	-42.26	
694.766	-33.25	
694.955	-25.87	
695.143	-59.05	
695.332	-23.82	
695.52	-16.66	
695.709	61.37	
695.897	37	
696.086	36.59	
696.275	-34.47	
696.463	-30.38	
696.652	-87.52	
696.84	-58.84	
697.028	-61.71	
697.217	10.79	
697.405	39.66	
697.594	74.89	
697.782	70.59	
697.971	82.46	
698.159	49.08	
698.347	87.58	
698.536	106.02	
698.724	162.75	
698.912	165.41	
699.1	210.26	
699.289	159.47	
699.477	121.58	
699.665	31.88	
699.854	3.62	
700.042	-43.89	
700.23	-8.46	
700.418	-7.65	
700.606	26.15	
700.794	61.17	
700.983	115.44	
701.171	87.38	
701.359	70.18	
701.547	58.71	
701.735	102.33	
701.923	29.42	
702.111	-11.74	
702.299	-38.37	
702.487	1.77	
702.675	-78.3	
702.863	-64.58	
703.051	-56.59	
703.239	38.84	
703.427	-2.53	
703.615	17.34	
703.803	6.89	
703.991	72.63	
704.179	35.57	
704.367	72.23	
704.554	122.61	
704.742	167.46	
704.93	193.46	
705.118	211.28	
705.306	146.36	
705.493	116.05	
705.681	49.29	
705.869	63.01	
706.057	13.86	
706.244	56.87	
706.432	39.46	
706.62	91.27	
706.807	-38.77	
706.995	30.24	
707.183	-44.71	
707.37	16.11	
707.558	30.45	
707.746	173.39	
707.933	148	
708.121	252.04	
708.308	206.16	
708.496	181.18	
708.683	66.7	
708.871	105.81	
709.058	39.05	
709.246	61.58	
709.433	-8.87	
709.621	28.4	
709.808	-45.94	
709.995	39.46	
710.183	25.12	
710.37	78.57	
710.558	61.58	
710.745	67.11	
710.932	7.3	
711.12	27.78	
711.307	35.36	
711.494	73.86	
711.681	91.89	
711.869	54.2	
712.056	83.49	
712.243	140.83	
712.43	37	
712.618	65.88	
712.805	66.29	
712.992	21.84	
713.179	-62.94	
713.366	-6.83	
713.553	1.77	
713.74	22.66	
713.928	-60.48	
714.115	10.17	
714.302	-27.92	
714.489	-57.41	
714.676	-83.83	
714.863	1.16	
715.05	-18.3	
715.237	-6.21	
715.424	-83.22	
715.611	26.96	
715.798	25.33	
715.984	33.72	
716.171	85.13	
716.358	152.92	
716.545	98.44	
716.732	109.09	
716.919	30.24	
717.106	-30.17	
717.293	-20.34	
717.479	29.22	
717.666	-60.89	
717.853	0.55	
718.04	61.99	
718.226	76.12	
718.413	-31.2	
718.6	63.01	
718.786	47.24	
718.973	109.5	
719.16	25.94	
719.346	59.12	
719.533	12.42	
719.72	36.18	
719.906	-65.81	
720.093	16.32	
720.279	-12.97	
720.466	32.29	
720.652	66.7	
720.839	123.83	
721.025	87.18	
721.212	128.13	
721.398	92.3	
721.585	93.11	
721.771	25.53	
721.958	17.95	
722.144	42.94	
722.331	-43.69	
722.517	-88.13	
722.703	-16.04	
722.89	-55.57	
723.076	-48.81	
723.262	86.15	
723.449	64.03	
723.635	-28.74	
723.821	30.86	
724.007	-38.37	
724.194	-78.51	
724.38	-50.45	
724.566	-9.49	
724.752	4.44	
724.938	92.3	
725.125	151.69	
725.311	160.9	
725.497	137.76	
725.683	107.04	
725.869	17.95	
726.055	-27.51	
726.241	-51.68	
726.427	-8.67	
726.613	-11.74	
726.799	63.62	
726.985	0.96	
727.171	43.96	
727.357	71.61	
727.543	154.55	
727.729	127.32	
727.915	179.74	
728.101	176.26	
728.287	134.69	
728.473	75.91	
728.659	67.51	
728.845	28.81	
729.03	-37.14	
729.216	-30.17	
729.402	-83.83	
729.588	-94.27	
729.774	-77.69	
729.959	-64.99	
730.145	-27.1	
730.331	16.52	
730.517	36.8	
730.702	75.71	
730.888	110.11	
731.074	9.76	
731.259	36.59	
731.445	54.41	
731.63	6.49	
731.816	-15.63	
732.002	101.72	
732.187	175.24	
732.373	179.13	
732.558	248.76	
732.744	287.26	
732.929	228.49	
733.115	64.65	
733.3	-58.64	
733.486	-120.08	
733.671	-221.86	
733.857	-226.57	
734.042	-151	
734.227	-81.78	
734.413	7.51	
734.598	126.7	
734.784	113.8	
734.969	78.16	
735.154	127.32	
735.339	72.84	
735.525	65.67	
735.71	152.1	
735.895	114.62	
736.081	100.08	
736.266	109.7	
736.451	64.85	
736.636	35.98	
736.821	71.41	
737.007	20.82	
737.192	23.69	
737.377	-0.27	
737.562	-79.32	
737.747	-52.29	
737.932	10.58	
738.117	-33.04	
738.302	91.68	
738.487	118.51	
738.672	88.81	
738.857	132.44	
739.042	152.71	
739.227	145.95	
739.412	142.06	
739.597	147.18	
739.782	117.69	
739.967	55.43	
740.152	35.77	
740.337	79.8	
740.522	125.47	
740.706	113.39	
740.891	209.85	
741.076	183.22	
741.261	182.82	
741.446	179.95	
741.63	167.25	
741.815	153.53	
742	57.27	
742.185	41.3	
742.369	24.51	
742.554	-5.39	
742.739	-34.68	
742.923	33.11	
743.108	63.62	
743.293	81.65	
743.477	79.19	
743.662	124.24	
743.846	115.23	
744.031	84.72	
744.216	58.09	
744.4	104.58	
744.585	72.84	
744.769	103.56	
744.954	116.05	
745.138	91.89	
745.322	110.32	
745.507	73.25	
745.691	59.53	
745.876	41.1	
746.06	105.2	
746.244	92.91	
746.429	166.43	
746.613	149.02	
746.798	171.76	
746.982	84.92	
747.166	86.77	
747.35	-8.26	
747.535	-21.16	
747.719	-28.33	
747.903	41.3	
748.087	-5.8	
748.272	38.43	
748.456	95.78	
748.64	78.57	
748.824	71.61	
749.008	114.82	
749.192	98.64	
749.376	33.11	
749.56	20	
749.745	-10.92	
749.929	18.36	
750.113	39.87	
750.297	21.84	
750.481	90.86	
750.665	134.07	
750.849	113.8	
751.033	134.48	
751.217	101.72	
751.4	57.89	
751.584	44.37	
751.768	37	
751.952	-10.51	
752.136	47.85	
752.32	-5.39	
752.504	-6.01	
752.688	-5.8	
752.871	1.57	
753.055	-16.86	
753.239	13.04	
753.423	33.72	
753.606	-1.91	
753.79	34.54	
753.974	81.24	
754.157	103.15	
754.341	49.49	
754.525	20.82	
754.708	47.24	
754.892	40.07	
755.076	52.36	
755.259	109.91	
755.443	95.16	
755.626	90.86	
755.81	110.93	
755.993	105.4	
756.177	35.36	
756.36	98.44	
756.544	55.43	
756.727	22.25	
756.911	42.94	
757.094	130.18	
757.278	126.09	
757.461	96.39	
757.644	86.77	
757.828	30.65	
758.011	10.38	
758.195	26.96	
758.378	43.96	
758.561	15.29	
758.744	3.21	
758.928	20.82	
759.111	3	
759.294	38.84	
759.477	69.36	
759.661	104.38	
759.844	87.99	
760.027	80.83	
760.21	46.42	
760.393	72.84	
760.576	109.29	
760.76	72.02	
760.943	45.19	
761.126	163.15	
761.309	198.79	
761.492	165.82	
761.675	154.76	
761.858	189.57	
762.041	84.51	
762.224	-29.35	
762.407	-37.34	
762.59	3.82	
762.773	-77.48	
762.956	-89.56	
763.139	-38.37	
763.321	-10.92	
763.504	-82.81	
763.687	-2.12	
763.87	15.29	
764.053	39.66	
764.236	29.63	
764.418	94.55	
764.601	98.64	
764.784	117.89	
764.967	158.44	
765.149	157.83	
765.332	154.55	
765.515	183.02	
765.697	138.58	
765.88	97.01	
766.063	112.98	
766.245	106.84	
766.428	35.16	
766.611	56.05	
766.793	68.95	
766.976	81.85	
767.158	35.16	
767.341	86.15	
767.523	77.34	
767.706	82.46	
767.888	48.06	
768.071	157.63	
768.253	134.07	
768.436	166.64	
768.618	164.59	
768.8	208.01	
768.983	157.42	
769.165	146.98	
769.348	60.76	
769.53	39.87	
769.712	-15.84	
769.895	-29.35	
770.077	11.2	
770.259	59.73	
770.441	40.28	
770.624	102.94	
770.806	138.99	
770.988	79.39	
771.17	78.78	
771.352	171.14	
771.535	192.03	
771.717	204.11	
771.899	225.62	
772.081	295.04	
772.263	210.67	
772.445	179.13	
772.627	79.8	
772.809	66.49	
772.991	33.72	
773.173	68.54	
773.355	43.35	
773.537	60.76	
773.719	60.35	
773.901	97.82	
774.083	39.05	
774.265	-28.94	
774.447	-44.92	
774.629	-20.96	
774.811	-64.99	
774.992	-12.15	
775.174	-14.61	
775.356	47.65	
775.538	-0.27	
775.72	-36.93	
775.901	-29.97	
776.083	15.91	
776.265	-3.55	
776.447	56.87	
776.628	147.59	
776.81	113.18	
776.992	135.3	
777.173	140.63	
777.355	137.96	
777.537	86.56	
777.718	87.18	
777.9	73.66	
778.081	98.44	
778.263	124.86	
778.444	112.16	
778.626	122.61	
778.807	77.14	
778.989	27.58	
779.17	-77.89	
779.352	-155.71	
779.533	-210.39	
779.715	-149.77	
779.896	-235.79	
780.078	-143.22	
780.259	-29.35	
780.44	-4.57	
780.622	-31.81	
780.803	104.79	
780.984	78.37	
781.166	0.34	
781.347	23.07	
781.528	37	
781.709	13.86	
781.891	33.31	
782.072	72.02	
782.253	96.8	
782.434	91.07	
782.615	71.2	
782.796	57.07	
782.978	126.09	
783.159	143.08	
783.34	210.87	
783.521	219.47	
783.702	226.23	
783.883	194.08	
784.064	160.49	
784.245	69.15	
784.426	104.17	
784.607	75.71	
784.788	99.67	
784.969	51.13	
785.15	97.21	
785.331	-22.8	
785.512	49.49	
785.692	2.18	
785.873	31.06	
786.054	9.76	
786.235	95.98	
786.416	68.95	
786.597	89.22	
786.777	99.05	
786.958	126.7	
787.139	151.07	
787.32	150.87	
787.5	150.87	
787.681	105.4	
787.862	95.37	
788.042	97.21	
788.223	107.65	
788.404	32.9	
788.584	88.61	
788.765	117.69	
788.946	98.85	
789.126	93.52	
789.307	211.69	
789.487	245.07	
789.668	169.91	
789.848	140.42	
790.029	65.26	
790.209	49.7	
790.39	-3.14	
790.57	5.87	
790.75	82.06	
790.931	138.17	
791.111	63.01	
791.292	142.06	
791.472	185.27	
791.652	181.59	
791.833	197.97	
792.013	241.59	
792.193	135.3	
792.373	144.31	
792.554	120.76	
792.734	128.13	
792.914	74.89	
793.094	143.9	
793.275	160.08	
793.455	142.06	
793.635	182	
793.815	242.62	
793.995	200.02	
794.175	167.66	
794.355	187.94	
794.535	173.39	
794.715	139.4	
794.896	152.1	
795.076	126.09	
795.256	155.37	
795.436	69.77	
795.616	110.11	
795.795	153.32	
795.975	169.5	
796.155	190.39	
796.335	247.12	
796.515	239.34	
796.695	271.9	
796.875	355.87	
797.055	326.17	
797.234	339.28	
797.414	385.36	
797.594	324.13	
797.774	245.89	
797.954	167.87	
798.133	157.22	
798.313	52.56	
798.493	92.09	
798.672	84.72	
798.852	112.77	
799.032	36.8	
799.211	51.13	
799.391	-7.65	
799.571	-6.83	
799.75	-10.72	
799.93	124.24	
800.109	161.72	
800.289	175.24	
800.468	152.1	
800.648	144.72	
800.827	101.92	
801.007	94.14	
801.186	41.51	
801.366	70.38	
801.545	95.16	
801.725	168.27	
801.904	93.52	
802.083	147.18	
802.263	136.94	
802.442	214.97	
802.621	101.51	
802.801	239.95	
802.98	265.55	
803.159	220.91	
803.338	112.57	
803.518	164.79	
803.697	49.08	
803.876	67.51	
804.055	106.84	
804.235	202.89	
804.414	123.63	
804.593	158.85	
804.772	116.46	
804.951	112.37	
805.13	-15.63	
805.309	57.07	
805.488	97.01	
805.667	129.98	
805.846	154.96	
806.025	238.32	
806.204	234.42	
806.383	180.97	
806.562	133.05	
806.741	116.05	
806.92	140.63	
807.099	95.78	
807.278	50.11	
807.457	39.25	
807.636	99.05	
807.814	89.02	
807.993	94.55	
808.172	146.98	
808.351	182.2	
808.53	133.25	
808.708	94.34	
808.887	99.87	
809.066	172.58	
809.244	144.93	
809.423	123.63	
809.602	132.84	
809.78	152.1	
809.959	104.17	
810.138	142.06	
810.316	194.69	
810.495	176.88	
810.673	102.13	
810.852	90.66	
811.03	134.48	
811.209	106.63	
811.388	116.87	
811.566	183.02	
811.744	196.54	
811.923	158.03	
812.101	148.2	
812.28	204.93	
812.458	238.52	
812.637	200.84	
812.815	217.43	
812.993	286.65	
813.172	257.98	
813.35	140.63	
813.528	201.86	
813.706	163.36	
813.885	92.91	
814.063	65.26	
814.241	171.14	
814.419	166.43	
814.598	212.31	
814.776	254.49	
814.954	232.99	
815.132	214.35	
815.31	219.68	
815.488	106.84	
815.666	48.06	
815.844	20	
816.022	-4.37	
816.201	-65.19	
816.379	73.86	
816.557	89.63	
816.735	162.75	
816.913	138.17	
817.09	172.78	
817.268	76.73	
817.446	45.19	
817.624	7.92	
817.802	142.47	
817.98	96.19	
818.158	93.52	
818.336	54.82	
818.514	104.17	
818.691	54.61	
818.869	122.81	
819.047	198.99	
819.225	263.3	
819.402	198.38	
819.58	230.12	
819.758	234.01	
819.935	171.76	
820.113	173.6	
820.291	183.43	
820.468	71.41	
820.646	67.92	
820.824	84.72	
821.001	198.38	
821.179	261.66	
821.356	281.73	
821.534	217.63	
821.711	183.43	
821.889	144.31	
822.066	127.32	
822.244	130.8	
822.421	169.71	
822.599	198.99	
822.776	113.18	
822.953	31.27	
823.131	1.37	
823.308	-0.07	
823.486	-8.87	
823.663	-12.97	
823.84	56.66	
824.017	10.79	
824.195	-6.21	
824.372	23.69	
824.549	56.25	
824.726	42.53	
824.904	86.97	
825.081	105.81	
825.258	38.02	
825.435	15.29	
825.612	34.75	
825.789	-21.98	
825.967	-29.35	
826.144	24.51	
826.321	88.81	
826.498	93.32	
826.675	154.96	
826.852	104.99	
827.029	153.32	
827.206	106.43	
827.383	25.74	
827.56	91.48	
827.737	133.25	
827.914	131	
828.09	136.12	
828.267	180.15	
828.444	148.41	
828.621	132.84	
828.798	160.9	
828.975	81.85	
829.151	71.41	
829.328	44.58	
829.505	113.39	
829.682	12.63	
829.858	46.22	
830.035	97.21	
830.212	114	
830.389	67.72	
830.565	47.44	
830.742	109.91	
830.918	99.26	
831.095	97.62	
831.272	116.05	
831.448	116.05	
831.625	117.49	
831.801	140.01	
831.978	144.72	
832.154	94.55	
832.331	159.47	
832.507	107.25	
832.684	102.33	
832.86	130.59	
833.037	257.57	
833.213	206.57	
833.389	242.62	
833.566	149.23	
833.742	100.28	
833.918	-6.42	
834.095	-59.66	
834.271	-128.68	
834.447	-27.1	
834.624	-1.3	
834.8	19.18	
834.976	93.52	
835.152	134.48	
835.328	114.21	
835.505	136.12	
835.681	101.1	
835.857	9.56	
836.033	55.43	
836.209	56.66	
836.385	26.96	
836.561	77.96	
836.737	203.09	
836.913	111.75	
837.089	114.41	
837.265	131.82	
837.441	148	
837.617	125.68	
837.793	158.65	
837.969	149.64	
838.145	145.13	
838.321	134.48	
838.497	107.65	
838.673	172.17	
838.849	119.94	
839.025	146.77	
839.2	113.39	
839.376	169.3	
839.552	115.85	
839.728	147.39	
839.903	120.56	
840.079	166.84	
840.255	80.21	
840.431	189.78	
840.606	130.39	
840.782	223.16	
840.958	95.78	
841.133	120.56	
841.309	55.02	
841.484	147.18	
841.66	8.94	
841.835	48.88	
842.011	29.63	
842.186	35.36	
842.362	-24.03	
842.537	15.7	
842.713	30.45	
842.888	58.3	
843.064	-24.03	
843.239	-29.15	
843.415	-16.25	
843.59	45.4	
843.765	40.48	
843.941	128.13	
844.116	225.21	
844.291	167.46	
844.467	133.46	
844.642	132.84	
844.817	134.48	
844.992	35.77	
845.168	54.82	
845.343	90.45	
845.518	91.89	
845.693	98.85	
845.868	129.57	
846.043	101.51	
846.219	48.47	
846.394	136.94	
846.569	83.08	
846.744	50.31	
846.919	92.09	
847.094	200.43	
847.269	117.08	
847.444	118.51	
847.619	162.95	
847.794	221.32	
847.969	124.04	
848.144	165.82	
848.319	168.27	
848.494	155.17	
848.668	119.53	
848.843	149.64	
849.018	120.35	
849.193	129.16	
849.368	127.93	
849.542	147.39	
849.717	149.64	
849.892	159.26	
850.067	134.89	
850.241	177.7	
850.416	174.62	
850.591	202.89	
850.765	150.05	
850.94	215.79	
851.115	159.67	
851.289	139.4	
851.464	37	
851.639	63.83	
851.813	27.99	
851.988	93.73	
852.162	47.65	
852.337	87.58	
852.511	110.52	
852.686	181.18	
852.86	123.42	
853.035	127.72	
853.209	138.58	
853.383	186.71	
853.558	52.36	
853.732	106.63	
853.906	98.23	
854.081	118.92	
854.255	46.42	
854.429	90.66	
854.604	83.28	
854.778	216.4	
854.952	176.26	
855.126	199.81	
855.301	245.89	
855.475	198.99	
855.649	81.85	
855.823	94.96	
855.997	81.44	
856.171	78.98	
856.345	59.73	
856.52	74.27	
856.694	88.2	
856.868	142.47	
857.042	117.69	
857.216	158.65	
857.39	183.84	
857.564	175.03	
857.738	109.7	
857.912	93.32	
858.085	85.54	
858.259	79.6	
858.433	78.98	
858.607	60.14	
858.781	89.63	
858.955	70.79	
859.129	19.18	
859.302	28.6	
859.476	22.05	
859.65	71.61	
859.824	31.47	
859.997	67.31	
860.171	133.05	
860.345	219.47	
860.519	121.17	
860.692	164.18	
860.866	209.23	
861.039	176.47	
861.213	130.39	
861.387	153.73	
861.56	163.15	
861.734	191.01	
861.907	150.87	
862.081	142.47	
862.254	182.82	
862.428	211.08	
862.601	122.4	
862.775	137.56	
862.948	226.64	
863.122	219.27	
863.295	164.38	
863.468	157.83	
863.642	134.07	
863.815	98.85	
863.988	48.88	
864.162	50.52	
864.335	47.85	
864.508	90.86	
864.682	63.01	
864.855	71.41	
865.028	71.82	
865.201	121.79	
865.374	50.31	
865.548	87.79	
865.721	114.62	
865.894	244.25	
866.067	183.22	
866.24	238.32	
866.413	244.87	
866.586	284.19	
866.759	116.26	
866.932	150.87	
867.105	127.11	
867.278	21.23	
867.451	-52.09	
867.624	36.8	
867.797	81.24	
867.97	105.81	
868.143	156.4	
868.316	174.21	
868.489	102.94	
868.661	87.38	
868.834	67.92	
869.007	106.84	
869.18	129.36	
869.353	168.27	
869.525	154.76	
869.698	124.86	
869.871	83.69	
870.044	87.99	
870.216	151.28	
870.389	115.03	
870.562	190.8	
870.734	263.71	
870.907	217.43	
871.079	186.91	
871.252	173.19	
871.425	185.07	
871.597	59.12	
871.77	141.65	
871.942	112.98	
872.115	150.87	
872.287	72.63	
872.459	124.65	
872.632	84.92	
872.804	73.86	
872.977	-9.49	
873.149	24.92	
873.321	4.85	
873.494	1.77	
873.666	14.47	
873.838	70.18	
874.011	53.79	
874.183	114	
874.355	95.16	
874.528	78.37	
874.7	94.34	
874.872	183.02	
875.044	181.38	
875.216	200.43	
875.388	303.03	
875.561	363.45	
875.733	210.67	
875.905	166.84	
876.077	101.51	
876.249	89.84	
876.421	16.93	
876.593	32.9	
876.765	75.91	
876.937	187.94	
877.109	109.09	
877.281	123.01	
877.453	159.06	
877.625	128.95	
877.797	35.36	
877.968	9.35	
878.14	-13.18	
878.312	46.22	
878.484	-5.6	
878.656	36.59	
878.828	54	
878.999	170.32	
879.171	78.37	
879.343	65.67	
879.515	59.32	
879.686	60.35	
879.858	-51.47	
880.03	9.56	
880.201	75.71	
880.373	26.35	
880.545	20.41	
880.716	86.56	
880.888	107.65	
881.059	146.16	
881.231	168.27	
881.402	233.81	
881.574	209.23	
881.745	181.38	
881.917	99.26	
882.088	127.93	
882.26	63.21	
882.431	114.62	
882.602	47.24	
882.774	103.76	
882.945	60.14	
883.116	40.28	
883.288	-39.59	
883.459	7.3	
883.63	9.35	
883.802	44.37	
883.973	73.25	
884.144	115.85	
884.315	154.35	
884.487	160.49	
884.658	192.24	
884.829	222.34	
885	195.72	
885.171	208.21	
885.342	120.76	
885.513	89.63	
885.684	101.72	
885.855	147.18	
886.026	97.62	
886.197	181.59	
886.368	147.8	
886.539	160.08	
886.71	71.61	
886.881	95.78	
887.052	158.44	
887.223	207.39	
887.394	148	
887.565	217.02	
887.736	180.15	
887.907	117.69	
888.077	91.89	
888.248	69.36	
888.419	45.81	
888.59	60.76	
888.761	84.1	
888.931	82.46	
889.102	154.96	
889.273	145.34	
889.443	112.37	
889.614	47.04	
889.785	75.5	
889.955	81.03	
890.126	62.19	
890.296	101.31	
890.467	122.61	
890.637	175.03	
890.808	101.51	
890.978	149.43	
891.149	145.95	
891.319	245.28	
891.49	188.34	
891.66	244.46	
891.831	211.49	
892.001	249.99	
892.172	105.81	
892.342	95.37	
892.512	61.58	
892.683	144.11	
892.853	107.25	
893.023	172.37	
893.193	160.7	
893.364	188.34	
893.534	156.4	
893.704	181.79	
893.874	194.08	
894.044	205.14	
894.215	180.97	
894.385	208.21	
894.555	203.91	
894.725	243.44	
894.895	189.57	
895.065	220.91	
895.235	193.26	
895.405	259.41	
895.575	183.43	
895.745	268.88	
895.915	291.84	
