177.618	-1255.15	
177.836	-1251.31	
178.054	-1259.45	
178.271	-957.37	
178.489	-634.2	
178.706	-438.62	
178.924	-198.6	
179.142	40.81	
179.359	7.83	
179.577	-108.7	
179.794	-72.24	
180.012	-71.83	
180.229	-94.97	
180.447	-48.49	
180.664	-14.49	
180.882	11.52	
181.1	50.02	
181.317	37.94	
181.535	-43.57	
181.752	-18.79	
181.969	10.5	
182.187	-23.91	
182.404	17.46	
182.622	39.58	
182.839	70.09	
183.057	57.39	
183.274	63.54	
183.492	80.33	
183.709	96.92	
183.926	6.81	
184.144	-19.81	
184.361	36.71	
184.579	92.21	
184.796	36.1	
185.013	72.75	
185.231	38.35	
185.448	16.03	
185.666	-20.84	
185.883	-25.75	
186.1	22.37	
186.317	96.92	
186.535	47.77	
186.752	-2.61	
186.969	84.02	
187.187	92.62	
187.404	-41.11	
187.621	46.34	
187.839	100.61	
188.056	57.39	
188.273	-57.29	
188.49	16.64	
188.708	-33.95	
188.925	-37.02	
189.142	-76.75	
189.359	-43.16	
189.576	-59.14	
189.794	-75.52	
190.011	-104.6	
190.228	-70.6	
190.445	-41.93	
190.662	68.25	
190.879	72.14	
191.097	68.86	
191.314	123.75	
191.531	159.79	
191.748	36.51	
191.965	64.36	
192.182	80.95	
192.399	49.61	
192.616	64.15	
192.834	101.84	
193.051	85.66	
193.268	85.86	
193.485	46.74	
193.702	32.2	
193.919	23.19	
194.136	26.47	
194.353	23.4	
194.57	50.23	
194.787	54.12	
195.004	156.72	
195.221	121.7	
195.438	92.62	
195.655	79.51	
195.872	148.12	
196.089	15.41	
196.306	33.02	
196.523	71.12	
196.74	109.21	
196.957	-68.76	
197.173	-21.45	
197.39	-27.39	
197.607	5.17	
197.824	-41.32	
198.041	71.12	
198.258	92	
198.475	166.96	
198.692	114.94	
198.909	90.98	
199.125	16.84	
199.342	18.28	
199.559	-58.52	
199.776	-32.1	
199.993	34.87	
200.21	78.69	
200.426	42.85	
200.643	51.05	
200.86	58.21	
201.077	103.06	
201.293	63.95	
201.51	65.79	
201.727	-29.44	
201.944	-116.68	
202.16	-196.76	
202.377	-188.98	
202.594	-191.84	
202.811	-89.04	
203.027	-57.09	
203.244	-61.39	
203.461	-45.62	
203.677	16.84	
203.894	10.7	
204.111	35.89	
204.327	52.89	
204.544	46.95	
204.761	-0.15	
204.977	-43.57	
205.194	-63.85	
205.41	-24.93	
205.627	-24.11	
205.844	16.23	
206.06	48.38	
206.277	115.97	
206.493	87.09	
206.71	112.28	
206.926	88.73	
207.143	151.19	
207.36	25.24	
207.576	61.29	
207.793	96.72	
208.009	171.88	
208.226	99.17	
208.442	160.61	
208.659	120.06	
208.875	88.11	
209.092	-41.93	
209.308	-17.77	
209.524	-4.04	
209.741	88.52	
209.957	109	
210.174	160.82	
210.39	119.86	
210.607	104.09	
210.823	-57.5	
211.039	-118.32	
211.256	-27.6	
211.472	-65.07	
211.688	-26.98	
211.905	65.79	
212.121	71.73	
212.338	-10.6	
212.554	66.41	
212.77	51.66	
212.987	51.05	
213.203	100.61	
213.419	92.62	
213.635	68.25	
213.852	36.71	
214.068	2.3	
214.284	-52.58	
214.501	-3.64	
214.717	-9.57	
214.933	61.9	
215.149	13.16	
215.365	-24.93	
215.582	-103.37	
215.798	-63.44	
216.014	-101.94	
216.23	-78.8	
216.447	1.89	
216.663	10.09	
216.879	-43.98	
217.095	-46.64	
217.311	33.23	
217.527	52.07	
217.743	47.97	
217.96	38.76	
218.176	44.08	
218.392	49.61	
218.608	13.98	
218.824	14.59	
219.04	36.71	
219.256	69.27	
219.472	13.98	
219.688	16.23	
219.904	57.19	
220.12	117.6	
220.336	49.2	
220.552	49.2	
220.768	115.35	
220.984	162.46	
221.2	47.97	
221.416	124.16	
221.632	97.12	
221.848	25.86	
222.064	-86.99	
222.28	-21.45	
222.496	-99.28	
222.712	19.51	
222.928	-8.76	
223.144	50.43	
223.36	39.58	
223.576	110.44	
223.792	24.63	
224.008	83.61	
224.224	108.18	
224.439	186.62	
224.655	154.47	
224.871	178.02	
225.087	189.69	
225.303	110.64	
225.519	62.1	
225.734	73.78	
225.95	66	
226.166	66.81	
226.382	102.65	
226.598	70.91	
226.813	130.71	
227.029	105.93	
227.245	56.58	
227.461	75.83	
227.677	125.59	
227.892	99.79	
228.108	99.58	
228.324	114.74	
228.539	38.96	
228.755	73.98	
228.971	-2.41	
229.186	24.42	
229.402	43.47	
229.618	186.21	
229.833	71.93	
230.049	113.1	
230.265	62.51	
230.48	139.52	
230.696	42.44	
230.912	68.45	
231.127	82.17	
231.343	136.04	
231.558	6.4	
231.774	33.84	
231.99	136.86	
232.205	128.66	
232.421	54.73	
232.636	61.08	
232.852	36.3	
233.067	-23.71	
233.283	-51.97	
233.498	-1.79	
233.714	50.23	
233.929	83.2	
234.145	45.52	
234.36	72.14	
234.576	130.3	
234.791	177.81	
235.007	234.13	
235.222	326.5	
235.438	335.71	
235.653	369.91	
235.868	283.08	
236.084	211.81	
236.299	188.46	
236.515	205.87	
236.73	88.32	
236.945	106.55	
237.161	95.28	
237.376	64.15	
237.592	-22.27	
237.807	-20.22	
238.022	17.87	
238.238	41.01	
238.453	-34.76	
238.668	46.74	
238.883	9.68	
239.099	-22.48	
239.314	-54.63	
239.529	5.38	
239.745	-15.31	
239.96	82.58	
240.175	66	
240.39	128.87	
240.605	154.88	
240.821	123.13	
241.036	86.89	
241.251	193.79	
241.466	170.24	
241.681	153.44	
241.897	187.24	
242.112	197.68	
242.327	79.31	
242.542	78.08	
242.757	66	
242.972	113.1	
243.188	88.52	
243.403	126.82	
243.618	109.21	
243.833	98.97	
244.048	67.43	
244.263	110.85	
244.478	80.95	
244.693	69.07	
244.908	108.18	
245.123	105.73	
245.338	94.67	
245.553	155.29	
245.768	139.72	
245.983	140.13	
246.198	44.9	
246.413	80.74	
246.628	63.33	
246.843	66	
247.058	-13.47	
247.273	77.46	
247.488	27.29	
247.703	58.42	
247.918	57.6	
248.133	128.05	
248.348	84.22	
248.563	169.42	
248.778	125.59	
248.993	129.28	
249.207	212.84	
249.422	226.56	
249.637	60.26	
249.852	29.34	
250.067	38.55	
250.282	-43.37	
250.496	-89.85	
250.711	13.36	
250.926	34.66	
251.141	123.75	
251.356	85.86	
251.57	175.97	
251.785	186.83	
252	160.82	
252.215	77.87	
252.43	143.41	
252.644	115.56	
252.859	118.83	
253.074	134.6	
253.288	160.82	
253.503	106.55	
253.718	170.85	
253.932	233.11	
254.147	219.8	
254.362	231.06	
254.576	258.1	
254.791	192.15	
255.006	88.93	
255.22	163.07	
255.435	149.76	
255.65	164.09	
255.864	175.56	
256.079	173.31	
256.293	175.56	
256.508	144.64	
256.723	204.85	
256.937	121.09	
257.152	110.85	
257.366	44.08	
257.581	6.81	
257.795	-48.49	
258.01	80.54	
258.224	104.09	
258.439	113.51	
258.653	154.67	
258.868	154.26	
259.082	81.56	
259.297	62.1	
259.511	58.62	
259.726	20.53	
259.94	-55.04	
260.154	-83.71	
260.369	-55.86	
260.583	-46.23	
260.798	-85.14	
261.012	-22.27	
261.226	31.79	
261.441	66	
261.655	35.28	
261.869	137.88	
262.084	136.24	
262.298	103.47	
262.512	2.1	
262.727	3.94	
262.941	-1.38	
263.155	-39.68	
263.37	-60.16	
263.584	12.13	
263.798	72.96	
264.012	126.41	
264.227	131.12	
264.441	230.04	
264.655	191.95	
264.869	240.69	
265.084	140.13	
265.298	164.09	
265.512	87.91	
265.726	132.96	
265.94	44.9	
266.155	81.77	
266.369	88.32	
266.583	149.55	
266.797	101.22	
267.011	136.65	
267.225	174.95	
267.439	185.19	
267.654	121.7	
267.868	129.48	
268.082	52.89	
268.296	-56.47	
268.51	-122.42	
268.724	-99.48	
268.938	-141.87	
269.152	-50.94	
269.366	-21.66	
269.58	37.73	
269.794	8.86	
270.008	138.7	
270.222	59.65	
270.436	108.39	
270.65	79.92	
270.864	127.03	
271.078	51.66	
271.292	90.98	
271.506	130.3	
271.72	176.18	
271.934	172.29	
272.148	157.54	
272.362	157.95	
272.575	140.95	
272.789	105.52	
273.003	78.08	
273.217	148.53	
273.431	122.52	
273.645	87.5	
273.859	100.81	
274.073	182.12	
274.286	185.8	
274.5	222.26	
274.714	197.48	
274.928	236.39	
275.142	187.24	
275.355	156.31	
275.569	206.08	
275.783	295.57	
275.997	278.98	
276.21	284.31	
276.424	308.07	
276.638	223.89	
276.852	198.29	
277.065	131.74	
277.279	117.81	
277.493	80.95	
277.706	165.53	
277.92	136.86	
278.134	106.34	
278.347	93.23	
278.561	80.33	
278.775	57.19	
278.988	52.89	
279.202	153.65	
279.415	213.86	
279.629	187.65	
279.843	161.02	
280.056	266.08	
280.27	293.53	
280.483	188.46	
280.697	188.05	
280.91	234.75	
281.124	199.32	
281.337	114.74	
281.551	169.01	
281.764	167.17	
281.978	147.1	
282.191	47.36	
282.405	88.11	
282.618	50.84	
282.832	83.61	
283.045	28.72	
283.259	101.22	
283.472	89.14	
283.686	109.62	
283.899	59.85	
284.112	55.35	
284.326	101.22	
284.539	145.25	
284.752	153.24	
284.966	189.08	
285.179	246.42	
285.393	198.91	
285.606	87.5	
285.819	132.76	
286.033	99.38	
286.246	150.37	
286.459	76.85	
286.672	122.31	
286.886	54.32	
287.099	165.32	
287.312	-13.47	
287.525	6.6	
287.739	30.36	
287.952	100.2	
288.165	76.44	
288.378	180.07	
288.592	207.31	
288.805	222.87	
289.018	222.67	
289.231	174.95	
289.444	217.75	
289.657	171.47	
289.871	124.16	
290.084	45.11	
290.297	96.51	
290.51	44.49	
290.723	27.9	
290.936	65.59	
291.149	86.89	
291.362	136.45	
291.575	118.01	
291.789	153.03	
292.002	163.07	
292.215	217.75	
292.428	60.26	
292.641	70.09	
292.854	90.37	
293.067	70.91	
293.28	-0.97	
293.493	26.88	
293.706	-15.51	
293.919	79.51	
294.132	35.28	
294.345	69.48	
294.558	68.04	
294.77	119.86	
294.983	1.48	
295.196	58.62	
295.409	106.34	
295.622	252.36	
295.835	226.97	
296.048	263.22	
296.261	261.99	
296.474	223.28	
296.686	73.37	
296.899	111.26	
297.112	120.27	
297.325	144.02	
297.538	168.19	
297.751	231.06	
297.963	256.66	
298.176	258.1	
298.389	206.49	
298.602	190.92	
298.814	231.06	
299.027	212.22	
299.24	187.85	
299.453	209.15	
299.665	190.1	
299.878	138.29	
300.091	88.11	
300.303	85.66	
300.516	73.57	
300.729	99.79	
300.941	112.08	
301.154	63.13	
301.367	59.44	
301.579	93.03	
301.792	84.84	
302.005	43.88	
302.217	78.9	
302.43	114.33	
302.642	54.32	
302.855	1.08	
303.067	21.76	
303.28	101.22	
303.493	17.66	
303.705	111.67	
303.918	162.86	
304.13	205.87	
304.343	112.08	
304.555	172.08	
304.768	127.23	
304.98	178.63	
305.193	101.84	
305.405	173.72	
305.617	136.65	
305.83	169.01	
306.042	67.84	
306.255	80.33	
306.467	29.54	
306.68	10.5	
306.892	-57.29	
307.104	-16.13	
307.317	-4.04	
307.529	93.44	
307.741	129.69	
307.954	145.46	
308.166	131.74	
308.378	175.15	
308.591	112.08	
308.803	162.05	
309.015	233.31	
309.228	281.24	
309.44	191.54	
309.652	165.94	
309.864	123.13	
310.077	29.34	
310.289	-62.41	
310.501	-14.08	
310.713	17.87	
310.926	37.73	
311.138	-3.43	
311.35	114.74	
311.562	72.96	
311.774	157.13	
311.986	101.02	
312.199	187.44	
312.411	56.98	
312.623	126.41	
312.835	37.94	
313.047	60.47	
313.259	84.63	
313.471	146.28	
313.683	116.17	
313.895	112.89	
314.108	95.49	
314.32	87.09	
314.532	17.25	
314.744	22.17	
314.956	82.99	
315.168	140.75	
315.38	66.41	
315.592	141.57	
315.804	159.59	
316.016	186.21	
316.228	181.09	
316.44	264.03	
316.651	306.02	
316.863	290.45	
317.075	200.55	
317.287	131.94	
317.499	121.09	
317.711	79.31	
317.923	85.04	
318.135	10.7	
318.347	65.59	
318.559	86.89	
318.77	104.5	
318.982	83.4	
319.194	169.83	
319.406	175.36	
319.618	89.55	
319.83	35.28	
320.041	39.17	
320.253	29.13	
320.465	-23.09	
320.677	41.83	
320.888	73.57	
321.1	77.05	
321.312	100.4	
321.524	126.62	
321.735	77.87	
321.947	53.5	
322.159	5.17	
322.37	-41.11	
322.582	-4.25	
322.794	49.61	
323.005	84.43	
323.217	131.33	
323.429	101.63	
323.64	127.43	
323.852	73.37	
324.063	39.58	
324.275	102.24	
324.487	186.42	
324.698	113.71	
324.91	182.93	
325.121	168.8	
325.333	64.56	
325.544	-8.55	
325.756	74.8	
325.967	0.67	
326.179	77.87	
326.39	110.44	
326.602	136.45	
326.813	25.24	
327.025	76.44	
327.236	-3.23	
327.448	-27.19	
327.659	-69.37	
327.871	12.54	
328.082	-10.6	
328.293	51.25	
328.505	91.8	
328.716	151.6	
328.928	105.32	
329.139	165.73	
329.35	145.25	
329.562	188.67	
329.773	186.21	
329.984	207.51	
330.196	151.4	
330.407	224.92	
330.618	143.82	
330.83	151.19	
331.041	152.42	
331.252	168.8	
331.463	87.7	
331.675	159.18	
331.886	185.8	
332.097	173.31	
332.308	124.16	
332.52	104.29	
332.731	67.02	
332.942	70.3	
333.153	117.6	
333.364	137.67	
333.575	160.61	
333.787	226.97	
333.998	122.72	
334.209	126	
334.42	91.19	
334.631	94.87	
334.842	36.3	
335.053	118.01	
335.264	66.61	
335.475	115.97	
335.686	110.85	
335.898	102.24	
336.109	39.37	
336.32	51.05	
336.531	7.01	
336.742	-3.84	
336.953	-8.76	
337.164	30.16	
337.375	0.87	
337.586	23.4	
337.797	-5.07	
338.007	90.98	
338.218	38.96	
338.429	75.42	
338.64	65.18	
338.851	114.33	
339.062	-3.43	
339.273	110.44	
339.484	81.97	
339.695	42.03	
339.906	25.04	
340.116	91.19	
340.327	54.94	
340.538	57.19	
340.749	97.74	
340.96	64.56	
341.171	21.15	
341.381	-3.23	
341.592	5.58	
341.803	8.04	
342.014	63.95	
342.224	126.62	
342.435	115.97	
342.646	66.61	
342.857	53.5	
343.067	9.06	
343.278	-55.65	
343.489	-24.32	
343.699	30.57	
343.91	57.8	
344.121	53.09	
344.331	45.31	
344.542	3.12	
344.753	66	
344.963	58.21	
345.174	106.34	
345.384	142.18	
345.595	239.66	
345.806	178.22	
346.016	146.48	
346.227	143.82	
346.437	176.18	
346.648	101.02	
346.858	131.94	
347.069	128.46	
347.279	136.04	
347.49	64.36	
347.7	99.58	
347.911	23.81	
348.121	74.19	
348.332	46.13	
348.542	7.83	
348.753	-4.86	
348.963	70.09	
349.173	56.17	
349.384	119.45	
349.594	216.52	
349.805	214.47	
350.015	140.95	
350.225	148.94	
350.436	132.76	
350.646	160.82	
350.856	147.1	
351.067	183.75	
351.277	100.4	
351.487	47.77	
351.698	-47.87	
351.908	-38.45	
352.118	-34.97	
352.328	42.44	
352.539	133.99	
352.749	182.53	
352.959	200.14	
353.169	223.48	
353.38	227.38	
353.59	188.87	
353.8	195.84	
354.01	219.59	
354.22	210.79	
354.431	273.46	
354.641	268.74	
354.851	343.09	
355.061	306.63	
355.271	401.25	
355.481	385.48	
355.691	445.48	
355.901	391.62	
356.111	444.87	
356.321	394.08	
356.532	399.2	
356.742	352.51	
356.952	387.32	
357.162	406.57	
357.372	439.34	
357.582	419.88	
357.792	409.44	
358.002	393.26	
358.212	489.93	
358.422	533.34	
358.632	607.68	
358.842	689.6	
359.051	811.25	
359.261	772.14	
359.471	797.12	
359.681	870.03	
359.891	913.65	
360.101	880.88	
360.311	915.49	
360.521	958.5	
360.731	1047.59	
360.94	1085.88	
361.15	1195.45	
361.36	1307.68	
361.57	1417.45	
361.78	1479.91	
361.989	1622.86	
362.199	1723.21	
362.409	1851.62	
362.619	1936	
362.828	2128.3	
363.038	2224.96	
363.248	2369.14	
363.458	2479.94	
363.667	2647.26	
363.877	2712.38	
364.087	2872.53	
364.296	2965.1	
364.506	3125.25	
364.716	3226.83	
364.925	3306.5	
365.135	3381.45	
365.345	3495.73	
365.554	3528.7	
365.764	3706.26	
365.973	3787.97	
366.183	3903.89	
366.393	3930.72	
366.602	3992.98	
366.812	3824.02	
367.021	3836.31	
367.231	3705.85	
367.44	3678	
367.65	3589.12	
367.859	3622.91	
368.069	3571.09	
368.278	3637.45	
368.488	3622.5	
368.697	3567	
368.907	3482.42	
369.116	3546.52	
369.326	3464.4	
369.535	3407.05	
369.744	3426.51	
369.954	3453.54	
370.163	3305.68	
370.373	3319.4	
370.582	3286.84	
370.791	3253.04	
371.001	3197.75	
371.21	3212.49	
371.419	3138.97	
371.629	3112.35	
371.838	3051.52	
372.047	3102.31	
372.256	2972.06	
372.466	2929.67	
372.675	2769.93	
372.884	2701.12	
373.093	2527.65	
373.303	2571.48	
373.512	2525.81	
373.721	2609.16	
373.93	2508.81	
374.139	2546.29	
374.349	2396.17	
374.558	2336.17	
374.767	2139.97	
374.976	2122.77	
375.185	1982.89	
375.394	1892.17	
375.603	1815.78	
375.813	1817.42	
376.022	1722.39	
376.231	1621.63	
376.44	1603.82	
376.649	1591.53	
376.858	1543.4	
377.067	1505.31	
377.276	1532.14	
377.485	1516.78	
377.694	1427.49	
377.903	1367.28	
378.112	1311.16	
378.321	1289.25	
378.53	1251.16	
378.739	1207.94	
378.948	1169.85	
379.157	1163.5	
379.366	1109.64	
379.575	1034.89	
379.784	965.87	
379.992	972.63	
380.201	965.26	
380.41	881.91	
380.619	838.28	
380.828	840.33	
381.037	755.34	
381.246	630.62	
381.454	539.08	
381.663	548.91	
381.872	480.3	
382.081	543.58	
382.29	614.44	
382.498	692.47	
382.707	674.45	
382.916	692.06	
383.125	569.39	
383.333	506.92	
383.542	494.43	
383.751	485.01	
383.959	539.9	
384.168	560.38	
384.377	636.76	
384.585	594.17	
384.794	538.46	
385.003	480.71	
385.211	505.69	
385.42	426.23	
385.628	417.63	
385.837	438.93	
386.046	470.67	
386.254	514.71	
386.463	486.65	
386.671	531.09	
386.88	502.01	
387.088	437.09	
387.297	385.07	
387.505	413.74	
387.714	331	
387.922	292.71	
388.131	246.22	
388.339	249.29	
388.548	182.53	
388.756	223.89	
388.965	248.67	
389.173	237.82	
389.381	212.22	
389.59	281.24	
389.798	281.85	
390.007	349.64	
390.215	379.95	
390.423	434.83	
390.632	420.09	
390.84	421.11	
391.048	334.07	
391.257	309.7	
391.465	213.86	
391.673	197.48	
391.882	164.91	
392.09	139.31	
392.298	145.46	
392.506	133.78	
392.715	98.35	
392.923	134.81	
393.131	170.85	
393.339	207.31	
393.547	196.86	
393.756	246.01	
393.964	195.22	
394.172	175.77	
394.38	119.04	
394.588	220	
394.796	164.3	
395.005	165.32	
395.213	151.6	
395.421	215.5	
395.629	106.55	
395.837	122.11	
396.045	137.27	
396.253	152.42	
396.461	83.81	
396.669	155.9	
396.877	165.94	
397.085	173.31	
397.293	175.97	
397.501	186.62	
397.709	153.03	
397.917	161.02	
398.125	152.62	
398.333	163.07	
398.541	108.8	
398.749	102.86	
398.957	60.47	
399.165	-11.42	
399.373	-8.14	
399.581	29.75	
399.788	45.31	
399.996	15.62	
400.204	68.25	
400.412	51.25	
400.62	-3.02	
400.828	7.63	
401.035	71.93	
401.243	94.26	
401.451	93.03	
401.659	106.34	
401.867	92.41	
402.074	59.44	
402.282	27.08	
402.49	-12.85	
402.697	83.4	
402.905	36.3	
403.113	62.31	
403.321	-15.92	
403.528	9.27	
403.736	-38.25	
403.944	21.76	
404.151	-24.73	
404.359	11.93	
404.566	-5.27	
404.774	23.4	
404.982	-17.77	
405.189	-16.95	
405.397	-43.57	
405.604	-32.72	
405.812	-1.38	
406.02	-42.75	
406.227	7.01	
406.435	59.03	
406.642	93.23	
406.85	27.7	
407.057	97.74	
407.265	115.15	
407.472	140.75	
407.679	106.55	
407.887	101.22	
408.094	51.25	
408.302	-34.35	
408.509	-40.09	
408.717	-15.1	
408.924	-15.51	
409.131	43.47	
409.339	82.79	
409.546	69.07	
409.753	53.71	
409.961	124.36	
410.168	85.86	
410.375	117.4	
410.583	132.55	
410.79	164.3	
410.997	110.64	
411.205	125.59	
411.412	105.11	
411.619	134.19	
411.826	85.45	
412.034	141.57	
412.241	170.24	
412.448	172.08	
412.655	74.39	
412.862	91.6	
413.07	0.26	
413.277	-51.15	
413.484	-80.64	
413.691	-17.15	
413.898	-47.05	
414.105	-65.69	
414.312	-106.03	
414.519	-114.43	
414.727	-139.83	
414.934	-75.52	
415.141	-10.39	
415.348	57.19	
415.555	41.62	
415.762	51.66	
415.969	-66.51	
416.176	-100.09	
416.383	-106.44	
416.59	-114.23	
416.797	-134.91	
417.004	-30.26	
417.211	-16.74	
417.418	8.86	
417.625	50.43	
417.831	54.12	
418.038	24.83	
418.245	39.58	
418.452	-8.35	
418.659	-36.81	
418.866	-28.83	
419.073	-28.42	
419.28	-118.12	
419.486	-22.68	
419.693	-47.67	
419.9	-16.13	
420.107	0.46	
420.314	96.31	
420.52	20.33	
420.727	154.47	
420.934	154.88	
421.141	97.94	
421.347	83.2	
421.554	100.2	
421.761	-62.82	
421.967	-72.04	
422.174	-13.26	
422.381	-10.39	
422.588	-71.63	
422.794	-38.66	
423.001	34.46	
423.207	32.2	
423.414	11.11	
423.621	16.03	
423.827	88.32	
424.034	49.82	
424.24	46.13	
424.447	40.81	
424.654	-10.6	
424.86	-51.56	
425.067	-143.51	
425.273	-171.98	
425.48	-99.68	
425.686	9.68	
425.893	61.9	
426.099	105.52	
426.306	134.81	
426.512	112.48	
426.718	135.01	
426.925	80.74	
427.131	44.7	
427.338	30.98	
427.544	-9.57	
427.75	-89.65	
427.957	-124.06	
428.163	-98.25	
428.37	-91.7	
428.576	-59.95	
428.782	-63.85	
428.988	36.71	
429.195	39.17	
429.401	-6.91	
429.607	-13.26	
429.814	90.57	
430.02	31.59	
430.226	-4.86	
430.432	29.75	
430.639	43.26	
430.845	19.3	
431.051	43.88	
431.257	106.96	
431.463	101.22	
431.67	32.41	
431.876	-37.43	
432.082	-74.29	
432.288	-37.84	
432.494	-17.36	
432.7	11.72	
432.906	15.21	
433.112	31.18	
433.318	32.82	
433.525	39.58	
433.731	36.51	
433.937	103.47	
434.143	91.39	
434.349	60.26	
434.555	26.47	
434.761	55.55	
434.967	-31.08	
435.173	-23.71	
435.379	-31.49	
435.585	43.26	
435.791	64.56	
435.996	129.69	
436.202	151.81	
436.408	130.3	
436.614	48.79	
436.82	41.01	
437.026	15	
437.232	60.06	
437.438	35.48	
437.644	8.65	
437.849	1.08	
438.055	-5.89	
438.261	-67.33	
438.467	-79.21	
438.673	-25.34	
438.878	-104.19	
439.084	-79.41	
439.29	-54.63	
439.496	0.87	
439.701	9.47	
439.907	17.05	
440.113	-2.2	
440.318	-4.45	
440.524	-33.74	
440.73	-45.41	
440.935	-0.77	
441.141	-42.96	
441.347	48.59	
441.552	6.4	
441.758	31.18	
441.964	-33.33	
442.169	57.8	
442.375	-65.07	
442.58	16.64	
442.786	27.7	
442.991	72.34	
443.197	-54.83	
443.402	0.46	
443.608	36.3	
443.813	82.99	
444.019	127.64	
444.224	189.49	
444.43	131.33	
444.635	118.83	
444.841	19.71	
445.046	33.64	
445.252	26.47	
445.457	38.35	
445.662	-48.49	
445.868	-28.83	
446.073	-51.56	
446.278	-76.75	
446.484	-75.52	
446.689	-58.11	
446.894	-99.89	
447.1	-140.44	
447.305	-77.77	
447.51	-22.89	
447.716	-36.4	
447.921	5.58	
448.126	61.9	
448.331	-5.27	
448.537	-18.18	
448.742	66.2	
448.947	-0.97	
449.152	-72.24	
449.357	0.46	
449.563	-31.9	
449.768	-95.59	
449.973	-53.4	
450.178	2.51	
450.383	-92.93	
450.588	-104.6	
450.793	-66.51	
450.999	-2.41	
451.204	-38.66	
451.409	16.03	
451.614	9.47	
451.819	-5.07	
452.024	-51.56	
452.229	-12.85	
452.434	70.71	
452.639	49	
452.844	80.54	
453.049	14.39	
453.254	-33.95	
453.459	-91.7	
453.664	-6.71	
453.869	-63.44	
454.074	42.85	
454.279	86.27	
454.483	29.13	
454.688	-26.98	
454.893	23.19	
455.098	-2	
455.303	-29.23	
455.508	11.72	
455.713	38.76	
455.917	-18.99	
456.122	9.68	
456.327	-35.58	
456.532	59.65	
456.737	-26.57	
456.941	26.67	
457.146	-19.2	
457.351	20.33	
457.555	-86.17	
457.76	15.62	
457.965	36.1	
458.17	83.61	
458.374	119.04	
458.579	223.48	
458.784	143.61	
458.988	74.39	
459.193	27.9	
459.397	3.94	
459.602	-99.89	
459.807	2.3	
460.011	21.15	
460.216	47.77	
460.42	-6.91	
460.625	-58.52	
460.829	-84.53	
461.034	-120.98	
461.239	-144.33	
461.443	-90.26	
461.648	-10.39	
461.852	-75.11	
462.056	-0.36	
462.261	9.68	
462.465	85.66	
462.67	70.3	
462.874	118.83	
463.079	73.16	
463.283	68.25	
463.487	38.76	
463.692	49.41	
463.896	-5.07	
464.1	-13.47	
464.305	-21.25	
464.509	-38.45	
464.713	5.58	
464.918	115.15	
465.122	169.83	
465.326	133.17	
465.531	77.05	
465.735	4.15	
465.939	-54.63	
466.143	-92.52	
466.348	-78.39	
466.552	-94.56	
466.756	-30.46	
466.96	-9.98	
467.164	15	
467.368	41.83	
467.573	122.11	
467.777	74.19	
467.981	43.26	
468.185	-16.13	
468.389	-6.5	
468.593	-135.73	
468.797	-194.51	
469.001	-172.18	
469.205	-130.61	
469.409	-145.15	
469.613	-58.32	
469.817	-3.02	
470.021	-0.56	
470.225	3.53	
470.429	-5.48	
470.633	16.43	
470.837	40.4	
471.041	31.18	
471.245	-33.13	
471.449	-12.24	
471.653	-0.15	
471.857	26.88	
472.061	-46.85	
472.265	9.47	
472.469	37.94	
472.673	-17.77	
472.876	-39.88	
473.08	5.38	
473.284	21.15	
473.488	-3.84	
473.692	46.34	
473.895	66	
474.099	89.75	
474.303	118.83	
474.507	134.4	
474.71	134.4	
474.914	77.46	
475.118	59.24	
475.322	55.55	
475.525	-55.65	
475.729	-47.67	
475.933	-53.4	
476.136	51.05	
476.34	53.71	
476.543	193.38	
476.747	181.5	
476.951	251.95	
477.154	140.95	
477.358	158.97	
477.561	91.39	
477.765	95.69	
477.969	30.36	
478.172	53.3	
478.376	25.45	
478.579	43.67	
478.783	26.27	
478.986	58.62	
479.19	52.27	
479.393	77.26	
479.596	76.65	
479.8	87.5	
480.003	43.26	
480.207	46.95	
480.41	6.81	
480.614	42.24	
480.817	15.62	
481.02	118.01	
481.224	153.03	
481.427	195.02	
481.63	182.12	
481.834	247.04	
482.037	123.75	
482.24	85.66	
482.443	59.85	
482.647	12.54	
482.85	-35.38	
483.053	81.15	
483.256	5.79	
483.46	14.8	
483.663	21.15	
483.866	39.99	
484.069	-13.06	
484.272	20.94	
484.476	-7.12	
484.679	40.6	
484.882	83.81	
485.085	38.35	
485.288	56.78	
485.491	93.23	
485.694	-2.2	
485.897	-48.69	
486.101	3.53	
486.304	73.57	
486.507	-25.55	
486.71	15.82	
486.913	3.12	
487.116	-27.8	
487.319	-86.37	
487.522	-16.33	
487.725	78.69	
487.928	97.74	
488.13	95.9	
488.333	118.42	
488.536	119.65	
488.739	47.36	
488.942	63.33	
489.145	68.45	
489.348	70.09	
489.551	34.87	
489.754	52.27	
489.956	0.87	
490.159	-11.01	
490.362	-75.31	
490.565	-105.42	
490.768	-126.92	
490.97	-41.11	
491.173	-19.2	
491.376	1.89	
491.579	47.15	
491.781	104.91	
491.984	36.51	
492.187	70.91	
492.39	68.04	
492.592	64.15	
492.795	80.95	
492.998	53.91	
493.2	15.41	
493.403	62.1	
493.605	139.93	
493.808	79.31	
494.011	51.05	
494.213	30.16	
494.416	25.86	
494.618	-73.27	
494.821	-116.89	
495.023	-21.45	
495.226	41.83	
495.428	44.08	
495.631	105.52	
495.833	132.76	
496.036	86.07	
496.238	17.46	
496.441	58.21	
496.643	11.93	
496.846	12.75	
497.048	20.94	
497.25	123.75	
497.453	121.7	
497.655	206.28	
497.858	301.92	
498.06	318.92	
498.262	211.2	
498.465	172.9	
498.667	144.84	
498.869	81.97	
499.071	66.61	
499.274	140.95	
499.476	143.2	
499.678	78.28	
499.881	36.3	
500.083	56.37	
500.285	-23.91	
500.487	-11.83	
500.689	3.12	
500.892	-6.3	
501.094	-65.07	
501.296	13.57	
501.498	-9.37	
501.7	-42.14	
501.902	11.52	
502.104	85.04	
502.306	27.7	
502.509	66.2	
502.711	89.75	
502.913	68.25	
503.115	-18.59	
503.317	11.52	
503.519	-43.57	
503.721	14.39	
503.923	86.48	
504.125	129.48	
504.327	160.2	
504.529	219.39	
504.731	146.48	
504.933	99.38	
505.134	84.84	
505.336	60.67	
505.538	25.65	
505.74	42.44	
505.942	-0.97	
506.144	-5.68	
506.346	-19.2	
506.548	65.79	
506.749	93.85	
506.951	153.24	
507.153	164.71	
507.355	141.57	
507.557	64.36	
507.758	79.72	
507.96	-5.48	
508.162	30.16	
508.363	64.77	
508.565	98.15	
508.767	33.43	
508.969	76.24	
509.17	96.1	
509.372	62.72	
509.574	-36.2	
509.775	-9.78	
509.977	-18.18	
510.178	6.81	
510.38	37.32	
510.582	98.35	
510.783	67.84	
510.985	73.37	
511.186	-18.18	
511.388	7.01	
511.589	30.16	
511.791	17.46	
511.992	1.69	
512.194	25.65	
512.395	-78.18	
512.597	-77.16	
512.798	-37.84	
513	3.33	
513.201	35.69	
513.403	169.01	
513.604	122.72	
513.805	136.24	
514.007	113.71	
514.208	30.36	
514.409	-50.94	
514.611	-35.58	
514.812	-4.86	
515.013	63.95	
515.215	109.41	
515.416	82.99	
515.617	49	
515.819	-30.87	
516.02	-91.29	
516.221	-59.95	
516.422	-24.93	
516.623	-8.14	
516.825	9.68	
517.026	11.93	
517.227	-44.39	
517.428	-102.55	
517.629	-85.76	
517.83	-49.3	
518.032	-22.27	
518.233	62.1	
518.434	141.36	
518.635	196.86	
518.836	195.63	
519.037	149.55	
519.238	121.29	
519.439	120.68	
519.64	51.66	
519.841	66.41	
520.042	59.24	
520.243	42.03	
520.444	-6.09	
520.645	-8.35	
520.846	-73.68	
521.047	-52.17	
521.248	-86.99	
521.449	-20.63	
521.65	-14.69	
521.851	92	
522.052	56.37	
522.252	119.65	
522.453	125.8	
522.654	102.86	
522.855	47.56	
523.056	25.45	
523.257	2.1	
523.457	-4.25	
523.658	37.32	
523.859	20.94	
524.06	18.28	
524.26	-48.9	
524.461	-63.44	
524.662	-54.42	
524.862	-91.9	
525.063	-17.56	
525.264	46.95	
525.464	21.96	
525.665	27.08	
525.866	152.83	
526.066	104.7	
526.267	96.72	
526.468	80.95	
526.668	57.39	
526.869	-32.72	
527.069	-7.73	
527.27	4.56	
527.47	66.81	
527.671	48.59	
527.871	34.66	
528.072	55.14	
528.272	43.88	
528.473	39.37	
528.673	99.17	
528.874	115.97	
529.074	118.01	
529.275	112.28	
529.475	126.21	
529.675	64.77	
529.876	88.11	
530.076	24.01	
530.277	16.64	
530.477	-4.66	
530.677	-24.93	
530.878	-77.36	
531.078	24.83	
531.278	4.76	
531.478	-33.95	
531.679	-6.71	
531.879	28.31	
532.079	-16.54	
532.28	27.49	
532.48	1.08	
532.68	-3.84	
532.88	30.16	
533.08	47.56	
533.28	31.18	
533.481	55.96	
533.681	61.49	
533.881	52.89	
534.081	29.95	
534.281	42.24	
534.481	81.77	
534.681	144.64	
534.881	165.94	
535.081	140.75	
535.281	126.62	
535.481	139.11	
535.682	72.14	
535.882	4.15	
536.082	92.82	
536.281	104.7	
536.481	161.02	
536.681	196.66	
536.881	204.03	
537.081	95.9	
537.281	92.41	
537.481	-21.45	
537.681	-60.16	
537.881	-104.19	
538.081	22.58	
538.281	32.61	
538.48	2.1	
538.68	41.01	
538.88	158.77	
539.08	125.39	
539.28	102.24	
539.479	197.88	
539.679	178.02	
539.879	90.78	
540.079	42.03	
540.278	61.49	
540.478	-41.73	
540.678	-51.76	
540.877	23.19	
541.077	-22.48	
541.277	0.26	
541.476	158.77	
541.676	193.58	
541.876	225.94	
542.075	294.14	
542.275	242.74	
542.474	144.23	
542.674	162.05	
542.874	82.38	
543.073	50.02	
543.273	93.44	
543.472	94.67	
543.672	54.53	
543.871	24.42	
544.071	37.94	
544.27	68.25	
544.47	79.1	
544.669	111.26	
544.868	150.17	
545.068	153.44	
545.267	90.57	
545.467	199.52	
545.666	117.4	
545.865	132.96	
546.065	77.67	
546.264	75.83	
546.463	-38.66	
546.663	21.76	
546.862	-0.56	
547.061	60.88	
547.261	95.9	
547.46	139.31	
547.659	115.35	
547.858	204.85	
548.058	215.5	
548.257	242.12	
548.456	212.22	
548.655	221.23	
548.854	145.25	
549.053	182.73	
549.253	120.68	
549.452	119.45	
549.651	155.29	
549.85	224.1	
550.049	165.53	
550.248	144.64	
550.447	155.49	
550.646	154.67	
550.845	119.04	
551.044	114.33	
551.243	125.39	
551.442	132.96	
551.641	125.39	
551.84	158.97	
552.039	170.44	
552.238	190.51	
552.437	160.2	
552.636	148.53	
552.835	84.22	
553.034	140.75	
553.233	156.52	
553.432	188.26	
553.63	166.96	
553.829	190.72	
554.028	94.46	
554.227	102.86	
554.426	105.73	
554.625	140.54	
554.823	121.7	
555.022	183.96	
555.221	204.44	
555.42	172.9	
555.618	194.81	
555.817	182.32	
556.016	147.91	
556.214	117.4	
556.413	131.12	
556.612	82.99	
556.81	85.25	
557.009	87.5	
557.208	79.1	
557.406	101.84	
557.605	105.11	
557.803	84.43	
558.002	84.02	
558.201	15.21	
558.399	-41.93	
558.598	-85.55	
558.796	-62.41	
558.995	-86.17	
559.193	-23.5	
559.392	-17.77	
559.59	53.09	
559.789	77.46	
559.987	116.38	
560.185	167.37	
560.384	153.24	
560.582	136.65	
560.781	141.98	
560.979	136.24	
561.177	55.55	
561.376	91.39	
561.574	126.21	
561.772	-28.01	
561.971	187.03	
562.169	235.98	
562.367	184.98	
562.566	163.07	
562.764	247.86	
562.962	1.89	
563.16	-67.53	
563.358	-24.52	
563.557	-3.43	
563.755	36.71	
563.953	78.08	
564.151	132.35	
564.349	164.09	
564.547	156.31	
564.746	129.28	
564.944	99.79	
565.142	72.14	
565.34	25.45	
565.538	-25.14	
565.736	15.82	
565.934	-16.54	
566.132	14.18	
566.33	23.4	
566.528	114.12	
566.726	58.42	
566.924	115.15	
567.122	53.09	
567.32	33.23	
567.518	-23.3	
567.716	-12.85	
567.914	-14.08	
568.112	10.91	
568.31	85.86	
568.507	103.68	
568.705	26.06	
568.903	11.11	
569.101	83.81	
569.299	128.46	
569.497	131.53	
569.694	225.33	
569.892	213.24	
570.09	185.39	
570.288	77.67	
570.486	47.36	
570.683	25.04	
570.881	-12.24	
571.079	-43.98	
571.276	-41.11	
571.474	-59.14	
571.672	-79.21	
571.869	-11.21	
572.067	6.6	
572.265	33.64	
572.462	71.73	
572.66	144.23	
572.857	154.47	
573.055	199.52	
573.253	178.43	
573.45	169.01	
573.648	157.74	
573.845	123.95	
574.043	117.2	
574.24	133.99	
574.438	70.71	
574.635	30.98	
574.832	-28.42	
575.03	-44.59	
575.227	25.04	
575.425	39.17	
575.622	17.05	
575.82	46.34	
576.017	102.04	
576.214	34.87	
576.412	72.55	
576.609	39.99	
576.806	33.64	
577.004	-81.87	
577.201	-76.13	
577.398	-22.07	
577.595	104.09	
577.793	108.59	
577.99	159.18	
578.187	124.57	
578.384	80.54	
578.582	0.05	
578.779	61.29	
578.976	86.68	
579.173	175.15	
579.37	166.35	
579.567	195.43	
579.764	165.94	
579.962	149.55	
580.159	75.62	
580.356	114.53	
580.553	140.13	
580.75	191.33	
580.947	185.8	
581.144	254.61	
581.341	219.18	
581.538	249.49	
581.735	166.14	
581.932	195.22	
582.129	108.39	
582.326	136.04	
582.523	64.56	
582.72	65.18	
582.916	20.12	
583.113	27.49	
583.31	-17.56	
583.507	-3.43	
583.704	114.94	
583.901	191.13	
584.098	186.83	
584.294	219.59	
584.491	212.02	
584.688	162.66	
584.885	56.37	
585.082	135.83	
585.278	172.49	
585.475	200.34	
585.672	141.16	
585.868	158.56	
586.065	119.45	
586.262	43.88	
586.458	67.84	
586.655	96.31	
586.852	98.76	
587.048	80.33	
587.245	33.02	
587.442	45.52	
587.638	93.64	
587.835	171.06	
588.031	186.01	
588.228	237	
588.424	197.88	
588.621	177	
588.817	113.92	
589.014	159.38	
589.21	200.34	
589.407	185.39	
589.603	108.39	
589.8	173.31	
589.996	124.16	
590.192	88.11	
590.389	96.72	
590.585	115.15	
590.782	26.06	
590.978	78.69	
591.174	59.44	
591.371	70.71	
591.567	100.61	
591.763	115.15	
591.959	75.01	
592.156	118.83	
592.352	111.67	
592.548	168.39	
592.744	183.34	
592.941	148.12	
593.137	104.29	
593.333	59.65	
593.529	11.93	
593.725	15.41	
593.922	11.11	
594.118	102.86	
594.314	78.69	
594.51	103.88	
594.706	78.69	
594.902	125.18	
595.098	42.24	
595.294	65.59	
595.49	-6.91	
595.686	60.26	
595.882	-33.33	
596.078	22.99	
596.274	71.93	
596.47	154.47	
596.666	75.01	
596.862	125.18	
597.058	119.04	
597.254	153.24	
597.45	68.86	
597.646	130.71	
597.842	138.49	
598.037	199.11	
598.233	174.54	
598.429	232.09	
598.625	159.18	
598.821	143.41	
599.017	10.7	
599.212	46.34	
599.408	69.27	
599.604	79.1	
599.8	73.78	
599.995	70.3	
600.191	20.94	
600.387	-39.07	
600.582	-8.76	
600.778	57.19	
600.974	121.5	
601.169	96.92	
601.365	129.69	
601.561	73.78	
601.756	6.4	
601.952	0.26	
602.147	-30.87	
602.343	-49.3	
602.538	53.3	
602.734	83.2	
602.93	77.67	
603.125	107.36	
603.321	113.3	
603.516	90.37	
603.711	80.54	
603.907	83.61	
604.102	121.7	
604.298	174.95	
604.493	148.94	
604.689	188.46	
604.884	184.37	
605.079	181.5	
605.275	108.39	
605.47	92.62	
605.665	75.42	
605.861	162.66	
606.056	118.63	
606.251	60.26	
606.447	97.94	
606.642	94.67	
606.837	-41.73	
607.032	49.82	
607.227	101.63	
607.423	93.23	
607.618	62.31	
607.813	78.69	
608.008	18.28	
608.203	89.34	
608.398	132.35	
608.594	127.43	
608.789	141.98	
608.984	182.73	
609.179	126	
609.374	58.21	
609.569	93.44	
609.764	75.83	
609.959	47.36	
610.154	60.47	
610.349	82.58	
610.544	96.92	
610.739	133.37	
610.934	150.37	
611.129	245.19	
611.324	287.79	
611.519	309.7	
611.714	341.45	
611.909	282.06	
612.103	271.41	
612.298	269.97	
612.493	229.63	
612.688	230.24	
612.883	305.81	
613.078	172.49	
613.272	171.06	
613.467	240.28	
613.662	266.29	
613.857	249.9	
614.051	365.2	
614.246	298.24	
614.441	227.17	
614.635	102.45	
614.83	57.19	
615.025	-44.59	
615.219	-24.11	
615.414	-112.18	
615.609	-71.63	
615.803	-67.74	
615.998	62.51	
616.192	70.09	
616.387	154.67	
616.582	251.34	
616.776	313.19	
616.971	235.57	
617.165	203.82	
617.36	157.34	
617.554	90.98	
617.749	56.58	
617.943	55.96	
618.138	107.36	
618.332	153.24	
618.526	97.53	
618.721	66.2	
618.915	83.81	
619.11	76.24	
619.304	-2.82	
619.498	24.01	
619.693	95.49	
619.887	92.82	
620.081	33.64	
620.275	72.34	
620.47	128.46	
620.664	119.04	
620.858	59.03	
621.052	83.81	
621.247	136.24	
621.441	124.77	
621.635	73.16	
621.829	124.57	
622.023	143.41	
622.218	184.98	
622.412	123.34	
622.606	117.6	
622.8	107.57	
622.994	82.58	
623.188	-29.85	
623.382	7.42	
623.576	1.89	
623.77	-37.43	
623.964	-28.83	
624.158	20.74	
624.352	-38.66	
624.546	-5.68	
624.74	58.62	
624.934	37.73	
625.128	40.6	
625.322	91.19	
625.516	103.68	
625.71	41.22	
625.904	22.17	
626.098	86.89	
626.291	112.08	
626.485	82.79	
626.679	107.98	
626.873	235.36	
627.067	160.2	
627.26	140.54	
627.454	164.3	
627.648	183.34	
627.842	63.33	
628.035	84.84	
628.229	109.21	
628.423	77.05	
628.617	47.97	
628.81	63.13	
629.004	46.95	
629.198	42.65	
629.391	24.01	
629.585	70.09	
629.778	71.93	
629.972	134.6	
630.166	103.68	
630.359	95.9	
630.553	70.91	
630.746	112.48	
630.94	90.16	
631.133	27.29	
631.327	43.06	
631.52	41.22	
631.714	-0.15	
631.907	-49.92	
632.1	22.78	
632.294	87.91	
632.487	99.79	
632.681	168.39	
632.874	182.53	
633.067	225.94	
633.261	167.58	
633.454	177	
633.647	150.58	
633.841	119.65	
634.034	97.74	
634.227	111.05	
634.421	78.28	
634.614	47.97	
634.807	66.2	
635	-6.3	
635.193	20.53	
635.387	7.42	
635.58	-17.56	
635.773	-12.65	
635.966	65.38	
636.159	55.14	
636.352	-12.24	
636.545	-12.44	
636.739	-41.73	
636.932	-52.58	
637.125	-89.04	
637.318	-62.82	
637.511	33.64	
637.704	39.58	
637.897	1.48	
638.09	-26.57	
638.283	63.13	
638.476	16.84	
638.669	37.53	
638.862	66.41	
639.055	81.36	
639.247	63.74	
639.44	18.28	
639.633	26.67	
639.826	-10.39	
640.019	10.5	
640.212	-4.25	
640.405	51.66	
640.597	26.47	
640.79	105.32	
640.983	112.48	
641.176	95.08	
641.368	114.94	
641.561	188.05	
641.754	79.31	
641.947	118.22	
642.139	150.58	
642.332	86.27	
642.525	50.02	
642.717	120.47	
642.91	49	
643.103	40.6	
643.295	20.74	
643.488	30.16	
643.68	-13.87	
643.873	31.79	
644.065	-1.18	
644.258	42.85	
644.45	-3.84	
644.643	33.23	
644.835	29.54	
645.028	11.32	
645.22	-19.4	
645.413	-39.88	
645.605	-76.75	
645.798	-116.07	
645.99	-54.22	
646.182	-18.79	
646.375	3.53	
646.567	41.22	
646.76	27.08	
646.952	15.21	
647.144	-20.63	
647.337	-14.49	
647.529	-12.44	
647.721	113.71	
647.913	83.61	
648.106	64.97	
648.298	50.02	
648.49	37.73	
648.682	-133.68	
648.874	-98.87	
649.067	-68.35	
649.259	-23.09	
649.451	-47.05	
649.643	49.41	
649.835	65.59	
650.027	111.46	
650.219	105.52	
650.411	106.96	
650.603	83.61	
650.796	86.89	
650.988	87.7	
651.18	115.76	
651.372	143	
651.564	146.69	
651.756	87.29	
651.948	82.58	
652.139	22.78	
652.331	28.72	
652.523	51.05	
652.715	61.08	
652.907	44.08	
653.099	81.77	
653.291	86.27	
653.483	61.29	
653.674	73.78	
653.866	80.13	
654.058	23.81	
654.25	-3.43	
654.442	-11.42	
654.633	-50.53	
654.825	-75.72	
655.017	-55.86	
655.209	-59.75	
655.4	-15.51	
655.592	-56.47	
655.784	2.71	
655.975	15.41	
656.167	12.34	
656.359	-35.17	
656.55	51.05	
656.742	-26.57	
656.933	79.51	
657.125	87.5	
657.316	64.77	
657.508	24.83	
657.7	85.86	
657.891	-36.81	
658.083	-1.38	
658.274	68.66	
658.466	108.39	
658.657	110.03	
658.848	68.86	
659.04	57.39	
659.231	15.82	
659.423	6.4	
659.614	-43.37	
659.805	76.85	
659.997	131.74	
660.188	151.4	
660.379	154.88	
660.571	136.65	
660.762	66.81	
660.953	-17.56	
661.145	-40.91	
661.336	-94.56	
661.527	-0.15	
661.718	37.94	
661.909	48.59	
662.101	81.36	
662.292	162.86	
662.483	43.88	
662.674	4.35	
662.865	29.13	
663.056	-4.45	
663.247	-84.73	
663.439	-44.8	
663.63	-38.25	
663.821	-70.4	
664.012	-42.14	
664.203	60.88	
664.394	118.63	
664.585	176.79	
664.776	149.14	
664.967	169.62	
665.158	133.58	
665.349	171.26	
665.54	100.2	
665.73	151.19	
665.921	47.15	
666.112	34.87	
666.303	-65.69	
666.494	17.25	
666.685	-15.72	
666.876	86.07	
667.066	109.82	
667.257	155.29	
667.448	61.49	
667.639	98.97	
667.83	34.87	
668.02	22.78	
668.211	-50.12	
668.402	34.66	
668.592	-55.45	
668.783	-36.2	
668.974	-33.33	
669.164	36.71	
669.355	-4.66	
669.546	110.23	
669.736	136.45	
669.927	110.64	
670.117	38.35	
670.308	43.67	
670.499	-47.46	
670.689	-42.75	
670.88	-92.31	
671.07	-22.07	
671.261	-26.16	
671.451	59.03	
671.641	-43.16	
671.832	24.01	
672.022	0.26	
672.213	-45.62	
672.403	-95.79	
672.594	67.84	
672.784	80.95	
672.974	89.34	
673.165	58.42	
673.355	72.34	
673.545	40.19	
673.736	90.78	
673.926	9.27	
674.116	102.65	
674.306	50.84	
674.497	-17.77	
674.687	-114.23	
674.877	-62	
675.067	-75.11	
675.257	0.46	
675.448	-0.77	
675.638	14.8	
675.828	-17.77	
676.018	-0.97	
676.208	-14.28	
676.398	19.1	
676.588	27.49	
676.778	67.84	
676.968	46.34	
677.158	42.03	
677.348	-16.33	
677.538	-35.38	
677.728	-27.8	
677.918	-26.16	
678.108	-61.59	
678.298	17.46	
678.488	6.6	
678.678	43.88	
678.868	62.92	
679.058	102.24	
679.248	73.37	
679.438	90.57	
679.627	80.95	
679.817	65.18	
680.007	51.25	
680.197	41.83	
680.387	17.87	
680.576	46.95	
680.766	-9.78	
680.956	-41.93	
681.146	-0.77	
681.335	19.3	
681.525	-62.41	
681.715	-20.02	
681.904	41.83	
682.094	28.93	
682.284	16.84	
682.473	45.31	
682.663	107.36	
682.852	84.43	
683.042	72.14	
683.231	98.15	
683.421	89.75	
683.61	20.74	
683.8	-10.39	
683.989	-7.73	
684.179	-3.23	
684.368	-49.92	
684.558	-58.93	
684.747	-71.22	
684.937	-119.75	
685.126	-79.41	
685.316	-29.03	
685.505	-60.57	
685.694	61.08	
685.884	166.76	
686.073	85.04	
686.262	73.57	
686.452	153.03	
686.641	110.03	
686.83	64.77	
687.019	94.05	
687.209	114.33	
687.398	119.24	
687.587	64.97	
687.776	36.1	
687.965	-2	
688.155	-28.01	
688.344	-115.66	
688.533	-89.85	
688.722	-109.52	
688.911	13.36	
689.1	83.81	
689.289	185.6	
689.478	195.02	
689.667	238.23	
689.856	42.24	
690.045	-21.25	
690.234	-86.37	
690.423	-63.23	
690.612	-121.8	
690.801	46.74	
690.99	30.36	
691.179	91.19	
691.368	67.43	
691.557	176.79	
691.746	98.15	
691.935	125.59	
692.124	52.68	
692.312	47.97	
692.501	-45.62	
692.69	-12.85	
692.879	-32.72	
693.068	-9.98	
693.256	-42.55	
693.445	53.91	
693.634	5.99	
693.823	-16.13	
694.011	-16.13	
694.2	22.37	
694.389	-61.59	
694.577	-38.45	
694.766	-17.56	
694.955	-18.79	
695.143	-55.45	
695.332	-7.73	
695.52	3.33	
695.709	46.95	
695.897	33.43	
696.086	33.23	
696.275	-30.05	
696.463	-29.44	
696.652	-58.93	
696.84	-36.81	
697.028	-40.5	
697.217	11.11	
697.405	49.41	
697.594	82.38	
697.782	75.62	
697.971	95.08	
698.159	63.33	
698.347	77.05	
698.536	73.57	
698.724	140.75	
698.912	120.88	
699.1	158.36	
699.289	110.64	
699.477	103.88	
699.665	9.47	
699.854	-17.97	
700.042	-53.2	
700.23	-14.49	
700.418	-17.15	
700.606	11.72	
700.794	66.2	
700.983	120.06	
701.171	99.79	
701.359	66.2	
701.547	53.91	
701.735	82.99	
701.923	10.09	
702.111	-6.91	
702.299	-26.16	
702.487	11.52	
702.675	-58.32	
702.863	-52.79	
703.051	-62	
703.239	25.24	
703.427	-8.76	
703.615	-3.23	
703.803	4.97	
703.991	59.65	
704.179	35.28	
704.367	73.16	
704.554	136.86	
704.742	175.15	
704.93	197.07	
705.118	209.56	
705.306	155.29	
705.493	114.33	
705.681	50.84	
705.869	59.03	
706.057	2.3	
706.244	36.3	
706.432	24.22	
706.62	89.34	
706.807	-26.57	
706.995	56.37	
707.183	-12.85	
707.37	52.68	
707.558	43.06	
707.746	172.9	
707.933	144.02	
708.121	262.4	
708.308	213.24	
708.496	198.09	
708.683	78.49	
708.871	117.2	
709.058	17.05	
709.246	31.18	
709.433	-47.26	
709.621	1.69	
709.808	-77.36	
709.995	22.37	
710.183	20.94	
710.37	76.65	
710.558	53.09	
710.745	69.27	
710.932	1.69	
711.12	26.06	
711.307	31.18	
711.494	76.44	
711.681	85.25	
711.869	48.79	
712.056	82.17	
712.243	156.31	
712.43	58.21	
712.618	84.43	
712.805	80.54	
712.992	25.65	
713.179	-66.92	
713.366	-24.52	
713.553	-19.81	
713.74	11.52	
713.928	-79.21	
714.115	-11.01	
714.302	-34.56	
714.489	-55.04	
714.676	-79.82	
714.863	19.71	
715.05	-4.66	
715.237	5.38	
715.424	-61.39	
715.611	44.7	
715.798	31.59	
715.984	44.08	
716.171	96.72	
716.358	156.31	
716.545	103.88	
716.732	113.92	
716.919	41.83	
717.106	-8.76	
717.293	7.63	
717.479	66.61	
717.666	-34.76	
717.853	19.1	
718.04	60.26	
718.226	56.58	
718.413	-67.12	
718.6	29.54	
718.786	2.51	
718.973	50.02	
719.16	-8.96	
719.346	28.11	
719.533	-7.53	
719.72	35.69	
719.906	-52.58	
720.093	20.53	
720.279	-6.71	
720.466	43.47	
720.652	67.84	
720.839	141.77	
721.025	93.23	
721.212	119.86	
721.398	70.5	
721.585	69.27	
721.771	3.12	
721.958	-4.04	
722.144	21.35	
722.331	-52.17	
722.517	-106.44	
722.703	-47.05	
722.89	-82.48	
723.076	-79.82	
723.262	51.46	
723.449	47.77	
723.635	-51.35	
723.821	-9.78	
724.007	-48.69	
724.194	-97.02	
724.38	-78.39	
724.566	-30.05	
724.752	2.71	
724.938	84.84	
725.125	159.18	
725.311	176.59	
725.497	162.25	
725.683	131.74	
725.869	49	
726.055	-0.97	
726.241	-43.57	
726.427	-24.93	
726.613	-39.88	
726.799	27.7	
726.985	-32.1	
727.171	30.36	
727.357	80.95	
727.543	170.65	
727.729	129.28	
727.915	171.67	
728.101	147.71	
728.287	96.72	
728.473	46.95	
728.659	46.95	
728.845	10.91	
729.03	-39.88	
729.216	-29.44	
729.402	-82.28	
729.588	-91.9	
729.774	-78.18	
729.959	-56.68	
730.145	-33.74	
730.331	13.36	
730.517	24.83	
730.702	80.74	
730.888	112.89	
731.074	27.29	
731.259	53.09	
731.445	80.33	
731.63	22.17	
731.816	-19.4	
732.002	82.79	
732.187	140.54	
732.373	139.31	
732.558	207.72	
732.744	254.41	
732.929	207.72	
733.115	67.02	
733.3	-59.75	
733.486	-101.12	
733.671	-194.51	
733.857	-195.12	
734.042	-138.6	
734.227	-65.48	
734.413	-7.53	
734.598	119.24	
734.784	96.72	
734.969	71.32	
735.154	106.55	
735.339	73.78	
735.525	52.27	
735.71	156.31	
735.895	127.64	
736.081	118.63	
736.266	114.53	
736.451	70.71	
736.636	43.06	
736.821	63.33	
737.007	22.78	
737.192	42.65	
737.377	18.28	
737.562	-51.76	
737.747	-22.07	
737.932	40.6	
738.117	-20.63	
738.302	100.81	
738.487	105.93	
738.672	71.32	
738.857	110.23	
739.042	138.49	
739.227	140.13	
739.412	136.45	
739.597	133.17	
739.782	103.27	
739.967	31.39	
740.152	-11.62	
740.337	25.04	
740.522	65.79	
740.706	67.02	
740.891	167.78	
741.076	164.5	
741.261	162.05	
741.446	184.16	
741.63	174.33	
741.815	162.05	
742	76.44	
742.185	42.65	
742.369	10.5	
742.554	-37.43	
742.739	-67.94	
742.923	-29.44	
743.108	23.19	
743.293	45.93	
743.477	37.32	
743.662	83.2	
743.846	86.27	
744.031	61.9	
744.216	35.28	
744.4	102.45	
744.585	78.28	
744.769	109.21	
744.954	115.35	
745.138	83.2	
745.322	112.08	
745.507	58.83	
745.691	43.06	
745.876	17.66	
746.06	81.77	
746.244	58.21	
746.429	147.3	
746.613	124.36	
746.798	149.14	
746.982	79.72	
747.166	72.96	
747.35	-3.64	
747.535	15.62	
747.719	21.96	
747.903	79.1	
748.087	34.66	
748.272	54.94	
748.456	101.02	
748.64	86.89	
748.824	83.2	
749.008	123.13	
749.192	99.79	
749.376	30.77	
749.56	13.16	
749.745	-13.06	
749.929	12.34	
750.113	47.97	
750.297	16.84	
750.481	79.72	
750.665	115.76	
750.849	89.75	
751.033	97.53	
751.217	61.49	
751.4	14.8	
751.584	0.05	
751.768	-3.43	
751.952	-52.58	
752.136	13.57	
752.32	-16.74	
752.504	-9.78	
752.688	-10.6	
752.871	4.15	
753.055	4.97	
753.239	32	
753.423	67.43	
753.606	24.83	
753.79	72.55	
753.974	86.48	
754.157	102.04	
754.341	35.48	
754.525	25.04	
754.708	21.55	
754.892	25.86	
755.076	35.69	
755.259	84.84	
755.443	71.32	
755.626	70.71	
755.81	105.32	
755.993	94.05	
756.177	35.48	
756.36	88.32	
756.544	70.3	
756.727	30.16	
756.911	53.3	
757.094	138.29	
757.278	135.63	
757.461	109	
757.644	89.14	
757.828	35.28	
758.011	10.7	
758.195	18.89	
758.378	28.11	
758.561	3.53	
758.744	-7.32	
758.928	8.04	
759.111	9.06	
759.294	43.47	
759.477	86.27	
759.661	105.52	
759.844	99.17	
760.027	77.46	
760.21	36.1	
760.393	47.77	
760.576	99.38	
760.76	50.23	
760.943	27.29	
761.126	156.11	
761.309	205.46	
761.492	173.72	
761.675	183.14	
761.858	226.15	
762.041	114.53	
762.224	-21.45	
762.407	-30.26	
762.59	10.5	
762.773	-74.09	
762.956	-88.22	
763.139	-29.03	
763.321	8.45	
763.504	-85.14	
763.687	6.6	
763.87	28.52	
764.053	53.09	
764.236	34.46	
764.418	108.39	
764.601	71.53	
764.784	94.67	
764.967	149.55	
765.149	152.83	
765.332	135.42	
765.515	204.44	
765.697	158.36	
765.88	113.1	
766.063	94.87	
766.245	102.04	
766.428	28.52	
766.611	51.86	
766.793	67.63	
766.976	100.61	
767.158	35.89	
767.341	72.96	
767.523	49.2	
767.706	46.54	
767.888	14.8	
768.071	142.18	
768.253	106.34	
768.436	154.06	
768.618	160.61	
768.8	208.12	
768.983	153.03	
769.165	176.38	
769.348	93.03	
769.53	80.33	
769.712	12.54	
769.895	-4.66	
770.077	27.08	
770.259	52.89	
770.441	5.99	
770.624	86.68	
770.806	130.3	
770.988	63.74	
771.17	75.83	
771.352	170.65	
771.535	185.19	
771.717	198.7	
771.899	213.86	
772.081	276.94	
772.263	201.78	
772.445	154.47	
772.627	59.24	
772.809	63.95	
772.991	30.98	
773.173	59.03	
773.355	52.89	
773.537	59.03	
773.719	45.31	
773.901	86.27	
774.083	38.76	
774.265	-18.38	
774.447	-25.75	
774.629	-15.92	
774.811	-54.02	
774.992	-16.33	
775.174	-21.45	
775.356	26.47	
775.538	-11.21	
775.72	-57.09	
775.901	-52.99	
776.083	-15.92	
776.265	-26.78	
776.447	46.34	
776.628	140.54	
776.81	114.53	
776.992	132.76	
777.173	143.82	
777.355	122.52	
777.537	79.92	
777.718	98.15	
777.9	84.84	
778.081	106.55	
778.263	146.69	
778.444	117.4	
778.626	122.11	
778.807	87.7	
778.989	56.37	
779.17	-33.13	
779.352	-114.64	
779.533	-177.1	
779.715	-118.12	
779.896	-209.46	
780.078	-118.73	
780.259	7.22	
780.44	38.96	
780.622	4.35	
780.803	144.43	
780.984	107.36	
781.166	46.95	
781.347	58.42	
781.528	90.16	
781.709	54.73	
781.891	86.89	
782.072	107.98	
782.253	131.53	
782.434	111.87	
782.615	93.44	
782.796	56.58	
782.978	122.31	
783.159	131.12	
783.34	196.04	
783.521	190.31	
783.702	212.22	
783.883	185.8	
784.064	161.64	
784.245	59.85	
784.426	108.59	
784.607	81.15	
784.788	91.39	
784.969	57.39	
785.15	126.82	
785.331	0.26	
785.512	70.91	
785.692	34.66	
785.873	44.9	
786.054	-1.59	
786.235	77.05	
786.416	33.23	
786.597	37.53	
786.777	46.95	
786.958	85.25	
787.139	111.87	
787.32	140.95	
787.5	157.13	
787.681	112.28	
787.862	91.6	
788.042	100.81	
788.223	81.36	
788.404	-7.73	
788.584	46.95	
788.765	101.02	
788.946	86.27	
789.126	83.81	
789.307	213.86	
789.487	272.64	
789.668	188.46	
789.848	154.47	
790.029	78.28	
790.209	50.84	
790.39	-18.79	
790.57	-17.97	
790.75	66.61	
790.931	129.69	
791.111	75.21	
791.292	160.82	
791.472	194.4	
791.652	203.62	
791.833	211.4	
792.013	246.63	
792.193	143.61	
792.373	171.06	
792.554	130.51	
792.734	138.9	
792.914	88.93	
793.094	130.71	
793.275	134.19	
793.455	114.12	
793.635	155.08	
793.815	217.96	
793.995	190.31	
794.175	167.37	
794.355	185.19	
794.535	180.07	
794.715	144.84	
794.896	179.25	
795.076	139.31	
795.256	158.36	
795.436	77.87	
795.616	121.09	
795.795	142.79	
795.975	179.04	
796.155	204.23	
796.335	243.15	
796.515	225.33	
796.695	253.38	
796.875	323.22	
797.055	291.27	
797.234	309.91	
797.414	356.4	
797.594	297.62	
797.774	214.68	
797.954	149.55	
798.133	138.49	
798.313	35.69	
798.493	71.12	
798.672	66	
798.852	85.25	
799.032	8.86	
799.211	34.25	
799.391	-14.9	
799.571	4.15	
799.75	12.75	
799.93	141.98	
800.109	158.36	
800.289	168.39	
800.468	130.51	
800.648	118.01	
800.827	79.51	
801.007	76.85	
801.186	26.06	
801.366	67.63	
801.545	86.27	
801.725	151.4	
801.904	71.12	
802.083	127.23	
802.263	114.74	
802.442	172.08	
802.621	69.07	
802.801	228.6	
802.98	263.01	
803.159	229.42	
803.338	150.17	
803.518	204.44	
803.697	85.86	
803.876	86.27	
804.055	115.15	
804.235	203.41	
804.414	132.96	
804.593	158.56	
804.772	117.81	
804.951	96.92	
805.13	-34.15	
805.309	34.87	
805.488	85.04	
805.667	122.72	
805.846	146.28	
806.025	231.47	
806.204	231.88	
806.383	170.24	
806.562	114.53	
806.741	94.67	
806.92	113.71	
807.099	65.18	
807.278	19.3	
807.457	33.43	
807.636	96.72	
807.814	99.17	
807.993	85.86	
808.172	139.31	
808.351	152.22	
808.53	105.52	
808.708	63.33	
808.887	78.08	
809.066	161.84	
809.244	144.23	
809.423	124.57	
809.602	133.17	
809.78	171.67	
809.959	126.21	
810.138	150.99	
810.316	198.7	
810.495	195.02	
810.673	123.34	
810.852	112.69	
811.03	146.89	
811.209	138.29	
811.388	143.61	
811.566	193.58	
811.744	208.74	
811.923	186.21	
812.101	172.9	
812.28	229.42	
812.458	242.94	
812.637	188.05	
812.815	199.73	
812.993	246.63	
813.172	198.09	
813.35	111.46	
813.528	164.3	
813.706	139.93	
813.885	88.73	
814.063	66.81	
814.241	171.26	
814.419	187.65	
814.598	207.51	
814.776	249.49	
814.954	242.74	
815.132	215.09	
815.31	211.81	
815.488	113.71	
815.666	55.14	
815.844	18.69	
816.022	-17.97	
816.201	-78.39	
816.379	71.12	
816.557	89.96	
816.735	169.62	
816.913	156.31	
817.09	203	
817.268	103.47	
817.446	66.61	
817.624	27.49	
817.802	163.07	
817.98	105.32	
818.158	100.61	
818.336	43.88	
818.514	84.02	
818.691	25.04	
818.869	92.41	
819.047	189.69	
819.225	269.77	
819.402	208.74	
819.58	246.01	
819.758	241.71	
819.935	163.27	
820.113	174.54	
820.291	179.86	
820.468	87.91	
820.646	94.87	
820.824	117.6	
821.001	214.68	
821.179	281.85	
821.356	292.71	
821.534	243.96	
821.711	203.21	
821.889	165.12	
822.066	160.2	
822.244	143.41	
822.421	170.44	
822.599	210.99	
822.776	120.88	
822.953	34.66	
823.131	9.06	
823.308	-0.56	
823.486	-25.14	
823.663	-13.87	
823.84	53.71	
824.017	11.32	
824.195	14.18	
824.372	41.42	
824.549	79.72	
824.726	53.91	
824.904	102.65	
825.081	106.34	
825.258	36.71	
825.435	16.64	
825.612	55.14	
825.789	9.06	
825.967	-2	
826.144	63.33	
826.321	119.24	
826.498	110.85	
826.675	171.67	
826.852	122.31	
827.029	160.2	
827.206	130.1	
827.383	65.79	
827.56	125.8	
827.737	169.21	
827.914	170.85	
828.09	160.2	
828.267	206.49	
828.444	188.67	
828.621	160.61	
828.798	184.98	
828.975	120.47	
829.151	106.96	
829.328	73.98	
829.505	160.82	
829.682	73.98	
829.858	98.35	
830.035	124.16	
830.212	111.46	
830.389	58.01	
830.565	21.76	
830.742	51.86	
830.918	36.1	
831.095	51.86	
831.272	65.59	
831.448	74.8	
831.625	102.65	
831.801	136.24	
831.978	130.51	
832.154	77.46	
832.331	141.16	
832.507	87.09	
832.684	88.93	
832.86	115.76	
833.037	249.7	
833.213	208.33	
833.389	259.94	
833.566	167.58	
833.742	130.92	
833.918	26.67	
834.095	-42.96	
834.271	-115.04	
834.447	-8.55	
834.624	20.12	
834.8	45.93	
834.976	134.6	
835.152	166.96	
835.328	146.28	
835.505	168.19	
835.681	138.9	
835.857	47.77	
836.033	85.86	
836.209	85.66	
836.385	47.97	
836.561	93.23	
836.737	203	
836.913	128.46	
837.089	103.27	
837.265	122.93	
837.441	115.97	
837.617	90.57	
837.793	113.71	
837.969	132.15	
838.145	124.16	
838.321	115.35	
838.497	107.98	
838.673	167.17	
838.849	118.01	
839.025	152.83	
839.2	141.77	
839.376	193.99	
839.552	151.6	
839.728	161.64	
839.903	138.49	
840.079	193.38	
840.255	96.31	
840.431	193.79	
840.606	145.25	
840.782	217.75	
840.958	92.62	
841.133	116.38	
841.309	57.8	
841.484	163.48	
841.66	26.88	
841.835	46.13	
842.011	44.7	
842.186	53.91	
842.362	-14.9	
842.537	51.66	
842.713	54.94	
842.888	60.67	
843.064	-28.01	
843.239	-37.84	
843.415	-39.47	
843.59	29.95	
843.765	27.29	
843.941	108.8	
844.116	196.45	
844.291	134.6	
844.467	104.29	
844.642	118.42	
844.817	119.24	
844.992	43.06	
845.168	76.03	
845.343	111.26	
845.518	110.64	
845.693	99.58	
845.868	117.2	
846.043	78.49	
846.219	13.16	
846.394	87.5	
846.569	59.65	
846.744	31.79	
846.919	77.87	
847.094	200.96	
847.269	119.45	
847.444	114.53	
847.619	162.05	
847.794	235.36	
847.969	133.17	
848.144	194.61	
848.319	204.64	
848.494	180.48	
848.668	141.16	
848.843	163.27	
849.018	131.74	
849.193	130.3	
849.368	125.39	
849.542	117.4	
849.717	132.35	
849.892	136.65	
850.067	116.17	
850.241	166.76	
850.416	160.82	
850.591	182.93	
850.765	121.91	
850.94	191.13	
851.115	128.25	
851.289	123.34	
851.464	37.73	
851.639	66.81	
851.813	32.2	
851.988	99.17	
852.162	49.41	
852.337	82.79	
852.511	111.26	
852.686	170.44	
852.86	103.27	
853.035	119.04	
853.209	118.63	
853.383	153.24	
853.558	40.81	
853.732	113.1	
853.906	107.77	
854.081	140.75	
854.255	78.08	
854.429	112.28	
854.604	112.69	
854.778	235.77	
854.952	197.27	
855.126	218.57	
855.301	263.01	
855.475	201.78	
855.649	86.07	
855.823	82.38	
855.997	59.85	
856.171	45.52	
856.345	14.59	
856.52	38.35	
856.694	54.53	
856.868	106.14	
857.042	112.28	
857.216	178.63	
857.39	189.69	
857.564	190.31	
857.738	157.54	
857.912	113.1	
858.085	98.56	
858.259	102.24	
858.433	109.82	
858.607	54.32	
858.781	72.55	
858.955	44.9	
859.129	-6.71	
859.302	-21.45	
859.476	-8.76	
859.65	56.58	
859.824	27.29	
859.997	44.7	
860.171	117.81	
860.345	200.75	
860.519	111.05	
860.692	138.7	
860.866	185.19	
861.039	153.03	
861.213	103.27	
861.387	128.66	
861.56	141.36	
861.734	197.88	
861.907	176.79	
862.081	178.43	
862.254	205.67	
862.428	260.14	
862.601	162.05	
862.775	160.2	
862.948	232.29	
863.122	234.95	
863.295	169.42	
863.468	171.26	
863.642	148.53	
863.815	104.7	
863.988	58.83	
864.162	48.18	
864.335	18.48	
864.508	68.86	
864.682	58.83	
864.855	59.65	
865.028	67.02	
865.201	123.95	
865.374	35.48	
865.548	67.43	
865.721	85.04	
865.894	209.15	
866.067	155.08	
866.24	223.89	
866.413	229.83	
866.586	268.95	
866.759	117.81	
866.932	149.35	
867.105	119.86	
867.278	26.67	
867.451	-34.35	
867.624	47.56	
867.797	90.57	
867.97	126.82	
868.143	175.77	
868.316	182.53	
868.489	86.89	
868.661	61.9	
868.834	16.64	
869.007	48.59	
869.18	89.55	
869.353	150.99	
869.525	133.99	
869.698	119.65	
869.871	90.57	
870.044	90.57	
870.216	111.26	
870.389	92.62	
870.562	177	
870.734	237.41	
870.907	180.07	
871.079	189.28	
871.252	184.16	
871.425	195.22	
871.597	82.99	
871.77	182.32	
871.942	143.61	
872.115	158.36	
872.287	65.18	
872.459	106.55	
872.632	54.73	
872.804	47.97	
872.977	-24.32	
873.149	12.54	
873.321	-5.89	
873.494	-9.78	
873.666	14.18	
873.838	76.24	
874.011	55.76	
874.183	103.68	
874.355	90.16	
874.528	73.78	
874.7	75.62	
874.872	190.31	
875.044	184.57	
875.216	201.37	
875.388	267.52	
875.561	330.18	
875.733	160.61	
875.905	130.3	
876.077	65.79	
876.249	77.67	
876.421	-1.38	
876.593	5.58	
876.765	43.67	
876.937	143.61	
877.109	73.57	
877.281	109.82	
877.453	156.93	
877.625	126.21	
877.797	43.06	
877.968	8.24	
878.14	-14.28	
878.312	61.7	
878.484	10.5	
878.656	48.59	
878.828	62.31	
878.999	154.47	
879.171	50.02	
879.343	35.28	
879.515	28.72	
879.686	40.19	
879.858	-56.27	
880.03	-3.64	
880.201	64.56	
880.373	20.33	
880.545	23.19	
880.716	97.74	
880.888	137.06	
881.059	180.68	
881.231	192.97	
881.402	259.73	
881.574	223.07	
881.745	182.73	
881.917	102.24	
882.088	144.02	
882.26	63.74	
882.431	112.89	
882.602	29.95	
882.774	79.51	
882.945	17.25	
883.116	-3.43	
883.288	-74.7	
883.459	-4.45	
883.63	12.34	
883.802	60.26	
883.973	90.98	
884.144	137.88	
884.315	161.84	
884.487	157.54	
884.658	184.78	
884.829	213.65	
885	171.88	
885.171	185.6	
885.342	86.27	
885.513	31.39	
885.684	39.58	
885.855	92	
886.026	51.86	
886.197	146.07	
886.368	143.61	
886.539	157.34	
886.71	78.49	
886.881	99.58	
887.052	169.21	
887.223	220.21	
887.394	166.96	
887.565	227.58	
887.736	177.41	
887.907	107.77	
888.077	48.59	
888.248	13.57	
888.419	-16.54	
888.59	3.53	
888.761	42.85	
888.931	60.67	
889.102	147.5	
889.273	147.5	
889.443	122.72	
889.614	42.03	
889.785	75.62	
889.955	67.63	
890.126	25.86	
890.296	72.55	
890.467	90.16	
890.637	143	
890.808	98.15	
890.978	166.35	
891.149	165.94	
891.319	262.81	
891.49	199.73	
891.66	246.63	
891.831	203	
892.001	235.16	
892.172	106.55	
892.342	119.24	
892.512	85.45	
892.683	171.88	
892.853	134.6	
893.023	193.99	
893.193	166.35	
893.364	172.69	
893.534	143.41	
893.704	162.66	
893.874	180.27	
894.044	202.19	
894.215	189.9	
894.385	189.69	
894.555	182.12	
894.725	212.84	
894.895	136.24	
895.065	169.01	
895.235	164.09	
895.405	233.31	
895.575	149.76	
895.745	245.24	
895.915	261.37	
