177.618	-1219.99	
177.836	-1215.9	
178.054	-1217.74	
178.271	-926.72	
178.489	-601.71	
178.706	-394.25	
178.924	-169.59	
179.142	70.02	
179.359	43.4	
179.577	-92.99	
179.794	-65.55	
180.012	-68.62	
180.229	-122.69	
180.447	-80.71	
180.664	-35.04	
180.882	-19.06	
181.1	36.03	
181.317	35.62	
181.535	-31.15	
181.752	-12.71	
181.969	14.93	
182.187	-12.92	
182.404	29.27	
182.622	47.5	
182.839	82.11	
183.057	71.25	
183.274	44.42	
183.492	67.77	
183.709	86.41	
183.926	15.75	
184.144	-3.29	
184.361	69.61	
184.579	118.56	
184.796	64.29	
185.013	76.99	
185.231	37.87	
185.448	6.74	
185.666	-28.89	
185.883	-55.11	
186.1	-0.43	
186.317	82.31	
186.535	31.11	
186.752	-10.67	
186.969	73.51	
187.187	85.59	
187.404	-52.45	
187.621	54.66	
187.839	104.84	
188.056	69.2	
188.273	-48.55	
188.49	18.82	
188.708	-35.45	
188.925	-26.23	
189.142	-39.95	
189.359	4.08	
189.576	-8.41	
189.794	-30.53	
190.011	-73.74	
190.228	-59.2	
190.445	-46.1	
190.662	50.16	
190.879	71.25	
191.097	65.31	
191.314	119.58	
191.531	160.13	
191.748	47.7	
191.965	68.59	
192.182	80.26	
192.399	40.53	
192.616	46.68	
192.834	89.27	
193.051	76.17	
193.268	90.09	
193.485	53.64	
193.702	36.85	
193.919	18.01	
194.136	25.58	
194.353	12.89	
194.57	48.11	
194.787	55.89	
195.004	164.03	
195.221	118.56	
195.438	104.63	
195.655	93.98	
195.872	160.13	
196.089	43.81	
196.306	53.43	
196.523	90.09	
196.74	123.89	
196.957	-33.4	
197.173	4.49	
197.39	-5.96	
197.607	19.85	
197.824	-30.12	
198.041	71.25	
198.258	93.17	
198.475	168.33	
198.692	107.5	
198.909	66.34	
199.125	3.05	
199.342	3.05	
199.559	-60.64	
199.776	-21.93	
199.993	71.66	
200.21	107.5	
200.426	61.63	
200.643	66.34	
200.86	75.55	
201.077	102.79	
201.293	53.43	
201.51	61.22	
201.727	-23.16	
201.944	-128.83	
202.16	-207.68	
202.377	-190.89	
202.594	-201.95	
202.811	-107.54	
203.027	-67.8	
203.244	-63.91	
203.461	-53.47	
203.677	3.46	
203.894	-7.59	
204.111	15.34	
204.327	36.23	
204.544	34.8	
204.761	2.65	
204.977	-18.45	
205.194	-28.69	
205.41	3.67	
205.627	-1.45	
205.844	18.82	
206.06	27.22	
206.277	83.13	
206.493	64.7	
206.71	94.6	
206.926	97.26	
207.143	163.21	
207.36	30.5	
207.576	47.09	
207.793	88.05	
208.009	138.84	
208.226	81.49	
208.442	141.7	
208.659	119.58	
208.875	92.35	
209.092	-31.56	
209.308	-25.82	
209.524	-15.38	
209.741	76.37	
209.957	88.46	
210.174	123.07	
210.39	89.68	
210.607	129.82	
210.823	-33.81	
211.039	-103.85	
211.256	13.09	
211.472	-28.89	
211.688	-26.44	
211.905	60.19	
212.121	74.94	
212.338	-1.66	
212.554	73.1	
212.77	38.69	
212.987	37.46	
213.203	78.01	
213.419	61.01	
213.635	20.05	
213.852	-3.5	
214.068	-16.4	
214.284	-52.04	
214.501	17.8	
214.717	19.23	
214.933	95.42	
215.149	15.34	
215.365	-25.41	
215.582	-127.61	
215.798	-80.3	
216.014	-101.8	
216.23	-57.36	
216.447	5.72	
216.663	25.38	
216.879	-40.98	
217.095	-45.89	
217.311	8.79	
217.527	42.99	
217.743	14.73	
217.96	32.55	
218.176	37.46	
218.392	52	
218.608	4.69	
218.824	27.84	
219.04	28.86	
219.256	35.62	
219.472	-15.99	
219.688	-12.92	
219.904	18.82	
220.12	95.21	
220.336	50.77	
220.552	45.86	
220.768	110.57	
220.984	165.66	
221.2	60.81	
221.416	132.69	
221.632	119.58	
221.848	58.76	
222.064	-54.49	
222.28	-9.03	
222.496	-80.71	
222.712	37.05	
222.928	-9.23	
223.144	49.75	
223.36	49.13	
223.576	112.01	
223.792	13.7	
224.008	83.95	
224.224	100.74	
224.439	158.29	
224.655	116.92	
224.871	142.93	
225.087	152.15	
225.303	74.73	
225.519	41.35	
225.734	67.77	
225.95	57.33	
226.166	69.61	
226.382	121.02	
226.598	85.59	
226.813	141.7	
227.029	131.46	
227.245	68.59	
227.461	92.76	
227.677	150.3	
227.892	133.31	
228.108	130.85	
228.324	156.65	
228.539	58.15	
228.755	97.06	
228.971	14.93	
229.186	38.08	
229.402	45.86	
229.618	181.84	
229.833	61.22	
230.049	97.88	
230.265	54.66	
230.48	139.65	
230.696	52.21	
230.912	100.95	
231.127	108.12	
231.343	155.83	
231.558	24.56	
231.774	61.83	
231.99	137.81	
232.205	140.88	
232.421	77.19	
232.636	84.97	
232.852	53.23	
233.067	14.52	
233.283	-12.51	
233.498	30.7	
233.714	75.35	
233.929	109.96	
234.145	52.82	
234.36	75.14	
234.576	150.1	
234.791	195.56	
235.007	257	
235.222	350.19	
235.438	355.31	
235.653	368.62	
235.868	293.05	
236.084	212.56	
236.299	183.69	
236.515	198.23	
236.73	83.74	
236.945	112.21	
237.161	100.33	
237.376	69.41	
237.592	-4.73	
237.807	0.39	
238.022	24.15	
238.238	65.52	
238.453	6.95	
238.668	77.6	
238.883	32.55	
239.099	7.97	
239.314	-32.17	
239.529	37.67	
239.745	29.68	
239.96	136.79	
240.175	120.4	
240.39	189.62	
240.605	192.9	
240.821	164.84	
241.036	123.89	
241.251	214.41	
241.466	172.83	
241.681	165.66	
241.897	192.49	
242.112	205.19	
242.327	118.97	
242.542	130.23	
242.757	110.16	
242.972	150.92	
243.188	128.39	
243.403	153.58	
243.618	134.53	
243.833	118.15	
244.048	88.46	
244.263	122.45	
244.478	91.73	
244.693	68.39	
244.908	112.21	
245.123	117.74	
245.338	107.5	
245.553	162.59	
245.768	157.06	
245.983	164.43	
246.198	61.42	
246.413	92.14	
246.628	56.71	
246.843	50.77	
247.058	-22.54	
247.273	47.09	
247.488	2.24	
247.703	35.21	
247.918	37.46	
248.133	101.15	
248.348	61.22	
248.563	148.05	
248.778	105.25	
248.993	104.84	
249.207	181.23	
249.422	206.83	
249.637	57.94	
249.852	34.18	
250.067	55.07	
250.282	-27.05	
250.496	-61.87	
250.711	22.31	
250.926	40.53	
251.141	98.08	
251.356	72.07	
251.57	168.33	
251.785	187.99	
252	170.99	
252.215	122.86	
252.43	177.34	
252.644	144.77	
252.859	145.8	
253.074	151.53	
253.288	160.95	
253.503	113.03	
253.718	158.29	
253.932	213.59	
254.147	219.53	
254.362	220.55	
254.576	261.51	
254.791	192.08	
255.006	91.32	
255.22	147.85	
255.435	156.45	
255.65	169.96	
255.864	192.08	
256.079	175.49	
256.293	180.82	
256.508	136.38	
256.723	200.27	
256.937	134.33	
257.152	131.26	
257.366	68.79	
257.581	44.22	
257.795	-32.58	
258.01	76.99	
258.224	96.24	
258.439	118.36	
258.653	155.63	
258.868	152.35	
259.082	70.64	
259.297	55.89	
259.511	45.24	
259.726	29.06	
259.94	-37.9	
260.154	-61.05	
260.369	-25.62	
260.583	-3.5	
260.798	-61.87	
261.012	-2.47	
261.226	66.13	
261.441	99.51	
261.655	50.16	
261.869	127.37	
262.084	131.46	
262.298	101.15	
262.512	1.01	
262.727	8.58	
262.941	46.68	
263.155	7.77	
263.37	-28.69	
263.584	45.86	
263.798	82.11	
264.012	97.06	
264.227	90.91	
264.441	188.6	
264.655	148.26	
264.869	209.9	
265.084	128.39	
265.298	155.22	
265.512	81.29	
265.726	125.93	
265.94	50.16	
266.155	81.49	
266.369	93.98	
266.583	188.81	
266.797	139.86	
267.011	171.81	
267.225	213.79	
267.439	214	
267.654	119.17	
267.868	110.37	
268.082	39.51	
268.296	-76	
268.51	-130.06	
268.724	-104.67	
268.938	-132.32	
269.152	-51.42	
269.366	-8.21	
269.58	42.58	
269.794	21.49	
270.008	152.15	
270.222	72.28	
270.436	112.62	
270.65	83.34	
270.864	126.34	
271.078	57.33	
271.292	111.8	
271.506	164.03	
271.72	221.37	
271.934	209.08	
272.148	190.24	
272.362	170.37	
272.575	144.16	
272.789	103.41	
273.003	71.05	
273.217	138.84	
273.431	116.31	
273.645	52.82	
273.859	70.02	
274.073	149.69	
274.286	148.67	
274.5	179.38	
274.714	184.71	
274.928	222.19	
275.142	193.31	
275.355	170.99	
275.569	223.21	
275.783	315.37	
275.997	289.16	
276.21	278.92	
276.424	289.57	
276.638	220.14	
276.852	198.23	
277.065	116.92	
277.279	108.73	
277.493	80.67	
277.706	179.79	
277.92	139.24	
278.134	146.82	
278.347	127.98	
278.561	112.01	
278.775	65.72	
278.988	59.37	
279.202	133.72	
279.415	205.8	
279.629	189.42	
279.843	161.57	
280.056	268.88	
280.27	305.13	
280.483	193.93	
280.697	193.93	
280.91	242.05	
281.124	207.24	
281.337	124.5	
281.551	189.01	
281.764	203.35	
281.978	177.13	
282.191	81.08	
282.405	121.43	
282.618	93.37	
282.832	98.49	
283.045	65.31	
283.259	128.19	
283.472	114.05	
283.686	123.07	
283.899	86.61	
284.112	79.24	
284.326	126.34	
284.539	182.46	
284.752	187.37	
284.966	212.97	
285.179	268.47	
285.393	227.31	
285.606	108.12	
285.819	145.39	
286.033	116.72	
286.246	158.91	
286.459	97.47	
286.672	141.91	
286.886	89.27	
287.099	196.79	
287.312	37.46	
287.525	39.51	
287.739	51.18	
287.952	110.57	
288.165	88.46	
288.378	161.57	
288.592	187.99	
288.805	216.86	
289.018	203.96	
289.231	173.86	
289.444	232.84	
289.657	195.97	
289.871	146.82	
290.084	71.46	
290.297	102.18	
290.51	37.87	
290.723	23.74	
290.936	48.11	
291.149	86.2	
291.362	133.51	
291.575	133.92	
291.789	153.38	
292.002	179.59	
292.215	233.25	
292.428	81.49	
292.641	83.74	
292.854	99.31	
293.067	68.59	
293.28	-10.67	
293.493	7.97	
293.706	-44.05	
293.919	53.03	
294.132	15.55	
294.345	41.97	
294.558	74.12	
294.77	119.99	
294.983	20.46	
295.196	64.08	
295.409	134.12	
295.622	269.5	
295.835	265.19	
296.048	277.28	
296.261	298.17	
296.474	238.78	
296.686	84.77	
296.899	118.15	
297.112	150.92	
297.325	170.37	
297.538	208.88	
297.751	243.49	
297.963	257	
298.176	252.7	
298.389	204.37	
298.602	180.82	
298.814	234.48	
299.027	227.92	
299.24	211.13	
299.453	226.49	
299.665	214.81	
299.878	143.96	
300.091	90.3	
300.303	86.82	
300.516	73.91	
300.729	84.56	
300.941	120.4	
301.154	75.14	
301.367	51.39	
301.579	74.12	
301.792	84.77	
302.005	51.59	
302.217	75.96	
302.43	113.03	
302.642	61.22	
302.855	5.72	
303.067	-0.43	
303.28	96.85	
303.493	25.38	
303.705	109.75	
303.918	138.22	
304.13	192.49	
304.343	98.08	
304.555	161.77	
304.768	142.52	
304.98	195.77	
305.193	126.75	
305.405	155.01	
305.617	115.28	
305.83	142.11	
306.042	57.53	
306.255	69.82	
306.467	69	
306.68	53.64	
306.892	-17.83	
307.104	14.93	
307.317	41.97	
307.529	111.39	
307.741	140.06	
307.954	144.36	
308.166	131.05	
308.378	156.04	
308.591	103.41	
308.803	157.68	
309.015	251.47	
309.228	301.65	
309.44	240.82	
309.652	218.09	
309.864	162.39	
310.077	48.52	
310.289	-40.36	
310.501	-16.4	
310.713	17.8	
310.926	40.94	
311.138	8.99	
311.35	120.4	
311.562	63.67	
311.774	141.5	
311.986	84.97	
312.199	174.47	
312.411	77.19	
312.623	168.12	
312.835	72.69	
313.047	115.49	
313.259	135.35	
313.471	152.97	
313.683	118.56	
313.895	119.79	
314.108	95.62	
314.32	71.05	
314.532	22.92	
314.744	-0.02	
314.956	50.36	
315.168	112.01	
315.38	45.65	
315.592	109.75	
315.804	159.11	
316.016	193.72	
316.228	186.55	
316.44	278.71	
316.651	332.98	
316.863	318.85	
317.075	230.99	
317.287	170.37	
317.499	150.1	
317.711	102.59	
317.923	96.44	
318.135	43.6	
318.347	93.37	
318.559	121.63	
318.77	144.16	
318.982	127.37	
319.194	187.78	
319.406	191.88	
319.618	97.26	
319.83	24.97	
320.041	36.85	
320.253	34.18	
320.465	-32.17	
320.677	37.46	
320.888	79.24	
321.1	71.87	
321.312	92.14	
321.524	118.77	
321.735	58.55	
321.947	41.35	
322.159	-8.82	
322.37	-67.19	
322.582	-33.81	
322.794	23.12	
323.005	61.83	
323.217	112.42	
323.429	91.94	
323.64	130.44	
323.852	82.31	
324.063	34.59	
324.275	86.61	
324.487	181.64	
324.698	99.51	
324.91	164.64	
325.121	159.72	
325.333	71.05	
325.544	-6.37	
325.756	80.88	
325.967	17.6	
326.179	94.8	
326.39	134.74	
326.602	173.45	
326.813	74.32	
327.025	109.14	
327.236	31.52	
327.448	-7.39	
327.659	-51.22	
327.871	23.33	
328.082	7.97	
328.293	65.93	
328.505	117.33	
328.716	182.25	
328.928	125.73	
329.139	191.47	
329.35	160.75	
329.562	195.36	
329.773	168.94	
329.984	186.55	
330.196	125.73	
330.407	200.07	
330.618	118.56	
330.83	116.92	
331.041	115.28	
331.252	135.15	
331.463	69.2	
331.675	145.39	
331.886	190.44	
332.097	204.98	
332.308	156.04	
332.52	140.88	
332.731	95.01	
332.942	96.03	
333.153	126.34	
333.364	145.59	
333.575	161.16	
333.787	224.85	
333.998	116.31	
334.209	122.45	
334.42	100.95	
334.631	98.29	
334.842	63.67	
335.053	151.33	
335.264	99.31	
335.475	130.64	
335.686	134.74	
335.898	108.93	
336.109	50.77	
336.32	70.02	
336.531	54.46	
336.742	27.02	
336.953	21.49	
337.164	50.77	
337.375	16.16	
337.586	15.14	
337.797	-5.55	
338.007	82.52	
338.218	37.87	
338.429	77.81	
338.64	69.2	
338.851	121.02	
339.062	21.69	
339.273	120.4	
339.484	62.45	
339.695	14.11	
339.906	-16.61	
340.116	42.58	
340.327	33.98	
340.538	75.14	
340.749	122.04	
340.96	96.24	
341.171	61.01	
341.381	25.17	
341.592	22.92	
341.803	29.68	
342.014	91.94	
342.224	129.21	
342.435	119.38	
342.646	70.43	
342.857	57.33	
343.067	24.97	
343.278	-20.91	
343.489	4.28	
343.699	53.23	
343.91	84.15	
344.121	70.23	
344.331	67.36	
344.542	27.43	
344.753	76.78	
344.963	66.34	
345.174	98.7	
345.384	134.12	
345.595	210.92	
345.806	165.87	
346.016	139.04	
346.227	156.45	
346.437	196.79	
346.648	124.09	
346.858	159.72	
347.069	133.51	
347.279	137.2	
347.49	50.98	
347.7	98.49	
347.911	5.51	
348.121	71.46	
348.332	47.29	
348.542	16.78	
348.753	5.51	
348.963	90.71	
349.173	81.9	
349.384	143.55	
349.594	239.19	
349.805	245.33	
350.015	167.51	
350.225	169.76	
350.436	136.38	
350.646	154.81	
350.856	133.92	
351.067	177.95	
351.277	107.71	
351.487	66.95	
351.698	-40.57	
351.908	-22.54	
352.118	-13.74	
352.328	55.48	
352.539	135.56	
352.749	192.9	
352.959	194.34	
353.169	212.77	
353.38	225.67	
353.59	207.65	
353.8	212.77	
354.01	240.41	
354.22	231.81	
354.431	280.96	
354.641	276.25	
354.851	359.61	
355.061	335.24	
355.271	445.01	
355.481	450.95	
355.691	498.66	
355.901	431.08	
356.111	482.48	
356.321	450.33	
356.532	446.03	
356.742	399.95	
356.952	447.26	
357.162	485.15	
357.372	502.76	
357.582	488.42	
357.792	500.51	
358.002	507.88	
358.212	596.56	
358.422	659.43	
358.632	718.62	
358.842	797.87	
359.051	921.16	
359.261	880.61	
359.471	886.75	
359.681	959.87	
359.891	989.56	
360.101	950.04	
360.311	999.39	
360.521	1041.17	
360.731	1158.11	
360.94	1240.03	
361.15	1389.94	
361.36	1537.6	
361.57	1659.25	
361.78	1741.58	
361.989	1894.15	
362.199	1983.24	
362.409	2109.6	
362.619	2213.22	
362.828	2405.94	
363.038	2496.25	
363.248	2648.62	
363.458	2710.88	
363.667	2856.69	
363.877	2910.35	
364.087	3042.45	
364.296	3126.82	
364.506	3320.76	
364.716	3442	
364.925	3559.76	
365.135	3662.37	
365.345	3799.37	
365.554	3897.88	
365.764	4131.96	
365.973	4246.45	
366.183	4461.48	
366.393	4555.08	
366.602	4617.95	
366.812	4467.22	
367.021	4533.78	
367.231	4415.4	
367.44	4399.43	
367.65	4391.85	
367.859	4459.43	
368.069	4388.58	
368.278	4462.71	
368.488	4433.63	
368.697	4316.9	
368.907	4220.85	
369.116	4269.59	
369.326	4144.66	
369.535	4073.19	
369.744	4053.12	
369.954	4018.71	
370.163	3836.85	
370.373	3795.48	
370.582	3701.48	
370.791	3652.13	
371.001	3565.29	
371.21	3535.6	
371.419	3429.92	
371.629	3395.92	
371.838	3365	
372.047	3438.52	
372.256	3345.14	
372.466	3334.69	
372.675	3207.51	
372.884	3122.73	
373.093	2922.23	
373.303	2973.63	
373.512	2898.68	
373.721	2928.37	
373.93	2809.18	
374.139	2875.13	
374.349	2704.12	
374.558	2694.7	
374.767	2556.67	
374.976	2550.32	
375.185	2436.45	
375.394	2375.01	
375.603	2280.19	
375.813	2277.32	
376.022	2164.28	
376.231	2039.35	
376.44	1978.12	
376.649	1944.94	
376.858	1858.92	
377.067	1805.88	
377.276	1789.5	
377.485	1737.48	
377.694	1623.61	
377.903	1582.04	
378.112	1518.55	
378.321	1500.53	
378.53	1464.08	
378.739	1431.51	
378.948	1344.47	
379.157	1324.81	
379.366	1244.12	
379.575	1177.16	
379.784	1096.87	
379.992	1091.55	
380.201	1074.14	
380.41	1017.62	
380.619	969.08	
380.828	961.3	
381.037	911.94	
381.246	797.87	
381.454	694.65	
381.663	713.5	
381.872	638.54	
382.081	690.56	
382.29	749.13	
382.498	821.83	
382.707	788.86	
382.916	821.22	
383.125	691.58	
383.333	648.37	
383.542	633.42	
383.751	604.54	
383.959	633.83	
384.168	664.75	
384.377	707.56	
384.585	658.4	
384.794	597.17	
385.003	541.47	
385.211	544.33	
385.42	474.5	
385.628	490.68	
385.837	523.24	
386.046	568.7	
386.254	630.96	
386.463	613.55	
386.671	643.25	
386.88	627.07	
387.088	556.01	
387.297	480.85	
387.505	507.88	
387.714	399.95	
387.922	343.63	
388.131	280.35	
388.339	291.82	
388.548	225.05	
388.756	286.49	
388.965	322.33	
389.173	311.27	
389.381	281.58	
389.59	329.3	
389.798	317.83	
390.007	372.92	
390.215	411.01	
390.423	467.12	
390.632	450.95	
390.84	463.23	
391.048	381.31	
391.257	367.18	
391.465	258.03	
391.673	245.12	
391.882	205.19	
392.09	171.19	
392.298	180.41	
392.506	182.66	
392.715	145.39	
392.923	194.95	
393.131	248.61	
393.339	262.74	
393.547	232.02	
393.756	261.3	
393.964	179.38	
394.172	146.82	
394.38	100.54	
394.588	208.26	
394.796	181.02	
395.005	196.18	
395.213	183.07	
395.421	253.52	
395.629	157.06	
395.837	147.44	
396.045	141.5	
396.253	159.93	
396.461	95.83	
396.669	155.01	
396.877	177.54	
397.085	201.91	
397.293	203.55	
397.501	220.55	
397.709	185.32	
397.917	181.64	
398.125	172.22	
398.333	172.01	
398.541	99.92	
398.749	91.12	
398.957	61.42	
399.165	7.97	
399.373	12.89	
399.581	66.54	
399.788	92.76	
399.996	70.02	
400.204	103.61	
400.412	75.55	
400.62	8.17	
400.828	-2.68	
401.035	50.16	
401.243	73.71	
401.451	89.48	
401.659	109.55	
401.867	127.37	
402.074	91.32	
402.282	44.63	
402.49	-4.93	
402.697	96.65	
402.905	41.56	
403.113	71.05	
403.321	17.8	
403.528	41.76	
403.736	-20.5	
403.944	29.27	
404.151	-15.58	
404.359	1.83	
404.566	-2.47	
404.774	7.97	
404.982	-37.49	
405.189	-20.09	
405.397	-43.43	
405.604	-18.24	
405.812	25.58	
406.02	-17.42	
406.227	24.15	
406.435	81.9	
406.642	110.16	
406.85	49.75	
407.057	128.39	
407.265	127.98	
407.472	170.78	
407.679	123.89	
407.887	124.5	
408.094	78.83	
408.302	7.77	
408.509	-17.22	
408.717	7.15	
408.924	-4.11	
409.131	50.16	
409.339	84.77	
409.546	93.78	
409.753	71.66	
409.961	152.56	
410.168	135.97	
410.375	171.4	
410.583	148.05	
410.79	182.25	
410.997	116.72	
411.205	103.81	
411.412	80.47	
411.619	122.45	
411.826	83.95	
412.034	138.22	
412.241	163.82	
412.448	167.1	
412.655	77.4	
412.862	114.87	
413.07	31.32	
413.277	-20.09	
413.484	-57.97	
413.691	3.46	
413.898	-61.66	
414.105	-84.6	
414.312	-105.08	
414.519	-92.18	
414.727	-116.34	
414.934	-57.36	
415.141	5.1	
415.348	59.37	
415.555	27.84	
415.762	31.73	
415.969	-69.24	
416.176	-92.79	
416.383	-94.02	
416.59	-98.52	
416.797	-132.32	
417.004	-48.96	
417.211	-49.17	
417.418	-27.26	
417.625	13.91	
417.831	35.21	
418.038	19.44	
418.245	40.94	
418.452	-12.92	
418.659	-40.16	
418.866	-37.49	
419.073	-27.05	
419.28	-106.92	
419.486	6.54	
419.693	0.19	
419.9	7.36	
420.107	11.86	
420.314	93.98	
420.52	10.84	
420.727	125.11	
420.934	127.98	
421.141	79.85	
421.347	69	
421.554	76.37	
421.761	-76.61	
421.967	-51.63	
422.174	22.72	
422.381	23.12	
422.588	-27.46	
422.794	-7.18	
423.001	50.36	
423.207	0.6	
423.414	-16.61	
423.621	1.62	
423.827	85.79	
424.034	57.12	
424.24	88.25	
424.447	77.19	
424.654	5.51	
424.86	-46.51	
425.067	-126.38	
425.273	-158.94	
425.48	-70.88	
425.686	36.64	
425.893	77.19	
426.099	99.92	
426.306	136.79	
426.512	92.14	
426.718	108.93	
426.925	65.11	
427.131	33.16	
427.338	19.85	
427.544	-16.4	
427.75	-83.57	
427.957	-113.68	
428.163	-90.95	
428.37	-110.81	
428.576	-71.29	
428.782	-71.08	
428.988	36.85	
429.195	57.33	
429.401	53.23	
429.607	52.82	
429.814	172.22	
430.02	82.31	
430.226	31.52	
430.432	24.97	
430.639	36.64	
430.845	-2.27	
431.051	48.72	
431.257	117.74	
431.463	125.32	
431.67	63.06	
431.876	-22.75	
432.082	-69.03	
432.288	-47.94	
432.494	-37.49	
432.7	-5.96	
432.906	7.77	
433.112	25.17	
433.318	29.88	
433.525	51.59	
433.731	32.75	
433.937	95.42	
434.143	63.47	
434.349	44.01	
434.555	10.84	
434.761	42.79	
434.967	-38.72	
435.173	3.26	
435.379	-16.61	
435.585	67.57	
435.791	90.71	
435.996	163.41	
436.202	167.92	
436.408	163.41	
436.614	77.6	
436.82	62.86	
437.026	13.7	
437.232	61.01	
437.438	19.64	
437.644	-25	
437.849	-34.01	
438.055	-29.3	
438.261	-73.13	
438.467	-81.94	
438.673	-6.16	
438.878	-67.19	
439.084	-49.99	
439.29	-32.37	
439.496	17.39	
439.701	15.55	
439.907	-3.7	
440.113	-11.69	
440.318	-6.98	
440.524	-41.59	
440.73	-64.32	
440.935	-6.16	
441.141	-34.83	
441.347	53.23	
441.552	28.86	
441.758	66.95	
441.964	4.69	
442.169	73.1	
442.375	-59.2	
442.58	33.36	
442.786	40.94	
442.991	87.84	
443.197	-30.33	
443.402	28.86	
443.608	44.42	
443.813	95.42	
444.019	134.94	
444.224	199.05	
444.43	126.96	
444.635	135.76	
444.841	37.26	
445.046	58.15	
445.252	45.65	
445.457	77.4	
445.662	-26.23	
445.868	-33.6	
446.073	-83.16	
446.278	-112.25	
446.484	-125.35	
446.689	-106.92	
446.894	-118.59	
447.1	-142.76	
447.305	-68.21	
447.51	-1.86	
447.716	-12.3	
447.921	14.93	
448.126	75.76	
448.331	7.97	
448.537	-15.58	
448.742	69.82	
448.947	17.39	
449.152	-46.71	
449.357	16.37	
449.563	-12.71	
449.768	-82.55	
449.973	-42.21	
450.178	3.67	
450.383	-92.99	
450.588	-92.99	
450.793	-70.26	
450.999	-14.35	
451.204	-48.14	
451.409	-5.14	
451.614	-10.67	
451.819	-2.88	
452.024	-43.23	
452.229	3.26	
452.434	96.24	
452.639	61.22	
452.844	88.46	
453.049	31.11	
453.254	-42	
453.459	-91.56	
453.664	-8.21	
453.869	-69.85	
454.074	19.03	
454.279	84.77	
454.483	19.23	
454.688	-38.72	
454.893	16.98	
455.098	-9.03	
455.303	-31.76	
455.508	31.52	
455.713	44.22	
455.917	-24.59	
456.122	13.09	
456.327	-23.16	
456.532	65.72	
456.737	3.46	
456.941	56.3	
457.146	17.39	
457.351	36.85	
457.555	-76.41	
457.76	29.06	
457.965	43.2	
458.17	67.77	
458.374	111.39	
458.579	201.09	
458.784	115.49	
458.988	63.88	
459.193	50.16	
459.397	27.84	
459.602	-56.54	
459.807	46.68	
460.011	53.84	
460.216	60.81	
460.42	-11.69	
460.625	-75.59	
460.829	-98.52	
461.034	-130.06	
461.239	-190.48	
461.443	-104.67	
461.648	-13.33	
461.852	-79.27	
462.056	-4.73	
462.261	24.76	
462.465	69.82	
462.67	61.01	
462.874	101.36	
463.079	52.62	
463.283	58.96	
463.487	23.94	
463.692	24.76	
463.896	-32.99	
464.1	-14.56	
464.305	-15.99	
464.509	-20.91	
464.713	28.86	
464.918	148.87	
465.122	193.11	
465.326	146.82	
465.531	98.7	
465.735	33.36	
465.939	-20.09	
466.143	-66.78	
466.348	-43.23	
466.552	-72.52	
466.756	-24.59	
466.96	-11.08	
467.164	29.06	
467.368	56.3	
467.573	151.33	
467.777	100.74	
467.981	58.76	
468.185	-13.53	
468.389	-15.99	
468.593	-153	
468.797	-214.23	
469.001	-175.32	
469.205	-153	
469.409	-136	
469.613	-41.59	
469.817	34.8	
470.021	20.46	
470.225	58.76	
470.429	22.51	
470.633	27.22	
470.837	22.31	
471.041	25.99	
471.245	-41.59	
471.449	-8.21	
471.653	6.13	
471.857	43.2	
472.061	-22.75	
472.265	18.21	
472.469	33.16	
472.673	-8	
472.876	-27.26	
473.08	12.27	
473.284	41.97	
473.488	16.98	
473.692	47.5	
473.895	73.1	
474.099	98.7	
474.303	111.8	
474.507	124.91	
474.71	139.04	
474.914	71.87	
475.118	53.23	
475.322	48.93	
475.525	-48.55	
475.729	-54.29	
475.933	-61.25	
476.136	28.24	
476.34	56.51	
476.543	217.89	
476.747	214	
476.951	292.64	
477.154	187.99	
477.358	192.08	
477.561	88.05	
477.765	96.03	
477.969	19.23	
478.172	42.99	
478.376	21.9	
478.579	51.39	
478.783	30.09	
478.986	63.06	
479.19	54.05	
479.393	63.27	
479.596	85.59	
479.8	104.22	
480.003	55.89	
480.207	64.9	
480.41	22.31	
480.614	28.86	
480.817	1.21	
481.02	117.54	
481.224	148.46	
481.427	205.8	
481.63	195.56	
481.834	259.46	
482.037	137.81	
482.24	91.32	
482.443	61.01	
482.647	23.12	
482.85	-22.95	
483.053	85.79	
483.256	19.85	
483.46	15.14	
483.663	16.78	
483.866	27.02	
484.069	-29.3	
484.272	22.51	
484.476	6.33	
484.679	41.97	
484.882	104.02	
485.085	55.89	
485.288	65.93	
485.491	98.7	
485.694	24.76	
485.897	-51.63	
486.101	-5.34	
486.304	60.6	
486.507	-33.81	
486.71	5.31	
486.913	15.55	
487.116	0.6	
487.319	-65.14	
487.522	-11.9	
487.725	60.4	
487.928	76.37	
488.13	69.82	
488.333	87.43	
488.536	95.42	
488.739	24.15	
488.942	46.27	
489.145	47.91	
489.348	31.73	
489.551	-0.43	
489.754	40.53	
489.956	-19.27	
490.159	-30.33	
490.362	-75.38	
490.565	-102.42	
490.768	-148.7	
490.97	-73.33	
491.173	-43.23	
491.376	-4.52	
491.579	38.08	
491.781	110.98	
491.984	53.03	
492.187	83.95	
492.39	74.32	
492.592	72.89	
492.795	83.54	
492.998	49.54	
493.2	9.2	
493.403	63.06	
493.605	128.6	
493.808	70.23	
494.011	60.19	
494.213	41.35	
494.416	21.9	
494.618	-67.4	
494.821	-127.2	
495.023	-35.65	
495.226	29.27	
495.428	20.46	
495.631	80.47	
495.833	136.99	
496.036	89.27	
496.238	36.44	
496.441	83.74	
496.643	29.68	
496.846	23.53	
497.048	47.91	
497.25	129	
497.453	110.78	
497.655	201.09	
497.858	303.7	
498.06	287.31	
498.262	191.06	
498.465	180	
498.667	151.74	
498.869	69.41	
499.071	66.34	
499.274	135.35	
499.476	139.86	
499.678	75.55	
499.881	46.06	
500.083	66.34	
500.285	-29.51	
500.487	-27.26	
500.689	2.85	
500.892	-34.83	
501.094	-108.97	
501.296	-15.79	
501.498	-47.94	
501.7	-80.71	
501.902	-6.37	
502.104	72.07	
502.306	20.87	
502.509	65.72	
502.711	72.07	
502.913	58.96	
503.115	-21.93	
503.317	28.86	
503.519	-26.03	
503.721	43.2	
503.923	110.98	
504.125	164.84	
504.327	168.33	
504.529	237.55	
504.731	155.83	
504.933	122.45	
505.134	84.15	
505.336	71.87	
505.538	34.8	
505.74	41.15	
505.942	-10.67	
506.144	-12.1	
506.346	-45.07	
506.548	45.24	
506.749	82.93	
506.951	136.17	
507.153	143.96	
507.355	141.91	
507.557	51.8	
507.758	76.99	
507.96	-11.49	
508.162	38.08	
508.363	60.81	
508.565	101.36	
508.767	36.44	
508.969	84.77	
509.17	103.2	
509.372	74.53	
509.574	-11.9	
509.775	27.02	
509.977	3.26	
510.178	29.27	
510.38	68.59	
510.582	123.89	
510.783	67.98	
510.985	82.31	
511.186	-10.05	
511.388	18.62	
511.589	53.64	
511.791	43.2	
511.992	32.96	
512.194	58.55	
512.395	-60.64	
512.597	-65.76	
512.798	-25	
513	25.58	
513.201	51.18	
513.403	186.76	
513.604	122.45	
513.805	126.96	
514.007	93.98	
514.208	21.9	
514.409	-64.73	
514.611	-59	
514.812	-17.02	
515.013	49.75	
515.215	109.55	
515.416	86.41	
515.617	81.49	
515.819	2.03	
516.02	-63.71	
516.221	-51.83	
516.422	-18.45	
516.623	-20.91	
516.825	-1.86	
517.026	11.04	
517.227	-31.76	
517.428	-71.08	
517.629	-36.27	
517.83	-12.3	
518.032	19.44	
518.233	82.31	
518.434	139.45	
518.635	186.96	
518.836	201.71	
519.037	145.39	
519.238	127.37	
519.439	127.16	
519.64	55.69	
519.841	64.9	
520.042	66.95	
520.243	45.24	
520.444	9.81	
520.645	7.77	
520.846	-56.95	
521.047	-46.1	
521.248	-68.42	
521.449	-9.64	
521.65	-7.18	
521.851	111.6	
522.052	76.58	
522.252	123.68	
522.453	131.05	
522.654	111.19	
522.855	35.62	
523.056	39.3	
523.257	19.23	
523.457	-9.44	
523.658	26.4	
523.859	15.34	
524.06	-17.83	
524.26	-64.53	
524.461	-59.82	
524.662	-60.43	
524.862	-96.89	
525.063	-16.61	
525.264	40.94	
525.464	15.34	
525.665	30.91	
525.866	169.55	
526.066	113.24	
526.267	108.12	
526.468	102.79	
526.668	76.17	
526.869	-23.16	
527.069	16.37	
527.27	18.62	
527.47	74.53	
527.671	61.01	
527.871	48.93	
528.072	79.44	
528.272	74.12	
528.473	66.54	
528.673	130.85	
528.874	151.12	
529.074	163.62	
529.275	172.42	
529.475	190.44	
529.675	104.84	
529.876	128.39	
530.076	39.71	
530.277	19.23	
530.477	-10.05	
530.677	-9.44	
530.878	-60.64	
531.078	44.83	
531.278	12.07	
531.478	-7.59	
531.679	9.81	
531.879	39.1	
532.079	-7.39	
532.28	40.94	
532.48	10.02	
532.68	28.65	
532.88	54.46	
533.08	74.94	
533.28	58.96	
533.481	94.6	
533.681	89.68	
533.881	91.73	
534.081	55.07	
534.281	78.62	
534.481	93.37	
534.681	163.62	
534.881	182.25	
535.081	164.43	
535.281	129	
535.481	164.43	
535.682	108.12	
535.882	46.68	
536.082	142.73	
536.281	155.42	
536.481	192.08	
536.681	195.77	
536.881	203.55	
537.081	86.82	
537.281	83.54	
537.481	-44.46	
537.681	-80.09	
537.881	-131.29	
538.081	-10.05	
538.281	40.12	
538.48	28.24	
538.68	82.11	
538.88	205.8	
539.08	183.28	
539.28	113.03	
539.479	202.94	
539.679	157.88	
539.879	74.53	
540.079	14.73	
540.278	43.6	
540.478	-49.99	
540.678	-53.47	
540.877	8.38	
541.077	-31.97	
541.277	-28.69	
541.476	106.07	
541.676	137.2	
541.876	151.74	
542.075	229.97	
542.275	184.1	
542.474	98.49	
542.674	122.66	
542.874	69.2	
543.073	29.47	
543.273	77.81	
543.472	88.86	
543.672	58.76	
543.871	16.57	
544.071	11.04	
544.27	36.23	
544.47	36.44	
544.669	55.48	
544.868	89.89	
545.068	98.49	
545.267	65.31	
545.467	174.67	
545.666	112.83	
545.865	150.51	
546.065	108.53	
546.264	109.55	
546.463	-17.83	
546.663	14.32	
546.862	-20.29	
547.061	48.11	
547.261	74.73	
547.46	138.02	
547.659	125.73	
547.858	218.5	
548.058	216.66	
548.257	231.4	
548.456	201.71	
548.655	231.2	
548.854	156.86	
549.053	192.9	
549.253	131.26	
549.452	116.92	
549.651	124.91	
549.85	197.2	
550.049	151.53	
550.248	157.68	
550.447	184.91	
550.646	190.65	
550.845	143.34	
551.044	133.72	
551.243	131.05	
551.442	132.28	
551.641	127.16	
551.84	160.75	
552.039	176.31	
552.238	192.49	
552.437	158.7	
552.636	143.55	
552.835	78.01	
553.034	129	
553.233	143.75	
553.432	167.51	
553.63	155.42	
553.829	188.81	
554.028	91.12	
554.227	97.26	
554.426	107.91	
554.625	147.44	
554.823	111.6	
555.022	164.03	
555.221	185.53	
555.42	172.01	
555.618	188.4	
555.817	195.15	
556.016	177.13	
556.214	153.58	
556.413	150.92	
556.612	104.84	
556.81	93.78	
557.009	94.39	
557.208	78.22	
557.406	78.42	
557.605	65.31	
557.803	55.48	
558.002	38.69	
558.201	-40.77	
558.399	-56.34	
558.598	-97.3	
558.796	-83.16	
558.995	-86.24	
559.193	-11.28	
559.392	-31.15	
559.59	44.22	
559.789	64.08	
559.987	100.74	
560.185	147.85	
560.384	138.84	
560.582	140.88	
560.781	154.19	
560.979	148.26	
561.177	71.25	
561.376	109.55	
561.574	133.31	
561.772	-38.72	
561.971	181.84	
562.169	216.45	
562.367	166.07	
562.566	155.22	
562.764	234.07	
562.962	-22.34	
563.16	-77.43	
563.358	-36.68	
563.557	-33.81	
563.755	31.73	
563.953	65.52	
564.151	109.96	
564.349	139.86	
564.547	142.93	
564.746	118.15	
564.944	109.34	
565.142	101.56	
565.34	43.6	
565.538	-24.39	
565.736	16.16	
565.934	-19.68	
566.132	1.01	
566.33	36.23	
566.528	147.03	
566.726	98.49	
566.924	145.39	
567.122	83.54	
567.32	53.43	
567.518	-25.62	
567.716	-27.87	
567.914	-21.11	
568.112	5.31	
568.31	66.54	
568.507	117.13	
568.705	63.06	
568.903	41.56	
569.101	112.83	
569.299	170.99	
569.497	155.63	
569.694	241.85	
569.892	223.42	
570.09	194.54	
570.288	85.59	
570.486	70.23	
570.683	39.51	
570.881	-12.92	
571.079	-63.5	
571.276	-28.28	
571.474	-59.2	
571.672	-89.72	
571.869	-16.2	
572.067	24.56	
572.265	18.21	
572.462	62.65	
572.66	148.46	
572.857	169.76	
573.055	202.12	
573.253	191.88	
573.45	169.96	
573.648	161.57	
573.845	130.64	
574.043	101.36	
574.24	97.88	
574.438	44.22	
574.635	-5.75	
574.832	-53.47	
575.03	-14.76	
575.227	78.22	
575.425	85.18	
575.622	56.1	
575.82	81.9	
576.017	118.56	
576.214	25.58	
576.412	57.33	
576.609	33.57	
576.806	30.29	
577.004	-88.69	
577.201	-64.12	
577.398	-6.98	
577.595	111.8	
577.793	115.69	
577.99	164.43	
578.187	134.12	
578.384	94.6	
578.582	24.15	
578.779	91.12	
578.976	132.9	
579.173	196.38	
579.37	176.72	
579.567	191.67	
579.764	151.94	
579.962	126.14	
580.159	66.54	
580.356	128.6	
580.553	178.57	
580.75	224.65	
580.947	226.69	
581.144	290.38	
581.341	257.21	
581.538	265.81	
581.735	184.5	
581.932	174.67	
582.129	83.95	
582.326	100.33	
582.523	36.03	
582.72	37.26	
582.916	11.25	
583.113	13.7	
583.31	-35.24	
583.507	-11.28	
583.704	106.27	
583.901	175.7	
584.098	186.76	
584.294	214.2	
584.491	187.99	
584.688	146.82	
584.885	63.88	
585.082	143.96	
585.278	183.48	
585.475	223.83	
585.672	157.88	
585.868	174.47	
586.065	119.38	
586.262	30.7	
586.458	53.64	
586.655	88.86	
586.852	84.56	
587.048	82.93	
587.245	53.23	
587.442	79.03	
587.638	118.36	
587.835	192.49	
588.031	197.41	
588.228	263.97	
588.424	210.31	
588.621	192.29	
588.817	122.25	
589.014	187.17	
589.21	204.17	
589.407	190.65	
589.603	118.77	
589.8	185.12	
589.996	132.69	
590.192	116.1	
590.389	131.87	
590.585	129	
590.782	27.84	
590.978	73.3	
591.174	31.52	
591.371	35.41	
591.567	78.83	
591.763	114.26	
591.959	84.56	
592.156	133.92	
592.352	121.22	
592.548	168.33	
592.744	173.45	
592.941	116.1	
593.137	82.93	
593.333	47.09	
593.529	7.36	
593.725	20.05	
593.922	33.16	
594.118	120.2	
594.314	88.46	
594.51	129	
594.706	109.75	
594.902	159.31	
595.098	72.28	
595.294	94.19	
595.49	3.05	
595.686	54.66	
595.882	-48.14	
596.078	19.85	
596.274	68.79	
596.47	172.01	
596.666	118.36	
596.862	165.25	
597.058	151.74	
597.254	186.76	
597.45	84.15	
597.646	120.4	
597.842	125.11	
598.037	182.66	
598.233	151.74	
598.429	221.78	
598.625	156.04	
598.821	145.8	
599.017	27.43	
599.212	73.71	
599.408	77.81	
599.604	94.19	
599.8	90.71	
599.995	73.51	
600.191	16.37	
600.387	-40.98	
600.582	0.19	
600.778	81.29	
600.974	168.33	
601.169	161.57	
601.365	194.13	
601.561	105.04	
601.756	17.6	
601.952	-9.64	
602.147	-60.02	
602.343	-61.87	
602.538	50.98	
602.734	95.21	
602.93	73.91	
603.125	116.92	
603.321	118.56	
603.516	90.71	
603.711	72.28	
603.907	94.19	
604.102	117.13	
604.298	166.07	
604.493	151.33	
604.689	199.25	
604.884	204.98	
605.079	225.67	
605.275	148.26	
605.47	148.05	
605.665	125.11	
605.861	189.83	
606.056	137.61	
606.251	101.36	
606.447	106.89	
606.642	113.24	
606.837	-10.87	
607.032	79.65	
607.227	108.53	
607.423	116.51	
607.618	66.95	
607.813	84.56	
608.008	14.11	
608.203	89.89	
608.398	119.38	
608.594	98.29	
608.789	120.81	
608.984	155.42	
609.179	98.9	
609.374	57.53	
609.569	122.86	
609.764	87.23	
609.959	58.15	
610.154	63.67	
610.349	71.25	
610.544	66.54	
610.739	110.16	
610.934	138.02	
611.129	229.77	
611.324	256.18	
611.519	278.71	
611.714	295.91	
611.909	245.94	
612.103	242.05	
612.298	250.65	
612.493	211.95	
612.688	223.62	
612.883	304.93	
613.078	179.38	
613.272	189.42	
613.467	249.63	
613.662	274.82	
613.857	250.65	
614.051	354.49	
614.246	283.83	
614.441	221.57	
614.635	86.61	
614.83	35.41	
615.025	-61.05	
615.219	-40.57	
615.414	-118.8	
615.609	-71.08	
615.803	-71.49	
615.998	67.16	
616.192	67.98	
616.387	153.58	
616.582	249.43	
616.776	304.93	
616.971	218.5	
617.165	206.83	
617.36	151.74	
617.554	100.33	
617.749	76.58	
617.943	77.19	
618.138	111.8	
618.332	168.94	
618.526	115.9	
618.721	98.7	
618.915	114.87	
619.11	126.34	
619.304	46.27	
619.498	57.94	
619.693	105.45	
619.887	95.21	
620.081	21.9	
620.275	73.71	
620.47	119.99	
620.664	130.85	
620.858	72.48	
621.052	97.47	
621.247	122.45	
621.441	121.84	
621.635	71.05	
621.829	140.06	
622.023	148.46	
622.218	194.95	
622.412	150.92	
622.606	131.87	
622.8	115.08	
622.994	98.49	
623.188	-5.14	
623.382	22.51	
623.576	15.34	
623.77	-29.51	
623.964	-24.18	
624.158	21.69	
624.352	-39.13	
624.546	17.6	
624.74	78.83	
624.934	60.81	
625.128	78.83	
625.322	126.55	
625.516	115.08	
625.71	58.96	
625.904	43.6	
626.098	84.56	
626.291	122.04	
626.485	101.56	
626.679	113.24	
626.873	232.63	
627.067	188.19	
627.26	169.76	
627.454	188.19	
627.648	225.67	
627.842	102.79	
628.035	79.44	
628.229	92.76	
628.423	55.48	
628.617	24.35	
628.81	55.28	
629.004	57.74	
629.198	64.29	
629.391	44.42	
629.585	86.41	
629.778	91.32	
629.972	154.81	
630.166	98.9	
630.359	118.56	
630.553	87.43	
630.746	126.96	
630.94	106.68	
631.133	53.23	
631.327	54.05	
631.52	48.93	
631.714	-12.92	
631.907	-66.78	
632.1	5.72	
632.294	70.23	
632.487	105.25	
632.681	170.37	
632.874	197.82	
633.067	241.64	
633.261	177.75	
633.454	178.57	
633.647	165.66	
633.841	139.45	
634.034	111.19	
634.227	114.05	
634.421	72.89	
634.614	55.28	
634.807	49.34	
635	-27.46	
635.193	19.85	
635.387	4.49	
635.58	-21.11	
635.773	-6.37	
635.966	84.97	
636.159	69	
636.352	8.79	
636.545	-6.16	
636.739	-41.59	
636.932	-48.76	
637.125	-97.91	
637.318	-87.06	
637.511	0.39	
637.704	14.11	
637.897	-23.36	
638.09	-50.81	
638.283	43.4	
638.476	25.58	
638.669	40.94	
638.862	74.94	
639.055	121.22	
639.247	129.82	
639.44	64.49	
639.633	82.11	
639.826	46.27	
640.019	40.33	
640.212	-1.25	
640.405	46.88	
640.597	19.23	
640.79	95.62	
640.983	102.38	
641.176	86.61	
641.368	112.01	
641.561	181.64	
641.754	60.6	
641.947	112.01	
642.139	136.38	
642.332	82.72	
642.525	43.2	
642.717	138.43	
642.91	40.53	
643.103	39.3	
643.295	21.08	
643.488	34.8	
643.68	-45.48	
643.873	1.21	
644.065	-36.68	
644.258	-20.29	
644.45	-68.42	
644.643	-25.62	
644.835	1.01	
645.028	1.42	
645.22	-10.46	
645.413	-27.87	
645.605	-59.2	
645.798	-106.72	
645.99	-48.76	
646.182	-4.32	
646.375	12.68	
646.567	56.3	
646.76	41.35	
646.952	41.56	
647.144	3.46	
647.337	18.41	
647.529	9.61	
647.721	136.79	
647.913	90.71	
648.106	85.18	
648.298	54.46	
648.49	54.66	
648.682	-110.61	
648.874	-89.31	
649.067	-61.66	
649.259	-18.04	
649.451	-43.43	
649.643	25.58	
649.835	61.83	
650.027	101.77	
650.219	104.84	
650.411	111.39	
650.603	91.73	
650.796	102.38	
650.988	89.68	
651.18	116.31	
651.372	144.98	
651.564	153.17	
651.756	83.95	
651.948	75.35	
652.139	16.78	
652.331	10.63	
652.523	32.34	
652.715	46.68	
652.907	39.1	
653.099	99.72	
653.291	110.78	
653.483	92.35	
653.674	106.27	
653.866	112.21	
654.058	49.95	
654.25	18.41	
654.442	6.13	
654.633	-50.81	
654.825	-83.37	
655.017	-60.84	
655.209	-64.32	
655.4	-1.25	
655.592	-43.23	
655.784	31.32	
655.975	4.69	
656.167	8.79	
656.359	-53.67	
656.55	45.45	
656.742	-33.4	
656.933	93.78	
657.125	102.38	
657.316	69	
657.508	11.04	
657.7	69.82	
657.891	-60.02	
658.083	-40.16	
658.274	47.5	
658.466	108.32	
658.657	108.32	
658.848	58.76	
659.04	51.39	
659.231	11.66	
659.423	-9.23	
659.614	-62.89	
659.805	73.51	
659.997	127.78	
660.188	131.87	
660.379	156.24	
660.571	137.81	
660.762	67.16	
660.953	4.08	
661.145	2.65	
661.336	-64.32	
661.527	26.81	
661.718	67.98	
661.909	58.76	
662.101	77.19	
662.292	140.68	
662.483	35.62	
662.674	-4.11	
662.865	30.5	
663.056	-11.69	
663.247	-85.83	
663.439	-54.49	
663.63	-43.02	
663.821	-82.35	
664.012	-53.67	
664.203	51.18	
664.394	100.13	
664.585	143.14	
664.776	126.34	
664.967	149.48	
665.158	116.31	
665.349	167.3	
665.54	104.02	
665.73	157.88	
665.921	66.95	
666.112	64.29	
666.303	-40.36	
666.494	36.44	
666.685	-15.17	
666.876	79.03	
667.066	94.39	
667.257	142.52	
667.448	54.66	
667.639	76.37	
667.83	27.02	
668.02	18.01	
668.211	-52.24	
668.402	18.41	
668.592	-43.43	
668.783	-43.84	
668.974	-46.3	
669.164	32.55	
669.355	-1.66	
669.546	104.63	
669.736	131.67	
669.927	115.69	
670.117	27.84	
670.308	45.24	
670.499	-48.35	
670.689	-31.76	
670.88	-83.37	
671.07	-28.07	
671.261	-31.97	
671.451	69.41	
671.641	-45.28	
671.832	46.06	
672.022	42.38	
672.213	5.51	
672.403	-52.45	
672.594	113.03	
672.784	97.06	
672.974	91.73	
673.165	34.18	
673.355	47.09	
673.545	25.79	
673.736	80.47	
673.926	-3.29	
674.116	113.24	
674.306	64.7	
674.497	-3.91	
674.687	-84.8	
674.877	-29.51	
675.067	-53.47	
675.257	21.28	
675.448	23.12	
675.638	23.74	
675.828	-8.41	
676.018	21.49	
676.208	-12.1	
676.398	11.25	
676.588	15.75	
676.778	56.51	
676.968	25.79	
677.158	38.08	
677.348	-37.9	
677.538	-62.28	
677.728	-45.07	
677.918	-52.65	
678.108	-81.94	
678.298	22.51	
678.488	21.28	
678.678	59.37	
678.868	61.63	
679.058	96.85	
679.248	67.16	
679.438	81.08	
679.627	81.49	
679.817	91.73	
680.007	74.12	
680.197	65.31	
680.387	47.7	
680.576	57.33	
680.766	-3.09	
680.956	-53.67	
681.146	-11.28	
681.335	11.04	
681.525	-71.7	
681.715	-33.6	
681.904	37.46	
682.094	24.76	
682.284	19.44	
682.473	58.15	
682.663	120.2	
682.852	100.13	
683.042	101.56	
683.231	97.88	
683.421	87.02	
683.61	14.52	
683.8	-6.98	
683.989	-41.39	
684.179	-12.1	
684.368	-57.16	
684.558	-64.94	
684.747	-70.06	
684.937	-113.27	
685.126	-92.99	
685.316	-58.18	
685.505	-82.14	
685.694	19.23	
685.884	136.79	
686.073	62.04	
686.262	65.31	
686.452	153.58	
686.641	122.45	
686.83	67.36	
687.019	100.54	
687.209	125.32	
687.398	114.67	
687.587	70.02	
687.776	45.24	
687.965	5.92	
688.155	-21.11	
688.344	-110.2	
688.533	-89.1	
688.722	-118.39	
688.911	4.08	
689.1	62.86	
689.289	169.96	
689.478	178.16	
689.667	234.48	
689.856	41.15	
690.045	-13.53	
690.234	-64.32	
690.423	-44.25	
690.612	-94.02	
690.801	70.02	
690.99	59.58	
691.179	118.77	
691.368	93.78	
691.557	197.61	
691.746	117.54	
691.935	133.31	
692.124	50.57	
692.312	48.72	
692.501	-54.29	
692.69	11.45	
692.879	-13.94	
693.068	3.05	
693.256	-30.12	
693.445	76.37	
693.634	6.74	
693.823	0.8	
694.011	-7.59	
694.2	31.52	
694.389	-58.59	
694.577	-52.65	
694.766	-27.87	
694.955	-12.71	
695.143	-62.07	
695.332	-23.16	
695.52	-7.8	
695.709	47.7	
695.897	31.93	
696.086	41.97	
696.275	-10.87	
696.463	-19.27	
696.652	-74.56	
696.84	-58.59	
697.028	-64.12	
697.217	-7.18	
697.405	40.12	
697.594	67.36	
697.782	79.24	
697.971	98.49	
698.159	59.58	
698.347	94.6	
698.536	106.89	
698.724	162.8	
698.912	144.98	
699.1	192.9	
699.289	134.33	
699.477	133.1	
699.665	36.44	
699.854	30.09	
700.042	-10.26	
700.23	30.09	
700.418	18.62	
700.606	51.39	
700.794	74.12	
700.983	133.31	
701.171	97.26	
701.359	68.59	
701.547	61.63	
701.735	106.48	
701.923	37.26	
702.111	22.92	
702.299	-16.4	
702.487	15.55	
702.675	-66.37	
702.863	-69.03	
703.051	-75.59	
703.239	29.06	
703.427	-6.78	
703.615	13.91	
703.803	13.5	
703.991	72.28	
704.179	13.91	
704.367	57.53	
704.554	111.6	
704.742	156.24	
704.93	186.14	
705.118	227.51	
705.306	176.52	
705.493	149.28	
705.681	84.15	
705.869	79.65	
706.057	29.27	
706.244	60.4	
706.432	23.33	
706.62	71.87	
706.807	-40.57	
706.995	33.57	
707.183	-51.63	
707.37	6.13	
707.558	9.2	
707.746	147.64	
707.933	113.03	
708.121	238.78	
708.308	203.76	
708.496	183.48	
708.683	59.99	
708.871	114.67	
709.058	24.35	
709.246	53.43	
709.433	-13.12	
709.621	38.08	
709.808	-36.27	
709.995	38.89	
710.183	32.34	
710.37	97.47	
710.558	75.96	
710.745	81.49	
710.932	38.89	
711.12	62.86	
711.307	51.39	
711.494	91.12	
711.681	99.72	
711.869	51.39	
712.056	69.41	
712.243	131.46	
712.43	33.16	
712.618	65.72	
712.805	74.32	
712.992	31.73	
713.179	-60.43	
713.366	-24.18	
713.553	-26.23	
713.74	1.62	
713.928	-75.79	
714.115	-6.78	
714.302	-31.35	
714.489	-62.89	
714.676	-90.74	
714.863	-4.11	
715.05	-13.33	
715.237	-10.26	
715.424	-70.47	
715.611	25.38	
715.798	6.54	
715.984	15.55	
716.171	77.19	
716.358	130.44	
716.545	82.11	
716.732	97.26	
716.919	14.73	
717.106	-38.93	
717.293	-29.3	
717.479	30.29	
717.666	-65.96	
717.853	-5.34	
718.04	47.91	
718.226	72.69	
718.413	-44.66	
718.6	53.64	
718.786	24.76	
718.973	68.39	
719.16	-10.87	
719.346	29.06	
719.533	0.6	
719.72	59.37	
719.906	-23.57	
720.093	52.62	
720.279	22.51	
720.466	55.07	
720.652	68.39	
720.839	139.65	
721.025	97.06	
721.212	132.49	
721.398	90.91	
721.585	100.95	
721.771	29.27	
721.958	18.82	
722.144	33.16	
722.331	-50.4	
722.517	-107.54	
722.703	-30.94	
722.89	-68.42	
723.076	-43.23	
723.262	97.67	
723.449	75.55	
723.635	-30.74	
723.821	20.87	
724.007	-46.3	
724.194	-99.75	
724.38	-69.24	
724.566	-26.03	
724.752	11.45	
724.938	78.62	
725.125	142.32	
725.311	166.48	
725.497	156.04	
725.683	95.01	
725.869	10.43	
726.055	-37.7	
726.241	-86.44	
726.427	-65.76	
726.613	-44.87	
726.799	50.98	
726.985	-2.07	
727.171	60.6	
727.357	87.23	
727.543	161.16	
727.729	127.37	
727.915	172.42	
728.101	149.28	
728.287	116.1	
728.473	54.25	
728.659	42.17	
728.845	14.73	
729.03	-32.17	
729.216	-29.1	
729.402	-61.25	
729.588	-77.84	
729.774	-70.47	
729.959	-50.6	
730.145	-24.18	
730.331	8.79	
730.517	30.7	
730.702	78.62	
730.888	111.39	
731.074	36.85	
731.259	64.49	
731.445	81.7	
731.63	33.77	
731.816	6.33	
732.002	106.89	
732.187	181.02	
732.373	184.71	
732.558	258.03	
732.744	286.7	
732.929	229.15	
733.115	60.19	
733.3	-69.44	
733.486	-146.65	
733.671	-220.58	
733.857	-210.75	
734.042	-140.3	
734.227	-67.4	
734.413	21.49	
734.598	114.87	
734.784	91.32	
734.969	58.55	
735.154	109.34	
735.339	78.83	
735.525	71.66	
735.71	170.99	
735.895	148.05	
736.081	116.1	
736.266	112.62	
736.451	61.83	
736.636	28.86	
736.821	49.13	
737.007	27.63	
737.192	48.72	
737.377	26.61	
737.562	-58.59	
737.747	-9.44	
737.932	39.92	
738.117	-28.69	
738.302	82.52	
738.487	102.79	
738.672	43.81	
738.857	91.12	
739.042	100.54	
739.227	127.98	
739.412	131.87	
739.597	135.35	
739.782	109.55	
739.967	71.25	
740.152	14.93	
740.337	69.2	
740.522	121.63	
740.706	110.16	
740.891	203.76	
741.076	199.05	
741.261	181.43	
741.446	187.17	
741.63	179.18	
741.815	154.4	
742	58.35	
742.185	24.35	
742.369	7.97	
742.554	-44.46	
742.739	-67.19	
742.923	5.31	
743.108	50.77	
743.293	60.81	
743.477	56.51	
743.662	104.43	
743.846	87.64	
744.031	54.05	
744.216	38.28	
744.4	107.91	
744.585	72.89	
744.769	105.66	
744.954	122.45	
745.138	96.65	
745.322	111.19	
745.507	77.4	
745.691	67.98	
745.876	42.17	
746.06	84.97	
746.244	84.15	
746.429	147.23	
746.613	123.48	
746.798	146.41	
746.982	88.25	
747.166	74.53	
747.35	1.01	
747.535	3.46	
747.719	5.92	
747.903	58.35	
748.087	30.91	
748.272	61.42	
748.456	118.77	
748.64	106.89	
748.824	104.22	
749.008	117.95	
749.192	99.31	
749.376	32.34	
749.56	30.91	
749.745	-0.02	
749.929	31.11	
750.113	57.33	
750.297	29.27	
750.481	95.62	
750.665	153.17	
750.849	125.32	
751.033	125.32	
751.217	106.68	
751.4	41.35	
751.584	7.36	
751.768	11.04	
751.952	-17.22	
752.136	35.21	
752.32	4.49	
752.504	20.46	
752.688	25.17	
752.871	31.73	
753.055	15.14	
753.239	44.83	
753.423	63.47	
753.606	14.11	
753.79	55.07	
753.974	80.26	
754.157	94.6	
754.341	43.4	
754.525	39.71	
754.708	30.5	
754.892	28.04	
755.076	61.01	
755.259	112.83	
755.443	98.7	
755.626	125.32	
755.81	143.55	
755.993	103.81	
756.177	43.2	
756.36	89.48	
756.544	45.65	
756.727	25.58	
756.911	65.11	
757.094	129.62	
757.278	124.91	
757.461	101.36	
757.644	89.89	
757.828	23.74	
758.011	11.45	
758.195	27.22	
758.378	27.63	
758.561	8.17	
758.744	-5.75	
758.928	0.8	
759.111	-9.85	
759.294	38.28	
759.477	69.82	
759.661	109.34	
759.844	101.15	
760.027	111.6	
760.21	79.44	
760.393	101.56	
760.576	136.99	
760.76	108.73	
760.943	52.21	
761.126	165.05	
761.309	197.61	
761.492	169.15	
761.675	145.59	
761.858	184.5	
762.041	79.24	
762.224	-42.21	
762.407	-53.47	
762.59	6.54	
762.773	-71.08	
762.956	-91.36	
763.139	-40.36	
763.321	-5.14	
763.504	-86.44	
763.687	1.01	
763.87	38.69	
764.053	58.76	
764.236	54.05	
764.418	116.31	
764.601	79.65	
764.784	98.9	
764.967	147.44	
765.149	131.46	
765.332	130.85	
765.515	203.76	
765.697	142.73	
765.88	102.38	
766.063	109.96	
766.245	104.43	
766.428	28.24	
766.611	52.82	
766.793	59.99	
766.976	72.89	
767.158	2.44	
767.341	45.24	
767.523	41.35	
767.706	38.89	
767.888	6.13	
768.071	130.64	
768.253	103.81	
768.436	143.55	
768.618	146.21	
768.8	198.23	
768.983	155.63	
769.165	160.54	
769.348	69.82	
769.53	57.94	
769.712	-2.88	
769.895	-21.52	
770.077	6.74	
770.259	34.18	
770.441	-0.63	
770.624	64.9	
770.806	104.22	
770.988	60.4	
771.17	84.15	
771.352	184.71	
771.535	201.91	
771.717	220.14	
771.899	244.51	
772.081	302.06	
772.263	224.03	
772.445	196.59	
772.627	88.66	
772.809	58.96	
772.991	26.61	
773.173	46.68	
773.355	28.04	
773.537	48.93	
773.719	51.18	
773.901	73.51	
774.083	24.56	
774.265	-53.47	
774.447	-63.5	
774.629	-59.2	
774.811	-78.86	
774.992	-37.49	
775.174	-14.97	
775.356	36.85	
775.538	11.86	
775.72	-33.81	
775.901	-10.87	
776.083	10.43	
776.265	-27.26	
776.447	42.38	
776.628	133.51	
776.81	101.56	
776.992	135.97	
777.173	169.96	
777.355	147.85	
777.537	96.03	
777.718	104.63	
777.9	85.59	
778.081	114.87	
778.263	165.66	
778.444	145.39	
778.626	131.05	
778.807	84.77	
778.989	18.82	
779.17	-92.38	
779.352	-168.16	
779.533	-207.48	
779.715	-134.36	
779.896	-199.49	
780.078	-100.57	
780.259	26.61	
780.44	53.43	
780.622	22.31	
780.803	160.54	
780.984	124.7	
781.166	59.17	
781.347	75.14	
781.528	89.48	
781.709	43.6	
781.891	70.64	
782.072	97.47	
782.253	118.56	
782.434	105.86	
782.615	98.9	
782.796	63.88	
782.978	113.44	
783.159	131.67	
783.34	210.72	
783.521	216.86	
783.702	238.98	
783.883	227.1	
784.064	204.78	
784.245	93.58	
784.426	125.73	
784.607	86.41	
784.788	106.68	
784.969	44.83	
785.15	104.22	
785.331	-13.33	
785.512	63.47	
785.692	20.26	
785.873	55.48	
786.054	9.2	
786.235	99.51	
786.416	66.95	
786.597	58.96	
786.777	55.48	
786.958	88.86	
787.139	103.41	
787.32	125.32	
787.5	138.02	
787.681	94.8	
787.862	77.81	
788.042	92.76	
788.223	88.46	
788.404	20.05	
788.584	84.77	
788.765	142.73	
788.946	108.12	
789.126	87.84	
789.307	207.24	
789.487	258.44	
789.668	173.65	
789.848	154.81	
790.029	89.07	
790.209	68.39	
790.39	-4.93	
790.57	-2.68	
790.75	70.02	
790.931	123.89	
791.111	45.86	
791.292	124.7	
791.472	165.25	
791.652	165.05	
791.833	191.67	
792.013	221.16	
792.193	122.86	
792.373	129.62	
792.554	94.19	
792.734	91.73	
792.914	62.86	
793.094	129.21	
793.275	161.77	
793.455	149.48	
793.635	175.29	
793.815	234.07	
793.995	183.69	
794.175	151.74	
794.355	172.42	
794.535	182.66	
794.715	150.71	
794.896	173.24	
795.076	136.17	
795.256	151.74	
795.436	60.19	
795.616	109.34	
795.795	133.72	
795.975	166.89	
796.155	212.97	
796.335	255.77	
796.515	230.38	
796.695	289.57	
796.875	355.51	
797.055	305.95	
797.234	332.16	
797.414	378.24	
797.594	299.4	
797.774	203.35	
797.954	146.82	
798.133	139.86	
798.313	40.94	
798.493	82.11	
798.672	74.32	
798.852	86.82	
799.032	-1.45	
799.211	15.14	
799.391	-41.39	
799.571	-22.75	
799.75	-15.58	
799.93	131.67	
800.109	170.58	
800.289	190.03	
800.468	170.58	
800.648	165.87	
800.827	100.33	
801.007	78.22	
801.186	27.84	
801.366	52.21	
801.545	71.87	
801.725	164.23	
801.904	96.85	
802.083	149.08	
802.263	145.39	
802.442	224.24	
802.621	111.19	
802.801	249.02	
802.98	290.18	
803.159	249.63	
803.338	130.03	
803.518	187.37	
803.697	71.66	
803.876	70.23	
804.055	123.07	
804.235	217.48	
804.414	139.24	
804.593	180.2	
804.772	139.45	
804.951	115.28	
805.13	-9.85	
805.309	45.24	
805.488	68.79	
805.667	79.44	
805.846	91.73	
806.025	188.81	
806.204	193.52	
806.383	147.23	
806.562	97.26	
806.741	88.25	
806.92	111.6	
807.099	72.07	
807.278	22.31	
807.457	42.58	
807.636	111.6	
807.814	94.8	
807.993	89.68	
808.172	161.57	
808.351	187.99	
808.53	131.67	
808.708	82.31	
808.887	98.9	
809.066	176.72	
809.244	161.77	
809.423	139.65	
809.602	157.06	
809.78	199.66	
809.959	135.35	
810.138	154.19	
810.316	212.15	
810.495	189.83	
810.673	94.8	
810.852	93.98	
811.03	139.24	
811.209	117.95	
811.388	147.03	
811.566	211.74	
811.744	243.69	
811.923	209.49	
812.101	180	
812.28	233.04	
812.458	250.45	
812.637	180	
812.815	182.87	
812.993	257.82	
813.172	215.63	
813.35	120.81	
813.528	181.43	
813.706	168.33	
813.885	115.69	
814.063	84.97	
814.241	176.72	
814.419	164.64	
814.598	197	
814.776	233.04	
814.954	209.29	
815.132	167.92	
815.31	197	
815.488	99.1	
815.666	41.15	
815.844	13.5	
816.022	6.33	
816.201	-69.03	
816.379	68.79	
816.557	90.71	
816.735	170.99	
816.913	149.08	
817.09	194.34	
817.268	82.72	
817.446	50.57	
817.624	19.85	
817.802	162.39	
817.98	112.21	
818.158	115.28	
818.336	52	
818.514	107.91	
818.691	45.86	
818.869	117.74	
819.047	198.64	
819.225	279.53	
819.402	207.65	
819.58	249.43	
819.758	254.34	
819.935	192.7	
820.113	191.88	
820.291	186.55	
820.468	89.89	
820.646	79.85	
820.824	89.07	
821.001	187.58	
821.179	244.72	
821.356	251.47	
821.534	191.88	
821.711	158.29	
821.889	132.28	
822.066	139.24	
822.244	133.1	
822.421	187.78	
822.599	226.08	
822.776	137.2	
822.953	43.4	
823.131	22.51	
823.308	6.13	
823.486	-7.8	
823.663	-11.9	
823.84	59.99	
824.017	-2.68	
824.195	-14.35	
824.372	-7.18	
824.549	19.64	
824.726	13.09	
824.904	72.89	
825.081	87.43	
825.258	55.07	
825.435	51.8	
825.612	68.59	
825.789	20.46	
825.967	7.77	
826.144	43.2	
826.321	102.79	
826.498	95.21	
826.675	167.3	
826.852	116.51	
827.029	167.71	
827.206	120.2	
827.383	38.08	
827.56	88.66	
827.737	135.56	
827.914	127.98	
828.09	119.17	
828.267	187.99	
828.444	169.35	
828.621	149.69	
828.798	178.16	
828.975	113.44	
829.151	103.61	
829.328	68.79	
829.505	150.71	
829.682	64.49	
829.858	88.66	
830.035	114.26	
830.212	122.45	
830.389	65.11	
830.565	43.2	
830.742	103.2	
830.918	95.83	
831.095	72.69	
831.272	86.2	
831.448	79.65	
831.625	92.96	
831.801	132.08	
831.978	138.84	
832.154	85.38	
832.331	150.51	
832.507	92.76	
832.684	81.29	
832.86	125.93	
833.037	260.28	
833.213	217.68	
833.389	263.76	
833.566	156.04	
833.742	106.27	
833.918	10.84	
834.095	-50.4	
834.271	-115.93	
834.447	-7.18	
834.624	30.7	
834.8	32.75	
834.976	116.72	
835.152	141.91	
835.328	124.29	
835.505	152.97	
835.681	133.31	
835.857	36.03	
836.033	96.65	
836.209	109.75	
836.385	59.37	
836.561	109.55	
836.737	219.93	
836.913	123.48	
837.089	113.03	
837.265	133.72	
837.441	141.5	
837.617	137.61	
837.793	157.88	
837.969	150.92	
838.145	149.08	
838.321	128.8	
838.497	94.39	
838.673	170.99	
838.849	124.5	
839.025	154.81	
839.2	136.17	
839.376	188.4	
839.552	137.2	
839.728	152.76	
839.903	108.73	
840.079	157.88	
840.255	73.3	
840.431	179.38	
840.606	127.37	
840.782	219.32	
840.958	101.97	
841.133	115.49	
841.309	64.49	
841.484	164.03	
841.66	31.93	
841.835	61.42	
842.011	55.07	
842.186	42.99	
842.362	-1.04	
842.537	41.97	
842.713	42.38	
842.888	69	
843.064	7.97	
843.239	-26.44	
843.415	9.81	
843.59	65.52	
843.765	56.92	
843.941	111.19	
844.116	212.97	
844.291	148.46	
844.467	122.04	
844.642	135.97	
844.817	157.47	
844.992	68.79	
845.168	80.88	
845.343	133.72	
845.518	144.36	
845.693	142.11	
845.868	172.42	
846.043	154.4	
846.219	83.74	
846.394	149.28	
846.569	93.17	
846.744	65.11	
846.919	100.95	
847.094	211.74	
847.269	121.43	
847.444	129.62	
847.619	176.93	
847.794	232.22	
847.969	133.1	
848.144	209.08	
848.319	223.62	
848.494	205.39	
848.668	167.1	
848.843	216.25	
849.018	175.7	
849.193	166.07	
849.368	149.89	
849.542	171.4	
849.717	158.7	
849.892	148.67	
850.067	134.74	
850.241	178.98	
850.416	166.89	
850.591	187.58	
850.765	143.55	
850.94	208.88	
851.115	152.35	
851.289	130.64	
851.464	39.1	
851.639	56.51	
851.813	7.77	
851.988	84.15	
852.162	31.32	
852.337	82.93	
852.511	123.07	
852.686	200.07	
852.86	124.5	
853.035	145.59	
853.209	130.44	
853.383	163.41	
853.558	17.8	
853.732	83.54	
853.906	67.16	
854.081	101.15	
854.255	26.81	
854.429	78.42	
854.604	76.17	
854.778	206.01	
854.952	172.42	
855.126	215.84	
855.301	269.29	
855.475	215.22	
855.649	98.08	
855.823	91.94	
855.997	62.65	
856.171	46.47	
856.345	29.27	
856.52	50.36	
856.694	77.4	
856.868	133.51	
857.042	126.96	
857.216	170.58	
857.39	188.81	
857.564	165.66	
857.738	118.36	
857.912	97.88	
858.085	86.61	
858.259	91.94	
858.433	115.08	
858.607	83.54	
858.781	98.08	
858.955	85.79	
859.129	18.41	
859.302	8.99	
859.476	8.17	
859.65	60.81	
859.824	17.19	
859.997	70.64	
860.171	141.29	
860.345	205.6	
860.519	123.48	
860.692	169.15	
860.866	191.88	
861.039	164.03	
861.213	131.26	
861.387	141.7	
861.56	151.53	
861.734	200.48	
861.907	155.01	
862.081	149.69	
862.254	195.56	
862.428	224.24	
862.601	134.33	
862.775	156.65	
862.948	225.26	
863.122	224.03	
863.295	161.57	
863.468	151.33	
863.642	115.69	
863.815	94.39	
863.988	51.59	
864.162	72.69	
864.335	68.39	
864.508	112.42	
864.682	75.14	
864.855	76.99	
865.028	65.31	
865.201	127.57	
865.374	63.47	
865.548	114.67	
865.721	126.55	
865.894	244.31	
866.067	170.99	
866.24	228.74	
866.413	235.7	
866.586	280.35	
866.759	138.02	
866.932	170.78	
867.105	139.65	
867.278	21.49	
867.451	-39.34	
867.624	28.86	
867.797	76.37	
867.97	103.2	
868.143	152.56	
868.316	165.05	
868.489	100.95	
868.661	83.95	
868.834	52.41	
869.007	113.44	
869.18	133.1	
869.353	169.96	
869.525	153.99	
869.698	125.11	
869.871	88.46	
870.044	92.14	
870.216	117.33	
870.389	77.19	
870.562	171.4	
870.734	230.17	
870.907	183.48	
871.079	191.67	
871.252	181.23	
871.425	187.58	
871.597	70.02	
871.77	143.55	
871.942	112.21	
872.115	145.18	
872.287	58.15	
872.459	103.81	
872.632	65.31	
872.804	52	
872.977	-26.03	
873.149	14.52	
873.321	-10.67	
873.494	-30.53	
873.666	-11.49	
873.838	54.46	
874.011	25.58	
874.183	78.22	
874.355	84.15	
874.528	67.98	
874.7	72.89	
874.872	174.06	
875.044	167.71	
875.216	188.81	
875.388	280.96	
875.561	340.56	
875.733	197.2	
875.905	157.06	
876.077	91.32	
876.249	88.25	
876.421	-3.5	
876.593	-5.55	
876.765	37.67	
876.937	138.22	
877.109	67.16	
877.281	113.65	
877.453	157.88	
877.625	130.23	
877.797	39.3	
877.968	-0.02	
878.14	-22.14	
878.312	46.47	
878.484	9.81	
878.656	57.33	
878.828	71.46	
878.999	174.27	
879.171	73.3	
879.343	27.22	
879.515	15.34	
879.686	28.24	
879.858	-65.96	
880.03	-3.7	
880.201	94.19	
880.373	64.08	
880.545	65.11	
880.716	143.14	
880.888	177.34	
881.059	201.71	
881.231	207.03	
881.402	257.82	
881.574	205.39	
881.745	165.46	
881.917	92.76	
882.088	129.62	
882.26	75.14	
882.431	135.35	
882.602	48.31	
882.774	91.53	
882.945	48.72	
883.116	2.44	
883.288	-86.44	
883.459	-17.42	
883.63	4.9	
883.802	25.99	
883.973	75.14	
884.144	134.33	
884.315	151.53	
884.487	143.55	
884.658	173.24	
884.829	206.42	
885	162.18	
885.171	184.91	
885.342	100.13	
885.513	59.99	
885.684	63.06	
885.855	108.53	
886.026	63.27	
886.197	164.43	
886.368	164.64	
886.539	197.41	
886.71	112.21	
886.881	131.67	
887.052	196.18	
887.223	220.96	
887.394	133.1	
887.565	216.04	
887.736	191.47	
887.907	96.44	
888.077	57.74	
888.248	44.01	
888.419	8.17	
888.59	13.5	
888.761	74.94	
888.931	92.35	
889.102	182.66	
889.273	159.52	
889.443	131.46	
889.614	52.21	
889.785	84.77	
889.955	67.57	
890.126	54.05	
890.296	98.08	
890.467	104.02	
890.637	150.1	
890.808	96.44	
890.978	161.77	
891.149	161.36	
891.319	285.06	
891.49	227.31	
891.66	269.5	
891.831	218.71	
892.001	256.8	
892.172	95.01	
892.342	94.39	
892.512	74.73	
892.683	175.7	
892.853	124.91	
893.023	196.38	
893.193	183.69	
893.364	201.09	
893.534	154.81	
893.704	192.7	
893.874	199.05	
894.044	204.98	
894.215	183.07	
894.385	190.03	
894.555	175.49	
894.725	217.89	
894.895	172.22	
895.065	204.98	
895.235	188.19	
895.405	258.44	
895.575	173.86	
895.745	249.94	
895.915	258.3	
