177.618	-803.15	
177.836	-782.41	
178.054	-777.75	
178.271	-590.16	
178.489	-349.32	
178.706	-204.32	
178.924	-68.74	
179.142	75.43	
179.359	53.52	
179.577	-67.92	
179.794	-52.77	
180.012	-64.65	
180.229	-107.86	
180.447	-87.79	
180.664	-39.25	
180.882	-63.42	
181.1	-20	
181.317	-19.59	
181.535	-49.9	
181.752	-71	
181.969	-8.74	
182.187	7.03	
182.404	48.2	
182.622	40.62	
182.839	90.18	
183.057	88.95	
183.274	60.07	
183.492	99.19	
183.709	163.7	
183.926	100.42	
184.144	58.03	
184.361	85.47	
184.579	65.19	
184.796	-18.57	
185.013	34.47	
185.231	16.45	
185.448	21.37	
185.666	23.01	
185.883	15.84	
186.1	6.01	
186.317	34.68	
186.535	-29.63	
186.752	-37	
186.969	31.2	
187.187	104.11	
187.404	34.06	
187.621	135.64	
187.839	151.62	
188.056	125.4	
188.273	25.05	
188.49	128.68	
188.708	65.81	
188.925	106.97	
189.142	82.6	
189.359	86.9	
189.576	3.35	
189.794	-7.1	
190.011	-60.35	
190.228	-33.11	
190.445	-30.65	
190.662	86.08	
190.879	105.13	
191.097	77.28	
191.314	91.61	
191.531	102.06	
191.748	-21.64	
191.965	-16.11	
192.182	0.48	
192.399	-14.06	
192.616	17.68	
192.834	79.94	
193.051	41.23	
193.268	61.92	
193.485	75.84	
193.702	44.3	
193.919	26.9	
194.136	42.26	
194.353	12.15	
194.57	13.18	
194.787	3.75	
195.004	98.99	
195.221	87.72	
195.438	145.47	
195.655	98.17	
195.872	189.71	
196.089	60.48	
196.306	88.34	
196.523	63.76	
196.74	123.97	
196.957	9.28	
197.173	56.18	
197.39	21.98	
197.607	56.39	
197.824	37.96	
198.041	93.46	
198.258	81.99	
198.475	146.09	
198.692	75.84	
198.909	15.22	
199.125	-49.49	
199.342	2.73	
199.559	-20.62	
199.776	31.2	
199.993	122.74	
200.21	155.3	
200.426	77.48	
200.643	69.29	
200.86	58.84	
201.077	70.31	
201.293	51.06	
201.51	55.16	
201.727	-37.61	
201.944	-103.35	
202.16	-131.82	
202.377	-126.09	
202.594	-130.39	
202.811	-71	
203.027	-41.51	
203.244	-76.94	
203.461	-54.61	
203.677	22.8	
203.894	54.34	
204.111	76.66	
204.327	90.38	
204.544	72.98	
204.761	61.51	
204.977	29.56	
205.194	-15.7	
205.41	33.86	
205.627	19.93	
205.844	9.08	
206.06	4.57	
206.277	58.44	
206.493	18.5	
206.71	69.7	
206.926	46.97	
207.143	111.89	
207.36	23.82	
207.576	84.65	
207.793	66.01	
208.009	96.94	
208.226	42.05	
208.442	87.31	
208.659	40	
208.875	45.53	
209.092	-6.49	
209.308	-4.44	
209.524	7.24	
209.741	73.59	
209.957	103.9	
210.174	130.73	
210.39	122.33	
210.607	122.95	
210.823	5.6	
211.039	-57.07	
211.256	11.54	
211.472	-24.51	
211.688	26.08	
211.905	96.94	
212.121	112.91	
212.338	44.71	
212.554	97.96	
212.77	60.48	
212.987	61.71	
213.203	94.07	
213.419	130.93	
213.635	110.86	
213.852	86.7	
214.068	38.37	
214.284	0.07	
214.501	14.81	
214.717	14.61	
214.933	41.64	
215.149	-7.71	
215.365	-33.93	
215.582	-116.05	
215.798	-81.85	
216.014	-98.03	
216.23	-46.01	
216.447	-15.09	
216.663	-0.96	
216.879	-52.97	
217.095	-26.56	
217.311	5.8	
217.527	27.31	
217.743	50.04	
217.96	42.87	
218.176	28.54	
218.392	10.1	
218.608	15.43	
218.824	-10.99	
219.04	18.91	
219.256	65.6	
219.472	31.2	
219.688	10.72	
219.904	59.25	
220.12	125.61	
220.336	66.01	
220.552	94.27	
220.768	115.37	
220.984	127.04	
221.2	20.14	
221.416	64.99	
221.632	24.85	
221.848	3.96	
222.064	-78.37	
222.28	-30.24	
222.496	-96.8	
222.712	-18.57	
222.928	-56.25	
223.144	9.08	
223.36	-9.56	
223.576	29.76	
223.792	6.62	
224.008	97.76	
224.224	91.82	
224.439	128.48	
224.655	117.21	
224.871	130.73	
225.087	67.65	
225.303	11.33	
225.519	-1.37	
225.734	36.32	
225.95	2.94	
226.166	35.7	
226.382	60.48	
226.598	63.96	
226.813	61.1	
227.029	44.3	
227.245	24.23	
227.461	48.2	
227.677	67.24	
227.892	69.29	
228.108	57.21	
228.324	107.79	
228.539	41.64	
228.755	56.39	
228.971	56.59	
229.186	133.19	
229.402	86.7	
229.618	161.65	
229.833	100.42	
230.049	83.01	
230.265	-4.85	
230.48	70.11	
230.696	43.08	
230.912	53.52	
231.127	61.51	
231.343	111.89	
231.558	-7.1	
231.774	39.8	
231.99	127.86	
232.205	119.06	
232.421	67.65	
232.636	105.74	
232.852	46.35	
233.067	-9.15	
233.283	-5.87	
233.498	54.34	
233.714	73.59	
233.929	123.77	
234.145	92.43	
234.36	111.07	
234.576	123.77	
234.791	164.32	
235.007	172.71	
235.222	229.65	
235.438	194.63	
235.653	258.93	
235.868	208.35	
236.084	209.99	
236.299	231.08	
236.515	256.27	
236.73	144.65	
236.945	160.83	
237.161	90.79	
237.376	19.11	
237.592	-6.49	
237.807	16.25	
238.022	-4.85	
238.238	49.01	
238.453	5.39	
238.668	25.05	
238.883	-32.29	
239.099	-20.21	
239.314	-74.89	
239.529	-21.03	
239.745	-4.03	
239.96	64.58	
240.175	47.58	
240.39	164.93	
240.605	160.42	
240.821	91.82	
241.036	95.71	
241.251	166.36	
241.466	67.04	
241.681	77.89	
241.897	122.54	
242.112	153.26	
242.327	76.05	
242.542	113.73	
242.757	117.21	
242.972	120.28	
243.188	65.6	
243.403	93.87	
243.618	87.72	
243.833	77.69	
244.048	91.41	
244.263	102.88	
244.478	98.78	
244.693	59.66	
244.908	77.89	
245.123	60.48	
245.338	103.49	
245.553	105.33	
245.768	102.67	
245.983	81.37	
246.198	43.69	
246.413	2.32	
246.628	-10.38	
246.843	-6.89	
247.058	-1.98	
247.273	28.94	
247.488	15.43	
247.703	66.63	
247.918	56.18	
248.133	84.65	
248.348	53.32	
248.563	136.87	
248.778	87.72	
248.993	130.32	
249.207	158.17	
249.422	172.3	
249.637	43.28	
249.852	30.79	
250.067	-16.32	
250.282	-73.86	
250.496	-87.18	
250.711	26.9	
250.926	14.2	
251.141	89.15	
251.356	78.1	
251.57	131.14	
251.785	86.29	
252	71.13	
252.215	29.15	
252.43	70.72	
252.644	74.41	
252.859	70.93	
253.074	91.2	
253.288	83.42	
253.503	43.08	
253.718	82.19	
253.932	174.56	
254.147	214.9	
254.362	217.36	
254.576	231.69	
254.791	164.72	
255.006	86.7	
255.22	96.94	
255.435	114.55	
255.65	146.09	
255.864	174.35	
256.079	140.35	
256.293	135.03	
256.508	125.61	
256.723	188.48	
256.937	130.32	
257.152	117.01	
257.366	91.41	
257.581	72.77	
257.795	-10.58	
258.01	93.25	
258.224	134.82	
258.439	140.35	
258.653	123.56	
258.868	136.26	
259.082	59.87	
259.297	34.27	
259.511	2.73	
259.726	-5.46	
259.94	-49.08	
260.154	-80.83	
260.369	-61.17	
260.583	-29.22	
260.798	-43.96	
261.012	4.37	
261.226	56.8	
261.441	76.66	
261.655	63.56	
261.869	137.08	
262.084	120.69	
262.298	91.41	
262.512	17.07	
262.727	13.99	
262.941	15.02	
263.155	12.36	
263.37	17.48	
263.584	83.42	
263.798	89.77	
264.012	122.13	
264.227	98.58	
264.441	157.56	
264.655	96.73	
264.869	172.3	
265.084	88.13	
265.298	106.36	
265.512	30.99	
265.726	105.95	
265.94	30.17	
266.155	80.35	
266.369	85.67	
266.583	167.8	
266.797	135.44	
267.011	199.54	
267.225	224.53	
267.439	211.62	
267.654	147.11	
267.868	117.62	
268.082	-0.75	
268.296	-111.55	
268.51	-155.37	
268.724	-123.01	
268.938	-148.61	
269.152	-67.92	
269.366	-9.35	
269.58	33.04	
269.794	-4.03	
270.008	104.92	
270.222	79.12	
270.436	75.23	
270.65	50.45	
270.864	76.87	
271.078	12.36	
271.292	32.43	
271.506	80.35	
271.72	123.97	
271.934	133.6	
272.148	133.6	
272.362	130.11	
272.575	151.62	
272.789	145.27	
273.003	130.93	
273.217	158.17	
273.431	118.03	
273.645	77.89	
273.859	123.56	
274.073	169.64	
274.286	160.22	
274.5	169.64	
274.714	142.4	
274.928	141.79	
275.142	97.55	
275.355	80.14	
275.569	132.16	
275.783	169.84	
275.997	130.52	
276.21	149.16	
276.424	209.17	
276.638	141.38	
276.852	143.43	
277.065	121.92	
277.279	132.16	
277.493	75.23	
277.706	163.7	
277.92	175.37	
278.134	132.16	
278.347	69.29	
278.561	43.08	
278.775	11.74	
278.988	-19.18	
279.202	66.63	
279.415	130.73	
279.629	132.78	
279.843	125.2	
280.056	221.25	
280.27	221.45	
280.483	151	
280.697	161.45	
280.91	206.09	
281.124	209.99	
281.337	172.1	
281.551	268.56	
281.764	257.5	
281.978	209.99	
282.191	99.6	
282.405	130.52	
282.618	33.25	
282.832	53.32	
283.045	13.58	
283.259	60.69	
283.472	22.8	
283.686	39.59	
283.899	1.91	
284.112	32.22	
284.326	27.51	
284.539	81.37	
284.752	130.93	
284.966	152.64	
285.179	187.46	
285.393	197.08	
285.606	113.32	
285.819	139.94	
286.033	113.32	
286.246	175.37	
286.459	116.19	
286.672	166.77	
286.886	71.34	
287.099	156.12	
287.312	7.65	
287.525	31.61	
287.739	8.46	
287.952	79.32	
288.165	71.75	
288.378	121.92	
288.592	129.3	
288.805	133.39	
289.018	144.86	
289.231	102.06	
289.444	137.69	
289.657	83.83	
289.871	73.8	
290.084	12.36	
290.297	86.08	
290.51	43.69	
290.723	44.1	
290.936	120.9	
291.149	128.27	
291.362	121.51	
291.575	99.6	
291.789	137.49	
292.002	86.7	
292.215	124.79	
292.428	12.97	
292.641	59.87	
292.854	42.46	
293.067	14.61	
293.28	3.35	
293.493	36.32	
293.706	-44.17	
293.919	37.96	
294.132	11.54	
294.345	-15.29	
294.558	-26.35	
294.77	20.55	
294.983	-55.23	
295.196	31.81	
295.409	84.44	
295.622	175.17	
295.835	194.63	
296.048	239.27	
296.261	209.78	
296.474	204.87	
296.686	148.75	
296.899	181.52	
297.112	175.17	
297.325	151.21	
297.538	153.05	
297.751	187.87	
297.963	194.42	
298.176	179.27	
298.389	170.46	
298.602	169.23	
298.814	280.03	
299.027	253.2	
299.24	240.91	
299.453	305.01	
299.665	255.45	
299.878	95.3	
300.091	49.63	
300.303	57.41	
300.516	-2.8	
300.729	-0.14	
300.941	34.06	
301.154	15.63	
301.367	-17.34	
301.579	25.46	
301.792	71.13	
302.005	36.32	
302.217	36.11	
302.43	79.94	
302.642	30.79	
302.855	-50.11	
303.067	-44.58	
303.28	13.79	
303.493	-62.39	
303.705	22.19	
303.918	83.22	
304.13	155.71	
304.343	117.62	
304.555	194.42	
304.768	141.58	
304.98	164.93	
305.193	81.37	
305.405	134.82	
305.617	72.77	
305.83	88.54	
306.042	38.57	
306.255	49.83	
306.467	-10.99	
306.68	-8.33	
306.892	-32.49	
307.104	3.14	
307.317	-7.3	
307.529	75.64	
307.741	113.32	
307.954	144.65	
308.166	112.91	
308.378	169.44	
308.591	153.67	
308.803	176.6	
309.015	228.01	
309.228	269.99	
309.44	189.71	
309.652	142.4	
309.864	99.39	
310.077	-10.79	
310.289	-64.24	
310.501	-12.63	
310.713	-8.33	
310.926	37.14	
311.138	27.51	
311.35	83.01	
311.562	20.34	
311.774	87.31	
311.986	58.64	
312.199	152.03	
312.411	46.56	
312.623	96.73	
312.835	10.31	
313.047	-12.01	
313.259	-45.19	
313.471	26.49	
313.683	18.7	
313.895	53.32	
314.108	48.81	
314.32	37.34	
314.532	-16.73	
314.744	-1.57	
314.956	57.62	
315.168	99.39	
315.38	64.99	
315.592	155.3	
315.804	151.62	
316.016	181.93	
316.228	185.61	
316.44	233.33	
316.651	218.38	
316.863	214.08	
317.075	109.84	
317.287	44.1	
317.499	22.8	
317.711	-10.38	
317.923	22.6	
318.135	-3.82	
318.347	55.98	
318.559	129.3	
318.77	188.89	
318.982	141.79	
319.194	152.64	
319.406	130.11	
319.618	54.95	
319.83	-14.47	
320.041	12.15	
320.253	32.63	
320.465	25.05	
320.677	13.38	
320.888	9.49	
321.1	-5.05	
321.312	64.37	
321.524	72.98	
321.735	70.72	
321.947	47.58	
322.159	8.46	
322.37	-94.34	
322.582	-100.08	
322.794	-43.35	
323.005	20.55	
323.217	63.96	
323.429	47.99	
323.64	96.94	
323.852	28.33	
324.063	-4.23	
324.275	15.84	
324.487	84.85	
324.698	28.74	
324.91	91.82	
325.121	69.29	
325.333	-1.37	
325.544	-2.59	
325.756	45.94	
325.967	-20.82	
326.179	53.93	
326.39	102.47	
326.602	108.61	
326.813	39.18	
327.025	88.95	
327.236	3.55	
327.448	-23.89	
327.659	-95.37	
327.871	-52.15	
328.082	-60.76	
328.293	-12.63	
328.505	23.21	
328.716	61.92	
328.928	30.38	
329.139	63.15	
329.35	44.1	
329.562	74	
329.773	105.13	
329.984	115.37	
330.196	74.82	
330.407	135.03	
330.618	78.1	
330.83	44.3	
331.041	52.91	
331.252	40.82	
331.463	7.85	
331.675	42.67	
331.886	90.18	
332.097	102.88	
332.308	113.73	
332.52	103.08	
332.731	89.77	
332.942	80.35	
333.153	116.6	
333.364	100.42	
333.575	83.83	
333.787	121.92	
333.998	58.23	
334.209	84.44	
334.42	66.83	
334.631	75.84	
334.842	61.3	
335.053	133.19	
335.264	57.62	
335.475	105.13	
335.686	108	
335.898	96.73	
336.109	16.86	
336.32	40.82	
336.531	24.03	
336.742	21.37	
336.953	-11.2	
337.164	3.55	
337.375	-31.27	
337.586	-31.47	
337.797	-73.04	
338.007	-25.94	
338.218	-38.43	
338.429	-5.87	
338.64	-41.1	
338.851	1.91	
339.062	-16.52	
339.273	64.58	
339.484	24.23	
339.695	9.9	
339.906	19.73	
340.116	44.51	
340.327	15.84	
340.538	59.05	
340.749	80.55	
340.96	62.74	
341.171	14.61	
341.381	8.87	
341.592	2.12	
341.803	8.87	
342.014	12.97	
342.224	54.95	
342.435	41.23	
342.646	5.8	
342.857	-4.85	
343.067	-37.41	
343.278	-46.01	
343.489	-42.12	
343.699	-19.59	
343.91	-0.55	
344.121	-5.46	
344.331	-51.54	
344.542	-78.37	
344.753	-27.37	
344.963	-16.73	
345.174	51.27	
345.384	123.36	
345.595	181.52	
345.806	138.72	
346.016	109.02	
346.227	93.46	
346.437	90.18	
346.648	53.73	
346.858	68.68	
347.069	50.86	
347.279	56.18	
347.49	-4.44	
347.7	27.51	
347.911	-39.25	
348.121	-6.28	
348.332	-11.61	
348.542	-37	
348.753	-50.11	
348.963	28.54	
349.173	23.21	
349.384	58.23	
349.594	144.04	
349.805	180.08	
350.015	104.11	
350.225	113.94	
350.436	88.54	
350.646	102.67	
350.856	56.8	
351.067	85.67	
351.277	21.78	
351.487	-13.04	
351.698	-93.11	
351.908	-73.25	
352.118	-78.37	
352.328	-40.69	
352.539	27.72	
352.749	32.02	
352.959	7.24	
353.169	35.5	
353.38	34.27	
353.59	30.99	
353.8	57.82	
354.01	65.81	
354.22	43.89	
354.431	150.39	
354.641	90.18	
354.851	90.79	
355.061	90.18	
355.271	160.01	
355.481	72.16	
355.691	83.01	
355.901	64.17	
356.111	75.23	
356.321	22.8	
356.532	16.86	
356.742	-20.62	
356.952	-22.25	
357.162	-45.81	
357.372	-56.05	
357.582	-62.19	
357.792	-75.09	
358.002	-93.52	
358.212	-24.71	
358.422	-11.4	
358.632	-14.06	
358.842	15.63	
359.051	87.31	
359.261	29.97	
359.471	20.96	
359.681	60.89	
359.891	47.58	
360.101	-18.16	
360.311	-39.66	
360.521	-61.58	
360.731	-48.06	
360.94	-17.75	
361.15	37.96	
361.36	63.96	
361.57	82.19	
361.78	61.3	
361.989	62.53	
362.199	49.01	
362.409	70.93	
362.619	55.36	
362.828	151.41	
363.038	147.11	
363.248	140.56	
363.458	144.65	
363.667	175.58	
363.877	89.97	
364.087	103.7	
364.296	46.97	
364.506	51.88	
364.716	43.08	
364.925	17.48	
365.135	-26.96	
365.345	0.68	
365.554	-21.85	
365.764	56.39	
365.973	63.76	
366.183	137.08	
366.393	155.71	
366.602	171.48	
366.812	38.16	
367.021	70.93	
367.231	-21.23	
367.44	-38.64	
367.65	-55.02	
367.859	9.49	
368.069	-42.32	
368.278	20.96	
368.488	47.17	
368.697	0.27	
368.907	-51.95	
369.116	88.75	
369.326	54.34	
369.535	32.63	
369.744	94.68	
369.954	114.55	
370.163	-16.73	
370.373	0.48	
370.582	-7.92	
370.791	-50.52	
371.001	-72.84	
371.21	-70.38	
371.419	-103.56	
371.629	-110.32	
371.838	-101.72	
372.047	-13.45	
372.256	-25.33	
372.466	7.03	
372.675	-50.11	
372.884	-55.02	
373.093	-130.39	
373.303	-52.97	
373.512	-58.3	
373.721	14.61	
373.93	-3.62	
374.139	87.31	
374.349	15.02	
374.558	72.57	
374.767	33.86	
374.976	26.49	
375.185	-11.2	
375.394	-19.8	
375.603	-50.72	
375.813	-30.45	
376.022	-23.07	
376.231	-85.13	
376.44	-87.58	
376.649	-77.75	
376.858	-47.85	
377.067	-26.96	
377.276	16.25	
377.485	65.81	
377.694	45.33	
377.903	32.22	
378.112	0.07	
378.321	32.22	
378.53	11.74	
378.739	20.96	
378.948	1.71	
379.157	25.05	
379.366	35.5	
379.575	41.85	
379.784	2.73	
379.992	9.69	
380.201	70.11	
380.41	23.42	
380.619	-3.82	
380.828	27.92	
381.037	13.58	
381.246	-83.9	
381.454	-133.87	
381.663	-53.18	
381.872	-85.54	
382.081	-7.71	
382.29	53.11	
382.498	107.38	
382.707	100.83	
382.916	146.09	
383.125	56.59	
383.333	39.8	
383.542	56.59	
383.751	21.98	
383.959	51.88	
384.168	72.36	
384.377	126.43	
384.585	108.82	
384.794	54.75	
385.003	7.44	
385.211	33.04	
385.42	-35.98	
385.628	-47.65	
385.837	-10.79	
386.046	46.56	
386.254	66.01	
386.463	75.23	
386.671	149.98	
386.88	145.47	
387.088	111.27	
387.297	109.63	
387.505	127.66	
387.714	40	
387.922	15.84	
388.131	-6.49	
388.339	-9.56	
388.548	-49.9	
388.756	-37.41	
388.965	-17.75	
389.173	-55.84	
389.381	-54.82	
389.59	-11.4	
389.798	20.14	
390.007	54.54	
390.215	62.74	
390.423	125.2	
390.632	127.86	
390.84	177.42	
391.048	123.15	
391.257	157.76	
391.465	64.17	
391.673	60.28	
391.882	0.68	
392.09	-1.37	
392.298	-18.57	
392.506	-22.66	
392.715	-10.58	
392.923	40.62	
393.131	99.6	
393.339	110.86	
393.547	102.88	
393.756	98.78	
393.964	18.7	
394.172	-19.39	
394.38	-44.17	
394.588	14.81	
394.796	-26.56	
395.005	-15.09	
395.213	-24.92	
395.421	11.74	
395.629	-62.8	
395.837	-59.73	
396.045	-51.34	
396.253	-34.95	
396.461	-61.58	
396.669	1.71	
396.877	25.67	
397.085	50.65	
397.293	40.21	
397.501	37.14	
397.709	27.31	
397.917	44.3	
398.125	55.16	
398.333	83.22	
398.541	75.84	
398.749	68.06	
398.957	27.92	
399.165	-49.9	
399.373	-46.01	
399.581	-29.42	
399.788	-12.22	
399.996	-35.36	
400.204	-4.44	
400.412	-48.06	
400.62	-87.58	
400.828	-107.65	
401.035	-74.48	
401.243	-38.23	
401.451	2.12	
401.659	13.79	
401.867	15.22	
402.074	13.79	
402.282	-32.49	
402.49	-97.42	
402.697	22.8	
402.905	6.42	
403.113	40.41	
403.321	19.52	
403.528	47.38	
403.736	-22.87	
403.944	-8.94	
404.151	-66.9	
404.359	-69.56	
404.566	-72.02	
404.774	-91.27	
404.982	-126.91	
405.189	-119.94	
405.397	-134.48	
405.604	-130.18	
405.812	-111.14	
406.02	-107.25	
406.227	-82.26	
406.435	-45.6	
406.642	-16.73	
406.85	-38.23	
407.057	32.63	
407.265	52.7	
407.472	79.94	
407.679	49.63	
407.887	44.71	
408.094	-15.5	
408.302	-76.73	
408.509	-71.82	
408.717	-53.38	
408.924	-66.49	
409.131	-37.61	
409.339	-5.87	
409.546	-12.01	
409.753	-3	
409.961	55.16	
410.168	30.99	
410.375	55.36	
410.583	37.55	
410.79	45.74	
410.997	6.21	
411.205	-3	
411.412	-0.75	
411.619	30.58	
411.826	24.03	
412.034	92.02	
412.241	147.11	
412.448	123.15	
412.655	58.44	
412.862	49.01	
413.07	-23.48	
413.277	-88.4	
413.484	-103.35	
413.691	-49.49	
413.898	-86.77	
414.105	-112.37	
414.312	-127.11	
414.519	-113.8	
414.727	-124.45	
414.934	-87.58	
415.141	-49.7	
415.348	27.92	
415.555	0.07	
415.762	-9.76	
415.969	-73.25	
416.176	-50.31	
416.383	-61.37	
416.59	-68.13	
416.797	-77.14	
417.004	2.53	
417.211	-33.93	
417.418	-41.1	
417.625	-15.91	
417.831	-1.57	
418.038	-8.53	
418.245	15.84	
418.452	-7.1	
418.659	-10.99	
418.866	-26.76	
419.073	-49.49	
419.28	-98.64	
419.486	-26.96	
419.693	-48.26	
419.9	-27.17	
420.107	-7.71	
420.314	60.69	
420.52	38.98	
420.727	135.85	
420.934	144.04	
421.141	116.8	
421.347	97.96	
421.554	68.06	
421.761	-39.25	
421.967	-22.05	
422.174	43.69	
422.381	33.86	
422.588	4.57	
422.794	28.54	
423.001	95.09	
423.207	44.3	
423.414	47.99	
423.621	69.9	
423.827	122.13	
424.034	81.58	
424.24	105.74	
424.447	95.71	
424.654	53.11	
424.86	21.37	
425.067	-46.63	
425.273	-53.79	
425.48	23.21	
425.686	112.09	
425.893	161.65	
426.099	187.46	
426.306	204.66	
426.512	195.65	
426.718	221.86	
426.925	182.13	
427.131	172.1	
427.338	172.3	
427.544	145.47	
427.75	68.68	
427.957	60.07	
428.163	103.7	
428.37	110.66	
428.576	132.16	
428.782	145.68	
428.988	220.84	
429.195	195.85	
429.401	188.48	
429.607	168	
429.814	259.96	
430.02	219.2	
430.226	207.12	
430.432	229.44	
430.639	249.92	
430.845	232.1	
431.051	270.81	
431.257	326.51	
431.463	320.98	
431.67	292.93	
431.876	261.59	
432.082	240.91	
432.288	277.98	
432.494	292.11	
432.7	359.08	
432.906	342.28	
433.112	355.6	
433.318	384.06	
433.525	421.54	
433.731	390.62	
433.937	481.34	
434.143	488.1	
434.349	459.43	
434.555	450.62	
434.761	483.8	
434.967	425.02	
435.173	454.92	
435.379	478.06	
435.585	552.82	
435.791	577.19	
435.996	698.63	
436.202	755.15	
436.408	735.7	
436.614	704.16	
436.82	736.93	
437.026	670.57	
437.232	660.95	
437.438	677.74	
437.644	626.13	
437.849	629.2	
438.055	632.07	
438.261	625.31	
438.467	619.37	
438.673	682.86	
438.878	647.43	
439.084	693.1	
439.29	749.42	
439.496	824.38	
439.701	870.86	
439.907	886.84	
440.113	869.43	
440.318	851.61	
440.524	823.56	
440.73	827.86	
440.935	863.49	
441.141	868.61	
441.347	970.19	
441.552	984.94	
441.758	1015.04	
441.964	1007.46	
442.169	1078.94	
442.375	1022	
442.58	1099.21	
442.786	1155.53	
442.991	1203.25	
443.197	1181.95	
443.402	1238.88	
443.608	1275.95	
443.813	1339.44	
444.019	1407.23	
444.224	1473.58	
444.43	1453.51	
444.635	1476.04	
444.841	1415.62	
445.046	1507.99	
445.252	1523.14	
445.457	1570.45	
445.662	1548.33	
445.868	1571.27	
446.073	1525.19	
446.278	1543.01	
446.484	1577.21	
446.689	1639.88	
446.894	1699.06	
447.1	1741.05	
447.305	1869.45	
447.51	1966.53	
447.716	1992.54	
447.921	2059.51	
448.126	2155.15	
448.331	2139.99	
448.537	2197.13	
448.742	2320.83	
448.947	2321.65	
449.152	2340.08	
449.357	2472.99	
449.563	2527.26	
449.768	2535.25	
449.973	2612.46	
450.178	2673.69	
450.383	2598.33	
450.588	2598.12	
450.793	2651.57	
450.999	2782.85	
451.204	2807.01	
451.409	2900.61	
451.614	2958.56	
451.819	3024.71	
452.024	3008.94	
452.229	3094.55	
452.434	3208.01	
452.639	3268.22	
452.844	3376.76	
453.049	3420.18	
453.254	3452.74	
453.459	3505.99	
453.664	3602.65	
453.869	3665.73	
454.074	3794.54	
454.279	3930.73	
454.483	3996.06	
454.688	4061.6	
454.893	4170.96	
455.098	4213.97	
455.303	4228.92	
455.508	4305.1	
455.713	4395.62	
455.917	4411.6	
456.122	4562.74	
456.327	4667.8	
456.532	4810.75	
456.737	4827.95	
456.941	4885.91	
457.146	4889.39	
457.351	4942.02	
457.555	4893.28	
457.76	4993.43	
457.965	5009.2	
458.17	5021.69	
458.374	5080.87	
458.579	5148.66	
458.784	5088.66	
458.988	5088.66	
459.193	5060.19	
459.397	5039.91	
459.602	5003.05	
459.807	5090.7	
460.011	5058.14	
460.216	5075.96	
460.42	5000.8	
460.625	4977.04	
460.829	4947.76	
461.034	4964.75	
461.239	4909.66	
461.443	4936.7	
461.648	4928.91	
461.852	4877.31	
462.056	4893.89	
462.261	4928.51	
462.465	4967.83	
462.67	4951.03	
462.874	4863.38	
463.079	4805.22	
463.283	4743.78	
463.487	4630.53	
463.692	4556.59	
463.896	4519.73	
464.1	4446	
464.305	4378.01	
464.509	4339.1	
464.713	4358.76	
464.918	4438.63	
465.122	4458.91	
465.326	4452.15	
465.531	4431.05	
465.735	4430.85	
465.939	4379.04	
466.143	4358.56	
466.348	4372.69	
466.552	4315.96	
466.756	4271.93	
466.96	4259.43	
467.164	4244.28	
467.368	4215.61	
467.573	4250.63	
467.777	4184.89	
467.981	4136.76	
468.185	4085.97	
468.389	4130.41	
468.593	4058.94	
468.797	4079.21	
469.001	4089.04	
469.205	4132.66	
469.409	4124.68	
469.613	4181.2	
469.817	4191.65	
470.021	4208.44	
470.225	4211.1	
470.429	4176.29	
470.633	4182.63	
470.837	4197.59	
471.041	4166.46	
471.245	4123.45	
471.449	4112.39	
471.653	4102.15	
471.857	4109.11	
472.061	4099.9	
472.265	4134.51	
472.469	4146.59	
472.673	4148.23	
472.876	4167.28	
473.08	4200.45	
473.284	4264.76	
473.488	4261.28	
473.692	4357.74	
473.895	4397.26	
474.099	4427.16	
474.303	4383.13	
474.507	4419.58	
474.71	4348.93	
474.914	4288.11	
475.118	4286.88	
475.322	4325.79	
475.525	4309.4	
475.729	4390.3	
475.933	4412.62	
476.136	4511.74	
476.34	4525.67	
476.543	4608.61	
476.747	4600.83	
476.951	4657.97	
477.154	4569.09	
477.358	4636.87	
477.561	4601.44	
477.765	4576.46	
477.969	4522.19	
478.172	4505.19	
478.376	4414.06	
478.579	4397.26	
478.783	4358.96	
478.986	4363.68	
479.19	4372.28	
479.393	4399.11	
479.596	4421.43	
479.8	4505.8	
480.003	4456.65	
480.207	4417.13	
480.41	4344.42	
480.614	4308.18	
480.817	4202.09	
481.02	4303.47	
481.224	4337.67	
481.427	4377.4	
481.63	4378.63	
481.834	4386.61	
482.037	4256.57	
482.24	4242.44	
482.443	4198.61	
482.647	4147.82	
482.85	4147.2	
483.053	4208.03	
483.256	4159.9	
483.46	4199.22	
483.663	4217.86	
483.866	4269.88	
484.069	4255.13	
484.272	4273.77	
484.476	4273.36	
484.679	4331.73	
484.882	4358.35	
485.085	4350.57	
485.288	4376.99	
485.491	4433.51	
485.694	4413.44	
485.897	4424.3	
486.101	4493.52	
486.304	4576.66	
486.507	4501.71	
486.71	4515.43	
486.913	4483.48	
487.116	4454.4	
487.319	4434.33	
487.522	4517.89	
487.725	4627.45	
487.928	4670.67	
488.13	4730.47	
488.333	4805.22	
488.536	4870.55	
488.739	4843.31	
488.942	4903.93	
489.145	4925.23	
489.348	4924.82	
489.551	4877.1	
489.754	4872.8	
489.956	4811.98	
490.159	4796.82	
490.362	4765.08	
490.565	4758.73	
490.768	4780.23	
490.97	4944.68	
491.173	5054.25	
491.376	5069.61	
491.579	5132.07	
491.781	5204.98	
491.984	5098.69	
492.187	5088.04	
492.39	5119.79	
492.592	5134.12	
492.795	5143.54	
492.998	5144.57	
493.2	5123.27	
493.403	5145.38	
493.605	5228.74	
493.808	5215.22	
494.011	5272.15	
494.213	5313.11	
494.416	5387.45	
494.618	5363.49	
494.821	5378.24	
495.023	5437.83	
495.226	5509.31	
495.428	5468.14	
495.631	5450.33	
495.833	5466.3	
496.036	5403.63	
496.238	5295.3	
496.441	5337.07	
496.643	5306.36	
496.846	5292.22	
497.048	5319.87	
497.25	5428	
497.453	5429.44	
497.655	5533.07	
497.858	5587.34	
498.06	5611.3	
498.262	5529.38	
498.465	5516.68	
498.667	5490.47	
498.869	5485.14	
499.071	5490.88	
499.274	5546.99	
499.476	5522.83	
499.678	5480.02	
499.881	5447.05	
500.083	5448.89	
500.285	5428	
500.487	5545.76	
500.689	5613.35	
500.892	5638.95	
501.094	5615.8	
501.296	5728.85	
501.498	5688.71	
501.7	5640.58	
501.902	5694.65	
502.104	5748.92	
502.306	5687.28	
502.509	5694.04	
502.711	5705.09	
502.913	5701.41	
503.115	5683.59	
503.317	5738.68	
503.519	5756.7	
503.721	5854.6	
503.923	5951.47	
504.125	6026.22	
504.327	6029.29	
504.529	6084.58	
504.731	6062.87	
504.933	6035.23	
505.134	5996.52	
505.336	6014.75	
505.538	6000	
505.74	6021.51	
505.942	5986.08	
506.144	6054.68	
506.346	6025.6	
506.548	6103.63	
506.749	6148.07	
506.951	6211.56	
507.153	6186.98	
507.355	6198.25	
507.557	6174.28	
507.758	6164.66	
507.96	6076.8	
508.162	6091.96	
508.363	6103.83	
508.565	6082.74	
508.767	6032.36	
508.969	6117.76	
509.17	6148.48	
509.372	6202.34	
509.574	6148.07	
509.775	6173.67	
509.977	6103.02	
510.178	6120.63	
510.38	6068.81	
510.582	6096.46	
510.783	6066.15	
510.985	6122.47	
511.186	6060.21	
511.388	6171.83	
511.589	6294.5	
511.791	6389.73	
511.992	6472.88	
512.194	6592.48	
512.395	6583.06	
512.597	6654.12	
512.798	6719.66	
513	6751.2	
513.201	6806.7	
513.403	6899.47	
513.604	6814.48	
513.805	6764.71	
514.007	6718.43	
514.208	6626.48	
514.409	6551.32	
514.611	6592.07	
514.812	6693.85	
515.013	6832.91	
515.215	6923.84	
515.416	6937.56	
515.617	6918.52	
515.819	6892.71	
516.02	6835.16	
516.221	6862.81	
516.422	6880.83	
516.623	6905.61	
516.825	6885.75	
517.026	6889.23	
517.227	6856.26	
517.428	6877.76	
517.629	6945.55	
517.83	7051.63	
518.032	7090.75	
518.233	7141.13	
518.434	7148.3	
518.635	7171.44	
518.836	7108.57	
519.037	7111.23	
519.238	7123.11	
519.439	7151.78	
519.64	7092.8	
519.841	7119.83	
520.042	7089.73	
520.243	7059.01	
520.444	7057.98	
520.645	7087.06	
520.846	7087.68	
521.047	7173.69	
521.248	7225.51	
521.449	7328.93	
521.65	7420.06	
521.851	7625.07	
522.052	7627.32	
522.252	7716.61	
522.453	7671.96	
522.654	7605	
522.855	7464.1	
523.056	7398.36	
523.257	7303.74	
523.457	7330.98	
523.658	7385.66	
523.859	7386.07	
524.06	7421.91	
524.26	7438.7	
524.461	7447.1	
524.662	7479.05	
524.862	7471.67	
525.063	7573.25	
525.264	7698.18	
525.464	7757.98	
525.665	7825.15	
525.866	8002.92	
526.066	8011.93	
526.267	7999.23	
526.468	7946.19	
526.668	7907.89	
526.869	7791.77	
527.069	7658.04	
527.27	7579.6	
527.47	7577.76	
527.671	7459.18	
527.871	7371.94	
528.072	7432.97	
528.272	7381.56	
528.473	7358.01	
528.673	7432.97	
528.874	7399.38	
529.074	7324.42	
529.275	7313.98	
529.475	7247.83	
529.675	7072.93	
529.876	7032.79	
530.076	6948.62	
530.277	6841.72	
530.477	6759.59	
530.677	6723.14	
530.878	6691.4	
531.078	6778.84	
531.278	6810.18	
531.478	6846.84	
531.679	6889.84	
531.879	6880.83	
532.079	6803.83	
532.28	6721.09	
532.48	6590.02	
532.68	6500.73	
532.88	6475.75	
533.08	6426.8	
533.28	6432.74	
533.481	6459.57	
533.681	6504.62	
533.881	6508.1	
534.081	6493.56	
534.281	6504.01	
534.481	6495.41	
534.681	6531.25	
534.881	6570.98	
535.081	6565.04	
535.281	6542.1	
535.481	6606.82	
535.682	6526.94	
535.882	6441.95	
536.082	6454.45	
536.281	6415.33	
536.481	6364.95	
536.681	6371.91	
536.881	6332.39	
537.081	6218.93	
537.281	6185.96	
537.481	6058.16	
537.681	5950.24	
537.881	5835.96	
538.081	5829.82	
538.281	5760.19	
538.48	5695.47	
538.68	5649.39	
538.88	5680.31	
539.08	5600.03	
539.28	5504.39	
539.479	5525.28	
539.679	5473.88	
539.879	5358.99	
540.079	5328.27	
540.278	5300.83	
540.478	5203.96	
540.678	5162.59	
540.877	5237.13	
541.077	5212.97	
541.277	5307.79	
541.476	5485.76	
541.676	5600.85	
541.876	5684	
542.075	5831.04	
542.275	5880.81	
542.474	5863.81	
542.674	5965.6	
542.874	5980.34	
543.073	6024.78	
543.273	6084.79	
543.472	6141.52	
543.672	6118.37	
543.871	6044.44	
544.071	5909.69	
544.27	5780.87	
544.47	5434.76	
544.669	5027.83	
544.868	4558.44	
545.068	4069.18	
545.267	3493.7	
545.467	3130.8	
545.666	2664.27	
545.865	2341.72	
546.065	1966.94	
546.264	1660.77	
546.463	1323.47	
546.663	1142.43	
546.862	942.34	
547.061	820.69	
547.261	734.88	
547.46	681.22	
547.659	577.19	
547.858	562.44	
548.058	505.1	
548.257	463.93	
548.456	383.86	
548.655	368.91	
548.854	284.53	
549.053	319.55	
549.253	258.11	
549.452	227.6	
549.651	238.25	
549.85	299.48	
550.049	231.9	
550.248	217.36	
550.447	232.1	
550.646	216.95	
550.845	163.09	
551.044	141.58	
551.243	127.86	
551.442	126.22	
551.641	101.44	
551.84	144.25	
552.039	177.22	
552.238	206.5	
552.437	172.3	
552.636	152.64	
552.835	75.84	
553.034	87.52	
553.233	75.43	
553.432	83.22	
553.63	102.06	
553.829	109.43	
554.028	32.63	
554.227	37.34	
554.426	42.67	
554.625	53.73	
554.823	39.8	
555.022	91.2	
555.221	128.27	
555.42	128.07	
555.618	145.06	
555.817	135.44	
556.016	107.38	
556.214	89.97	
556.413	70.31	
556.612	48.4	
556.81	61.3	
557.009	76.25	
557.208	52.5	
557.406	75.02	
557.605	52.91	
557.803	44.3	
558.002	39.18	
558.201	-25.74	
558.399	-28.6	
558.598	-78.16	
558.796	-66.9	
558.995	-80.83	
559.193	-18.57	
559.392	-51.95	
559.59	20.34	
559.789	35.5	
559.987	97.76	
560.185	144.45	
560.384	147.73	
560.582	146.09	
560.781	190.53	
560.979	167.59	
561.177	96.32	
561.376	104.72	
561.574	143.22	
561.772	-1.98	
561.971	24.85	
562.169	38.16	
562.367	1.5	
562.566	-61.78	
562.764	-11.4	
562.962	-70.59	
563.16	-104.99	
563.358	-41.71	
563.557	-33.72	
563.755	-6.49	
563.953	5.39	
564.151	62.12	
564.349	85.88	
564.547	119.26	
564.746	115.98	
564.944	91.41	
565.142	71.95	
565.34	15.22	
565.538	-34.54	
565.736	-19.18	
565.934	-36.18	
566.132	-38.43	
566.33	-8.12	
566.528	60.48	
566.726	15.84	
566.924	75.23	
567.122	47.17	
567.32	12.77	
567.518	-24.1	
567.716	-18.16	
567.914	-46.22	
568.112	-35.57	
568.31	8.46	
568.507	10.1	
568.705	-31.47	
568.903	-52.56	
569.101	-23.28	
569.299	2.94	
569.497	7.65	
569.694	59.66	
569.892	75.23	
570.09	86.49	
570.288	10.72	
570.486	2.94	
570.683	41.44	
570.881	18.09	
571.079	-21.23	
571.276	5.6	
571.474	-6.49	
571.672	-65.67	
571.869	-34.95	
572.067	-16.52	
572.265	-8.94	
572.462	41.64	
572.66	96.32	
572.857	122.33	
573.055	156.94	
573.253	154.08	
573.45	95.3	
573.648	100.42	
573.845	65.19	
574.043	38.77	
574.24	21.78	
574.438	-19.59	
574.635	-54.2	
574.832	-77.55	
575.03	-71.2	
575.227	33.25	
575.425	54.75	
575.622	23.62	
575.82	37.75	
576.017	62.74	
576.214	-14.06	
576.412	33.25	
576.609	21.37	
576.806	7.44	
577.004	-26.15	
577.201	-25.53	
577.398	0.48	
577.595	109.02	
577.793	153.87	
577.99	160.01	
578.187	113.94	
578.384	69.49	
578.582	-13.45	
578.779	13.58	
578.976	20.34	
579.173	102.47	
579.37	110.66	
579.567	152.23	
579.764	103.49	
579.962	94.89	
580.159	69.08	
580.356	83.22	
580.553	84.85	
580.75	112.3	
580.947	126.02	
581.144	166.57	
581.341	133.39	
581.538	146.5	
581.735	109.43	
581.932	108.2	
582.129	0.27	
582.326	27.31	
582.523	-19.8	
582.72	-24.3	
582.916	-58.91	
583.113	-40.89	
583.31	-73.25	
583.507	-59.53	
583.704	12.56	
583.901	92.02	
584.098	96.73	
584.294	143.02	
584.491	123.56	
584.688	74.82	
584.885	-7.1	
585.082	115.37	
585.278	140.97	
585.475	156.94	
585.672	140.35	
585.868	159.4	
586.065	62.94	
586.262	-29.01	
586.458	-13.04	
586.655	48.2	
586.852	16.25	
587.048	-6.69	
587.245	-11.81	
587.442	54.13	
587.638	32.43	
587.835	109.02	
588.031	127.45	
588.228	169.44	
588.424	94.89	
588.621	103.7	
588.817	45.94	
589.014	114.34	
589.21	109.02	
589.407	89.56	
589.603	26.9	
589.8	77.48	
589.996	44.3	
590.192	42.05	
590.389	74	
590.585	99.6	
590.782	24.23	
590.978	74.41	
591.174	70.93	
591.371	59.46	
591.567	76.46	
591.763	94.07	
591.959	33.45	
592.156	40.62	
592.352	35.09	
592.548	42.26	
592.744	56.8	
592.941	15.02	
593.137	-7.92	
593.333	-20.82	
593.529	37.55	
593.725	60.28	
593.922	44.71	
594.118	104.92	
594.314	65.19	
594.51	17.68	
594.706	-41.51	
594.902	53.73	
595.098	7.85	
595.294	64.17	
595.49	-5.87	
595.686	57.41	
595.882	-34.34	
596.078	28.33	
596.274	25.46	
596.47	93.25	
596.666	81.78	
596.862	84.65	
597.058	66.01	
597.254	88.95	
597.45	50.45	
597.646	79.73	
597.842	111.48	
598.037	156.53	
598.233	164.93	
598.429	203.43	
598.625	127.66	
598.821	100.21	
599.017	0.68	
599.212	14.81	
599.408	29.76	
599.604	47.79	
599.8	57	
599.995	45.33	
600.191	-3.82	
600.387	-63.42	
600.582	-46.63	
600.778	-4.03	
600.974	24.44	
601.169	12.15	
601.365	37.75	
601.561	-16.73	
601.756	-83.08	
601.952	-73.66	
602.147	-96.39	
602.343	-79.39	
602.538	-12.83	
602.734	14.61	
602.93	31.4	
603.125	76.66	
603.321	73.39	
603.516	58.84	
603.711	60.69	
603.907	37.96	
604.102	36.52	
604.298	56.8	
604.493	44.51	
604.689	94.48	
604.884	87.93	
605.079	66.63	
605.275	24.23	
605.47	28.74	
605.665	14.61	
605.861	63.76	
606.056	73.18	
606.251	25.26	
606.447	37.14	
606.642	7.24	
606.837	-52.15	
607.032	4.57	
607.227	9.69	
607.423	6.21	
607.618	1.5	
607.813	-9.56	
608.008	-62.19	
608.203	54.75	
608.398	108	
608.594	68.88	
608.789	85.47	
608.984	134.21	
609.179	91.2	
609.374	15.02	
609.569	62.33	
609.764	22.8	
609.959	-21.03	
610.154	-51.34	
610.349	-7.71	
610.544	-18.77	
610.739	33.65	
610.934	41.03	
611.129	86.49	
611.324	90.59	
611.519	126.63	
611.714	155.3	
611.909	125.81	
612.103	158.38	
612.298	138.92	
612.493	139.94	
612.688	132.57	
612.883	178.24	
613.078	67.45	
613.272	134.01	
613.467	128.68	
613.662	147.93	
613.857	172.1	
614.051	254.63	
614.246	171.07	
614.441	132.16	
614.635	30.38	
614.83	-23.07	
615.025	-96.6	
615.219	-95.37	
615.414	-126.09	
615.609	-68.54	
615.803	-74.89	
615.998	9.08	
616.192	32.02	
616.387	89.36	
616.582	141.99	
616.776	186.43	
616.971	130.52	
617.165	99.6	
617.36	43.69	
617.554	12.56	
617.749	27.31	
617.943	41.85	
618.138	56.8	
618.332	80.76	
618.526	38.98	
618.721	-5.26	
618.915	17.07	
619.11	34.27	
619.304	1.09	
619.498	11.13	
619.693	59.87	
619.887	14.2	
620.081	-30.45	
620.275	19.73	
620.47	39.18	
620.664	15.84	
620.858	8.26	
621.052	31.4	
621.247	52.29	
621.441	49.22	
621.635	23.21	
621.829	63.15	
622.023	60.69	
622.218	78.1	
622.412	69.29	
622.606	49.01	
622.8	34.88	
622.994	32.84	
623.188	-40.89	
623.382	-46.83	
623.576	-23.48	
623.77	-51.34	
623.964	-21.03	
624.158	19.11	
624.352	-37.41	
624.546	-33.11	
624.74	11.74	
624.934	-33.31	
625.128	-26.76	
625.322	33.25	
625.516	44.3	
625.71	-13.45	
625.904	-20.21	
626.098	9.69	
626.291	37.96	
626.485	21.57	
626.679	44.51	
626.873	145.06	
627.067	95.3	
627.26	109.84	
627.454	134.42	
627.648	168.41	
627.842	86.9	
628.035	100.21	
628.229	62.94	
628.423	3.14	
628.617	-26.76	
628.81	-31.68	
629.004	-51.13	
629.198	-34.54	
629.391	-16.73	
629.585	43.49	
629.778	38.57	
629.972	87.11	
630.166	83.22	
630.359	82.19	
630.553	21.16	
630.746	68.68	
630.94	70.52	
631.133	1.09	
631.327	2.12	
631.52	-6.49	
631.714	-47.44	
631.907	-86.77	
632.1	10.92	
632.294	58.44	
632.487	85.88	
632.681	110.45	
632.874	126.84	
633.067	138.72	
633.261	101.85	
633.454	94.89	
633.647	104.31	
633.841	72.16	
634.034	54.75	
634.227	48.81	
634.421	24.85	
634.614	9.49	
634.807	15.22	
635	-58.91	
635.193	-10.38	
635.387	-21.23	
635.58	-42.12	
635.773	-28.4	
635.966	28.94	
636.159	9.28	
636.352	-27.58	
636.545	-32.9	
636.739	-67.31	
636.932	-84.72	
637.125	-127.32	
637.318	-98.85	
637.511	-39.05	
637.704	-29.63	
637.897	-5.46	
638.09	-2.18	
638.283	56.18	
638.476	50.24	
638.669	78.51	
638.862	88.95	
639.055	77.48	
639.247	60.28	
639.44	2.12	
639.633	32.22	
639.826	-34.13	
640.019	-6.28	
640.212	-11.4	
640.405	21.57	
640.597	-35.36	
640.79	23.21	
640.983	25.46	
641.176	-4.23	
641.368	30.58	
641.561	77.69	
641.754	14.81	
641.947	54.13	
642.139	108.2	
642.332	45.33	
642.525	54.13	
642.717	102.47	
642.91	27.51	
643.103	-13.65	
643.295	-14.68	
643.488	-54.61	
643.68	-98.03	
643.873	-53.59	
644.065	-55.84	
644.258	-36.8	
644.45	-44.99	
644.643	-28.4	
644.835	-50.31	
645.028	-80.01	
645.22	-102.13	
645.413	-118.1	
645.605	-122.61	
645.798	-129.16	
645.99	-37.61	
646.182	-6.28	
646.375	29.15	
646.567	44.71	
646.76	25.26	
646.952	-22.66	
647.144	-46.63	
647.337	-76.32	
647.529	-72.43	
647.721	-7.92	
647.913	1.71	
648.106	-7.71	
648.298	-12.42	
648.49	-36.39	
648.682	-137.76	
648.874	-129.98	
649.067	-122.2	
649.259	-110.93	
649.451	-115.23	
649.643	-42.94	
649.835	-5.67	
650.027	35.91	
650.219	35.7	
650.411	56.8	
650.603	30.99	
650.796	19.73	
650.988	13.79	
651.18	73.39	
651.372	111.89	
651.564	121.31	
651.756	67.45	
651.948	73.39	
652.139	-0.55	
652.331	-47.24	
652.523	-16.93	
652.715	-17.34	
652.907	-30.65	
653.099	0.68	
653.291	12.36	
653.483	-17.54	
653.674	13.99	
653.866	20.75	
654.058	-5.05	
654.25	-7.3	
654.442	-24.92	
654.633	-90.86	
654.825	-110.73	
655.017	-77.34	
655.209	-98.44	
655.4	-54.61	
655.592	-72.23	
655.784	-27.99	
655.975	-37.61	
656.167	-21.64	
656.359	-48.47	
656.55	3.96	
656.742	-67.51	
656.933	-7.3	
657.125	-4.44	
657.316	-18.77	
657.508	-48.47	
657.7	20.34	
657.891	-70.18	
658.083	-42.94	
658.274	11.54	
658.466	50.65	
658.657	45.33	
658.848	25.26	
659.04	33.04	
659.231	-23.48	
659.423	-30.24	
659.614	-64.44	
659.805	39.8	
659.997	69.9	
660.188	118.44	
660.379	130.11	
660.571	119.67	
660.762	48.4	
660.953	-14.68	
661.145	-20.62	
661.336	-57.07	
661.527	118.03	
661.718	173.74	
661.909	155.51	
662.101	152.44	
662.292	190.73	
662.483	-10.17	
662.674	-58.09	
662.865	-35.16	
663.056	-72.84	
663.247	-116.26	
663.439	-61.78	
663.63	-62.39	
663.821	-99.46	
664.012	-57.27	
664.203	11.13	
664.394	24.44	
664.585	60.89	
664.776	55.57	
664.967	57	
665.158	16.25	
665.349	58.23	
665.54	14.2	
665.73	83.01	
665.921	12.36	
666.112	15.84	
666.303	-51.13	
666.494	53.93	
666.685	15.63	
666.876	93.87	
667.066	92.43	
667.257	119.87	
667.448	-9.15	
667.639	-6.49	
667.83	-51.13	
668.02	-57.68	
668.211	-117.08	
668.402	-38.02	
668.592	-80.83	
668.783	-77.75	
668.974	-52.97	
669.164	-2.18	
669.355	-21.64	
669.546	30.99	
669.736	53.93	
669.927	28.13	
670.117	-27.78	
670.308	-40.69	
670.499	-92.7	
670.689	-108.06	
670.88	-138.78	
671.07	-84.51	
671.261	-79.6	
671.451	-3.21	
671.641	-47.04	
671.832	10.31	
672.022	-8.74	
672.213	-45.4	
672.403	-87.38	
672.594	-15.7	
672.784	-5.87	
672.974	5.19	
673.165	-16.73	
673.355	4.16	
673.545	43.08	
673.736	74.82	
673.926	2.73	
674.116	68.47	
674.306	22.39	
674.497	-43.76	
674.687	-109.91	
674.877	-91.68	
675.067	-114.62	
675.257	-68.54	
675.448	-73.04	
675.638	-42.53	
675.828	-49.29	
676.018	-9.56	
676.208	-41.3	
676.398	-17.54	
676.588	-49.49	
676.778	-29.01	
676.968	-61.37	
677.158	-18.98	
677.348	-66.7	
677.538	-80.42	
677.728	-53.18	
677.918	-51.95	
678.108	-80.21	
678.298	-34.34	
678.488	-29.42	
678.678	-3.41	
678.868	7.85	
679.058	-1.37	
679.248	-26.15	
679.438	-20.41	
679.627	-36.39	
679.817	-49.29	
680.007	-38.84	
680.197	-31.27	
680.387	-38.64	
680.576	-30.86	
680.766	-52.97	
680.956	-61.17	
681.146	-15.7	
681.335	-4.44	
681.525	-54.2	
681.715	-23.89	
681.904	9.49	
682.094	-20.41	
682.284	-12.42	
682.473	16.04	
682.663	53.11	
682.852	40	
683.042	54.13	
683.231	53.32	
683.421	52.7	
683.61	10.1	
683.8	-10.38	
683.989	-38.43	
684.179	-23.69	
684.368	-67.51	
684.558	-75.3	
684.747	-68.33	
684.937	-107.86	
685.126	-107.25	
685.316	-79.6	
685.505	-121.99	
685.694	-81.44	
685.884	28.94	
686.073	-14.27	
686.262	-19.18	
686.452	48.4	
686.641	37.14	
686.83	-17.54	
687.019	-6.08	
687.209	6.21	
687.398	24.23	
687.587	-7.71	
687.776	-39.46	
687.965	-59.12	
688.155	-81.65	
688.344	-155.78	
688.533	-141.65	
688.722	-149.02	
688.911	-47.44	
689.1	30.17	
689.289	101.85	
689.478	109.22	
689.667	143.63	
689.856	2.73	
690.045	-53.79	
690.234	-107.45	
690.423	-66.7	
690.612	-96.6	
690.801	-7.3	
690.99	-12.42	
691.179	33.86	
691.368	-11.2	
691.557	67.24	
691.746	30.38	
691.935	28.94	
692.124	-25.53	
692.312	-13.04	
692.501	-83.69	
692.69	-50.72	
692.879	-49.7	
693.068	-33.52	
693.256	-54	
693.445	16.86	
693.634	-28.6	
693.823	-40.69	
694.011	-32.08	
694.2	-13.24	
694.389	-99.87	
694.577	-83.49	
694.766	-75.3	
694.955	-74.27	
695.143	-100.69	
695.332	-45.19	
695.52	-47.24	
695.709	0.68	
695.897	-4.23	
696.086	-12.42	
696.275	-73.66	
696.463	-55.84	
696.652	-112.37	
696.84	-85.74	
697.028	-86.56	
697.217	-46.63	
697.405	-19.39	
697.594	19.32	
697.782	-1.77	
697.971	9.69	
698.159	11.54	
698.347	21.16	
698.536	26.08	
698.724	53.73	
698.912	40.62	
699.1	59.46	
699.289	73.18	
699.477	49.42	
699.665	12.56	
699.854	9.69	
700.042	2.53	
700.23	-25.74	
700.418	-15.5	
700.606	-10.58	
700.794	10.31	
700.983	21.16	
701.171	20.75	
701.359	16.25	
701.547	58.44	
701.735	61.92	
701.923	9.08	
702.111	-43.76	
702.299	-80.42	
702.487	-76.12	
702.675	-108.47	
702.863	-95.16	
703.051	-81.85	
703.239	-13.86	
703.427	-69.36	
703.615	-69.56	
703.803	-78.37	
703.991	-22.46	
704.179	-48.88	
704.367	8.06	
704.554	52.5	
704.742	78.51	
704.93	108.82	
705.118	137.69	
705.306	62.12	
705.493	58.64	
705.681	15.43	
705.869	19.93	
706.057	-20.41	
706.244	16.86	
706.432	0.07	
706.62	53.52	
706.807	-52.97	
706.995	-7.71	
707.183	-53.18	
707.37	-24.51	
707.558	-15.5	
707.746	100.83	
707.933	96.73	
708.121	198.11	
708.308	182.34	
708.496	172.92	
708.683	78.92	
708.871	119.67	
709.058	49.83	
709.246	63.35	
709.433	27.1	
709.621	85.67	
709.808	57.62	
709.995	172.51	
710.183	220.43	
710.37	290.27	
710.558	313.61	
710.745	357.03	
710.932	336.75	
711.12	364.61	
711.307	358.87	
711.494	352.52	
711.681	333.27	
711.869	243.37	
712.056	192.78	
712.243	195.65	
712.43	114.14	
712.618	89.97	
712.805	64.99	
712.992	21.16	
713.179	-42.94	
713.366	-14.47	
713.553	4.37	
713.74	20.34	
713.928	-25.94	
714.115	31.2	
714.302	-0.75	
714.489	-20.62	
714.676	-36.39	
714.863	47.38	
715.05	31.2	
715.237	19.11	
715.424	-46.42	
715.611	37.14	
715.798	12.77	
715.984	-2.8	
716.171	42.26	
716.358	73.18	
716.545	22.19	
716.732	32.63	
716.919	-12.01	
717.106	-52.15	
717.293	-37.2	
717.479	-8.74	
717.666	-96.19	
717.853	-70.18	
718.04	-26.76	
718.226	-16.73	
718.413	-95.37	
718.6	-12.42	
718.786	-6.08	
718.973	16.66	
719.16	-49.08	
719.346	-2.59	
719.533	-44.78	
719.72	-6.69	
719.906	-71	
720.093	-7.1	
720.279	-60.35	
720.466	-26.96	
720.652	-15.29	
720.839	40.82	
721.025	37.75	
721.212	78.51	
721.398	67.65	
721.585	61.3	
721.771	28.74	
721.958	-20.82	
722.144	13.18	
722.331	-49.08	
722.517	-114	
722.703	-91.48	
722.89	-106.02	
723.076	-124.86	
723.262	-38.23	
723.449	-37.82	
723.635	-92.3	
723.821	-64.65	
724.007	-104.58	
724.194	-152.51	
724.38	-128.95	
724.566	-96.39	
724.752	-66.08	
724.938	-3.21	
725.125	66.01	
725.311	114.34	
725.497	91.2	
725.683	66.83	
725.869	19.52	
726.055	-21.85	
726.241	-71.2	
726.427	-48.67	
726.613	-55.84	
726.799	21.78	
726.985	-23.69	
727.171	22.6	
727.357	67.45	
727.543	121.72	
727.729	58.64	
727.915	108.82	
728.101	74.2	
728.287	28.33	
728.473	0.68	
728.659	-8.74	
728.845	-31.47	
729.03	-67.31	
729.216	-49.29	
729.402	-98.85	
729.588	-90.66	
729.774	-95.37	
729.959	-78.37	
730.145	-52.77	
730.331	3.96	
730.517	23.21	
730.702	48.61	
730.888	82.19	
731.074	-6.69	
731.259	-8.33	
731.445	10.31	
731.63	-3.82	
731.816	-44.99	
732.002	80.35	
732.187	122.33	
732.373	105.13	
732.558	123.77	
732.744	196.88	
732.929	139.33	
733.115	45.94	
733.3	-29.01	
733.486	-42.32	
733.671	-129.77	
733.857	-153.32	
734.042	-105.2	
734.227	-55.64	
734.413	-5.87	
734.598	65.19	
734.784	37.96	
734.969	30.17	
735.154	68.68	
735.339	36.32	
735.525	48.81	
735.71	126.02	
735.895	71.54	
736.081	40.41	
736.266	45.53	
736.451	3.35	
736.636	24.03	
736.821	62.74	
737.007	60.28	
737.192	81.37	
737.377	56.39	
737.562	-16.32	
737.747	14.61	
737.932	50.65	
738.117	10.72	
738.302	91	
738.487	113.32	
738.672	84.44	
738.857	91.82	
739.042	136.67	
739.227	166.98	
739.412	159.2	
739.597	172.51	
739.782	217.97	
739.967	164.52	
740.152	147.11	
740.337	200.56	
740.522	250.33	
740.706	248.9	
740.891	366.04	
741.076	371.16	
741.261	391.23	
741.446	406.18	
741.63	393.07	
741.815	383.45	
742	344.13	
742.185	342.9	
742.369	351.91	
742.554	337.78	
742.739	340.44	
742.923	418.67	
743.108	442.43	
743.293	474.17	
743.477	484.62	
743.662	499.36	
743.846	479.5	
744.031	488.71	
744.216	470.08	
744.4	541.96	
744.585	528.85	
744.769	570.63	
744.954	569.81	
745.138	569.81	
745.322	548.31	
745.507	514.31	
745.691	467.41	
745.876	430.55	
746.06	444.07	
746.244	444.89	
746.429	487.08	
746.613	468.03	
746.798	493.42	
746.982	431.78	
747.166	429.53	
747.35	369.32	
747.535	358.05	
747.719	347.4	
747.903	417.24	
748.087	357.44	
748.272	361.74	
748.456	393.28	
748.64	366.65	
748.824	315.05	
749.008	337.16	
749.192	308.49	
749.376	258.73	
749.56	249.72	
749.745	218.59	
749.929	228.83	
750.113	260.77	
750.297	231.08	
750.481	264.67	
750.665	291.29	
750.849	252.17	
751.033	243.57	
751.217	235.58	
751.4	208.14	
751.584	186.43	
751.768	202.41	
751.952	181.72	
752.136	206.5	
752.32	161.04	
752.504	183.77	
752.688	189.91	
752.871	183.77	
753.055	177.01	
753.239	194.83	
753.423	200.36	
753.606	157.56	
753.79	212.24	
753.974	227.39	
754.157	236.2	
754.341	186.43	
754.525	174.35	
754.708	133.39	
754.892	120.49	
755.076	153.26	
755.259	200.15	
755.443	184.39	
755.626	217.97	
755.81	240.5	
755.993	213.26	
756.177	177.01	
756.36	234.15	
756.544	178.04	
756.727	151.21	
756.911	176.19	
757.094	209.58	
757.278	190.94	
757.461	188.89	
757.644	194.01	
757.828	151.41	
758.011	178.24	
758.195	187.87	
758.378	196.47	
758.561	188.69	
758.744	171.69	
758.928	192.17	
759.111	190.32	
759.294	240.29	
759.477	277.57	
759.661	319.55	
759.844	263.03	
760.027	243.57	
760.21	200.36	
760.393	191.96	
760.576	185.2	
760.76	158.58	
760.943	135.85	
761.126	210.19	
761.309	246.03	
761.492	246.64	
761.675	253.61	
761.858	294.36	
762.041	228.21	
762.224	126.84	
762.407	115.16	
762.59	146.09	
762.773	93.25	
762.956	72.36	
763.139	126.43	
763.321	157.97	
763.504	91	
763.687	146.91	
763.87	179.06	
764.053	178.24	
764.236	195.85	
764.418	252.38	
764.601	213.47	
764.784	227.6	
764.967	262	
765.149	227.19	
765.332	227.19	
765.515	278.8	
765.697	220.84	
765.88	185.2	
766.063	187.05	
766.245	170.66	
766.428	98.58	
766.611	111.07	
766.793	130.11	
766.976	169.03	
767.158	125.61	
767.341	202.61	
767.523	217.97	
767.706	224.12	
767.888	161.04	
768.071	294.77	
768.253	244.6	
768.436	263.85	
768.618	251.97	
768.8	333.27	
768.983	274.91	
769.165	291.08	
769.348	219.82	
769.53	196.88	
769.712	120.69	
769.895	90.18	
770.077	98.99	
770.259	134.21	
770.441	129.09	
770.624	192.99	
770.806	209.37	
770.988	190.73	
771.17	186.64	
771.352	255.04	
771.535	248.08	
771.717	245.21	
771.899	246.64	
772.081	318.53	
772.263	241.93	
772.445	208.96	
772.627	155.51	
772.809	156.53	
772.991	113.53	
773.173	171.28	
773.355	160.22	
773.537	194.83	
773.719	170.66	
773.901	215.1	
774.083	150.8	
774.265	116.6	
774.447	89.56	
774.629	123.77	
774.811	102.67	
774.992	152.64	
775.174	154.49	
775.356	216.13	
775.538	179.88	
775.72	129.5	
775.901	115.37	
776.083	122.13	
776.265	70.52	
776.447	139.53	
776.628	186.23	
776.81	161.86	
776.992	221.66	
777.173	242.55	
777.355	204.66	
777.537	234.36	
777.718	260.77	
777.9	251.97	
778.081	259.55	
778.263	292.11	
778.444	238.04	
778.626	213.47	
778.807	156.33	
778.989	124.38	
779.17	55.98	
779.352	-9.97	
779.533	-23.89	
779.715	40.82	
779.896	-10.58	
780.078	70.31	
780.259	151	
780.44	158.99	
780.622	118.85	
780.803	265.08	
780.984	222.48	
781.166	177.83	
781.347	181.93	
781.528	182.75	
781.709	103.7	
781.891	137.9	
782.072	171.28	
782.253	194.22	
782.434	176.81	
782.615	181.52	
782.796	145.06	
782.978	183.16	
783.159	191.76	
783.34	242.34	
783.521	235.99	
783.702	239.68	
783.883	214.08	
784.064	228.42	
784.245	168.41	
784.426	222.68	
784.607	191.14	
784.788	192.99	
784.969	121.92	
785.15	149.77	
785.331	32.84	
785.512	72.57	
785.692	50.86	
785.873	78.3	
786.054	48.61	
786.235	96.32	
786.416	99.19	
786.597	103.29	
786.777	77.69	
786.958	90.38	
787.139	94.89	
787.32	89.97	
787.5	92.02	
787.681	69.9	
787.862	74	
788.042	75.02	
788.223	67.04	
788.404	-7.92	
788.584	52.09	
788.765	72.77	
788.946	60.89	
789.126	55.36	
789.307	143.84	
789.487	155.3	
789.668	82.19	
789.848	58.64	
790.029	-2.39	
790.209	-41.92	
790.39	-107.86	
790.57	-92.3	
790.75	-2.18	
790.931	48.61	
791.111	22.6	
791.292	84.24	
791.472	115.57	
791.652	55.16	
791.833	40.41	
792.013	63.76	
792.193	-3.62	
792.373	29.56	
792.554	29.97	
792.734	43.49	
792.914	14.2	
793.094	72.77	
793.275	66.22	
793.455	36.32	
793.635	71.95	
793.815	111.27	
793.995	66.63	
794.175	45.53	
794.355	122.54	
794.535	117.42	
794.715	100.62	
794.896	108.2	
795.076	73.8	
795.256	78.71	
795.436	24.23	
795.616	62.74	
795.795	89.77	
795.975	107.59	
796.155	103.29	
796.335	131.14	
796.515	138.1	
796.695	174.76	
796.875	222.89	
797.055	187.66	
797.234	188.07	
797.414	165.34	
797.594	115.16	
797.774	76.25	
797.954	31.61	
798.133	36.73	
798.313	0.07	
798.493	27.92	
798.672	-9.76	
798.852	15.43	
799.032	-52.36	
799.211	-59.53	
799.391	-89.43	
799.571	-71.2	
799.75	-80.42	
799.93	20.96	
800.109	41.03	
800.289	34.68	
800.468	18.7	
800.648	21.16	
800.827	-29.63	
801.007	-20.82	
801.186	-55.23	
801.366	-24.92	
801.545	-0.14	
801.725	64.78	
801.904	0.68	
802.083	68.27	
802.263	56.18	
802.442	101.65	
802.621	32.63	
802.801	143.02	
802.98	144.04	
803.159	112.71	
803.338	18.5	
803.518	78.51	
803.697	-6.89	
803.876	-3.82	
804.055	28.54	
804.235	89.56	
804.414	14.2	
804.593	40.41	
804.772	1.71	
804.951	3.14	
805.13	-64.65	
805.309	-26.56	
805.488	-8.94	
805.667	25.87	
805.846	52.09	
806.025	81.99	
806.204	126.43	
806.383	97.55	
806.562	58.44	
806.741	36.73	
806.92	70.11	
807.099	7.65	
807.278	-30.04	
807.457	-19.39	
807.636	9.49	
807.814	6.21	
807.993	2.53	
808.172	57.21	
808.351	72.16	
808.53	52.7	
808.708	26.08	
808.887	29.15	
809.066	92.84	
809.244	76.46	
809.423	57.21	
809.602	56.59	
809.78	106.56	
809.959	36.52	
810.138	63.76	
810.316	77.69	
810.495	110.25	
810.673	28.33	
810.852	50.04	
811.03	66.01	
811.209	84.03	
811.388	69.9	
811.566	112.91	
811.744	120.08	
811.923	80.76	
812.101	63.35	
812.28	138.92	
812.458	159.2	
812.637	105.95	
812.815	111.68	
812.993	137.08	
813.172	108.82	
813.35	29.56	
813.528	84.85	
813.706	60.28	
813.885	46.15	
814.063	-21.64	
814.241	73.8	
814.419	77.69	
814.598	144.45	
814.776	137.9	
814.954	131.75	
815.132	108	
815.31	97.55	
815.488	1.3	
815.666	-34.75	
815.844	-51.13	
816.022	-98.85	
816.201	-127.32	
816.379	-31.27	
816.557	3.35	
816.735	26.9	
816.913	40.82	
817.09	84.65	
817.268	27.92	
817.446	1.71	
817.624	-18.77	
817.802	74.82	
817.98	22.39	
818.158	16.25	
818.336	-17.75	
818.514	27.31	
818.691	-7.3	
818.869	56.39	
819.047	108.61	
819.225	148.55	
819.402	97.55	
819.58	110.04	
819.758	109.63	
819.935	56.39	
820.113	59.87	
820.291	83.01	
820.468	7.85	
820.646	-5.87	
820.824	41.23	
821.001	120.08	
821.179	170.87	
821.356	202.2	
821.534	182.75	
821.711	130.11	
821.889	137.9	
822.066	124.79	
822.244	110.04	
822.421	148.14	
822.599	206.3	
822.776	116.19	
822.953	55.98	
823.131	24.23	
823.308	-26.56	
823.486	-57.07	
823.663	-54.61	
823.84	-12.83	
824.017	-26.15	
824.195	-10.99	
824.372	-0.14	
824.549	-0.96	
824.726	-16.73	
824.904	-4.85	
825.081	2.32	
825.258	-30.45	
825.435	-23.69	
825.612	1.91	
825.789	-20.21	
825.967	-3.62	
826.144	54.75	
826.321	92.84	
826.498	77.48	
826.675	116.6	
826.852	45.33	
827.029	29.56	
827.206	16.86	
827.383	-26.76	
827.56	30.58	
827.737	64.78	
827.914	63.96	
828.09	45.12	
828.267	83.01	
828.444	36.73	
828.621	24.44	
828.798	80.35	
828.975	32.43	
829.151	7.44	
829.328	17.48	
829.505	83.22	
829.682	-7.51	
829.858	13.58	
830.035	82.4	
830.212	66.42	
830.389	11.54	
830.565	-13.24	
830.742	65.19	
830.918	43.08	
831.095	38.57	
831.272	53.11	
831.448	64.37	
831.625	64.17	
831.801	69.29	
831.978	82.81	
832.154	32.84	
832.331	96.94	
832.507	20.34	
832.684	45.12	
832.86	72.77	
833.037	206.3	
833.213	146.7	
833.389	178.04	
833.566	85.88	
833.742	26.49	
833.918	-69.97	
834.095	-107.86	
834.271	-165.2	
834.447	-100.28	
834.624	-74.68	
834.8	-77.96	
834.976	-8.74	
835.152	27.92	
835.328	21.16	
835.505	45.94	
835.681	49.63	
835.857	-13.86	
836.033	31.81	
836.209	101.44	
836.385	74.82	
836.561	97.96	
836.737	157.97	
836.913	77.28	
837.089	21.16	
837.265	59.46	
837.441	89.56	
837.617	76.25	
837.793	92.23	
837.969	87.93	
838.145	50.04	
838.321	-5.67	
838.497	-3	
838.673	64.58	
838.849	15.02	
839.025	60.48	
839.2	66.22	
839.376	85.26	
839.552	37.34	
839.728	83.22	
839.903	31.4	
840.079	75.23	
840.255	42.26	
840.431	135.44	
840.606	71.34	
840.782	158.79	
840.958	63.96	
841.133	72.77	
841.309	13.58	
841.484	79.32	
841.66	-21.85	
841.835	-7.1	
842.011	-27.99	
842.186	4.78	
842.362	-37.61	
842.537	13.99	
842.713	29.97	
842.888	32.02	
843.064	-37.2	
843.239	-19.59	
843.415	-28.4	
843.59	15.63	
843.765	58.84	
843.941	100.62	
844.116	142.61	
844.291	105.54	
844.467	99.6	
844.642	108.82	
844.817	119.87	
844.992	64.78	
845.168	67.65	
845.343	82.6	
845.518	70.93	
845.693	72.16	
845.868	76.87	
846.043	59.46	
846.219	11.54	
846.394	37.75	
846.569	8.46	
846.744	-7.71	
846.919	24.44	
847.094	141.17	
847.269	101.85	
847.444	85.88	
847.619	112.91	
847.794	204.87	
847.969	153.87	
848.144	164.52	
848.319	159.61	
848.494	166.16	
848.668	121.1	
848.843	117.42	
849.018	99.8	
849.193	107.79	
849.368	115.57	
849.542	130.32	
849.717	108.82	
849.892	105.33	
850.067	126.43	
850.241	170.46	
850.416	128.48	
850.591	141.17	
850.765	134.42	
850.94	181.52	
851.115	88.54	
851.289	106.56	
851.464	66.22	
851.639	86.49	
851.813	12.56	
851.988	96.32	
852.162	50.24	
852.337	60.07	
852.511	59.46	
852.686	128.68	
852.86	98.37	
853.035	122.74	
853.209	111.48	
853.383	142.2	
853.558	53.11	
853.732	69.08	
853.906	34.06	
854.081	60.07	
854.255	6.21	
854.429	56.39	
854.604	28.33	
854.778	93.66	
854.952	97.55	
855.126	147.11	
855.301	138.51	
855.475	119.67	
855.649	78.3	
855.823	34.27	
855.997	5.19	
856.171	8.67	
856.345	7.24	
856.52	18.7	
856.694	61.51	
856.868	102.88	
857.042	97.55	
857.216	173.94	
857.39	180.08	
857.564	145.06	
857.738	87.52	
857.912	76.05	
858.085	30.79	
858.259	29.56	
858.433	52.09	
858.607	23.01	
858.781	42.26	
858.955	5.39	
859.129	-10.38	
859.302	0.68	
859.476	2.73	
859.65	69.49	
859.824	56.18	
859.997	63.96	
860.171	81.58	
860.345	150.18	
860.519	94.48	
860.692	121.51	
860.866	142.2	
861.039	156.74	
861.213	149.98	
861.387	104.72	
861.56	103.08	
861.734	124.79	
861.907	78.92	
862.081	53.52	
862.254	109.63	
862.428	140.97	
862.601	81.37	
862.775	98.17	
862.948	188.69	
863.122	165.34	
863.295	135.03	
863.468	145.68	
863.642	88.75	
863.815	31.2	
863.988	34.47	
864.162	47.79	
864.335	17.27	
864.508	68.06	
864.682	77.48	
864.855	59.66	
865.028	32.43	
865.201	102.88	
865.374	67.65	
865.548	104.11	
865.721	107.18	
865.894	198.11	
866.067	155.1	
866.24	196.47	
866.413	156.94	
866.586	156.12	
866.759	37.34	
866.932	21.57	
867.105	-4.85	
867.278	-82.26	
867.451	-87.58	
867.624	-26.35	
867.797	13.58	
867.97	18.3	
868.143	57.21	
868.316	84.85	
868.489	19.32	
868.661	5.6	
868.834	-4.23	
869.007	42.05	
869.18	20.96	
869.353	66.63	
869.525	103.49	
869.698	92.02	
869.871	55.16	
870.044	71.34	
870.216	106.77	
870.389	45.12	
870.562	78.71	
870.734	122.54	
870.907	90.59	
871.079	73.8	
871.252	62.53	
871.425	103.7	
871.597	33.65	
871.77	127.66	
871.942	106.56	
872.115	108	
872.287	78.92	
872.459	93.46	
872.632	39.59	
872.804	65.81	
872.977	41.64	
873.149	48.61	
873.321	26.9	
873.494	17.68	
873.666	36.11	
873.838	54.95	
874.011	-2.39	
874.183	50.04	
874.355	27.92	
874.528	-4.23	
874.7	11.54	
874.872	103.7	
875.044	126.02	
875.216	156.33	
875.388	200.36	
875.561	232.51	
875.733	138.92	
875.905	96.32	
876.077	29.15	
876.249	64.37	
876.421	28.13	
876.593	19.32	
876.765	48.2	
876.937	126.63	
877.109	39.39	
877.281	47.17	
877.453	58.23	
877.625	25.05	
877.797	-26.76	
877.968	-36.18	
878.14	-49.49	
878.312	14.2	
878.484	-30.24	
878.656	11.33	
878.828	2.32	
878.999	76.05	
879.171	5.8	
879.343	19.52	
879.515	-15.09	
879.686	-2.59	
879.858	-40.89	
880.03	3.96	
880.201	32.43	
880.373	28.74	
880.545	35.5	
880.716	62.94	
880.888	102.06	
881.059	118.44	
881.231	136.87	
881.402	176.19	
881.574	142.2	
881.745	112.09	
881.917	148.14	
882.088	147.73	
882.26	100.42	
882.431	142.2	
882.602	77.28	
882.774	32.84	
882.945	-13.04	
883.116	-63.01	
883.288	-114.62	
883.459	-74.07	
883.63	-74.07	
883.802	-37.2	
883.973	36.73	
884.144	68.68	
884.315	86.9	
884.487	115.16	
884.658	161.65	
884.829	184.8	
885	156.74	
885.171	160.42	
885.342	86.08	
885.513	57.21	
885.684	27.51	
885.855	66.22	
886.026	42.26	
886.197	99.6	
886.368	50.65	
886.539	70.72	
886.71	12.77	
886.881	38.16	
887.052	54.34	
887.223	88.54	
887.394	36.93	
887.565	106.77	
887.736	39.39	
887.907	49.22	
888.077	39.39	
888.248	47.17	
888.419	18.7	
888.59	43.49	
888.761	60.48	
888.931	82.6	
889.102	131.34	
889.273	99.8	
889.443	90.38	
889.614	18.91	
889.785	24.23	
889.955	-3	
890.126	-10.38	
890.296	49.83	
890.467	66.22	
890.637	146.7	
890.808	168.41	
890.978	214.08	
891.149	185.82	
891.319	286.78	
891.49	214.49	
891.66	212.03	
891.831	178.45	
892.001	203.23	
892.172	71.13	
892.342	61.1	
892.512	38.37	
892.683	97.76	
892.853	66.01	
893.023	121.1	
893.193	91	
893.364	109.02	
893.534	66.01	
893.704	108.61	
893.874	105.74	
894.044	154.69	
894.215	116.6	
894.385	169.44	
894.555	132.57	
894.725	180.29	
894.895	78.1	
895.065	128.48	
895.235	87.11	
895.405	149.77	
895.575	75.84	
895.745	168.87	
895.915	168.96	
