177.618	-796.32	
177.836	-783.52	
178.054	-776.66	
178.271	-580.67	
178.489	-348.63	
178.706	-204.25	
178.924	-68.68	
179.142	95.37	
179.359	61.37	
179.577	-46.76	
179.794	-45.94	
180.012	-62.74	
180.229	-129.5	
180.447	-103.49	
180.664	-62.74	
180.882	-70.93	
181.1	-10.92	
181.317	-1.3	
181.535	-26.28	
181.752	-26.9	
181.969	25.12	
182.187	33.31	
182.404	78.16	
182.622	72.23	
182.839	93.32	
183.057	94.14	
183.274	68.33	
183.492	91.89	
183.709	141.45	
183.926	86.56	
184.144	41.92	
184.361	55.23	
184.579	41.1	
184.796	-40.41	
185.013	6.08	
185.231	2.18	
185.448	33.31	
185.666	37.82	
185.883	39.05	
186.1	31.88	
186.317	67.92	
186.535	-7.85	
186.752	-19.32	
186.969	33.72	
187.187	107.86	
187.404	40.07	
187.621	135.1	
187.839	148.61	
188.056	121.17	
188.273	33.52	
188.49	121.17	
188.708	76.12	
188.925	114	
189.142	119.12	
189.359	118.71	
189.576	41.1	
189.794	7.71	
190.011	-38.77	
190.228	-22.6	
190.445	-20.55	
190.662	79.19	
190.879	90.25	
191.097	78.98	
191.314	90.04	
191.531	92.09	
191.748	-22.8	
191.965	-2.94	
192.182	-3.55	
192.399	-19.11	
192.616	16.73	
192.834	81.24	
193.051	47.24	
193.268	67.11	
193.485	64.24	
193.702	19.8	
193.919	-2.12	
194.136	24.71	
194.353	2.59	
194.57	22.05	
194.787	44.17	
195.004	135.3	
195.221	108.27	
195.438	149.64	
195.655	104.99	
195.872	172.17	
196.089	40.48	
196.306	87.38	
196.523	86.56	
196.74	139.19	
196.957	12.42	
197.173	74.27	
197.39	36.8	
197.607	45.81	
197.824	35.36	
198.041	95.57	
198.258	81.44	
198.475	140.42	
198.692	85.95	
198.909	18.98	
199.125	-26.9	
199.342	38.02	
199.559	-0.48	
199.776	27.78	
199.993	120.15	
200.21	155.58	
200.426	64.03	
200.643	69.77	
200.86	79.19	
201.077	99.67	
201.293	80.83	
201.51	110.32	
201.727	12.63	
201.944	-65.6	
202.16	-106.15	
202.377	-113.12	
202.594	-132.37	
202.811	-71.75	
203.027	-31.61	
203.244	-68.27	
203.461	-35.7	
203.677	33.93	
203.894	73.86	
204.111	95.16	
204.327	116.26	
204.544	76.94	
204.761	59.32	
204.977	5.87	
205.194	-34.06	
205.41	16.11	
205.627	28.19	
205.844	7.3	
206.06	14.06	
206.277	72.63	
206.493	19.8	
206.71	51.13	
206.926	45.4	
207.143	106.43	
207.36	10.99	
207.576	71.82	
207.793	69.15	
208.009	102.53	
208.226	55.23	
208.442	95.16	
208.659	60.55	
208.875	54	
209.092	-20.34	
209.308	-22.8	
209.524	-15.43	
209.741	34.54	
209.957	77.34	
210.174	120.35	
210.39	103.97	
210.607	115.64	
210.823	-3.14	
211.039	-64.99	
211.256	-5.19	
211.472	-43.49	
211.688	7.92	
211.905	80.01	
212.121	86.97	
212.338	38.23	
212.554	107.25	
212.77	56.05	
212.987	45.19	
213.203	92.5	
213.419	107.45	
213.635	67.11	
213.852	43.35	
214.068	14.47	
214.284	-49.01	
214.501	-30.38	
214.717	-9.08	
214.933	30.45	
215.149	-14.2	
215.365	-21.37	
215.582	-104.31	
215.798	-90.79	
216.014	-108.2	
216.23	-58.23	
216.447	-28.33	
216.663	-19.93	
216.879	-70.93	
217.095	-36.11	
217.311	-8.87	
217.527	5.05	
217.743	42.32	
217.96	63.83	
218.176	42.32	
218.392	23.28	
218.608	56.25	
218.824	16.32	
219.04	25.74	
219.256	58.71	
219.472	27.17	
219.688	-25.87	
219.904	41.92	
220.12	109.29	
220.336	69.15	
220.552	99.67	
220.768	129.57	
220.984	121.79	
221.2	21.44	
221.416	53.38	
221.632	17.34	
221.848	-1.71	
222.064	-68.88	
222.28	-43.69	
222.496	-89.97	
222.712	-6.83	
222.928	-38.57	
223.144	30.45	
223.36	25.94	
223.576	40.69	
223.792	-8.06	
224.008	69.77	
224.224	58.71	
224.439	104.17	
224.655	88.81	
224.871	127.11	
225.087	82.26	
225.303	33.72	
225.519	9.56	
225.734	72.84	
225.95	44.99	
226.166	52.15	
226.382	65.26	
226.598	67.51	
226.813	49.29	
227.029	27.58	
227.245	12.63	
227.461	52.15	
227.677	77.34	
227.892	83.9	
228.108	73.66	
228.324	120.35	
228.539	46.22	
228.755	65.88	
228.971	51.75	
229.186	111.55	
229.402	92.09	
229.618	171.35	
229.833	87.38	
230.049	92.3	
230.265	5.05	
230.48	62.6	
230.696	46.83	
230.912	78.57	
231.127	71.82	
231.343	119.74	
231.558	18.77	
231.774	60.96	
231.99	149.43	
232.205	139.19	
232.421	103.76	
232.636	114.62	
232.852	47.85	
233.067	-21.37	
233.283	-8.26	
233.498	41.92	
233.714	68.33	
233.929	99.46	
234.145	71.82	
234.36	96.39	
234.576	106.02	
234.791	150.05	
235.007	167.87	
235.222	252.86	
235.438	204.52	
235.653	278.87	
235.868	231.35	
236.084	246.1	
236.299	247.33	
236.515	281.94	
236.73	165.82	
236.945	169.3	
237.161	104.79	
237.376	44.37	
237.592	14.68	
237.807	39.05	
238.022	23.89	
238.238	56.46	
238.453	-1.3	
238.668	11.81	
238.883	-52.91	
239.099	-45.12	
239.314	-94.07	
239.529	-26.9	
239.745	-1.5	
239.96	78.78	
240.175	58.3	
240.39	182.82	
240.605	158.03	
240.821	93.32	
241.036	89.02	
241.251	184.25	
241.466	94.34	
241.681	103.76	
241.897	150.46	
242.112	175.03	
242.327	74.07	
242.542	75.3	
242.757	100.69	
242.972	78.98	
243.188	20.41	
243.403	48.67	
243.618	64.03	
243.833	22.05	
244.048	53.38	
244.263	73.86	
244.478	74.27	
244.693	30.24	
244.908	74.89	
245.123	54	
245.338	100.69	
245.553	100.9	
245.768	98.64	
245.983	84.72	
246.198	48.88	
246.413	6.08	
246.628	-3.75	
246.843	-13.58	
247.058	-21.37	
247.273	-2.12	
247.488	-3.55	
247.703	52.15	
247.918	59.53	
248.133	76.73	
248.348	40.89	
248.563	89.22	
248.778	48.26	
248.993	84.1	
249.207	114.62	
249.422	147.18	
249.637	45.6	
249.852	16.32	
250.067	-16.04	
250.282	-63.96	
250.496	-85.67	
250.711	22.46	
250.926	24.92	
251.141	78.78	
251.356	58.5	
251.57	116.26	
251.785	76.32	
252	50.52	
252.215	29.22	
252.43	90.66	
252.644	93.32	
252.859	90.04	
253.074	125.06	
253.288	98.23	
253.503	48.26	
253.718	87.18	
253.932	179.54	
254.147	194.69	
254.362	220.5	
254.576	230.33	
254.791	160.49	
255.006	86.97	
255.22	115.44	
255.435	118.1	
255.65	143.49	
255.864	167.46	
256.079	122.4	
256.293	111.75	
256.508	95.98	
256.723	164.79	
256.937	98.64	
257.152	96.6	
257.366	62.19	
257.581	62.6	
257.795	-16.25	
258.01	96.39	
258.224	136.53	
258.439	149.84	
258.653	120.15	
258.868	128.13	
259.082	59.73	
259.297	23.07	
259.511	7.1	
259.726	1.77	
259.94	-40.82	
260.154	-75.23	
260.369	-61.71	
260.583	-41.23	
260.798	-75.84	
261.012	-32.22	
261.226	8.94	
261.441	18.77	
261.655	23.69	
261.869	101.92	
262.084	96.39	
262.298	90.04	
262.512	36.59	
262.727	4.85	
262.941	36.59	
263.155	14.27	
263.37	-13.58	
263.584	53.79	
263.798	61.37	
264.012	74.27	
264.227	64.85	
264.441	162.54	
264.655	108.88	
264.869	203.91	
265.084	116.46	
265.298	129.57	
265.512	39.25	
265.726	81.85	
265.94	-12.97	
266.155	42.53	
266.369	59.94	
266.583	131.82	
266.797	139.4	
267.011	208.62	
267.225	252.24	
267.439	234.22	
267.654	176.88	
267.868	133.25	
268.082	29.63	
268.296	-97.55	
268.51	-150.8	
268.724	-127.25	
268.938	-158.38	
269.152	-102.67	
269.366	-49.22	
269.58	10.38	
269.794	-21.16	
270.008	89.02	
270.222	89.43	
270.436	97.01	
270.65	74.07	
270.864	118.71	
271.078	49.29	
271.292	59.53	
271.506	83.49	
271.72	124.86	
271.934	132.03	
272.148	122.2	
272.362	115.64	
272.575	136.33	
272.789	132.03	
273.003	98.23	
273.217	140.01	
273.431	93.73	
273.645	60.55	
273.859	93.11	
274.073	168.07	
274.286	169.71	
274.5	184.86	
274.714	155.17	
274.928	149.43	
275.142	88.81	
275.355	55.23	
275.569	106.02	
275.783	145.13	
275.997	88.4	
276.21	106.02	
276.424	169.91	
276.638	123.42	
276.852	144.93	
277.065	145.13	
277.279	149.64	
277.493	106.02	
277.706	182.2	
277.92	178.51	
278.134	140.01	
278.347	100.28	
278.561	69.15	
278.775	38.64	
278.988	9.56	
279.202	93.11	
279.415	146.16	
279.629	145.75	
279.843	136.94	
280.056	220.29	
280.27	229.3	
280.483	163.15	
280.697	175.65	
280.91	209.44	
281.124	226.44	
281.337	173.8	
281.551	235.04	
281.764	216.4	
281.978	182	
282.191	63.83	
282.405	102.53	
282.618	29.01	
282.832	52.36	
283.045	8.94	
283.259	72.84	
283.472	37.82	
283.686	52.77	
283.899	20.21	
284.112	47.65	
284.326	56.87	
284.539	91.68	
284.752	131	
284.966	164.79	
285.179	192.65	
285.393	175.85	
285.606	112.77	
285.819	125.88	
286.033	77.14	
286.246	123.83	
286.459	59.12	
286.672	92.3	
286.886	24.71	
287.099	105.4	
287.312	-28.54	
287.525	7.3	
287.739	5.05	
287.952	69.15	
288.165	82.87	
288.378	150.25	
288.592	145.34	
288.805	138.99	
289.018	155.99	
289.231	91.48	
289.444	114.21	
289.657	76.94	
289.871	75.91	
290.084	3.62	
290.297	104.58	
290.51	57.48	
290.723	49.7	
290.936	129.98	
291.149	143.7	
291.362	121.58	
291.575	94.55	
291.789	127.32	
292.002	63.62	
292.215	104.58	
292.428	6.49	
292.641	60.55	
292.854	57.48	
293.067	26.15	
293.28	9.35	
293.493	24.92	
293.706	-53.93	
293.919	13.86	
294.132	-3.35	
294.345	-16.86	
294.558	-23.01	
294.77	13.45	
294.983	-46.76	
295.196	35.16	
295.409	89.22	
295.622	166.43	
295.835	195.31	
296.048	246.3	
296.261	214.76	
296.474	190.6	
296.686	145.34	
296.899	175.65	
297.112	162.34	
297.325	156.81	
297.538	166.64	
297.751	199.61	
297.963	225	
298.176	215.17	
298.389	198.79	
298.602	198.58	
298.814	305.49	
299.027	244.25	
299.24	231.56	
299.453	296.27	
299.665	244.66	
299.878	83.49	
300.091	69.77	
300.303	54.41	
300.516	-9.08	
300.729	1.37	
300.941	39.66	
301.154	-3.96	
301.367	-13.38	
301.579	35.16	
301.792	81.03	
302.005	52.56	
302.217	62.8	
302.43	87.99	
302.642	31.06	
302.855	-34.06	
303.067	-49.42	
303.28	8.94	
303.493	-55.16	
303.705	30.04	
303.918	68.54	
304.13	149.84	
304.343	126.5	
304.555	217.43	
304.768	171.55	
304.98	197.97	
305.193	113.8	
305.405	160.7	
305.617	79.19	
305.83	82.87	
306.042	36.8	
306.255	54.61	
306.467	-1.3	
306.68	16.93	
306.892	-1.91	
307.104	26.56	
307.317	12.63	
307.529	74.89	
307.741	105.2	
307.954	128.54	
308.166	99.05	
308.378	144.52	
308.591	131.62	
308.803	154.76	
309.015	210.87	
309.228	257.98	
309.44	193.26	
309.652	172.17	
309.864	124.65	
310.077	18.36	
310.289	-49.01	
310.501	1.37	
310.713	-17.68	
310.926	12.01	
311.138	-3.55	
311.35	60.96	
311.562	9.97	
311.774	72.02	
311.986	54.61	
312.199	143.9	
312.411	64.03	
312.623	95.78	
312.835	30.45	
313.047	21.23	
313.259	-4.16	
313.471	29.83	
313.683	31.47	
313.895	45.81	
314.108	32.9	
314.32	17.95	
314.532	-13.18	
314.744	5.46	
314.956	61.58	
315.168	94.14	
315.38	47.85	
315.592	121.58	
315.804	115.64	
316.016	170.32	
316.228	184.04	
316.44	242.21	
316.651	261.87	
316.863	245.89	
317.075	132.44	
317.287	82.67	
317.499	69.36	
317.711	13.24	
317.923	49.49	
318.135	21.23	
318.347	46.22	
318.559	117.28	
318.77	155.99	
318.982	114.82	
319.194	123.22	
319.406	105.2	
319.618	14.47	
319.83	-55.16	
320.041	-43.28	
320.253	-34.27	
320.465	-43.08	
320.677	-40	
320.888	-27.51	
321.1	-21.98	
321.312	52.77	
321.524	73.04	
321.735	61.78	
321.947	52.15	
322.159	14.68	
322.37	-78.1	
322.582	-65.81	
322.794	10.17	
323.005	64.65	
323.217	98.85	
323.429	94.55	
323.64	124.45	
323.852	51.54	
324.063	13.04	
324.275	57.27	
324.487	117.69	
324.698	67.11	
324.91	110.32	
325.121	81.44	
325.333	18.77	
325.544	25.94	
325.756	76.32	
325.967	30.86	
326.179	108.06	
326.39	116.26	
326.602	98.23	
326.813	28.19	
327.025	71.2	
327.236	-12.97	
327.448	-41.03	
327.659	-95.3	
327.871	-49.22	
328.082	-61.1	
328.293	2.18	
328.505	62.19	
328.716	93.93	
328.928	64.03	
329.139	94.96	
329.35	72.02	
329.562	93.11	
329.773	129.36	
329.984	140.83	
330.196	104.99	
330.407	161.11	
330.618	97.62	
330.83	64.03	
331.041	66.08	
331.252	57.68	
331.463	1.77	
331.675	36.39	
331.886	84.92	
332.097	97.01	
332.308	102.13	
332.52	108.47	
332.731	101.72	
332.942	90.25	
333.153	119.33	
333.364	106.63	
333.575	96.39	
333.787	112.98	
333.998	46.22	
334.209	54.61	
334.42	40.07	
334.631	39.87	
334.842	38.23	
335.053	106.43	
335.264	60.96	
335.475	81.65	
335.686	82.46	
335.898	79.39	
336.109	-0.48	
336.32	4.64	
336.531	15.5	
336.742	35.57	
336.953	-7.85	
337.164	10.38	
337.375	-16.66	
337.586	-24.64	
337.797	-85.88	
338.007	-31.61	
338.218	-43.28	
338.429	-14.4	
338.64	-38.57	
338.851	6.28	
339.062	-22.8	
339.273	63.83	
339.484	27.37	
339.695	3.82	
339.906	10.17	
340.116	39.46	
340.327	-9.49	
340.538	15.29	
340.749	27.99	
340.96	15.91	
341.171	-23.01	
341.381	-5.6	
341.592	6.08	
341.803	23.07	
342.014	37	
342.224	84.72	
342.435	52.97	
342.646	19.59	
342.857	-1.71	
343.067	-40.62	
343.278	-43.49	
343.489	-24.85	
343.699	-8.26	
343.91	14.88	
344.121	8.74	
344.331	-33.45	
344.542	-55.77	
344.753	17.13	
344.963	35.16	
345.174	96.39	
345.384	141.04	
345.595	197.36	
345.806	130.18	
346.016	107.04	
346.227	104.79	
346.437	109.29	
346.648	61.17	
346.858	75.09	
347.069	44.99	
347.279	49.49	
347.49	-19.11	
347.7	2.8	
347.911	-61.92	
348.121	-30.58	
348.332	-53.73	
348.542	-77.89	
348.753	-88.34	
348.963	6.28	
349.173	28.81	
349.384	74.07	
349.594	161.31	
349.805	203.3	
350.015	125.68	
350.225	125.06	
350.436	103.56	
350.646	124.45	
350.856	80.83	
351.067	111.96	
351.277	33.52	
351.487	-11.74	
351.698	-86.7	
351.908	-67.04	
352.118	-78.92	
352.328	-50.65	
352.539	40.28	
352.749	50.52	
352.959	33.31	
353.169	39.46	
353.38	69.36	
353.59	49.9	
353.8	61.99	
354.01	68.13	
354.22	57.68	
354.431	148.82	
354.641	70.18	
354.851	74.07	
355.061	66.9	
355.271	154.76	
355.481	72.23	
355.691	99.05	
355.901	76.94	
356.111	94.14	
356.321	35.77	
356.532	32.29	
356.742	7.3	
356.952	7.71	
357.162	-2.73	
357.372	-12.15	
357.582	-33.86	
357.792	-63.15	
358.002	-73.39	
358.212	-32.43	
358.422	-16.25	
358.632	-14.4	
358.842	28.6	
359.051	86.15	
359.261	26.96	
359.471	12.83	
359.681	48.06	
359.891	25.94	
360.101	-59.46	
360.311	-64.58	
360.521	-96.73	
360.731	-87.52	
360.94	-61.92	
361.15	14.27	
361.36	56.66	
361.57	69.77	
361.78	54.2	
361.989	48.47	
362.199	33.52	
362.409	33.72	
362.619	24.92	
362.828	127.32	
363.038	137.76	
363.248	143.49	
363.458	148	
363.667	180.56	
363.877	86.15	
364.087	102.33	
364.296	68.33	
364.506	74.48	
364.716	75.91	
364.925	43.35	
365.135	-17.89	
365.345	-17.89	
365.554	-40.82	
365.764	11.2	
365.973	23.48	
366.183	118.51	
366.393	159.26	
366.602	177.7	
366.812	49.08	
367.021	97.42	
367.231	-8.06	
367.44	-43.69	
367.65	-55.36	
367.859	26.56	
368.069	-31.81	
368.278	36.59	
368.488	53.59	
368.697	-2.32	
368.907	-63.35	
369.116	75.3	
369.326	47.04	
369.535	43.76	
369.744	92.09	
369.954	130.18	
370.163	1.98	
370.373	18.98	
370.582	3	
370.791	-23.62	
371.001	-62.33	
371.21	-48.61	
371.419	-85.88	
371.629	-90.59	
371.838	-88.13	
372.047	20.62	
372.256	9.35	
372.466	46.22	
372.675	0.14	
372.884	11.2	
373.093	-92.23	
373.303	-37.14	
373.512	-53.11	
373.721	3.62	
373.93	-45.53	
374.139	56.87	
374.349	-0.48	
374.558	64.85	
374.767	8.12	
374.976	43.55	
375.185	5.67	
375.394	-17.89	
375.603	-79.53	
375.813	-40.21	
376.022	-42.87	
376.231	-104.31	
376.44	-102.26	
376.649	-68.88	
376.858	-45.53	
377.067	-43.89	
377.276	9.97	
377.485	67.92	
377.694	61.37	
377.903	61.17	
378.112	41.71	
378.321	59.73	
378.53	34.34	
378.739	37	
378.948	20.21	
379.157	41.1	
379.366	50.52	
379.575	62.19	
379.784	22.46	
379.992	29.83	
380.201	87.79	
380.41	49.29	
380.619	9.97	
380.828	35.16	
381.037	8.74	
381.246	-100.21	
381.454	-158.38	
381.663	-85.06	
381.872	-113.73	
382.081	-32.63	
382.29	34.95	
382.498	93.52	
382.707	91.07	
382.916	146.36	
383.125	49.7	
383.333	46.22	
383.542	50.11	
383.751	20.82	
383.959	36.59	
384.168	64.03	
384.377	105.4	
384.585	93.11	
384.794	36.39	
385.003	-10.1	
385.211	10.79	
385.42	-57	
385.628	-47.79	
385.837	5.05	
386.046	77.14	
386.254	119.12	
386.463	125.68	
386.671	179.95	
386.88	147.39	
387.088	109.91	
387.297	85.13	
387.505	115.23	
387.714	22.46	
387.922	16.52	
388.131	10.58	
388.339	9.76	
388.548	-41.85	
388.756	-13.79	
388.965	8.74	
389.173	-62.33	
389.381	-57	
389.59	-11.95	
389.798	25.33	
390.007	38.02	
390.215	67.72	
390.423	123.63	
390.632	114.21	
390.84	154.96	
391.048	134.69	
391.257	160.08	
391.465	81.24	
391.673	82.46	
391.882	20	
392.09	14.68	
392.298	5.46	
392.506	-24.44	
392.715	-10.72	
392.923	39.87	
393.131	80.83	
393.339	96.19	
393.547	90.45	
393.756	82.46	
393.964	14.68	
394.172	-14.4	
394.38	-48.81	
394.588	28.6	
394.796	-6.42	
395.005	-6.21	
395.213	-35.29	
395.421	-9.08	
395.629	-92.84	
395.837	-86.29	
396.045	-82.6	
396.253	-42.67	
396.461	-73.59	
396.669	-24.23	
396.877	13.24	
397.085	53.59	
397.293	28.4	
397.501	41.1	
397.709	47.04	
397.917	61.99	
398.125	68.13	
398.333	103.56	
398.541	77.96	
398.749	68.33	
398.957	4.23	
399.165	-76.87	
399.373	-73.18	
399.581	-50.65	
399.788	-25.46	
399.996	-29.76	
400.204	12.01	
400.412	-25.67	
400.62	-58.84	
400.828	-70.72	
401.035	-37.14	
401.243	-3.14	
401.451	27.99	
401.659	34.34	
401.867	40.69	
402.074	37.41	
402.282	-18.3	
402.49	-80.55	
402.697	41.92	
402.905	3.41	
403.113	37.41	
403.321	7.51	
403.528	41.3	
403.736	-29.76	
403.944	-26.08	
404.151	-93.66	
404.359	-83.42	
404.566	-92.64	
404.774	-102.06	
404.982	-130.73	
405.189	-105.54	
405.397	-130.73	
405.604	-131.34	
405.812	-128.89	
406.02	-135.64	
406.227	-112.09	
406.435	-58.03	
406.642	-9.28	
406.85	-27.92	
407.057	51.95	
407.265	54.41	
407.472	76.32	
407.679	35.77	
407.887	20.82	
408.094	-22.6	
408.302	-85.47	
408.509	-88.75	
408.717	-74.2	
408.924	-55.36	
409.131	-39.8	
409.339	9.15	
409.546	30.86	
409.753	19.39	
409.961	73.04	
410.168	65.67	
410.375	84.51	
410.583	66.08	
410.79	83.28	
410.997	46.01	
411.205	35.36	
411.412	28.4	
411.619	46.42	
411.826	45.81	
412.034	94.75	
412.241	136.74	
412.448	117.69	
412.655	44.58	
412.862	31.47	
413.07	-27.92	
413.277	-80.76	
413.484	-98.17	
413.691	-45.74	
413.898	-57.62	
414.105	-92.64	
414.312	-93.46	
414.519	-92.23	
414.727	-113.32	
414.934	-68.88	
415.141	-15.63	
415.348	41.71	
415.555	32.7	
415.762	23.07	
415.969	-47.99	
416.176	-49.22	
416.383	-71.54	
416.59	-89.97	
416.797	-87.31	
417.004	-33.45	
417.211	-67.24	
417.418	-66.42	
417.625	-16.66	
417.831	-6.83	
418.038	-2.73	
418.245	34.95	
418.452	7.71	
418.659	-21.57	
418.866	-23.62	
419.073	-33.65	
419.28	-104.31	
419.486	-31.4	
419.693	-46.97	
419.9	-43.08	
420.107	-24.03	
420.314	67.51	
420.52	63.21	
420.727	175.03	
420.934	182	
421.141	149.43	
421.347	109.91	
421.554	72.02	
421.761	-33.86	
421.967	-1.09	
422.174	52.36	
422.381	51.75	
422.588	13.45	
422.794	19.8	
423.001	79.8	
423.207	49.9	
423.414	57.89	
423.621	73.45	
423.827	133.66	
424.034	87.38	
424.24	95.78	
424.447	77.14	
424.654	36.8	
424.86	2.39	
425.067	-55.16	
425.273	-69.29	
425.48	28.6	
425.686	121.58	
425.893	178.31	
426.099	197.77	
426.306	227.46	
426.512	190.39	
426.718	223.57	
426.925	169.3	
427.131	166.84	
427.338	160.7	
427.544	132.23	
427.75	54.82	
427.957	45.81	
428.163	67.31	
428.37	57.89	
428.576	72.02	
428.782	76.12	
428.988	160.7	
429.195	160.08	
429.401	161.52	
429.607	165.41	
429.814	275.18	
430.02	215.79	
430.226	205.55	
430.432	236.88	
430.639	263.51	
430.845	239.95	
431.051	295.66	
431.257	342.35	
431.463	323.51	
431.67	288.29	
431.876	226.03	
432.082	186.09	
432.288	206.37	
432.494	216.4	
432.7	284.6	
432.906	304.26	
433.112	335.59	
433.318	365.9	
433.525	417.31	
433.731	400.51	
433.937	469.33	
434.143	474.65	
434.349	468.1	
434.555	467.48	
434.761	483.25	
434.967	413.21	
435.173	446.59	
435.379	457.45	
435.585	536.09	
435.791	565.58	
435.996	692.15	
436.202	739.45	
436.408	720.2	
436.614	675.15	
436.82	693.37	
437.026	634.6	
437.232	622.1	
437.438	636.03	
437.644	600.81	
437.849	595.28	
438.055	615.76	
438.261	622.92	
438.467	617.6	
438.673	655.69	
438.878	637.05	
439.084	658.76	
439.29	719.18	
439.496	781.64	
439.701	828.54	
439.907	823.83	
440.113	822.19	
440.318	807.24	
440.524	788.4	
440.73	815.02	
440.935	886.09	
441.141	891.41	
441.347	962.48	
441.552	974.15	
441.758	1007.33	
441.964	988.28	
442.169	1053.2	
442.375	1004.67	
442.58	1083.92	
442.786	1131.02	
442.991	1167.89	
443.197	1142.7	
443.402	1225.23	
443.608	1281.96	
443.813	1347.09	
444.019	1419.17	
444.224	1505.6	
444.43	1473.85	
444.635	1509.08	
444.841	1450.92	
445.046	1549.83	
445.252	1530.99	
445.457	1570.52	
445.662	1514.61	
445.868	1525.26	
446.073	1452.56	
446.278	1482.25	
446.484	1488.81	
446.689	1537.34	
446.894	1559.05	
447.1	1602.06	
447.305	1717.77	
447.51	1821.4	
447.716	1849.86	
447.921	1916.42	
448.126	2028.65	
448.331	1982.57	
448.537	2017.59	
448.742	2118.35	
448.947	2129.41	
449.152	2104.01	
449.357	2239.18	
449.563	2318.44	
449.768	2356.73	
449.973	2424.11	
450.178	2525.49	
450.383	2488.42	
450.588	2522.62	
450.793	2591.84	
450.999	2754.86	
451.204	2790.29	
451.409	2894.74	
451.614	2935.9	
451.819	3018.43	
452.024	3027.44	
452.229	3122.06	
452.434	3242.07	
452.639	3297.57	
452.844	3386.66	
453.049	3431.3	
453.254	3471.24	
453.459	3517.32	
453.664	3647.98	
453.869	3716.79	
454.074	3838.44	
454.279	3969.71	
454.483	4044.26	
454.688	4109.18	
454.893	4218.54	
455.098	4261.35	
455.303	4280.39	
455.508	4320.74	
455.713	4363.54	
455.917	4339.37	
456.122	4427.64	
456.327	4461.84	
456.532	4599.67	
456.737	4598.65	
456.941	4675.03	
457.146	4656.81	
457.351	4706.37	
457.555	4666.64	
457.76	4750.81	
457.965	4718.04	
458.17	4778.46	
458.374	4859.15	
458.579	4938.81	
458.784	4912.6	
458.988	4954.17	
459.193	4924.68	
459.397	4897.44	
459.602	4817.16	
459.807	4925.71	
460.011	4880.24	
460.216	4904.2	
460.42	4822.49	
460.625	4810.61	
460.829	4722.96	
461.034	4712.31	
461.239	4667.46	
461.443	4689.37	
461.648	4693.67	
461.852	4639.4	
462.056	4688.14	
462.261	4693.26	
462.465	4776.41	
462.67	4754.29	
462.874	4733.81	
463.079	4661.31	
463.283	4623.22	
463.487	4507.51	
463.692	4474.74	
463.896	4449.96	
464.1	4427.64	
464.305	4369.07	
464.509	4309.47	
464.713	4309.88	
464.918	4321.76	
465.122	4315.62	
465.326	4260.53	
465.531	4198.06	
465.735	4109.18	
465.939	4057.78	
466.143	3968.49	
466.348	3970.33	
466.552	3941.25	
466.756	3948.42	
466.96	3942.27	
467.164	3961.73	
467.368	3931.21	
467.573	3945.34	
467.777	3934.28	
467.981	3894.14	
468.185	3860.76	
468.389	3906.02	
468.593	3850.52	
468.797	3781.92	
469.001	3790.72	
469.205	3818.78	
469.409	3789.08	
469.613	3850.93	
469.817	3899.67	
470.021	3912.17	
470.225	3905	
470.429	3944.11	
470.633	3968.49	
470.837	4004.53	
471.041	4002.89	
471.245	4009.65	
471.449	4008.63	
471.653	3991.83	
471.857	4003.3	
472.061	3999.21	
472.265	4000.43	
472.469	4004.12	
472.673	3999	
472.876	3982.21	
473.08	3988.15	
473.284	4041.19	
473.488	4043.65	
473.692	4134.99	
473.895	4193.97	
474.099	4225.1	
474.303	4232.67	
474.507	4295.75	
474.71	4273.84	
474.914	4226.53	
475.118	4252.95	
475.322	4283.05	
475.525	4179.84	
475.729	4188.23	
475.933	4199.7	
476.136	4287.15	
476.34	4265.24	
476.543	4339.37	
476.747	4307.22	
476.951	4303.12	
477.154	4158.95	
477.358	4221.41	
477.561	4218.54	
477.765	4262.98	
477.969	4254.79	
478.172	4263.8	
478.376	4166.32	
478.579	4146.25	
478.783	4077.64	
478.986	4095.66	
479.19	4104.27	
479.393	4150.75	
479.596	4156.69	
479.8	4196.22	
480.003	4164.68	
480.207	4139.08	
480.41	4049.38	
480.614	4024.6	
480.817	3954.76	
481.02	4025.62	
481.224	4066.79	
481.427	4118.6	
481.63	4173.49	
481.834	4221.41	
482.037	4116.96	
482.24	4094.64	
482.443	4085.63	
482.647	4017.23	
482.85	4016.61	
483.053	4096.28	
483.256	4016.61	
483.46	4046.1	
483.663	4058.19	
483.866	4103.24	
484.069	4065.56	
484.272	4128.02	
484.476	4126.59	
484.679	4183.52	
484.882	4250.9	
485.085	4243.32	
485.288	4299.85	
485.491	4361.9	
485.694	4369.27	
485.897	4358.01	
486.101	4459.18	
486.304	4553.39	
486.507	4501.37	
486.71	4512.63	
486.913	4450.78	
487.116	4414.12	
487.319	4367.02	
487.522	4435.01	
487.725	4511.4	
487.928	4580.62	
488.13	4606.63	
488.333	4620.35	
488.536	4632.23	
488.739	4613.19	
488.942	4668.89	
489.145	4712.1	
489.348	4733.2	
489.551	4740.16	
489.754	4749.58	
489.956	4695.31	
490.159	4667.66	
490.362	4644.72	
490.565	4612.78	
490.768	4582.67	
490.97	4640.01	
491.173	4670.12	
491.376	4663.16	
491.579	4693.67	
491.781	4782.76	
491.984	4759.82	
492.187	4799.96	
492.39	4827.4	
492.592	4848.91	
492.795	4857.92	
492.998	4867.54	
493.2	4866.11	
493.403	4914.65	
493.605	4992.88	
493.808	4960.93	
494.011	4930.62	
494.213	4901.95	
494.416	4936.36	
494.618	4858.33	
494.821	4841.53	
495.023	4942.91	
495.226	5028.51	
495.428	5019.91	
495.631	5056.37	
495.833	5117.81	
496.036	5079.3	
496.238	5017.46	
496.441	5063.33	
496.643	5084.83	
496.846	5080.53	
497.048	5174.94	
497.25	5316.46	
497.453	5335.1	
497.655	5455.11	
497.858	5534.16	
498.06	5514.5	
498.262	5426.43	
498.465	5427.87	
498.667	5396.12	
498.869	5391.21	
499.071	5406.16	
499.274	5483.98	
499.476	5483.78	
499.678	5422.13	
499.881	5355.98	
500.083	5335.1	
500.285	5248.06	
500.487	5254.2	
500.689	5259.12	
500.892	5263.42	
501.094	5217.34	
501.296	5318.51	
501.498	5341.85	
501.7	5343.08	
501.902	5412.3	
502.104	5504.46	
502.306	5440.57	
502.509	5446.1	
502.711	5465.35	
502.913	5470.67	
503.115	5397.15	
503.317	5430.74	
503.519	5369.5	
503.721	5427.87	
503.923	5500.16	
504.125	5583.51	
504.327	5636.15	
504.529	5726.26	
504.731	5723.59	
504.933	5745.3	
505.134	5756.36	
505.336	5762.71	
505.538	5793.64	
505.74	5764.76	
505.942	5695.13	
506.144	5674.03	
506.346	5649.05	
506.548	5672.4	
506.749	5718.27	
506.951	5755.75	
507.153	5806.54	
507.355	5816.57	
507.557	5829.47	
507.758	5883.75	
507.96	5845.04	
508.162	5868.18	
508.363	5908.32	
508.565	5896.24	
508.767	5841.76	
508.969	5924.91	
509.17	5945.8	
509.372	5972.22	
509.574	5942.52	
509.775	5983.07	
509.977	5942.93	
510.178	5990.04	
510.38	5978.98	
510.582	6041.85	
510.783	6032.02	
510.985	6058.85	
511.186	5978.57	
511.388	6036.73	
511.589	6029.36	
511.791	5995.36	
511.992	6026.28	
512.194	6082.6	
512.395	6024.65	
512.597	6107.79	
512.798	6208.55	
513	6265.28	
513.201	6347.61	
513.403	6492.4	
513.604	6467.83	
513.805	6458.41	
514.007	6435.67	
514.208	6356.42	
514.409	6300.92	
514.611	6309.11	
514.812	6347.41	
515.013	6375.67	
515.215	6409.05	
515.416	6382.84	
515.617	6345.97	
515.819	6322.83	
516.02	6330.2	
516.221	6385.29	
516.422	6392.05	
516.623	6455.95	
516.825	6491.38	
517.026	6515.75	
517.227	6495.47	
517.428	6522.51	
517.629	6525.17	
517.83	6577.6	
518.032	6583.95	
518.233	6623.47	
518.434	6665.25	
518.635	6741.44	
518.836	6699.66	
519.037	6693.72	
519.238	6749.01	
519.439	6790.79	
519.64	6735.7	
519.841	6840.56	
520.042	6885.2	
520.243	6879.67	
520.444	6915.72	
520.645	7033.89	
520.846	7070.13	
521.047	7217.59	
521.248	7285.79	
521.449	7403.95	
521.65	7476.66	
521.851	7641.72	
522.052	7614.89	
522.252	7722.21	
522.453	7751.08	
522.654	7713.81	
522.855	7606.09	
523.056	7581.31	
523.257	7486.69	
523.457	7431.4	
523.658	7404.57	
523.859	7305.45	
524.06	7194.04	
524.26	7097.37	
524.461	7023.85	
524.662	6996.82	
524.862	6957.29	
525.063	7016.68	
525.264	7052.32	
525.464	7001.94	
525.665	7003.58	
525.866	7097.58	
526.066	7071.98	
526.267	7047.81	
526.468	7025.28	
526.668	6939.47	
526.869	6821.51	
527.069	6731.2	
527.27	6674.67	
527.47	6648.66	
527.671	6601.56	
527.871	6549.13	
528.072	6559.99	
528.272	6523.74	
528.473	6513.7	
528.673	6583.54	
528.874	6575.96	
529.074	6565.11	
529.275	6601.97	
529.475	6608.73	
529.675	6523.33	
529.876	6572.48	
530.076	6543.19	
530.277	6481.75	
530.477	6436.9	
530.677	6372.39	
530.878	6295.59	
531.078	6351.09	
531.278	6295.39	
531.478	6269.99	
531.679	6288.01	
531.879	6292.11	
532.079	6187.25	
532.28	6179.88	
532.48	6060.69	
532.68	5942.52	
532.88	5812.68	
533.08	5702.3	
533.28	5570.2	
533.481	5513.06	
533.681	5512.86	
533.881	5515.73	
534.081	5490.54	
534.281	5516.75	
534.481	5524.12	
534.681	5505.69	
534.881	5483.37	
535.081	5455.52	
535.281	5401.04	
535.481	5424.8	
535.682	5380.97	
535.882	5335.1	
536.082	5355.57	
536.281	5388.34	
536.481	5393.67	
536.681	5448.55	
536.881	5492.79	
537.081	5508.56	
537.281	5544.6	
537.481	5543.99	
537.681	5532.93	
537.881	5538.87	
538.081	5613.41	
538.281	5621.61	
538.48	5604.81	
538.68	5594.78	
538.88	5598.67	
539.08	5470.88	
539.28	5320.96	
539.479	5230.03	
539.679	5006.4	
539.879	4719.68	
540.079	4443.61	
540.278	4160.18	
540.478	3712.28	
540.678	3387.48	
540.877	3081.31	
541.077	2690.76	
541.277	2349.77	
541.476	2164.43	
541.676	1886.32	
541.876	1646.09	
542.075	1467.1	
542.275	1245.1	
542.474	1013.47	
542.674	876.05	
542.874	685.59	
543.073	555.55	
543.273	504.55	
543.472	457.04	
543.672	371.23	
543.871	298.73	
544.071	263.91	
544.27	285.62	
544.47	217.84	
544.669	229.51	
544.868	227.67	
545.068	213.74	
545.267	124.65	
545.467	191.83	
545.666	107.86	
545.865	123.22	
546.065	80.83	
546.264	64.03	
546.463	-20.14	
546.663	27.58	
546.862	6.89	
547.061	25.12	
547.261	45.6	
547.46	85.13	
547.659	60.14	
547.858	131.82	
548.058	149.64	
548.257	164.79	
548.456	124.24	
548.655	129.98	
548.854	59.94	
549.053	103.97	
549.253	67.92	
549.452	58.3	
549.651	98.64	
549.85	167.46	
550.049	107.25	
550.248	84.1	
550.447	96.8	
550.646	98.85	
550.845	62.6	
551.044	69.77	
551.243	80.42	
551.442	104.79	
551.641	79.8	
551.84	104.99	
552.039	139.6	
552.238	171.96	
552.437	122.61	
552.636	92.7	
552.835	26.96	
553.034	36.8	
553.233	39.66	
553.432	45.19	
553.63	69.15	
553.829	87.58	
554.028	-2.53	
554.227	-6.21	
554.426	18.16	
554.625	27.78	
554.823	20.41	
555.022	100.9	
555.221	153.32	
555.42	148.2	
555.618	152.71	
555.817	141.24	
556.016	102.33	
556.214	70.18	
556.413	58.91	
556.612	42.53	
556.81	50.11	
557.009	51.95	
557.208	22.46	
557.406	50.72	
557.605	39.46	
557.803	5.46	
558.002	-1.3	
558.201	-52.91	
558.399	-78.1	
558.598	-138.92	
558.796	-120.28	
558.995	-116.6	
559.193	-52.7	
559.392	-77.48	
559.59	10.99	
559.789	46.83	
559.987	106.43	
560.185	130.59	
560.384	138.78	
560.582	134.69	
560.781	169.3	
560.979	137.56	
561.177	69.56	
561.376	86.77	
561.574	107.65	
561.772	-26.28	
561.971	25.74	
562.169	43.76	
562.367	3.41	
562.566	-39.59	
562.764	0.34	
562.962	-85.26	
563.16	-100.21	
563.358	-31.81	
563.557	-3.35	
563.755	29.42	
563.953	32.9	
564.151	68.74	
564.349	71.41	
564.547	82.67	
564.746	65.06	
564.944	57.89	
565.142	45.19	
565.34	12.63	
565.538	-27.51	
565.736	-6.42	
565.934	-25.46	
566.132	-22.8	
566.33	-11.33	
566.528	30.45	
566.726	-8.06	
566.924	60.96	
567.122	27.99	
567.32	-21.16	
567.518	-65.6	
567.716	-40.41	
567.914	-79.94	
568.112	-70.72	
568.31	3.82	
568.507	32.49	
568.705	-14.81	
568.903	-21.78	
569.101	28.4	
569.299	40.07	
569.497	48.88	
569.694	94.96	
569.892	98.23	
570.09	103.97	
570.288	36.18	
570.486	18.98	
570.683	52.77	
570.881	20.41	
571.079	-55.16	
571.276	-38.16	
571.474	-59.87	
571.672	-117.83	
571.869	-79.12	
572.067	-53.52	
572.265	-40.21	
572.462	4.64	
572.66	63.62	
572.857	85.33	
573.055	140.42	
573.253	137.76	
573.45	95.78	
573.648	100.08	
573.845	71.82	
574.043	39.05	
574.24	10.17	
574.438	-22.39	
574.635	-64.37	
574.832	-105.13	
575.03	-103.49	
575.227	2.59	
575.425	7.71	
575.622	-19.93	
575.82	-6.42	
576.017	26.96	
576.214	-37.34	
576.412	7.92	
576.609	6.89	
576.806	7.3	
577.004	-34.68	
577.201	-39.39	
577.398	-6.21	
577.595	96.19	
577.793	140.01	
577.99	134.07	
578.187	92.09	
578.384	56.05	
578.582	-27.51	
578.779	-8.26	
578.976	7.3	
579.173	95.37	
579.37	90.04	
579.567	116.26	
579.764	80.42	
579.962	100.9	
580.159	64.03	
580.356	95.98	
580.553	105.4	
580.75	125.06	
580.947	117.08	
581.144	162.34	
581.341	137.96	
581.538	163.15	
581.735	133.46	
581.932	138.58	
582.129	43.76	
582.326	52.56	
582.523	-7.65	
582.72	-16.25	
582.916	-49.01	
583.113	-46.56	
583.31	-61.71	
583.507	-24.85	
583.704	33.31	
583.901	85.54	
584.098	105.4	
584.294	128.34	
584.491	92.09	
584.688	60.35	
584.885	-5.19	
585.082	100.28	
585.278	114.21	
585.475	144.72	
585.672	115.44	
585.868	135.3	
586.065	49.29	
586.262	-32.84	
586.458	-34.88	
586.655	33.31	
586.852	13.45	
587.048	-15.43	
587.245	-8.67	
587.442	55.43	
587.638	45.6	
587.835	115.64	
588.031	138.99	
588.228	180.36	
588.424	102.33	
588.621	91.07	
588.817	27.99	
589.014	72.63	
589.21	69.77	
589.407	53.18	
589.603	5.46	
589.8	63.62	
589.996	42.32	
590.192	28.6	
590.389	65.47	
590.585	96.6	
590.782	26.35	
590.978	90.04	
591.174	70.18	
591.371	66.9	
591.567	59.32	
591.763	71.2	
591.959	7.3	
592.156	32.08	
592.352	10.17	
592.548	40.69	
592.744	61.37	
592.941	17.95	
593.137	-9.49	
593.333	-12.15	
593.529	33.72	
593.725	66.29	
593.922	61.99	
594.118	126.91	
594.314	84.31	
594.51	45.6	
594.706	-23.21	
594.902	35.77	
595.098	4.64	
595.294	62.6	
595.49	1.16	
595.686	61.58	
595.882	-7.65	
596.078	55.64	
596.274	51.95	
596.47	110.52	
596.666	95.57	
596.862	104.38	
597.058	73.45	
597.254	105.2	
597.45	54.61	
597.646	89.22	
597.842	115.64	
598.037	156.6	
598.233	143.29	
598.429	193.06	
598.625	121.17	
598.821	99.05	
599.017	-6.21	
599.212	19.39	
599.408	26.96	
599.604	23.69	
599.8	23.07	
599.995	29.01	
600.191	-8.46	
600.387	-77.69	
600.582	-38.57	
600.778	13.24	
600.974	43.14	
601.169	32.49	
601.365	89.02	
601.561	38.02	
601.756	-37.55	
601.952	-33.65	
602.147	-66.01	
602.343	-81.99	
602.538	-22.6	
602.734	5.05	
602.93	17.54	
603.125	55.43	
603.321	71.41	
603.516	56.46	
603.711	66.9	
603.907	65.88	
604.102	89.43	
604.298	119.12	
604.493	114.82	
604.689	164.18	
604.884	141.65	
605.079	118.92	
605.275	56.66	
605.47	34.95	
605.665	11.61	
605.861	49.08	
606.056	40.89	
606.251	-8.06	
606.447	22.05	
606.642	2.18	
606.837	-59.05	
607.032	7.51	
607.227	35.16	
607.423	19.18	
607.618	18.77	
607.813	34.95	
608.008	-43.89	
608.203	54.41	
608.398	100.9	
608.594	74.89	
608.789	79.8	
608.984	145.13	
609.179	108.47	
609.374	50.93	
609.569	73.86	
609.764	27.78	
609.959	-13.99	
610.154	-54.13	
610.349	-11.33	
610.544	-23.21	
610.739	20	
610.934	31.06	
611.129	87.58	
611.324	85.74	
611.519	120.97	
611.714	153.53	
611.909	117.69	
612.103	135.71	
612.298	117.28	
612.493	112.77	
612.688	117.49	
612.883	185.48	
613.078	95.98	
613.272	166.64	
613.467	162.75	
613.662	183.63	
613.857	177.9	
614.051	246.71	
614.246	142.06	
614.441	114.21	
614.635	20.41	
614.83	-20.55	
615.025	-94.07	
615.219	-80.55	
615.414	-112.09	
615.609	-84.03	
615.803	-100.42	
615.998	-11.95	
616.192	0.75	
616.387	50.93	
616.582	119.33	
616.776	174.42	
616.971	122.4	
617.165	101.72	
617.36	49.7	
617.554	16.52	
617.749	42.12	
617.943	56.87	
618.138	70.18	
618.332	111.96	
618.526	62.8	
618.721	-12.97	
618.915	9.76	
619.11	29.63	
619.304	-15.22	
619.498	13.04	
619.693	75.3	
619.887	20.41	
620.081	-21.98	
620.275	19.18	
620.47	31.68	
620.664	8.74	
620.858	14.88	
621.052	44.17	
621.247	77.34	
621.441	74.89	
621.635	46.22	
621.829	78.98	
622.023	69.15	
622.218	88.2	
622.412	72.43	
622.606	58.3	
622.8	39.46	
622.994	36.18	
623.188	-34.27	
623.382	-26.69	
623.576	-15.84	
623.77	-36.73	
623.964	-8.46	
624.158	26.56	
624.352	-27.31	
624.546	-8.67	
624.74	31.88	
624.934	-6.01	
625.128	-7.03	
625.322	41.92	
625.516	49.9	
625.71	9.97	
625.904	-15.84	
626.098	15.5	
626.291	47.65	
626.485	31.47	
626.679	26.15	
626.873	142.27	
627.067	83.9	
627.26	85.33	
627.454	115.44	
627.648	152.91	
627.842	67.51	
628.035	93.73	
628.229	75.3	
628.423	10.38	
628.617	-21.78	
628.81	-16.25	
629.004	-38.37	
629.198	-37.34	
629.391	-20.75	
629.585	41.3	
629.778	30.86	
629.972	65.67	
630.166	64.24	
630.359	48.06	
630.553	-2.32	
630.746	45.4	
630.94	52.15	
631.133	-8.46	
631.327	8.74	
631.52	-2.53	
631.714	-44.1	
631.907	-73.39	
632.1	8.12	
632.294	65.67	
632.487	79.6	
632.681	122.61	
632.874	134.69	
633.067	147.59	
633.261	95.78	
633.454	108.06	
633.647	98.23	
633.841	63.42	
634.034	57.48	
634.227	59.94	
634.421	28.4	
634.614	9.35	
634.807	21.84	
635	-57.21	
635.193	-8.87	
635.387	-22.6	
635.58	-43.49	
635.773	-25.05	
635.966	26.35	
636.159	-5.39	
636.352	-31.61	
636.545	-35.29	
636.739	-79.32	
636.932	-82.6	
637.125	-114.75	
637.318	-92.84	
637.511	-32.43	
637.704	-27.72	
637.897	-1.5	
638.09	1.77	
638.283	47.44	
638.476	36.8	
638.669	70.59	
638.862	59.73	
639.055	56.66	
639.247	56.87	
639.44	8.74	
639.633	32.7	
639.826	-7.03	
640.019	0.14	
640.212	-13.79	
640.405	30.45	
640.597	-21.16	
640.79	22.46	
640.983	33.31	
641.176	5.26	
641.368	18.36	
641.561	61.37	
641.754	2.18	
641.947	50.72	
642.139	99.05	
642.332	45.4	
642.525	53.38	
642.717	99.87	
642.91	24.71	
643.103	5.87	
643.295	-0.07	
643.488	-26.69	
643.68	-75.23	
643.873	-51.88	
644.065	-52.29	
644.258	-28.33	
644.45	-52.09	
644.643	-24.85	
644.835	-18.91	
645.028	-71.75	
645.22	-97.14	
645.413	-107.59	
645.605	-119.87	
645.798	-142.81	
645.99	-46.15	
646.182	-29.56	
646.375	13.45	
646.567	20.41	
646.76	1.98	
646.952	-38.57	
647.144	-55.36	
647.337	-74	
647.529	-57.41	
647.721	2.8	
647.913	8.12	
648.106	12.83	
648.298	-12.56	
648.49	-34.27	
648.682	-94.89	
648.874	-91.2	
649.067	-85.06	
649.259	-70.93	
649.451	-86.9	
649.643	-51.88	
649.835	-24.44	
650.027	9.76	
650.219	15.29	
650.411	47.04	
650.603	30.24	
650.796	39.25	
650.988	18.16	
651.18	59.32	
651.372	100.28	
651.564	99.87	
651.756	27.78	
651.948	51.75	
652.139	-16.45	
652.331	-69.29	
652.523	-41.23	
652.715	-30.17	
652.907	-41.23	
653.099	-10.31	
653.291	-18.91	
653.483	-50.45	
653.674	-5.6	
653.866	-9.49	
654.058	-36.52	
654.25	-11.33	
654.442	-7.24	
654.633	-87.31	
654.825	-92.64	
655.017	-54.54	
655.209	-80.14	
655.4	-44.3	
655.592	-59.25	
655.784	-17.89	
655.975	-31.4	
656.167	-12.56	
656.359	-44.3	
656.55	6.28	
656.742	-62.53	
656.933	11.4	
657.125	-4.57	
657.316	-30.17	
657.508	-52.7	
657.7	-0.27	
657.891	-100.42	
658.083	-59.05	
658.274	-12.15	
658.466	32.9	
658.657	61.99	
658.848	40.28	
659.04	44.99	
659.231	14.06	
659.423	2.59	
659.614	-56.8	
659.805	56.87	
659.997	98.85	
660.188	144.52	
660.379	156.4	
660.571	141.65	
660.762	71.41	
660.953	-17.68	
661.145	-46.97	
661.336	-109.84	
661.527	70.79	
661.718	120.97	
661.909	124.45	
662.101	145.34	
662.292	198.58	
662.483	-6.01	
662.674	-42.46	
662.865	-23.01	
663.056	-62.12	
663.247	-111.48	
663.439	-46.56	
663.63	-50.24	
663.821	-89.56	
664.012	-51.68	
664.203	43.76	
664.394	41.51	
664.585	77.55	
664.776	96.8	
664.967	109.09	
665.158	69.56	
665.349	119.74	
665.54	77.55	
665.73	126.29	
665.921	43.96	
666.112	25.12	
666.303	-38.57	
666.494	67.11	
666.685	18.98	
666.876	104.79	
667.066	107.04	
667.257	129.57	
667.448	2.39	
667.639	15.91	
667.83	-16.04	
668.02	-11.74	
668.211	-65.4	
668.402	6.69	
668.592	-51.27	
668.783	-64.58	
668.974	-53.32	
669.164	1.37	
669.355	-39.39	
669.546	39.05	
669.736	50.31	
669.927	37.2	
670.117	-35.29	
670.308	-18.3	
670.499	-65.6	
670.689	-63.15	
670.88	-103.7	
671.07	-47.58	
671.261	-71.75	
671.451	-11.13	
671.641	-72.77	
671.832	-23.62	
672.022	-32.22	
672.213	-54.95	
672.403	-91.82	
672.594	-14.2	
672.784	1.37	
672.974	-2.73	
673.165	-21.78	
673.355	-17.27	
673.545	22.25	
673.736	51.13	
673.926	-0.89	
674.116	63.83	
674.306	10.99	
674.497	-61.51	
674.687	-129.5	
674.877	-101.03	
675.067	-106.77	
675.257	-38.57	
675.448	-32.43	
675.638	9.56	
675.828	-3.35	
676.018	28.4	
676.208	-3.35	
676.398	17.13	
676.588	-18.09	
676.778	-15.22	
676.968	-41.85	
677.158	-18.5	
677.348	-75.84	
677.538	-87.93	
677.728	-56.39	
677.918	-70.31	
678.108	-90.18	
678.298	-30.17	
678.488	-51.47	
678.678	-25.05	
678.868	-15.63	
679.058	-17.48	
679.248	-35.29	
679.438	-10.31	
679.627	-29.76	
679.817	-34.47	
680.007	-25.46	
680.197	-20.96	
680.387	-28.74	
680.576	-25.26	
680.766	-54.95	
680.956	-63.96	
681.146	-20.34	
681.335	-5.6	
681.525	-42.46	
681.715	-7.24	
681.904	16.93	
682.094	-9.9	
682.284	-20.96	
682.473	3	
682.663	50.31	
682.852	35.77	
683.042	57.07	
683.231	60.96	
683.421	72.02	
683.61	16.11	
683.8	0.14	
683.989	-36.32	
684.179	-4.37	
684.368	-65.19	
684.558	-64.58	
684.747	-60.69	
684.937	-102.88	
685.126	-104.11	
685.316	-84.24	
685.505	-124.18	
685.694	-64.17	
685.884	46.01	
686.073	2.39	
686.262	19.18	
686.452	75.09	
686.641	46.42	
686.83	-9.49	
687.019	-0.89	
687.209	26.96	
687.398	23.48	
687.587	-3.35	
687.776	-30.17	
687.965	-56.18	
688.155	-87.31	
688.344	-138.72	
688.533	-138.1	
688.722	-170.87	
688.911	-61.92	
689.1	-8.26	
689.289	68.54	
689.478	85.95	
689.667	136.94	
689.856	-6.83	
690.045	-54.34	
690.234	-112.09	
690.423	-72.98	
690.612	-100.62	
690.801	3.82	
690.99	-10.92	
691.179	16.93	
691.368	-37.14	
691.557	42.12	
691.746	-6.21	
691.935	18.16	
692.124	-8.26	
692.312	16.73	
692.501	-55.98	
692.69	-23.21	
692.879	-37.55	
693.068	-21.98	
693.256	-38.98	
693.445	13.04	
693.634	-25.87	
693.823	-38.98	
694.011	-36.73	
694.2	-25.67	
694.389	-82.81	
694.577	-72.16	
694.766	-70.72	
694.955	-69.08	
695.143	-96.94	
695.332	-63.15	
695.52	-77.48	
695.709	-29.76	
695.897	-42.67	
696.086	-49.42	
696.275	-80.76	
696.463	-48.4	
696.652	-90.79	
696.84	-56.18	
697.028	-37.14	
697.217	-23.21	
697.405	-1.09	
697.594	49.29	
697.782	12.42	
697.971	2.18	
698.159	13.24	
698.347	32.29	
698.536	14.68	
698.724	63.42	
698.912	56.05	
699.1	66.9	
699.289	76.94	
699.477	60.14	
699.665	15.91	
699.854	3	
700.042	1.37	
700.23	-27.92	
700.418	-14.61	
700.606	-9.08	
700.794	30.65	
700.983	29.22	
701.171	30.04	
701.359	16.93	
701.547	45.4	
701.735	51.75	
701.923	22.46	
702.111	2.39	
702.299	-10.31	
702.487	22.05	
702.675	12.63	
702.863	46.83	
703.051	82.26	
703.239	187.12	
703.427	178.51	
703.615	209.44	
703.803	235.24	
703.991	284.8	
704.179	264.73	
704.367	312.04	
704.554	345.83	
704.742	328.02	
704.93	354.64	
705.118	374.91	
705.306	293	
705.493	264.73	
705.681	263.1	
705.869	261.66	
706.057	208.62	
706.244	236.06	
706.432	208.82	
706.62	222.34	
706.807	97.62	
706.995	132.23	
707.183	57.89	
707.37	82.26	
707.558	74.48	
707.746	160.49	
707.933	132.64	
708.121	233.2	
708.308	197.56	
708.496	171.55	
708.683	79.6	
708.871	107.65	
709.058	14.88	
709.246	25.74	
709.433	-18.7	
709.621	3.62	
709.808	-64.99	
709.995	-0.27	
710.183	-7.85	
710.37	16.93	
710.558	10.38	
710.745	23.07	
710.932	-11.54	
711.12	5.46	
711.307	-0.48	
711.494	27.37	
711.681	54	
711.869	18.16	
712.056	25.12	
712.243	45.19	
712.43	-21.57	
712.618	-34.88	
712.805	-40.82	
712.992	-66.01	
713.179	-97.35	
713.366	-57	
713.553	-10.1	
713.74	1.57	
713.928	-60.28	
714.115	-2.53	
714.302	-21.37	
714.489	-66.63	
714.676	-77.48	
714.863	16.11	
715.05	2.8	
715.237	-5.39	
715.424	-60.69	
715.611	27.99	
715.798	15.09	
715.984	2.59	
716.171	52.15	
716.358	86.36	
716.545	29.63	
716.732	28.6	
716.919	-9.69	
717.106	-53.11	
717.293	-43.89	
717.479	-4.16	
717.666	-85.26	
717.853	-61.3	
718.04	-20.55	
718.226	-7.85	
718.413	-84.85	
718.6	-0.48	
718.786	-2.94	
718.973	22.05	
719.16	-30.58	
719.346	8.33	
719.533	-24.85	
719.72	37	
719.906	-11.95	
720.093	49.7	
720.279	-2.53	
720.466	22.46	
720.652	11.61	
720.839	50.93	
721.025	49.49	
721.212	105.2	
721.398	76.32	
721.585	75.91	
721.771	34.34	
721.958	-11.54	
722.144	3.21	
722.331	-42.05	
722.517	-100.42	
722.703	-62.53	
722.89	-91.61	
723.076	-103.29	
723.262	-9.49	
723.449	-11.33	
723.635	-76.87	
723.821	-51.27	
724.007	-95.5	
724.194	-146.29	
724.38	-126.22	
724.566	-99.8	
724.752	-61.92	
724.938	11.4	
725.125	74.07	
725.311	123.63	
725.497	116.26	
725.683	84.31	
725.869	24.1	
726.055	-18.3	
726.241	-49.83	
726.427	-32.63	
726.613	-34.47	
726.799	54.41	
726.985	6.89	
727.171	40.69	
727.357	76.32	
727.543	135.1	
727.729	72.43	
727.915	137.15	
728.101	111.34	
728.287	83.9	
728.473	39.25	
728.659	42.73	
728.845	-1.09	
729.03	-41.64	
729.216	-40	
729.402	-68.47	
729.588	-86.29	
729.774	-69.29	
729.959	-50.24	
730.145	-2.53	
730.331	66.7	
730.517	90.66	
730.702	129.98	
730.888	168.48	
731.074	71.2	
731.259	62.6	
731.445	106.02	
731.63	94.34	
731.816	71.41	
732.002	220.5	
732.187	273.95	
732.373	248.56	
732.558	271.9	
732.744	351.98	
732.929	302.21	
733.115	225.62	
733.3	175.03	
733.486	170.53	
733.671	83.28	
733.857	64.65	
734.042	118.51	
734.227	173.6	
734.413	240.98	
734.598	331.09	
734.784	310.61	
734.969	313.48	
735.154	369.39	
735.339	359.15	
735.525	395.6	
735.71	498.41	
735.895	484.48	
736.081	480.79	
736.266	491.85	
736.451	449.05	
736.636	493.08	
736.821	520.93	
737.007	516.43	
737.192	537.73	
737.377	522.16	
737.562	438.2	
737.747	470.55	
737.932	504.55	
738.117	471.58	
738.302	560.05	
738.487	592.61	
738.672	580.74	
738.857	603.67	
739.042	623.95	
739.227	643.81	
739.412	610.23	
739.597	595.89	
739.782	602.24	
739.967	531.99	
740.152	462.98	
740.337	482.43	
740.522	477.52	
740.706	443.32	
740.891	538.34	
741.076	545.72	
741.261	560.26	
741.446	575.82	
741.63	544.69	
741.815	493.08	
742	404.61	
742.185	358.94	
742.369	332.32	
742.554	300.57	
742.739	282.35	
742.923	329.65	
743.108	354.23	
743.293	365.7	
743.477	355.87	
743.662	364.06	
743.846	349.52	
744.031	329.04	
744.216	297.5	
744.4	361.19	
744.585	342.15	
744.769	372.87	
744.954	366.52	
745.138	363.04	
745.322	342.97	
745.507	297.5	
745.691	250.19	
745.876	221.93	
746.06	256.34	
746.244	252.65	
746.429	309.99	
746.613	306.72	
746.798	330.88	
746.982	280.91	
747.166	303.03	
747.35	262.89	
747.535	267.4	
747.719	277.02	
747.903	336.21	
748.087	275.38	
748.272	282.14	
748.456	318.39	
748.64	291.15	
748.824	262.69	
749.008	276.41	
749.192	263.71	
749.376	221.32	
749.56	202.68	
749.745	176.47	
749.929	215.17	
750.113	244.46	
750.297	208.01	
750.481	259.2	
750.665	288.9	
750.849	260.23	
751.033	259.61	
751.217	250.19	
751.4	236.27	
751.584	203.3	
751.768	211.9	
751.952	194.28	
752.136	242.82	
752.32	195.31	
752.504	237.5	
752.688	226.03	
752.871	226.85	
753.055	205.55	
753.239	225.41	
753.423	235.45	
753.606	204.93	
753.79	239.95	
753.974	264.32	
754.157	271.9	
754.341	213.13	
754.525	212.31	
754.708	183.22	
754.892	166.43	
755.076	198.18	
755.259	237.09	
755.443	221.93	
755.626	245.07	
755.81	287.47	
755.993	275.38	
756.177	244.46	
756.36	290.13	
756.544	248.76	
756.727	212.72	
756.911	217.84	
757.094	246.71	
757.278	229.71	
757.461	212.31	
757.644	214.76	
757.828	163.97	
758.011	178.11	
758.195	197.36	
758.378	211.69	
758.561	202.89	
758.744	200.22	
758.928	219.06	
759.111	209.85	
759.294	244.66	
759.477	262.48	
759.661	288.29	
759.844	249.78	
760.027	232.38	
760.21	196.13	
760.393	204.93	
760.576	198.58	
760.76	185.48	
760.943	156.19	
761.126	236.06	
761.309	261.05	
761.492	257.16	
761.675	241.8	
761.858	271.08	
762.041	196.74	
762.224	91.27	
762.407	83.69	
762.59	114	
762.773	63.42	
762.956	57.89	
763.139	94.34	
763.321	125.06	
763.504	72.63	
763.687	129.36	
763.87	153.94	
764.053	181.79	
764.236	207.8	
764.418	238.32	
764.601	210.05	
764.784	204.11	
764.967	235.45	
765.149	197.97	
765.332	214.56	
765.515	257.36	
765.697	222.55	
765.88	195.51	
766.063	196.13	
766.245	188.34	
766.428	133.05	
766.611	149.02	
766.793	137.15	
766.976	163.56	
767.158	123.42	
767.341	203.91	
767.523	213.74	
767.706	246.51	
767.888	214.56	
768.071	337.85	
768.253	266.58	
768.436	289.31	
768.618	293.2	
768.8	367.54	
768.983	325.15	
769.165	354.44	
769.348	288.49	
769.53	246.71	
769.712	169.91	
769.895	125.06	
770.077	138.78	
770.259	171.14	
770.441	164.79	
770.624	225.41	
770.806	262.07	
770.988	228.49	
771.17	243.03	
771.352	312.25	
771.535	308.77	
771.717	291.77	
771.899	297.91	
772.081	354.84	
772.263	292.59	
772.445	261.05	
772.627	202.68	
772.809	201.04	
772.991	168.07	
773.173	223.57	
773.355	206.16	
773.537	240.57	
773.719	228.69	
773.901	272.72	
774.083	207.39	
774.265	171.96	
774.447	145.34	
774.629	183.63	
774.811	134.28	
774.992	177.7	
775.174	174.42	
775.356	234.01	
775.538	163.77	
775.72	115.23	
775.901	91.68	
776.083	96.6	
776.265	43.96	
776.447	106.84	
776.628	170.32	
776.81	149.02	
776.992	210.87	
777.173	223.57	
777.355	192.24	
777.537	192.85	
777.718	198.58	
777.9	182.82	
778.081	181.79	
778.263	216.61	
778.444	155.17	
778.626	137.15	
778.807	79.8	
778.989	41.71	
779.17	-25.67	
779.352	-86.7	
779.533	-110.25	
779.715	-55.36	
779.896	-89.77	
780.078	-8.67	
780.259	74.27	
780.44	86.36	
780.622	42.12	
780.803	176.47	
780.984	125.27	
781.166	76.12	
781.347	90.66	
781.528	104.38	
781.709	9.97	
781.891	36.59	
782.072	78.78	
782.253	104.58	
782.434	85.13	
782.615	100.08	
782.796	78.98	
782.978	113.59	
783.159	99.46	
783.34	167.66	
783.521	174.01	
783.702	174.83	
783.883	158.44	
784.064	187.12	
784.245	102.53	
784.426	141.45	
784.607	112.98	
784.788	123.63	
784.969	47.85	
785.15	88.81	
785.331	-26.9	
785.512	7.1	
785.692	-30.58	
785.873	10.38	
786.054	-31.81	
786.235	12.42	
786.416	24.92	
786.597	31.27	
786.777	1.98	
786.958	24.51	
787.139	49.9	
787.32	54.61	
787.5	61.37	
787.681	39.25	
787.862	47.04	
788.042	55.64	
788.223	31.06	
788.404	-34.88	
788.584	19.8	
788.765	57.07	
788.946	22.05	
789.126	22.46	
789.307	108.47	
789.487	125.06	
789.668	49.49	
789.848	49.08	
790.029	-7.65	
790.209	-40.21	
790.39	-87.72	
790.57	-90.79	
790.75	-9.49	
790.931	37.82	
791.111	-10.31	
791.292	42.94	
791.472	66.7	
791.652	22.46	
791.833	12.01	
792.013	55.84	
792.193	-10.72	
792.373	34.54	
792.554	27.37	
792.734	48.06	
792.914	16.52	
793.094	57.68	
793.275	44.37	
793.455	32.08	
793.635	50.72	
793.815	82.67	
793.995	50.11	
794.175	35.57	
794.355	85.54	
794.535	82.06	
794.715	77.34	
794.896	90.66	
795.076	56.66	
795.256	70.59	
795.436	20.62	
795.616	42.12	
795.795	57.27	
795.975	75.09	
796.155	67.11	
796.335	102.53	
796.515	125.06	
796.695	158.24	
796.875	203.7	
797.055	167.46	
797.234	161.11	
797.414	136.53	
797.594	98.64	
797.774	80.42	
797.954	40.28	
798.133	55.43	
798.313	8.94	
798.493	21.44	
798.672	-25.05	
798.852	-9.49	
799.032	-79.73	
799.211	-70.11	
799.391	-88.13	
799.571	-75.64	
799.75	-88.34	
799.93	10.17	
800.109	21.84	
800.289	21.84	
800.468	15.29	
800.648	31.47	
800.827	-7.24	
801.007	-3.14	
801.186	-51.47	
801.366	-36.93	
801.545	-32.02	
801.725	17.34	
801.904	-38.16	
802.083	26.96	
802.263	23.48	
802.442	86.97	
802.621	9.97	
802.801	111.34	
802.98	111.75	
803.159	71.2	
803.338	-10.92	
803.518	71.61	
803.697	-1.09	
803.876	28.6	
804.055	84.31	
804.235	134.48	
804.414	60.55	
804.593	95.57	
804.772	54	
804.951	49.7	
805.13	-19.93	
805.309	15.7	
805.488	17.95	
805.667	50.93	
805.846	54.61	
806.025	105.81	
806.204	126.91	
806.383	93.73	
806.562	47.24	
806.741	41.3	
806.92	60.96	
807.099	24.51	
807.278	-5.6	
807.457	-9.49	
807.636	24.71	
807.814	-0.68	
807.993	-9.28	
808.172	39.25	
808.351	63.21	
808.53	50.72	
808.708	29.83	
808.887	38.84	
809.066	99.05	
809.244	89.63	
809.423	57.89	
809.602	66.08	
809.78	110.32	
809.959	48.67	
810.138	84.31	
810.316	113.59	
810.495	131.21	
810.673	56.05	
810.852	79.39	
811.03	68.95	
811.209	71.82	
811.388	70.79	
811.566	106.84	
811.744	103.56	
811.923	88.81	
812.101	71.61	
812.28	138.58	
812.458	164.79	
812.637	118.92	
812.815	122.61	
812.993	158.44	
813.172	142.47	
813.35	51.13	
813.528	97.62	
813.706	74.48	
813.885	54.41	
814.063	-19.32	
814.241	85.33	
814.419	96.19	
814.598	152.71	
814.776	151.07	
814.954	141.86	
815.132	106.84	
815.31	107.86	
815.488	15.91	
815.666	-20.55	
815.844	-20.75	
816.022	-59.46	
816.201	-109.02	
816.379	-26.69	
816.557	4.44	
816.735	37.2	
816.913	28.4	
817.09	73.66	
817.268	21.64	
817.446	-1.91	
817.624	-39.39	
817.802	67.51	
817.98	20.21	
818.158	14.27	
818.336	-40.41	
818.514	2.18	
818.691	-31.61	
818.869	24.51	
819.047	72.84	
819.225	115.44	
819.402	78.16	
819.58	108.27	
819.758	115.23	
819.935	79.6	
820.113	77.96	
820.291	83.49	
820.468	-0.07	
820.646	-5.8	
820.824	22.87	
821.001	115.64	
821.179	169.3	
821.356	202.68	
821.534	158.65	
821.711	123.01	
821.889	122.61	
822.066	104.79	
822.244	76.12	
822.421	132.23	
822.599	174.62	
822.776	68.74	
822.953	13.65	
823.131	-10.31	
823.308	-63.15	
823.486	-79.94	
823.663	-52.91	
823.84	-0.48	
824.017	-18.91	
824.195	-7.65	
824.372	10.99	
824.549	12.63	
824.726	-22.6	
824.904	-9.28	
825.081	3	
825.258	-56.18	
825.435	-52.7	
825.612	-5.39	
825.789	-19.52	
825.967	0.34	
826.144	75.91	
826.321	107.04	
826.498	95.98	
826.675	136.94	
826.852	67.31	
827.029	44.78	
827.206	33.93	
827.383	-20.96	
827.56	29.42	
827.737	52.36	
827.914	61.78	
828.09	50.52	
828.267	73.66	
828.444	38.84	
828.621	22.25	
828.798	69.56	
828.975	30.04	
829.151	25.94	
829.328	18.57	
829.505	102.13	
829.682	2.8	
829.858	18.16	
830.035	64.24	
830.212	47.65	
830.389	-9.28	
830.565	-10.72	
830.742	53.59	
830.918	47.04	
831.095	49.29	
831.272	55.02	
831.448	60.76	
831.625	62.19	
831.801	65.26	
831.978	69.36	
832.154	37.41	
832.331	85.95	
832.507	17.75	
832.684	40.69	
832.86	67.72	
833.037	188.75	
833.213	137.76	
833.389	177.08	
833.566	79.19	
833.742	38.84	
833.918	-62.12	
834.095	-89.77	
834.271	-139.74	
834.447	-51.47	
834.624	-32.22	
834.8	-28.74	
834.976	27.58	
835.152	45.19	
835.328	10.38	
835.505	43.76	
835.681	40.07	
835.857	-20.55	
836.033	29.83	
836.209	122.81	
836.385	102.33	
836.561	123.42	
836.737	179.95	
836.913	120.15	
837.089	59.32	
837.265	63.01	
837.441	97.01	
837.617	79.39	
837.793	90.04	
837.969	79.6	
838.145	53.18	
838.321	22.46	
838.497	39.87	
838.673	79.19	
838.849	7.3	
839.025	76.12	
839.2	78.78	
839.376	97.82	
839.552	60.76	
839.728	131.62	
839.903	66.49	
840.079	83.08	
840.255	49.49	
840.431	144.11	
840.606	86.77	
840.782	158.24	
840.958	69.56	
841.133	62.39	
841.309	-3.35	
841.484	55.23	
841.66	-34.47	
841.835	-22.6	
842.011	-28.74	
842.186	8.53	
842.362	-28.74	
842.537	15.09	
842.713	28.4	
842.888	44.99	
843.064	-23.01	
843.239	-27.1	
843.415	-37.96	
843.59	30.86	
843.765	22.46	
843.941	53.79	
844.116	124.86	
844.291	99.46	
844.467	55.23	
844.642	85.33	
844.817	106.84	
844.992	42.12	
845.168	60.96	
845.343	91.27	
845.518	82.87	
845.693	90.04	
845.868	89.84	
846.043	61.99	
846.219	1.16	
846.394	31.27	
846.569	-2.94	
846.744	-14.4	
846.919	2.18	
847.094	125.47	
847.269	89.84	
847.444	84.92	
847.619	105.81	
847.794	192.65	
847.969	143.29	
848.144	165.2	
848.319	160.9	
848.494	177.08	
848.668	142.06	
848.843	149.64	
849.018	132.23	
849.193	126.7	
849.368	136.12	
849.542	171.76	
849.717	145.34	
849.892	132.23	
850.067	144.93	
850.241	165.2	
850.416	103.76	
850.591	130.18	
850.765	103.15	
850.94	142.27	
851.115	66.08	
851.289	84.1	
851.464	21.84	
851.639	46.63	
851.813	3	
851.988	75.91	
852.162	29.83	
852.337	44.17	
852.511	52.97	
852.686	100.08	
852.86	75.09	
853.035	100.28	
853.209	93.32	
853.383	131.62	
853.558	36.18	
853.732	53.38	
853.906	15.29	
854.081	44.37	
854.255	3	
854.429	68.74	
854.604	40.69	
854.778	107.65	
854.952	107.04	
855.126	146.16	
855.301	136.94	
855.475	114.82	
855.649	61.99	
855.823	26.76	
855.997	-9.9	
856.171	7.3	
856.345	-4.57	
856.52	9.35	
856.694	43.55	
856.868	90.04	
857.042	57.27	
857.216	138.78	
857.39	149.84	
857.564	121.79	
857.738	69.97	
857.912	75.91	
858.085	33.11	
858.259	33.93	
858.433	54.61	
858.607	38.43	
858.781	51.95	
858.955	21.23	
859.129	4.03	
859.302	3.62	
859.476	-16.86	
859.65	51.34	
859.824	34.13	
859.997	53.79	
860.171	92.3	
860.345	158.65	
860.519	100.28	
860.692	128.34	
860.866	132.64	
861.039	126.7	
861.213	105.4	
861.387	63.42	
861.56	47.85	
861.734	76.53	
861.907	39.46	
862.081	26.76	
862.254	94.34	
862.428	143.29	
862.601	103.56	
862.775	116.87	
862.948	231.76	
863.122	211.28	
863.295	170.32	
863.468	159.88	
863.642	120.76	
863.815	38.02	
863.988	23.48	
864.162	42.32	
864.335	18.77	
864.508	64.65	
864.682	75.3	
864.855	67.31	
865.028	40.69	
865.201	97.82	
865.374	68.95	
865.548	108.47	
865.721	124.04	
865.894	203.7	
866.067	177.9	
866.24	197.56	
866.413	166.23	
866.586	158.44	
866.759	61.99	
866.932	43.35	
867.105	27.58	
867.278	-49.01	
867.451	-68.06	
867.624	-7.44	
867.797	34.34	
867.97	12.63	
868.143	53.18	
868.316	88.2	
868.489	15.91	
868.661	-0.07	
868.834	48.26	
869.007	90.45	
869.18	74.89	
869.353	120.76	
869.525	160.7	
869.698	114.21	
869.871	83.9	
870.044	94.34	
870.216	101.1	
870.389	41.71	
870.562	81.03	
870.734	108.06	
870.907	65.88	
871.079	75.3	
871.252	63.01	
871.425	102.53	
871.597	48.26	
871.77	161.93	
871.942	141.65	
872.115	140.83	
872.287	103.35	
872.459	108.68	
872.632	26.35	
872.804	36.18	
872.977	0.96	
873.149	-5.39	
873.321	-9.9	
873.494	-9.49	
873.666	21.64	
873.838	47.24	
874.011	19.59	
874.183	65.47	
874.355	59.53	
874.528	33.11	
874.7	48.88	
874.872	131.21	
875.044	142.47	
875.216	162.34	
875.388	205.75	
875.561	224.18	
875.733	131.62	
875.905	82.06	
876.077	21.03	
876.249	57.68	
876.421	20.41	
876.593	-0.89	
876.765	29.01	
876.937	100.28	
877.109	18.36	
877.281	64.85	
877.453	81.03	
877.625	55.43	
877.797	-6.83	
877.968	-35.5	
878.14	-69.29	
878.312	-5.39	
878.484	-46.15	
878.656	-5.6	
878.828	7.71	
878.999	83.49	
879.171	16.73	
879.343	26.15	
879.515	14.47	
879.686	4.85	
879.858	-49.42	
880.03	-8.46	
880.201	25.33	
880.373	6.08	
880.545	30.86	
880.716	56.25	
880.888	99.26	
881.059	109.29	
881.231	124.86	
881.402	157.63	
881.574	141.65	
881.745	118.71	
881.917	135.92	
882.088	146.16	
882.26	100.69	
882.431	140.83	
882.602	62.19	
882.774	44.37	
882.945	6.28	
883.116	-27.72	
883.288	-84.03	
883.459	-38.37	
883.63	-38.77	
883.802	-18.7	
883.973	9.56	
884.144	47.44	
884.315	68.74	
884.487	99.46	
884.658	148	
884.829	189.57	
885	159.06	
885.171	166.23	
885.342	77.96	
885.513	51.54	
885.684	26.96	
885.855	56.87	
886.026	14.88	
886.197	81.44	
886.368	30.86	
886.539	48.26	
886.71	6.49	
886.881	19.8	
887.052	40.69	
887.223	91.07	
887.394	42.94	
887.565	118.3	
887.736	84.92	
887.907	90.25	
888.077	69.36	
888.248	77.55	
888.419	9.76	
888.59	13.04	
888.761	22.87	
888.931	50.52	
889.102	90.45	
889.273	82.06	
889.443	77.14	
889.614	13.86	
889.785	-9.49	
889.955	-19.93	
890.126	-23.62	
890.296	52.15	
890.467	69.56	
890.637	151.07	
890.808	153.32	
890.978	200.63	
891.149	180.97	
891.319	270.47	
891.49	232.38	
891.66	258.79	
891.831	232.17	
892.001	229.51	
892.172	105.61	
892.342	81.03	
892.512	49.29	
892.683	94.55	
892.853	66.29	
893.023	106.84	
893.193	77.34	
893.364	83.9	
893.534	72.23	
893.704	131.41	
893.874	135.92	
894.044	172.37	
894.215	149.84	
894.385	162.34	
894.555	121.99	
894.725	177.29	
894.895	108.27	
895.065	140.63	
895.235	100.69	
895.405	151.89	
895.575	70.79	
895.745	135.51	
895.915	138.58	
