177.618	-757.75	
177.836	-753.14	
178.054	-749.15	
178.271	-573.84	
178.489	-329.52	
178.706	-203.36	
178.924	-66.35	
179.142	87.86	
179.359	70.65	
179.577	-64.1	
179.794	-45.06	
180.012	-64.31	
180.229	-112.84	
180.447	-88.68	
180.664	-52.43	
180.882	-64.51	
181.1	-4.71	
181.317	-7.58	
181.535	-42.6	
181.752	-54.48	
181.969	-6.35	
182.187	1.43	
182.404	42.19	
182.622	53.86	
182.839	92.36	
183.057	93.39	
183.274	63.08	
183.492	84.99	
183.709	119.6	
183.926	72.91	
184.144	49.36	
184.361	80.49	
184.579	77	
184.796	6.35	
185.013	64.92	
185.231	35.43	
185.448	43.62	
185.666	65.74	
185.883	63.9	
186.1	42.19	
186.317	72.91	
186.535	9.63	
186.752	-18.23	
186.969	45.87	
187.187	122.26	
187.404	56.32	
187.621	160.15	
187.839	174.49	
188.056	127.38	
188.273	37.68	
188.49	136.19	
188.708	67.58	
188.925	111.82	
189.142	125.13	
189.359	116.53	
189.576	44.85	
189.794	43.42	
190.011	-12.08	
190.228	-0.82	
190.445	19.05	
190.662	116.73	
190.879	112.64	
191.097	103.22	
191.314	106.9	
191.531	115.92	
191.748	-3.28	
191.965	39.32	
192.182	38.91	
192.399	33.59	
192.616	70.86	
192.834	139.26	
193.051	94.21	
193.268	104.24	
193.485	99.94	
193.702	40.34	
193.919	20.89	
194.136	21.5	
194.353	4.92	
194.57	23.35	
194.787	33.59	
195.004	122.88	
195.221	117.35	
195.438	156.06	
195.655	129.64	
195.872	213.81	
196.089	97.69	
196.306	138.24	
196.523	124.31	
196.74	171.82	
196.957	48.13	
197.173	91.13	
197.39	57.14	
197.607	74.96	
197.824	45.67	
198.041	111.82	
198.258	99.94	
198.475	147.66	
198.692	105.06	
198.909	54.68	
199.125	-2.66	
199.342	48.54	
199.559	41.57	
199.776	78.85	
199.993	174.69	
200.21	192.71	
200.426	109.98	
200.643	88.68	
200.86	91.13	
201.077	91.13	
201.293	88.47	
201.51	108.34	
201.727	10.04	
201.944	-62.26	
202.16	-86.83	
202.377	-98.92	
202.594	-107.93	
202.811	-38.71	
203.027	-3.07	
203.244	-48.74	
203.461	-9.63	
203.677	58.57	
203.894	88.06	
204.111	104.86	
204.327	138.85	
204.544	108.95	
204.761	89.7	
204.977	61.85	
205.194	13.52	
205.41	58.78	
205.627	57.14	
205.844	49.36	
206.06	31.95	
206.277	84.38	
206.493	41.98	
206.71	67.79	
206.926	50.99	
207.143	120.01	
207.36	32.56	
207.576	87.86	
207.793	81.92	
208.009	94.62	
208.226	37.07	
208.442	73.93	
208.659	34.82	
208.875	24.58	
209.092	-15.15	
209.308	-11.67	
209.524	2.25	
209.741	65.33	
209.957	114.89	
210.174	151.34	
210.39	150.73	
210.607	148.68	
210.823	5.94	
211.039	-52.43	
211.256	-0.2	
211.472	-53.86	
211.688	10.85	
211.905	92.77	
212.121	89.91	
212.338	45.26	
212.554	114.07	
212.77	71.27	
212.987	66.76	
213.203	124.11	
213.419	148.68	
213.635	111	
213.852	82.12	
214.068	50.18	
214.284	1.02	
214.501	13.11	
214.717	31.13	
214.933	67.99	
215.149	22.32	
215.365	-3.28	
215.582	-78.85	
215.798	-50.58	
216.014	-55.7	
216.23	10.44	
216.447	51.2	
216.663	51.81	
216.879	3.28	
217.095	37.07	
217.311	42.19	
217.527	56.93	
217.743	93.39	
217.96	95.44	
218.176	67.38	
218.392	60.42	
218.608	64.51	
218.824	33.38	
219.04	44.03	
219.256	61.23	
219.472	41.16	
219.688	18.84	
219.904	74.75	
220.12	154.21	
220.336	126.97	
220.552	140.7	
220.768	171.62	
220.984	176.74	
221.2	57.75	
221.416	91.75	
221.632	36.45	
221.848	10.65	
222.064	-67.58	
222.28	-21.91	
222.496	-84.58	
222.712	4.51	
222.928	-22.12	
223.144	58.16	
223.36	46.9	
223.576	93.59	
223.792	55.5	
224.008	131.68	
224.224	111.61	
224.439	159.54	
224.655	123.29	
224.871	149.09	
225.087	87.04	
225.303	31.33	
225.519	6.96	
225.734	63.08	
225.95	45.26	
226.166	78.44	
226.382	103.42	
226.598	97.48	
226.813	88.88	
227.029	63.08	
227.245	31.13	
227.461	52.63	
227.677	65.94	
227.892	65.74	
228.108	60.21	
228.324	115.51	
228.539	51.4	
228.755	80.69	
228.971	77.82	
229.186	128	
229.402	90.73	
229.618	177.97	
229.833	95.44	
230.049	86.83	
230.265	15.97	
230.48	83.97	
230.696	50.79	
230.912	103.22	
231.127	112.64	
231.343	152.57	
231.558	45.67	
231.774	84.79	
231.99	158.72	
232.205	140.7	
232.421	105.68	
232.636	137.62	
232.852	74.34	
233.067	-5.32	
233.283	16.38	
233.498	82.53	
233.714	89.91	
233.929	135.99	
234.145	122.26	
234.36	133.94	
234.576	138.24	
234.791	189.64	
235.007	204.39	
235.222	270.33	
235.438	231.01	
235.653	296.55	
235.868	239.41	
236.084	256.41	
236.299	255.38	
236.515	271.36	
236.73	146.22	
236.945	154.01	
237.161	87.45	
237.376	27.65	
237.592	20.07	
237.807	44.44	
238.022	40.34	
238.238	66.97	
238.453	26.42	
238.668	30.31	
238.883	-33.79	
239.099	-33.38	
239.314	-72.7	
239.529	-18.84	
239.745	5.32	
239.96	97.07	
240.175	92.16	
240.39	193.94	
240.605	193.33	
240.821	143.56	
241.036	134.96	
241.251	216.68	
241.466	131.48	
241.681	121.85	
241.897	153.6	
242.112	177.15	
242.327	83.15	
242.542	92.98	
242.757	103.42	
242.972	95.23	
243.188	27.65	
243.403	51.2	
243.618	56.93	
243.833	51.81	
244.048	73.52	
244.263	115.1	
244.478	105.27	
244.693	65.74	
244.908	86.63	
245.123	70.04	
245.338	105.27	
245.553	138.65	
245.768	137.42	
245.983	129.84	
246.198	94.82	
246.413	67.79	
246.628	39.73	
246.843	46.08	
247.058	37.89	
247.273	53.45	
247.488	35.02	
247.703	82.53	
247.918	86.42	
248.133	114.48	
248.348	90.32	
248.563	148.27	
248.778	90.93	
248.993	112.23	
249.207	149.5	
249.422	163.84	
249.637	50.58	
249.852	48.95	
250.067	19.05	
250.282	-62.46	
250.496	-68.61	
250.711	30.51	
250.926	24.78	
251.141	78.64	
251.356	83.97	
251.57	139.06	
251.785	129.43	
252	114.48	
252.215	89.29	
252.43	149.5	
252.644	155.65	
252.859	129.43	
253.074	149.91	
253.288	148.68	
253.503	79.26	
253.718	108.75	
253.932	202.34	
254.147	233.26	
254.362	238.18	
254.576	252.92	
254.791	187.39	
255.006	109.98	
255.22	112.84	
255.435	126.56	
255.65	166.09	
255.864	189.03	
256.079	150.12	
256.293	151.75	
256.508	139.06	
256.723	213.19	
256.937	154.83	
257.152	145.41	
257.366	127.38	
257.581	113.05	
257.795	22.32	
258.01	122.67	
258.224	175.72	
258.439	182.06	
258.653	156.67	
258.868	168.14	
259.082	101.58	
259.297	62.46	
259.511	25.39	
259.726	13.11	
259.94	-26.42	
260.154	-65.94	
260.369	-50.18	
260.583	-19.05	
260.798	-30.72	
261.012	6.76	
261.226	55.91	
261.441	84.17	
261.655	83.15	
261.869	159.54	
262.084	139.47	
262.298	132.09	
262.512	59.6	
262.727	37.07	
262.941	54.48	
263.155	49.56	
263.37	38.71	
263.584	107.31	
263.798	112.64	
264.012	138.03	
264.227	131.89	
264.441	203.36	
264.655	149.91	
264.869	232.03	
265.084	135.58	
265.298	149.5	
265.512	70.04	
265.726	118.37	
265.94	41.16	
266.155	94.21	
266.369	91.34	
266.583	165.48	
266.797	153.6	
267.011	236.95	
267.225	287.53	
267.439	302.69	
267.654	236.34	
267.868	200.09	
268.082	69.43	
268.296	-66.15	
268.51	-143.97	
268.724	-105.27	
268.938	-127.18	
269.152	-53.45	
269.366	-8.4	
269.58	52.43	
269.794	13.31	
270.008	115.1	
270.222	87.86	
270.436	76.39	
270.65	49.77	
270.864	82.74	
271.078	23.35	
271.292	56.93	
271.506	117.96	
271.72	161.58	
271.934	167.32	
272.148	158.31	
272.362	145.41	
272.575	179.81	
272.789	171.21	
273.003	153.39	
273.217	211.35	
273.431	148.27	
273.645	84.38	
273.859	124.93	
274.073	171.21	
274.286	137.83	
274.5	189.23	
274.714	163.63	
274.928	153.39	
275.142	111.41	
275.355	81.71	
275.569	108.34	
275.783	165.27	
275.997	123.7	
276.21	136.19	
276.424	209.3	
276.638	153.19	
276.852	145.61	
277.065	130.87	
277.279	137.42	
277.493	90.32	
277.706	175.72	
277.92	181.65	
278.134	154.01	
278.347	103.42	
278.561	67.99	
278.775	40.34	
278.988	31.13	
279.202	116.32	
279.415	174.69	
279.629	181.04	
279.843	174.69	
280.056	244.73	
280.27	238.18	
280.483	172.23	
280.697	185.96	
280.91	217.49	
281.124	244.94	
281.337	210.94	
281.551	295.32	
281.764	249.65	
281.978	209.51	
282.191	92.77	
282.405	132.3	
282.618	47.72	
282.832	88.88	
283.045	55.3	
283.259	100.35	
283.472	62.87	
283.686	73.32	
283.899	25.19	
284.112	45.46	
284.326	43.42	
284.539	64.31	
284.752	98.71	
284.966	148.27	
285.179	186.98	
285.393	180.84	
285.606	116.53	
285.819	143.56	
286.033	88.27	
286.246	132.09	
286.459	83.56	
286.672	135.78	
286.886	57.14	
287.099	152.57	
287.312	18.64	
287.525	46.28	
287.739	20.48	
287.952	83.97	
288.165	77.62	
288.378	133.32	
288.592	127.79	
288.805	132.5	
289.018	149.5	
289.231	117.76	
289.444	152.78	
289.657	118.58	
289.871	114.69	
290.084	37.07	
290.297	100.96	
290.51	65.94	
290.723	62.67	
290.936	130.87	
291.149	142.13	
291.362	147.04	
291.575	127.79	
291.789	146.43	
292.002	88.47	
292.215	131.48	
292.428	20.68	
292.641	49.56	
292.854	59.6	
293.067	43.42	
293.28	25.6	
293.493	48.95	
293.706	-19.05	
293.919	55.09	
294.132	30.51	
294.345	25.8	
294.558	22.73	
294.77	61.44	
294.983	-6.96	
295.196	66.56	
295.409	113.05	
295.622	191.08	
295.835	229.99	
296.048	265.42	
296.261	246.37	
296.474	233.67	
296.686	176.13	
296.899	187.59	
297.112	186.98	
297.325	174.69	
297.538	191.08	
297.751	226.71	
297.963	239.82	
298.176	217.08	
298.389	201.52	
298.602	194.56	
298.814	299.21	
299.027	258.45	
299.24	250.88	
299.453	311.5	
299.665	270.33	
299.878	109.98	
300.091	77.41	
300.303	77.82	
300.516	27.85	
300.729	23.35	
300.941	70.04	
301.154	40.55	
301.367	13.52	
301.579	39.73	
301.792	78.44	
302.005	44.85	
302.217	64.72	
302.43	91.75	
302.642	42.8	
302.855	-14.34	
303.067	-18.43	
303.28	33.59	
303.493	-22.94	
303.705	63.08	
303.918	100.76	
304.13	173.67	
304.343	124.52	
304.555	192.71	
304.768	136.39	
304.98	164.04	
305.193	82.33	
305.405	136.39	
305.617	94	
305.83	124.31	
306.042	68.2	
306.255	83.35	
306.467	22.12	
306.68	7.37	
306.892	-22.53	
307.104	20.68	
307.317	7.17	
307.529	88.27	
307.741	129.84	
307.954	156.67	
308.166	121.24	
308.378	195.99	
308.591	179.2	
308.803	210.94	
309.015	254.36	
309.228	321.53	
309.44	227.94	
309.652	189.85	
309.864	138.44	
310.077	37.89	
310.289	-36.25	
310.501	13.72	
310.713	5.94	
310.926	38.71	
311.138	27.65	
311.35	81.51	
311.562	25.39	
311.774	101.17	
311.986	73.52	
312.199	158.51	
312.411	70.04	
312.623	112.43	
312.835	27.24	
313.047	19.05	
313.259	-6.14	
313.471	43.62	
313.683	25.39	
313.895	44.24	
314.108	40.14	
314.32	28.26	
314.532	-21.91	
314.744	6.14	
314.956	66.35	
315.168	85.2	
315.38	47.31	
315.592	115.71	
315.804	116.53	
316.016	165.48	
316.228	195.38	
316.44	255.79	
316.651	265.01	
316.863	257.43	
317.075	148.89	
317.287	96.25	
317.499	75.37	
317.711	54.07	
317.923	77	
318.135	46.08	
318.347	89.09	
318.559	145.2	
318.77	198.24	
318.982	166.09	
319.194	176.94	
319.406	145.41	
319.618	78.64	
319.83	-7.37	
320.041	-0.2	
320.253	3.69	
320.465	-10.04	
320.677	-15.77	
320.888	-15.97	
321.1	-9.63	
321.312	87.24	
321.524	95.03	
321.735	83.56	
321.947	53.25	
322.159	17	
322.37	-83.97	
322.582	-55.5	
322.794	9.22	
323.005	83.15	
323.217	111.61	
323.429	104.86	
323.64	138.03	
323.852	75.57	
324.063	34.82	
324.275	64.51	
324.487	116.32	
324.698	45.87	
324.91	94.62	
325.121	87.65	
325.333	27.24	
325.544	26.83	
325.756	89.5	
325.967	37.68	
326.179	108.95	
326.39	130.25	
326.602	130.05	
326.813	47.1	
327.025	80.28	
327.236	-7.37	
327.448	-28.88	
327.659	-90.73	
327.871	-42.19	
328.082	-45.67	
328.293	20.07	
328.505	69.43	
328.716	114.48	
328.928	100.56	
329.139	130.87	
329.35	89.29	
329.562	105.88	
329.773	129.64	
329.984	132.3	
330.196	90.93	
330.407	159.54	
330.618	103.22	
330.83	61.03	
331.041	72.09	
331.252	64.72	
331.463	17	
331.675	67.79	
331.886	120.63	
332.097	128.2	
332.308	141.51	
332.52	153.8	
332.731	120.63	
332.942	120.01	
333.153	147.86	
333.364	126.77	
333.575	101.78	
333.787	140.29	
333.998	61.23	
334.209	84.99	
334.42	66.15	
334.631	75.37	
334.842	60.42	
335.053	142.13	
335.264	63.08	
335.475	95.44	
335.686	93.8	
335.898	85.4	
336.109	5.12	
336.32	30.92	
336.531	20.27	
336.742	30.92	
336.953	3.69	
337.164	18.02	
337.375	-7.37	
337.586	4.3	
337.797	-44.03	
338.007	-0.61	
338.218	-18.64	
338.429	5.12	
338.64	-21.91	
338.851	16.18	
339.062	-3.89	
339.273	81.71	
339.484	43.01	
339.695	22.73	
339.906	32.36	
340.116	68.61	
340.327	28.47	
340.538	47.51	
340.749	69.84	
340.96	47.51	
341.171	-8.6	
341.381	2.87	
341.592	22.53	
341.803	27.03	
342.014	51.4	
342.224	98.1	
342.435	72.09	
342.646	25.39	
342.857	15.15	
343.067	-20.89	
343.278	-22.32	
343.489	-14.95	
343.699	14.34	
343.91	40.55	
344.121	44.85	
344.331	6.14	
344.542	-21.91	
344.753	43.01	
344.963	46.08	
345.174	90.32	
345.384	146.22	
345.595	206.44	
345.806	148.27	
346.016	121.03	
346.227	113.46	
346.437	108.54	
346.648	86.83	
346.858	113.87	
347.069	83.35	
347.279	92.57	
347.49	28.67	
347.7	45.87	
347.911	-17.2	
348.121	20.89	
348.332	11.26	
348.542	-14.34	
348.753	-33.79	
348.963	40.75	
349.173	61.85	
349.384	93.18	
349.594	183.09	
349.805	231.01	
350.015	147.66	
350.225	146.84	
350.436	141.11	
350.646	158.92	
350.856	116.94	
351.067	142.95	
351.277	68.61	
351.487	6.35	
351.698	-81.92	
351.908	-77.41	
352.118	-55.09	
352.328	-8.4	
352.539	68.81	
352.749	84.99	
352.959	61.44	
353.169	47.92	
353.38	55.91	
353.59	59.6	
353.8	83.76	
354.01	111.2	
354.22	98.51	
354.431	196.81	
354.641	128.82	
354.851	134.76	
355.061	116.12	
355.271	201.32	
355.481	106.9	
355.691	119.81	
355.901	93.39	
356.111	118.99	
356.321	60.21	
356.532	50.38	
356.742	23.96	
356.952	29.29	
357.162	3.89	
357.372	0.2	
357.582	0.2	
357.792	-24.37	
358.002	-48.13	
358.212	2.66	
358.422	43.01	
358.632	36.25	
358.842	62.87	
359.051	125.95	
359.261	65.33	
359.471	27.44	
359.681	78.64	
359.891	64.51	
360.101	-7.78	
360.311	-3.48	
360.521	-29.7	
360.731	-47.1	
360.94	-18.84	
361.15	37.89	
361.36	64.72	
361.57	74.55	
361.78	58.37	
361.989	61.44	
362.199	45.26	
362.409	50.18	
362.619	51.81	
362.828	172.85	
363.038	161.18	
363.248	163.63	
363.458	150.94	
363.667	168.34	
363.877	72.5	
364.087	90.52	
364.296	54.89	
364.506	90.93	
364.716	80.28	
364.925	48.13	
365.135	7.99	
365.345	13.11	
365.554	-21.09	
365.764	58.57	
365.973	41.78	
366.183	120.22	
366.393	154.42	
366.602	175.51	
366.812	37.48	
367.021	115.1	
367.231	31.95	
367.44	-1.84	
367.65	-22.32	
367.859	46.9	
368.069	-14.13	
368.278	35.43	
368.488	51.4	
368.697	23.35	
368.907	-24.37	
369.116	112.84	
369.326	83.15	
369.535	93.59	
369.744	131.07	
369.954	171.21	
370.163	44.44	
370.373	70.65	
370.582	37.68	
370.791	4.92	
371.001	-34.82	
371.21	-34.82	
371.419	-79.05	
371.629	-72.09	
371.838	-64.1	
372.047	22.94	
372.256	4.71	
372.466	39.12	
372.675	9.01	
372.884	10.65	
373.093	-82.33	
373.303	-2.66	
373.512	-12.7	
373.721	30.51	
373.93	-8.4	
374.139	102.81	
374.349	28.06	
374.558	83.76	
374.767	33.79	
374.976	56.73	
375.185	23.55	
375.394	10.65	
375.603	-23.35	
375.813	-5.53	
376.022	-20.48	
376.231	-82.53	
376.44	-86.22	
376.649	-71.88	
376.858	-35.02	
377.067	-16.18	
377.276	34.41	
377.485	91.95	
377.694	79.67	
377.903	79.05	
378.112	44.85	
378.321	55.09	
378.53	37.07	
378.739	37.07	
378.948	28.47	
379.157	64.72	
379.366	78.64	
379.575	83.35	
379.784	41.57	
379.992	29.9	
380.201	74.96	
380.41	36.25	
380.619	8.81	
380.828	38.91	
381.037	18.43	
381.246	-64.31	
381.454	-123.7	
381.663	-42.19	
381.872	-57.34	
382.081	32.15	
382.29	87.04	
382.498	144.59	
382.707	121.24	
382.916	164.45	
383.125	81.71	
383.333	49.56	
383.542	61.44	
383.751	25.8	
383.959	32.15	
384.168	38.5	
384.377	104.86	
384.585	87.65	
384.794	44.65	
385.003	23.14	
385.211	60.62	
385.42	-27.65	
385.628	-35.63	
385.837	7.58	
386.046	48.54	
386.254	72.7	
386.463	97.69	
386.671	179.2	
386.88	160.36	
387.088	141.51	
387.297	142.13	
387.505	160.56	
387.714	69.02	
387.922	61.85	
388.131	37.27	
388.339	13.52	
388.548	-22.32	
388.756	-8.81	
388.965	20.48	
389.173	-21.71	
389.381	-11.47	
389.59	39.73	
389.798	76.59	
390.007	112.02	
390.215	136.8	
390.423	188.41	
390.632	170.6	
390.84	216.68	
391.048	164.25	
391.257	174.9	
391.465	89.91	
391.673	95.23	
391.882	24.78	
392.09	1.02	
392.298	-0.2	
392.506	-15.56	
392.715	-10.85	
392.923	41.98	
393.131	98.71	
393.339	104.24	
393.547	88.27	
393.756	83.15	
393.964	12.7	
394.172	-8.81	
394.38	-51.4	
394.588	21.91	
394.796	-6.76	
395.005	4.92	
395.213	-25.19	
395.421	13.31	
395.629	-56.11	
395.837	-47.31	
396.045	-45.67	
396.253	-23.14	
396.461	-49.77	
396.669	-3.69	
396.877	22.53	
397.085	50.58	
397.293	54.48	
397.501	72.09	
397.709	69.43	
397.917	72.5	
398.125	91.75	
398.333	95.44	
398.541	64.1	
398.749	75.37	
398.957	21.91	
399.165	-60.82	
399.373	-54.07	
399.581	-37.07	
399.788	-33.59	
399.996	-40.14	
400.204	-8.81	
400.412	-51.81	
400.62	-97.07	
400.828	-116.73	
401.035	-75.37	
401.243	-28.26	
401.451	16.38	
401.659	36.86	
401.867	38.71	
402.074	36.66	
402.282	-17.2	
402.49	-72.5	
402.697	69.02	
402.905	56.32	
403.113	82.53	
403.321	40.14	
403.528	54.07	
403.736	-31.33	
403.944	-27.65	
404.151	-79.46	
404.359	-59.6	
404.566	-57.55	
404.774	-67.17	
404.982	-75.77	
405.189	-72.29	
405.397	-92.77	
405.604	-84.58	
405.812	-68.81	
406.02	-88.68	
406.227	-58.37	
406.435	-37.48	
406.642	4.1	
406.85	-33.18	
407.057	38.71	
407.265	48.33	
407.472	96.66	
407.679	58.78	
407.887	57.34	
408.094	2.05	
408.302	-54.68	
408.509	-52.02	
408.717	-44.65	
408.924	-43.01	
409.131	-13.72	
409.339	15.97	
409.546	22.73	
409.753	32.36	
409.961	95.64	
410.168	72.29	
410.375	110.59	
410.583	84.58	
410.79	82.33	
410.997	36.86	
411.205	52.84	
411.412	38.3	
411.619	58.37	
411.826	61.85	
412.034	125.75	
412.241	157.08	
412.448	142.33	
412.655	86.83	
412.862	82.33	
413.07	3.89	
413.277	-48.95	
413.484	-75.98	
413.691	-16.59	
413.898	-63.9	
414.105	-92.57	
414.312	-114.48	
414.519	-108.13	
414.727	-143.36	
414.934	-74.75	
415.141	-18.43	
415.348	41.16	
415.555	34	
415.762	34	
415.969	-40.34	
416.176	-29.7	
416.383	-38.5	
416.59	-50.79	
416.797	-69.02	
417.004	-20.27	
417.211	-47.31	
417.418	-55.5	
417.625	-15.56	
417.831	11.47	
418.038	29.29	
418.245	60.42	
418.452	55.3	
418.659	36.86	
418.866	19.87	
419.073	-3.89	
419.28	-81.92	
419.486	-26.62	
419.693	-36.66	
419.9	-8.4	
420.107	13.93	
420.314	87.65	
420.52	59.8	
420.727	151.55	
420.934	139.47	
421.141	104.86	
421.347	79.67	
421.554	60.82	
421.761	-49.97	
421.967	-15.36	
422.174	55.5	
422.381	56.52	
422.588	27.65	
422.794	50.99	
423.001	120.22	
423.207	78.85	
423.414	78.03	
423.621	89.91	
423.827	157.49	
424.034	125.95	
424.24	154.83	
424.447	163.63	
424.654	130.25	
424.86	85.81	
425.067	2.66	
425.273	-28.47	
425.48	43.21	
425.686	129.64	
425.893	164.86	
426.099	188.41	
426.306	218.72	
426.512	191.69	
426.718	224.25	
426.925	189.23	
427.131	179.4	
427.338	172.85	
427.544	142.33	
427.75	63.28	
427.957	63.9	
428.163	105.47	
428.37	111.41	
428.576	144.18	
428.782	157.69	
428.988	237.56	
429.195	213.6	
429.401	194.35	
429.607	185.14	
429.814	274.22	
430.02	214.01	
430.226	197.83	
430.432	233.67	
430.639	270.54	
430.845	260.3	
431.051	291.22	
431.257	353.89	
431.463	340.37	
431.67	287.33	
431.876	236.54	
432.082	218.31	
432.288	263.78	
432.494	280.98	
432.7	347.54	
432.906	354.5	
433.112	398.33	
433.318	420.04	
433.525	457.93	
433.731	440.31	
433.937	504.82	
434.143	512.61	
434.349	493.77	
434.555	497.66	
434.761	532.47	
434.967	488.03	
435.173	501.75	
435.379	504.82	
435.585	561.76	
435.791	573.43	
435.996	689.96	
436.202	722.73	
436.408	709.83	
436.614	691.8	
436.82	721.29	
437.026	666.61	
437.232	673.17	
437.438	683.61	
437.644	631.8	
437.849	630.57	
438.055	622.38	
438.261	616.64	
438.467	610.5	
438.673	662.72	
438.878	618.69	
439.084	651.46	
439.29	726	
439.496	778.02	
439.701	821.65	
439.907	838.64	
440.113	854	
440.318	828.81	
440.524	837.21	
440.73	852.36	
440.935	913.8	
441.141	895.99	
441.347	996.95	
441.552	1005.14	
441.758	1051.84	
441.964	1029.1	
442.169	1133.55	
442.375	1075.59	
442.58	1159.97	
442.786	1204.21	
442.991	1268.51	
443.197	1208.71	
443.402	1282.03	
443.608	1312.95	
443.813	1376.44	
444.019	1427.43	
444.224	1496.66	
444.43	1462.25	
444.635	1505.05	
444.841	1451.6	
445.046	1567.72	
445.252	1585.74	
445.457	1629.77	
445.662	1580.83	
445.868	1590.45	
446.073	1484.98	
446.278	1523.89	
446.484	1531.06	
446.689	1575.5	
446.894	1624.04	
447.1	1689.98	
447.305	1760.84	
447.51	1843.79	
447.716	1870	
447.921	1908.71	
448.126	1986.53	
448.331	1979.36	
448.537	2027.9	
448.742	2115.55	
448.947	2134.6	
449.152	2156.51	
449.357	2276.52	
449.563	2353.12	
449.768	2383.63	
449.973	2444.25	
450.178	2527.4	
450.383	2483.57	
450.588	2506.51	
450.793	2585.36	
450.999	2753.29	
451.204	2757.79	
451.409	2862.86	
451.614	2914.26	
451.819	2997	
452.024	2974.88	
452.229	3073.18	
452.434	3209.58	
452.639	3257.29	
452.844	3360.31	
453.049	3388.98	
453.254	3446.12	
453.459	3495.68	
453.664	3631.87	
453.869	3679.79	
454.074	3824.17	
454.279	3955.86	
454.483	3971.22	
454.688	4021.19	
454.893	4148.37	
455.098	4170.69	
455.303	4164.34	
455.508	4250.97	
455.713	4289.68	
455.917	4252.81	
456.122	4377.53	
456.327	4419.11	
456.532	4512.08	
456.737	4527.85	
456.941	4603.01	
457.146	4599.53	
457.351	4639.47	
457.555	4638.65	
457.76	4727.12	
457.965	4714.42	
458.17	4747.81	
458.374	4865.36	
458.579	4911.44	
458.784	4859.22	
458.988	4914.72	
459.193	4936.01	
459.397	4935.81	
459.602	4901.61	
459.807	5034.52	
460.011	4992.95	
460.216	4994.38	
460.42	4882.97	
460.625	4857.78	
460.829	4788.15	
461.034	4763.58	
461.239	4688.62	
461.443	4738.39	
461.648	4765.83	
461.852	4738.18	
462.056	4791.63	
462.261	4826.86	
462.465	4895.67	
462.67	4862.9	
462.874	4786.92	
463.079	4684.52	
463.283	4636.6	
463.487	4511.27	
463.692	4473.79	
463.896	4439.18	
464.1	4429.96	
464.305	4352.96	
464.509	4266.94	
464.713	4247.28	
464.918	4269.61	
465.122	4263.87	
465.326	4226.39	
465.531	4202.43	
465.735	4156.97	
465.939	4139.56	
466.143	4089.59	
466.348	4104.74	
466.552	4076.69	
466.756	4073.82	
466.96	4078.73	
467.164	4061.33	
467.368	4036.14	
467.573	4069.93	
467.777	4030.2	
467.981	3935.17	
468.185	3906.3	
468.389	3931.08	
468.593	3834	
468.797	3766.21	
469.001	3770.52	
469.205	3773.79	
469.409	3753.72	
469.613	3820.08	
469.817	3870.87	
470.021	3887.25	
470.225	3916.13	
470.429	3925.96	
470.633	3946.23	
470.837	3987.19	
471.041	4004.19	
471.245	3989.44	
471.449	4001.73	
471.653	4026.51	
471.857	4073.82	
472.061	4074.02	
472.265	4115.6	
472.469	4168.23	
472.673	4139.15	
472.876	4123.18	
473.08	4129.73	
473.284	4156.56	
473.488	4097.58	
473.692	4161.27	
473.895	4192.4	
474.099	4236.43	
474.303	4241.55	
474.507	4337.6	
474.71	4350.5	
474.914	4320.8	
475.118	4350.91	
475.322	4391.25	
475.525	4323.26	
475.729	4336.16	
475.933	4332.68	
476.136	4382.04	
476.34	4360.74	
476.543	4407.23	
476.747	4377.33	
476.951	4386.75	
477.154	4274.52	
477.358	4342.51	
477.561	4291.72	
477.765	4274.93	
477.969	4248.72	
478.172	4252.4	
478.376	4158.2	
478.579	4165.57	
478.783	4120.1	
478.986	4119.49	
479.19	4099.21	
479.393	4077.92	
479.596	4066.86	
479.8	4112.53	
480.003	4074.64	
480.207	4064.6	
480.41	4010.54	
480.614	4021.8	
480.817	3960.98	
481.02	4035.32	
481.224	4084.47	
481.427	4131.16	
481.63	4153.69	
481.834	4198.95	
482.037	4112.53	
482.24	4086.72	
482.443	4116.83	
482.647	4063.37	
482.85	4052.73	
483.053	4140.79	
483.256	4077.92	
483.46	4127.89	
483.663	4132.6	
483.866	4204.89	
484.069	4184.61	
484.272	4243.8	
484.476	4195.47	
484.679	4254.66	
484.882	4293.36	
485.085	4284.35	
485.288	4317.32	
485.491	4385.93	
485.694	4353.78	
485.897	4324.9	
486.101	4369.14	
486.304	4440.41	
486.507	4384.29	
486.71	4429.96	
486.913	4409.48	
487.116	4428.94	
487.319	4415.01	
487.522	4480.55	
487.725	4551.82	
487.928	4620.22	
488.13	4606.91	
488.333	4665.89	
488.536	4672.03	
488.739	4634.96	
488.942	4647.87	
489.145	4658.72	
489.348	4605.27	
489.551	4626.16	
489.754	4681.25	
489.956	4640.9	
490.159	4662.61	
490.362	4685.55	
490.565	4672.65	
490.768	4649.5	
490.97	4774.02	
491.173	4810.68	
491.376	4794.29	
491.579	4783.85	
491.781	4811.7	
491.984	4743.51	
492.187	4803.72	
492.39	4871.3	
492.592	4930.89	
492.795	5010.97	
492.998	5028.99	
493.2	5009.74	
493.403	5043.74	
493.605	5118.49	
493.808	5064.83	
494.011	5067.29	
494.213	5081.22	
494.416	5115.01	
494.618	5054.18	
494.821	5037.18	
495.023	5095.14	
495.226	5132.21	
495.428	5096.17	
495.631	5133.64	
495.833	5210.44	
496.036	5195.7	
496.238	5150.23	
496.441	5207.78	
496.643	5201.23	
496.846	5160.68	
497.048	5181.98	
497.25	5298.3	
497.453	5297.69	
497.655	5398.04	
497.858	5488.15	
498.06	5538.73	
498.262	5469.1	
498.465	5492.65	
498.667	5455.79	
498.869	5448.62	
499.071	5431.83	
499.274	5513.75	
499.476	5489.17	
499.678	5455.79	
499.881	5422.2	
500.083	5451.08	
500.285	5397.83	
500.487	5452.31	
500.689	5494.7	
500.892	5493.47	
501.094	5441.45	
501.296	5506.17	
501.498	5493.06	
501.7	5446.98	
501.902	5466.64	
502.104	5486.3	
502.306	5408.07	
502.509	5434.49	
502.711	5428.14	
502.913	5425.48	
503.115	5408.07	
503.317	5470.53	
503.519	5437.77	
503.721	5542.21	
503.923	5685.78	
504.125	5733.29	
504.327	5716.5	
504.529	5742.71	
504.731	5715.88	
504.933	5687.21	
505.134	5717.93	
505.336	5804.35	
505.538	5872.96	
505.74	5877.88	
505.942	5789.61	
506.144	5792.27	
506.346	5732.47	
506.548	5746.81	
506.749	5751.31	
506.951	5826.27	
507.153	5837.12	
507.355	5829.54	
507.557	5783.46	
507.758	5817.87	
507.96	5756.23	
508.162	5797.19	
508.363	5825.65	
508.565	5862.11	
508.767	5800.26	
508.969	5867.23	
509.17	5869.89	
509.372	5902.25	
509.574	5873.78	
509.775	5932.35	
509.977	5934.4	
510.178	5990.51	
510.38	6021.23	
510.582	6092.09	
510.783	6102.74	
510.985	6129.37	
511.186	6099.87	
511.388	6185.07	
511.589	6213.13	
511.791	6223.57	
511.992	6237.91	
512.194	6232.38	
512.395	6069.16	
512.597	6034.14	
512.798	6003.01	
513	5980.27	
513.201	5978.84	
513.403	6117.9	
513.604	6081.44	
513.805	6115.85	
514.007	6085.95	
514.208	6032.7	
514.409	5984.37	
514.611	6025.33	
514.812	6054.21	
515.013	6145.95	
515.215	6210.06	
515.416	6183.84	
515.617	6194.08	
515.819	6190.8	
516.02	6178.93	
516.221	6236.27	
516.422	6262.07	
516.623	6264.74	
516.825	6258.59	
517.026	6248.15	
517.227	6200.43	
517.428	6214.15	
517.629	6232.99	
517.83	6266.37	
518.032	6311.23	
518.233	6354.03	
518.434	6337.03	
518.635	6345.02	
518.836	6329.45	
519.037	6263.3	
519.238	6237.09	
519.439	6251.22	
519.64	6185.89	
519.841	6190.8	
520.042	6168.89	
520.243	6157.63	
520.444	6140.42	
520.645	6193.06	
520.846	6190.19	
521.047	6307.33	
521.248	6315.53	
521.449	6388.02	
521.65	6394.99	
521.851	6498.2	
522.052	6398.06	
522.252	6358.53	
522.453	6265.56	
522.654	6105.4	
522.855	5831.8	
523.056	5657.72	
523.257	5448.62	
523.457	5247.1	
523.658	5079.17	
523.859	4887.27	
524.06	4685.75	
524.26	4472.76	
524.461	4299.51	
524.662	4172.33	
524.862	4048.22	
525.063	3989.65	
525.264	3974.9	
525.464	3895.85	
525.665	3877.62	
525.866	3963.43	
526.066	3894.21	
526.267	3888.07	
526.468	3872.09	
526.668	3860.22	
526.869	3786.9	
527.069	3799.8	
527.27	3778.71	
527.47	3798.98	
527.671	3707.64	
527.871	3575.14	
528.072	3487.9	
528.272	3341.47	
528.473	3148.14	
528.673	3012.56	
528.874	2816.57	
529.074	2561.6	
529.275	2312.77	
529.475	2081.56	
529.675	1763.1	
529.876	1556.66	
530.076	1332.61	
530.277	1147.48	
530.477	985.48	
530.677	844.79	
530.878	706.34	
531.078	701.63	
531.278	586.74	
531.478	487.42	
531.679	434.99	
531.879	386.04	
532.079	273.2	
532.28	281.19	
532.48	215.65	
532.68	184.93	
532.88	176.53	
533.08	157.49	
533.28	121.65	
533.481	129.84	
533.681	118.37	
533.881	106.9	
534.081	85.81	
534.281	84.38	
534.481	90.52	
534.681	132.5	
534.881	157.9	
535.081	147.04	
535.281	109.36	
535.481	163.43	
535.682	124.31	
535.882	66.56	
536.082	99.53	
536.281	108.13	
536.481	83.15	
536.681	104.24	
536.881	110.8	
537.081	57.14	
537.281	57.34	
537.481	-4.1	
537.681	-49.77	
537.881	-83.76	
538.081	-9.83	
538.281	-6.96	
538.48	-25.6	
538.68	2.87	
538.88	86.42	
539.08	64.92	
539.28	54.07	
539.479	134.96	
539.679	113.25	
539.879	51.61	
540.079	31.54	
540.278	46.08	
540.478	-47.72	
540.678	-52.63	
540.877	-14.95	
541.077	-58.57	
541.277	-46.69	
541.476	67.99	
541.676	100.15	
541.876	129.84	
542.075	174.49	
542.275	133.94	
542.474	81.51	
542.674	86.22	
542.874	37.68	
543.073	13.31	
543.273	55.91	
543.472	73.52	
543.672	48.33	
543.871	20.89	
544.071	39.32	
544.27	104.24	
544.47	71.68	
544.669	102.6	
544.868	115.51	
545.068	123.29	
545.267	40.75	
545.467	130.87	
545.666	77.21	
545.865	115.51	
546.065	72.09	
546.264	63.69	
546.463	-28.06	
546.663	16.38	
546.862	-21.3	
547.061	12.29	
547.261	32.97	
547.46	89.91	
547.659	59.39	
547.858	127.79	
548.058	126.97	
548.257	135.58	
548.456	100.15	
548.655	109.36	
548.854	82.53	
549.053	133.53	
549.253	108.95	
549.452	93.8	
549.651	136.19	
549.85	179.4	
550.049	140.9	
550.248	127.59	
550.447	135.37	
550.646	122.06	
550.845	86.22	
551.044	83.35	
551.243	84.99	
551.442	95.44	
551.641	76.8	
551.84	117.96	
552.039	133.73	
552.238	160.97	
552.437	135.58	
552.636	131.48	
552.835	62.26	
553.034	81.3	
553.233	89.7	
553.432	96.46	
553.63	106.29	
553.829	96.25	
554.028	12.9	
554.227	4.3	
554.426	11.26	
554.625	39.12	
554.823	40.55	
555.022	112.02	
555.221	146.84	
555.42	154.83	
555.618	137.01	
555.817	145.41	
556.016	113.66	
556.214	104.04	
556.413	96.46	
556.612	91.95	
556.81	78.64	
557.009	80.69	
557.208	41.78	
557.406	55.91	
557.605	47.51	
557.803	39.32	
558.002	24.17	
558.201	-11.26	
558.399	-23.55	
558.598	-73.32	
558.796	-47.72	
558.995	-21.09	
559.193	25.8	
559.392	1.43	
559.59	59.8	
559.789	77.62	
559.987	126.15	
560.185	162.2	
560.384	162.2	
560.582	172.03	
560.781	199.88	
560.979	153.19	
561.177	71.27	
561.376	94.82	
561.574	128.82	
561.772	-19.25	
561.971	51.2	
562.169	98.1	
562.367	54.48	
562.566	-4.92	
562.764	50.38	
562.962	-41.57	
563.16	-79.26	
563.358	-20.27	
563.557	-7.17	
563.755	23.76	
563.953	24.58	
564.151	63.28	
564.349	72.09	
564.547	91.75	
564.746	80.28	
564.944	76.59	
565.142	84.79	
565.34	60.62	
565.538	24.99	
565.736	48.95	
565.934	29.9	
566.132	6.76	
566.33	24.99	
566.528	75.77	
566.726	35.63	
566.924	104.65	
567.122	73.52	
567.32	30.92	
567.518	-26.01	
567.716	-11.06	
567.914	-50.18	
568.112	-24.37	
568.31	38.3	
568.507	65.13	
568.705	19.05	
568.903	23.14	
569.101	56.73	
569.299	63.28	
569.497	73.52	
569.694	121.44	
569.892	120.22	
570.09	130.46	
570.288	39.12	
570.486	16.38	
570.683	64.1	
570.881	28.06	
571.079	-40.75	
571.276	-7.17	
571.474	-12.7	
571.672	-80.69	
571.869	-45.46	
572.067	-22.73	
572.265	4.3	
572.462	56.32	
572.66	99.33	
572.857	122.47	
573.055	166.91	
573.253	145.82	
573.45	80.69	
573.648	97.28	
573.845	59.8	
574.043	43.01	
574.24	36.25	
574.438	-1.43	
574.635	-44.03	
574.832	-69.43	
575.03	-71.88	
575.227	23.35	
575.425	46.69	
575.622	30.11	
575.82	47.51	
576.017	61.23	
576.214	-7.37	
576.412	49.56	
576.609	27.85	
576.806	8.19	
577.004	-20.27	
577.201	-18.23	
577.398	-1.43	
577.595	118.37	
577.793	168.55	
577.99	179.4	
578.187	124.52	
578.384	79.26	
578.582	-7.37	
578.779	20.89	
578.976	25.19	
579.173	125.34	
579.37	135.78	
579.567	182.06	
579.764	130.05	
579.962	129.02	
580.159	110.59	
580.356	153.6	
580.553	150.94	
580.75	172.64	
580.947	176.53	
581.144	201.52	
581.341	163.22	
581.538	186.98	
581.735	156.67	
581.932	177.15	
582.129	77.41	
582.326	77.62	
582.523	19.87	
582.72	17.41	
582.916	-29.29	
583.113	-19.66	
583.31	-50.79	
583.507	-44.65	
583.704	23.55	
583.901	96.66	
584.098	112.02	
584.294	151.34	
584.491	135.58	
584.688	88.27	
584.885	5.73	
585.082	101.37	
585.278	127.38	
585.475	142.95	
585.672	125.95	
585.868	141.51	
586.065	60.01	
586.262	-16.38	
586.458	-1.23	
586.655	57.55	
586.852	44.03	
587.048	7.37	
587.245	-0	
587.442	68.2	
587.638	41.98	
587.835	112.64	
588.031	152.16	
588.228	194.56	
588.424	124.52	
588.621	136.6	
588.817	79.26	
589.014	125.54	
589.21	120.42	
589.407	89.91	
589.603	35.43	
589.8	80.49	
589.996	64.1	
590.192	65.13	
590.389	97.48	
590.585	129.43	
590.782	63.08	
590.978	106.49	
591.174	93.59	
591.371	104.45	
591.567	86.22	
591.763	93.59	
591.959	31.74	
592.156	47.1	
592.352	19.87	
592.548	46.9	
592.744	75.98	
592.941	36.45	
593.137	-1.64	
593.333	-20.07	
593.529	27.24	
593.725	25.39	
593.922	20.07	
594.118	98.1	
594.314	74.34	
594.51	51.4	
594.706	25.39	
594.902	103.01	
595.098	57.96	
595.294	92.16	
595.49	11.67	
595.686	64.92	
595.882	-9.83	
596.078	54.68	
596.274	87.04	
596.47	163.43	
596.666	139.47	
596.862	125.54	
597.058	89.5	
597.254	95.64	
597.45	49.97	
597.646	79.05	
597.842	118.58	
598.037	167.93	
598.233	158.72	
598.429	216.88	
598.625	142.54	
598.821	113.66	
599.017	15.15	
599.212	44.85	
599.408	53.25	
599.604	75.57	
599.8	95.44	
599.995	87.86	
600.191	47.92	
600.387	-33.38	
600.582	-10.24	
600.778	26.83	
600.974	61.44	
601.169	40.75	
601.365	88.88	
601.561	37.68	
601.756	-29.08	
601.952	-39.53	
602.147	-64.72	
602.343	-75.57	
602.538	-12.49	
602.734	-0.2	
602.93	22.94	
603.125	63.28	
603.321	84.99	
603.516	71.68	
603.711	95.64	
603.907	87.45	
604.102	91.34	
604.298	101.37	
604.493	90.11	
604.689	146.63	
604.884	139.67	
605.079	135.37	
605.275	72.7	
605.47	68.81	
605.665	33.59	
605.861	73.32	
606.056	61.23	
606.251	34.2	
606.447	42.19	
606.642	17.82	
606.837	-50.18	
607.032	-9.01	
607.227	9.42	
607.423	10.44	
607.618	14.34	
607.813	28.06	
608.008	-8.19	
608.203	96.46	
608.398	150.32	
608.594	112.23	
608.789	109.16	
608.984	177.35	
609.179	117.14	
609.374	33.18	
609.569	68.81	
609.764	36.45	
609.959	-20.27	
610.154	-22.53	
610.349	19.25	
610.544	8.19	
610.739	54.48	
610.934	81.92	
611.129	115.92	
611.324	148.48	
611.519	201.72	
611.714	239.82	
611.909	192.71	
612.103	221.59	
612.298	201.32	
612.493	197.42	
612.688	185.96	
612.883	237.15	
613.078	136.8	
613.272	193.33	
613.467	185.34	
613.662	212.78	
613.857	249.85	
614.051	315.18	
614.246	225.28	
614.441	188.41	
614.635	88.47	
614.83	28.67	
615.025	-34.41	
615.219	-39.32	
615.414	-68.2	
615.609	-9.42	
615.803	-40.96	
615.998	42.6	
616.192	59.19	
616.387	89.7	
616.582	132.09	
616.776	176.94	
616.971	129.02	
617.165	113.66	
617.36	82.12	
617.554	43.62	
617.749	79.05	
617.943	85.4	
618.138	113.87	
618.332	143.77	
618.526	105.06	
618.721	35.84	
618.915	56.73	
619.11	63.28	
619.304	12.7	
619.498	23.14	
619.693	90.32	
619.887	57.96	
620.081	-9.83	
620.275	48.74	
620.47	74.96	
620.664	44.24	
620.858	16.38	
621.052	56.11	
621.247	69.84	
621.441	43.01	
621.635	9.83	
621.829	56.73	
622.023	55.3	
622.218	81.3	
622.412	86.42	
622.606	82.94	
622.8	78.85	
622.994	72.09	
623.188	-12.7	
623.382	-16.38	
623.576	-1.64	
623.77	-45.46	
623.964	-3.89	
624.158	36.04	
624.352	14.75	
624.546	28.06	
624.74	82.94	
624.934	35.23	
625.128	49.77	
625.322	80.08	
625.516	87.24	
625.71	37.89	
625.904	15.56	
626.098	40.14	
626.291	72.91	
626.485	64.1	
626.679	70.65	
626.873	169.98	
627.067	134.14	
627.26	135.17	
627.454	141.92	
627.648	177.15	
627.842	91.13	
628.035	92.16	
628.229	66.56	
628.423	21.09	
628.617	-9.42	
628.81	12.49	
629.004	-0.61	
629.198	16.79	
629.391	26.21	
629.585	104.65	
629.778	88.06	
629.972	122.67	
630.166	114.89	
630.359	95.44	
630.553	20.27	
630.746	66.56	
630.94	71.68	
631.133	1.23	
631.327	15.97	
631.52	13.93	
631.714	-28.06	
631.907	-58.98	
632.1	41.57	
632.294	110.8	
632.487	142.74	
632.681	179.81	
632.874	167.73	
633.067	172.23	
633.261	107.31	
633.454	74.75	
633.647	65.33	
633.841	54.48	
634.034	37.07	
634.227	48.13	
634.421	42.8	
634.614	31.54	
634.807	54.07	
635	-23.55	
635.193	16.38	
635.387	7.78	
635.58	-15.77	
635.773	7.17	
635.966	68.4	
636.159	45.67	
636.352	0.41	
636.545	2.05	
636.739	-67.79	
636.932	-77.41	
637.125	-109.77	
637.318	-84.38	
637.511	-20.27	
637.704	-3.07	
637.897	25.8	
638.09	25.19	
638.283	81.71	
638.476	60.21	
638.669	83.76	
638.862	74.75	
639.055	70.45	
639.247	60.62	
639.44	6.76	
639.633	39.12	
639.826	-14.54	
640.019	16.38	
640.212	22.12	
640.405	78.85	
640.597	27.65	
640.79	89.29	
640.983	83.97	
641.176	38.09	
641.368	61.03	
641.561	117.35	
641.754	62.26	
641.947	117.55	
642.139	178.58	
642.332	113.25	
642.525	97.69	
642.717	133.12	
642.91	29.49	
643.103	-14.13	
643.295	-25.39	
643.488	-40.34	
643.68	-85.81	
643.873	-48.33	
644.065	-51.61	
644.258	-20.68	
644.45	-30.31	
644.643	-11.88	
644.835	-1.84	
645.028	-33.59	
645.22	-50.99	
645.413	-75.77	
645.605	-74.34	
645.798	-80.69	
645.99	15.56	
646.182	41.57	
646.375	90.73	
646.567	100.76	
646.76	67.79	
646.952	42.8	
647.144	23.76	
647.337	-1.84	
647.529	9.22	
647.721	64.92	
647.913	53.45	
648.106	31.95	
648.298	-3.28	
648.49	-33.79	
648.682	-110.8	
648.874	-119.4	
649.067	-89.09	
649.259	-68.81	
649.451	-66.15	
649.643	-10.44	
649.835	40.14	
650.027	55.09	
650.219	75.16	
650.411	107.31	
650.603	91.13	
650.796	78.85	
650.988	65.33	
651.18	95.44	
651.372	131.48	
651.564	127.38	
651.756	59.8	
651.948	67.99	
652.139	18.23	
652.331	-52.84	
652.523	-26.83	
652.715	-12.9	
652.907	-23.76	
653.099	-7.99	
653.291	21.71	
653.483	-0.61	
653.674	30.92	
653.866	42.8	
654.058	14.75	
654.25	9.83	
654.442	7.78	
654.633	-41.98	
654.825	-72.5	
655.017	-26.62	
655.209	-47.72	
655.4	-16.18	
655.592	-34.82	
655.784	21.91	
655.975	9.63	
656.167	17.61	
656.359	-13.93	
656.55	20.48	
656.742	-50.38	
656.933	10.44	
657.125	1.43	
657.316	-16.38	
657.508	-42.19	
657.7	20.07	
657.891	-66.56	
658.083	-23.55	
658.274	27.03	
658.466	83.15	
658.657	82.53	
658.848	59.6	
659.04	53.04	
659.231	17.2	
659.423	-4.1	
659.614	-35.63	
659.805	84.17	
659.997	135.58	
660.188	163.22	
660.379	198.86	
660.571	175.31	
660.762	98.1	
660.953	16.79	
661.145	1.84	
661.336	-63.9	
661.527	118.78	
661.718	167.11	
661.909	164.04	
662.101	186.16	
662.292	221.59	
662.483	27.03	
662.674	-19.05	
662.865	-7.37	
663.056	-52.84	
663.247	-101.78	
663.439	-47.31	
663.63	-46.08	
663.821	-65.33	
664.012	-13.11	
664.203	70.04	
664.394	82.53	
664.585	111.41	
664.776	94.41	
664.967	85.61	
665.158	51.81	
665.349	105.27	
665.54	65.33	
665.73	146.02	
665.921	87.04	
666.112	73.32	
666.303	-7.78	
666.494	107.11	
666.685	55.91	
666.876	121.65	
667.066	145	
667.257	170.39	
667.448	30.31	
667.639	30.51	
667.83	-8.19	
668.02	-28.06	
668.211	-93.39	
668.402	-32.97	
668.592	-83.35	
668.783	-80.69	
668.974	-59.19	
669.164	-2.05	
669.355	-14.34	
669.546	55.09	
669.736	69.43	
669.927	45.46	
670.117	-11.47	
670.308	3.07	
670.499	-33.38	
670.689	-45.46	
670.88	-70.45	
671.07	-18.64	
671.261	-31.74	
671.451	18.64	
671.641	-30.31	
671.832	18.02	
672.022	15.56	
672.213	-23.55	
672.403	-68.61	
672.594	10.24	
672.784	15.15	
672.974	-5.73	
673.165	-23.55	
673.355	-5.53	
673.545	31.33	
673.736	67.17	
673.926	9.63	
674.116	83.76	
674.306	25.6	
674.497	-48.13	
674.687	-119.6	
674.877	-57.34	
675.067	-91.13	
675.257	-15.97	
675.448	-10.65	
675.638	25.6	
675.828	-4.92	
676.018	34.61	
676.208	-2.05	
676.398	35.43	
676.588	11.26	
676.778	24.17	
676.968	0.41	
677.158	34.2	
677.348	-38.3	
677.538	-54.89	
677.728	-36.45	
677.918	-43.62	
678.108	-74.75	
678.298	-9.63	
678.488	-13.93	
678.678	28.26	
678.868	26.62	
679.058	23.96	
679.248	-9.42	
679.438	9.63	
679.627	-24.17	
679.817	-26.21	
680.007	-13.93	
680.197	9.83	
680.387	4.3	
680.576	40.34	
680.766	27.03	
680.956	22.53	
681.146	60.01	
681.335	81.71	
681.525	47.51	
681.715	130.05	
681.904	221.8	
682.094	264.19	
682.284	331.98	
682.473	421.06	
682.663	494.17	
682.852	527.15	
683.042	568.11	
683.231	585.31	
683.421	572.61	
683.61	497.86	
683.8	418.6	
683.989	352.66	
684.179	314.36	
684.368	220.77	
684.558	172.03	
684.747	159.33	
684.937	94.21	
685.126	83.97	
685.316	95.44	
685.505	53.86	
685.694	80.49	
685.884	164.86	
686.073	103.42	
686.262	101.17	
686.452	165.07	
686.641	149.09	
686.83	83.97	
687.019	97.89	
687.209	96.87	
687.398	104.86	
687.587	53.66	
687.776	22.12	
687.965	-14.54	
688.155	-17.61	
688.344	-94.41	
688.533	-65.94	
688.722	-90.32	
688.911	27.24	
689.1	69.02	
689.289	140.29	
689.478	145.61	
689.667	205.21	
689.856	61.44	
690.045	33.59	
690.234	-5.32	
690.423	69.22	
690.612	52.02	
690.801	172.85	
690.99	190.46	
691.179	256.2	
691.368	220.16	
691.557	300.44	
691.746	238.59	
691.935	224.66	
692.124	153.8	
692.312	142.13	
692.501	68.4	
692.69	108.54	
692.879	83.35	
693.068	88.68	
693.256	44.85	
693.445	91.75	
693.634	26.62	
693.823	5.94	
694.011	15.15	
694.2	34	
694.389	-35.43	
694.577	-29.08	
694.766	3.48	
694.955	-11.26	
695.143	-27.03	
695.332	19.25	
695.52	20.48	
695.709	44.65	
695.897	45.46	
696.086	19.25	
696.275	-36.25	
696.463	-9.63	
696.652	-50.58	
696.84	-21.5	
697.028	9.22	
697.217	23.55	
697.405	41.57	
697.594	81.1	
697.782	52.43	
697.971	43.83	
698.159	62.46	
698.347	83.15	
698.536	78.85	
698.724	114.48	
698.912	93.59	
699.1	86.22	
699.289	101.37	
699.477	70.86	
699.665	41.57	
699.854	41.78	
700.042	57.75	
700.23	14.34	
700.418	26.62	
700.606	17.41	
700.794	46.08	
700.983	64.1	
701.171	63.9	
701.359	43.01	
701.547	80.49	
701.735	92.16	
701.923	23.14	
702.111	-9.63	
702.299	-40.14	
702.487	-39.94	
702.675	-91.54	
702.863	-61.64	
703.051	-48.95	
703.239	42.19	
703.427	-0.2	
703.615	16.59	
703.803	-5.53	
703.991	28.06	
704.179	14.34	
704.367	67.17	
704.554	115.71	
704.742	144.79	
704.93	199.47	
705.118	218.72	
705.306	161.99	
705.493	145	
705.681	116.12	
705.869	121.24	
706.057	79.26	
706.244	114.48	
706.432	95.64	
706.62	143.36	
706.807	34.82	
706.995	82.94	
707.183	22.53	
707.37	64.92	
707.558	83.15	
707.746	196.2	
707.933	196.4	
708.121	296.75	
708.308	270.95	
708.496	254.36	
708.683	176.53	
708.871	212.78	
709.058	146.43	
709.246	175.51	
709.433	133.94	
709.621	172.44	
709.808	113.87	
709.995	200.5	
710.183	203.57	
710.37	248.42	
710.558	231.83	
710.745	254.36	
710.932	226.3	
711.12	267.46	
711.307	282.01	
711.494	322.56	
711.681	365.36	
711.869	356.14	
712.056	389.11	
712.243	439.7	
712.43	413.89	
712.618	449.53	
712.805	473.49	
712.992	468.37	
713.179	459.77	
713.366	527.15	
713.553	571.79	
713.74	607.02	
713.928	584.08	
714.115	652.69	
714.302	650.64	
714.489	667.23	
714.676	670.5	
714.863	781.3	
715.05	790.93	
715.237	794.41	
715.424	743.21	
715.611	839.05	
715.798	813.45	
715.984	810.59	
716.171	869.16	
716.358	895.99	
716.545	868.34	
716.732	867.52	
716.919	808.13	
717.106	740.75	
717.293	726	
717.479	705.73	
717.666	601.69	
717.853	612.75	
718.04	639.79	
718.226	634.05	
718.413	561.14	
718.6	642.65	
718.786	637.74	
718.973	656.78	
719.16	597.39	
719.346	632.62	
719.533	593.71	
719.72	634.67	
719.906	577.12	
720.093	627.5	
720.279	574.05	
720.466	600.67	
720.652	612.14	
720.839	656.17	
721.025	668.46	
721.212	729.08	
721.398	705.53	
721.585	709.21	
721.771	676.44	
721.958	643.68	
722.144	672.14	
722.331	630.57	
722.517	599.24	
722.703	645.52	
722.89	648.39	
723.076	638.97	
723.262	724.57	
723.449	702.45	
723.635	659.04	
723.821	655.55	
724.007	634.67	
724.194	609.89	
724.38	640.81	
724.566	655.96	
724.752	708.6	
724.938	782.94	
725.125	827.38	
725.311	884.93	
725.497	874.89	
725.683	841.31	
725.869	759.8	
726.055	715.15	
726.241	637.74	
726.427	646.13	
726.613	622.38	
726.799	686.89	
726.985	631.59	
727.171	677.26	
727.357	698.56	
727.543	757.34	
727.729	684.43	
727.915	720.48	
728.101	677.47	
728.287	631.59	
728.473	577.32	
728.659	571.18	
728.845	539.64	
729.03	512.61	
729.216	522.44	
729.402	494.38	
729.588	490.08	
729.774	488.44	
729.959	474.31	
730.145	500.93	
730.331	546.6	
730.517	545.99	
730.702	568.52	
730.888	603.33	
731.074	520.59	
731.259	508.31	
731.445	563.19	
731.63	549.06	
731.816	524.48	
732.002	644.7	
732.187	679.31	
732.373	634.67	
732.558	669.07	
732.744	730.72	
732.929	671.94	
733.115	568.52	
733.3	481.68	
733.486	443.18	
733.671	331.36	
733.857	307.4	
734.042	367.61	
734.227	424.95	
734.413	481.89	
734.598	551.93	
734.784	527.76	
734.969	505.64	
735.154	531.86	
735.339	510.76	
735.525	525.1	
735.71	575.07	
735.895	535.95	
736.081	504.82	
736.266	477.38	
736.451	439.08	
736.636	462.64	
736.821	465.3	
737.007	440.72	
737.192	451.37	
737.377	415.33	
737.562	330.54	
737.747	374.16	
737.932	412.26	
738.117	373.55	
738.302	456.9	
738.487	484.14	
738.672	457.11	
738.857	466.32	
739.042	497.04	
739.227	503.8	
739.412	472.67	
739.597	452.19	
739.782	478.2	
739.967	430.69	
740.152	412.26	
740.337	447.69	
740.522	491.72	
740.706	466.12	
740.891	544.15	
741.076	533.29	
741.261	532.68	
741.446	511.79	
741.63	497.25	
741.815	450.55	
742	394.44	
742.185	367	
742.369	379.49	
742.554	346.72	
742.739	367.61	
742.923	406.52	
743.108	463.86	
743.293	477.38	
743.477	476.97	
743.662	471.44	
743.846	448.51	
744.031	427.82	
744.216	413.28	
744.4	483.12	
744.585	462.64	
744.769	491.31	
744.954	467.55	
745.138	442.98	
745.322	410.21	
745.507	363.1	
745.691	334.23	
745.876	312.32	
746.06	351.43	
746.244	364.95	
746.429	428.44	
746.613	428.23	
746.798	454.44	
746.982	398.94	
747.166	408.16	
747.35	373.75	
747.535	373.96	
747.719	378.06	
747.903	442.36	
748.087	378.87	
748.272	367.82	
748.456	403.45	
748.64	385.02	
748.824	363.72	
749.008	402.02	
749.192	400.99	
749.376	367.2	
749.56	364.54	
749.745	320.71	
749.929	347.95	
750.113	371.3	
750.297	338.32	
750.481	364.33	
750.665	409.18	
750.849	358.39	
751.033	373.34	
751.217	341.81	
751.4	329.11	
751.584	311.7	
751.768	337.51	
751.952	299.41	
752.136	345.29	
752.32	304.94	
752.504	312.52	
752.688	309.24	
752.871	306.58	
753.055	298.18	
753.239	313.13	
753.423	315.59	
753.606	279.75	
753.79	330.54	
753.974	345.9	
754.157	346.11	
754.341	291.84	
754.525	272.79	
754.708	237.36	
754.892	213.81	
755.076	242.07	
755.259	287.33	
755.443	281.19	
755.626	287.33	
755.81	326.45	
755.993	293.27	
756.177	245.14	
756.36	282.41	
756.544	247.8	
756.727	195.17	
756.911	226.71	
757.094	278.73	
757.278	250.26	
757.461	229.17	
757.644	237.77	
757.828	191.28	
758.011	205	
758.195	214.63	
758.378	213.4	
758.561	200.91	
758.744	171.82	
758.928	173.26	
759.111	166.91	
759.294	222.61	
759.477	253.54	
759.661	293.47	
759.844	261.73	
760.027	264.6	
760.21	222.61	
760.393	210.53	
760.576	213.4	
760.76	174.9	
760.943	138.85	
761.126	203.16	
761.309	238.79	
761.492	214.83	
761.675	205	
761.858	247.19	
762.041	164.25	
762.224	69.02	
762.407	75.57	
762.59	112.43	
762.773	34.41	
762.956	18.43	
763.139	51.4	
763.321	54.48	
763.504	-6.96	
763.687	52.22	
763.87	87.65	
764.053	91.34	
764.236	115.51	
764.418	153.6	
764.601	132.91	
764.784	153.19	
764.967	188.82	
765.149	161.79	
765.332	170.19	
765.515	211.56	
765.697	157.08	
765.88	116.73	
766.063	123.9	
766.245	98.3	
766.428	30.92	
766.611	48.33	
766.793	52.02	
766.976	80.08	
767.158	55.5	
767.341	115.1	
767.523	109.77	
767.706	131.07	
767.888	76.59	
768.071	189.85	
768.253	150.12	
768.436	173.67	
768.618	171.01	
768.8	257.84	
768.983	205.82	
769.165	217.9	
769.348	148.68	
769.53	116.73	
769.712	29.9	
769.895	-7.78	
770.077	4.71	
770.259	39.12	
770.441	33.79	
770.624	94.62	
770.806	133.32	
770.988	96.87	
771.17	91.95	
771.352	153.39	
771.535	144.18	
771.717	129.43	
771.899	145	
772.081	233.67	
772.263	154.83	
772.445	111.41	
772.627	67.58	
772.809	88.47	
772.991	31.13	
773.173	99.12	
773.355	98.3	
773.537	117.76	
773.719	77.41	
773.901	119.19	
774.083	56.11	
774.265	16.59	
774.447	8.4	
774.629	28.26	
774.811	0.82	
774.992	43.01	
775.174	43.42	
775.356	87.24	
775.538	64.72	
775.72	23.96	
775.901	20.89	
776.083	39.73	
776.265	-4.1	
776.447	44.44	
776.628	90.93	
776.81	73.93	
776.992	129.02	
777.173	149.71	
777.355	120.01	
777.537	144.79	
777.718	148.48	
777.9	135.37	
778.081	146.43	
778.263	175.92	
778.444	131.68	
778.626	118.37	
778.807	60.42	
778.989	24.58	
779.17	-37.89	
779.352	-114.69	
779.533	-144.59	
779.715	-92.98	
779.896	-147.66	
780.078	-66.15	
780.259	16.18	
780.44	32.56	
780.622	-6.96	
780.803	141.72	
780.984	105.68	
781.166	57.96	
781.347	80.89	
781.528	104.24	
781.709	5.32	
781.891	31.33	
782.072	71.68	
782.253	92.36	
782.434	77.21	
782.615	103.42	
782.796	93.59	
782.978	151.34	
783.159	164.45	
783.34	234.7	
783.521	238.38	
783.702	245.55	
783.883	203.98	
784.064	204.18	
784.245	138.65	
784.426	176.33	
784.607	129.43	
784.788	147.86	
784.969	77.41	
785.15	104.45	
785.331	8.81	
785.512	60.82	
785.692	37.89	
785.873	84.58	
786.054	53.86	
786.235	89.5	
786.416	99.12	
786.597	93.8	
786.777	78.03	
786.958	93.39	
787.139	108.75	
787.32	101.58	
787.5	111.41	
787.681	80.08	
787.862	94.82	
788.042	92.57	
788.223	82.12	
788.404	5.73	
788.584	67.17	
788.765	94	
788.946	90.32	
789.126	87.04	
789.307	166.3	
789.487	174.28	
789.668	109.77	
789.848	97.89	
790.029	48.54	
790.209	19.87	
790.39	-23.35	
790.57	-37.48	
790.75	37.89	
790.931	50.38	
791.111	39.12	
791.292	87.45	
791.472	125.95	
791.652	93.18	
791.833	104.04	
792.013	125.95	
792.193	56.93	
792.373	97.89	
792.554	63.28	
792.734	81.1	
792.914	37.48	
793.094	96.25	
793.275	83.15	
793.455	81.92	
793.635	110.39	
793.815	167.11	
793.995	124.52	
794.175	122.26	
794.355	193.33	
794.535	183.09	
794.715	156.87	
794.896	176.53	
795.076	137.21	
795.256	146.22	
795.436	95.84	
795.616	136.39	
795.795	146.63	
795.975	159.33	
796.155	142.95	
796.335	170.39	
796.515	184.93	
796.695	225.89	
796.875	283.23	
797.055	258.45	
797.234	262.75	
797.414	241.87	
797.594	170.8	
797.774	116.53	
797.954	50.58	
798.133	63.28	
798.313	7.58	
798.493	54.89	
798.672	32.56	
798.852	70.65	
799.032	9.42	
799.211	22.32	
799.391	-5.73	
799.571	1.64	
799.75	-1.84	
799.93	75.57	
800.109	92.57	
800.289	93.59	
800.468	78.85	
800.648	73.11	
800.827	25.39	
801.007	13.11	
801.186	-38.5	
801.366	-15.77	
801.545	0.2	
801.725	82.33	
801.904	34.61	
802.083	96.25	
802.263	84.17	
802.442	138.03	
802.621	42.39	
802.801	167.52	
802.98	184.93	
803.159	164.25	
803.338	83.76	
803.518	151.55	
803.697	48.13	
803.876	58.98	
804.055	73.32	
804.235	113.66	
804.414	45.87	
804.593	80.69	
804.772	26.01	
804.951	36.04	
805.13	-28.67	
805.309	22.32	
805.488	41.16	
805.667	76.39	
805.846	96.87	
806.025	137.42	
806.204	160.15	
806.383	108.54	
806.562	72.09	
806.741	54.89	
806.92	82.94	
807.099	37.89	
807.278	3.07	
807.457	-8.81	
807.636	21.91	
807.814	9.22	
807.993	-3.28	
808.172	40.34	
808.351	71.06	
808.53	48.13	
808.708	29.29	
808.887	34.61	
809.066	115.92	
809.244	105.68	
809.423	79.87	
809.602	58.57	
809.78	97.48	
809.959	36.25	
810.138	76.18	
810.316	90.52	
810.495	126.97	
810.673	54.07	
810.852	60.82	
811.03	52.02	
811.209	73.93	
811.388	62.67	
811.566	110.39	
811.744	119.81	
811.923	95.84	
812.101	80.28	
812.28	163.02	
812.458	177.76	
812.637	132.71	
812.815	142.33	
812.993	170.19	
813.172	159.33	
813.35	85.61	
813.528	143.15	
813.706	118.99	
813.885	111	
814.063	17.82	
814.241	103.42	
814.419	111.2	
814.598	162.4	
814.776	156.26	
814.954	158.92	
815.132	125.13	
815.31	111.61	
815.488	28.67	
815.666	-12.08	
815.844	-32.97	
816.022	-53.45	
816.201	-109.16	
816.379	-19.46	
816.557	23.76	
816.735	71.27	
816.913	57.34	
817.09	124.31	
817.268	52.84	
817.446	16.79	
817.624	-0.2	
817.802	100.56	
817.98	49.56	
818.158	59.6	
818.336	17.61	
818.514	43.42	
818.691	3.48	
818.869	54.89	
819.047	104.86	
819.225	153.19	
819.402	104.04	
819.58	139.88	
819.758	136.8	
819.935	98.71	
820.113	98.92	
820.291	119.6	
820.468	38.91	
820.646	36.86	
820.824	69.63	
821.001	155.24	
821.179	199.68	
821.356	226.3	
821.534	183.7	
821.711	114.28	
821.889	109.98	
822.066	96.05	
822.244	86.22	
822.421	141.11	
822.599	186.16	
822.776	88.88	
822.953	22.32	
823.131	1.23	
823.308	-56.52	
823.486	-43.01	
823.663	-29.7	
823.84	35.43	
824.017	-6.76	
824.195	7.37	
824.372	15.36	
824.549	21.71	
824.726	7.37	
824.904	26.83	
825.081	54.68	
825.258	3.07	
825.435	-4.92	
825.612	11.26	
825.789	4.71	
825.967	8.19	
826.144	73.73	
826.321	118.58	
826.498	97.89	
826.675	122.06	
826.852	50.18	
827.029	24.17	
827.206	19.87	
827.383	-25.8	
827.56	24.58	
827.737	70.04	
827.914	78.64	
828.09	56.11	
828.267	86.01	
828.444	52.02	
828.621	31.54	
828.798	79.46	
828.975	23.35	
829.151	14.75	
829.328	22.53	
829.505	96.46	
829.682	21.09	
829.858	45.67	
830.035	98.51	
830.212	89.91	
830.389	38.5	
830.565	18.64	
830.742	96.25	
830.918	82.12	
831.095	67.17	
831.272	72.09	
831.448	73.52	
831.625	60.42	
831.801	70.65	
831.978	85.81	
832.154	48.33	
832.331	98.1	
832.507	30.92	
832.684	64.72	
832.86	83.35	
833.037	206.44	
833.213	144.59	
833.389	183.5	
833.566	74.55	
833.742	38.71	
833.918	-73.73	
834.095	-97.07	
834.271	-146.43	
834.447	-65.33	
834.624	-34.61	
834.8	-12.08	
834.976	50.38	
835.152	89.09	
835.328	75.57	
835.505	80.28	
835.681	76.18	
835.857	14.75	
836.033	53.04	
836.209	129.23	
836.385	131.48	
836.561	144.79	
836.737	213.4	
836.913	133.32	
837.089	73.93	
837.265	83.15	
837.441	123.9	
837.617	101.99	
837.793	129.43	
837.969	124.93	
838.145	97.28	
838.321	54.89	
838.497	50.38	
838.673	89.7	
838.849	22.73	
839.025	82.12	
839.2	97.48	
839.376	145.82	
839.552	112.43	
839.728	194.15	
839.903	121.24	
840.079	140.9	
840.255	101.17	
840.431	192.3	
840.606	102.81	
840.782	179.61	
840.958	95.84	
841.133	81.71	
841.309	7.78	
841.484	72.91	
841.66	-9.42	
841.835	3.69	
842.011	-5.32	
842.186	40.55	
842.362	-2.25	
842.537	47.31	
842.713	36.86	
842.888	53.66	
843.064	-18.64	
843.239	-0.41	
843.415	-21.09	
843.59	49.15	
843.765	56.52	
843.941	96.05	
844.116	149.5	
844.291	120.63	
844.467	81.71	
844.642	105.27	
844.817	135.99	
844.992	95.44	
845.168	106.08	
845.343	135.99	
845.518	122.26	
845.693	123.7	
845.868	100.76	
846.043	74.75	
846.219	29.7	
846.394	67.58	
846.569	27.85	
846.744	14.13	
846.919	35.02	
847.094	152.37	
847.269	103.01	
847.444	93.59	
847.619	129.64	
847.794	215.45	
847.969	165.48	
848.144	194.15	
848.319	195.17	
848.494	200.91	
848.668	172.44	
848.843	166.3	
849.018	153.6	
849.193	151.75	
849.368	165.07	
849.542	190.46	
849.717	175.72	
849.892	160.36	
850.067	159.13	
850.241	177.97	
850.416	116.73	
850.591	132.3	
850.765	111.82	
850.94	159.33	
851.115	89.7	
851.289	111.2	
851.464	59.8	
851.639	92.98	
851.813	39.73	
851.988	124.52	
852.162	81.1	
852.337	98.51	
852.511	109.36	
852.686	175.92	
852.86	139.26	
853.035	171.01	
853.209	151.96	
853.383	177.97	
853.558	101.58	
853.732	124.31	
853.906	69.43	
854.081	105.88	
854.255	43.83	
854.429	75.57	
854.604	35.23	
854.778	112.84	
854.952	102.81	
855.126	149.5	
855.301	162.2	
855.475	150.53	
855.649	109.57	
855.823	71.47	
855.997	30.11	
856.171	5.12	
856.345	-26.62	
856.52	-13.31	
856.694	37.89	
856.868	96.05	
857.042	84.79	
857.216	183.91	
857.39	189.44	
857.564	148.07	
857.738	80.49	
857.912	89.29	
858.085	55.7	
858.259	54.89	
858.433	87.65	
858.607	87.24	
858.781	104.86	
858.955	61.03	
859.129	38.3	
859.302	43.21	
859.476	31.54	
859.65	100.35	
859.824	81.92	
859.997	103.22	
860.171	127.18	
860.345	180.02	
860.519	112.23	
860.692	138.65	
860.866	161.38	
861.039	167.73	
861.213	149.91	
861.387	115.92	
861.56	113.66	
861.734	121.85	
861.907	78.03	
862.081	57.75	
862.254	113.87	
862.428	149.71	
862.601	95.03	
862.775	108.75	
862.948	222.82	
863.122	199.88	
863.295	158.72	
863.468	181.45	
863.642	125.95	
863.815	43.01	
863.988	42.8	
864.162	70.04	
864.335	24.17	
864.508	80.28	
864.682	107.72	
864.855	92.98	
865.028	55.3	
865.201	120.83	
865.374	83.76	
865.548	113.46	
865.721	113.66	
865.894	205.21	
866.067	173.46	
866.24	214.63	
866.413	193.53	
866.586	202.54	
866.759	80.28	
866.932	63.28	
867.105	21.5	
867.278	-75.98	
867.451	-89.5	
867.624	-15.36	
867.797	20.48	
867.97	21.5	
868.143	63.08	
868.316	96.05	
868.489	31.95	
868.661	26.42	
868.834	54.89	
869.007	100.96	
869.18	73.93	
869.353	119.4	
869.525	145.41	
869.698	117.35	
869.871	86.01	
870.044	102.19	
870.216	126.36	
870.389	75.98	
870.562	104.86	
870.734	139.67	
870.907	108.95	
871.079	101.99	
871.252	101.58	
871.425	136.19	
871.597	69.43	
871.77	168.75	
871.942	132.71	
872.115	121.85	
872.287	103.01	
872.459	127.59	
872.632	63.9	
872.804	77.21	
872.977	33.59	
873.149	20.07	
873.321	-15.56	
873.494	-25.8	
873.666	20.68	
873.838	63.08	
874.011	16.79	
874.183	79.05	
874.355	69.84	
874.528	28.67	
874.7	45.46	
874.872	139.47	
875.044	148.27	
875.216	178.99	
875.388	230.19	
875.561	243.3	
875.733	148.27	
875.905	120.01	
876.077	47.1	
876.249	94.21	
876.421	60.21	
876.593	41.78	
876.765	59.6	
876.937	134.76	
877.109	34.41	
877.281	64.72	
877.453	82.33	
877.625	61.64	
877.797	2.46	
877.968	-19.87	
878.14	-37.89	
878.312	23.55	
878.484	-19.66	
878.656	26.62	
878.828	23.35	
878.999	90.32	
879.171	25.6	
879.343	35.43	
879.515	14.75	
879.686	15.36	
879.858	-42.19	
880.03	3.89	
880.201	22.12	
880.373	-6.55	
880.545	11.47	
880.716	64.51	
880.888	103.01	
881.059	134.35	
881.231	153.8	
881.402	201.93	
881.574	154.83	
881.745	121.44	
881.917	137.21	
882.088	151.34	
882.26	100.15	
882.431	140.49	
882.602	65.53	
882.774	38.91	
882.945	2.05	
883.116	-39.32	
883.288	-86.83	
883.459	-29.08	
883.63	-24.78	
883.802	-7.99	
883.973	39.73	
884.144	67.99	
884.315	85.4	
884.487	113.25	
884.658	176.74	
884.829	220.16	
885	194.15	
885.171	193.74	
885.342	108.13	
885.513	64.1	
885.684	50.58	
885.855	74.75	
886.026	38.5	
886.197	114.48	
886.368	74.34	
886.539	81.71	
886.71	51.81	
886.881	86.63	
887.052	86.01	
887.223	134.55	
887.394	74.34	
887.565	131.48	
887.736	87.86	
887.907	98.1	
888.077	69.84	
888.248	74.96	
888.419	39.73	
888.59	43.83	
888.761	48.13	
888.931	58.98	
889.102	126.56	
889.273	93.8	
889.443	94.82	
889.614	34	
889.785	47.31	
889.955	12.7	
890.126	9.83	
890.296	69.84	
890.467	96.87	
890.637	184.52	
890.808	206.44	
890.978	257.22	
891.149	228.76	
891.319	327.67	
891.49	275.86	
891.66	266.03	
891.831	230.4	
892.001	245.14	
892.172	102.19	
892.342	75.98	
892.512	48.13	
892.683	106.29	
892.853	66.56	
893.023	137.01	
893.193	86.63	
893.364	117.96	
893.534	83.35	
893.704	152.37	
893.874	139.06	
894.044	165.27	
894.215	114.69	
894.385	137.21	
894.555	82.74	
894.725	137.83	
894.895	107.52	
895.065	158.1	
895.235	142.54	
895.405	205.82	
895.575	135.17	
895.745	194.81	
895.915	207.87	
