177.618	-683.25	
177.836	-706.29	
178.054	-703.94	
178.271	-557.1	
178.489	-333.87	
178.706	-209.35	
178.924	-63.13	
179.142	81.46	
179.359	70.6	
179.577	-62.92	
179.794	-58.83	
180.012	-79.72	
180.229	-115.35	
180.447	-84.43	
180.664	-33.84	
180.882	-40.6	
181.1	17.77	
181.317	10.39	
181.535	-7.63	
181.752	-22.37	
181.969	34.97	
182.187	57.91	
182.404	95.79	
182.622	88.83	
182.839	119.55	
183.057	99.68	
183.274	63.44	
183.492	88.63	
183.709	117.91	
183.926	77.16	
184.144	59.54	
184.361	77.98	
184.579	69.78	
184.796	13.67	
185.013	63.64	
185.231	37.63	
185.448	55.86	
185.666	67.94	
185.883	69.78	
186.1	68.35	
186.317	107.06	
186.535	46.03	
186.752	32.72	
186.969	86.78	
187.187	150.47	
187.404	76.13	
187.621	162.56	
187.839	165.83	
188.056	123.24	
188.273	50.74	
188.49	144.74	
188.708	105.62	
188.925	159.08	
189.142	169.11	
189.359	143.92	
189.576	78.8	
189.794	60.36	
190.011	4.86	
190.228	16.74	
190.445	26.37	
190.662	125.49	
190.879	134.3	
191.097	131.22	
191.314	133.68	
191.531	150.68	
191.748	44.8	
191.965	54.02	
192.182	23.09	
192.399	24.73	
192.616	51.35	
192.834	106.24	
193.051	74.29	
193.268	114.84	
193.485	104.19	
193.702	56.88	
193.919	26.16	
194.136	38.66	
194.353	24.32	
194.57	39.47	
194.787	57.7	
195.004	154.57	
195.221	151.5	
195.438	180.99	
195.655	150.27	
195.872	217.03	
196.089	82.89	
196.306	107.47	
196.523	101.94	
196.74	149.45	
196.957	38.45	
197.173	99.68	
197.39	68.56	
197.607	93.75	
197.824	68.76	
198.041	128.56	
198.258	115.25	
198.475	176.89	
198.692	105.42	
198.909	59.95	
199.125	-2.1	
199.342	56.88	
199.559	29.64	
199.776	77.98	
199.993	167.68	
200.21	201.06	
200.426	123.85	
200.643	118.73	
200.86	108.29	
201.077	115.86	
201.293	111.56	
201.51	115.04	
201.727	14.28	
201.944	-48.18	
202.16	-69.48	
202.377	-73.37	
202.594	-84.02	
202.811	-13.77	
203.027	28.62	
203.244	-11.11	
203.461	-5.38	
203.677	59.34	
203.894	82.69	
204.111	95.59	
204.327	99.68	
204.544	102.96	
204.761	98.25	
204.977	62.82	
205.194	20.84	
205.41	82.28	
205.627	54.63	
205.844	45.21	
206.06	39.88	
206.277	97.84	
206.493	48.28	
206.71	82.89	
206.926	57.29	
207.143	132.04	
207.36	44.39	
207.576	109.72	
207.793	109.11	
208.009	141.26	
208.226	97.43	
208.442	139.01	
208.659	82.48	
208.875	82.69	
209.092	24.73	
209.308	2	
209.524	-5.99	
209.741	74.09	
209.957	112.59	
210.174	137.57	
210.39	126.92	
210.607	140.03	
210.823	0.15	
211.039	-54.53	
211.256	14.49	
211.472	-12.13	
211.688	42.55	
211.905	113.41	
212.121	104.19	
212.338	40.29	
212.554	85.96	
212.77	36.61	
212.987	39.27	
213.203	90.88	
213.419	123.44	
213.635	107.47	
213.852	79.82	
214.068	36.2	
214.284	-5.58	
214.501	19.4	
214.717	37.84	
214.933	85.76	
215.149	50.33	
215.365	14.49	
215.582	-69.89	
215.798	-53.3	
216.014	-65.38	
216.23	5.07	
216.447	51.56	
216.663	72.86	
216.879	21.86	
217.095	42.14	
217.311	37.84	
217.527	60.98	
217.743	82.69	
217.96	83.1	
218.176	74.49	
218.392	71.83	
218.608	84.53	
218.824	48.49	
219.04	55.45	
219.256	95.18	
219.472	67.53	
219.688	23.3	
219.904	90.88	
220.12	179.15	
220.336	125.28	
220.552	156.41	
220.768	182.83	
220.984	199.83	
221.2	84.12	
221.416	122.62	
221.632	75.93	
221.848	51.76	
222.064	-34.66	
222.28	0.15	
222.496	-65.38	
222.712	25.75	
222.928	8.35	
223.144	71.83	
223.36	70.19	
223.576	98.25	
223.792	49.51	
224.008	126.31	
224.224	124.87	
224.439	173.82	
224.655	161.94	
224.871	180.37	
225.087	128.15	
225.303	56.27	
225.519	14.28	
225.734	79.21	
225.95	57.7	
226.166	82.28	
226.382	106.44	
226.598	133.07	
226.813	118.32	
227.029	90.47	
227.245	56.68	
227.461	90.06	
227.677	83.51	
227.892	77.16	
228.108	81.25	
228.324	141.26	
228.539	74.09	
228.755	116.07	
228.971	113.82	
229.186	171.98	
229.402	127.33	
229.618	194.1	
229.833	107.88	
230.049	99.89	
230.265	13.87	
230.48	90.06	
230.696	81.66	
230.912	127.95	
231.127	126.92	
231.343	177.1	
231.558	82.69	
231.774	124.06	
231.99	178.94	
232.205	177.92	
232.421	136.14	
232.636	153.75	
232.852	78.39	
233.067	27.8	
233.283	23.91	
233.498	91.9	
233.714	106.85	
233.929	143.1	
234.145	107.47	
234.36	127.74	
234.576	132.86	
234.791	166.65	
235.007	194.71	
235.222	277.45	
235.438	238.54	
235.653	297.93	
235.868	251.85	
236.084	266.39	
236.299	266.18	
236.515	290.56	
236.73	174.44	
236.945	186.52	
237.161	118.73	
237.376	56.06	
237.592	44.18	
237.807	81.25	
238.022	70.19	
238.238	101.73	
238.453	45.21	
238.668	51.56	
238.883	-30.16	
239.099	-19.3	
239.314	-52.48	
239.529	35.38	
239.745	64.87	
239.96	151.09	
240.175	137.57	
240.39	231.37	
240.605	202.08	
240.821	143.72	
241.036	134.3	
241.251	218.47	
241.466	125.69	
241.681	124.47	
241.897	158.05	
242.112	198.19	
242.327	96.82	
242.542	130.2	
242.757	133.07	
242.972	113.82	
243.188	31.28	
243.403	62	
243.618	56.27	
243.833	47.26	
244.048	69.58	
244.263	111.97	
244.478	103.37	
244.693	81.66	
244.908	110.95	
245.123	108.08	
245.338	163.99	
245.553	183.04	
245.768	163.79	
245.983	158.05	
246.198	102.14	
246.413	54.42	
246.628	34.56	
246.843	34.97	
247.058	31.9	
247.273	81.87	
247.488	60.36	
247.703	107.06	
247.918	122.83	
248.133	135.52	
248.348	73.47	
248.563	148.43	
248.778	93.75	
248.993	110.95	
249.207	160.51	
249.422	205.36	
249.637	81.05	
249.852	67.12	
250.067	34.76	
250.282	-53.09	
250.496	-89.96	
250.711	15.51	
250.926	10.8	
251.141	65.69	
251.356	75.11	
251.57	156	
251.785	133.27	
252	108.7	
252.215	88.22	
252.43	123.65	
252.644	116.07	
252.859	108.7	
253.074	140.23	
253.288	128.36	
253.503	83.92	
253.718	110.13	
253.932	191.02	
254.147	222.15	
254.362	221.33	
254.576	238.13	
254.791	173.82	
255.006	97.23	
255.22	97.43	
255.435	117.5	
255.65	146.38	
255.864	178.94	
256.079	146.79	
256.293	158.46	
256.508	144.54	
256.723	220.31	
256.937	161.12	
257.152	145.56	
257.366	122.01	
257.581	107.47	
257.795	10.19	
258.01	127.33	
258.224	171.98	
258.439	180.58	
258.653	158.05	
258.868	176.07	
259.082	86.58	
259.297	50.12	
259.511	18.79	
259.726	6.3	
259.94	-32.61	
260.154	-50.84	
260.369	-36.51	
260.583	-12.54	
260.798	-39.78	
261.012	6.09	
261.226	34.35	
261.441	68.56	
261.655	65.07	
261.869	153.75	
262.084	133.89	
262.298	124.67	
262.512	45.21	
262.727	20.63	
262.941	35.17	
263.155	29.64	
263.37	6.91	
263.584	86.17	
263.798	91.7	
264.012	113.82	
264.227	95.18	
264.441	181.19	
264.655	121.8	
264.869	210.48	
265.084	122.21	
265.298	152.52	
265.512	69.17	
265.726	128.36	
265.94	56.88	
266.155	126.1	
266.369	126.92	
266.583	203.31	
266.797	194.51	
267.011	261.27	
267.225	287.28	
267.439	281.95	
267.654	218.26	
267.868	179.97	
268.082	66.92	
268.296	-61.08	
268.51	-121.29	
268.724	-75.83	
268.938	-107.36	
269.152	-50.23	
269.366	14.69	
269.58	78.39	
269.794	37.43	
270.008	140.64	
270.222	128.77	
270.436	120.16	
270.65	84.33	
270.864	108.49	
271.078	38.45	
271.292	51.76	
271.506	105.83	
271.72	145.56	
271.934	175.87	
272.148	176.69	
272.362	178.94	
272.575	191.64	
272.789	190.41	
273.003	149.66	
273.217	188.16	
273.431	153.34	
273.645	121.8	
273.859	156.82	
274.073	212.32	
274.286	203.52	
274.5	225.23	
274.714	193.89	
274.928	182.63	
275.142	134.3	
275.355	108.49	
275.569	153.55	
275.783	196.76	
275.997	158.46	
276.21	185.09	
276.424	248.37	
276.638	173.21	
276.852	172.59	
277.065	161.53	
277.279	171.98	
277.493	113	
277.706	197.99	
277.92	192.46	
278.134	170.34	
278.347	109.31	
278.561	93.54	
278.775	65.69	
278.988	33.54	
279.202	95.18	
279.415	145.35	
279.629	134.71	
279.843	152.73	
280.056	261.47	
280.27	265.16	
280.483	199.63	
280.697	220.92	
280.91	233.62	
281.124	231.98	
281.337	205.97	
281.551	289.33	
281.764	264.75	
281.978	227.27	
282.191	117.09	
282.405	152.93	
282.618	74.9	
282.832	97.84	
283.045	65.89	
283.259	128.56	
283.472	65.07	
283.686	86.78	
283.899	59.75	
284.112	64.26	
284.326	51.35	
284.539	103.78	
284.752	123.24	
284.966	155.8	
285.179	207.41	
285.393	191.02	
285.606	115.86	
285.819	144.54	
286.033	89.24	
286.246	137.57	
286.459	95.59	
286.672	142.69	
286.886	68.35	
287.099	163.38	
287.312	24.93	
287.525	56.47	
287.739	58.11	
287.952	133.48	
288.165	138.19	
288.378	195.73	
288.592	197.78	
288.805	178.33	
289.018	173.62	
289.231	132.86	
289.444	154.78	
289.657	97.64	
289.871	97.02	
290.084	46.03	
290.297	99.89	
290.51	67.74	
290.723	67.53	
290.936	146.58	
291.149	144.33	
291.362	156.41	
291.575	137.16	
291.789	180.78	
292.002	125.28	
292.215	167.27	
292.428	47.87	
292.641	92.72	
292.854	90.47	
293.067	58.52	
293.28	56.68	
293.493	89.45	
293.706	-6.4	
293.919	56.47	
294.132	37.84	
294.345	21.86	
294.558	17.56	
294.77	76.95	
294.983	13.47	
295.196	87.81	
295.409	121.19	
295.622	193.07	
295.835	222.36	
296.048	265.37	
296.261	250.21	
296.474	238.95	
296.686	193.89	
296.899	222.97	
297.112	226.25	
297.325	209.25	
297.538	229.73	
297.751	258.81	
297.963	254.31	
298.176	228.91	
298.389	215.8	
298.602	194.1	
298.814	304.89	
299.027	271.3	
299.24	267.62	
299.453	324.14	
299.665	298.34	
299.878	132.66	
300.091	107.26	
300.303	102.55	
300.516	46.03	
300.729	35.17	
300.941	76.54	
301.154	45.21	
301.367	21.25	
301.579	67.53	
301.792	101.32	
302.005	70.81	
302.217	81.05	
302.43	105.01	
302.642	40.91	
302.855	-4.76	
303.067	-12.54	
303.28	40.29	
303.493	-0.46	
303.705	105.83	
303.918	158.05	
304.13	236.9	
304.343	189.39	
304.555	244.89	
304.768	184.47	
304.98	193.48	
305.193	101.94	
305.405	158.87	
305.617	104.8	
305.83	122.21	
306.042	73.88	
306.255	92.93	
306.467	33.54	
306.68	24.52	
306.892	-4.56	
307.104	27.8	
307.317	23.5	
307.529	97.64	
307.741	152.52	
307.954	182.01	
308.166	164.4	
308.378	230.35	
308.591	219.08	
308.803	234.03	
309.015	286.87	
309.228	329.06	
309.44	247.75	
309.652	222.36	
309.864	168.7	
310.077	48.69	
310.289	-12.13	
310.501	26.98	
310.713	4.04	
310.926	40.7	
311.138	24.73	
311.35	88.22	
311.562	32.51	
311.774	118.53	
311.986	98.66	
312.199	206.38	
312.411	102.35	
312.623	159.49	
312.835	70.81	
313.047	55.45	
313.259	24.52	
313.471	71.83	
313.683	40.29	
313.895	65.28	
314.108	59.14	
314.32	48.28	
314.532	9.16	
314.744	31.49	
314.956	76.13	
315.168	93.95	
315.38	45.41	
315.592	125.28	
315.804	132.25	
316.016	193.69	
316.228	217.44	
316.44	264.75	
316.651	255.94	
316.863	241.61	
317.075	138.19	
317.287	94.56	
317.499	72.24	
317.711	41.32	
317.923	88.63	
318.135	41.32	
318.347	74.9	
318.559	154.98	
318.77	221.13	
318.982	172.39	
319.194	190.82	
319.406	172.8	
319.618	104.8	
319.83	29.23	
320.041	24.73	
320.253	34.76	
320.465	19.4	
320.677	-1.08	
320.888	0.36	
321.1	13.87	
321.312	89.24	
321.524	101.32	
321.735	89.85	
321.947	63.64	
322.159	28.21	
322.37	-58.01	
322.582	-56.17	
322.794	24.32	
323.005	91.9	
323.217	120.57	
323.429	91.49	
323.64	141.87	
323.852	69.58	
324.063	22.27	
324.275	57.7	
324.487	135.73	
324.698	72.45	
324.91	134.91	
325.121	124.26	
325.333	40.09	
325.544	31.28	
325.756	97.64	
325.967	41.52	
326.179	108.7	
326.39	160.3	
326.602	173	
326.813	82.07	
327.025	106.24	
327.236	34.35	
327.448	2.82	
327.659	-72.14	
327.871	-17.46	
328.082	-21.15	
328.293	25.75	
328.505	74.7	
328.716	111.56	
328.928	78.18	
329.139	127.74	
329.35	106.65	
329.562	124.87	
329.773	148.22	
329.984	165.02	
330.196	110.74	
330.407	174.44	
330.618	114.43	
330.83	75.72	
331.041	85.76	
331.252	80.23	
331.463	23.91	
331.675	75.11	
331.886	146.79	
332.097	153.14	
332.308	156.82	
332.52	167.68	
332.731	149.45	
332.942	140.23	
333.153	171.98	
333.364	157.23	
333.575	119.75	
333.787	157.85	
333.998	83.3	
334.209	98.25	
334.42	82.89	
334.631	103.99	
334.842	71.22	
335.053	146.38	
335.264	80.84	
335.475	109.11	
335.686	117.71	
335.898	118.73	
336.109	26.57	
336.32	39.88	
336.531	29.44	
336.742	32.92	
336.953	-4.97	
337.164	28.62	
337.375	3.64	
337.586	5.68	
337.797	-55.14	
338.007	-13.57	
338.218	-42.44	
338.429	-2.71	
338.64	-13.98	
338.851	32.72	
339.062	5.68	
339.273	100.71	
339.484	52.38	
339.695	10.39	
339.906	12.24	
340.116	64.66	
340.327	26.57	
340.538	49.92	
340.749	84.94	
340.96	72.24	
341.171	20.43	
341.381	15.72	
341.592	33.95	
341.803	48.49	
342.014	61.18	
342.224	103.58	
342.435	91.29	
342.646	41.11	
342.857	23.3	
343.067	-0.87	
343.278	2.41	
343.489	5.48	
343.699	50.12	
343.91	66.92	
344.121	54.42	
344.331	9.16	
344.542	-14.8	
344.753	25.55	
344.963	36.81	
345.174	98.25	
345.384	154.57	
345.595	226.66	
345.806	180.99	
346.016	160.3	
346.227	151.7	
346.437	137.98	
346.648	86.99	
346.858	95.79	
347.069	73.06	
347.279	81.87	
347.49	40.7	
347.7	60.77	
347.911	8.76	
348.121	40.29	
348.332	36.2	
348.542	-14.8	
348.753	-26.88	
348.963	56.06	
349.173	59.95	
349.384	88.63	
349.594	196.96	
349.805	240.18	
350.015	156.41	
350.225	164.2	
350.436	139.42	
350.646	137.57	
350.856	80.64	
351.067	108.7	
351.277	41.73	
351.487	-7.83	
351.698	-83.81	
351.908	-64.15	
352.118	-56.78	
352.328	-22.58	
352.539	61.59	
352.749	66.92	
352.959	41.52	
353.169	35.38	
353.38	61.18	
353.59	47.26	
353.8	95.18	
354.01	126.1	
354.22	128.36	
354.431	210.07	
354.641	151.09	
354.851	142.28	
355.061	131.22	
355.271	194.71	
355.481	93.95	
355.691	120.16	
355.901	85.14	
356.111	87.19	
356.321	27.6	
356.532	43.16	
356.742	10.6	
356.952	22.68	
357.162	21.04	
357.372	26.37	
357.582	3.84	
357.792	-33.43	
358.002	-56.78	
358.212	-1.08	
358.422	15.51	
358.632	16.33	
358.842	60.57	
359.051	137.78	
359.261	77.77	
359.471	47.67	
359.681	87.81	
359.891	65.69	
360.101	-4.97	
360.311	-25.65	
360.521	-28.93	
360.731	-35.07	
360.94	-7.42	
361.15	34.97	
361.36	49.92	
361.57	64.66	
361.78	57.09	
361.989	66.51	
362.199	61.59	
362.409	78.18	
362.619	68.56	
362.828	178.12	
363.038	173.41	
363.248	180.78	
363.458	187.13	
363.667	216.01	
363.877	133.07	
364.087	139.21	
364.296	86.99	
364.506	110.13	
364.716	91.49	
364.925	50.12	
365.135	6.91	
365.345	17.15	
365.554	-7.63	
365.764	76.13	
365.973	72.86	
366.183	145.76	
366.393	182.01	
366.602	204.95	
366.812	64.66	
367.021	126.92	
367.231	41.52	
367.44	6.3	
367.65	-18.07	
367.859	49.92	
368.069	-14.8	
368.278	59.34	
368.488	80.23	
368.697	39.07	
368.907	-12.75	
369.116	133.68	
369.326	99.07	
369.535	98.05	
369.744	136.75	
369.954	174.23	
370.163	48.49	
370.373	72.24	
370.582	41.52	
370.791	6.09	
371.001	-23.19	
371.21	-22.78	
371.419	-69.07	
371.629	-77.26	
371.838	-70.91	
372.047	12.03	
372.256	-15.62	
372.466	7.12	
372.675	-13.16	
372.884	-1.89	
373.093	-96.1	
373.303	-12.54	
373.512	-6.2	
373.721	50.12	
373.93	35.38	
374.139	145.97	
374.349	73.88	
374.558	130.61	
374.767	60.36	
374.976	58.52	
375.185	30.05	
375.394	12.65	
375.603	-24.83	
375.813	18.59	
376.022	20.02	
376.231	-48.79	
376.44	-42.44	
376.649	-30.16	
376.858	-8.86	
377.067	3.43	
377.276	58.32	
377.485	111.97	
377.694	89.04	
377.903	85.55	
378.112	51.76	
378.321	64.05	
378.53	43.57	
378.739	44.18	
378.948	26.98	
379.157	58.93	
379.366	62.62	
379.575	71.22	
379.784	39.07	
379.992	51.15	
380.201	111.56	
380.41	83.92	
380.619	40.91	
380.828	76.54	
381.037	44.18	
381.246	-73.16	
381.454	-132.55	
381.663	-41.42	
381.872	-53.91	
382.081	26.78	
382.29	101.53	
382.498	157.44	
382.707	132.86	
382.916	169.52	
383.125	85.96	
383.333	68.15	
383.542	76.95	
383.751	43.16	
383.959	64.66	
384.168	82.48	
384.377	139.62	
384.585	117.5	
384.794	79.41	
385.003	22.27	
385.211	42.34	
385.42	-39.37	
385.628	-29.34	
385.837	6.71	
386.046	62.62	
386.254	97.64	
386.463	115.66	
386.671	167.06	
386.88	158.26	
387.088	131.84	
387.297	127.74	
387.505	143.72	
387.714	51.15	
387.922	46.03	
388.131	23.91	
388.339	4.04	
388.548	-46.13	
388.756	-20.94	
388.965	-14.8	
389.173	-51.05	
389.381	-30.16	
389.59	39.88	
389.798	73.47	
390.007	103.37	
390.215	123.65	
390.423	166.24	
390.632	153.75	
390.84	195.33	
391.048	150.27	
391.257	174.64	
391.465	101.53	
391.673	94.56	
391.882	39.68	
392.09	37.63	
392.298	26.98	
392.506	-4.35	
392.715	8.76	
392.923	51.35	
393.131	105.62	
393.339	111.15	
393.547	119.75	
393.756	109.72	
393.964	51.35	
394.172	18.99	
394.38	-12.34	
394.588	62.41	
394.796	36.2	
395.005	31.28	
395.213	5.07	
395.421	30.46	
395.629	-59.03	
395.837	-74.19	
396.045	-70.5	
396.253	-40.81	
396.461	-61.7	
396.669	-8.04	
396.877	31.49	
397.085	71.42	
397.293	66.3	
397.501	73.06	
397.709	80.23	
397.917	109.72	
398.125	124.47	
398.333	143.1	
398.541	135.73	
398.749	112.79	
398.957	48.69	
399.165	-38.14	
399.373	-38.96	
399.581	-32.41	
399.788	4.86	
399.996	-13.36	
400.204	42.55	
400.412	-11.32	
400.62	-62.1	
400.828	-84.22	
401.035	-47.36	
401.243	-16.03	
401.451	30.87	
401.659	49.51	
401.867	61.39	
402.074	73.88	
402.282	13.67	
402.49	-30.98	
402.697	104.4	
402.905	72.45	
403.113	93.34	
403.321	44.8	
403.528	64.26	
403.736	-33.64	
403.944	-29.95	
404.151	-82.79	
404.359	-49.61	
404.566	-52.48	
404.774	-38.35	
404.982	-61.29	
405.189	-40.6	
405.397	-58.42	
405.604	-60.06	
405.812	-60.47	
406.02	-70.91	
406.227	-63.33	
406.435	-34.25	
406.642	1.79	
406.85	-7.01	
407.057	59.75	
407.265	73.27	
407.472	110.95	
407.679	85.14	
407.887	60.16	
408.094	5.48	
408.302	-48.18	
408.509	-55.35	
408.717	-55.35	
408.924	-29.34	
409.131	7.32	
409.339	42.55	
409.546	52.79	
409.753	43.37	
409.961	74.9	
410.168	53.81	
410.375	73.88	
410.583	47.46	
410.79	72.04	
410.997	52.38	
411.205	45.41	
411.412	36.2	
411.619	67.12	
411.826	57.09	
412.034	95.38	
412.241	142.08	
412.448	127.13	
412.655	57.29	
412.862	74.09	
413.07	20.02	
413.277	-36.91	
413.484	-47.36	
413.691	11.83	
413.898	-22.99	
414.105	-50.23	
414.312	-64.77	
414.519	-72.55	
414.727	-103.68	
414.934	-68.25	
415.141	-28.11	
415.348	58.32	
415.555	53.4	
415.762	56.68	
415.969	-5.79	
416.176	0.56	
416.383	-30.57	
416.59	-45.72	
416.797	-65.18	
417.004	-1.48	
417.211	-37.32	
417.418	-32	
417.625	15.31	
417.831	19.4	
418.038	7.53	
418.245	48.9	
418.452	19.61	
418.659	-17.66	
418.866	-6.6	
419.073	-0.05	
419.28	-59.03	
419.486	2.41	
419.693	-2.1	
419.9	12.24	
420.107	19.61	
420.314	90.67	
420.52	71.83	
420.727	167.06	
420.934	170.34	
421.141	138.6	
421.347	109.92	
421.554	81.87	
421.761	-29.34	
421.967	-3.53	
422.174	53.2	
422.381	49.51	
422.588	25.14	
422.794	48.08	
423.001	109.11	
423.207	71.63	
423.414	76.54	
423.621	106.65	
423.827	172.39	
424.034	142.69	
424.24	152.73	
424.447	127.95	
424.654	73.88	
424.86	29.85	
425.067	-52.27	
425.273	-56.78	
425.48	26.78	
425.686	122.62	
425.893	174.64	
426.099	206.59	
426.306	224.2	
426.512	213.35	
426.718	227.27	
426.925	180.99	
427.131	162.76	
427.338	158.05	
427.544	144.74	
427.75	84.73	
427.957	77.57	
428.163	116.48	
428.37	118.94	
428.576	134.5	
428.782	139.21	
428.988	219.08	
429.195	226.45	
429.401	231.16	
429.607	226.45	
429.814	319.43	
430.02	273.15	
430.226	244.27	
430.432	251.64	
430.639	264.96	
430.845	252.46	
431.051	291.99	
431.257	346.06	
431.463	355.27	
431.67	315.95	
431.876	269.05	
432.082	242.22	
432.288	280.93	
432.494	270.69	
432.7	325.99	
432.906	322.5	
433.112	349.95	
433.318	373.7	
433.525	428.38	
433.731	411.18	
433.937	482.66	
434.143	474.67	
434.349	457.87	
434.555	463.2	
434.761	496.99	
434.967	448.25	
435.173	478.56	
435.379	495.97	
435.585	555.15	
435.791	580.14	
435.996	680.9	
436.202	730.05	
436.408	712.03	
436.614	690.73	
436.82	716.33	
437.026	655.09	
437.232	662.47	
437.438	661.65	
437.644	620.89	
437.849	621.51	
438.055	642.4	
438.261	629.9	
438.467	627.24	
438.673	665.54	
438.878	644.03	
439.084	685.2	
439.29	755.24	
439.496	823.64	
439.701	875.66	
439.907	889.38	
440.113	897.37	
440.318	884.06	
440.524	867.47	
440.73	874.84	
440.935	921.94	
441.141	904.74	
441.347	987.68	
441.552	984.2	
441.758	1025.98	
441.964	994.65	
442.169	1083.53	
442.375	1030.28	
442.58	1106.06	
442.786	1167.5	
442.991	1209.89	
443.197	1166.06	
443.402	1216.65	
443.608	1258.63	
443.813	1306.14	
444.019	1381.1	
444.224	1443.77	
444.43	1417.14	
444.635	1446.22	
444.841	1374.96	
445.046	1466.7	
445.252	1479.61	
445.457	1535.52	
445.662	1492.71	
445.868	1504.8	
446.073	1458.31	
446.278	1478.79	
446.484	1502.75	
446.689	1542.07	
446.894	1595.52	
447.1	1621.94	
447.305	1723.72	
447.51	1793.76	
447.716	1856.64	
447.921	1917.67	
448.126	1986.27	
448.331	1959.24	
448.537	2009.62	
448.742	2089.29	
448.947	2095.23	
449.152	2113.86	
449.357	2252.51	
449.563	2334.63	
449.768	2369.45	
449.973	2443.18	
450.178	2530.01	
450.383	2483.32	
450.588	2503.18	
450.793	2562.37	
450.999	2695.49	
451.204	2720.06	
451.409	2806.69	
451.614	2840.89	
451.819	2915.85	
452.024	2921.79	
452.229	3031.76	
452.434	3161.6	
452.639	3220.79	
452.844	3323.6	
453.049	3343.26	
453.254	3358.21	
453.459	3415.14	
453.664	3537.41	
453.869	3591.27	
454.074	3761.66	
454.279	3888.22	
454.483	3898.67	
454.688	3906.65	
454.893	4001.68	
455.098	4009.46	
455.303	4023.8	
455.508	4135.62	
455.713	4248.46	
455.917	4274.47	
456.122	4387.31	
456.327	4458.17	
456.532	4571.02	
456.737	4567.74	
456.941	4626.31	
457.146	4616.28	
457.351	4655.19	
457.555	4642.28	
457.76	4730.14	
457.965	4735.26	
458.17	4794.04	
458.374	4888.45	
458.579	4918.96	
458.784	4887.22	
458.988	4875.96	
459.193	4863.67	
459.397	4850.36	
459.602	4815.54	
459.807	4942.52	
460.011	4946.41	
460.216	4963.61	
460.42	4855.07	
460.625	4832.54	
460.829	4723.59	
461.034	4682.22	
461.239	4594.98	
461.443	4619.14	
461.648	4590.27	
461.852	4522.89	
462.056	4561.8	
462.261	4574.91	
462.465	4636.96	
462.67	4600.71	
462.874	4574.7	
463.079	4500.36	
463.283	4463.5	
463.487	4373.8	
463.692	4380.35	
463.896	4375.43	
464.1	4363.97	
464.305	4328.54	
464.509	4294.13	
464.713	4287.99	
464.918	4319.11	
465.122	4296.79	
465.326	4221.63	
465.531	4129.47	
465.735	4059.64	
465.939	3971.78	
466.143	3925.29	
466.348	3943.52	
466.552	3910.75	
466.756	3915.87	
466.96	3967.27	
467.164	3965.64	
467.368	3947.82	
467.573	3969.12	
467.777	3916.07	
467.981	3835.59	
468.185	3797.91	
468.389	3831.29	
468.593	3785.62	
468.797	3750.8	
469.001	3743.64	
469.205	3752.85	
469.409	3730.53	
469.613	3781.11	
469.817	3811.01	
470.021	3836	
470.225	3880.64	
470.429	3881.05	
470.633	3897.85	
470.837	3931.43	
471.041	3931.23	
471.245	3879.62	
471.449	3888.02	
471.653	3890.68	
471.857	3934.51	
472.061	3897.64	
472.265	3935.74	
472.469	3980.38	
472.673	3971.98	
472.876	3966.86	
473.08	4023.59	
473.284	4081.76	
473.488	4041	
473.692	4110.43	
473.895	4133.16	
474.099	4151.39	
474.303	4122.92	
474.507	4170.43	
474.71	4154.05	
474.914	4110.84	
475.118	4102.03	
475.322	4125.79	
475.525	4035.68	
475.729	4019.5	
475.933	3991.24	
476.136	4089.13	
476.34	4092	
476.543	4184.77	
476.747	4200.33	
476.951	4241.5	
477.154	4117.8	
477.358	4153.43	
477.561	4106.33	
477.765	4102.24	
477.969	4078.48	
478.172	4085.85	
478.376	4040.39	
478.579	4075.61	
478.783	4063.12	
478.986	4081.55	
479.19	4089.74	
479.393	4107.15	
479.596	4113.5	
479.8	4127.02	
480.003	4087.49	
480.207	4046.12	
480.41	3982.63	
480.614	3931.23	
480.817	3888.43	
481.02	3995.33	
481.224	4087.69	
481.427	4150.36	
481.63	4215.49	
481.834	4237.61	
482.037	4105.72	
482.24	4016.02	
482.443	3957.44	
482.647	3884.74	
482.85	3855.86	
483.053	3941.88	
483.256	3908.7	
483.46	3979.36	
483.663	4000.45	
483.866	4080.32	
484.069	4042.23	
484.272	4093.02	
484.476	4067.21	
484.679	4115.34	
484.882	4162.24	
485.085	4178.62	
485.288	4196.85	
485.491	4251.94	
485.694	4208.52	
485.897	4193.37	
486.101	4219.99	
486.304	4299.86	
486.507	4261.16	
486.71	4307.24	
486.913	4288.8	
487.116	4340.82	
487.319	4344.92	
487.522	4417.42	
487.725	4541.52	
487.928	4585.15	
488.13	4615.25	
488.333	4682.42	
488.536	4695.12	
488.739	4659.69	
488.942	4692.87	
489.145	4676.28	
489.348	4633.27	
489.551	4595.18	
489.754	4592.93	
489.956	4553.81	
490.159	4587.19	
490.362	4582.48	
490.565	4571.63	
490.768	4557.29	
490.97	4626.72	
491.173	4634.71	
491.376	4669.32	
491.579	4722.77	
491.781	4803.46	
491.984	4785.85	
492.187	4826.81	
492.39	4800.8	
492.592	4804.89	
492.795	4788.92	
492.998	4770.49	
493.2	4760.25	
493.403	4825.99	
493.605	4974.06	
493.808	5021.98	
494.011	5054.34	
494.213	5073.59	
494.416	5144.65	
494.618	5022.8	
494.821	4973.85	
495.023	5029.15	
495.226	5061.3	
495.428	5000.27	
495.631	5024.03	
495.833	5084.85	
496.036	5066.83	
496.238	5032.01	
496.441	5098.57	
496.643	5100.21	
496.846	5059.66	
497.048	5075.43	
497.25	5134	
497.453	5112.7	
497.655	5211.82	
497.858	5291.08	
498.06	5329.99	
498.262	5274.29	
498.465	5276.75	
498.667	5243.98	
498.869	5228.62	
499.071	5195.65	
499.274	5226.57	
499.476	5217.97	
499.678	5141.58	
499.881	5066.62	
500.083	5060.27	
500.285	5004.37	
500.487	5004.98	
500.689	5037.13	
500.892	5046.35	
501.094	4995.76	
501.296	5075.22	
501.498	5011.94	
501.7	4964.23	
501.902	4919.99	
502.104	4895.41	
502.306	4764.96	
502.509	4706.39	
502.711	4562.82	
502.913	4419.87	
503.115	4247.23	
503.317	4114.52	
503.519	3959.9	
503.721	3905.83	
503.923	3896.21	
504.125	3830.26	
504.327	3774.36	
504.529	3735.03	
504.731	3633.25	
504.933	3549.9	
505.134	3491.12	
505.336	3426.41	
505.538	3378.69	
505.74	3326.67	
505.942	3207.68	
506.144	3190.27	
506.346	3143.99	
506.548	3174.71	
506.749	3166.52	
506.951	3217.31	
507.153	3194.78	
507.355	3171.43	
507.557	3117.57	
507.758	3161.19	
507.96	3090.13	
508.162	3125.56	
508.363	3160.99	
508.565	3146.45	
508.767	3058.18	
508.969	3107.54	
509.17	3109.17	
509.372	3080.3	
509.574	3003.09	
509.775	3037.29	
509.977	3005.14	
510.178	2993.46	
510.38	3002.48	
510.582	3078.66	
510.783	3031.35	
510.985	3039.34	
511.186	3026.03	
511.388	3058.79	
511.589	3075.79	
511.791	3112.66	
511.992	3123.92	
512.194	3110.4	
512.395	2995.31	
512.597	2958.65	
512.798	2912.77	
513	2859.12	
513.201	2766.34	
513.403	2785.8	
513.604	2630.77	
513.805	2489.87	
514.007	2310.88	
514.208	2101.37	
514.409	1848.04	
514.611	1688.29	
514.812	1574.02	
515.013	1454.62	
515.215	1348.74	
515.416	1180.4	
515.617	1006.12	
515.819	810.74	
516.02	665.74	
516.221	604.51	
516.422	543.07	
516.623	502.32	
516.825	458.9	
517.026	407.9	
517.227	308.37	
517.428	248.78	
517.629	226.04	
517.83	216.01	
518.032	207.41	
518.233	219.49	
518.434	233.62	
518.635	242.84	
518.836	222.36	
519.037	174.85	
519.238	162.97	
519.439	164.81	
519.64	96	
519.841	100.09	
520.042	93.54	
520.243	57.5	
520.444	24.73	
520.645	43.37	
520.846	13.47	
521.047	36.4	
521.248	18.59	
521.449	57.09	
521.65	40.5	
521.851	125.49	
522.052	80.23	
522.252	125.49	
522.453	130.81	
522.654	114.64	
522.855	27.19	
523.056	15.72	
523.257	11.42	
523.457	-14.18	
523.658	-12.54	
523.859	-26.88	
524.06	-37.32	
524.26	-103.27	
524.461	-117.6	
524.662	-95.69	
524.862	-112.69	
525.063	-56.58	
525.264	3.84	
525.464	3.43	
525.665	35.38	
525.866	148.43	
526.066	103.17	
526.267	92.93	
526.468	88.01	
526.668	55.45	
526.869	-6.4	
527.069	8.14	
527.27	17.36	
527.47	66.92	
527.671	49.92	
527.871	22.68	
528.072	54.22	
528.272	44.39	
528.473	35.99	
528.673	113	
528.874	122.21	
529.074	127.95	
529.275	139.62	
529.475	131.22	
529.675	45	
529.876	58.73	
530.076	2.82	
530.277	-29.95	
530.477	-43.47	
530.677	-45.72	
530.878	-83.81	
531.078	21.25	
531.278	3.23	
531.478	-18.89	
531.679	-2.1	
531.879	6.71	
532.079	-55.76	
532.28	-1.69	
532.48	-22.37	
532.68	-24.22	
532.88	-4.35	
533.08	-10.29	
533.28	-43.67	
533.481	-18.28	
533.681	-11.93	
533.881	-2.92	
534.081	-18.69	
534.281	4.66	
534.481	34.56	
534.681	82.28	
534.881	109.92	
535.081	99.28	
535.281	84.73	
535.481	135.11	
535.682	101.53	
535.882	46.03	
536.082	106.44	
536.281	109.31	
536.481	73.47	
536.681	76.13	
536.881	91.08	
537.081	36.2	
537.281	32.72	
537.481	-16.84	
537.681	-44.29	
537.881	-83.2	
538.081	-15.62	
538.281	-18.07	
538.48	-44.7	
538.68	-22.37	
538.88	82.69	
539.08	51.76	
539.28	32.51	
539.479	124.26	
539.679	123.03	
539.879	46.23	
540.079	37.22	
540.278	80.23	
540.478	-2.71	
540.678	-19.71	
540.877	30.87	
541.077	-18.28	
541.277	-34.25	
541.476	68.97	
541.676	102.96	
541.876	107.88	
542.075	171.77	
542.275	142.9	
542.474	76.54	
542.674	76.54	
542.874	29.03	
543.073	-10.29	
543.273	25.34	
543.472	57.5	
543.672	40.91	
543.871	29.44	
544.071	47.67	
544.27	110.95	
544.47	73.27	
544.669	109.11	
544.868	118.53	
545.068	131.22	
545.267	52.58	
545.467	131.22	
545.666	71.01	
545.865	106.65	
546.065	68.15	
546.264	59.54	
546.463	-21.15	
546.663	16.54	
546.862	-18.07	
547.061	11.01	
547.261	30.26	
547.46	81.87	
547.659	68.97	
547.858	138.6	
548.058	132.45	
548.257	153.96	
548.456	98.25	
548.655	94.56	
548.854	55.86	
549.053	109.92	
549.253	78.39	
549.452	100.5	
549.651	143.31	
549.85	205.16	
550.049	161.74	
550.248	159.08	
550.447	161.53	
550.646	153.34	
550.845	113.2	
551.044	101.73	
551.243	90.47	
551.442	98.25	
551.641	77.98	
551.84	108.29	
552.039	128.56	
552.238	158.46	
552.437	139.21	
552.636	121.6	
552.835	60.77	
553.034	85.14	
553.233	91.7	
553.432	105.01	
553.63	106.44	
553.829	109.52	
554.028	33.33	
554.227	41.52	
554.426	35.79	
554.625	58.93	
554.823	36.2	
555.022	105.42	
555.221	125.69	
555.42	124.87	
555.618	141.05	
555.817	152.52	
556.016	102.14	
556.214	106.44	
556.413	102.55	
556.612	80.43	
556.81	89.45	
557.009	99.89	
557.208	46.64	
557.406	59.95	
557.605	37.22	
557.803	5.27	
558.002	4.45	
558.201	-38.14	
558.399	-36.51	
558.598	-83.4	
558.796	-55.76	
558.995	-55.14	
559.193	7.94	
559.392	-34.25	
559.59	42.96	
559.789	62	
559.987	130.2	
560.185	157.44	
560.384	163.17	
560.582	161.74	
560.781	183.45	
560.979	141.05	
561.177	74.49	
561.376	84.33	
561.574	111.77	
561.772	-14.59	
561.971	49.51	
562.169	72.45	
562.367	49.3	
562.566	3.84	
562.764	52.17	
562.962	-33.64	
563.16	-78.08	
563.358	-24.22	
563.557	-1.28	
563.755	23.09	
563.953	27.6	
564.151	81.66	
564.349	106.24	
564.547	109.92	
564.746	101.53	
564.944	93.75	
565.142	76.95	
565.34	26.16	
565.538	-12.75	
565.736	6.3	
565.934	-26.27	
566.132	-15.62	
566.33	0.56	
566.528	71.83	
566.726	23.09	
566.924	89.65	
567.122	55.86	
567.32	23.91	
567.518	-27.49	
567.716	-3.94	
567.914	-34.87	
568.112	-29.13	
568.31	9.98	
568.507	20.02	
568.705	-11.11	
568.903	-7.01	
569.101	38.86	
569.299	77.57	
569.497	79.82	
569.694	126.72	
569.892	119.75	
570.09	124.26	
570.288	44.59	
570.486	31.49	
570.683	60.36	
570.881	32.51	
571.079	-10.09	
571.276	0.77	
571.474	-0.05	
571.672	-58.01	
571.869	-17.87	
572.067	-12.95	
572.265	16.33	
572.462	58.93	
572.66	98.25	
572.857	111.97	
573.055	152.93	
573.253	145.76	
573.45	88.22	
573.648	102.55	
573.845	73.06	
574.043	61.39	
574.24	40.91	
574.438	8.96	
574.635	-16.23	
574.832	-44.49	
575.03	-43.67	
575.227	61.18	
575.425	80.84	
575.622	65.48	
575.82	89.45	
576.017	102.35	
576.214	18.79	
576.412	67.12	
576.609	42.14	
576.806	18.79	
577.004	-17.05	
577.201	-10.91	
577.398	13.47	
577.595	126.72	
577.793	184.68	
577.99	204.75	
578.187	162.97	
578.384	124.67	
578.582	31.08	
578.779	57.7	
578.976	62	
579.173	136.96	
579.37	126.92	
579.567	172.18	
579.764	120.57	
579.962	124.26	
580.159	103.58	
580.356	148.43	
580.553	144.13	
580.75	162.35	
580.947	146.38	
581.144	183.24	
581.341	141.67	
581.538	175.87	
581.735	144.33	
581.932	174.03	
582.129	81.05	
582.326	82.89	
582.523	8.55	
582.72	-2.92	
582.916	-58.01	
583.113	-49.61	
583.31	-68.86	
583.507	-50.23	
583.704	10.19	
583.901	81.66	
584.098	99.89	
584.294	122.21	
584.491	100.5	
584.688	62.41	
584.885	-7.63	
585.082	74.7	
585.278	128.36	
585.475	167.06	
585.672	146.79	
585.868	175.25	
586.065	86.17	
586.262	-15.41	
586.458	-18.69	
586.655	50.12	
586.852	37.63	
587.048	42.34	
587.245	50.33	
587.442	118.32	
587.638	102.14	
587.835	155.8	
588.031	174.64	
588.228	203.72	
588.424	139.01	
588.621	144.13	
588.817	77.36	
589.014	116.27	
589.21	119.96	
589.407	100.3	
589.603	47.46	
589.8	99.68	
589.996	84.73	
590.192	84.33	
590.389	103.37	
590.585	118.94	
590.782	49.51	
590.978	88.01	
591.174	74.9	
591.371	89.24	
591.567	98.05	
591.763	111.36	
591.959	66.3	
592.156	80.23	
592.352	70.81	
592.548	92.72	
592.744	107.47	
592.941	74.09	
593.137	46.23	
593.333	-3.74	
593.529	45.41	
593.725	70.81	
593.922	54.22	
594.118	124.06	
594.314	118.12	
594.51	74.29	
594.706	18.38	
594.902	90.88	
595.098	38.25	
595.294	70.81	
595.49	6.3	
595.686	72.86	
595.882	8.35	
596.078	73.47	
596.274	79.21	
596.47	143.72	
596.666	139.01	
596.862	136.34	
597.058	114.84	
597.254	144.13	
597.45	100.3	
597.646	115.45	
597.842	123.24	
598.037	170.34	
598.233	155.18	
598.429	201.67	
598.625	110.54	
598.821	94.77	
599.017	-14.39	
599.212	11.62	
599.408	11.83	
599.604	38.25	
599.8	41.11	
599.995	35.79	
600.191	1.38	
600.387	-55.96	
600.582	-45.93	
600.778	12.65	
600.974	52.38	
601.169	45	
601.365	105.42	
601.561	64.05	
601.756	2.82	
601.952	5.89	
602.147	-27.49	
602.343	-63.54	
602.538	14.28	
602.734	31.69	
602.93	39.68	
603.125	72.65	
603.321	96	
603.516	65.28	
603.711	59.75	
603.907	47.26	
604.102	56.06	
604.298	82.07	
604.493	86.99	
604.689	141.67	
604.884	134.91	
605.079	129.38	
605.275	72.65	
605.47	65.89	
605.665	31.08	
605.861	75.93	
606.056	87.4	
606.251	41.93	
606.447	56.68	
606.642	37.84	
606.837	-5.79	
607.032	34.15	
607.227	49.71	
607.423	47.05	
607.618	49.92	
607.813	39.88	
608.008	-25.65	
608.203	81.46	
608.398	124.67	
608.594	107.67	
608.789	108.08	
608.984	178.94	
609.179	139.01	
609.374	83.92	
609.569	121.39	
609.764	88.42	
609.959	38.86	
610.154	10.6	
610.349	48.69	
610.544	35.17	
610.739	89.65	
610.934	96.41	
611.129	124.67	
611.324	136.14	
611.519	175.66	
611.714	196.14	
611.909	167.88	
612.103	217.24	
612.298	188.98	
612.493	179.15	
612.688	167.27	
612.883	228.3	
613.078	117.09	
613.272	188.36	
613.467	193.07	
613.662	214.78	
613.857	227.89	
614.051	314.11	
614.246	223.59	
614.441	179.97	
614.635	93.34	
614.83	33.13	
615.025	-46.13	
615.219	-41.22	
615.414	-67.63	
615.609	-28.72	
615.803	-35.89	
615.998	62.41	
616.192	75.11	
616.387	114.64	
616.582	180.58	
616.776	230.14	
616.971	161.53	
617.165	148.43	
617.36	86.58	
617.554	56.27	
617.749	77.57	
617.943	103.58	
618.138	109.52	
618.332	161.94	
618.526	122.21	
618.721	56.27	
618.915	68.97	
619.11	74.29	
619.304	23.91	
619.498	19.81	
619.693	83.92	
619.887	33.13	
620.081	-7.01	
620.275	60.77	
620.47	97.23	
620.664	78.8	
620.858	66.51	
621.052	105.01	
621.247	121.8	
621.441	112.38	
621.635	95.18	
621.829	153.14	
622.023	147.4	
622.218	169.73	
622.412	141.46	
622.606	112.59	
622.8	101.73	
622.994	82.07	
623.188	-1.89	
623.382	22.07	
623.576	28.01	
623.77	-20.74	
623.964	30.46	
624.158	66.3	
624.352	12.65	
624.546	37.43	
624.74	82.07	
624.934	47.87	
625.128	57.7	
625.322	101.53	
625.516	100.91	
625.71	70.6	
625.904	33.33	
626.098	74.49	
626.291	107.67	
626.485	93.75	
626.679	105.01	
626.873	224.61	
627.067	161.53	
627.26	153.14	
627.454	178.53	
627.648	201.26	
627.842	115.86	
628.035	125.49	
628.229	115.86	
628.423	52.58	
628.617	24.93	
628.81	21.45	
629.004	12.03	
629.198	14.49	
629.391	24.73	
629.585	91.08	
629.778	78.18	
629.972	109.31	
630.166	105.42	
630.359	101.32	
630.553	41.11	
630.746	82.07	
630.94	95.38	
631.133	27.19	
631.327	50.12	
631.52	46.85	
631.714	2.2	
631.907	-28.11	
632.1	67.94	
632.294	111.15	
632.487	128.15	
632.681	178.33	
632.874	184.27	
633.067	183.65	
633.261	136.96	
633.454	126.1	
633.647	111.77	
633.841	71.42	
634.034	71.22	
634.227	66.92	
634.421	57.29	
634.614	21.66	
634.807	51.97	
635	-23.19	
635.193	22.68	
635.387	2.41	
635.58	8.76	
635.773	20.84	
635.966	75.52	
636.159	51.97	
636.352	24.52	
636.545	0.15	
636.739	-48.38	
636.932	-66	
637.125	-101.63	
637.318	-86.48	
637.511	-0.87	
637.704	-0.26	
637.897	25.96	
638.09	29.23	
638.283	85.14	
638.476	75.72	
638.669	115.86	
638.862	111.56	
639.055	108.49	
639.247	95.38	
639.44	33.33	
639.633	46.44	
639.826	4.66	
640.019	33.13	
640.212	29.64	
640.405	64.26	
640.597	29.44	
640.79	78.18	
640.983	72.86	
641.176	38.66	
641.368	69.99	
641.561	107.67	
641.754	51.15	
641.947	98.66	
642.139	153.34	
642.332	90.06	
642.525	88.63	
642.717	116.48	
642.91	30.46	
643.103	-5.58	
643.295	-2.1	
643.488	-33.64	
643.68	-61.08	
643.873	-20.12	
644.065	-2.3	
644.258	16.33	
644.45	2.41	
644.643	11.01	
644.835	3.64	
645.028	-39.99	
645.22	-68.04	
645.413	-75.42	
645.605	-76.85	
645.798	-93.85	
645.99	-17.66	
646.182	-2.71	
646.375	35.58	
646.567	50.33	
646.76	38.25	
646.952	-12.54	
647.144	-7.22	
647.337	-28.11	
647.529	-21.15	
647.721	33.13	
647.913	56.06	
648.106	47.05	
648.298	23.91	
648.49	17.77	
648.682	-51.66	
648.874	-55.96	
649.067	-53.5	
649.259	-44.49	
649.451	-66.61	
649.643	-23.6	
649.835	21.45	
650.027	61.18	
650.219	78.18	
650.411	111.36	
650.603	102.35	
650.796	102.35	
650.988	90.67	
651.18	144.54	
651.372	182.83	
651.564	176.48	
651.756	99.07	
651.948	102.14	
652.139	41.11	
652.331	-12.54	
652.523	30.05	
652.715	66.92	
652.907	66.92	
653.099	92.31	
653.291	109.92	
653.483	67.53	
653.674	103.37	
653.866	108.7	
654.058	101.12	
654.25	122.83	
654.442	148.43	
654.633	82.89	
654.825	97.23	
655.017	150.06	
655.209	157.85	
655.4	234.03	
655.592	297.93	
655.784	416.92	
655.975	486.55	
656.167	597.34	
656.359	662.67	
656.55	791.69	
656.742	792.1	
656.933	900.85	
657.125	906.79	
657.316	883.85	
657.508	798.04	
657.7	772.85	
657.891	611.06	
658.083	568.26	
658.274	531.81	
658.466	503.34	
658.657	451.32	
658.848	363.46	
659.04	314.72	
659.231	236.9	
659.423	208.84	
659.614	147.61	
659.805	256.35	
659.997	294.24	
660.188	312.88	
660.379	310.63	
660.571	289.53	
660.762	204.13	
660.953	104.4	
661.145	88.83	
661.336	30.87	
661.527	218.26	
661.718	247.96	
661.909	244.27	
662.101	250.82	
662.292	294.86	
662.483	91.49	
662.674	54.22	
662.865	68.15	
663.056	33.33	
663.247	-16.23	
663.439	33.74	
663.63	44.39	
663.821	16.95	
664.012	51.56	
664.203	113.2	
664.394	119.55	
664.585	143.51	
664.776	125.9	
664.967	128.56	
665.158	111.36	
665.349	169.32	
665.54	127.13	
665.73	198.19	
665.921	122.83	
666.112	112.18	
666.303	32.51	
666.494	131.43	
666.685	100.09	
666.876	180.78	
667.066	188.77	
667.257	199.63	
667.448	80.64	
667.639	67.53	
667.83	27.19	
668.02	5.07	
668.211	-53.5	
668.402	14.28	
668.592	-29.34	
668.783	-34.25	
668.974	-5.58	
669.164	61.39	
669.355	33.54	
669.546	110.95	
669.736	124.47	
669.927	96.61	
670.117	28.01	
670.308	42.96	
670.499	-15.41	
670.689	-11.11	
670.88	-29.75	
671.07	26.57	
671.261	9.37	
671.451	92.31	
671.641	40.91	
671.832	93.54	
672.022	116.48	
672.213	130.81	
672.403	118.53	
672.594	244.68	
672.784	291.58	
672.974	300.18	
673.165	269.67	
673.355	265.98	
673.545	278.68	
673.736	288.51	
673.926	201.47	
674.116	264.14	
674.306	198.81	
674.497	111.36	
674.687	32.51	
674.877	49.92	
675.067	9.16	
675.257	62.62	
675.448	47.46	
675.638	79.61	
675.828	60.36	
676.018	107.26	
676.208	75.31	
676.398	126.92	
676.588	100.5	
676.778	129.18	
676.968	86.17	
677.158	132.86	
677.348	67.74	
677.538	57.09	
677.728	89.65	
677.918	93.54	
678.108	72.86	
678.298	112.38	
678.488	122.83	
678.678	148.63	
678.868	165.22	
679.058	160.71	
679.248	167.47	
679.438	170.75	
679.627	164.2	
679.817	149.04	
680.007	155.59	
680.197	174.44	
680.387	186.52	
680.576	213.35	
680.766	216.83	
680.956	212.53	
681.146	257.58	
681.335	274.38	
681.525	209.25	
681.715	251.64	
681.904	318.61	
682.094	301	
682.284	319.84	
682.473	394.39	
682.663	446	
682.852	448.66	
683.042	497.2	
683.231	525.46	
683.421	535.49	
683.61	532.83	
683.8	533.44	
683.989	525.66	
684.179	598.57	
684.368	603.08	
684.558	632.98	
684.747	694.62	
684.937	715.92	
685.126	758.52	
685.316	815.65	
685.505	842.48	
685.694	939.35	
685.884	1091.72	
686.073	1096.43	
686.262	1174.46	
686.452	1272.15	
686.641	1328.67	
686.83	1335.43	
687.019	1420.42	
687.209	1493.94	
687.398	1581.8	
687.587	1584.46	
687.776	1607.4	
687.965	1601.05	
688.155	1606.58	
688.344	1544.94	
688.533	1579.34	
688.722	1574.43	
688.911	1705.29	
689.1	1766.73	
689.289	1848.24	
689.478	1828.58	
689.667	1835.75	
689.856	1639.35	
690.045	1544.32	
690.234	1422.67	
690.423	1444.18	
690.612	1361.85	
690.801	1445.41	
690.99	1401.78	
691.179	1419.6	
691.368	1324.78	
691.557	1399.12	
691.746	1309.83	
691.935	1292.22	
692.124	1227.3	
692.312	1235.49	
692.501	1129.81	
692.69	1142.31	
692.879	1130.02	
693.068	1122.65	
693.256	1070.42	
693.445	1151.52	
693.634	1118.34	
693.823	1089.47	
694.011	1087.83	
694.2	1103.19	
694.389	1006.53	
694.577	1010.62	
694.766	1027.01	
694.955	1015.74	
695.143	987.48	
695.332	1010.42	
695.52	985.64	
695.709	1002.43	
695.897	999.56	
696.086	970.89	
696.275	925.84	
696.463	932.18	
696.652	880.78	
696.84	887.95	
697.028	913.75	
697.217	939.15	
697.405	964.95	
697.594	1014.51	
697.782	1005.5	
697.971	1003.66	
698.159	1000.59	
698.347	997.51	
698.536	997.31	
698.724	1024.14	
698.912	990.55	
699.1	989.12	
699.289	1015.74	
699.477	999.15	
699.665	964.54	
699.854	966.39	
700.042	963.72	
700.23	941.4	
700.418	929.93	
700.606	936.48	
700.794	979.29	
700.983	1009.8	
701.171	1004.89	
701.359	999.56	
701.547	1053.63	
701.735	1076.57	
701.923	1045.64	
702.111	1033.56	
702.299	1043.39	
702.487	1037.65	
702.675	999.36	
702.863	1010.21	
703.051	1030.28	
703.239	1107.29	
703.427	1083.32	
703.615	1124.08	
703.803	1150.29	
703.991	1222.59	
704.179	1250.44	
704.367	1352.63	
704.554	1443.36	
704.742	1499.06	
704.93	1572.17	
705.118	1628.08	
705.306	1594.29	
705.493	1571.36	
705.681	1572.99	
705.869	1565.01	
706.057	1486.98	
706.244	1488.62	
706.432	1485.95	
706.62	1484.32	
706.807	1367.99	
706.995	1415.71	
707.183	1345.67	
707.37	1340.14	
707.558	1330.1	
707.746	1385.19	
707.933	1345.46	
708.121	1409.98	
708.308	1345.46	
708.496	1296.11	
708.683	1225.25	
708.871	1238.36	
709.058	1128.17	
709.246	1116.5	
709.433	1066.53	
709.621	1049.94	
709.808	946.72	
709.995	1019.22	
710.183	1001.61	
710.37	1011.03	
710.558	991.78	
710.745	997.72	
710.932	938.94	
711.12	938.33	
711.307	922.15	
711.494	947.34	
711.681	952.87	
711.869	928.5	
712.056	933.21	
712.243	953.89	
712.43	861.12	
712.618	872.38	
712.805	848.22	
712.992	829.99	
713.179	790.46	
713.366	847.81	
713.553	867.26	
713.74	892.66	
713.928	828.56	
714.115	870.75	
714.302	829.17	
714.489	815.65	
714.676	776.13	
714.863	861.94	
715.05	851.9	
715.237	851.49	
715.424	794.77	
715.611	888.97	
715.798	877.5	
715.984	851.7	
716.171	898.6	
716.358	923.58	
716.545	889.38	
716.732	896.34	
716.919	885.08	
717.106	843.1	
717.293	844.33	
717.479	868.29	
717.666	792.72	
717.853	828.76	
718.04	871.97	
718.226	892.04	
718.413	815.45	
718.6	877.5	
718.786	861.12	
718.973	902.49	
719.16	838.59	
719.346	900.65	
719.533	892.45	
719.72	943.04	
719.906	868.7	
720.093	934.64	
720.279	876.89	
720.466	894.09	
720.652	886.1	
720.839	951.03	
721.025	960.86	
721.212	1010.01	
721.398	994.03	
721.585	1018.61	
721.771	985.64	
721.958	951.44	
722.144	979.29	
722.331	921.33	
722.517	866.24	
722.703	874.64	
722.89	839.21	
723.076	818.11	
723.262	909.25	
723.449	886.51	
723.635	821.59	
723.821	834.7	
724.007	790.46	
724.194	739.47	
724.38	746.84	
724.566	789.24	
724.752	832.86	
724.938	888.77	
725.125	945.09	
725.311	991.58	
725.497	963.52	
725.683	910.89	
725.869	836.13	
726.055	778.18	
726.241	699.33	
726.427	702.4	
726.613	684.99	
726.799	751.55	
726.985	685.81	
727.171	739.68	
727.357	763.43	
727.543	825.28	
727.729	757.29	
727.915	810.13	
728.101	760.15	
728.287	704.86	
728.473	638.1	
728.659	632.77	
728.845	580.34	
729.03	558.43	
729.216	571.54	
729.402	536.52	
729.588	511.53	
729.774	521.98	
729.959	522.39	
730.145	556.79	
730.331	576.04	
730.517	571.74	
730.702	584.03	
730.888	595.7	
731.074	494.53	
731.259	511.33	
731.445	548.6	
731.63	531.81	
731.816	488.39	
732.002	601.44	
732.187	618.44	
732.373	574.4	
732.558	599.39	
732.744	668	
732.929	613.32	
733.115	517.47	
733.3	453.98	
733.486	406.47	
733.671	309.6	
733.857	262.5	
734.042	308.58	
734.227	348.92	
734.413	410.77	
734.598	484.91	
734.784	476.51	
734.969	448.04	
735.154	482.66	
735.339	436.37	
735.525	450.3	
735.71	507.85	
735.895	463.61	
736.081	439.44	
736.266	450.09	
736.451	404.42	
736.636	424.49	
736.821	458.49	
737.007	435.76	
737.192	429.82	
737.377	383.33	
737.562	290.15	
737.747	313.08	
737.932	336.63	
738.117	288.1	
738.302	357.32	
738.487	377.18	
738.672	329.67	
738.857	351.38	
739.042	402.58	
739.227	410.57	
739.412	386.61	
739.597	392.75	
739.782	395.41	
739.967	317.79	
740.152	303.05	
740.337	337.86	
740.522	375.14	
740.706	352.61	
740.891	424.49	
741.076	404.42	
741.261	402.99	
741.446	387.83	
741.63	367.15	
741.815	333.97	
742	266.59	
742.185	231.98	
742.369	205.97	
742.554	176.07	
742.739	153.34	
742.923	183.65	
743.108	223.59	
743.293	248.57	
743.477	240.79	
743.662	275.61	
743.846	257.17	
744.031	229.53	
744.216	205.36	
744.4	263.93	
744.585	237.51	
744.769	277.86	
744.954	274.58	
745.138	259.22	
745.322	235.67	
745.507	187.13	
745.691	150.68	
745.876	126.92	
746.06	161.94	
746.244	180.58	
746.429	231.37	
746.613	218.26	
746.798	236.28	
746.982	195.53	
747.166	202.49	
747.35	160.51	
747.535	164.81	
747.719	163.38	
747.903	213.76	
748.087	150.68	
748.272	168.5	
748.456	199.63	
748.64	180.99	
748.824	153.34	
749.008	173	
749.192	155.18	
749.376	122.21	
749.56	110.13	
749.745	76.34	
749.929	111.15	
750.113	145.15	
750.297	103.37	
750.481	143.72	
750.665	188.16	
750.849	139.83	
751.033	138.19	
751.217	131.84	
751.4	122.42	
751.584	101.32	
751.768	120.78	
751.952	99.89	
752.136	142.08	
752.32	94.56	
752.504	113.2	
752.688	124.06	
752.871	110.74	
753.055	103.99	
753.239	128.97	
753.423	132.66	
753.606	99.89	
753.79	156.62	
753.974	175.05	
754.157	190.61	
754.341	145.35	
754.525	147.2	
754.708	129.99	
754.892	119.35	
755.076	148.22	
755.259	187.54	
755.443	169.93	
755.626	171.57	
755.81	188.98	
755.993	166.45	
756.177	134.91	
756.36	183.45	
756.544	145.76	
756.727	132.86	
756.911	167.06	
757.094	202.9	
757.278	179.76	
757.461	186.11	
757.644	180.78	
757.828	124.47	
758.011	139.42	
758.195	158.67	
758.378	144.74	
758.561	129.18	
758.744	126.51	
758.928	155.18	
759.111	139.21	
759.294	193.69	
759.477	232.19	
759.661	246.93	
759.844	214.78	
760.027	197.37	
760.21	164.2	
760.393	173.62	
760.576	187.54	
760.76	157.03	
760.943	148.02	
761.126	213.96	
761.309	259.63	
761.492	234.85	
761.675	228.3	
761.858	266.39	
762.041	194.71	
762.224	87.81	
762.407	100.71	
762.59	129.38	
762.773	59.14	
762.956	58.52	
763.139	98.25	
763.321	135.73	
763.504	74.7	
763.687	153.75	
763.87	176.89	
764.053	175.66	
764.236	175.87	
764.418	240.99	
764.601	203.72	
764.784	218.26	
764.967	260.45	
765.149	244.89	
765.332	229.73	
765.515	263.73	
765.697	220.11	
765.88	191.23	
766.063	178.12	
766.245	171.16	
766.428	124.67	
766.611	138.8	
766.793	133.68	
766.976	169.93	
767.158	127.95	
767.341	193.69	
767.523	203.31	
767.706	220.72	
767.888	167.06	
768.071	285.64	
768.253	217.24	
768.436	225.43	
768.618	230.55	
768.8	324.96	
768.983	296.29	
769.165	323.94	
769.348	266.39	
769.53	223.79	
769.712	123.44	
769.895	68.76	
770.077	88.42	
770.259	116.27	
770.441	114.64	
770.624	183.45	
770.806	225.23	
770.988	197.37	
771.17	193.69	
771.352	258.81	
771.535	268.44	
771.717	247.96	
771.899	239.36	
772.081	316.36	
772.263	247.34	
772.445	181.6	
772.627	130.61	
772.809	136.34	
772.991	94.56	
773.173	148.84	
773.355	159.08	
773.537	186.31	
773.719	164.4	
773.901	201.47	
774.083	133.89	
774.265	92.72	
774.447	64.05	
774.629	97.23	
774.811	80.23	
774.992	122.83	
775.174	116.07	
775.356	168.09	
775.538	131.84	
775.72	78.39	
775.901	75.52	
776.083	98.87	
776.265	65.28	
776.447	124.06	
776.628	173.82	
776.81	158.87	
776.992	219.29	
777.173	241.81	
777.355	204.54	
777.537	217.65	
777.718	220.31	
777.9	198.81	
778.081	193.28	
778.263	227.89	
778.444	178.94	
778.626	159.08	
778.807	107.67	
778.989	80.64	
779.17	3.43	
779.352	-66.61	
779.533	-87.29	
779.715	-38.14	
779.896	-87.29	
780.078	-1.08	
780.259	84.53	
780.44	108.9	
780.622	66.71	
780.803	205.36	
780.984	169.32	
781.166	114.43	
781.347	117.91	
781.528	142.08	
781.709	64.66	
781.891	95.79	
782.072	126.92	
782.253	146.99	
782.434	124.87	
782.615	122.62	
782.796	98.87	
782.978	148.02	
783.159	150.88	
783.34	210.68	
783.521	212.32	
783.702	220.72	
783.883	199.63	
784.064	218.47	
784.245	141.67	
784.426	179.97	
784.607	147.61	
784.788	164.4	
784.969	105.01	
785.15	145.56	
785.331	41.93	
785.512	81.66	
785.692	37.63	
785.873	63.64	
786.054	16.54	
786.235	69.17	
786.416	86.58	
786.597	100.91	
786.777	72.86	
786.958	113.82	
787.139	127.13	
787.32	103.99	
787.5	120.37	
787.681	110.74	
787.862	119.14	
788.042	124.06	
788.223	102.35	
788.404	35.58	
788.584	84.73	
788.765	97.84	
788.946	85.96	
789.126	83.3	
789.307	150.88	
789.487	161.94	
789.668	107.47	
789.848	92.31	
790.029	49.3	
790.209	4.66	
790.39	-51.66	
790.57	-61.49	
790.75	7.12	
790.931	40.5	
791.111	21.45	
791.292	68.15	
791.472	97.02	
791.652	67.33	
791.833	69.37	
792.013	89.24	
792.193	35.99	
792.373	69.37	
792.554	62	
792.734	74.29	
792.914	60.98	
793.094	109.72	
793.275	116.89	
793.455	88.83	
793.635	113.82	
793.815	145.97	
793.995	121.19	
794.175	96.82	
794.355	171.77	
794.535	183.86	
794.715	160.92	
794.896	167.47	
795.076	134.3	
795.256	139.42	
795.436	86.99	
795.616	129.79	
795.795	163.38	
795.975	182.22	
796.155	155.8	
796.335	173.62	
796.515	180.58	
796.695	202.49	
796.875	252.26	
797.055	228.5	
797.234	245.09	
797.414	243.04	
797.594	171.77	
797.774	115.45	
797.954	71.42	
798.133	56.68	
798.313	-3.74	
798.493	36.4	
798.672	5.27	
798.852	39.68	
799.032	-9.47	
799.211	-0.67	
799.391	-20.74	
799.571	-10.7	
799.75	-34.66	
799.93	65.89	
800.109	83.51	
800.289	73.68	
800.468	71.01	
800.648	83.92	
800.827	35.99	
801.007	32.72	
801.186	-2.71	
801.366	29.23	
801.545	49.92	
801.725	113	
801.904	60.57	
802.083	110.74	
802.263	98.66	
802.442	133.48	
802.621	47.87	
802.801	160.1	
802.98	193.89	
803.159	169.93	
803.338	108.9	
803.518	170.14	
803.697	95.79	
803.876	98.46	
804.055	123.65	
804.235	169.52	
804.414	91.7	
804.593	121.8	
804.772	61.59	
804.951	68.97	
805.13	-5.79	
805.309	53.61	
805.488	51.15	
805.667	85.96	
805.846	113	
806.025	167.47	
806.204	186.93	
806.383	146.17	
806.562	130.81	
806.741	94.97	
806.92	99.28	
807.099	55.65	
807.278	31.49	
807.457	13.06	
807.636	47.46	
807.814	51.97	
807.993	41.32	
808.172	83.92	
808.351	105.62	
808.53	104.6	
808.708	76.54	
808.887	80.64	
809.066	140.64	
809.244	118.94	
809.423	78.59	
809.602	84.53	
809.78	119.96	
809.959	60.98	
810.138	109.11	
810.316	137.57	
810.495	162.76	
810.673	89.65	
810.852	98.66	
811.03	98.46	
811.209	105.83	
811.388	93.13	
811.566	133.68	
811.744	144.13	
811.923	112.18	
812.101	96.61	
812.28	172.18	
812.458	195.53	
812.637	158.26	
812.815	186.11	
812.993	233.01	
813.172	205.77	
813.35	135.52	
813.528	172.8	
813.706	142.9	
813.885	102.76	
814.063	29.64	
814.241	124.67	
814.419	151.7	
814.598	204.95	
814.776	210.48	
814.954	188.16	
815.132	158.05	
815.31	142.69	
815.488	47.87	
815.666	8.14	
815.844	15.92	
816.022	-2.51	
816.201	-48.18	
816.379	26.98	
816.557	62	
816.735	95.59	
816.913	74.7	
817.09	125.9	
817.268	69.78	
817.446	35.38	
817.624	15.92	
817.802	102.35	
817.98	59.14	
818.158	58.93	
818.336	22.89	
818.514	39.27	
818.691	0.97	
818.869	61.18	
819.047	119.55	
819.225	164.81	
819.402	125.49	
819.58	180.78	
819.758	163.79	
819.935	117.91	
820.113	109.92	
820.291	127.33	
820.468	30.26	
820.646	44.18	
820.824	85.76	
821.001	178.74	
821.179	227.27	
821.356	256.97	
821.534	207.61	
821.711	164.4	
821.889	151.91	
822.066	126.72	
822.244	104.4	
822.421	139.42	
822.599	161.74	
822.776	78.18	
822.953	27.8	
823.131	6.91	
823.308	-27.9	
823.486	-16.23	
823.663	-18.07	
823.84	32.31	
824.017	1.59	
824.195	-2.1	
824.372	-4.97	
824.549	16.54	
824.726	15.72	
824.904	38.86	
825.081	62.41	
825.258	18.79	
825.435	3.64	
825.612	21.45	
825.789	-5.38	
825.967	17.56	
826.144	68.56	
826.321	112.38	
826.498	101.32	
826.675	148.22	
826.852	65.28	
827.029	60.16	
827.206	52.58	
827.383	-7.63	
827.56	39.27	
827.737	85.76	
827.914	92.31	
828.09	71.83	
828.267	105.21	
828.444	79.82	
828.621	55.65	
828.798	99.48	
828.975	57.7	
829.151	44.39	
829.328	33.74	
829.505	123.24	
829.682	35.58	
829.858	46.23	
830.035	111.15	
830.212	103.99	
830.389	32.92	
830.565	26.57	
830.742	113.41	
830.918	91.08	
831.095	71.63	
831.272	81.46	
831.448	86.17	
831.625	82.28	
831.801	78.18	
831.978	107.67	
832.154	66.92	
832.331	110.95	
832.507	55.24	
832.684	91.7	
832.86	123.24	
833.037	263.93	
833.213	223.38	
833.389	246.52	
833.566	148.84	
833.742	68.35	
833.918	-43.88	
834.095	-87.29	
834.271	-141.98	
834.447	-56.37	
834.624	-14.59	
834.8	-12.75	
834.976	59.54	
835.152	92.93	
835.328	73.88	
835.505	101.53	
835.681	115.04	
835.857	33.54	
836.033	57.5	
836.209	128.56	
836.385	110.13	
836.561	108.9	
836.737	186.93	
836.913	127.33	
837.089	60.16	
837.265	79.41	
837.441	124.47	
837.617	120.98	
837.793	144.94	
837.969	150.27	
838.145	128.36	
838.321	83.51	
838.497	64.87	
838.673	108.29	
838.849	54.02	
839.025	104.8	
839.2	130.2	
839.376	169.73	
839.552	135.32	
839.728	181.81	
839.903	105.01	
840.079	120.98	
840.255	75.93	
840.431	154.16	
840.606	97.84	
840.782	187.95	
840.958	90.88	
841.133	102.35	
841.309	44.59	
841.484	104.8	
841.66	16.74	
841.835	41.93	
842.011	8.35	
842.186	40.09	
842.362	-6.4	
842.537	42.34	
842.713	42.34	
842.888	60.77	
843.064	-8.04	
843.239	5.07	
843.415	-11.52	
843.59	48.08	
843.765	68.76	
843.941	109.31	
844.116	180.58	
844.291	146.99	
844.467	112.59	
844.642	130.61	
844.817	147.2	
844.992	79.41	
845.168	86.58	
845.343	122.83	
845.518	103.58	
845.693	106.44	
845.868	117.71	
846.043	97.84	
846.219	48.9	
846.394	90.26	
846.569	44.8	
846.744	15.31	
846.919	29.85	
847.094	126.1	
847.269	90.67	
847.444	101.53	
847.619	128.36	
847.794	223.18	
847.969	181.81	
848.144	202.7	
848.319	194.71	
848.494	204.54	
848.668	173	
848.843	180.78	
849.018	137.16	
849.193	137.98	
849.368	148.84	
849.542	161.94	
849.717	127.74	
849.892	148.02	
850.067	177.92	
850.241	194.3	
850.416	152.52	
850.591	178.74	
850.765	139.62	
850.94	177.3	
851.115	112.59	
851.289	126.92	
851.464	71.01	
851.639	102.76	
851.813	36.2	
851.988	106.85	
852.162	59.34	
852.337	83.3	
852.511	108.08	
852.686	176.69	
852.86	143.72	
853.035	180.58	
853.209	160.51	
853.383	172.59	
853.558	65.28	
853.732	88.01	
853.906	42.14	
854.081	90.06	
854.255	44.18	
854.429	97.64	
854.604	74.9	
854.778	147.2	
854.952	133.68	
855.126	178.33	
855.301	170.95	
855.475	144.94	
855.649	111.97	
855.823	81.46	
855.997	43.98	
856.171	58.11	
856.345	54.22	
856.52	63.44	
856.694	98.46	
856.868	149.66	
857.042	133.89	
857.216	205.36	
857.39	182.63	
857.564	148.02	
857.738	91.08	
857.912	86.99	
858.085	52.38	
858.259	82.48	
858.433	99.89	
858.607	91.49	
858.781	110.95	
858.955	62	
859.129	32.31	
859.302	41.93	
859.476	8.55	
859.65	72.65	
859.824	73.27	
859.997	94.97	
860.171	117.09	
860.345	186.31	
860.519	143.92	
860.692	152.32	
860.866	179.56	
861.039	187.75	
861.213	188.16	
861.387	147.2	
861.56	154.78	
861.734	154.57	
861.907	107.88	
862.081	89.45	
862.254	127.13	
862.428	162.56	
862.601	114.64	
862.775	140.64	
862.948	231.57	
863.122	223.38	
863.295	176.89	
863.468	175.66	
863.642	115.25	
863.815	27.8	
863.988	12.03	
864.162	43.37	
864.335	14.08	
864.508	61.18	
864.682	94.77	
864.855	89.45	
865.028	62.82	
865.201	122.42	
865.374	84.94	
865.548	120.78	
865.721	138.39	
865.894	213.35	
866.067	187.54	
866.24	234.85	
866.413	203.72	
866.586	189.8	
866.759	81.05	
866.932	66.3	
867.105	41.93	
867.278	-40.19	
867.451	-59.85	
867.624	23.91	
867.797	63.85	
867.97	49.71	
868.143	87.81	
868.316	117.91	
868.489	41.93	
868.661	26.98	
868.834	39.68	
869.007	81.87	
869.18	66.1	
869.353	115.25	
869.525	161.53	
869.698	151.5	
869.871	120.37	
870.044	132.25	
870.216	140.44	
870.389	66.92	
870.562	81.66	
870.734	121.6	
870.907	101.12	
871.079	108.9	
871.252	102.14	
871.425	154.37	
871.597	85.35	
871.77	187.95	
871.942	149.66	
872.115	155.59	
872.287	127.33	
872.459	151.5	
872.632	85.76	
872.804	105.83	
872.977	79.41	
873.149	65.89	
873.321	44.59	
873.494	33.74	
873.666	74.49	
873.838	90.47	
874.011	59.54	
874.183	98.05	
874.355	78.59	
874.528	48.69	
874.7	72.86	
874.872	167.88	
875.044	196.35	
875.216	216.62	
875.388	268.03	
875.561	275.2	
875.733	169.93	
875.905	129.38	
876.077	61.18	
876.249	93.54	
876.421	71.83	
876.593	48.9	
876.765	75.93	
876.937	147.81	
877.109	38.45	
877.281	65.89	
877.453	97.84	
877.625	64.46	
877.797	13.87	
877.968	15.51	
878.14	-16.43	
878.312	44.39	
878.484	7.94	
878.656	46.44	
878.828	45.41	
878.999	122.62	
879.171	52.58	
879.343	51.97	
879.515	43.98	
879.686	20.22	
879.858	-39.78	
880.03	2.82	
880.201	35.99	
880.373	12.85	
880.545	43.57	
880.716	101.53	
880.888	166.04	
881.059	182.63	
881.231	210.89	
881.402	259.43	
881.574	223.18	
881.745	163.17	
881.917	190.61	
882.088	195.73	
882.26	125.9	
882.431	158.87	
882.602	87.19	
882.774	52.58	
882.945	0.36	
883.116	-19.51	
883.288	-74.6	
883.459	-31.79	
883.63	-27.9	
883.802	7.53	
883.973	67.33	
884.144	110.33	
884.315	118.73	
884.487	161.74	
884.658	212.94	
884.829	231.78	
885	188.98	
885.171	222.36	
885.342	132.25	
885.513	79.41	
885.684	57.09	
885.855	90.26	
886.026	51.76	
886.197	113	
886.368	84.53	
886.539	99.48	
886.71	54.83	
886.881	72.24	
887.052	92.31	
887.223	137.98	
887.394	87.4	
887.565	162.15	
887.736	111.36	
887.907	125.49	
888.077	98.46	
888.248	109.72	
888.419	34.15	
888.59	47.87	
888.761	52.58	
888.931	69.17	
889.102	119.96	
889.273	107.88	
889.443	108.29	
889.614	37.63	
889.785	39.07	
889.955	14.49	
890.126	12.85	
890.296	74.29	
890.467	109.31	
890.637	186.52	
890.808	205.56	
890.978	254.92	
891.149	226.86	
891.319	289.12	
891.49	247.14	
891.66	253.69	
891.831	226.25	
892.001	244.89	
892.172	128.36	
892.342	100.09	
892.512	58.11	
892.683	116.68	
892.853	81.25	
893.023	138.6	
893.193	111.15	
893.364	129.18	
893.534	103.99	
893.704	158.67	
893.874	165.02	
894.044	205.97	
894.215	182.01	
894.385	195.33	
894.555	143.51	
894.725	179.97	
894.895	114.23	
895.065	140.03	
895.235	114.23	
895.405	193.69	
895.575	125.28	
895.745	188.67	
895.915	211.71	
