177.618	-777.03	
177.836	-767.82	
178.054	-757.78	
178.271	-588.01	
178.489	-363.14	
178.706	-223.06	
178.924	-78.27	
179.142	66.93	
179.359	67.34	
179.577	-45.91	
179.794	-27.07	
180.012	-43.45	
180.229	-89.94	
180.447	-78.06	
180.664	-37.92	
180.882	-55.74	
181.1	0.17	
181.317	6.11	
181.535	-16.21	
181.752	-35.05	
181.969	3.04	
182.187	9.8	
182.404	37.65	
182.622	28.02	
182.839	81.07	
183.057	84.96	
183.274	59.56	
183.492	87.62	
183.709	139.84	
183.926	82.29	
184.144	59.36	
184.361	75.74	
184.579	70.83	
184.796	14.71	
185.013	76.76	
185.231	55.88	
185.448	76.56	
185.666	78.81	
185.883	62.84	
186.1	41.74	
186.317	74.1	
186.535	-7.61	
186.752	-13.96	
186.969	42.36	
187.187	118.75	
187.404	32.12	
187.621	146.6	
187.839	168.72	
188.056	130.42	
188.273	34.58	
188.49	152.33	
188.708	91.1	
188.925	130.01	
189.142	128.37	
189.359	130.63	
189.576	63.04	
189.794	59.36	
190.011	14.3	
190.228	31.3	
190.445	36.62	
190.662	118.13	
190.879	108.1	
191.097	95.81	
191.314	113.83	
191.531	121.82	
191.748	12.46	
191.965	48.09	
192.182	35.81	
192.399	24.13	
192.616	70.62	
192.834	137.18	
193.051	94.38	
193.268	110.97	
193.485	113.83	
193.702	60.18	
193.919	33.35	
194.136	49.32	
194.353	30.07	
194.57	40.72	
194.787	39.49	
195.004	122.84	
195.221	100.93	
195.438	133.29	
195.655	99.5	
195.872	184.28	
196.089	73.69	
196.306	102.77	
196.523	94.38	
196.74	143.32	
196.957	11.64	
197.173	51.17	
197.39	27.41	
197.607	57.51	
197.824	18.81	
198.041	94.38	
198.258	90.9	
198.475	156.43	
198.692	94.99	
198.909	49.94	
199.125	-20.72	
199.342	17.99	
199.559	-14.98	
199.776	23.72	
199.993	114.65	
200.21	156.84	
200.426	87.62	
200.643	82.7	
200.86	87.41	
201.077	93.76	
201.293	87.62	
201.51	95.81	
201.727	-8.84	
201.944	-75.6	
202.16	-101.41	
202.377	-114.72	
202.594	-116.56	
202.811	-53.28	
203.027	-19.9	
203.244	-53.9	
203.461	-5.36	
203.677	72.87	
203.894	107.07	
204.111	115.47	
204.327	143.73	
204.544	107.48	
204.761	78.4	
204.977	49.32	
205.194	2.63	
205.41	39.9	
205.627	15.33	
205.844	9.18	
206.06	4.06	
206.277	65.09	
206.493	25.16	
206.71	74.51	
206.926	58.54	
207.143	123.87	
207.36	48.5	
207.576	94.58	
207.793	89.87	
208.009	121.62	
208.226	82.5	
208.442	106.46	
208.659	76.36	
208.875	56.69	
209.092	-9.25	
209.308	-19.29	
209.524	-3.52	
209.741	52.8	
209.957	104.41	
210.174	134.11	
210.39	122.84	
210.607	108.3	
210.823	-9.05	
211.039	-72.12	
211.256	0.17	
211.472	-48.98	
211.688	20.04	
211.905	85.78	
212.121	84.96	
212.338	21.47	
212.554	84.55	
212.77	35.19	
212.987	27.41	
213.203	79.22	
213.419	108.3	
213.635	81.68	
213.852	59.56	
214.068	33.96	
214.284	-10.48	
214.501	8.57	
214.717	20.45	
214.933	72.05	
215.149	25.16	
215.365	10.41	
215.582	-69.67	
215.798	-40.99	
216.014	-62.5	
216.23	-11.3	
216.447	12.87	
216.663	11.23	
216.879	-45.29	
217.095	-16.42	
217.311	2.22	
217.527	4.06	
217.743	41.74	
217.96	47.07	
218.176	26.18	
218.392	5.5	
218.608	41.54	
218.824	19.42	
219.04	42.36	
219.256	71.85	
219.472	61.4	
219.688	18.6	
219.904	82.09	
220.12	150.9	
220.336	98.06	
220.552	118.13	
220.768	150.7	
220.984	154.38	
221.2	51.98	
221.416	98.47	
221.632	67.96	
221.848	47.48	
222.064	-35.46	
222.28	-5.15	
222.496	-73.15	
222.712	0.99	
222.928	-40.79	
223.144	23.72	
223.36	8.36	
223.576	58.54	
223.792	8.98	
224.008	101.55	
224.224	94.38	
224.439	127.35	
224.655	94.99	
224.871	128.78	
225.087	81.27	
225.303	21.47	
225.519	12.87	
225.734	68.78	
225.95	44.82	
226.166	64.27	
226.382	96.63	
226.598	92.12	
226.813	85.78	
227.029	63.25	
227.245	26.59	
227.461	47.27	
227.677	72.46	
227.892	79.84	
228.108	70.62	
228.324	138.82	
228.539	62.84	
228.755	76.56	
228.971	59.56	
229.186	108.71	
229.402	70.83	
229.618	156.64	
229.833	92.12	
230.049	104.82	
230.265	40.93	
230.48	98.27	
230.696	77.58	
230.912	102.57	
231.127	91.92	
231.343	137.59	
231.558	43.38	
231.774	86.39	
231.99	161.35	
232.205	157.66	
232.421	107.48	
232.636	130.63	
232.852	57.72	
233.067	8.77	
233.283	10	
233.498	65.91	
233.714	73.49	
233.929	123.66	
234.145	88.03	
234.36	102.16	
234.576	112.19	
234.791	159.09	
235.007	171.79	
235.222	237.33	
235.438	212.14	
235.653	283	
235.868	236.71	
236.084	256.37	
236.299	261.29	
236.515	284.84	
236.73	177.93	
236.945	187.36	
237.161	111.38	
237.376	47.48	
237.592	31.71	
237.807	56.9	
238.022	30.69	
238.238	68.37	
238.453	29.46	
238.668	44.82	
238.883	-45.29	
239.099	-29.32	
239.314	-74.38	
239.529	-6.79	
239.745	7.75	
239.96	110.97	
240.175	101.75	
240.39	205.99	
240.605	169.95	
240.821	103.39	
241.036	93.76	
241.251	169.54	
241.466	87	
241.681	115.27	
241.897	149.88	
242.112	185.31	
242.327	92.53	
242.542	110.76	
242.757	110.97	
242.972	114.24	
243.188	25.98	
243.403	64.68	
243.618	59.77	
243.833	49.12	
244.048	78.2	
244.263	128.37	
244.478	99.29	
244.693	65.09	
244.908	87.41	
245.123	66.32	
245.338	107.07	
245.553	123.05	
245.768	115.88	
245.983	101.95	
246.198	54.85	
246.413	32.12	
246.628	37.85	
246.843	34.78	
247.058	39.7	
247.273	63.66	
247.488	37.85	
247.703	79.63	
247.918	98.47	
248.133	107.28	
248.348	70.01	
248.563	136.57	
248.778	86.8	
248.993	108.1	
249.207	167.9	
249.422	200.46	
249.637	74.31	
249.852	71.64	
250.067	40.52	
250.282	-44.27	
250.496	-78.68	
250.711	27.41	
250.926	22.7	
251.141	82.7	
251.356	79.43	
251.57	156.43	
251.785	123.25	
252	89.46	
252.215	57.1	
252.43	105.23	
252.644	92.53	
252.859	91.51	
253.074	122.84	
253.288	118.95	
253.503	67.34	
253.718	109.33	
253.932	187.36	
254.147	211.52	
254.362	219.51	
254.576	256.78	
254.791	184.49	
255.006	107.69	
255.22	123.66	
255.435	125.3	
255.65	141.69	
255.864	170.36	
256.079	141.69	
256.293	142.91	
256.508	140.66	
256.723	205.38	
256.937	148.03	
257.152	137.59	
257.366	104.21	
257.581	86.19	
257.795	-12.32	
258.01	92.53	
258.224	132.06	
258.439	139.84	
258.653	121.82	
258.868	147.62	
259.082	65.91	
259.297	30.48	
259.511	18.6	
259.726	0.58	
259.94	-38.95	
260.154	-54.31	
260.369	-34.64	
260.583	-29.12	
260.798	-47.34	
261.012	-0.44	
261.226	45.23	
261.441	77.38	
261.655	79.63	
261.869	156.64	
262.084	141.89	
262.298	123.46	
262.512	42.36	
262.727	29.46	
262.941	46.25	
263.155	33.96	
263.37	18.6	
263.584	89.26	
263.798	83.11	
264.012	106.26	
264.227	90.49	
264.441	159.5	
264.655	99.5	
264.869	190.63	
265.084	109.53	
265.298	131.65	
265.512	54.65	
265.726	126.74	
265.94	50.14	
266.155	103.39	
266.369	102.16	
266.583	181.21	
266.797	163.6	
267.011	226.47	
267.225	259.85	
267.439	260.47	
267.654	193.5	
267.868	140.05	
268.082	38.47	
268.296	-86.05	
268.51	-139.09	
268.724	-106.12	
268.938	-125.78	
269.152	-60.45	
269.366	-17.44	
269.58	17.17	
269.794	-16.42	
270.008	93.15	
270.222	77.79	
270.436	87.82	
270.65	76.76	
270.864	118.34	
271.078	56.29	
271.292	69.8	
271.506	115.68	
271.72	170.15	
271.934	183.46	
272.148	173.02	
272.362	149.47	
272.575	159.91	
272.789	139.64	
273.003	108.92	
273.217	165.03	
273.431	132.26	
273.645	94.99	
273.859	137.59	
274.073	196.37	
274.286	173.63	
274.5	210.09	
274.714	180.19	
274.928	174.86	
275.142	124.48	
275.355	99.29	
275.569	132.67	
275.783	187.36	
275.997	133.7	
276.21	141.07	
276.424	208.04	
276.638	147.21	
276.852	152.74	
277.065	141.69	
277.279	159.3	
277.493	108.51	
277.706	199.03	
277.92	206.4	
278.134	164.83	
278.347	110.15	
278.561	80.45	
278.775	42.77	
278.988	-2.7	
279.202	84.14	
279.415	154.59	
279.629	149.06	
279.843	149.67	
280.056	262.11	
280.27	265.18	
280.483	184.9	
280.697	214.59	
280.91	241.63	
281.124	226.47	
281.337	184.9	
281.551	272.14	
281.764	213.16	
281.978	176.71	
282.191	73.28	
282.405	106.26	
282.618	13.69	
282.832	65.71	
283.045	33.14	
283.259	84.75	
283.472	45.23	
283.686	69.6	
283.899	27.41	
284.112	38.06	
284.326	44.41	
284.539	97.04	
284.752	116.9	
284.966	148.44	
285.179	192.27	
285.393	178.55	
285.606	109.12	
285.819	142.91	
286.033	98.88	
286.246	142.09	
286.459	93.15	
286.672	127.96	
286.886	49.12	
287.099	149.88	
287.312	14.92	
287.525	36.62	
287.739	26.59	
287.952	94.99	
288.165	93.35	
288.378	154.38	
288.592	158.68	
288.805	145.17	
289.018	162.57	
289.231	117.72	
289.444	136.77	
289.657	95.81	
289.871	94.58	
290.084	23.11	
290.297	91.31	
290.51	47.68	
290.723	37.24	
290.936	124.48	
291.149	131.45	
291.362	137.18	
291.575	127.14	
291.789	179.78	
292.002	112.6	
292.215	135.34	
292.428	19.83	
292.641	67.14	
292.854	50.35	
293.067	25.16	
293.28	21.47	
293.493	41.95	
293.706	-41.2	
293.919	22.08	
294.132	6.31	
294.345	0.38	
294.558	-9.66	
294.77	35.4	
294.983	-24.61	
295.196	47.48	
295.409	99.91	
295.622	183.87	
295.835	227.7	
296.048	278.9	
296.261	256.99	
296.474	233.64	
296.686	187.56	
296.899	184.9	
297.112	171.18	
297.325	158.68	
297.538	168.72	
297.751	185.1	
297.963	199.64	
298.176	190.02	
298.389	181.42	
298.602	174.25	
298.814	293.64	
299.027	254.32	
299.24	240.19	
299.453	272.55	
299.665	236.51	
299.878	78.2	
300.091	72.46	
300.303	76.15	
300.516	42.77	
300.729	34.37	
300.941	63.86	
301.154	16.76	
301.367	-14.17	
301.579	13.07	
301.792	80.04	
302.005	58.74	
302.217	82.7	
302.43	107.69	
302.642	66.32	
302.855	-9.05	
303.067	-26.86	
303.28	7.34	
303.493	-43.25	
303.705	45.23	
303.918	83.32	
304.13	162.37	
304.343	133.9	
304.555	198.41	
304.768	144.14	
304.98	176.91	
305.193	103.39	
305.405	146.4	
305.617	86.8	
305.83	104.62	
306.042	40.11	
306.255	51.17	
306.467	-1.26	
306.68	12.05	
306.892	-16.01	
307.104	39.49	
307.317	27	
307.529	100.11	
307.741	135.34	
307.954	168.92	
308.166	135.54	
308.378	205.58	
308.591	183.05	
308.803	208.24	
309.015	263.13	
309.228	300.4	
309.44	205.38	
309.652	187.76	
309.864	133.9	
310.077	10	
310.289	-49.19	
310.501	5.09	
310.713	-7	
310.926	25.16	
311.138	21.88	
311.35	75.74	
311.562	16.55	
311.774	104.41	
311.986	82.5	
312.199	186.95	
312.411	107.69	
312.623	166.26	
312.835	65.91	
313.047	51.37	
313.259	10.21	
313.471	57.1	
313.683	44.2	
313.895	68.16	
314.108	69.39	
314.32	60.79	
314.532	29.05	
314.744	49.53	
314.956	93.76	
315.168	121.82	
315.38	80.25	
315.592	147.83	
315.804	138.61	
316.016	202.71	
316.228	203.12	
316.44	263.95	
316.651	242.24	
316.863	240.4	
317.075	131.04	
317.287	87.41	
317.499	61.2	
317.711	43.59	
317.923	68.78	
318.135	36.42	
318.347	75.95	
318.559	149.88	
318.77	207.02	
318.982	168.92	
319.194	175.27	
319.406	155	
319.618	70.83	
319.83	-26.45	
320.041	-18.26	
320.253	0.58	
320.465	-9.45	
320.677	-27.89	
320.888	-19.69	
321.1	-13.35	
321.312	56.29	
321.524	73.49	
321.735	72.67	
321.947	62.22	
322.159	22.29	
322.37	-62.7	
322.582	-71.71	
322.794	0.38	
323.005	56.29	
323.217	79.84	
323.429	38.06	
323.64	94.99	
323.852	28.23	
324.063	-14.98	
324.275	15.12	
324.487	84.34	
324.698	18.6	
324.91	65.5	
325.121	58.95	
325.333	7.54	
325.544	23.52	
325.756	85.57	
325.967	28.84	
326.179	100.73	
326.39	124.07	
326.602	117.72	
326.813	39.29	
327.025	77.38	
327.236	-2.08	
327.448	-19.29	
327.659	-78.06	
327.871	-35.05	
328.082	-39.76	
328.293	14.3	
328.505	63.04	
328.716	91.92	
328.928	58.54	
329.139	87.41	
329.35	55.88	
329.562	96.02	
329.773	129.6	
329.984	149.88	
330.196	125.3	
330.407	195.14	
330.618	112.81	
330.83	82.5	
331.041	92.12	
331.252	87.41	
331.463	41.13	
331.675	78.81	
331.886	144.96	
332.097	157.45	
332.308	160.32	
332.52	161.35	
332.731	151.11	
332.942	122.64	
333.153	147.83	
333.364	121.62	
333.575	89.67	
333.787	114.65	
333.998	34.99	
334.209	53.83	
334.42	34.17	
334.631	55.26	
334.842	48.3	
335.053	126.12	
335.264	80.25	
335.475	123.87	
335.686	115.68	
335.898	105.44	
336.109	40.11	
336.32	46.25	
336.531	27	
336.742	20.24	
336.953	-15.19	
337.164	-3.52	
337.375	-44.68	
337.586	-43.25	
337.797	-82.77	
338.007	-24.81	
338.218	-29.12	
338.429	6.72	
338.64	-8.43	
338.851	40.72	
339.062	-0.85	
339.273	58.54	
339.484	23.72	
339.695	-6.79	
339.906	1.19	
340.116	38.67	
340.327	21.88	
340.538	34.58	
340.749	75.54	
340.96	57.92	
341.171	11.84	
341.381	13.07	
341.592	19.63	
341.803	22.9	
342.014	45.84	
342.224	97.04	
342.435	68.57	
342.646	29.25	
342.857	4.27	
343.067	-39.36	
343.278	-41.61	
343.489	-22.97	
343.699	14.3	
343.91	46.86	
344.121	43.79	
344.331	-17.03	
344.542	-59.02	
344.753	-4.74	
344.963	2.22	
345.174	66.12	
345.384	125.51	
345.595	196.57	
345.806	147.01	
346.016	117.52	
346.227	99.7	
346.437	100.11	
346.648	67.34	
346.858	83.93	
347.069	75.74	
347.279	78.2	
347.49	24.13	
347.7	34.78	
347.911	-30.75	
348.121	-7.2	
348.332	-9.05	
348.542	-29.73	
348.753	-45.91	
348.963	41.13	
349.173	45.23	
349.384	80.04	
349.594	175.68	
349.805	214.18	
350.015	127.55	
350.225	126.12	
350.436	124.07	
350.646	113.42	
350.856	68.37	
351.067	92.33	
351.277	30.69	
351.487	-26.66	
351.698	-90.96	
351.908	-70.69	
352.118	-53.69	
352.328	-18.67	
352.539	60.18	
352.749	73.28	
352.959	48.3	
353.169	51.98	
353.38	76.76	
353.59	55.88	
353.8	74.92	
354.01	97.24	
354.22	85.57	
354.431	165.24	
354.641	129.4	
354.851	132.26	
355.061	133.49	
355.271	205.38	
355.481	131.65	
355.691	116.29	
355.901	86.39	
356.111	100.11	
356.321	53.21	
356.532	43.38	
356.742	28.02	
356.952	31.09	
357.162	5.7	
357.372	-18.67	
357.582	-35.05	
357.792	-58.61	
358.002	-78.27	
358.212	-18.88	
358.422	2.83	
358.632	-4.54	
358.842	22.49	
359.051	90.28	
359.261	27.41	
359.471	14.3	
359.681	49.94	
359.891	27.82	
360.101	-46.32	
360.311	-58.2	
360.521	-81.75	
360.731	-84	
360.94	-40.58	
361.15	23.31	
361.36	44	
361.57	62.84	
361.78	74.1	
361.989	74.51	
362.199	63.66	
362.409	88.03	
362.619	73.28	
362.828	166.88	
363.038	166.88	
363.248	158.89	
363.458	158.27	
363.667	193.5	
363.877	100.11	
364.087	103.39	
364.296	69.39	
364.506	82.5	
364.716	68.16	
364.925	44.61	
365.135	-9.45	
365.345	-0.85	
365.554	-16.62	
365.764	59.36	
365.973	48.91	
366.183	134.93	
366.393	168.92	
366.602	169.74	
366.812	44.82	
367.021	98.47	
367.231	13.69	
367.44	-16.21	
367.65	-13.76	
367.859	48.91	
368.069	2.42	
368.278	63.86	
368.488	86.59	
368.697	32.32	
368.907	-13.96	
369.116	107.07	
369.326	80.25	
369.535	62.22	
369.744	105.85	
369.954	125.3	
370.163	30.69	
370.373	44	
370.582	42.36	
370.791	24.75	
371.001	-2.29	
371.21	-19.08	
371.419	-49.8	
371.629	-78.27	
371.838	-81.54	
372.047	16.55	
372.256	-9.45	
372.466	18.4	
372.675	-1.88	
372.884	-1.26	
373.093	-99.57	
373.303	-23.38	
373.512	-46.73	
373.721	2.83	
373.93	-39.36	
374.139	57.72	
374.349	-12.73	
374.558	49.12	
374.767	-9.25	
374.976	5.9	
375.185	-20.92	
375.394	-33.62	
375.603	-64.95	
375.813	-26.86	
376.022	-20.51	
376.231	-87.07	
376.44	-69.46	
376.649	-44.68	
376.858	-19.49	
377.067	-4.74	
377.276	38.67	
377.485	84.34	
377.694	57.51	
377.903	47.07	
378.112	18.19	
378.321	35.19	
378.53	19.83	
378.739	43.59	
378.948	36.42	
379.157	49.73	
379.366	76.56	
379.575	67.75	
379.784	10.41	
379.992	11.64	
380.201	82.5	
380.41	42.97	
380.619	12.25	
380.828	46.66	
381.037	33.14	
381.246	-70.69	
381.454	-130.9	
381.663	-61.68	
381.872	-89.12	
382.081	-19.9	
382.29	43.18	
382.498	100.93	
382.707	97.04	
382.916	136.36	
383.125	43.79	
383.333	40.72	
383.542	49.32	
383.751	24.75	
383.959	55.67	
384.168	85.78	
384.377	134.31	
384.585	105.44	
384.794	56.69	
385.003	21.26	
385.211	35.6	
385.42	-51.64	
385.628	-47.34	
385.837	-10.27	
386.046	40.52	
386.254	87.21	
386.463	128.99	
386.671	211.93	
386.88	209.27	
387.088	166.47	
387.297	134.11	
387.505	118.13	
387.714	27	
387.922	5.5	
388.131	-5.97	
388.339	-0.65	
388.548	-35.46	
388.756	-30.75	
388.965	-18.06	
389.173	-60.86	
389.381	-46.93	
389.59	16.14	
389.798	63.25	
390.007	94.58	
390.215	117.31	
390.423	164.42	
390.632	161.55	
390.84	197.19	
391.048	143.73	
391.257	160.12	
391.465	79.43	
391.673	67.34	
391.882	22.08	
392.09	30.28	
392.298	19.63	
392.506	-10.27	
392.715	-7	
392.923	43.79	
393.131	83.52	
393.339	101.14	
393.547	118.75	
393.756	121.82	
393.964	41.54	
394.172	21.47	
394.38	-16.21	
394.588	34.99	
394.796	3.86	
395.005	3.04	
395.213	-14.78	
395.421	34.17	
395.629	-31.57	
395.837	-32.39	
396.045	-29.32	
396.253	-12.32	
396.461	-50.21	
396.669	6.52	
396.877	45.43	
397.085	81.88	
397.293	94.99	
397.501	106.87	
397.709	95.2	
397.917	114.86	
398.125	127.14	
398.333	134.31	
398.541	98.27	
398.749	91.1	
398.957	30.89	
399.165	-43.45	
399.373	-44.27	
399.581	-11.3	
399.788	8.36	
399.996	-17.03	
400.204	25.98	
400.412	-11.5	
400.62	-73.56	
400.828	-96.7	
401.035	-53.9	
401.243	-26.66	
401.451	6.93	
401.659	49.12	
401.867	66.52	
402.074	67.96	
402.282	15.12	
402.49	-29.12	
402.697	73.69	
402.905	24.75	
403.113	47.27	
403.321	13.28	
403.528	16.96	
403.736	-57.38	
403.944	-38.95	
404.151	-93.42	
404.359	-82.98	
404.566	-75.6	
404.774	-72.33	
404.982	-88.92	
405.189	-62.09	
405.397	-73.76	
405.604	-68.23	
405.812	-56.15	
406.02	-70.28	
406.227	-55.53	
406.435	-35.87	
406.642	2.42	
406.85	-30.55	
407.057	42.77	
407.265	61.4	
407.472	110.35	
407.679	67.34	
407.887	68.98	
408.094	15.94	
408.302	-52.05	
408.509	-68.44	
408.717	-46.32	
408.924	-42.84	
409.131	-21.95	
409.339	12.87	
409.546	27.61	
409.753	11.02	
409.961	46.25	
410.168	44.82	
410.375	74.31	
410.583	57.31	
410.79	72.26	
410.997	48.71	
411.205	44.2	
411.412	29.46	
411.619	50.96	
411.826	56.9	
412.034	99.91	
412.241	146.81	
412.448	131.24	
412.655	61.61	
412.862	57.1	
413.07	5.09	
413.277	-51.44	
413.484	-73.15	
413.691	-25.63	
413.898	-70.48	
414.105	-113.7	
414.312	-133.56	
414.519	-114.93	
414.727	-122.91	
414.934	-61.27	
415.141	7.13	
415.348	74.31	
415.555	37.85	
415.762	28.43	
415.969	-39.15	
416.176	-49.8	
416.383	-76.63	
416.59	-70.28	
416.797	-71.51	
417.004	-27.48	
417.211	-47.75	
417.418	-32.19	
417.625	2.42	
417.831	17.99	
418.038	28.23	
418.245	62.22	
418.452	16.14	
418.659	-5.77	
418.866	-24.2	
419.073	-35.67	
419.28	-107.14	
419.486	-13.76	
419.693	-11.71	
419.9	6.72	
420.107	29.87	
420.314	105.44	
420.52	77.38	
420.727	156.64	
420.934	163.39	
421.141	120.8	
421.347	103.39	
421.554	79.63	
421.761	-24.2	
421.967	-3.52	
422.174	56.69	
422.381	41.95	
422.588	18.81	
422.794	45.23	
423.001	109.94	
423.207	61.61	
423.414	69.39	
423.621	87.41	
423.827	135.34	
424.034	98.27	
424.24	139.64	
424.447	123.46	
424.654	58.33	
424.86	21.67	
425.067	-40.17	
425.273	-69.87	
425.48	14.1	
425.686	113.83	
425.893	159.09	
426.099	179.37	
426.306	207.63	
426.512	189.4	
426.718	213.16	
426.925	185.72	
427.131	164.01	
427.338	169.33	
427.544	145.58	
427.75	87	
427.957	59.15	
428.163	94.58	
428.37	91.1	
428.576	109.94	
428.782	102.36	
428.988	186.54	
429.195	184.49	
429.401	179.98	
429.607	170.15	
429.814	274.39	
430.02	226.27	
430.226	211.52	
430.432	222.17	
430.639	237.12	
430.845	200.05	
431.051	245.31	
431.257	288.32	
431.463	298.56	
431.67	275.42	
431.876	241.01	
432.082	208.04	
432.288	245.72	
432.494	243.26	
432.7	287.91	
432.906	286.27	
433.112	311.26	
433.318	342.39	
433.525	376.18	
433.731	365.12	
433.937	449.09	
434.143	437.82	
434.349	413.86	
434.555	413.66	
434.761	432.7	
434.967	372.49	
435.173	412.22	
435.379	422.46	
435.585	495.57	
435.791	548.41	
435.996	650.61	
436.202	685.22	
436.408	677.43	
436.614	655.52	
436.82	657.36	
437.026	601.86	
437.232	612.92	
437.438	622.55	
437.644	571.76	
437.849	591.42	
438.055	600.02	
438.261	593.26	
438.467	592.03	
438.673	649.38	
438.878	600.23	
439.084	647.74	
439.29	725.36	
439.496	775.94	
439.701	815.67	
439.907	825.3	
440.113	813.01	
440.318	782.09	
440.524	771.64	
440.73	775.53	
440.935	844.75	
441.141	839.22	
441.347	920.53	
441.552	916.84	
441.758	952.07	
441.964	907.22	
442.169	1003.27	
442.375	965.38	
442.58	1055.69	
442.786	1116.72	
442.991	1169.77	
443.197	1100.95	
443.402	1153.38	
443.608	1183.28	
443.813	1239.19	
444.019	1306.37	
444.224	1385.83	
444.43	1347.53	
444.635	1391.15	
444.841	1328.89	
445.046	1424.94	
445.252	1431.7	
445.457	1496.83	
445.662	1439.28	
445.868	1457.51	
446.073	1405.49	
446.278	1428.01	
446.484	1444.4	
446.689	1498.06	
446.894	1524.47	
447.1	1550.48	
447.305	1660.66	
447.51	1732.14	
447.716	1754.26	
447.921	1822.86	
448.126	1899.46	
448.331	1844.37	
448.537	1888.19	
448.742	1976.26	
448.947	1961.51	
449.152	1958.03	
449.357	2103.23	
449.563	2186.58	
449.768	2201.53	
449.973	2268.91	
450.178	2366.8	
450.383	2305.98	
450.588	2307	
450.793	2376.84	
450.999	2535.97	
451.204	2539.04	
451.409	2641.23	
451.614	2681.17	
451.819	2780.29	
452.024	2751.62	
452.229	2832.92	
452.434	2937.37	
452.639	2970.95	
452.844	3029.12	
453.049	3069.46	
453.254	3137.25	
453.459	3178.41	
453.664	3292.49	
453.869	3347.99	
454.074	3462.67	
454.279	3562.41	
454.483	3575.92	
454.688	3596.2	
454.893	3722.76	
455.098	3759.83	
455.303	3770.28	
455.508	3864.89	
455.713	3960.12	
455.917	3917.73	
456.122	4011.94	
456.327	4056.38	
456.532	4158.37	
456.737	4139.12	
456.941	4218.17	
457.146	4223.7	
457.351	4280.63	
457.555	4299.47	
457.76	4412.72	
457.965	4430.95	
458.17	4495.05	
458.374	4583.52	
458.579	4620.18	
458.784	4608.1	
458.988	4633.7	
459.193	4614.45	
459.397	4580.66	
459.602	4531.3	
459.807	4621	
460.011	4552.6	
460.216	4517.99	
460.42	4422.35	
460.625	4347.19	
460.829	4205.88	
461.034	4132.77	
461.239	4032.42	
461.443	4003.74	
461.648	3999.24	
461.852	3935.55	
462.056	3977.12	
462.261	3956.44	
462.465	3973.64	
462.67	3877.59	
462.874	3787.68	
463.079	3620.77	
463.283	3501.79	
463.487	3328.53	
463.692	3232.68	
463.896	3117.79	
464.1	3040.18	
464.305	2953.96	
464.509	2867.33	
464.713	2815.31	
464.918	2813.26	
465.122	2779.88	
465.326	2716.39	
465.531	2611.13	
465.735	2535.35	
465.939	2455.69	
466.143	2371.92	
466.348	2320.31	
466.552	2292.26	
466.756	2278.33	
466.96	2269.32	
467.164	2253.55	
467.368	2218.53	
467.573	2244.95	
467.777	2181.46	
467.981	2112.45	
468.185	2060.02	
468.389	2112.04	
468.593	2025.82	
468.797	1975.64	
469.001	1985.47	
469.205	2019.47	
469.409	1993.46	
469.613	2016.4	
469.817	2049.37	
470.021	2035.65	
470.225	2009.84	
470.429	1972.98	
470.633	1968.47	
470.837	1984.86	
471.041	1988.13	
471.245	1955.98	
471.449	1964.17	
471.653	1982.6	
471.857	2023.15	
472.061	1975.44	
472.265	1996.12	
472.469	2031.14	
472.673	2006.57	
472.876	1965.61	
473.08	1975.64	
473.284	2034.62	
473.488	1983.01	
473.692	2039.54	
473.895	2058.58	
474.099	2112.65	
474.303	2082.75	
474.507	2158.93	
474.71	2126.37	
474.914	2076.61	
475.118	2040.97	
475.322	2041.38	
475.525	1931	
475.729	1966.63	
475.933	2001.45	
476.136	2112.45	
476.34	2136.61	
476.543	2234.5	
476.747	2211.77	
476.951	2217.3	
477.154	2104.66	
477.358	2158.73	
477.561	2128.42	
477.765	2133.95	
477.969	2092.17	
478.172	2132.52	
478.376	2067.39	
478.579	2076.2	
478.783	2068.21	
478.986	2126.58	
479.19	2124.12	
479.393	2165.28	
479.596	2187.61	
479.8	2229.18	
480.003	2193.34	
480.207	2174.7	
480.41	2129.24	
480.614	2127.19	
480.817	2069.03	
481.02	2151.36	
481.224	2203.17	
481.427	2239.01	
481.63	2294.51	
481.834	2321.75	
482.037	2227.54	
482.24	2180.23	
482.443	2156.27	
482.647	2075.17	
482.85	2057.56	
483.053	2113.47	
483.256	2038.1	
483.46	2058.38	
483.663	2028.48	
483.866	2073.74	
484.069	2010.66	
484.272	2040.36	
484.476	1983.83	
484.679	2016.6	
484.882	2007.18	
485.085	1977.28	
485.288	1931.61	
485.491	1908.26	
485.694	1782.11	
485.897	1690.36	
486.101	1643.46	
486.304	1636.5	
486.507	1505.63	
486.71	1444.6	
486.913	1325	
487.116	1207.86	
487.319	1061.02	
487.522	1006.95	
487.725	996.3	
487.928	927.9	
488.13	841.68	
488.333	797.85	
488.536	732.32	
488.739	599.41	
488.942	540.02	
489.145	496.19	
489.348	431.06	
489.551	371.67	
489.754	345.25	
489.956	274.39	
490.159	236.71	
490.362	177.93	
490.565	126.53	
490.768	89.26	
490.97	165.44	
491.173	169.95	
491.376	175.27	
491.579	161.14	
491.781	198.62	
491.984	108.1	
492.187	99.91	
492.39	84.96	
492.592	96.02	
492.795	71.44	
492.998	38.67	
493.2	16.76	
493.403	34.99	
493.605	97.65	
493.808	50.35	
494.011	40.31	
494.213	33.55	
494.416	65.3	
494.618	-33.62	
494.821	-46.32	
495.023	32.73	
495.226	80.04	
495.428	51.78	
495.631	99.5	
495.833	164.83	
496.036	126.12	
496.238	79.02	
496.441	91.51	
496.643	57.72	
496.846	10.62	
497.048	5.7	
497.25	52.39	
497.453	35.6	
497.655	135.75	
497.858	198	
498.06	222.38	
498.262	145.99	
498.465	158.07	
498.667	101.14	
498.869	82.91	
499.071	47.89	
499.274	109.94	
499.476	84.14	
499.678	39.7	
499.881	5.29	
500.083	24.34	
500.285	-16.42	
500.487	24.54	
500.689	24.54	
500.892	-3.31	
501.094	-52.46	
501.296	-4.13	
501.498	-63.52	
501.7	-80.31	
501.902	-41.4	
502.104	-1.47	
502.306	-47.55	
502.509	-24.61	
502.711	-17.24	
502.913	-34.64	
503.115	-72.33	
503.317	-49.59	
503.519	-77.04	
503.721	-23.79	
503.923	55.67	
504.125	74.31	
504.327	87.41	
504.529	136.16	
504.731	114.86	
504.933	95.4	
505.134	84.96	
505.336	85.98	
505.538	84.14	
505.74	57.31	
505.942	-6.38	
506.144	-3.72	
506.346	-29.12	
506.548	14.51	
506.749	41.33	
506.951	76.15	
507.153	79.22	
507.355	61	
507.557	15.12	
507.758	20.04	
507.96	-26.45	
508.162	-1.67	
508.363	21.26	
508.565	35.19	
508.767	-12.73	
508.969	25.77	
509.17	48.09	
509.372	31.71	
509.574	-28.09	
509.775	5.7	
509.977	-33.62	
510.178	-25.63	
510.38	-23.18	
510.582	-0.03	
510.783	-31.37	
510.985	-21.74	
511.186	-62.09	
511.388	2.63	
511.589	38.67	
511.791	31.09	
511.992	31.71	
512.194	49.12	
512.395	-47.75	
512.597	-39.76	
512.798	-35.26	
513	-4.13	
513.201	7.95	
513.403	113.01	
513.604	72.26	
513.805	100.52	
514.007	79.63	
514.208	2.22	
514.409	-63.73	
514.611	-57.99	
514.812	-29.52	
515.013	28.84	
515.215	77.58	
515.416	52.6	
515.617	20.45	
515.819	-35.26	
516.02	-97.31	
516.221	-60.24	
516.422	-33.62	
516.623	-14.98	
516.825	-5.97	
517.026	8.16	
517.227	-46.73	
517.428	-81.54	
517.629	-58.2	
517.83	-30.55	
518.032	-22.15	
518.233	13.89	
518.434	51.17	
518.635	77.17	
518.836	61.4	
519.037	61	
519.238	51.37	
519.439	68.78	
519.64	10	
519.841	36.42	
520.042	13.48	
520.243	1.81	
520.444	-26.66	
520.645	-11.91	
520.846	-45.91	
521.047	-5.56	
521.248	-29.93	
521.449	-5.56	
521.65	-2.7	
521.851	75.54	
522.052	18.19	
522.252	64.27	
522.453	71.44	
522.654	42.36	
522.855	-31.78	
523.056	-38.74	
523.257	-53.28	
523.457	-70.07	
523.658	-60.45	
523.859	-69.26	
524.06	-78.06	
524.26	-112.47	
524.461	-108.58	
524.662	-83.8	
524.862	-108.78	
525.063	-43.86	
525.264	-4.54	
525.464	-19.08	
525.665	-8.23	
525.866	100.93	
526.066	45.02	
526.267	28.64	
526.468	25.57	
526.668	3.04	
526.869	-66.18	
527.069	-50.21	
527.27	-19.49	
527.47	27.61	
527.671	25.57	
527.871	5.9	
528.072	45.43	
528.272	46.45	
528.473	31.5	
528.673	94.58	
528.874	108.3	
529.074	90.08	
529.275	86.8	
529.475	89.26	
529.675	14.92	
529.876	35.19	
530.076	0.38	
530.277	-31.57	
530.477	-39.36	
530.677	-48.16	
530.878	-90.96	
531.078	-3.93	
531.278	-26.45	
531.478	-56.56	
531.679	-48.98	
531.879	-24.61	
532.079	-85.43	
532.28	-48.16	
532.48	-66.8	
532.68	-51.23	
532.88	-33.62	
533.08	-25.02	
533.28	-27.89	
533.481	-9.05	
533.681	-17.85	
533.881	-18.67	
534.081	-34.24	
534.281	-28.91	
534.481	-14.78	
534.681	35.6	
534.881	63.25	
535.081	46.25	
535.281	31.3	
535.481	93.35	
535.682	58.33	
535.882	5.09	
536.082	48.91	
536.281	57.31	
536.481	40.31	
536.681	53.42	
536.881	67.14	
537.081	17.99	
537.281	10.82	
537.481	-47.75	
537.681	-78.88	
537.881	-127.21	
538.081	-56.97	
538.281	-66.18	
538.48	-80.31	
538.68	-53.9	
538.88	47.68	
539.08	45.43	
539.28	49.12	
539.479	121.82	
539.679	102.16	
539.879	28.64	
540.079	-7.41	
540.278	13.28	
540.478	-61.68	
540.678	-59.22	
540.877	-10.27	
541.077	-48.16	
541.277	-54.92	
541.476	46.66	
541.676	65.5	
541.876	87.21	
542.075	140.25	
542.275	124.89	
542.474	55.88	
542.674	57.31	
542.874	3.24	
543.073	-25.43	
543.273	-2.9	
543.472	27.82	
543.672	12.05	
543.871	-2.9	
544.071	16.14	
544.27	83.11	
544.47	58.13	
544.669	79.84	
544.868	99.7	
545.068	101.95	
545.267	11.64	
545.467	94.38	
545.666	49.53	
545.865	86.39	
546.065	47.48	
546.264	57.92	
546.463	-28.3	
546.663	27.61	
546.862	-13.96	
547.061	14.3	
547.261	32.53	
547.46	89.87	
547.659	65.91	
547.858	153.56	
548.058	162.78	
548.257	175.07	
548.456	124.48	
548.655	123.46	
548.854	62.22	
549.053	116.9	
549.253	81.48	
549.452	69.6	
549.651	101.75	
549.85	168.1	
550.049	121.41	
550.248	120.8	
550.447	139.23	
550.646	142.09	
550.845	103.59	
551.044	89.67	
551.243	94.79	
551.442	93.76	
551.641	70.62	
551.84	97.24	
552.039	129.81	
552.238	151.52	
552.437	134.93	
552.636	125.51	
552.835	57.72	
553.034	69.8	
553.233	73.28	
553.432	89.67	
553.63	85.16	
553.829	98.68	
554.028	25.16	
554.227	13.89	
554.426	10.62	
554.625	34.78	
554.823	21.26	
555.022	75.54	
555.221	125.71	
555.42	120.18	
555.618	132.06	
555.817	134.31	
556.016	106.46	
556.214	89.05	
556.413	92.12	
556.612	78.81	
556.81	81.27	
557.009	104.62	
557.208	65.09	
557.406	84.14	
557.605	62.02	
557.803	27.61	
558.002	-8.02	
558.201	-69.67	
558.399	-93.83	
558.598	-145.85	
558.796	-93.83	
558.995	-74.17	
559.193	-7	
559.392	-33.83	
559.59	46.45	
559.789	61.61	
559.987	119.16	
560.185	165.65	
560.384	190.02	
560.582	185.92	
560.781	217.66	
560.979	189.4	
561.177	118.13	
561.376	117.52	
561.574	153.56	
561.772	4.88	
561.971	55.26	
562.169	68.78	
562.367	42.97	
562.566	-10.48	
562.764	32.32	
562.962	-55.74	
563.16	-74.17	
563.358	-25.02	
563.557	-17.03	
563.755	21.67	
563.953	28.02	
564.151	55.26	
564.349	61.2	
564.547	75.13	
564.746	47.27	
564.944	44.2	
565.142	32.73	
565.34	11.64	
565.538	-19.69	
565.736	19.83	
565.934	-9.86	
566.132	4.88	
566.33	11.02	
566.528	64.07	
566.726	13.48	
566.924	74.92	
567.122	33.35	
567.32	1.19	
567.518	-51.03	
567.716	-29.73	
567.914	-62.5	
568.112	-53.08	
568.31	7.95	
568.507	35.19	
568.705	0.17	
568.903	-6.18	
569.101	32.53	
569.299	46.86	
569.497	53.01	
569.694	93.56	
569.892	100.32	
570.09	115.27	
570.288	39.7	
570.486	25.57	
570.683	69.8	
570.881	43.38	
571.079	-15.19	
571.276	-9.66	
571.474	-17.03	
571.672	-90.96	
571.869	-45.5	
572.067	-25.22	
572.265	11.64	
572.462	57.51	
572.66	118.34	
572.857	124.48	
573.055	174.25	
573.253	174.25	
573.45	130.83	
573.648	148.03	
573.845	140.25	
574.043	134.52	
574.24	132.26	
574.438	114.24	
574.635	83.93	
574.832	48.09	
575.03	46.45	
575.227	130.42	
575.425	130.83	
575.622	99.5	
575.82	91.92	
576.017	95.2	
576.214	12.87	
576.412	34.78	
576.609	18.19	
576.806	4.27	
577.004	-26.66	
577.201	-14.57	
577.398	34.99	
577.595	144.76	
577.793	199.85	
577.99	212.55	
578.187	159.5	
578.384	100.52	
578.582	11.43	
578.779	50.76	
578.976	47.27	
579.173	131.65	
579.37	132.47	
579.567	168.51	
579.764	122.23	
579.962	126.33	
580.159	83.11	
580.356	120.8	
580.553	122.43	
580.75	129.6	
580.947	128.58	
581.144	182.85	
581.341	154.79	
581.538	164.83	
581.735	137.38	
581.932	142.91	
582.129	38.88	
582.326	52.39	
582.523	2.42	
582.72	-5.15	
582.916	-38.54	
583.113	-32.8	
583.31	-68.44	
583.507	-42.84	
583.704	22.49	
583.901	86.59	
584.098	101.75	
584.294	123.46	
584.491	99.91	
584.688	71.24	
584.885	1.4	
585.082	96.43	
585.278	132.67	
585.475	148.44	
585.672	107.69	
585.868	126.53	
586.065	46.25	
586.262	-35.67	
586.458	-22.97	
586.655	45.84	
586.852	28.43	
587.048	18.19	
587.245	21.67	
587.442	74.92	
587.638	75.33	
587.835	157.25	
588.031	185.31	
588.228	217.66	
588.424	154.79	
588.621	134.31	
588.817	58.95	
589.014	97.86	
589.21	113.42	
589.407	96.43	
589.603	46.86	
589.8	100.73	
589.996	81.48	
590.192	67.55	
590.389	101.14	
590.585	134.72	
590.782	81.27	
590.978	133.9	
591.174	114.65	
591.371	120.39	
591.567	112.6	
591.763	103.59	
591.959	37.24	
592.156	61.4	
592.352	38.26	
592.548	61.2	
592.744	71.44	
592.941	38.88	
593.137	15.53	
593.333	-12.32	
593.529	39.29	
593.725	60.38	
593.922	53.83	
594.118	110.15	
594.314	99.09	
594.51	67.34	
594.706	32.32	
594.902	99.29	
595.098	73.69	
595.294	107.69	
595.49	26.18	
595.686	75.74	
595.882	-6.59	
596.078	37.24	
596.274	47.48	
596.47	109.74	
596.666	93.97	
596.862	109.74	
597.058	90.49	
597.254	108.71	
597.45	69.39	
597.646	108.71	
597.842	122.84	
598.037	167.28	
598.233	166.26	
598.429	222.78	
598.625	138.82	
598.821	124.89	
599.017	19.83	
599.212	51.37	
599.408	55.06	
599.604	81.88	
599.8	95.4	
599.995	89.26	
600.191	31.5	
600.387	-38.33	
600.582	-34.24	
600.778	-0.24	
600.974	38.67	
601.169	39.29	
601.365	89.87	
601.561	58.95	
601.756	-0.24	
601.952	0.38	
602.147	-23.79	
602.343	-32.19	
602.538	27.82	
602.734	59.15	
602.93	88.44	
603.125	124.07	
603.321	143.94	
603.516	129.6	
603.711	134.11	
603.907	135.75	
604.102	156.43	
604.298	198.82	
604.493	216.23	
604.689	289.75	
604.884	280.13	
605.079	287.3	
605.275	253.5	
605.47	271.73	
605.665	284.63	
605.861	380.68	
606.056	456.87	
606.251	498.03	
606.447	597.56	
606.642	693.2	
606.837	743.38	
607.032	913.16	
607.227	1032.55	
607.423	1143.55	
607.618	1207.45	
607.813	1267.86	
608.008	1222.4	
608.203	1283.63	
608.398	1256.8	
608.594	1126.76	
608.789	1028.87	
608.984	966.2	
609.179	844.14	
609.374	698.53	
609.569	676	
609.764	578.72	
609.959	495.57	
610.154	418.37	
610.349	418.16	
610.544	368.19	
610.739	382.53	
610.934	365.53	
611.129	389.9	
611.324	389.49	
611.519	412.63	
611.714	427.38	
611.909	379.04	
612.103	414.88	
612.298	390.51	
612.493	370.24	
612.688	360.2	
612.883	405.67	
613.078	285.66	
613.272	319.04	
613.467	304.5	
613.662	311.87	
613.857	334.6	
614.051	402.39	
614.246	314.33	
614.441	293.23	
614.635	190.43	
614.83	121.62	
615.025	36.62	
615.219	47.27	
615.414	-0.65	
615.609	45.02	
615.803	34.58	
615.998	138.2	
616.192	148.85	
616.387	213.98	
616.582	273.37	
616.776	310.64	
616.971	245.72	
617.165	222.38	
617.36	164.62	
617.554	130.42	
617.749	161.35	
617.943	163.8	
618.138	194.32	
618.332	223.81	
618.526	181.62	
618.721	109.53	
618.915	137.38	
619.11	136.97	
619.304	90.08	
619.498	109.53	
619.693	178.34	
619.887	134.72	
620.081	87.41	
620.275	151.31	
620.47	173.22	
620.664	139.02	
620.858	125.3	
621.052	166.06	
621.247	183.26	
621.441	165.03	
621.635	160.12	
621.829	214.8	
622.023	193.29	
622.218	202.31	
622.412	183.46	
622.606	135.95	
622.8	134.93	
622.994	143.32	
623.188	88.44	
623.382	100.11	
623.576	131.65	
623.77	96.63	
623.964	133.7	
624.158	173.22	
624.352	150.9	
624.546	183.67	
624.74	229.75	
624.934	201.28	
625.128	210.91	
625.322	258.42	
625.516	273.98	
625.71	229.95	
625.904	208.86	
626.098	243.26	
626.291	283.4	
626.485	269.48	
626.679	286.07	
626.873	398.09	
627.067	366.14	
627.26	377	
627.454	416.32	
627.648	474.28	
627.842	406.9	
628.035	417.34	
628.229	397.07	
628.423	346.69	
628.617	332.56	
628.81	328.26	
629.004	344.43	
629.198	380.27	
629.391	409.56	
629.585	472.64	
629.778	505.61	
629.972	559.27	
630.166	588.55	
630.359	604.12	
630.553	579.75	
630.746	658.39	
630.94	708.97	
631.133	677.23	
631.327	745.63	
631.52	790.28	
631.714	805.43	
631.907	833.08	
632.1	981.15	
632.294	1077.2	
632.487	1176.32	
632.681	1277.08	
632.874	1357.15	
633.067	1418.59	
633.261	1454.23	
633.454	1526.93	
633.647	1617.04	
633.841	1659.64	
634.034	1771.25	
634.227	1877.13	
634.421	1993.05	
634.614	2093.6	
634.807	2223.65	
635	2250.68	
635.193	2420.66	
635.387	2510.78	
635.58	2636.52	
635.773	2813.87	
635.966	3021.95	
636.159	3157.93	
636.352	3233.5	
636.545	3275.9	
636.739	3298.01	
636.932	3329.76	
637.125	3291.26	
637.318	3323.61	
637.511	3415.16	
637.704	3417.82	
637.897	3458.58	
638.09	3486.43	
638.283	3584.73	
638.476	3590.87	
638.669	3655.18	
638.862	3659.07	
639.055	3644.53	
639.247	3594.77	
639.44	3487.45	
639.633	3431.75	
639.826	3307.44	
640.019	3257.67	
640.212	3175.75	
640.405	3171.25	
640.597	3073.15	
640.79	3071.3	
640.983	3029.53	
641.176	2942.49	
641.368	2892.72	
641.561	2889.85	
641.754	2782.95	
641.947	2786.23	
642.139	2800.56	
642.332	2723.76	
642.525	2682.8	
642.717	2677.89	
642.91	2548.87	
643.103	2470.43	
643.295	2442.78	
643.488	2380.73	
643.68	2323.39	
643.873	2363.53	
644.065	2379.3	
644.258	2385.85	
644.45	2353.29	
644.643	2354.72	
644.835	2310.48	
645.028	2248.43	
645.22	2219.35	
645.413	2203.99	
645.605	2193.34	
645.798	2190.06	
645.99	2248.23	
646.182	2234.09	
646.375	2271.16	
646.567	2298.2	
646.76	2260.1	
646.952	2235.73	
647.144	2260.1	
647.337	2259.69	
647.529	2277.72	
647.721	2370.49	
647.913	2381.14	
648.106	2356.56	
648.298	2319.7	
648.49	2293.49	
648.682	2191.5	
648.874	2219.76	
649.067	2266.45	
649.259	2324.41	
649.451	2356.97	
649.643	2460.81	
649.835	2504.84	
650.027	2545.18	
650.219	2551.94	
650.411	2592.9	
650.603	2557.67	
650.796	2566.07	
650.988	2568.12	
651.18	2586.14	
651.372	2595.77	
651.564	2589.21	
651.756	2511.59	
651.948	2490.5	
652.139	2444.22	
652.331	2393.22	
652.523	2433.77	
652.715	2429.47	
652.907	2426.4	
653.099	2446.47	
653.291	2464.08	
653.483	2436.23	
653.674	2499.51	
653.866	2522.86	
654.058	2496.64	
654.25	2510.37	
654.442	2508.52	
654.633	2425.58	
654.825	2381.75	
655.017	2406.94	
655.209	2361.27	
655.4	2382.16	
655.592	2381.75	
655.784	2444.22	
655.975	2443.81	
656.167	2448.72	
656.359	2382.37	
656.55	2400.8	
656.742	2310.69	
656.933	2361.68	
657.125	2349.81	
657.316	2361.07	
657.508	2337.93	
657.7	2405.71	
657.891	2314.58	
658.083	2344.28	
658.274	2404.69	
658.466	2438.28	
658.657	2423.94	
658.848	2395.68	
659.04	2396.7	
659.231	2327.28	
659.423	2323.8	
659.614	2253.14	
659.805	2330.55	
659.997	2349.19	
660.188	2378.07	
660.379	2368.44	
660.571	2379.3	
660.762	2307.41	
660.953	2212.18	
661.145	2160.16	
661.336	2092.38	
661.527	2242.49	
661.718	2294.71	
661.909	2294.92	
662.101	2326.25	
662.292	2384.21	
662.483	2213	
662.674	2173.88	
662.865	2216.89	
663.056	2186.99	
663.247	2123.5	
663.439	2153.61	
663.63	2161.6	
663.821	2105.69	
664.012	2137.02	
664.203	2221.81	
664.394	2232.66	
664.585	2267.68	
664.776	2273.21	
664.967	2320.11	
665.158	2288.57	
665.349	2365.37	
665.54	2330.35	
665.73	2415.55	
665.921	2324.82	
666.112	2338.75	
666.303	2266.04	
666.494	2404.9	
666.685	2363.32	
666.876	2439.71	
667.066	2478.21	
667.257	2534.53	
667.448	2422.71	
667.639	2468.79	
667.83	2492.75	
668.02	2509.34	
668.211	2479.03	
668.402	2588.19	
668.592	2566.69	
668.783	2598.84	
668.974	2651.47	
669.164	2735.03	
669.355	2722.33	
669.546	2837.02	
669.736	2896.41	
669.927	2923.44	
670.117	2925.9	
670.308	3009.66	
670.499	3039.97	
670.689	3115.54	
670.88	3176.37	
671.07	3323.41	
671.261	3387.92	
671.451	3493.8	
671.641	3432.57	
671.832	3472.5	
672.022	3420.48	
672.213	3304.16	
672.403	3187.83	
672.594	3215.48	
672.784	3129.06	
672.974	3023.38	
673.165	2924.47	
673.355	2853.2	
673.545	2795.03	
673.736	2756.33	
673.926	2653.93	
674.116	2700.21	
674.306	2610.72	
674.497	2484.97	
674.687	2366.8	
674.877	2337.93	
675.067	2254.37	
675.257	2236.76	
675.448	2200.3	
675.638	2195.8	
675.828	2131.7	
676.018	2113.47	
676.208	2056.33	
676.398	2036.47	
676.588	1957.82	
676.778	1938.16	
676.968	1893.31	
677.158	1885.74	
677.348	1793.78	
677.538	1772.07	
677.728	1750.57	
677.918	1690.97	
678.108	1636.7	
678.298	1654.72	
678.488	1615.81	
678.678	1620.93	
678.868	1594.51	
679.058	1575.26	
679.248	1536.97	
679.438	1518.33	
679.627	1507.27	
679.817	1479.01	
680.007	1474.91	
680.197	1458.12	
680.387	1433.75	
680.576	1413.88	
680.766	1394.63	
680.956	1351.83	
681.146	1400.57	
681.335	1403.85	
681.525	1338.52	
681.715	1354.08	
681.904	1404.87	
682.094	1369.85	
682.284	1357.15	
682.473	1383.78	
682.663	1416.55	
682.852	1394.84	
683.042	1398.93	
683.231	1407.94	
683.421	1404.05	
683.61	1361.25	
683.8	1328.07	
683.989	1292.23	
684.179	1304.11	
684.368	1266.02	
684.558	1265.61	
684.747	1279.74	
684.937	1252.09	
685.126	1255.99	
685.316	1277.69	
685.505	1228.54	
685.694	1301.25	
685.884	1419.82	
686.073	1391.77	
686.262	1404.46	
686.452	1473.27	
686.641	1430.27	
686.83	1373.95	
687.019	1377.84	
687.209	1400.57	
687.398	1432.11	
687.587	1391.15	
687.776	1352.85	
687.965	1321.11	
688.155	1288.14	
688.344	1197.82	
688.533	1205.61	
688.722	1187.99	
688.911	1303.09	
689.1	1353.26	
689.289	1430.47	
689.478	1447.47	
689.667	1482.08	
689.856	1344.25	
690.045	1274.01	
690.234	1211.95	
690.423	1246.97	
690.612	1216.25	
690.801	1290.6	
690.99	1307.8	
691.179	1351.01	
691.368	1307.39	
691.557	1376.82	
691.746	1354.29	
691.935	1343.02	
692.124	1297.35	
692.312	1302.06	
692.501	1230.8	
692.69	1244.93	
692.879	1244.11	
693.068	1239.4	
693.256	1223.22	
693.445	1290.19	
693.634	1253.53	
693.823	1257.01	
694.011	1283.63	
694.2	1309.03	
694.389	1258.85	
694.577	1289.37	
694.766	1300.02	
694.955	1298.17	
695.143	1271.96	
695.332	1303.09	
695.52	1296.33	
695.709	1351.42	
695.897	1346.1	
696.086	1333.6	
696.275	1314.76	
696.463	1355.52	
696.652	1334.22	
696.84	1366.58	
697.028	1392.18	
697.217	1415.11	
697.405	1428.63	
697.594	1459.55	
697.782	1467.34	
697.971	1487.2	
698.159	1499.08	
698.347	1513.62	
698.536	1503.38	
698.724	1521.4	
698.912	1502.97	
699.1	1491.5	
699.289	1502.97	
699.477	1487	
699.665	1455.66	
699.854	1423.51	
700.042	1422.89	
700.23	1390.74	
700.418	1371.7	
700.606	1349.99	
700.794	1378.86	
700.983	1380.91	
701.171	1342	
701.359	1310.87	
701.547	1321.11	
701.735	1316.2	
701.923	1245.95	
702.111	1215.64	
702.299	1180.01	
702.487	1206.63	
702.675	1166.08	
702.863	1183.28	
703.051	1198.44	
703.239	1268.48	
703.427	1202.74	
703.615	1196.8	
703.803	1166.9	
703.991	1193.52	
704.179	1179.19	
704.367	1233.25	
704.554	1278.92	
704.742	1320.09	
704.93	1352.03	
705.118	1387.67	
705.306	1322.75	
705.493	1287.93	
705.681	1238.17	
705.869	1234.07	
706.057	1158.3	
706.244	1171.61	
706.432	1159.73	
706.62	1194.55	
706.807	1083.75	
706.995	1117.34	
707.183	1049.14	
707.37	1074.13	
707.558	1065.11	
707.746	1154.2	
707.933	1135.77	
708.121	1215.64	
708.308	1168.54	
708.496	1122.46	
708.683	1029.07	
708.871	1058.97	
709.058	970.29	
709.246	976.23	
709.433	928.92	
709.621	937.73	
709.808	850.28	
709.995	905.58	
710.183	876.5	
710.37	895.95	
710.558	872.81	
710.745	874.45	
710.932	834.92	
711.12	860.73	
711.307	851.72	
711.494	842.91	
711.681	856.63	
711.869	811.17	
712.056	804.41	
712.243	841.48	
712.43	779.63	
712.618	772.66	
712.805	745.63	
712.992	713.48	
713.179	647.12	
713.366	681.53	
713.553	698.32	
713.74	718.8	
713.928	646.3	
714.115	663.1	
714.302	616.61	
714.489	573.81	
714.676	542.47	
714.863	614.15	
715.05	612.31	
715.237	609.85	
715.424	549.23	
715.611	612.1	
715.798	595.72	
715.984	579.95	
716.171	628.9	
716.358	656.34	
716.545	619.89	
716.732	606.57	
716.919	561.11	
717.106	508.07	
717.293	508.89	
717.479	519.95	
717.666	426.56	
717.853	443.76	
718.04	457.07	
718.226	463.42	
718.413	387.65	
718.6	455.02	
718.786	456.46	
718.973	495.57	
719.16	410.38	
719.346	455.43	
719.533	426.97	
719.72	463.42	
719.906	376.18	
720.093	450.31	
720.279	395.22	
720.466	419.8	
720.652	407.1	
720.839	474.07	
721.025	474.69	
721.212	502.54	
721.398	471.2	
721.585	471.41	
721.771	444.38	
721.958	379.45	
722.144	396.25	
722.331	338.29	
722.517	297.13	
722.703	303.88	
722.89	285.45	
723.076	284.43	
723.262	369.01	
723.449	341.16	
723.635	281.15	
723.821	303.47	
724.007	251.46	
724.194	205.58	
724.38	233.64	
724.566	263.95	
724.752	296.92	
724.938	361.84	
725.125	432.5	
725.311	486.77	
725.497	484.72	
725.683	465.26	
725.869	413.25	
726.055	381.09	
726.241	325.39	
726.427	325.59	
726.613	315.15	
726.799	413.86	
726.985	353.24	
727.171	396.04	
727.357	439.46	
727.543	501.92	
727.729	418.16	
727.915	459.33	
728.101	433.11	
728.287	394.61	
728.473	360.61	
728.659	363.48	
728.845	339.11	
729.03	313.31	
729.216	327.64	
729.402	294.67	
729.588	299.79	
729.774	331.33	
729.959	346.28	
730.145	392.36	
730.331	458.71	
730.517	479.19	
730.702	506.63	
730.888	546.98	
731.074	466.7	
731.259	452.16	
731.445	473.25	
731.63	454.21	
731.816	411.81	
732.002	529.57	
732.187	572.78	
732.373	557.22	
732.558	585.07	
732.744	652.45	
732.929	595.72	
733.115	508.27	
733.3	441.3	
733.486	427.58	
733.671	339.72	
733.857	317.4	
734.042	360.61	
734.227	404.85	
734.413	459.94	
734.598	546.57	
734.784	513.19	
734.969	485.74	
735.154	519.95	
735.339	468.54	
735.525	446.42	
735.71	498.65	
735.895	455.43	
736.081	428.2	
736.266	439.05	
736.451	398.3	
736.636	433.73	
736.821	454.82	
737.007	431.06	
737.192	430.45	
737.377	411.81	
737.562	315.15	
737.747	344.02	
737.932	362.25	
738.117	321.09	
738.302	391.74	
738.487	426.97	
738.672	374.95	
738.857	394.61	
739.042	430.04	
739.227	449.5	
739.412	404.85	
739.597	413.66	
739.782	434.34	
739.967	369.42	
740.152	312.69	
740.337	361.64	
740.522	392.36	
740.706	341.77	
740.891	426.76	
741.076	442.12	
741.261	448.06	
741.446	461.58	
741.63	474.89	
741.815	437.82	
742	368.19	
742.185	322.32	
742.369	309.41	
742.554	281.56	
742.739	269.68	
742.923	312.69	
743.108	357.13	
743.293	360.61	
743.477	334.4	
743.662	348.12	
743.846	333.58	
744.031	313.71	
744.216	301.02	
744.4	378.64	
744.585	341.98	
744.769	370.03	
744.954	372.08	
745.138	352.63	
745.322	327.03	
745.507	295.69	
745.691	262.11	
745.876	240.19	
746.06	289.34	
746.244	295.9	
746.429	370.85	
746.613	356.52	
746.798	360.2	
746.982	295.9	
747.166	293.64	
747.35	226.47	
747.535	233.43	
747.719	254.53	
747.903	317.4	
748.087	279.72	
748.272	283.4	
748.456	318.02	
748.64	282.18	
748.824	263.74	
749.008	283.81	
749.192	274.19	
749.376	237.12	
749.56	235.48	
749.745	199.03	
749.929	219.71	
750.113	263.54	
750.297	227.29	
750.481	270.3	
750.665	294.67	
750.849	261.49	
751.033	247.16	
751.217	232	
751.4	212.34	
751.584	194.11	
751.768	207.63	
751.952	191.66	
752.136	227.5	
752.32	175.89	
752.504	202.92	
752.688	195.96	
752.871	197.39	
753.055	185.31	
753.239	201.28	
753.423	195.34	
753.606	167.08	
753.79	212.95	
753.974	237.74	
754.157	259.85	
754.341	207.83	
754.525	195.96	
754.708	161.35	
754.892	154.59	
755.076	165.03	
755.259	212.55	
755.443	205.79	
755.626	201.49	
755.81	214.59	
755.993	196.98	
756.177	154.79	
756.36	200.67	
756.544	177.52	
756.727	150.9	
756.911	177.12	
757.094	221.97	
757.278	192.27	
757.461	181.42	
757.644	176.91	
757.828	116.9	
758.011	124.69	
758.195	134.11	
758.378	140.46	
758.561	124.07	
758.744	134.11	
758.928	148.85	
759.111	152.54	
759.294	181.42	
759.477	229.75	
759.661	261.9	
759.844	230.77	
760.027	216.23	
760.21	185.51	
760.393	175.07	
760.576	163.8	
760.76	120.39	
760.943	102.36	
761.126	186.33	
761.309	236.1	
761.492	226.27	
761.675	241.42	
761.858	288.93	
762.041	218.07	
762.224	113.63	
762.407	113.83	
762.59	143.32	
762.773	73.49	
762.956	58.13	
763.139	97.45	
763.321	129.81	
763.504	79.22	
763.687	116.09	
763.87	148.85	
764.053	153.56	
764.236	167.28	
764.418	204.35	
764.601	189.61	
764.784	217.05	
764.967	263.54	
765.149	227.9	
765.332	229.75	
765.515	275.01	
765.697	214.39	
765.88	179.57	
766.063	183.26	
766.245	180.6	
766.428	130.63	
766.611	130.63	
766.793	139.43	
766.976	185.31	
767.158	142.09	
767.341	201.9	
767.523	211.93	
767.706	227.7	
767.888	170.97	
768.071	302.45	
768.253	254.53	
768.436	287.91	
768.618	277.47	
768.8	362.66	
768.983	314.74	
769.165	341.98	
769.348	277.47	
769.53	262.31	
769.712	178.96	
769.895	123.46	
770.077	127.96	
770.259	161.76	
770.441	148.44	
770.624	210.7	
770.806	254.32	
770.988	226.68	
771.17	226.27	
771.352	292.83	
771.535	290.16	
771.717	281.56	
771.899	275.42	
772.081	346.69	
772.263	271.53	
772.445	224.83	
772.627	166.88	
772.809	187.36	
772.991	140.05	
773.173	189.81	
773.355	187.36	
773.537	217.46	
773.719	192.27	
773.901	237.53	
774.083	175.07	
774.265	129.81	
774.447	109.53	
774.629	136.77	
774.811	107.07	
774.992	168.31	
775.174	166.88	
775.356	212.34	
775.538	158.07	
775.72	112.4	
775.901	83.93	
776.083	103.8	
776.265	54.65	
776.447	129.6	
776.628	183.05	
776.81	159.5	
776.992	221.56	
777.173	265.18	
777.355	231.59	
777.537	249	
777.718	261.9	
777.9	238.96	
778.081	229.54	
778.263	259.03	
778.444	202.31	
778.626	209.68	
778.807	149.67	
778.989	125.71	
779.17	48.09	
779.352	-32.39	
779.533	-73.76	
779.715	-8.23	
779.896	-72.12	
780.078	12.05	
780.259	97.65	
780.44	105.64	
780.622	62.43	
780.803	214.59	
780.984	172.4	
781.166	135.54	
781.347	143.73	
781.528	152.54	
781.709	59.77	
781.891	83.52	
782.072	118.34	
782.253	139.64	
782.434	129.4	
782.615	142.71	
782.796	138	
782.978	195.34	
783.159	205.58	
783.34	276.03	
783.521	275.42	
783.702	271.12	
783.883	228.11	
784.064	238.35	
784.245	161.14	
784.426	206.4	
784.607	176.91	
784.788	179.16	
784.969	113.42	
785.15	135.95	
785.331	21.88	
785.512	64.48	
785.692	50.96	
785.873	85.98	
786.054	54.44	
786.235	86.59	
786.416	95.2	
786.597	96.43	
786.777	85.16	
786.958	97.45	
787.139	116.9	
787.32	109.74	
787.5	114.24	
787.681	75.54	
787.862	90.9	
788.042	115.06	
788.223	107.07	
788.404	38.26	
788.584	98.68	
788.765	140.05	
788.946	118.95	
789.126	118.75	
789.307	186.95	
789.487	208.86	
789.668	127.76	
789.848	114.86	
790.029	52.39	
790.209	48.91	
790.39	-27.07	
790.57	-28.5	
790.75	40.72	
790.931	74.31	
791.111	39.49	
791.292	109.33	
791.472	149.67	
791.652	133.08	
791.833	131.24	
792.013	143.94	
792.193	89.67	
792.373	116.09	
792.554	85.78	
792.734	99.29	
792.914	73.49	
793.094	111.78	
793.275	103.59	
793.455	82.7	
793.635	111.17	
793.815	146.81	
793.995	118.75	
794.175	109.12	
794.355	174.66	
794.535	161.76	
794.715	139.84	
794.896	154.18	
795.076	125.92	
795.256	145.37	
795.436	92.53	
795.616	131.86	
795.795	148.24	
795.975	166.26	
796.155	162.98	
796.335	204.15	
796.515	220.33	
796.695	249	
796.875	300.4	
797.055	243.88	
797.234	254.73	
797.414	237.53	
797.594	189.61	
797.774	130.42	
797.954	106.26	
798.133	98.27	
798.313	59.77	
798.493	82.5	
798.672	53.62	
798.852	67.34	
799.032	17.58	
799.211	5.9	
799.391	-35.05	
799.571	-27.07	
799.75	-32.8	
799.93	49.53	
800.109	82.5	
800.289	108.3	
800.468	107.07	
800.648	102.57	
800.827	53.62	
801.007	34.17	
801.186	-26.66	
801.366	-2.29	
801.545	20.45	
801.725	105.23	
801.904	63.66	
802.083	131.86	
802.263	121.82	
802.442	184.49	
802.621	86.8	
802.801	199.23	
802.98	212.14	
803.159	174.45	
803.338	88.44	
803.518	147.42	
803.697	59.56	
803.876	65.91	
804.055	100.52	
804.235	128.17	
804.414	64.27	
804.593	89.05	
804.772	49.94	
804.951	47.68	
805.13	-26.45	
805.309	10.41	
805.488	13.69	
805.667	49.73	
805.846	71.85	
806.025	138	
806.204	174.86	
806.383	143.12	
806.562	83.73	
806.741	74.72	
806.92	92.53	
807.099	50.76	
807.278	31.71	
807.457	42.15	
807.636	72.87	
807.814	59.15	
807.993	58.74	
808.172	95.2	
808.351	108.1	
808.53	88.44	
808.708	67.14	
808.887	52.39	
809.066	124.89	
809.244	123.05	
809.423	98.06	
809.602	103.59	
809.78	154.38	
809.959	88.64	
810.138	125.51	
810.316	135.75	
810.495	149.88	
810.673	53.83	
810.852	71.24	
811.03	72.05	
811.209	82.91	
811.388	81.88	
811.566	141.89	
811.744	136.36	
811.923	100.73	
812.101	89.26	
812.28	153.56	
812.458	176.91	
812.637	136.97	
812.815	149.06	
812.993	193.5	
813.172	184.49	
813.35	99.5	
813.528	145.99	
813.706	133.49	
813.885	90.28	
814.063	-4.13	
814.241	100.52	
814.419	108.1	
814.598	157.45	
814.776	169.13	
814.954	174.45	
815.132	130.42	
815.31	117.93	
815.488	26.38	
815.666	-18.06	
815.844	-37.31	
816.022	-56.76	
816.201	-94.04	
816.379	-19.29	
816.557	35.19	
816.735	74.72	
816.913	55.06	
817.09	106.46	
817.268	48.91	
817.446	21.67	
817.624	-7.41	
817.802	109.33	
817.98	63.86	
818.158	69.19	
818.336	23.52	
818.514	68.78	
818.691	2.22	
818.869	49.12	
819.047	93.35	
819.225	124.69	
819.402	86.19	
819.58	130.01	
819.758	133.9	
819.935	101.34	
820.113	108.3	
820.291	112.81	
820.468	33.14	
820.646	33.76	
820.824	62.84	
821.001	140.05	
821.179	207.43	
821.356	235.07	
821.534	185.1	
821.711	144.35	
821.889	137.18	
822.066	89.05	
822.244	86.8	
822.421	155.82	
822.599	191.25	
822.776	115.06	
822.953	70.83	
823.131	41.95	
823.308	-22.56	
823.486	4.68	
823.663	-5.56	
823.84	36.42	
824.017	2.22	
824.195	19.42	
824.372	9.8	
824.549	27.41	
824.726	22.08	
824.904	30.48	
825.081	37.65	
825.258	-14.17	
825.435	-19.69	
825.612	6.11	
825.789	-9.66	
825.967	-2.29	
826.144	55.47	
826.321	92.33	
826.498	72.26	
826.675	122.23	
826.852	61.81	
827.029	63.04	
827.206	63.25	
827.383	15.53	
827.56	55.26	
827.737	89.67	
827.914	90.49	
828.09	75.74	
828.267	114.86	
828.444	95.2	
828.621	70.21	
828.798	82.09	
828.975	32.12	
829.151	15.74	
829.328	-3.52	
829.505	72.26	
829.682	5.09	
829.858	17.58	
830.035	81.07	
830.212	69.6	
830.389	17.99	
830.565	-1.06	
830.742	73.08	
830.918	42.77	
831.095	54.03	
831.272	65.91	
831.448	85.16	
831.625	89.05	
831.801	100.93	
831.978	105.85	
832.154	59.97	
832.331	96.22	
832.507	13.07	
832.684	32.94	
832.86	47.68	
833.037	177.73	
833.213	130.01	
833.389	168.72	
833.566	78.61	
833.742	36.62	
833.918	-68.85	
834.095	-105.91	
834.271	-140.12	
834.447	-72.33	
834.624	-40.38	
834.8	-29.12	
834.976	38.06	
835.152	62.22	
835.328	51.37	
835.505	64.27	
835.681	80.45	
835.857	24.95	
836.033	62.43	
836.209	136.36	
836.385	118.54	
836.561	146.81	
836.737	211.32	
836.913	134.52	
837.089	82.91	
837.265	98.27	
837.441	115.68	
837.617	94.58	
837.793	116.5	
837.969	119.57	
838.145	108.51	
838.321	76.56	
838.497	73.08	
838.673	115.68	
838.849	46.86	
839.025	87	
839.2	62.22	
839.376	80.45	
839.552	37.03	
839.728	94.99	
839.903	44.61	
840.079	91.92	
840.255	73.69	
840.431	185.31	
840.606	125.71	
840.782	194.73	
840.958	105.85	
841.133	116.29	
841.309	35.6	
841.484	93.15	
841.66	8.16	
841.835	16.55	
842.011	-18.67	
842.186	29.87	
842.362	-11.91	
842.537	31.5	
842.713	32.94	
842.888	54.03	
843.064	-17.03	
843.239	4.47	
843.415	2.63	
843.59	55.06	
843.765	71.03	
843.941	109.12	
844.116	165.44	
844.291	134.72	
844.467	132.67	
844.642	155	
844.817	171.59	
844.992	111.99	
845.168	111.78	
845.343	111.99	
845.518	87	
845.693	87.41	
845.868	84.34	
846.043	71.44	
846.219	24.13	
846.394	73.49	
846.569	47.48	
846.744	31.3	
846.919	39.08	
847.094	164.01	
847.269	120.8	
847.444	111.78	
847.619	132.67	
847.794	220.33	
847.969	176.91	
848.144	192.47	
848.319	185.51	
848.494	204.56	
848.668	176.91	
848.843	166.47	
849.018	138	
849.193	140.05	
849.368	127.96	
849.542	156.64	
849.717	128.58	
849.892	130.01	
850.067	138.82	
850.241	178.34	
850.416	130.22	
850.591	168.72	
850.765	156.64	
850.94	201.69	
851.115	121.62	
851.289	131.65	
851.464	58.13	
851.639	75.33	
851.813	0.79	
851.988	72.26	
852.162	30.28	
852.337	33.96	
852.511	48.71	
852.686	133.7	
852.86	110.35	
853.035	118.34	
853.209	128.17	
853.383	158.68	
853.558	72.46	
853.732	84.96	
853.906	45.84	
854.081	79.84	
854.255	29.66	
854.429	75.33	
854.604	55.47	
854.778	126.94	
854.952	110.15	
855.126	136.36	
855.301	118.34	
855.475	95.2	
855.649	60.18	
855.823	34.99	
855.997	0.99	
856.171	15.94	
856.345	-0.24	
856.52	8.57	
856.694	41.54	
856.868	98.27	
857.042	83.11	
857.216	169.33	
857.39	171.38	
857.564	150.9	
857.738	92.94	
857.912	91.1	
858.085	44.41	
858.259	70.42	
858.433	81.68	
858.607	66.32	
858.781	70.83	
858.955	37.24	
859.129	12.87	
859.302	22.9	
859.476	9.8	
859.65	87.82	
859.824	87.41	
859.997	91.1	
860.171	111.38	
860.345	172	
860.519	116.29	
860.692	146.4	
860.866	175.68	
861.039	185.72	
861.213	181.83	
861.387	148.24	
861.56	137.59	
861.734	150.49	
861.907	120.39	
862.081	77.17	
862.254	126.12	
862.428	154.79	
862.601	88.64	
862.775	88.64	
862.948	199.23	
863.122	163.19	
863.295	127.35	
863.468	142.3	
863.642	88.23	
863.815	17.58	
863.988	24.13	
864.162	40.72	
864.335	16.14	
864.508	74.92	
864.682	105.85	
864.855	101.55	
865.028	79.43	
865.201	139.43	
865.374	101.14	
865.548	125.51	
865.721	117.72	
865.894	201.28	
866.067	159.5	
866.24	197.19	
866.413	170.97	
866.586	175.68	
866.759	67.96	
866.932	64.07	
867.105	54.65	
867.278	-28.91	
867.451	-33.42	
867.624	21.06	
867.797	52.19	
867.97	35.19	
868.143	70.42	
868.316	110.35	
868.489	52.19	
868.661	41.54	
868.834	57.51	
869.007	102.57	
869.18	63.86	
869.353	98.88	
869.525	127.96	
869.698	113.01	
869.871	85.37	
870.044	89.67	
870.216	122.23	
870.389	84.96	
870.562	91.31	
870.734	133.29	
870.907	111.17	
871.079	113.63	
871.252	102.36	
871.425	152.95	
871.597	77.58	
871.77	187.76	
871.942	152.33	
872.115	148.85	
872.287	130.01	
872.459	154.18	
872.632	85.78	
872.804	106.87	
872.977	56.29	
873.149	40.52	
873.321	4.88	
873.494	3.45	
873.666	34.37	
873.838	76.15	
874.011	41.13	
874.183	99.09	
874.355	63.66	
874.528	14.71	
874.7	29.25	
874.872	131.04	
875.044	147.62	
875.216	180.6	
875.388	234.87	
875.561	251.25	
875.733	137.59	
875.905	107.89	
876.077	53.01	
876.249	87.62	
876.421	46.25	
876.593	17.78	
876.765	39.29	
876.937	120.18	
877.109	45.23	
877.281	69.19	
877.453	106.87	
877.625	91.51	
877.797	17.78	
877.968	-3.52	
878.14	-21.74	
878.312	25.98	
878.484	-26.04	
878.656	12.46	
878.828	10	
878.999	87.41	
879.171	9.8	
879.343	8.16	
879.515	-6.18	
879.686	-13.14	
879.858	-65.77	
880.03	-0.85	
880.201	35.6	
880.373	19.22	
880.545	25.16	
880.716	53.62	
880.888	131.24	
881.059	158.89	
881.231	176.09	
881.402	220.94	
881.574	200.67	
881.745	136.16	
881.917	140.66	
882.088	157.45	
882.26	121.21	
882.431	166.06	
882.602	85.37	
882.774	70.83	
882.945	17.99	
883.116	-20.31	
883.288	-78.88	
883.459	-19.08	
883.63	-14.98	
883.802	15.33	
883.973	63.25	
884.144	107.89	
884.315	116.5	
884.487	127.14	
884.658	160.73	
884.829	183.26	
885	138.82	
885.171	149.47	
885.342	88.03	
885.513	79.02	
885.684	66.32	
885.855	97.86	
886.026	62.43	
886.197	113.83	
886.368	63.66	
886.539	93.56	
886.71	62.43	
886.881	90.28	
887.052	99.5	
887.223	135.34	
887.394	78.4	
887.565	140.87	
887.736	78.81	
887.907	95.61	
888.077	73.49	
888.248	74.31	
888.419	7.95	
888.59	32.12	
888.761	46.66	
888.931	79.02	
889.102	137.38	
889.273	135.95	
889.443	116.7	
889.614	53.62	
889.785	39.49	
889.955	-2.49	
890.126	-26.45	
890.296	41.95	
890.467	49.94	
890.637	143.32	
890.808	167.49	
890.978	230.77	
891.149	216.44	
891.319	303.47	
891.49	246.34	
891.66	247.16	
891.831	212.55	
892.001	213.98	
892.172	82.09	
892.342	75.95	
892.512	45.84	
892.683	101.75	
892.853	72.26	
893.023	145.99	
893.193	94.79	
893.364	118.95	
893.534	84.34	
893.704	145.37	
893.874	151.93	
894.044	180.39	
894.215	151.52	
894.385	182.24	
894.555	148.44	
894.725	187.36	
894.895	142.5	
895.065	185.1	
895.235	150.08	
895.405	212.55	
895.575	135.13	
895.745	199.08	
895.915	202.24	
