177.618	-271.7	
177.836	-282.71	
178.054	-282.55	
178.271	-228.69	
178.489	-133.46	
178.706	-83.08	
178.924	-22.25	
179.142	35.09	
179.359	44.3	
179.577	-25.74	
179.794	-20.62	
180.012	-38.64	
180.229	-56.25	
180.447	-54.2	
180.664	-14.68	
180.882	-23.69	
181.1	12.56	
181.317	2.12	
181.535	-9.35	
181.752	-30.45	
181.969	-1.37	
182.187	11.74	
182.404	37.34	
182.622	38.37	
182.839	62.33	
183.057	57.62	
183.274	39.8	
183.492	41.85	
183.709	59.25	
183.926	31.81	
184.144	12.15	
184.361	8.67	
184.579	22.8	
184.796	9.49	
185.013	36.11	
185.231	31.2	
185.448	38.37	
185.666	40.62	
185.883	32.84	
186.1	27.72	
186.317	40	
186.535	25.05	
186.752	10.72	
186.969	30.17	
187.187	51.88	
187.404	33.86	
187.621	78.71	
187.839	101.65	
188.056	85.88	
188.273	69.49	
188.49	112.71	
188.708	76.46	
188.925	86.49	
189.142	97.14	
189.359	90.18	
189.576	42.46	
189.794	42.05	
190.011	23.01	
190.228	10.31	
190.445	3.96	
190.662	51.27	
190.879	55.36	
191.097	42.26	
191.314	56.8	
191.531	66.01	
191.748	13.79	
191.965	16.04	
192.182	18.09	
192.399	-0.75	
192.616	21.57	
192.834	58.84	
193.051	44.1	
193.268	50.86	
193.485	62.74	
193.702	36.32	
193.919	20.34	
194.136	23.62	
194.353	-3.82	
194.57	15.02	
194.787	10.31	
195.004	37.34	
195.221	21.16	
195.438	68.06	
195.655	39.39	
195.872	81.78	
196.089	32.43	
196.306	56.39	
196.523	23.21	
196.74	47.38	
196.957	-20	
197.173	18.3	
197.39	7.65	
197.607	32.84	
197.824	21.16	
198.041	61.1	
198.258	49.22	
198.475	77.28	
198.692	57.62	
198.909	30.99	
199.125	14.81	
199.342	34.88	
199.559	33.04	
199.776	54.13	
199.993	111.07	
200.21	115.78	
200.426	84.03	
200.643	76.46	
200.86	57.21	
201.077	44.71	
201.293	42.67	
201.51	56.59	
201.727	17.07	
201.944	-14.88	
202.16	-23.48	
202.377	-31.68	
202.594	-47.04	
202.811	-8.33	
203.027	13.38	
203.244	-5.05	
203.461	4.57	
203.677	38.37	
203.894	51.27	
204.111	59.25	
204.327	69.7	
204.544	59.46	
204.761	65.6	
204.977	31.2	
205.194	23.01	
205.41	39.8	
205.627	38.77	
205.844	26.49	
206.06	19.11	
206.277	21.57	
206.493	6.42	
206.71	25.46	
206.926	5.39	
207.143	41.23	
207.36	16.86	
207.576	47.17	
207.793	42.26	
208.009	62.53	
208.226	44.71	
208.442	73.59	
208.659	48.2	
208.875	41.64	
209.092	12.77	
209.308	6.21	
209.524	-6.08	
209.741	25.87	
209.957	58.84	
210.174	69.29	
210.39	61.71	
210.607	75.02	
210.823	20.14	
211.039	-9.76	
211.256	27.72	
211.472	26.08	
211.688	40.62	
211.905	62.94	
212.121	54.34	
212.338	20.75	
212.554	32.84	
212.77	29.56	
212.987	37.34	
213.203	66.63	
213.419	83.83	
213.635	73.59	
213.852	54.75	
214.068	42.05	
214.284	6.83	
214.501	19.52	
214.717	18.7	
214.933	29.35	
215.149	12.97	
215.365	5.39	
215.582	-25.53	
215.798	2.94	
216.014	-1.37	
216.23	32.84	
216.447	59.46	
216.663	58.64	
216.879	27.72	
217.095	43.08	
217.311	35.5	
217.527	33.86	
217.743	51.88	
217.96	47.99	
218.176	35.29	
218.392	24.64	
218.608	36.93	
218.824	21.37	
219.04	29.15	
219.256	43.49	
219.472	41.64	
219.688	25.26	
219.904	46.56	
220.12	83.01	
220.336	72.77	
220.552	83.63	
220.768	90.79	
220.984	100.21	
221.2	47.38	
221.416	60.69	
221.632	34.68	
221.848	26.69	
222.064	-6.28	
222.28	4.37	
222.496	-35.77	
222.712	-8.53	
222.928	-28.81	
223.144	-6.49	
223.36	4.16	
223.576	46.56	
223.792	49.22	
224.008	94.48	
224.224	84.85	
224.439	113.32	
224.655	88.75	
224.871	87.72	
225.087	66.22	
225.303	43.28	
225.519	12.77	
225.734	24.03	
225.95	10.72	
226.166	12.97	
226.382	31.61	
226.598	45.94	
226.813	58.64	
227.029	51.06	
227.245	43.28	
227.461	42.67	
227.677	36.11	
227.892	29.97	
228.108	37.34	
228.324	69.29	
228.539	39.18	
228.755	53.32	
228.971	47.38	
229.186	71.34	
229.402	53.93	
229.618	87.52	
229.833	61.71	
230.049	70.31	
230.265	31.4	
230.48	40	
230.696	39.39	
230.912	42.46	
231.127	31.2	
231.343	51.27	
231.558	12.15	
231.774	30.79	
231.99	71.95	
232.205	76.05	
232.421	56.59	
232.636	76.87	
232.852	46.15	
233.067	12.15	
233.283	6.83	
233.498	32.02	
233.714	47.38	
233.929	69.49	
234.145	54.13	
234.36	61.71	
234.576	59.25	
234.791	83.22	
235.007	81.17	
235.222	119.87	
235.438	114.96	
235.653	137.69	
235.868	110.86	
236.084	130.32	
236.299	140.35	
236.515	139.33	
236.73	99.6	
236.945	96.32	
237.161	56.59	
237.376	18.09	
237.592	21.78	
237.807	36.11	
238.022	31.2	
238.238	51.06	
238.453	45.53	
238.668	42.26	
238.883	12.15	
239.099	20.34	
239.314	5.19	
239.529	30.58	
239.745	20.75	
239.96	54.34	
240.175	39.8	
240.39	88.75	
240.605	75.23	
240.821	74	
241.036	70.31	
241.251	114.96	
241.466	57.62	
241.681	59.46	
241.897	65.6	
242.112	72.57	
242.327	28.74	
242.542	46.76	
242.757	64.37	
242.972	67.45	
243.188	41.03	
243.403	51.88	
243.618	48.4	
243.833	29.97	
244.048	34.06	
244.263	52.29	
244.478	50.04	
244.693	34.88	
244.908	36.32	
245.123	29.97	
245.338	62.74	
245.553	70.11	
245.768	71.54	
245.983	68.06	
246.198	64.58	
246.413	37.75	
246.628	21.16	
246.843	21.98	
247.058	42.67	
247.273	35.91	
247.488	20.75	
247.703	51.27	
247.918	53.73	
248.133	50.65	
248.348	58.23	
248.563	87.31	
248.778	69.49	
248.993	90.59	
249.207	102.47	
249.422	102.88	
249.637	62.53	
249.852	41.23	
250.067	4.16	
250.282	-21.85	
250.496	-46.42	
250.711	1.09	
250.926	8.26	
251.141	58.44	
251.356	58.84	
251.57	92.84	
251.785	68.47	
252	58.23	
252.215	31.61	
252.43	44.3	
252.644	45.33	
252.859	54.95	
253.074	63.35	
253.288	47.38	
253.503	27.31	
253.718	49.83	
253.932	92.84	
254.147	119.67	
254.362	130.93	
254.576	139.53	
254.791	109.63	
255.006	64.78	
255.22	64.58	
255.435	70.93	
255.65	81.17	
255.864	87.72	
256.079	58.64	
256.293	47.79	
256.508	51.27	
256.723	86.08	
256.937	67.45	
257.152	78.71	
257.366	70.72	
257.581	61.92	
257.795	13.38	
258.01	52.7	
258.224	69.7	
258.439	80.76	
258.653	69.08	
258.868	87.93	
259.082	47.38	
259.297	27.31	
259.511	2.73	
259.726	-3.82	
259.94	-25.33	
260.154	-31.88	
260.369	-12.22	
260.583	3.96	
260.798	-9.76	
261.012	1.3	
261.226	21.78	
261.441	14.2	
261.655	23.42	
261.869	62.33	
262.084	60.07	
262.298	47.17	
262.512	19.73	
262.727	2.32	
262.941	11.54	
263.155	-0.96	
263.37	3.14	
263.584	34.88	
263.798	47.38	
264.012	58.23	
264.227	71.13	
264.441	99.8	
264.655	78.71	
264.869	101.85	
265.084	59.05	
265.298	55.98	
265.512	26.9	
265.726	56.18	
265.94	29.15	
266.155	54.95	
266.369	65.81	
266.583	94.27	
266.797	84.65	
267.011	124.79	
267.225	142.2	
267.439	138.31	
267.654	111.27	
267.868	89.77	
268.082	33.25	
268.296	-24.51	
268.51	-51.54	
268.724	-17.75	
268.938	-28.19	
269.152	-6.69	
269.366	22.6	
269.58	55.16	
269.794	21.98	
270.008	74	
270.222	62.74	
270.436	60.69	
270.65	47.38	
270.864	72.36	
271.078	38.37	
271.292	51.68	
271.506	77.89	
271.72	83.42	
271.934	78.51	
272.148	76.25	
272.362	71.54	
272.575	77.28	
272.789	81.37	
273.003	75.84	
273.217	94.48	
273.431	83.01	
273.645	53.73	
273.859	85.67	
274.073	91.2	
274.286	93.46	
274.5	99.6	
274.714	80.96	
274.928	62.53	
275.142	69.29	
275.355	48.2	
275.569	68.88	
275.783	98.99	
275.997	69.9	
276.21	54.34	
276.424	90.59	
276.638	58.44	
276.852	68.68	
277.065	76.66	
277.279	93.05	
277.493	74.82	
277.706	123.97	
277.92	137.08	
278.134	109.02	
278.347	81.37	
278.561	60.07	
278.775	26.28	
278.988	-5.26	
279.202	36.73	
279.415	54.75	
279.629	54.95	
279.843	61.71	
280.056	96.94	
280.27	92.02	
280.483	60.07	
280.697	67.04	
280.91	73.59	
281.124	88.34	
281.337	86.49	
281.551	130.73	
281.764	111.48	
281.978	103.9	
282.191	52.91	
282.405	54.75	
282.618	10.31	
282.832	26.9	
283.045	15.43	
283.259	33.45	
283.472	15.02	
283.686	26.49	
283.899	9.28	
284.112	7.24	
284.326	3.35	
284.539	19.32	
284.752	32.02	
284.966	59.46	
285.179	88.95	
285.393	92.23	
285.606	66.63	
285.819	97.14	
286.033	67.86	
286.246	96.12	
286.459	70.11	
286.672	101.03	
286.886	51.06	
287.099	93.87	
287.312	27.51	
287.525	48.4	
287.739	24.64	
287.952	56.59	
288.165	52.7	
288.378	72.77	
288.592	66.42	
288.805	70.52	
289.018	86.29	
289.231	72.36	
289.444	81.78	
289.657	59.66	
289.871	56.8	
290.084	9.49	
290.297	29.76	
290.51	15.22	
290.723	18.5	
290.936	66.63	
291.149	79.53	
291.362	74.41	
291.575	64.17	
291.789	78.92	
292.002	41.64	
292.215	58.84	
292.428	29.56	
292.641	53.32	
292.854	37.34	
293.067	22.19	
293.28	1.3	
293.493	13.18	
293.706	-14.68	
293.919	38.77	
294.132	40.41	
294.345	38.37	
294.558	23.62	
294.77	35.5	
294.983	-2.18	
295.196	23.62	
295.409	47.99	
295.622	78.51	
295.835	87.52	
296.048	110.66	
296.261	101.44	
296.474	99.39	
296.686	81.99	
296.899	90.38	
297.112	75.84	
297.325	79.73	
297.538	76.05	
297.751	93.66	
297.963	89.77	
298.176	83.63	
298.389	67.86	
298.602	69.08	
298.814	165.54	
299.027	149.16	
299.24	150.39	
299.453	194.63	
299.665	187.25	
299.878	59.46	
300.091	39.59	
300.303	33.65	
300.516	-16.11	
300.729	-16.11	
300.941	5.8	
301.154	19.32	
301.367	13.58	
301.579	34.27	
301.792	42.05	
302.005	31.2	
302.217	27.1	
302.43	37.96	
302.642	16.86	
302.855	-2.8	
303.067	1.3	
303.28	16.25	
303.493	-4.85	
303.705	38.57	
303.918	59.46	
304.13	84.03	
304.343	67.04	
304.555	107.79	
304.768	75.02	
304.98	77.48	
305.193	37.96	
305.405	76.87	
305.617	35.5	
305.83	49.83	
306.042	46.56	
306.255	57.62	
306.467	26.69	
306.68	28.94	
306.892	21.78	
307.104	25.26	
307.317	9.28	
307.529	38.37	
307.741	49.22	
307.954	62.94	
308.166	49.83	
308.378	85.67	
308.591	76.87	
308.803	97.76	
309.015	89.15	
309.228	114.34	
309.44	69.7	
309.652	62.53	
309.864	32.84	
310.077	12.77	
310.289	-21.85	
310.501	11.95	
310.713	1.3	
310.926	19.73	
311.138	7.65	
311.35	37.14	
311.562	16.66	
311.774	38.37	
311.986	32.02	
312.199	87.52	
312.411	33.04	
312.623	54.34	
312.835	20.96	
313.047	4.16	
313.259	-21.03	
313.471	12.56	
313.683	2.12	
313.895	21.16	
314.108	31.81	
314.32	28.94	
314.532	10.72	
314.744	25.46	
314.956	48.2	
315.168	59.66	
315.38	46.15	
315.592	89.15	
315.804	83.42	
316.016	120.08	
316.228	130.11	
316.44	150.8	
316.651	132.16	
316.863	128.89	
317.075	65.4	
317.287	33.65	
317.499	18.5	
317.711	5.19	
317.923	31.4	
318.135	27.92	
318.347	43.28	
318.559	69.49	
318.77	96.73	
318.982	62.94	
319.194	61.92	
319.406	62.74	
319.618	34.88	
319.83	11.33	
320.041	12.97	
320.253	17.48	
320.465	4.37	
320.677	-2.59	
320.888	-6.49	
321.1	1.09	
321.312	29.76	
321.524	26.08	
321.735	30.99	
321.947	16.86	
322.159	-4.85	
322.37	-50.11	
322.582	-42.53	
322.794	-14.88	
323.005	9.49	
323.217	34.47	
323.429	26.9	
323.64	60.07	
323.852	21.16	
324.063	20.34	
324.275	21.37	
324.487	60.69	
324.698	18.7	
324.91	52.5	
325.121	27.72	
325.333	11.13	
325.544	5.19	
325.756	41.64	
325.967	24.85	
326.179	59.46	
326.39	69.29	
326.602	71.75	
326.813	37.14	
327.025	38.77	
327.236	11.95	
327.448	-3.82	
327.659	-27.37	
327.871	-0.55	
328.082	0.27	
328.293	23.62	
328.505	33.65	
328.716	42.87	
328.928	13.58	
329.139	38.98	
329.35	6.42	
329.562	28.54	
329.773	52.09	
329.984	63.76	
330.196	41.23	
330.407	92.02	
330.618	72.57	
330.83	44.92	
331.041	44.71	
331.252	37.14	
331.463	16.25	
331.675	28.94	
331.886	56.8	
332.097	73.8	
332.308	90.59	
332.52	93.66	
332.731	87.52	
332.942	76.66	
333.153	89.36	
333.364	64.78	
333.575	52.91	
333.787	53.32	
333.998	24.85	
334.209	36.52	
334.42	26.69	
334.631	36.32	
334.842	42.26	
335.053	81.17	
335.264	38.37	
335.475	55.98	
335.686	41.64	
335.898	46.56	
336.109	9.49	
336.32	20.34	
336.531	22.39	
336.742	37.55	
336.953	16.45	
337.164	23.01	
337.375	6.83	
337.586	-1.57	
337.797	-29.83	
338.007	-18.36	
338.218	-23.69	
338.429	-2.59	
338.64	3.75	
338.851	12.56	
339.062	4.16	
339.273	40.21	
339.484	22.8	
339.695	-8.33	
339.906	-1.98	
340.116	24.85	
340.327	9.49	
340.538	3.75	
340.749	21.57	
340.96	26.49	
341.171	1.5	
341.381	-12.01	
341.592	6.42	
341.803	20.75	
342.014	14.4	
342.224	21.78	
342.435	36.32	
342.646	23.01	
342.857	24.03	
343.067	18.91	
343.278	32.02	
343.489	36.32	
343.699	38.98	
343.91	36.52	
344.121	24.44	
344.331	6.42	
344.542	-15.7	
344.753	21.37	
344.963	19.32	
345.174	38.16	
345.384	55.77	
345.595	88.13	
345.806	63.35	
346.016	64.37	
346.227	76.66	
346.437	67.86	
346.648	49.63	
346.858	60.07	
347.069	49.63	
347.279	47.17	
347.49	26.08	
347.7	17.68	
347.911	-10.38	
348.121	-10.79	
348.332	-10.79	
348.542	-7.92	
348.753	-1.37	
348.963	19.93	
349.173	35.91	
349.384	57	
349.594	81.37	
349.805	102.06	
350.015	72.36	
350.225	69.9	
350.436	46.35	
350.646	60.48	
350.856	40.41	
351.067	58.44	
351.277	38.57	
351.487	21.16	
351.698	-13.65	
351.908	-3.21	
352.118	2.12	
352.328	8.46	
352.539	60.69	
352.749	66.63	
352.959	48.61	
353.169	48.4	
353.38	57.62	
353.59	46.97	
353.8	47.38	
354.01	66.83	
354.22	56.8	
354.431	109.02	
354.641	71.75	
354.851	81.17	
355.061	69.08	
355.271	104.31	
355.481	49.01	
355.691	50.04	
355.901	21.78	
356.111	25.46	
356.321	0.89	
356.532	5.8	
356.742	-2.39	
356.952	14.81	
357.162	16.04	
357.372	19.93	
357.582	18.09	
357.792	6.62	
358.002	-5.05	
358.212	24.64	
358.422	29.15	
358.632	17.68	
358.842	45.33	
359.051	72.57	
359.261	42.26	
359.471	36.52	
359.681	51.06	
359.891	40.82	
360.101	1.91	
360.311	-12.83	
360.521	-33.52	
360.731	-35.98	
360.94	-20.82	
361.15	11.54	
361.36	22.19	
361.57	43.28	
361.78	41.03	
361.989	25.87	
362.199	21.98	
362.409	30.79	
362.619	3.55	
362.828	51.88	
363.038	68.06	
363.248	73.39	
363.458	67.65	
363.667	91.82	
363.877	55.16	
364.087	41.44	
364.296	11.33	
364.506	19.93	
364.716	10.51	
364.925	-4.23	
365.135	-16.11	
365.345	-4.23	
365.554	-22.25	
365.764	19.52	
365.973	16.66	
366.183	42.67	
366.393	64.78	
366.602	88.13	
366.812	29.56	
367.021	72.98	
367.231	51.27	
367.44	37.75	
367.65	35.7	
367.859	63.15	
368.069	12.15	
368.278	36.73	
368.488	49.42	
368.697	25.05	
368.907	-5.87	
369.116	58.84	
369.326	43.28	
369.535	28.54	
369.744	54.13	
369.954	86.7	
370.163	42.46	
370.373	40	
370.582	32.22	
370.791	18.91	
371.001	-9.35	
371.21	-10.79	
371.419	-12.01	
371.629	-3	
371.838	-11.81	
372.047	22.19	
372.256	15.63	
372.466	23.82	
372.675	1.09	
372.884	-0.14	
373.093	-29.63	
373.303	0.27	
373.512	-13.65	
373.721	10.31	
373.93	12.15	
374.139	50.24	
374.349	11.95	
374.558	59.25	
374.767	31.4	
374.976	20.96	
375.185	7.03	
375.394	10.1	
375.603	-28.6	
375.813	-12.83	
376.022	-6.08	
376.231	-28.19	
376.44	-30.65	
376.649	-26.96	
376.858	-1.16	
377.067	1.09	
377.276	17.89	
377.485	50.86	
377.694	64.58	
377.903	55.57	
378.112	41.23	
378.321	48.81	
378.53	25.26	
378.739	13.99	
378.948	6.01	
379.157	11.13	
379.366	21.98	
379.575	27.51	
379.784	12.56	
379.992	11.33	
380.201	49.83	
380.41	24.64	
380.619	8.26	
380.828	26.08	
381.037	11.54	
381.246	-32.29	
381.454	-49.49	
381.663	-4.03	
381.872	-5.87	
382.081	23.42	
382.29	46.56	
382.498	73.8	
382.707	60.07	
382.916	75.23	
383.125	37.75	
383.333	30.58	
383.542	30.58	
383.751	21.78	
383.959	23.01	
384.168	28.54	
384.377	68.27	
384.585	49.63	
384.794	19.11	
385.003	4.57	
385.211	23.62	
385.42	-23.69	
385.628	-14.27	
385.837	14.4	
386.046	42.05	
386.254	51.47	
386.463	63.96	
386.671	83.83	
386.88	77.48	
387.088	48.4	
387.297	44.92	
387.505	52.5	
387.714	25.67	
387.922	22.19	
388.131	29.97	
388.339	23.21	
388.548	-2.8	
388.756	6.21	
388.965	6.83	
389.173	-16.11	
389.381	-8.94	
389.59	16.86	
389.798	36.11	
390.007	50.04	
390.215	63.96	
390.423	109.84	
390.632	106.97	
390.84	119.87	
391.048	108.2	
391.257	109.63	
391.465	62.33	
391.673	68.06	
391.882	35.91	
392.09	17.27	
392.298	15.84	
392.506	6.42	
392.715	-6.08	
392.923	21.78	
393.131	46.76	
393.339	50.86	
393.547	52.91	
393.756	49.42	
393.964	25.46	
394.172	22.19	
394.38	10.1	
394.588	31.61	
394.796	19.73	
395.005	15.63	
395.213	2.73	
395.421	17.07	
395.629	-14.47	
395.837	-8.53	
396.045	-7.51	
396.253	3.75	
396.461	-7.1	
396.669	9.08	
396.877	38.77	
397.085	54.75	
397.293	45.12	
397.501	44.51	
397.709	43.89	
397.917	32.84	
398.125	25.26	
398.333	43.28	
398.541	36.93	
398.749	33.45	
398.957	22.8	
399.165	0.89	
399.373	0.89	
399.581	9.49	
399.788	25.87	
399.996	16.25	
400.204	27.51	
400.412	8.06	
400.62	-4.03	
400.828	-21.85	
401.035	-13.45	
401.243	0.07	
401.451	21.98	
401.659	16.86	
401.867	17.07	
402.074	10.92	
402.282	1.71	
402.49	-17.54	
402.697	37.96	
402.905	25.26	
403.113	37.96	
403.321	8.87	
403.528	2.53	
403.736	-31.88	
403.944	-20	
404.151	-32.9	
404.359	-14.88	
404.566	-6.69	
404.774	-5.87	
404.982	-23.69	
405.189	-28.81	
405.397	-20.41	
405.604	-26.15	
405.812	-22.25	
406.02	-23.69	
406.227	-7.3	
406.435	-6.28	
406.642	17.27	
406.85	7.65	
407.057	44.1	
407.265	42.46	
407.472	48.4	
407.679	30.79	
407.887	23.21	
408.094	-9.76	
408.302	-22.46	
408.509	-10.58	
408.717	7.44	
408.924	19.93	
409.131	28.74	
409.339	50.45	
409.546	41.03	
409.753	17.07	
409.961	35.5	
410.168	36.73	
410.375	34.88	
410.583	16.25	
410.79	27.72	
410.997	7.03	
411.205	0.07	
411.412	-4.23	
411.619	16.86	
411.826	21.16	
412.034	47.17	
412.241	79.73	
412.448	76.46	
412.655	38.37	
412.862	51.68	
413.07	16.66	
413.277	-16.73	
413.484	-35.77	
413.691	0.48	
413.898	-40.28	
414.105	-48.06	
414.312	-51.13	
414.519	-42.12	
414.727	-65.06	
414.934	-32.9	
415.141	-20	
415.348	12.15	
415.555	2.53	
415.762	2.32	
415.969	-28.6	
416.176	-17.54	
416.383	-28.19	
416.59	-29.63	
416.797	-25.12	
417.004	-2.8	
417.211	-12.83	
417.418	-22.66	
417.625	-10.79	
417.831	-4.44	
418.038	-8.53	
418.245	-6.08	
418.452	7.65	
418.659	-0.14	
418.866	-16.32	
419.073	-20.82	
419.28	-43.76	
419.486	-34.95	
419.693	-39.87	
419.9	-31.06	
420.107	-23.48	
420.314	-0.34	
420.52	-0.96	
420.727	34.06	
420.934	34.06	
421.141	29.76	
421.347	27.51	
421.554	-4.44	
421.761	-50.31	
421.967	-34.75	
422.174	-16.52	
422.381	-14.27	
422.588	-6.69	
422.794	2.94	
423.001	37.34	
423.207	15.43	
423.414	16.04	
423.621	23.82	
423.827	50.04	
424.034	30.38	
424.24	45.12	
424.447	18.3	
424.654	-12.83	
424.86	-24.1	
425.067	-59.32	
425.273	-74.07	
425.48	-31.27	
425.686	10.72	
425.893	21.16	
426.099	21.57	
426.306	20.55	
426.512	1.91	
426.718	6.21	
426.925	-17.13	
427.131	-15.91	
427.338	-12.83	
427.544	-6.28	
427.75	-31.47	
427.957	-31.47	
428.163	-15.7	
428.37	-17.34	
428.576	-21.64	
428.782	-30.65	
428.988	-8.94	
429.195	-19.39	
429.401	-22.25	
429.607	-30.65	
429.814	15.22	
430.02	-1.98	
430.226	-7.51	
430.432	2.12	
430.639	15.84	
430.845	-1.37	
431.051	9.08	
431.257	28.74	
431.463	13.79	
431.67	-4.44	
431.876	-18.77	
432.082	-27.78	
432.288	-26.96	
432.494	-24.51	
432.7	-5.05	
432.906	-10.79	
433.112	-1.57	
433.318	8.46	
433.525	33.45	
433.731	15.02	
433.937	29.56	
434.143	27.1	
434.349	26.28	
434.555	22.19	
434.761	34.88	
434.967	12.97	
435.173	26.08	
435.379	23.62	
435.585	30.58	
435.791	35.7	
435.996	92.84	
436.202	93.46	
436.408	74.61	
436.614	68.68	
436.82	72.36	
437.026	30.99	
437.232	26.49	
437.438	37.75	
437.644	12.97	
437.849	6.21	
438.055	-4.03	
438.261	-19.18	
438.467	-46.83	
438.673	-37	
438.878	-71.61	
439.084	-63.83	
439.29	-37.41	
439.496	-15.7	
439.701	0.07	
439.907	3.35	
440.113	6.83	
440.318	-8.94	
440.524	-20	
440.73	-26.96	
440.935	1.91	
441.141	-16.93	
441.347	19.52	
441.552	3.55	
441.758	15.43	
441.964	-24.3	
442.169	1.5	
442.375	-36.39	
442.58	1.5	
442.786	7.85	
442.991	40.41	
443.197	11.95	
443.402	25.05	
443.608	20.75	
443.813	30.58	
444.019	31.61	
444.224	56.39	
444.43	34.06	
444.635	38.16	
444.841	3.35	
445.046	39.8	
445.252	28.54	
445.457	34.68	
445.662	10.92	
445.868	9.28	
446.073	-23.48	
446.278	-32.29	
446.484	-34.13	
446.689	-23.69	
446.894	-19.59	
447.1	-15.29	
447.305	15.84	
447.51	30.79	
447.716	16.86	
447.921	8.67	
448.126	28.54	
448.331	-17.95	
448.537	-22.25	
448.742	-11.81	
448.947	-19.39	
449.152	-58.09	
449.357	-6.69	
449.563	-0.34	
449.768	2.12	
449.973	12.15	
450.178	32.22	
450.383	-12.42	
450.588	-24.71	
450.793	-25.94	
450.999	-10.58	
451.204	-17.95	
451.409	-7.3	
451.614	-15.09	
451.819	-10.58	
452.024	-27.17	
452.229	-29.22	
452.434	-0.55	
452.639	-9.35	
452.844	9.69	
453.049	-2.59	
453.254	-12.83	
453.459	-35.77	
453.664	-8.12	
453.869	-17.75	
454.074	2.94	
454.279	26.9	
454.483	12.97	
454.688	-4.23	
454.893	23.21	
455.098	11.95	
455.303	4.37	
455.508	19.52	
455.713	30.99	
455.917	-6.08	
456.122	31.2	
456.327	5.39	
456.532	27.72	
456.737	2.73	
456.941	17.68	
457.146	-15.5	
457.351	-9.76	
457.555	-27.17	
457.76	-2.59	
457.965	-5.05	
458.17	3.35	
458.374	28.74	
458.579	34.27	
458.784	8.06	
458.988	-9.15	
459.193	-10.58	
459.397	-2.39	
459.602	-4.44	
459.807	45.53	
460.011	51.68	
460.216	50.24	
460.42	25.26	
460.625	4.16	
460.829	-21.23	
461.034	-40.48	
461.239	-53.79	
461.443	-47.85	
461.648	-32.08	
461.852	-39.46	
462.056	-6.08	
462.261	2.12	
462.465	21.37	
462.67	3.35	
462.874	-5.67	
463.079	-24.71	
463.283	-15.5	
463.487	-14.06	
463.692	8.67	
463.896	8.46	
464.1	13.99	
464.305	0.68	
464.509	-17.75	
464.713	-6.69	
464.918	26.28	
465.122	34.68	
465.326	30.58	
465.531	12.97	
465.735	-9.76	
465.939	-21.85	
466.143	-35.16	
466.348	-30.45	
466.552	-26.15	
466.756	-6.08	
466.96	10.92	
467.164	25.26	
467.368	29.15	
467.573	45.94	
467.777	35.5	
467.981	9.9	
468.185	-17.13	
468.389	-7.92	
468.593	-40.07	
468.797	-57.27	
469.001	-48.47	
469.205	-42.73	
469.409	-47.44	
469.613	-21.03	
469.817	-0.14	
470.021	0.89	
470.225	10.31	
470.429	-0.34	
470.633	-7.92	
470.837	-17.54	
471.041	-22.05	
471.245	-54	
471.449	-41.1	
471.653	-26.35	
471.857	4.57	
472.061	-3.82	
472.265	28.74	
472.469	25.05	
472.673	9.49	
472.876	-10.79	
473.08	-1.16	
473.284	27.1	
473.488	31.2	
473.692	61.92	
473.895	76.46	
474.099	91.61	
474.303	61.3	
474.507	60.48	
474.71	37.55	
474.914	14.4	
475.118	-3.41	
475.322	2.94	
475.525	-27.78	
475.729	-9.15	
475.933	-7.71	
476.136	42.46	
476.34	43.69	
476.543	71.75	
476.747	64.17	
476.951	74.41	
477.154	10.72	
477.358	47.99	
477.561	46.56	
477.765	29.56	
477.969	25.67	
478.172	38.57	
478.376	1.5	
478.579	9.28	
478.783	14.4	
478.986	16.45	
479.19	14.2	
479.393	17.48	
479.596	16.45	
479.8	27.72	
480.003	26.08	
480.207	27.92	
480.41	18.5	
480.614	11.74	
480.817	-5.05	
481.02	24.44	
481.224	32.22	
481.427	37.96	
481.63	62.53	
481.834	82.6	
482.037	26.28	
482.24	26.49	
482.443	19.11	
482.647	2.94	
482.85	-7.3	
483.053	32.02	
483.256	-0.96	
483.46	20.55	
483.663	16.04	
483.866	37.34	
484.069	14.4	
484.272	26.9	
484.476	15.63	
484.679	29.97	
484.882	29.76	
485.085	28.94	
485.288	34.27	
485.491	50.65	
485.694	16.86	
485.897	-2.8	
486.101	7.44	
486.304	30.17	
486.507	-4.64	
486.71	16.25	
486.913	15.22	
487.116	-5.05	
487.319	-23.69	
487.522	-7.1	
487.725	11.54	
487.928	10.31	
488.13	22.19	
488.333	27.72	
488.536	23.21	
488.739	2.12	
488.942	13.18	
489.145	16.45	
489.348	16.86	
489.551	18.7	
489.754	17.48	
489.956	-6.69	
490.159	-13.86	
490.362	-31.68	
490.565	-52.36	
490.768	-56.87	
490.97	-11.81	
491.173	6.83	
491.376	15.22	
491.579	22.39	
491.781	33.25	
491.984	7.24	
492.187	-7.71	
492.39	-7.71	
492.592	-0.55	
492.795	7.44	
492.998	-8.94	
493.2	2.53	
493.403	7.85	
493.605	48.81	
493.808	37.75	
494.011	37.14	
494.213	26.08	
494.416	36.32	
494.618	-5.05	
494.821	-16.52	
495.023	8.26	
495.226	23.42	
495.428	12.77	
495.631	33.25	
495.833	47.99	
496.036	39.8	
496.238	25.05	
496.441	36.32	
496.643	15.43	
496.846	17.48	
497.048	24.85	
497.25	46.76	
497.453	46.15	
497.655	95.09	
497.858	95.91	
498.06	98.58	
498.262	63.76	
498.465	50.24	
498.667	21.37	
498.869	22.8	
499.071	7.03	
499.274	33.86	
499.476	35.91	
499.678	20.14	
499.881	-7.1	
500.083	0.27	
500.285	-22.87	
500.487	-5.46	
500.689	-7.92	
500.892	-15.09	
501.094	-25.12	
501.296	7.44	
501.498	-12.22	
501.7	-14.88	
501.902	16.04	
502.104	30.79	
502.306	14.81	
502.509	17.68	
502.711	19.93	
502.913	9.69	
503.115	-15.29	
503.317	-11.81	
503.519	-17.34	
503.721	-2.18	
503.923	33.86	
504.125	53.73	
504.327	59.66	
504.529	76.87	
504.731	61.3	
504.933	50.86	
505.134	28.74	
505.336	19.73	
505.538	16.66	
505.74	14.4	
505.942	-16.52	
506.144	-10.38	
506.346	-3	
506.548	31.2	
506.749	33.86	
506.951	51.27	
507.153	43.08	
507.355	29.35	
507.557	-4.85	
507.758	7.44	
507.96	-14.88	
508.162	9.49	
508.363	14.81	
508.565	18.91	
508.767	-4.44	
508.969	11.74	
509.17	13.58	
509.372	14.2	
509.574	-17.34	
509.775	0.68	
509.977	-7.92	
510.178	-7.1	
510.38	-8.53	
510.582	15.22	
510.783	-10.99	
510.985	-0.34	
511.186	-17.95	
511.388	-2.8	
511.589	0.48	
511.791	2.12	
511.992	-3	
512.194	17.27	
512.395	-23.07	
512.597	-9.76	
512.798	-0.96	
513	2.94	
513.201	1.3	
513.403	36.93	
513.604	28.33	
513.805	46.35	
514.007	45.33	
514.208	16.66	
514.409	6.42	
514.611	-9.15	
514.812	-8.12	
515.013	4.98	
515.215	23.82	
515.416	-2.59	
515.617	-8.33	
515.819	-28.6	
516.02	-53.59	
516.221	-38.64	
516.422	-23.89	
516.623	-24.3	
516.825	-22.05	
517.026	-14.68	
517.227	-49.7	
517.428	-57.68	
517.629	-37.2	
517.83	-25.53	
518.032	-29.63	
518.233	-5.46	
518.434	1.91	
518.635	14.61	
518.836	14.4	
519.037	16.66	
519.238	8.67	
519.439	18.5	
519.64	-0.96	
519.841	4.37	
520.042	-2.18	
520.243	-3.82	
520.444	-11.61	
520.645	-9.97	
520.846	-22.87	
521.047	-0.75	
521.248	0.89	
521.449	10.72	
521.65	19.32	
521.851	50.65	
522.052	28.54	
522.252	36.11	
522.453	41.85	
522.654	19.93	
522.855	-10.38	
523.056	-8.53	
523.257	-6.69	
523.457	-19.18	
523.658	-12.01	
523.859	-20	
524.06	-24.3	
524.26	-41.71	
524.461	-37.41	
524.662	-32.08	
524.862	-33.93	
525.063	-3.82	
525.264	8.87	
525.464	15.22	
525.665	22.39	
525.866	66.01	
526.066	30.38	
526.267	27.31	
526.468	12.97	
526.668	0.89	
526.869	-24.92	
527.069	-9.76	
527.27	-1.57	
527.47	16.45	
527.671	12.97	
527.871	1.5	
528.072	17.27	
528.272	18.3	
528.473	30.79	
528.673	70.93	
528.874	90.79	
529.074	81.78	
529.275	89.15	
529.475	83.42	
529.675	29.15	
529.876	30.58	
530.076	7.44	
530.277	-5.26	
530.477	-17.34	
530.677	-13.04	
530.878	-50.11	
531.078	-9.56	
531.278	-23.07	
531.478	-34.75	
531.679	-31.27	
531.879	-8.74	
532.079	-21.23	
532.28	-2.59	
532.48	-2.59	
532.68	15.02	
532.88	23.21	
533.08	27.31	
533.28	15.02	
533.481	22.8	
533.681	6.42	
533.881	7.24	
534.081	-4.64	
534.281	12.77	
534.481	13.38	
534.681	39.59	
534.881	48.4	
535.081	40.41	
535.281	20.34	
535.481	40.82	
535.682	33.04	
535.882	15.02	
536.082	32.22	
536.281	43.28	
536.481	53.73	
536.681	63.35	
536.881	59.25	
537.081	36.11	
537.281	35.5	
537.481	3.14	
537.681	-32.9	
537.881	-40.48	
538.081	-16.11	
538.281	-18.77	
538.48	-23.28	
538.68	10.31	
538.88	34.27	
539.08	39.18	
539.28	32.63	
539.479	63.76	
539.679	41.03	
539.879	19.73	
540.079	14.4	
540.278	37.14	
540.478	-0.96	
540.678	-2.8	
540.877	12.77	
541.077	-28.19	
541.277	-40.89	
541.476	7.03	
541.676	11.74	
541.876	21.57	
542.075	57.21	
542.275	48.4	
542.474	17.07	
542.674	32.22	
542.874	22.8	
543.073	2.53	
543.273	-1.57	
543.472	-4.03	
543.672	-23.07	
543.871	-42.94	
544.071	-22.66	
544.27	21.98	
544.47	19.32	
544.669	47.38	
544.868	53.32	
545.068	50.45	
545.267	14.4	
545.467	54.95	
545.666	32.43	
545.865	55.77	
546.065	46.56	
546.264	42.67	
546.463	-6.89	
546.663	7.65	
546.862	3.14	
547.061	5.6	
547.261	13.58	
547.46	42.67	
547.659	26.9	
547.858	44.71	
548.058	54.95	
548.257	61.1	
548.456	44.51	
548.655	46.35	
548.854	23.62	
549.053	39.39	
549.253	26.69	
549.452	36.52	
549.651	64.17	
549.85	87.93	
550.049	62.74	
550.248	61.3	
550.447	54.13	
550.646	47.38	
550.845	41.64	
551.044	41.44	
551.243	39.8	
551.442	52.91	
551.641	44.71	
551.84	43.69	
552.039	65.19	
552.238	87.93	
552.437	62.94	
552.636	60.69	
552.835	49.22	
553.034	41.23	
553.233	36.93	
553.432	39.18	
553.63	35.09	
553.829	32.02	
554.028	4.16	
554.227	-0.55	
554.426	17.89	
554.625	32.43	
554.823	30.38	
555.022	63.35	
555.221	84.03	
555.42	72.16	
555.618	69.29	
555.817	61.92	
556.016	51.68	
556.214	41.23	
556.413	46.15	
556.612	35.09	
556.81	40	
557.009	43.69	
557.208	26.9	
557.406	47.17	
557.605	37.96	
557.803	30.99	
558.002	16.45	
558.201	-1.16	
558.399	-18.16	
558.598	-41.92	
558.796	-39.87	
558.995	-21.23	
559.193	-0.55	
559.392	-16.32	
559.59	17.48	
559.789	34.47	
559.987	49.42	
560.185	74.82	
560.384	75.02	
560.582	91.41	
560.781	103.08	
560.979	101.44	
561.177	61.92	
561.376	76.46	
561.574	79.73	
561.772	30.17	
561.971	40.82	
562.169	56.8	
562.367	41.85	
562.566	25.05	
562.764	41.64	
562.962	7.85	
563.16	-10.99	
563.358	4.78	
563.557	4.57	
563.755	15.43	
563.953	22.19	
564.151	42.46	
564.349	45.53	
564.547	52.5	
564.746	39.59	
564.944	37.75	
565.142	31.81	
565.34	34.27	
565.538	29.56	
565.736	46.56	
565.934	13.99	
566.132	11.95	
566.33	-1.16	
566.528	16.04	
566.726	-7.92	
566.924	33.65	
567.122	31.81	
567.32	14.4	
567.518	-7.71	
567.716	13.58	
567.914	2.73	
568.112	1.71	
568.31	32.63	
568.507	36.52	
568.705	9.49	
568.903	1.3	
569.101	29.35	
569.299	38.37	
569.497	34.47	
569.694	68.68	
569.892	68.88	
570.09	68.47	
570.288	41.03	
570.486	48.4	
570.683	54.75	
570.881	43.69	
571.079	12.36	
571.276	33.25	
571.474	16.66	
571.672	-19.18	
571.869	3.14	
572.067	14.4	
572.265	-5.26	
572.462	43.69	
572.66	68.27	
572.857	79.32	
573.055	99.6	
573.253	89.56	
573.45	44.51	
573.648	46.56	
573.845	33.04	
574.043	16.45	
574.24	29.56	
574.438	15.22	
574.635	7.85	
574.832	-15.7	
575.03	-15.5	
575.227	16.86	
575.425	16.86	
575.622	-2.39	
575.82	2.32	
576.017	14.81	
576.214	-0.75	
576.412	31.61	
576.609	24.23	
576.806	23.21	
577.004	-0.55	
577.201	-2.39	
577.398	4.78	
577.595	67.04	
577.793	96.94	
577.99	107.38	
578.187	75.43	
578.384	56.39	
578.582	10.72	
578.779	9.9	
578.976	6.62	
579.173	57.41	
579.37	56.39	
579.567	68.06	
579.764	59.05	
579.962	69.29	
580.159	45.53	
580.356	71.95	
580.553	77.89	
580.75	65.81	
580.947	57.41	
581.144	78.51	
581.341	50.04	
581.538	61.1	
581.735	56.8	
581.932	63.76	
582.129	26.9	
582.326	30.58	
582.523	3.75	
582.72	3.55	
582.916	-18.36	
583.113	-21.03	
583.31	-27.99	
583.507	-21.03	
583.704	12.15	
583.901	42.67	
584.098	47.99	
584.294	63.15	
584.491	52.5	
584.688	39.59	
584.885	7.85	
585.082	62.53	
585.278	78.3	
585.475	91.41	
585.672	70.93	
585.868	81.99	
586.065	40.21	
586.262	-1.77	
586.458	23.42	
586.655	46.56	
586.852	31.4	
587.048	16.25	
587.245	23.42	
587.442	22.8	
587.638	21.98	
587.835	58.84	
588.031	65.19	
588.228	79.12	
588.424	59.66	
588.621	62.53	
588.817	34.47	
589.014	61.51	
589.21	49.22	
589.407	28.33	
589.603	13.38	
589.8	35.09	
589.996	42.67	
590.192	55.98	
590.389	72.36	
590.585	65.4	
590.782	38.98	
590.978	45.53	
591.174	32.43	
591.371	30.79	
591.567	32.63	
591.763	42.26	
591.959	8.46	
592.156	28.74	
592.352	31.81	
592.548	52.91	
592.744	58.84	
592.941	55.36	
593.137	35.7	
593.333	28.94	
593.529	52.91	
593.725	55.36	
593.922	49.01	
594.118	80.76	
594.314	67.86	
594.51	44.92	
594.706	30.99	
594.902	68.68	
595.098	44.3	
595.294	56.18	
595.49	29.76	
595.686	43.69	
595.882	4.16	
596.078	37.75	
596.274	38.77	
596.47	53.11	
596.666	54.13	
596.862	70.11	
597.058	50.65	
597.254	62.94	
597.45	52.09	
597.646	61.51	
597.842	52.91	
598.037	70.52	
598.233	76.46	
598.429	99.39	
598.625	80.14	
598.821	71.54	
599.017	34.68	
599.212	38.37	
599.408	31.61	
599.604	25.87	
599.8	33.04	
599.995	17.07	
600.191	2.94	
600.387	-28.19	
600.582	-36.39	
600.778	-16.73	
600.974	10.72	
601.169	10.72	
601.365	29.15	
601.561	30.38	
601.756	-5.26	
601.952	-7.1	
602.147	-18.98	
602.343	-12.63	
602.538	12.56	
602.734	14.4	
602.93	16.04	
603.125	24.64	
603.321	41.03	
603.516	23.42	
603.711	37.96	
603.907	37.14	
604.102	45.53	
604.298	48.61	
604.493	64.17	
604.689	88.34	
604.884	77.28	
605.079	65.81	
605.275	30.99	
605.47	27.31	
605.665	19.52	
605.861	45.12	
606.056	48.2	
606.251	47.38	
606.447	58.23	
606.642	42.26	
606.837	20.75	
607.032	35.29	
607.227	39.8	
607.423	24.23	
607.618	22.8	
607.813	26.08	
608.008	5.6	
608.203	48.2	
608.398	66.83	
608.594	53.32	
608.789	43.49	
608.984	70.52	
609.179	52.29	
609.374	36.32	
609.569	51.27	
609.764	50.86	
609.959	38.98	
610.154	24.85	
610.349	35.5	
610.544	40.62	
610.739	42.67	
610.934	39.18	
611.129	62.33	
611.324	66.42	
611.519	81.58	
611.714	115.78	
611.909	89.77	
612.103	92.64	
612.298	89.56	
612.493	63.15	
612.688	51.47	
612.883	82.19	
613.078	49.01	
613.272	84.65	
613.467	98.17	
613.662	103.9	
613.857	116.6	
614.051	134.21	
614.246	73.39	
614.441	64.17	
614.635	24.03	
614.83	5.39	
615.025	-11.4	
615.219	1.91	
615.414	-5.26	
615.609	9.28	
615.803	-8.12	
615.998	28.74	
616.192	25.26	
616.387	41.23	
616.582	60.07	
616.776	75.64	
616.971	42.87	
617.165	36.73	
617.36	17.68	
617.554	8.67	
617.749	37.55	
617.943	41.64	
618.138	44.92	
618.332	61.3	
618.526	43.49	
618.721	7.85	
618.915	28.74	
619.11	46.56	
619.304	14.81	
619.498	34.27	
619.693	62.74	
619.887	33.45	
620.081	2.32	
620.275	40.41	
620.47	33.86	
620.664	19.52	
620.858	20.96	
621.052	38.37	
621.247	39.59	
621.441	54.13	
621.635	50.86	
621.829	73.39	
622.023	71.75	
622.218	78.1	
622.412	43.69	
622.606	36.93	
622.8	23.42	
622.994	14.61	
623.188	-17.13	
623.382	1.09	
623.576	-7.1	
623.77	-7.92	
623.964	8.67	
624.158	13.79	
624.352	4.16	
624.546	29.97	
624.74	37.96	
624.934	17.07	
625.128	24.85	
625.322	32.43	
625.516	32.84	
625.71	21.37	
625.904	16.04	
626.098	25.26	
626.291	41.64	
626.485	25.87	
626.679	17.48	
626.873	68.88	
627.067	63.76	
627.26	61.3	
627.454	77.28	
627.648	92.43	
627.842	58.03	
628.035	50.86	
628.229	36.93	
628.423	6.21	
628.617	1.71	
628.81	-3	
629.004	3.75	
629.198	1.3	
629.391	19.93	
629.585	45.94	
629.778	48.4	
629.972	50.65	
630.166	62.33	
630.359	41.23	
630.553	21.78	
630.746	25.87	
630.94	43.28	
631.133	16.66	
631.327	26.9	
631.52	3.55	
631.714	-2.39	
631.907	-10.17	
632.1	32.02	
632.294	48.4	
632.487	57.62	
632.681	63.96	
632.874	58.44	
633.067	55.77	
633.261	46.15	
633.454	47.38	
633.647	49.22	
633.841	29.15	
634.034	29.35	
634.227	18.5	
634.421	29.76	
634.614	32.43	
634.807	37.14	
635	-4.85	
635.193	9.28	
635.387	-0.14	
635.58	1.09	
635.773	15.02	
635.966	42.87	
636.159	50.24	
636.352	23.62	
636.545	10.1	
636.739	-13.04	
636.932	-20.41	
637.125	-47.85	
637.318	-31.47	
637.511	-13.45	
637.704	-12.83	
637.897	-7.1	
638.09	6.21	
638.283	32.02	
638.476	33.25	
638.669	49.83	
638.862	64.99	
639.055	55.98	
639.247	55.77	
639.44	39.59	
639.633	53.52	
639.826	15.22	
640.019	26.49	
640.212	16.86	
640.405	28.74	
640.597	3.96	
640.79	41.03	
640.983	41.64	
641.176	34.47	
641.368	42.87	
641.561	68.47	
641.754	18.91	
641.947	44.1	
642.139	54.95	
642.332	19.52	
642.525	9.08	
642.717	44.92	
642.91	-0.96	
643.103	-9.97	
643.295	1.91	
643.488	-6.08	
643.68	-21.03	
643.873	4.98	
644.065	7.24	
644.258	12.77	
644.45	6.62	
644.643	28.74	
644.835	17.89	
645.028	1.5	
645.22	6.83	
645.413	3.96	
645.605	-6.69	
645.798	-10.17	
645.99	26.08	
646.182	23.42	
646.375	32.63	
646.567	31.4	
646.76	34.88	
646.952	12.77	
647.144	4.16	
647.337	2.94	
647.529	-9.76	
647.721	15.43	
647.913	20.96	
648.106	25.26	
648.298	5.19	
648.49	8.87	
648.682	-27.78	
648.874	-34.95	
649.067	-29.22	
649.259	-9.15	
649.451	-7.92	
649.643	4.98	
649.835	29.15	
650.027	29.76	
650.219	17.07	
650.411	29.56	
650.603	25.05	
650.796	19.73	
650.988	26.9	
651.18	54.34	
651.372	66.42	
651.564	72.16	
651.756	34.27	
651.948	26.9	
652.139	11.13	
652.331	-10.79	
652.523	-0.96	
652.715	17.48	
652.907	12.36	
653.099	10.51	
653.291	9.69	
653.483	-13.86	
653.674	4.37	
653.866	16.86	
654.058	12.36	
654.25	15.22	
654.442	18.91	
654.633	-14.47	
654.825	-32.08	
655.017	-12.83	
655.209	-20.82	
655.4	-12.42	
655.592	-22.46	
655.784	0.48	
655.975	-20	
656.167	-17.75	
656.359	-25.12	
656.55	15.22	
656.742	-18.57	
656.933	16.45	
657.125	12.15	
657.316	14.4	
657.508	-11.61	
657.7	26.69	
657.891	-9.97	
658.083	8.06	
658.274	14.61	
658.466	30.79	
658.657	37.75	
658.848	21.16	
659.04	23.01	
659.231	11.74	
659.423	19.93	
659.614	-12.83	
659.805	32.22	
659.997	58.64	
660.188	82.81	
660.379	82.19	
660.571	74	
660.762	54.13	
660.953	18.7	
661.145	16.04	
661.336	-21.03	
661.527	140.97	
661.718	159.61	
661.909	155.51	
662.101	143.43	
662.292	166.57	
662.483	-1.37	
662.674	-25.74	
662.865	-18.16	
663.056	-32.9	
663.247	-33.72	
663.439	-8.53	
663.63	3.35	
663.821	7.03	
664.012	21.37	
664.203	39.18	
664.394	38.77	
664.585	44.71	
664.776	25.87	
664.967	34.47	
665.158	17.89	
665.349	51.68	
665.54	36.32	
665.73	73.8	
665.921	48.81	
666.112	47.99	
666.303	9.28	
666.494	47.79	
666.685	30.17	
666.876	63.56	
667.066	65.19	
667.257	84.85	
667.448	35.91	
667.639	17.89	
667.83	-0.14	
668.02	3.75	
668.211	-36.39	
668.402	-6.49	
668.592	-21.44	
668.783	-26.76	
668.974	-28.4	
669.164	5.39	
669.355	-2.59	
669.546	19.52	
669.736	26.49	
669.927	9.49	
670.117	-19.39	
670.308	-23.48	
670.499	-41.71	
670.689	-41.92	
670.88	-35.57	
671.07	-4.03	
671.261	-9.15	
671.451	24.03	
671.641	-1.77	
671.832	8.67	
672.022	-4.23	
672.213	-7.1	
672.403	-20.82	
672.594	15.63	
672.784	29.56	
672.974	18.7	
673.165	3.35	
673.355	11.54	
673.545	18.7	
673.736	22.8	
673.926	10.1	
674.116	47.58	
674.306	11.95	
674.497	-13.24	
674.687	-50.72	
674.877	-46.22	
675.067	-70.38	
675.257	-41.3	
675.448	-33.31	
675.638	4.57	
675.828	-0.96	
676.018	17.89	
676.208	10.92	
676.398	20.34	
676.588	-8.12	
676.778	-4.44	
676.968	-8.94	
677.158	4.98	
677.348	-15.91	
677.538	-22.46	
677.728	3.96	
677.918	-4.85	
678.108	-24.51	
678.298	4.37	
678.488	7.03	
678.678	22.39	
678.868	24.64	
679.058	40	
679.248	14.81	
679.438	16.25	
679.627	-17.95	
679.817	-17.75	
680.007	-34.34	
680.197	-33.11	
680.387	-22.25	
680.576	-14.88	
680.766	-25.74	
680.956	-20.41	
681.146	6.62	
681.335	-0.34	
681.525	-8.53	
681.715	8.06	
681.904	18.09	
682.094	8.67	
682.284	0.07	
682.473	13.79	
682.663	25.46	
682.852	25.05	
683.042	30.99	
683.231	50.04	
683.421	49.63	
683.61	26.08	
683.8	21.78	
683.989	2.32	
684.179	2.53	
684.368	-23.07	
684.558	-35.36	
684.747	-44.99	
684.937	-65.26	
685.126	-51.95	
685.316	-40.28	
685.505	-38.84	
685.694	-13.04	
685.884	49.42	
686.073	15.63	
686.262	30.38	
686.452	55.77	
686.641	46.97	
686.83	6.83	
687.019	26.69	
687.209	19.52	
687.398	19.93	
687.587	1.91	
687.776	-15.09	
687.965	-27.58	
688.155	-36.59	
688.344	-74.27	
688.533	-47.24	
688.722	-49.49	
688.911	-11.81	
689.1	18.91	
689.289	65.4	
689.478	60.48	
689.667	89.15	
689.856	30.17	
690.045	10.51	
690.234	-21.03	
690.423	-0.55	
690.612	-21.23	
690.801	7.24	
690.99	-3.82	
691.179	2.32	
691.368	-24.1	
691.557	-6.49	
691.746	-22.25	
691.935	-18.77	
692.124	-22.05	
692.312	-22.25	
692.501	-42.53	
692.69	-17.13	
692.879	-20.62	
693.068	-31.88	
693.256	-21.64	
693.445	2.73	
693.634	-12.42	
693.823	-17.95	
694.011	4.57	
694.2	-5.05	
694.389	-12.83	
694.577	-16.11	
694.766	-8.94	
694.955	-22.66	
695.143	-24.1	
695.332	-19.18	
695.52	-25.33	
695.709	-4.03	
695.897	2.73	
696.086	0.27	
696.275	-20.41	
696.463	-5.46	
696.652	-28.6	
696.84	-1.77	
697.028	-2.8	
697.217	3.55	
697.405	10.72	
697.594	28.94	
697.782	15.02	
697.971	21.16	
698.159	21.16	
698.347	36.52	
698.536	30.38	
698.724	40.21	
698.912	20.96	
699.1	25.46	
699.289	34.88	
699.477	38.98	
699.665	19.52	
699.854	21.98	
700.042	29.76	
700.23	11.54	
700.418	8.67	
700.606	5.39	
700.794	6.21	
700.983	9.69	
701.171	8.87	
701.359	-10.38	
701.547	8.46	
701.735	31.61	
701.923	12.97	
702.111	-12.22	
702.299	-15.7	
702.487	-8.53	
702.675	-31.47	
702.863	-39.87	
703.051	-28.81	
703.239	6.42	
703.427	-21.23	
703.615	-15.29	
703.803	-20.62	
703.991	-4.03	
704.179	-15.91	
704.367	13.99	
704.554	20.96	
704.742	43.49	
704.93	65.19	
705.118	90.18	
705.306	57.41	
705.493	55.57	
705.681	44.1	
705.869	52.5	
706.057	14.4	
706.244	23.21	
706.432	20.34	
706.62	43.69	
706.807	-16.73	
706.995	12.97	
707.183	-9.35	
707.37	7.24	
707.558	0.48	
707.746	46.76	
707.933	48.81	
708.121	104.92	
708.308	82.81	
708.496	77.89	
708.683	30.17	
708.871	29.76	
709.058	-13.45	
709.246	-4.44	
709.433	-23.89	
709.621	-1.16	
709.808	-29.63	
709.995	8.06	
710.183	6.83	
710.37	25.26	
710.558	12.15	
710.745	21.78	
710.932	-3.62	
711.12	5.19	
711.307	-2.39	
711.494	11.74	
711.681	37.14	
711.869	10.92	
712.056	17.48	
712.243	22.8	
712.43	-6.28	
712.618	-15.5	
712.805	-9.15	
712.992	-19.59	
713.179	-30.24	
713.366	-0.14	
713.553	-2.8	
713.74	7.03	
713.928	-14.47	
714.115	12.56	
714.302	-6.49	
714.489	-10.17	
714.676	-13.86	
714.863	28.74	
715.05	17.89	
715.237	21.57	
715.424	2.53	
715.611	26.28	
715.798	7.24	
715.984	3.35	
716.171	11.74	
716.358	26.69	
716.545	26.69	
716.732	31.2	
716.919	10.72	
717.106	-7.51	
717.293	-9.15	
717.479	-5.26	
717.666	-35.98	
717.853	-16.32	
718.04	9.08	
718.226	23.21	
718.413	-5.46	
718.6	23.82	
718.786	23.62	
718.973	39.59	
719.16	8.87	
719.346	31.4	
719.533	14.81	
719.72	33.04	
719.906	6.21	
720.093	27.51	
720.279	-5.67	
720.466	6.42	
720.652	2.53	
720.839	28.13	
721.025	30.79	
721.212	58.84	
721.398	58.44	
721.585	55.57	
721.771	26.28	
721.958	16.04	
722.144	23.62	
722.331	-12.01	
722.517	-35.16	
722.703	-23.69	
722.89	-37.41	
723.076	-48.88	
723.262	-5.05	
723.449	-8.33	
723.635	-31.68	
723.821	-34.34	
724.007	-47.44	
724.194	-64.44	
724.38	-50.31	
724.566	-31.47	
724.752	-13.45	
724.938	3.35	
725.125	26.08	
725.311	44.92	
725.497	49.42	
725.683	35.5	
725.869	30.99	
726.055	16.66	
726.241	7.65	
726.427	8.06	
726.613	13.79	
726.799	45.53	
726.985	28.94	
727.171	38.37	
727.357	50.04	
727.543	70.52	
727.729	27.51	
727.915	50.04	
728.101	31.4	
728.287	13.58	
728.473	9.9	
728.659	18.7	
728.845	-14.27	
729.03	-35.16	
729.216	-34.34	
729.402	-55.64	
729.588	-59.73	
729.774	-40.69	
729.959	-24.71	
730.145	-10.99	
730.331	10.72	
730.517	21.78	
730.702	30.17	
730.888	45.12	
731.074	13.18	
731.259	7.65	
731.445	6.01	
731.63	0.68	
731.816	-15.91	
732.002	31.4	
732.187	37.14	
732.373	37.96	
732.558	55.57	
732.744	75.02	
732.929	60.28	
733.115	33.04	
733.3	10.92	
733.486	-9.35	
733.671	-28.6	
733.857	-38.02	
734.042	-15.91	
734.227	-3.62	
734.413	11.54	
734.598	44.1	
734.784	33.65	
734.969	27.1	
735.154	28.33	
735.339	21.98	
735.525	21.98	
735.71	50.45	
735.895	23.01	
736.081	30.17	
736.266	30.99	
736.451	12.36	
736.636	12.97	
736.821	18.5	
737.007	3.96	
737.192	6.83	
737.377	-15.09	
737.562	-34.95	
737.747	-12.22	
737.932	-0.96	
738.117	-18.36	
738.302	22.8	
738.487	20.75	
738.672	-3	
738.857	14.81	
739.042	27.51	
739.227	19.52	
739.412	16.04	
739.597	26.49	
739.782	33.86	
739.967	22.19	
740.152	12.56	
740.337	19.11	
740.522	36.93	
740.706	18.91	
740.891	41.85	
741.076	42.05	
741.261	46.76	
741.446	48.81	
741.63	40.82	
741.815	38.57	
742	21.37	
742.185	3.75	
742.369	6.21	
742.554	3.75	
742.739	-12.42	
742.923	7.24	
743.108	29.35	
743.293	15.84	
743.477	13.18	
743.662	29.35	
743.846	28.54	
744.031	11.54	
744.216	25.05	
744.4	37.14	
744.585	29.35	
744.769	44.71	
744.954	57.82	
745.138	42.26	
745.322	37.34	
745.507	21.98	
745.691	1.71	
745.876	-10.99	
746.06	0.27	
746.244	5.19	
746.429	24.03	
746.613	22.39	
746.798	30.99	
746.982	19.73	
747.166	29.15	
747.35	6.21	
747.535	11.54	
747.719	11.74	
747.903	35.5	
748.087	9.28	
748.272	22.6	
748.456	36.93	
748.64	36.32	
748.824	25.05	
749.008	47.99	
749.192	49.83	
749.376	23.21	
749.56	20.14	
749.745	-0.14	
749.929	4.37	
750.113	12.77	
750.297	5.6	
750.481	17.27	
750.665	32.22	
750.849	17.27	
751.033	8.46	
751.217	3.35	
751.4	-13.65	
751.584	-24.3	
751.768	-9.35	
751.952	-18.77	
752.136	-3	
752.32	-4.23	
752.504	13.79	
752.688	9.9	
752.871	6.83	
753.055	1.71	
753.239	15.63	
753.423	28.74	
753.606	13.99	
753.79	39.39	
753.974	47.38	
754.157	46.15	
754.341	21.37	
754.525	16.86	
754.708	17.89	
754.892	13.38	
755.076	4.98	
755.259	30.58	
755.443	22.6	
755.626	11.13	
755.81	18.7	
755.993	23.42	
756.177	-14.06	
756.36	7.65	
756.544	-7.51	
756.727	-16.11	
756.911	-7.71	
757.094	6.01	
757.278	-7.51	
757.461	-12.01	
757.644	-13.65	
757.828	-35.57	
758.011	-16.73	
758.195	-0.14	
758.378	5.19	
758.561	4.57	
758.744	12.15	
758.928	21.16	
759.111	9.9	
759.294	41.85	
759.477	59.05	
759.661	63.76	
759.844	43.49	
760.027	33.45	
760.21	19.93	
760.393	19.32	
760.576	12.97	
760.76	7.85	
760.943	4.16	
761.126	35.09	
761.309	41.44	
761.492	42.05	
761.675	39.18	
761.858	44.92	
762.041	-13.86	
762.224	-44.58	
762.407	-43.55	
762.59	-42.12	
762.773	-53.79	
762.956	-45.4	
763.139	-36.59	
763.321	-25.74	
763.504	-50.52	
763.687	-23.89	
763.87	-3.82	
764.053	-6.49	
764.236	-7.3	
764.418	12.36	
764.601	-6.08	
764.784	4.57	
764.967	22.39	
765.149	24.44	
765.332	39.59	
765.515	67.04	
765.697	36.93	
765.88	28.13	
766.063	22.39	
766.245	15.02	
766.428	-9.76	
766.611	3.75	
766.793	1.09	
766.976	13.99	
767.158	2.12	
767.341	32.43	
767.523	34.68	
767.706	47.79	
767.888	17.68	
768.071	60.28	
768.253	25.67	
768.436	30.38	
768.618	28.74	
768.8	84.85	
768.983	68.27	
769.165	69.7	
769.348	45.33	
769.53	27.92	
769.712	-14.88	
769.895	-35.98	
770.077	-18.77	
770.259	-15.7	
770.441	-4.85	
770.624	24.23	
770.806	44.1	
770.988	30.38	
771.17	23.42	
771.352	36.93	
771.535	43.28	
771.717	26.9	
771.899	33.25	
772.081	72.98	
772.263	51.68	
772.445	18.5	
772.627	-1.77	
772.809	6.42	
772.991	-3.41	
773.173	11.74	
773.355	18.09	
773.537	39.39	
773.719	15.63	
773.901	23.62	
774.083	6.83	
774.265	-14.27	
774.447	-32.7	
774.629	-20.62	
774.811	-39.46	
774.992	-21.85	
775.174	-8.12	
775.356	28.33	
775.538	17.07	
775.72	8.87	
775.901	-1.57	
776.083	-1.98	
776.265	-35.98	
776.447	-12.63	
776.628	4.37	
776.81	3.75	
776.992	12.77	
777.173	37.75	
777.355	27.1	
777.537	44.71	
777.718	39.8	
777.9	50.45	
778.081	36.93	
778.263	49.83	
778.444	23.62	
778.626	19.93	
778.807	-3.62	
778.989	5.6	
779.17	-22.66	
779.352	-49.49	
779.533	-60.55	
779.715	-57.68	
779.896	-84.1	
780.078	-50.93	
780.259	-20.82	
780.44	-0.96	
780.622	-9.15	
780.803	51.06	
780.984	44.51	
781.166	34.88	
781.347	36.52	
781.528	49.83	
781.709	6.62	
781.891	11.33	
782.072	15.02	
782.253	28.74	
782.434	23.82	
782.615	14.81	
782.796	10.31	
782.978	36.11	
783.159	37.55	
783.34	59.66	
783.521	81.37	
783.702	83.63	
783.883	65.81	
784.064	52.5	
784.245	24.23	
784.426	40.21	
784.607	20.14	
784.788	22.19	
784.969	18.91	
785.15	33.25	
785.331	-17.95	
785.512	8.26	
785.692	1.71	
785.873	2.53	
786.054	-6.49	
786.235	19.32	
786.416	18.91	
786.597	22.39	
786.777	14.61	
786.958	14.2	
787.139	9.49	
787.32	4.37	
787.5	15.22	
787.681	0.07	
787.862	0.68	
788.042	24.85	
788.223	23.21	
788.404	-9.35	
788.584	25.67	
788.765	39.8	
788.946	23.21	
789.126	32.02	
789.307	75.84	
789.487	72.77	
789.668	62.33	
789.848	57.41	
790.029	19.93	
790.209	-9.35	
790.39	-39.25	
790.57	-53.59	
790.75	-31.47	
790.931	-8.33	
791.111	-10.38	
791.292	16.86	
791.472	33.04	
791.652	23.62	
791.833	20.14	
792.013	25.05	
792.193	9.69	
792.373	27.92	
792.554	26.08	
792.734	31.4	
792.914	13.58	
793.094	32.43	
793.275	33.25	
793.455	23.62	
793.635	27.51	
793.815	52.29	
793.995	42.26	
794.175	24.44	
794.355	55.57	
794.535	53.73	
794.715	40.82	
794.896	27.31	
795.076	10.72	
795.256	20.55	
795.436	13.58	
795.616	26.9	
795.795	32.84	
795.975	52.7	
796.155	44.1	
796.335	43.08	
796.515	50.24	
796.695	70.52	
796.875	87.11	
797.055	62.53	
797.234	73.8	
797.414	59.25	
797.594	40.41	
797.774	16.45	
797.954	-1.16	
798.133	0.27	
798.313	-4.03	
798.493	11.54	
798.672	-1.37	
798.852	4.98	
799.032	-16.93	
799.211	-13.04	
799.391	-28.4	
799.571	-15.09	
799.75	-17.54	
799.93	15.43	
800.109	21.37	
800.289	21.98	
800.468	9.28	
800.648	14.2	
800.827	0.89	
801.007	-9.15	
801.186	-17.13	
801.366	-10.17	
801.545	0.89	
801.725	41.44	
801.904	31.4	
802.083	50.65	
802.263	38.98	
802.442	70.11	
802.621	12.77	
802.801	49.42	
802.98	64.17	
803.159	78.3	
803.338	43.08	
803.518	68.06	
803.697	40.41	
803.876	30.99	
804.055	28.94	
804.235	44.3	
804.414	18.09	
804.593	30.99	
804.772	18.5	
804.951	24.23	
805.13	-4.23	
805.309	10.72	
805.488	10.92	
805.667	9.28	
805.846	14.2	
806.025	32.63	
806.204	52.91	
806.383	30.38	
806.562	25.05	
806.741	28.74	
806.92	23.21	
807.099	-3.62	
807.278	-11.61	
807.457	-5.26	
807.636	4.78	
807.814	14.61	
807.993	11.95	
808.172	32.22	
808.351	39.8	
808.53	22.8	
808.708	19.52	
808.887	29.76	
809.066	55.36	
809.244	41.64	
809.423	20.34	
809.602	13.99	
809.78	33.65	
809.959	17.48	
810.138	45.53	
810.316	68.88	
810.495	66.42	
810.673	36.52	
810.852	37.55	
811.03	39.39	
811.209	27.92	
811.388	29.97	
811.566	33.86	
811.744	45.94	
811.923	41.85	
812.101	61.51	
812.28	108.82	
812.458	117.83	
812.637	96.32	
812.815	94.89	
812.993	97.96	
813.172	86.49	
813.35	60.89	
813.528	62.12	
813.706	34.68	
813.885	27.31	
814.063	-6.08	
814.241	41.03	
814.419	51.27	
814.598	90.18	
814.776	71.95	
814.954	58.84	
815.132	39.8	
815.31	35.29	
815.488	-12.01	
815.666	-4.44	
815.844	-16.11	
816.022	-26.15	
816.201	-34.75	
816.379	-5.05	
816.557	-6.08	
816.735	21.78	
816.913	20.14	
817.09	45.12	
817.268	22.6	
817.446	31.61	
817.624	17.48	
817.802	51.68	
817.98	19.32	
818.158	20.34	
818.336	-14.06	
818.514	-2.8	
818.691	-18.98	
818.869	10.72	
819.047	42.87	
819.225	64.99	
819.402	47.99	
819.58	52.7	
819.758	45.74	
819.935	26.49	
820.113	23.21	
820.291	29.15	
820.468	7.44	
820.646	4.57	
820.824	15.22	
821.001	56.18	
821.179	64.37	
821.356	82.81	
821.534	73.18	
821.711	53.32	
821.889	58.44	
822.066	72.36	
822.244	62.74	
822.421	86.08	
822.599	106.36	
822.776	61.71	
822.953	22.19	
823.131	10.51	
823.308	-20.21	
823.486	-26.35	
823.663	-28.6	
823.84	8.67	
824.017	-1.98	
824.195	1.5	
824.372	-1.57	
824.549	2.94	
824.726	-1.98	
824.904	-3.41	
825.081	14.4	
825.258	9.69	
825.435	12.36	
825.612	5.6	
825.789	2.32	
825.967	0.27	
826.144	18.3	
826.321	27.31	
826.498	20.96	
826.675	48.4	
826.852	16.86	
827.029	10.1	
827.206	13.38	
827.383	4.78	
827.56	-1.57	
827.737	20.96	
827.914	27.92	
828.09	22.39	
828.267	24.85	
828.444	30.58	
828.621	22.8	
828.798	29.56	
828.975	17.68	
829.151	16.04	
829.328	2.12	
829.505	29.35	
829.682	4.37	
829.858	-8.12	
830.035	13.38	
830.212	10.1	
830.389	-12.83	
830.565	-23.48	
830.742	20.34	
830.918	12.56	
831.095	13.38	
831.272	24.03	
831.448	29.97	
831.625	16.86	
831.801	14.61	
831.978	25.67	
832.154	-9.35	
832.331	-3.41	
832.507	-33.11	
832.684	0.48	
832.86	16.86	
833.037	82.4	
833.213	72.77	
833.389	102.88	
833.566	56.8	
833.742	29.15	
833.918	-23.07	
834.095	-38.64	
834.271	-59.94	
834.447	-39.05	
834.624	-34.13	
834.8	-8.53	
834.976	15.63	
835.152	20.55	
835.328	17.48	
835.505	34.68	
835.681	19.73	
835.857	2.73	
836.033	28.74	
836.209	85.88	
836.385	69.29	
836.561	89.15	
836.737	109.63	
836.913	76.87	
837.089	40.41	
837.265	63.15	
837.441	73.8	
837.617	68.47	
837.793	72.36	
837.969	58.84	
838.145	35.09	
838.321	18.7	
838.497	24.03	
838.673	52.09	
838.849	30.17	
839.025	55.98	
839.2	41.64	
839.376	54.34	
839.552	36.73	
839.728	75.02	
839.903	53.11	
840.079	77.28	
840.255	68.47	
840.431	99.39	
840.606	41.03	
840.782	75.64	
840.958	41.85	
841.133	29.76	
841.309	8.67	
841.484	45.53	
841.66	-1.37	
841.835	-0.55	
842.011	-4.03	
842.186	3.75	
842.362	-7.3	
842.537	34.68	
842.713	33.25	
842.888	35.91	
843.064	24.44	
843.239	17.27	
843.415	-6.69	
843.59	14.2	
843.765	17.68	
843.941	11.95	
844.116	46.97	
844.291	41.64	
844.467	45.12	
844.642	58.84	
844.817	69.29	
844.992	44.1	
845.168	42.26	
845.343	42.26	
845.518	37.55	
845.693	46.35	
845.868	52.5	
846.043	46.97	
846.219	22.39	
846.394	33.25	
846.569	19.11	
846.744	12.97	
846.919	14.81	
847.094	70.11	
847.269	55.16	
847.444	59.46	
847.619	66.83	
847.794	103.7	
847.969	88.13	
848.144	99.19	
848.319	87.31	
848.494	95.09	
848.668	81.78	
848.843	78.1	
849.018	71.75	
849.193	67.04	
849.368	70.11	
849.542	95.71	
849.717	91.82	
849.892	78.71	
850.067	89.15	
850.241	95.3	
850.416	67.24	
850.591	61.3	
850.765	57.41	
850.94	75.02	
851.115	50.65	
851.289	35.09	
851.464	30.17	
851.639	35.5	
851.813	9.49	
851.988	26.69	
852.162	12.97	
852.337	15.22	
852.511	16.04	
852.686	57.62	
852.86	51.47	
853.035	63.35	
853.209	58.44	
853.383	64.99	
853.558	7.24	
853.732	14.61	
853.906	-2.59	
854.081	7.85	
854.255	1.5	
854.429	31.4	
854.604	13.58	
854.778	54.13	
854.952	56.8	
855.126	67.86	
855.301	62.94	
855.475	53.32	
855.649	34.47	
855.823	20.34	
855.997	26.9	
856.171	27.72	
856.345	35.5	
856.52	50.65	
856.694	64.78	
856.868	68.88	
857.042	64.58	
857.216	105.74	
857.39	103.9	
857.564	82.81	
857.738	53.52	
857.912	50.24	
858.085	16.25	
858.259	1.3	
858.433	6.83	
858.607	4.37	
858.781	6.83	
858.955	-0.55	
859.129	-6.89	
859.302	7.85	
859.476	-2.18	
859.65	42.05	
859.824	41.85	
859.997	56.18	
860.171	53.11	
860.345	96.32	
860.519	77.07	
860.692	78.3	
860.866	83.83	
861.039	91.82	
861.213	81.17	
861.387	59.87	
861.56	69.49	
861.734	83.63	
861.907	70.52	
862.081	57.62	
862.254	63.35	
862.428	70.93	
862.601	40.82	
862.775	44.3	
862.948	96.53	
863.122	92.43	
863.295	68.27	
863.468	73.8	
863.642	55.57	
863.815	11.33	
863.988	6.01	
864.162	27.92	
864.335	12.77	
864.508	24.23	
864.682	37.55	
864.855	40.41	
865.028	16.66	
865.201	46.15	
865.374	33.65	
865.548	41.03	
865.721	32.02	
865.894	75.02	
866.067	52.09	
866.24	66.22	
866.413	61.1	
866.586	66.63	
866.759	15.43	
866.932	22.8	
867.105	21.37	
867.278	-15.09	
867.451	-22.25	
867.624	6.01	
867.797	19.93	
867.97	9.08	
868.143	26.69	
868.316	49.01	
868.489	24.44	
868.661	44.92	
868.834	47.17	
869.007	75.43	
869.18	72.98	
869.353	76.05	
869.525	77.89	
869.698	79.53	
869.871	53.93	
870.044	48.2	
870.216	69.49	
870.389	24.44	
870.562	28.74	
870.734	54.54	
870.907	49.63	
871.079	62.12	
871.252	62.53	
871.425	83.42	
871.597	44.51	
871.77	88.54	
871.942	57.21	
872.115	50.04	
872.287	55.77	
872.459	62.33	
872.632	27.51	
872.804	48.81	
872.977	44.51	
873.149	32.84	
873.321	25.87	
873.494	24.03	
873.666	29.56	
873.838	41.64	
874.011	23.82	
874.183	40	
874.355	32.02	
874.528	8.67	
874.7	-3	
874.872	28.33	
875.044	41.44	
875.216	66.63	
875.388	89.15	
875.561	109.43	
875.733	62.74	
875.905	47.38	
876.077	4.16	
876.249	21.37	
876.421	9.08	
876.593	17.27	
876.765	33.04	
876.937	76.25	
877.109	50.65	
877.281	56.8	
877.453	51.68	
877.625	41.03	
877.797	12.56	
877.968	0.07	
878.14	2.94	
878.312	27.51	
878.484	12.77	
878.656	14.61	
878.828	3.14	
878.999	27.92	
879.171	4.16	
879.343	1.3	
879.515	-1.57	
879.686	9.69	
879.858	-15.91	
880.03	-14.68	
880.201	0.68	
880.373	6.21	
880.545	22.19	
880.716	47.99	
880.888	108.41	
881.059	112.71	
881.231	119.87	
881.402	125.61	
881.574	95.5	
881.745	55.77	
881.917	81.17	
882.088	74	
882.26	49.22	
882.431	71.95	
882.602	38.57	
882.774	12.77	
882.945	-0.55	
883.116	-0.55	
883.288	-29.01	
883.459	-16.32	
883.63	-22.05	
883.802	-9.15	
883.973	5.19	
884.144	30.79	
884.315	60.48	
884.487	85.06	
884.658	107.38	
884.829	118.85	
885	97.96	
885.171	98.78	
885.342	59.87	
885.513	43.08	
885.684	32.22	
885.855	49.22	
886.026	21.98	
886.197	36.32	
886.368	9.9	
886.539	5.8	
886.71	-1.57	
886.881	7.44	
887.052	15.02	
887.223	36.73	
887.394	25.26	
887.565	42.67	
887.736	19.52	
887.907	38.57	
888.077	27.51	
888.248	31.4	
888.419	16.66	
888.59	36.11	
888.761	23.42	
888.931	50.65	
889.102	67.86	
889.273	54.54	
889.443	40.62	
889.614	15.84	
889.785	7.65	
889.955	-5.05	
890.126	-12.63	
890.296	27.31	
890.467	49.63	
890.637	83.42	
890.808	97.96	
890.978	126.43	
891.149	109.02	
891.319	144.25	
891.49	115.98	
891.66	110.45	
891.831	111.68	
892.001	106.56	
892.172	43.49	
892.342	44.92	
892.512	30.38	
892.683	43.49	
892.853	36.32	
893.023	67.65	
893.193	33.65	
893.364	54.13	
893.534	32.43	
893.704	72.98	
893.874	65.6	
894.044	96.73	
894.215	85.06	
894.385	102.67	
894.555	68.27	
894.725	90.59	
894.895	59.46	
895.065	69.49	
895.235	53.52	
895.405	83.42	
895.575	52.91	
895.745	82.6	
895.915	84.65	
