177.618	-266.24	
177.836	-288.51	
178.054	-293.47	
178.271	-237.77	
178.489	-146.02	
178.706	-96.25	
178.924	-24.37	
179.142	32.77	
179.359	27.85	
179.577	-27.44	
179.794	-24.37	
180.012	-47.1	
180.229	-57.34	
180.447	-33.18	
180.664	-13.52	
180.882	-19.05	
181.1	17.41	
181.317	10.24	
181.535	-15.77	
181.752	-19.25	
181.969	8.6	
182.187	13.31	
182.404	26.83	
182.622	26.21	
182.839	40.55	
183.057	30.92	
183.274	24.17	
183.492	32.36	
183.709	51.2	
183.926	20.07	
184.144	4.3	
184.361	11.88	
184.579	16.59	
184.796	-7.99	
185.013	23.76	
185.231	18.23	
185.448	11.26	
185.666	25.19	
185.883	18.23	
186.1	9.83	
186.317	33.18	
186.535	6.35	
186.752	3.07	
186.969	38.91	
187.187	76.59	
187.404	41.98	
187.621	86.63	
187.839	86.83	
188.056	64.92	
188.273	25.8	
188.49	65.94	
188.708	50.79	
188.925	76.39	
189.142	81.71	
189.359	80.08	
189.576	43.21	
189.794	44.44	
190.011	9.83	
190.228	12.9	
190.445	-3.28	
190.662	39.12	
190.879	35.23	
191.097	25.8	
191.314	38.71	
191.531	55.09	
191.748	1.23	
191.965	5.12	
192.182	9.42	
192.399	-7.58	
192.616	16.38	
192.834	60.62	
193.051	38.91	
193.268	45.46	
193.485	55.7	
193.702	26.62	
193.919	-4.71	
194.136	11.88	
194.353	3.28	
194.57	17.41	
194.787	16.59	
195.004	64.51	
195.221	57.96	
195.438	84.99	
195.655	50.18	
195.872	87.86	
196.089	35.23	
196.306	49.15	
196.523	33.38	
196.74	60.82	
196.957	11.06	
197.173	42.19	
197.39	26.83	
197.607	33.38	
197.824	27.85	
198.041	48.74	
198.258	41.16	
198.475	56.11	
198.692	34.41	
198.909	-0.41	
199.125	-12.08	
199.342	1.84	
199.559	5.53	
199.776	32.77	
199.993	81.51	
200.21	97.89	
200.426	68.81	
200.643	74.96	
200.86	64.31	
201.077	73.32	
201.293	69.63	
201.51	74.14	
201.727	23.35	
201.944	0	
202.16	-13.11	
202.377	-28.06	
202.594	-40.14	
202.811	-19.46	
203.027	-9.22	
203.244	-39.12	
203.461	-21.71	
203.677	17.2	
203.894	40.34	
204.111	49.77	
204.327	55.5	
204.544	46.9	
204.761	41.78	
204.977	13.72	
205.194	0.2	
205.41	31.95	
205.627	24.58	
205.844	21.71	
206.06	21.91	
206.277	34.2	
206.493	5.73	
206.71	25.8	
206.926	27.44	
207.143	59.39	
207.36	22.53	
207.576	65.13	
207.793	51.61	
208.009	49.56	
208.226	27.85	
208.442	36.04	
208.659	14.75	
208.875	25.8	
209.092	2.25	
209.308	3.89	
209.524	28.26	
209.741	42.8	
209.957	70.86	
210.174	83.56	
210.39	85.61	
210.607	75.77	
210.823	22.32	
211.039	-23.96	
211.256	1.43	
211.472	-18.64	
211.688	12.08	
211.905	34.82	
212.121	45.67	
212.338	22.53	
212.554	36.25	
212.77	18.64	
212.987	32.15	
213.203	54.68	
213.419	85.61	
213.635	72.91	
213.852	58.78	
214.068	43.83	
214.284	21.71	
214.501	14.54	
214.717	27.85	
214.933	45.26	
215.149	20.07	
215.365	-4.71	
215.582	-45.67	
215.798	-33.79	
216.014	-41.37	
216.23	-6.76	
216.447	25.6	
216.663	25.8	
216.879	-2.46	
217.095	18.43	
217.311	16.18	
217.527	9.01	
217.743	31.74	
217.96	26.21	
218.176	11.06	
218.392	13.11	
218.608	27.03	
218.824	4.1	
219.04	11.47	
219.256	19.25	
219.472	7.78	
219.688	-9.01	
219.904	17.41	
220.12	56.52	
220.336	36.45	
220.552	44.65	
220.768	57.14	
220.984	86.01	
221.2	41.37	
221.416	53.86	
221.632	42.19	
221.848	37.89	
222.064	-0.82	
222.28	-1.23	
222.496	-13.52	
222.712	3.07	
222.928	-21.09	
223.144	-3.89	
223.36	9.83	
223.576	16.59	
223.792	9.63	
224.008	51.81	
224.224	44.65	
224.439	50.99	
224.655	44.24	
224.871	62.87	
225.087	37.89	
225.303	17.2	
225.519	14.54	
225.734	51.4	
225.95	29.29	
226.166	28.67	
226.382	52.84	
226.598	47.1	
226.813	38.5	
227.029	34.41	
227.245	30.92	
227.461	22.94	
227.677	26.42	
227.892	15.77	
228.108	3.48	
228.324	39.94	
228.539	21.91	
228.755	45.26	
228.971	49.36	
229.186	82.74	
229.402	46.49	
229.618	74.75	
229.833	42.19	
230.049	39.73	
230.265	8.4	
230.48	42.6	
230.696	32.56	
230.912	56.11	
231.127	64.72	
231.343	83.56	
231.558	37.48	
231.774	65.74	
231.99	74.96	
232.205	66.76	
232.421	55.3	
232.636	83.97	
232.852	35.02	
233.067	26.01	
233.283	32.77	
233.498	54.89	
233.714	50.99	
233.929	75.77	
234.145	54.27	
234.36	60.01	
234.576	59.8	
234.791	76.8	
235.007	93.18	
235.222	143.36	
235.438	112.64	
235.653	146.22	
235.868	127.59	
236.084	131.48	
236.299	129.43	
236.515	151.75	
236.73	105.68	
236.945	106.7	
237.161	69.22	
237.376	31.95	
237.592	25.6	
237.807	23.14	
238.022	12.29	
238.238	15.97	
238.453	-7.17	
238.668	-3.48	
238.883	-22.53	
239.099	-22.53	
239.314	-26.42	
239.529	9.01	
239.745	16.79	
239.96	50.99	
240.175	49.77	
240.39	101.37	
240.605	69.43	
240.821	34.41	
241.036	37.68	
241.251	80.49	
241.466	29.49	
241.681	44.24	
241.897	72.5	
242.112	87.45	
242.327	42.6	
242.542	59.6	
242.757	72.91	
242.972	67.38	
243.188	28.06	
243.403	47.1	
243.618	51.2	
243.833	46.69	
244.048	54.07	
244.263	69.22	
244.478	64.72	
244.693	42.8	
244.908	36.66	
245.123	35.23	
245.338	54.68	
245.553	50.79	
245.768	52.43	
245.983	49.56	
246.198	19.66	
246.413	-2.87	
246.628	-7.17	
246.843	4.92	
247.058	27.65	
247.273	40.96	
247.488	31.13	
247.703	55.7	
247.918	46.9	
248.133	47.51	
248.348	24.78	
248.563	56.93	
248.778	30.31	
248.993	49.36	
249.207	65.74	
249.422	82.94	
249.637	32.97	
249.852	35.43	
250.067	20.68	
250.282	-19.25	
250.496	-31.13	
250.711	21.91	
250.926	16.18	
251.141	35.23	
251.356	45.87	
251.57	72.09	
251.785	47.1	
252	41.16	
252.215	19.66	
252.43	42.19	
252.644	56.73	
252.859	59.19	
253.074	73.73	
253.288	71.47	
253.503	22.73	
253.718	32.15	
253.932	78.44	
254.147	85.61	
254.362	87.45	
254.576	111.61	
254.791	75.77	
255.006	46.69	
255.22	48.74	
255.435	54.48	
255.65	59.39	
255.864	79.46	
256.079	44.03	
256.293	50.38	
256.508	49.97	
256.723	104.65	
256.937	64.51	
257.152	64.92	
257.366	47.51	
257.581	34.2	
257.795	-24.37	
258.01	34.41	
258.224	54.07	
258.439	51.61	
258.653	55.7	
258.868	62.46	
259.082	23.14	
259.297	15.77	
259.511	-1.84	
259.726	-16.79	
259.94	-25.19	
260.154	-28.47	
260.369	-40.14	
260.583	-16.79	
260.798	-22.73	
261.012	-7.78	
261.226	-3.07	
261.441	9.22	
261.655	9.63	
261.869	40.96	
262.084	27.85	
262.298	40.96	
262.512	25.6	
262.727	20.07	
262.941	23.14	
263.155	23.76	
263.37	6.96	
263.584	38.3	
263.798	24.99	
264.012	40.14	
264.227	35.02	
264.441	70.65	
264.655	34.82	
264.869	89.7	
265.084	57.34	
265.298	66.15	
265.512	40.96	
265.726	73.11	
265.94	37.27	
266.155	54.89	
266.369	49.56	
266.583	76.18	
266.797	73.11	
267.011	107.93	
267.225	134.55	
267.439	149.09	
267.654	125.75	
267.868	96.25	
268.082	32.15	
268.296	-22.94	
268.51	-55.91	
268.724	-50.79	
268.938	-45.46	
269.152	-15.36	
269.366	-7.17	
269.58	10.44	
269.794	1.43	
270.008	46.9	
270.222	52.43	
270.436	52.43	
270.65	40.75	
270.864	46.69	
271.078	7.58	
271.292	20.48	
271.506	44.65	
271.72	53.86	
271.934	73.93	
272.148	77.62	
272.362	42.6	
272.575	46.08	
272.789	62.67	
273.003	35.63	
273.217	51.61	
273.431	46.9	
273.645	30.72	
273.859	47.72	
274.073	70.86	
274.286	50.99	
274.5	63.69	
274.714	53.04	
274.928	46.08	
275.142	30.92	
275.355	34.82	
275.569	69.02	
275.783	88.68	
275.997	60.21	
276.21	56.73	
276.424	83.76	
276.638	38.71	
276.852	48.74	
277.065	54.68	
277.279	67.17	
277.493	43.01	
277.706	78.23	
277.92	91.75	
278.134	68.81	
278.347	46.49	
278.561	37.68	
278.775	37.89	
278.988	9.63	
279.202	45.87	
279.415	83.76	
279.629	81.92	
279.843	79.46	
280.056	125.95	
280.27	111.61	
280.483	67.38	
280.697	83.15	
280.91	81.71	
281.124	79.67	
281.337	79.67	
281.551	130.46	
281.764	107.52	
281.978	90.52	
282.191	37.27	
282.405	52.43	
282.618	1.23	
282.832	24.17	
283.045	23.55	
283.259	55.5	
283.472	50.18	
283.686	65.74	
283.899	54.48	
284.112	53.45	
284.326	35.23	
284.539	27.03	
284.752	44.65	
284.966	59.8	
285.179	77.21	
285.393	87.65	
285.606	71.88	
285.819	80.28	
286.033	48.13	
286.246	66.15	
286.459	47.31	
286.672	71.47	
286.886	36.25	
287.099	79.05	
287.312	33.38	
287.525	41.16	
287.739	23.76	
287.952	29.29	
288.165	20.07	
288.378	32.36	
288.592	44.85	
288.805	49.77	
289.018	77.62	
289.231	71.47	
289.444	87.24	
289.657	62.67	
289.871	54.89	
290.084	12.49	
290.297	40.96	
290.51	18.43	
290.723	13.52	
290.936	54.27	
291.149	63.49	
291.362	63.08	
291.575	61.44	
291.789	62.67	
292.002	36.66	
292.215	52.22	
292.428	12.9	
292.641	39.94	
292.854	34.41	
293.067	25.19	
293.28	13.11	
293.493	5.32	
293.706	-32.77	
293.919	-2.66	
294.132	-20.48	
294.345	-10.65	
294.558	-0.82	
294.77	7.99	
294.983	-7.99	
295.196	21.3	
295.409	28.67	
295.622	46.69	
295.835	63.08	
296.048	91.13	
296.261	90.32	
296.474	81.3	
296.686	65.94	
296.899	82.53	
297.112	65.94	
297.325	50.58	
297.538	63.49	
297.751	75.98	
297.963	63.49	
298.176	74.55	
298.389	77.21	
298.602	79.26	
298.814	167.32	
299.027	157.08	
299.24	142.54	
299.453	173.67	
299.665	151.14	
299.878	35.63	
300.091	32.56	
300.303	36.25	
300.516	10.24	
300.729	0.41	
300.941	27.85	
301.154	19.25	
301.367	-0.2	
301.579	19.46	
301.792	45.26	
302.005	21.91	
302.217	23.76	
302.43	31.33	
302.642	17.82	
302.855	-8.19	
303.067	-14.13	
303.28	14.75	
303.493	-5.94	
303.705	19.05	
303.918	30.92	
304.13	69.43	
304.343	51.4	
304.555	81.3	
304.768	59.8	
304.98	82.94	
305.193	52.63	
305.405	66.15	
305.617	41.57	
305.83	48.95	
306.042	15.97	
306.255	13.52	
306.467	-8.6	
306.68	-4.51	
306.892	-11.26	
307.104	8.81	
307.317	8.4	
307.529	29.08	
307.741	45.46	
307.954	53.25	
308.166	31.13	
308.378	62.67	
308.591	57.96	
308.803	70.04	
309.015	74.55	
309.228	112.64	
309.44	79.87	
309.652	80.08	
309.864	65.33	
310.077	26.83	
310.289	-2.46	
310.501	15.97	
310.713	7.17	
310.926	28.67	
311.138	33.79	
311.35	39.94	
311.562	16.79	
311.774	23.55	
311.986	-15.56	
312.199	20.48	
312.411	-3.89	
312.623	22.94	
312.835	-5.32	
313.047	9.83	
313.259	-4.51	
313.471	19.66	
313.683	-1.84	
313.895	22.94	
314.108	7.58	
314.32	7.37	
314.532	-11.06	
314.744	11.26	
314.956	28.06	
315.168	49.77	
315.38	28.88	
315.592	64.92	
315.804	50.79	
316.016	77.21	
316.228	85.81	
316.44	117.96	
316.651	108.34	
316.863	114.28	
317.075	66.15	
317.287	33.38	
317.499	11.47	
317.711	1.43	
317.923	17	
318.135	5.53	
318.347	11.47	
318.559	41.37	
318.77	56.11	
318.982	37.89	
319.194	31.95	
319.406	43.01	
319.618	27.03	
319.83	19.46	
320.041	10.44	
320.253	24.78	
320.465	20.07	
320.677	6.35	
320.888	-9.83	
321.1	4.51	
321.312	37.27	
321.524	41.98	
321.735	35.02	
321.947	21.5	
322.159	-2.05	
322.37	-38.5	
322.582	-27.44	
322.794	5.12	
323.005	41.78	
323.217	60.21	
323.429	53.04	
323.64	55.5	
323.852	15.15	
324.063	-3.69	
324.275	5.32	
324.487	25.6	
324.698	-5.12	
324.91	29.29	
325.121	30.51	
325.333	9.22	
325.544	4.3	
325.756	45.87	
325.967	22.32	
326.179	38.09	
326.39	47.1	
326.602	66.76	
326.813	26.21	
327.025	47.1	
327.236	12.29	
327.448	14.75	
327.659	-21.5	
327.871	2.46	
328.082	-10.85	
328.293	21.5	
328.505	20.48	
328.716	32.15	
328.928	7.78	
329.139	40.55	
329.35	32.15	
329.562	47.72	
329.773	67.38	
329.984	80.28	
330.196	59.19	
330.407	73.93	
330.618	49.36	
330.83	27.85	
331.041	32.77	
331.252	22.53	
331.463	13.52	
331.675	35.23	
331.886	57.34	
332.097	67.99	
332.308	90.32	
332.52	89.5	
332.731	85.61	
332.942	79.67	
333.153	84.38	
333.364	63.49	
333.575	58.16	
333.787	73.93	
333.998	41.98	
334.209	48.33	
334.42	30.72	
334.631	31.74	
334.842	18.23	
335.053	53.86	
335.264	23.35	
335.475	37.48	
335.686	29.7	
335.898	24.17	
336.109	-6.55	
336.32	5.94	
336.531	10.24	
336.742	22.32	
336.953	13.52	
337.164	20.27	
337.375	18.43	
337.586	-2.05	
337.797	-39.12	
338.007	-22.32	
338.218	-35.63	
338.429	-19.25	
338.64	-1.64	
338.851	29.08	
339.062	24.37	
339.273	61.85	
339.484	30.51	
339.695	14.54	
339.906	-2.46	
340.116	11.47	
340.327	-0.41	
340.538	8.6	
340.749	2.46	
340.96	13.11	
341.171	-18.02	
341.381	-20.07	
341.592	-18.84	
341.803	8.6	
342.014	17.61	
342.224	44.65	
342.435	31.54	
342.646	8.6	
342.857	-13.31	
343.067	-32.97	
343.278	-31.33	
343.489	-21.71	
343.699	5.53	
343.91	23.55	
344.121	41.16	
344.331	14.34	
344.542	11.06	
344.753	26.83	
344.963	34	
345.174	53.45	
345.384	83.76	
345.595	98.71	
345.806	79.26	
346.016	51.4	
346.227	24.17	
346.437	12.08	
346.648	7.58	
346.858	6.76	
347.069	15.97	
347.279	33.59	
347.49	13.72	
347.7	20.27	
347.911	1.23	
348.121	3.28	
348.332	-3.28	
348.542	-13.52	
348.753	-33.18	
348.963	-7.78	
349.173	-0.82	
349.384	8.6	
349.594	42.8	
349.805	71.47	
350.015	51.2	
350.225	49.77	
350.436	46.28	
350.646	66.35	
350.856	37.07	
351.067	51.81	
351.277	28.26	
351.487	6.14	
351.698	-29.08	
351.908	-22.12	
352.118	-19.25	
352.328	-8.19	
352.539	28.67	
352.749	25.6	
352.959	23.76	
353.169	21.5	
353.38	33.18	
353.59	15.97	
353.8	37.07	
354.01	46.49	
354.22	28.47	
354.431	57.55	
354.641	40.96	
354.851	36.25	
355.061	32.97	
355.271	61.03	
355.481	27.24	
355.691	36.66	
355.901	18.43	
356.111	10.24	
356.321	-3.69	
356.532	-0.2	
356.742	-19.66	
356.952	-18.23	
357.162	-16.59	
357.372	-15.36	
357.582	-30.51	
357.792	-32.15	
358.002	-39.12	
358.212	-20.07	
358.422	-20.89	
358.632	-28.06	
358.842	-17.41	
359.051	24.99	
359.261	9.01	
359.471	16.38	
359.681	38.91	
359.891	30.51	
360.101	-21.3	
360.311	-28.26	
360.521	-42.19	
360.731	-42.39	
360.94	-26.21	
361.15	4.71	
361.36	18.84	
361.57	25.39	
361.78	20.68	
361.989	15.15	
362.199	7.58	
362.409	13.93	
362.619	4.71	
362.828	62.87	
363.038	58.37	
363.248	64.31	
363.458	61.85	
363.667	83.56	
363.877	44.65	
364.087	58.16	
364.296	36.04	
364.506	51.4	
364.716	41.98	
364.925	19.87	
365.135	2.46	
365.345	12.29	
365.554	-3.48	
365.764	14.95	
365.973	21.3	
366.183	48.33	
366.393	61.44	
366.602	72.7	
366.812	27.85	
367.021	52.43	
367.231	16.38	
367.44	6.96	
367.65	-7.17	
367.859	19.66	
368.069	-14.34	
368.278	13.93	
368.488	11.47	
368.697	-6.35	
368.907	-28.47	
369.116	49.36	
369.326	39.53	
369.535	45.67	
369.744	61.44	
369.954	73.52	
370.163	1.23	
370.373	9.22	
370.582	-11.26	
370.791	-16.38	
371.001	-33.59	
371.21	-31.54	
371.419	-46.49	
371.629	-42.19	
371.838	-31.33	
372.047	13.72	
372.256	11.47	
372.466	28.47	
372.675	15.15	
372.884	9.42	
373.093	-38.71	
373.303	-17.61	
373.512	-23.55	
373.721	-2.46	
373.93	-28.88	
374.139	27.65	
374.349	-4.71	
374.558	19.87	
374.767	-6.96	
374.976	9.83	
375.185	-8.6	
375.394	-0.41	
375.603	-13.93	
375.813	5.12	
376.022	5.94	
376.231	-9.01	
376.44	-12.9	
376.649	-15.36	
376.858	-3.48	
377.067	-8.4	
377.276	10.04	
377.485	37.27	
377.694	19.87	
377.903	24.58	
378.112	15.15	
378.321	16.79	
378.53	5.73	
378.739	23.96	
378.948	17	
379.157	26.83	
379.366	33.79	
379.575	39.32	
379.784	18.23	
379.992	14.75	
380.201	61.23	
380.41	45.67	
380.619	27.65	
380.828	51.4	
381.037	32.97	
381.246	-31.95	
381.454	-71.68	
381.663	-37.07	
381.872	-67.38	
382.081	-23.35	
382.29	12.29	
382.498	57.14	
382.707	47.72	
382.916	76.8	
383.125	25.19	
383.333	18.02	
383.542	13.11	
383.751	-1.64	
383.959	14.13	
384.168	32.36	
384.377	59.39	
384.585	53.45	
384.794	42.19	
385.003	15.77	
385.211	28.88	
385.42	-1.84	
385.628	-2.87	
385.837	6.96	
386.046	31.74	
386.254	38.71	
386.463	41.16	
386.671	71.27	
386.88	66.35	
387.088	54.48	
387.297	51.81	
387.505	48.95	
387.714	9.42	
387.922	8.4	
388.131	0	
388.339	5.94	
388.548	-9.01	
388.756	11.47	
388.965	5.32	
389.173	-11.26	
389.381	-17.61	
389.59	9.63	
389.798	12.08	
390.007	49.56	
390.215	52.02	
390.423	94.82	
390.632	86.22	
390.84	106.9	
391.048	74.14	
391.257	91.54	
391.465	38.5	
391.673	50.38	
391.882	16.18	
392.09	11.26	
392.298	7.58	
392.506	-0.2	
392.715	0.2	
392.923	33.18	
393.131	59.39	
393.339	61.03	
393.547	65.13	
393.756	67.99	
393.964	29.49	
394.172	21.3	
394.38	13.31	
394.588	46.49	
394.796	24.58	
395.005	25.19	
395.213	14.54	
395.421	26.21	
395.629	-3.89	
395.837	-1.23	
396.045	7.58	
396.253	11.88	
396.461	5.53	
396.669	19.66	
396.877	48.13	
397.085	74.34	
397.293	72.29	
397.501	58.16	
397.709	56.11	
397.917	52.63	
398.125	54.89	
398.333	74.55	
398.541	75.57	
398.749	72.91	
398.957	37.89	
399.165	-4.3	
399.373	-11.26	
399.581	-1.84	
399.788	13.72	
399.996	20.68	
400.204	43.21	
400.412	36.04	
400.62	29.29	
400.828	32.77	
401.035	50.58	
401.243	72.09	
401.451	92.57	
401.659	105.27	
401.867	98.51	
402.074	92.57	
402.282	70.86	
402.49	48.95	
402.697	99.74	
402.905	81.71	
403.113	107.52	
403.321	74.96	
403.528	77.62	
403.736	31.74	
403.944	41.98	
404.151	12.7	
404.359	44.44	
404.566	41.57	
404.774	39.73	
404.982	32.56	
405.189	38.3	
405.397	16.79	
405.604	13.11	
405.812	40.75	
406.02	40.55	
406.227	49.97	
406.435	57.14	
406.642	83.76	
406.85	57.14	
407.057	101.99	
407.265	103.83	
407.472	140.7	
407.679	133.73	
407.887	118.17	
408.094	92.98	
408.302	76.59	
408.509	70.25	
408.717	68.4	
408.924	96.46	
409.131	97.89	
409.339	109.57	
409.546	107.52	
409.753	90.73	
409.961	99.94	
410.168	93.59	
410.375	101.37	
410.583	91.13	
410.79	116.53	
410.997	103.42	
411.205	94.21	
411.412	95.84	
411.619	102.19	
411.826	94.21	
412.034	122.06	
412.241	146.02	
412.448	140.49	
412.655	116.94	
412.862	117.96	
413.07	80.89	
413.277	66.76	
413.484	53.86	
413.691	79.26	
413.898	63.28	
414.105	54.27	
414.312	19.25	
414.519	25.6	
414.727	15.56	
414.934	27.03	
415.141	36.45	
415.348	99.74	
415.555	94.21	
415.762	87.65	
415.969	66.97	
416.176	88.68	
416.383	61.23	
416.59	45.67	
416.797	53.45	
417.004	69.84	
417.211	46.9	
417.418	48.74	
417.625	60.01	
417.831	50.79	
418.038	66.15	
418.245	75.77	
418.452	63.69	
418.659	62.87	
418.866	58.16	
419.073	52.22	
419.28	28.26	
419.486	45.06	
419.693	27.44	
419.9	51.61	
420.107	57.75	
420.314	85.4	
420.52	99.94	
420.727	164.45	
420.934	142.54	
421.141	123.29	
421.347	119.19	
421.554	90.11	
421.761	23.14	
421.967	32.56	
422.174	50.58	
422.381	44.03	
422.588	32.36	
422.794	44.85	
423.001	85.61	
423.207	66.35	
423.414	68.81	
423.621	75.37	
423.827	98.51	
424.034	81.92	
424.24	101.17	
424.447	70.65	
424.654	61.85	
424.86	43.21	
425.067	13.11	
425.273	-9.01	
425.48	39.53	
425.686	77.41	
425.893	84.58	
426.099	80.08	
426.306	93.8	
426.512	97.48	
426.718	84.38	
426.925	92.77	
427.131	93.59	
427.338	83.97	
427.544	67.58	
427.75	51.2	
427.957	32.56	
428.163	48.95	
428.37	64.92	
428.576	67.58	
428.782	61.85	
428.988	98.92	
429.195	81.3	
429.401	67.58	
429.607	56.73	
429.814	99.33	
430.02	82.53	
430.226	79.87	
430.432	95.84	
430.639	105.06	
430.845	91.34	
431.051	98.51	
431.257	125.54	
431.463	106.9	
431.67	82.33	
431.876	64.92	
432.082	40.14	
432.288	39.73	
432.494	37.48	
432.7	72.29	
432.906	64.51	
433.112	74.34	
433.318	83.76	
433.525	98.71	
433.731	77.62	
433.937	104.04	
434.143	88.68	
434.349	82.53	
434.555	84.79	
434.761	93.39	
434.967	55.3	
435.173	65.94	
435.379	63.49	
435.585	84.79	
435.791	88.47	
435.996	144.59	
436.202	165.27	
436.408	142.33	
436.614	126.36	
436.82	126.77	
437.026	84.17	
437.232	84.38	
437.438	87.86	
437.644	45.46	
437.849	43.01	
438.055	45.26	
438.261	28.88	
438.467	26.42	
438.673	41.16	
438.878	20.68	
439.084	31.13	
439.29	57.75	
439.496	60.01	
439.701	84.17	
439.907	87.24	
440.113	79.67	
440.318	60.01	
440.524	60.42	
440.73	54.07	
440.935	69.02	
441.141	49.36	
441.347	75.98	
441.552	72.91	
441.758	80.89	
441.964	62.67	
442.169	81.92	
442.375	47.31	
442.58	56.52	
442.786	71.68	
442.991	69.22	
443.197	53.45	
443.402	64.31	
443.608	73.11	
443.813	76.18	
444.019	86.22	
444.224	106.7	
444.43	91.54	
444.635	99.74	
444.841	62.67	
445.046	100.35	
445.252	83.76	
445.457	82.12	
445.662	64.72	
445.868	73.32	
446.073	37.68	
446.278	34.2	
446.484	37.68	
446.689	29.49	
446.894	25.6	
447.1	18.02	
447.305	50.18	
447.51	58.16	
447.716	46.9	
447.921	44.03	
448.126	67.79	
448.331	30.72	
448.537	27.24	
448.742	47.72	
448.947	23.76	
449.152	-13.72	
449.357	29.9	
449.563	47.92	
449.768	28.47	
449.973	45.26	
450.178	70.65	
450.383	13.31	
450.588	-12.49	
450.793	-5.12	
450.999	21.09	
451.204	-4.51	
451.409	8.4	
451.614	-3.69	
451.819	4.3	
452.024	-24.58	
452.229	-2.46	
452.434	23.55	
452.639	20.48	
452.844	28.26	
453.049	14.54	
453.254	0.41	
453.459	-3.89	
453.664	21.91	
453.869	8.4	
454.074	27.03	
454.279	40.75	
454.483	20.27	
454.688	2.05	
454.893	29.9	
455.098	27.85	
455.303	30.31	
455.508	30.92	
455.713	30.31	
455.917	-9.01	
456.122	6.35	
456.327	-19.25	
456.532	6.96	
456.737	-20.48	
456.941	-7.78	
457.146	-11.26	
457.351	3.69	
457.555	-4.71	
457.76	32.56	
457.965	22.73	
458.17	21.09	
458.374	38.71	
458.579	23.96	
458.784	-5.94	
458.988	-1.64	
459.193	-14.75	
459.397	-27.65	
459.602	-22.53	
459.807	27.03	
460.011	23.35	
460.216	25.8	
460.42	-4.3	
460.625	-17	
460.829	-46.9	
461.034	-50.38	
461.239	-60.42	
461.443	-31.74	
461.648	-20.27	
461.852	-27.85	
462.056	-2.05	
462.261	10.24	
462.465	31.95	
462.67	24.37	
462.874	28.67	
463.079	-3.69	
463.283	-6.76	
463.487	-32.15	
463.692	-11.06	
463.896	-29.7	
464.1	-8.6	
464.305	-7.37	
464.509	-2.05	
464.713	-4.92	
464.918	33.59	
465.122	28.88	
465.326	6.14	
465.531	-5.73	
465.735	-27.85	
465.939	-26.01	
466.143	-38.09	
466.348	-27.65	
466.552	-37.68	
466.756	-23.14	
466.96	-16.59	
467.164	-1.23	
467.368	2.46	
467.573	28.26	
467.777	11.26	
467.981	-13.72	
468.185	-21.5	
468.389	-7.58	
468.593	-45.26	
468.797	-49.36	
469.001	-36.66	
469.205	-31.13	
469.409	-16.79	
469.613	6.55	
469.817	17.61	
470.021	20.68	
470.225	29.49	
470.429	10.24	
470.633	-0.2	
470.837	10.65	
471.041	-2.46	
471.245	-32.36	
471.449	-35.43	
471.653	-20.48	
471.857	-17.41	
472.061	-34.82	
472.265	-28.47	
472.469	-16.59	
472.673	-42.6	
472.876	-46.9	
473.08	-38.71	
473.284	-8.4	
473.488	-15.15	
473.692	27.85	
473.895	46.69	
474.099	66.15	
474.303	45.06	
474.507	57.14	
474.71	34.41	
474.914	-5.94	
475.118	-13.72	
475.322	-6.35	
475.525	-44.24	
475.729	-20.68	
475.933	5.94	
476.136	65.33	
476.34	74.96	
476.543	108.34	
476.747	78.64	
476.951	80.08	
477.154	8.4	
477.358	31.13	
477.561	18.02	
477.765	34.61	
477.969	7.58	
478.172	23.55	
478.376	-4.71	
478.579	2.05	
478.783	-4.71	
478.986	13.93	
479.19	17	
479.393	30.51	
479.596	34.2	
479.8	52.84	
480.003	40.75	
480.207	37.89	
480.41	10.44	
480.614	7.78	
480.817	-10.24	
481.02	26.83	
481.224	35.23	
481.427	51.61	
481.63	77.21	
481.834	77.62	
482.037	45.46	
482.24	29.7	
482.443	18.23	
482.647	-23.55	
482.85	-15.56	
483.053	2.87	
483.256	-24.58	
483.46	-6.55	
483.663	-11.67	
483.866	-4.3	
484.069	-20.27	
484.272	9.63	
484.476	-3.48	
484.679	12.49	
484.882	19.05	
485.085	9.01	
485.288	0	
485.491	10.04	
485.694	-3.69	
485.897	-13.31	
486.101	10.04	
486.304	39.12	
486.507	18.43	
486.71	30.31	
486.913	21.91	
487.116	4.1	
487.319	-18.23	
487.522	-5.73	
487.725	23.35	
487.928	18.02	
488.13	15.36	
488.333	20.27	
488.536	30.92	
488.739	-6.35	
488.942	5.94	
489.145	13.93	
489.348	9.83	
489.551	-12.29	
489.754	-2.25	
489.956	-11.67	
490.159	-11.47	
490.362	-18.23	
490.565	-21.91	
490.768	-31.54	
490.97	1.64	
491.173	13.31	
491.376	21.09	
491.579	30.51	
491.781	50.38	
491.984	17.41	
492.187	10.44	
492.39	3.48	
492.592	-10.04	
492.795	-9.22	
492.998	-23.96	
493.2	-26.62	
493.403	-18.64	
493.605	19.46	
493.808	5.32	
494.011	11.88	
494.213	3.07	
494.416	23.35	
494.618	-14.54	
494.821	-20.89	
495.023	3.48	
495.226	18.84	
495.428	-4.92	
495.631	17	
495.833	36.66	
496.036	14.34	
496.238	2.46	
496.441	33.59	
496.643	22.94	
496.846	10.04	
497.048	20.27	
497.25	38.5	
497.453	10.85	
497.655	63.49	
497.858	82.74	
498.06	95.44	
498.262	61.23	
498.465	62.87	
498.667	26.21	
498.869	20.48	
499.071	12.49	
499.274	47.51	
499.476	48.74	
499.678	30.92	
499.881	17.61	
500.083	-1.02	
500.285	-34.2	
500.487	-19.05	
500.689	-5.73	
500.892	-9.83	
501.094	-10.44	
501.296	26.21	
501.498	-6.55	
501.7	-27.44	
501.902	-12.29	
502.104	-7.58	
502.306	-31.95	
502.509	-17.41	
502.711	-20.89	
502.913	-26.83	
503.115	-45.26	
503.317	-37.07	
503.519	-46.28	
503.721	-15.77	
503.923	23.14	
504.125	44.24	
504.327	52.43	
504.529	70.45	
504.731	62.26	
504.933	51.2	
505.134	31.54	
505.336	34.82	
505.538	42.39	
505.74	25.19	
505.942	-10.65	
506.144	3.28	
506.346	-21.3	
506.548	-7.58	
506.749	-0.2	
506.951	6.55	
507.153	-8.4	
507.355	2.66	
507.557	-25.6	
507.758	-24.99	
507.96	-32.56	
508.162	-2.46	
508.363	15.97	
508.565	29.29	
508.767	21.3	
508.969	34.82	
509.17	35.23	
509.372	15.36	
509.574	-9.01	
509.775	-6.14	
509.977	-29.7	
510.178	-12.9	
510.38	-2.05	
510.582	8.6	
510.783	-0.41	
510.985	7.37	
511.186	-20.07	
511.388	-12.08	
511.589	-8.19	
511.791	-3.07	
511.992	-1.84	
512.194	2.46	
512.395	-35.63	
512.597	-23.35	
512.798	-28.47	
513	-11.67	
513.201	8.4	
513.403	60.62	
513.604	35.23	
513.805	49.97	
514.007	30.72	
514.208	1.84	
514.409	-33.38	
514.611	-21.5	
514.812	-7.37	
515.013	19.46	
515.215	25.39	
515.416	21.71	
515.617	5.53	
515.819	-23.96	
516.02	-40.75	
516.221	-27.85	
516.422	-19.05	
516.623	-14.54	
516.825	-13.93	
517.026	-17.41	
517.227	-53.25	
517.428	-71.47	
517.629	-61.85	
517.83	-41.57	
518.032	-42.6	
518.233	-23.55	
518.434	-8.6	
518.635	3.89	
518.836	-20.07	
519.037	-10.04	
519.238	3.07	
519.439	7.37	
519.64	-5.12	
519.841	18.02	
520.042	-1.84	
520.243	-19.87	
520.444	-36.45	
520.645	-30.92	
520.846	-37.07	
521.047	-5.73	
521.248	1.84	
521.449	23.14	
521.65	15.36	
521.851	57.75	
522.052	25.39	
522.252	45.06	
522.453	39.32	
522.654	37.68	
522.855	-7.37	
523.056	-2.05	
523.257	-1.84	
523.457	7.78	
523.658	-1.64	
523.859	-0.82	
524.06	-8.19	
524.26	-41.37	
524.461	-50.58	
524.662	-33.18	
524.862	-42.6	
525.063	-16.79	
525.264	12.29	
525.464	-0.82	
525.665	0.41	
525.866	49.36	
526.066	30.72	
526.267	7.37	
526.468	9.01	
526.668	0	
526.869	-27.24	
527.069	-29.08	
527.27	-4.71	
527.47	29.49	
527.671	25.6	
527.871	3.69	
528.072	27.03	
528.272	32.36	
528.473	20.07	
528.673	53.86	
528.874	59.39	
529.074	64.1	
529.275	49.56	
529.475	46.28	
529.675	12.7	
529.876	26.01	
530.076	-5.12	
530.277	-9.63	
530.477	-9.63	
530.677	-16.79	
530.878	-34.61	
531.078	14.95	
531.278	7.58	
531.478	3.69	
531.679	0.41	
531.879	-2.05	
532.079	-36.86	
532.28	-24.99	
532.48	-40.55	
532.68	-35.63	
532.88	-21.09	
533.08	-19.66	
533.28	-19.87	
533.481	-15.36	
533.681	-6.35	
533.881	-4.71	
534.081	-14.95	
534.281	-4.1	
534.481	6.35	
534.681	26.21	
534.881	46.08	
535.081	65.13	
535.281	44.24	
535.481	67.38	
535.682	43.42	
535.882	19.87	
536.082	17.2	
536.281	14.95	
536.481	1.02	
536.681	4.1	
536.881	2.05	
537.081	-13.72	
537.281	-8.4	
537.481	-22.73	
537.681	-34.82	
537.881	-51.61	
538.081	-24.17	
538.281	-15.56	
538.48	-33.38	
538.68	-10.44	
538.88	23.76	
539.08	13.52	
539.28	-1.02	
539.479	42.39	
539.679	32.97	
539.879	10.04	
540.079	4.51	
540.278	19.05	
540.478	-11.26	
540.678	-15.36	
540.877	4.1	
541.077	-9.22	
541.277	-19.46	
541.476	20.68	
541.676	32.56	
541.876	45.67	
542.075	54.48	
542.275	43.01	
542.474	15.36	
542.674	18.43	
542.874	-12.08	
543.073	-17.61	
543.273	-5.94	
543.472	6.14	
543.672	-10.65	
543.871	1.23	
544.071	6.55	
544.27	46.08	
544.47	26.42	
544.669	42.19	
544.868	29.7	
545.068	27.85	
545.267	-12.29	
545.467	20.89	
545.666	-4.51	
545.865	10.65	
546.065	6.35	
546.264	4.3	
546.463	-27.44	
546.663	-4.3	
546.862	-1.43	
547.061	-2.46	
547.261	-8.4	
547.46	22.53	
547.659	11.26	
547.858	26.83	
548.058	44.44	
548.257	71.47	
548.456	41.57	
548.655	43.83	
548.854	27.24	
549.053	36.04	
549.253	22.12	
549.452	28.88	
549.651	42.39	
549.85	62.87	
550.049	44.03	
550.248	43.42	
550.447	38.09	
550.646	51.81	
550.845	44.65	
551.044	37.07	
551.243	41.37	
551.442	53.45	
551.641	36.25	
551.84	49.15	
552.039	69.43	
552.238	69.43	
552.437	65.54	
552.636	45.26	
552.835	12.29	
553.034	22.94	
553.233	26.42	
553.432	20.89	
553.63	31.95	
553.829	32.56	
554.028	3.69	
554.227	3.69	
554.426	8.81	
554.625	26.42	
554.823	24.17	
555.022	44.65	
555.221	74.75	
555.42	79.87	
555.618	82.74	
555.817	93.18	
556.016	72.7	
556.214	53.86	
556.413	48.13	
556.612	46.28	
556.81	31.95	
557.009	32.56	
557.208	15.15	
557.406	16.38	
557.605	7.99	
557.803	5.53	
558.002	20.48	
558.201	-4.1	
558.399	-4.51	
558.598	-37.07	
558.796	-16.59	
558.995	-22.94	
559.193	9.63	
559.392	0	
559.59	48.13	
559.789	48.74	
559.987	67.58	
560.185	86.42	
560.384	84.99	
560.582	74.96	
560.781	89.09	
560.979	78.03	
561.177	35.43	
561.376	45.67	
561.574	60.82	
561.772	5.12	
561.971	46.08	
562.169	69.43	
562.367	53.25	
562.566	28.67	
562.764	45.87	
562.962	-0.41	
563.16	-8.4	
563.358	14.34	
563.557	28.06	
563.755	29.7	
563.953	28.06	
564.151	29.9	
564.349	42.6	
564.547	50.18	
564.746	38.71	
564.944	29.08	
565.142	33.79	
565.34	5.32	
565.538	-13.72	
565.736	11.88	
565.934	-1.64	
566.132	-23.96	
566.33	-16.59	
566.528	16.38	
566.726	5.94	
566.924	37.68	
567.122	42.6	
567.32	40.34	
567.518	9.83	
567.716	10.65	
567.914	-3.07	
568.112	2.05	
568.31	12.08	
568.507	17	
568.705	-4.1	
568.903	0	
569.101	16.38	
569.299	32.77	
569.497	35.84	
569.694	63.28	
569.892	49.36	
570.09	53.66	
570.288	11.67	
570.486	11.67	
570.683	16.79	
570.881	11.47	
571.079	-19.25	
571.276	-7.58	
571.474	-31.74	
571.672	-58.37	
571.869	-34.2	
572.067	-25.19	
572.265	-22.12	
572.462	6.76	
572.66	40.14	
572.857	50.79	
573.055	62.05	
573.253	67.17	
573.45	45.87	
573.648	39.94	
573.845	22.73	
574.043	10.65	
574.24	-3.69	
574.438	-14.54	
574.635	-23.14	
574.832	-40.75	
575.03	-23.35	
575.227	23.55	
575.425	22.94	
575.622	1.64	
575.82	5.12	
576.017	13.11	
576.214	-22.12	
576.412	-3.28	
576.609	7.58	
576.806	2.46	
577.004	-15.15	
577.201	-10.65	
577.398	-7.37	
577.595	34.82	
577.793	58.37	
577.99	74.14	
578.187	45.67	
578.384	31.95	
578.582	-8.81	
578.779	3.07	
578.976	-10.65	
579.173	30.31	
579.37	54.48	
579.567	82.33	
579.764	51.4	
579.962	73.11	
580.159	64.92	
580.356	62.67	
580.553	49.97	
580.75	68.61	
580.947	46.9	
581.144	58.78	
581.341	47.1	
581.538	62.05	
581.735	57.55	
581.932	65.94	
582.129	42.39	
582.326	44.85	
582.523	25.19	
582.72	27.85	
582.916	5.32	
583.113	1.02	
583.31	-5.94	
583.507	2.25	
583.704	14.34	
583.901	51.2	
584.098	52.84	
584.294	61.85	
584.491	42.19	
584.688	24.58	
584.885	2.05	
585.082	55.5	
585.278	77.62	
585.475	88.88	
585.672	77.41	
585.868	80.08	
586.065	24.37	
586.262	-18.23	
586.458	-9.22	
586.655	24.37	
586.852	11.88	
587.048	20.27	
587.245	18.23	
587.442	36.45	
587.638	30.72	
587.835	49.97	
588.031	44.85	
588.228	57.14	
588.424	31.13	
588.621	24.58	
588.817	14.13	
589.014	40.96	
589.21	37.48	
589.407	33.18	
589.603	20.68	
589.8	43.42	
589.996	21.09	
590.192	26.01	
590.389	44.65	
590.585	51.2	
590.782	3.69	
590.978	45.87	
591.174	43.83	
591.371	33.79	
591.567	33.18	
591.763	47.31	
591.959	26.42	
592.156	30.51	
592.352	24.17	
592.548	28.06	
592.744	44.24	
592.941	19.25	
593.137	4.71	
593.333	-7.58	
593.529	35.84	
593.725	31.13	
593.922	29.29	
594.118	64.1	
594.314	51.4	
594.51	29.49	
594.706	18.02	
594.902	39.32	
595.098	26.83	
595.294	54.07	
595.49	13.72	
595.686	33.38	
595.882	-1.02	
596.078	24.99	
596.274	27.85	
596.47	62.46	
596.666	53.86	
596.862	55.3	
597.058	37.89	
597.254	45.67	
597.45	16.79	
597.646	40.55	
597.842	55.91	
598.037	63.69	
598.233	61.64	
598.429	88.47	
598.625	46.69	
598.821	32.77	
599.017	-1.23	
599.212	3.48	
599.408	23.55	
599.604	23.55	
599.8	37.48	
599.995	39.12	
600.191	27.65	
600.387	-21.91	
600.582	-15.15	
600.778	0.2	
600.974	2.05	
601.169	10.04	
601.365	30.31	
601.561	27.44	
601.756	-0.41	
601.952	15.56	
602.147	-8.81	
602.343	-17.41	
602.538	12.08	
602.734	15.15	
602.93	27.44	
603.125	41.98	
603.321	52.43	
603.516	35.43	
603.711	55.5	
603.907	39.32	
604.102	40.96	
604.298	45.46	
604.493	41.37	
604.689	55.09	
604.884	46.28	
605.079	44.44	
605.275	35.23	
605.47	34.61	
605.665	16.38	
605.861	42.39	
606.056	52.43	
606.251	20.07	
606.447	11.26	
606.642	4.92	
606.837	-20.27	
607.032	-9.83	
607.227	4.51	
607.423	19.46	
607.618	20.48	
607.813	5.32	
608.008	-26.01	
608.203	35.02	
608.398	57.14	
608.594	46.69	
608.789	62.87	
608.984	95.44	
609.179	60.21	
609.374	43.21	
609.569	63.08	
609.764	43.62	
609.959	27.65	
610.154	24.37	
610.349	24.37	
610.544	17.41	
610.739	44.85	
610.934	44.65	
611.129	41.57	
611.324	51.61	
611.519	54.68	
611.714	62.26	
611.909	37.27	
612.103	66.15	
612.298	54.68	
612.493	68.4	
612.688	64.1	
612.883	86.22	
613.078	46.08	
613.272	78.03	
613.467	71.06	
613.662	79.46	
613.857	106.29	
614.051	143.15	
614.246	96.25	
614.441	78.64	
614.635	40.14	
614.83	3.69	
615.025	-38.71	
615.219	-37.48	
615.414	-52.02	
615.609	-31.95	
615.803	-27.03	
615.998	6.14	
616.192	25.8	
616.387	44.24	
616.582	70.65	
616.776	86.42	
616.971	65.54	
617.165	50.99	
617.36	29.7	
617.554	12.08	
617.749	21.71	
617.943	37.07	
618.138	46.08	
618.332	62.87	
618.526	62.87	
618.721	31.54	
618.915	26.83	
619.11	32.77	
619.304	18.23	
619.498	6.55	
619.693	30.51	
619.887	20.27	
620.081	-12.49	
620.275	3.07	
620.47	-1.43	
620.664	2.46	
620.858	-4.71	
621.052	10.24	
621.247	15.56	
621.441	24.17	
621.635	-2.05	
621.829	6.76	
622.023	6.14	
622.218	11.47	
622.412	8.81	
622.606	10.65	
622.8	12.7	
622.994	20.27	
623.188	4.1	
623.382	-0.61	
623.576	-4.71	
623.77	-12.7	
623.964	-7.99	
624.158	5.53	
624.352	-9.63	
624.546	-4.92	
624.74	7.99	
624.934	-8.19	
625.128	-2.66	
625.322	12.7	
625.516	26.21	
625.71	12.49	
625.904	-4.3	
626.098	3.28	
626.291	17.41	
626.485	13.52	
626.679	-0.41	
626.873	56.52	
627.067	38.5	
627.26	51.61	
627.454	62.05	
627.648	79.67	
627.842	43.01	
628.035	47.72	
628.229	30.51	
628.423	4.92	
628.617	-0.61	
628.81	-0.82	
629.004	-4.1	
629.198	2.25	
629.391	7.58	
629.585	42.8	
629.778	44.44	
629.972	53.66	
630.166	45.67	
630.359	35.84	
630.553	5.12	
630.746	15.36	
630.94	27.65	
631.133	2.87	
631.327	14.54	
631.52	11.26	
631.714	-0.82	
631.907	-12.9	
632.1	22.73	
632.294	42.6	
632.487	55.91	
632.681	73.32	
632.874	78.03	
633.067	94.62	
633.261	67.99	
633.454	66.56	
633.647	69.63	
633.841	44.24	
634.034	35.84	
634.227	49.97	
634.421	22.53	
634.614	13.52	
634.807	12.9	
635	-20.89	
635.193	-13.93	
635.387	3.69	
635.58	-13.52	
635.773	8.4	
635.966	29.29	
636.159	21.09	
636.352	-1.02	
636.545	7.58	
636.739	-22.73	
636.932	-36.25	
637.125	-47.1	
637.318	-42.19	
637.511	-15.77	
637.704	-8.4	
637.897	4.1	
638.09	13.93	
638.283	40.96	
638.476	30.51	
638.669	31.13	
638.862	37.07	
639.055	26.62	
639.247	14.75	
639.44	-11.26	
639.633	25.6	
639.826	2.87	
640.019	16.79	
640.212	23.96	
640.405	53.86	
640.597	21.5	
640.79	35.43	
640.983	25.6	
641.176	15.36	
641.368	21.09	
641.561	36.86	
641.754	12.08	
641.947	53.25	
642.139	56.93	
642.332	24.78	
642.525	29.29	
642.717	49.15	
642.91	0	
643.103	0.41	
643.295	-4.51	
643.488	-11.26	
643.68	-29.9	
643.873	-15.97	
644.065	-17.2	
644.258	-4.1	
644.45	-22.73	
644.643	-4.92	
644.835	-7.99	
645.028	-20.27	
645.22	-29.29	
645.413	-38.09	
645.605	-39.12	
645.798	-53.25	
645.99	-24.37	
646.182	-6.35	
646.375	18.84	
646.567	17.61	
646.76	11.88	
646.952	2.66	
647.144	-20.89	
647.337	-41.98	
647.529	-40.96	
647.721	-12.9	
647.913	-2.87	
648.106	4.3	
648.298	7.17	
648.49	2.66	
648.682	-18.84	
648.874	-34.61	
649.067	-24.99	
649.259	-27.44	
649.451	-26.42	
649.643	-20.07	
649.835	9.83	
650.027	6.35	
650.219	17	
650.411	21.09	
650.603	23.76	
650.796	19.87	
650.988	15.77	
651.18	24.37	
651.372	36.45	
651.564	43.62	
651.756	10.65	
651.948	27.24	
652.139	14.54	
652.331	0	
652.523	1.43	
652.715	11.47	
652.907	0.82	
653.099	8.19	
653.291	5.53	
653.483	-12.08	
653.674	2.25	
653.866	3.48	
654.058	-7.17	
654.25	-9.22	
654.442	-8.81	
654.633	-43.01	
654.825	-55.7	
655.017	-35.02	
655.209	-35.63	
655.4	-13.52	
655.592	-14.95	
655.784	16.18	
655.975	13.93	
656.167	17.82	
656.359	-3.48	
656.55	14.75	
656.742	-21.5	
656.933	-0.2	
657.125	4.51	
657.316	20.27	
657.508	5.53	
657.7	23.14	
657.891	-23.96	
658.083	-8.6	
658.274	-0.41	
658.466	5.12	
658.657	17.61	
658.848	11.06	
659.04	0.41	
659.231	-20.27	
659.423	-17.41	
659.614	-29.08	
659.805	19.87	
659.997	45.46	
660.188	55.5	
660.379	58.37	
660.571	51.81	
660.762	26.42	
660.953	-2.05	
661.145	6.55	
661.336	-5.32	
661.527	135.99	
661.718	148.27	
661.909	144.79	
662.101	132.5	
662.292	154.42	
662.483	1.02	
662.674	-7.17	
662.865	0.82	
663.056	-0.61	
663.247	-28.67	
663.439	-6.76	
663.63	-8.19	
663.821	-28.67	
664.012	-10.24	
664.203	32.56	
664.394	40.75	
664.585	49.15	
664.776	39.73	
664.967	23.14	
665.158	2.25	
665.349	18.23	
665.54	-3.89	
665.73	38.3	
665.921	20.48	
666.112	15.56	
666.303	-7.78	
666.494	57.96	
666.685	33.79	
666.876	60.82	
667.066	61.85	
667.257	74.14	
667.448	7.58	
667.639	7.37	
667.83	-23.35	
668.02	-9.83	
668.211	-35.02	
668.402	-4.1	
668.592	-24.78	
668.783	-13.93	
668.974	-22.94	
669.164	-5.53	
669.355	-17.61	
669.546	13.52	
669.736	22.12	
669.927	7.17	
670.117	-13.93	
670.308	-10.04	
670.499	-34.61	
670.689	-33.18	
670.88	-32.15	
671.07	-10.24	
671.261	-16.38	
671.451	22.32	
671.641	-4.92	
671.832	14.75	
672.022	-0.2	
672.213	-13.11	
672.403	-47.1	
672.594	1.23	
672.784	-4.92	
672.974	-0.82	
673.165	-23.14	
673.355	-5.32	
673.545	-8.6	
673.736	20.07	
673.926	-2.05	
674.116	34.41	
674.306	27.24	
674.497	-1.64	
674.687	-41.98	
674.877	-33.79	
675.067	-47.92	
675.257	-48.33	
675.448	-40.55	
675.638	-22.94	
675.828	-13.31	
676.018	15.97	
676.208	14.34	
676.398	33.18	
676.588	21.3	
676.778	23.14	
676.968	13.31	
677.158	29.7	
677.348	-3.89	
677.538	-2.46	
677.728	15.36	
677.918	5.53	
678.108	-21.91	
678.298	-0.41	
678.488	-4.51	
678.678	-2.66	
678.868	9.22	
679.058	16.38	
679.248	9.42	
679.438	-1.02	
679.627	-10.65	
679.817	-30.72	
680.007	-32.56	
680.197	-35.23	
680.387	-24.58	
680.576	-34.61	
680.766	-36.86	
680.956	-35.02	
681.146	-12.29	
681.335	-10.85	
681.525	-11.06	
681.715	5.32	
681.904	21.5	
682.094	24.78	
682.284	26.83	
682.473	29.08	
682.663	38.09	
682.852	23.76	
683.042	17	
683.231	20.48	
683.421	18.84	
683.61	1.02	
683.8	-1.43	
683.989	-11.88	
684.179	-7.37	
684.368	-27.44	
684.558	-26.83	
684.747	-19.66	
684.937	-41.78	
685.126	-29.9	
685.316	-13.52	
685.505	-20.48	
685.694	3.48	
685.884	41.57	
686.073	15.56	
686.262	10.65	
686.452	29.49	
686.641	20.07	
686.83	1.64	
687.019	-10.24	
687.209	1.23	
687.398	1.43	
687.587	-27.85	
687.776	-23.76	
687.965	-23.14	
688.155	-39.94	
688.344	-62.05	
688.533	-45.67	
688.722	-65.33	
688.911	-14.13	
689.1	18.43	
689.289	47.51	
689.478	46.9	
689.667	77	
689.856	33.38	
690.045	5.32	
690.234	-15.56	
690.423	10.24	
690.612	-17.82	
690.801	4.1	
690.99	-1.43	
691.179	4.3	
691.368	-32.15	
691.557	7.58	
691.746	-14.54	
691.935	-3.69	
692.124	-14.75	
692.312	6.96	
692.501	-23.96	
692.69	-7.99	
692.879	-6.55	
693.068	-1.43	
693.256	-16.79	
693.445	3.69	
693.634	-7.37	
693.823	-16.18	
694.011	-15.97	
694.2	-3.28	
694.389	-17	
694.577	-5.73	
694.766	8.4	
694.955	10.85	
695.143	3.48	
695.332	5.73	
695.52	-4.71	
695.709	7.37	
695.897	2.25	
696.086	-13.52	
696.275	-31.74	
696.463	-32.77	
696.652	-52.43	
696.84	-38.5	
697.028	-27.03	
697.217	-10.65	
697.405	13.31	
697.594	41.57	
697.782	35.84	
697.971	35.23	
698.159	37.48	
698.347	30.92	
698.536	4.1	
698.724	23.14	
698.912	20.07	
699.1	16.59	
699.289	35.02	
699.477	42.39	
699.665	14.75	
699.854	15.15	
700.042	13.52	
700.23	-3.07	
700.418	-15.97	
700.606	-19.87	
700.794	-27.65	
700.983	-18.64	
701.171	-21.71	
701.359	-21.3	
701.547	7.37	
701.735	40.34	
701.923	15.77	
702.111	-2.66	
702.299	-12.08	
702.487	-12.29	
702.675	-44.44	
702.863	-40.14	
703.051	-31.95	
703.239	-2.87	
703.427	-27.85	
703.615	-25.39	
703.803	-36.66	
703.991	-22.73	
704.179	-37.89	
704.367	-6.76	
704.554	17.82	
704.742	38.5	
704.93	68.61	
705.118	86.42	
705.306	45.26	
705.493	33.38	
705.681	17.61	
705.869	9.22	
706.057	-8.6	
706.244	5.53	
706.432	1.02	
706.62	22.53	
706.807	-18.84	
706.995	8.4	
707.183	-12.9	
707.37	-7.99	
707.558	-18.23	
707.746	19.87	
707.933	13.52	
708.121	56.11	
708.308	42.8	
708.496	48.33	
708.683	16.18	
708.871	20.68	
709.058	-6.14	
709.246	15.36	
709.433	0	
709.621	0.82	
709.808	-8.19	
709.995	22.12	
710.183	4.51	
710.37	12.49	
710.558	10.85	
710.745	18.64	
710.932	6.55	
711.12	14.95	
711.307	19.05	
711.494	31.74	
711.681	15.36	
711.869	-7.58	
712.056	-3.69	
712.243	5.53	
712.43	-34.41	
712.618	-30.51	
712.805	-33.18	
712.992	-36.04	
713.179	-52.63	
713.366	-17.82	
713.553	8.4	
713.74	7.58	
713.928	-24.17	
714.115	-15.15	
714.302	-40.55	
714.489	-60.01	
714.676	-56.11	
714.863	-1.02	
715.05	2.25	
715.237	1.43	
715.424	-22.94	
715.611	4.1	
715.798	-17.82	
715.984	-23.76	
716.171	2.87	
716.358	11.26	
716.545	-4.1	
716.732	-14.13	
716.919	-31.74	
717.106	-51.2	
717.293	-49.15	
717.479	-19.66	
717.666	-28.47	
717.853	-6.55	
718.04	21.5	
718.226	32.56	
718.413	-17	
718.6	9.22	
718.786	10.04	
718.973	14.34	
719.16	-11.26	
719.346	20.48	
719.533	8.6	
719.72	16.38	
719.906	-4.51	
720.093	26.01	
720.279	-4.1	
720.466	5.94	
720.652	5.94	
720.839	16.18	
721.025	15.97	
721.212	39.12	
721.398	24.78	
721.585	46.28	
721.771	38.5	
721.958	4.92	
722.144	9.42	
722.331	-11.88	
722.517	-54.89	
722.703	-52.22	
722.89	-38.3	
723.076	-45.06	
723.262	-5.73	
723.449	-6.14	
723.635	-29.7	
723.821	-33.79	
724.007	-60.42	
724.194	-81.92	
724.38	-83.35	
724.566	-70.65	
724.752	-65.53	
724.938	-10.24	
725.125	20.48	
725.311	44.24	
725.497	30.92	
725.683	24.37	
725.869	-10.04	
726.055	-36.25	
726.241	-40.55	
726.427	-19.66	
726.613	-2.05	
726.799	26.01	
726.985	17	
727.171	22.73	
727.357	36.66	
727.543	45.67	
727.729	15.36	
727.915	35.23	
728.101	34.41	
728.287	17.2	
728.473	-5.12	
728.659	-8.6	
728.845	-32.97	
729.03	-45.67	
729.216	-38.09	
729.402	-37.07	
729.588	-36.25	
729.774	-21.91	
729.959	-22.32	
730.145	-6.76	
730.331	22.32	
730.517	35.23	
730.702	47.1	
730.888	51.4	
731.074	15.77	
731.259	-6.35	
731.445	4.71	
731.63	-12.29	
731.816	-11.26	
732.002	39.12	
732.187	56.32	
732.373	41.57	
732.558	58.37	
732.744	85.2	
732.929	65.54	
733.115	36.45	
733.3	15.77	
733.486	2.66	
733.671	-44.03	
733.857	-57.75	
734.042	-40.55	
734.227	-15.97	
734.413	18.43	
734.598	56.93	
734.784	46.69	
734.969	43.01	
735.154	44.44	
735.339	20.48	
735.525	16.18	
735.71	35.02	
735.895	5.94	
736.081	-2.46	
736.266	-13.11	
736.451	-31.13	
736.636	-23.35	
736.821	-22.32	
737.007	-39.73	
737.192	-33.59	
737.377	-40.14	
737.562	-61.44	
737.747	-29.9	
737.932	-4.51	
738.117	-16.18	
738.302	12.08	
738.487	13.31	
738.672	1.64	
738.857	-11.47	
739.042	9.01	
739.227	8.6	
739.412	0.61	
739.597	-9.01	
739.782	16.18	
739.967	-9.22	
740.152	-8.19	
740.337	7.37	
740.522	21.09	
740.706	15.56	
740.891	44.85	
741.076	46.49	
741.261	53.25	
741.446	57.75	
741.63	48.95	
741.815	34	
742	-8.19	
742.185	-30.72	
742.369	-31.13	
742.554	-39.53	
742.739	-34	
742.923	-2.46	
743.108	17.41	
743.293	17	
743.477	12.08	
743.662	30.11	
743.846	21.3	
744.031	21.71	
744.216	18.23	
744.4	42.39	
744.585	14.95	
744.769	34.41	
744.954	34	
745.138	26.83	
745.322	10.65	
745.507	3.07	
745.691	-15.15	
745.876	-32.15	
746.06	-15.97	
746.244	-3.89	
746.429	16.79	
746.613	8.81	
746.798	22.53	
746.982	2.05	
747.166	7.78	
747.35	-0.82	
747.535	-2.66	
747.719	-3.69	
747.903	14.54	
748.087	-9.22	
748.272	-12.49	
748.456	18.43	
748.64	9.63	
748.824	6.76	
749.008	22.32	
749.192	17.2	
749.376	-9.42	
749.56	-10.44	
749.745	-36.86	
749.929	-33.79	
750.113	-19.87	
750.297	-31.74	
750.481	-17.82	
750.665	2.87	
750.849	0.2	
751.033	-3.69	
751.217	-5.32	
751.4	-6.55	
751.584	-3.89	
751.768	3.48	
751.952	3.69	
752.136	12.7	
752.32	0.82	
752.504	6.14	
752.688	-3.48	
752.871	-21.5	
753.055	-28.67	
753.239	-26.42	
753.423	-18.84	
753.606	-23.14	
753.79	6.35	
753.974	21.3	
754.157	20.07	
754.341	-2.87	
754.525	-0.82	
754.708	-23.35	
754.892	-24.78	
755.076	-10.04	
755.259	11.47	
755.443	-16.38	
755.626	-3.69	
755.81	6.96	
755.993	13.93	
756.177	-13.52	
756.36	12.7	
756.544	4.92	
756.727	-13.93	
756.911	-17.82	
757.094	2.46	
757.278	0.2	
757.461	-11.67	
757.644	-19.25	
757.828	-32.97	
758.011	-27.24	
758.195	-30.31	
758.378	-26.83	
758.561	-19.87	
758.744	-32.97	
758.928	-17.61	
759.111	-18.84	
759.294	1.23	
759.477	15.36	
759.661	30.72	
759.844	22.32	
760.027	21.09	
760.21	14.34	
760.393	15.15	
760.576	17.41	
760.76	-3.89	
760.943	-10.44	
761.126	10.85	
761.309	23.55	
761.492	31.33	
761.675	30.31	
761.858	44.85	
762.041	3.69	
762.224	-29.7	
762.407	-45.26	
762.59	-31.95	
762.773	-57.75	
762.956	-47.72	
763.139	-38.3	
763.321	-29.7	
763.504	-60.42	
763.687	-47.51	
763.87	-41.37	
764.053	-29.49	
764.236	-16.38	
764.418	-2.05	
764.601	1.64	
764.784	11.67	
764.967	26.21	
765.149	10.04	
765.332	21.09	
765.515	40.34	
765.697	33.18	
765.88	6.96	
766.063	15.77	
766.245	19.66	
766.428	-4.71	
766.611	-10.44	
766.793	-9.83	
766.976	-2.66	
767.158	-23.35	
767.341	3.28	
767.523	9.01	
767.706	17.2	
767.888	-0.61	
768.071	37.07	
768.253	19.46	
768.436	42.8	
768.618	43.62	
768.8	80.89	
768.983	75.16	
769.165	77.21	
769.348	45.06	
769.53	46.69	
769.712	-0.61	
769.895	-22.32	
770.077	-30.92	
770.259	-34.2	
770.441	-36.86	
770.624	3.07	
770.806	24.78	
770.988	27.24	
771.17	40.14	
771.352	55.09	
771.535	47.92	
771.717	33.79	
771.899	25.39	
772.081	50.79	
772.263	27.24	
772.445	18.64	
772.627	-8.4	
772.809	9.01	
772.991	-15.56	
773.173	14.54	
773.355	14.54	
773.537	35.23	
773.719	21.91	
773.901	59.19	
774.083	19.66	
774.265	2.46	
774.447	-6.35	
774.629	14.54	
774.811	-14.34	
774.992	10.44	
775.174	-3.48	
775.356	20.89	
775.538	-3.48	
775.72	-29.29	
775.901	-39.94	
776.083	-18.64	
776.265	-44.65	
776.447	-22.12	
776.628	8.19	
776.81	8.4	
776.992	31.74	
777.173	55.5	
777.355	47.72	
777.537	52.63	
777.718	43.62	
777.9	29.7	
778.081	23.14	
778.263	30.51	
778.444	13.11	
778.626	11.47	
778.807	-12.49	
778.989	-19.25	
779.17	-38.91	
779.352	-62.46	
779.533	-74.75	
779.715	-45.46	
779.896	-86.22	
780.078	-51.81	
780.259	-31.95	
780.44	-15.36	
780.622	-35.23	
780.803	25.19	
780.984	5.32	
781.166	-5.32	
781.347	-5.94	
781.528	5.73	
781.709	-6.76	
781.891	-3.89	
782.072	11.88	
782.253	15.97	
782.434	0	
782.615	-5.73	
782.796	-6.14	
782.978	7.17	
783.159	17.61	
783.34	44.65	
783.521	52.43	
783.702	52.63	
783.883	43.62	
784.064	57.75	
784.245	37.68	
784.426	51.81	
784.607	38.71	
784.788	42.8	
784.969	6.76	
785.15	13.93	
785.331	-32.15	
785.512	-11.88	
785.692	-17.61	
785.873	2.46	
786.054	-13.52	
786.235	21.71	
786.416	32.36	
786.597	41.78	
786.777	30.11	
786.958	32.36	
787.139	20.48	
787.32	6.14	
787.5	10.85	
787.681	7.78	
787.862	15.56	
788.042	24.58	
788.223	29.49	
788.404	-9.42	
788.584	-4.71	
788.765	7.58	
788.946	2.05	
789.126	-9.22	
789.307	23.35	
789.487	45.26	
789.668	22.32	
789.848	7.37	
790.029	-18.02	
790.209	-44.24	
790.39	-71.88	
790.57	-75.57	
790.75	-35.02	
790.931	-4.71	
791.111	-3.28	
791.292	16.59	
791.472	18.43	
791.652	2.05	
791.833	-2.87	
792.013	7.78	
792.193	-8.4	
792.373	31.95	
792.554	27.03	
792.734	37.48	
792.914	29.29	
793.094	39.32	
793.275	17.82	
793.455	9.01	
793.635	10.44	
793.815	30.31	
793.995	17.41	
794.175	10.85	
794.355	39.53	
794.535	41.98	
794.715	25.39	
794.896	26.21	
795.076	17.2	
795.256	17.41	
795.436	-8.19	
795.616	14.95	
795.795	22.12	
795.975	21.71	
796.155	6.55	
796.335	8.6	
796.515	13.72	
796.695	37.89	
796.875	67.79	
797.055	54.68	
797.234	66.97	
797.414	49.36	
797.594	30.51	
797.774	18.23	
797.954	6.14	
798.133	14.54	
798.313	7.17	
798.493	11.67	
798.672	-14.34	
798.852	10.24	
799.032	-1.23	
799.211	-2.05	
799.391	-9.01	
799.571	13.31	
799.75	-5.12	
799.93	14.54	
800.109	26.01	
800.289	25.19	
800.468	23.35	
800.648	27.85	
800.827	7.58	
801.007	-9.42	
801.186	-30.72	
801.366	-28.88	
801.545	-26.62	
801.725	5.53	
801.904	-4.1	
802.083	28.88	
802.263	17	
802.442	43.01	
802.621	-2.05	
802.801	51.4	
802.98	44.24	
803.159	32.97	
803.338	2.87	
803.518	41.37	
803.697	-2.66	
803.876	14.13	
804.055	17.61	
804.235	36.04	
804.414	3.28	
804.593	22.32	
804.772	-2.25	
804.951	9.42	
805.13	-18.02	
805.309	-6.35	
805.488	-13.93	
805.667	4.1	
805.846	10.04	
806.025	14.13	
806.204	31.74	
806.383	17.41	
806.562	-16.79	
806.741	-21.71	
806.92	-3.28	
807.099	-27.03	
807.278	-34.61	
807.457	-22.32	
807.636	-2.87	
807.814	3.69	
807.993	12.9	
808.172	26.42	
808.351	46.69	
808.53	29.49	
808.708	13.31	
808.887	3.48	
809.066	37.68	
809.244	17.2	
809.423	14.13	
809.602	16.79	
809.78	41.98	
809.959	11.67	
810.138	32.56	
810.316	37.68	
810.495	53.25	
810.673	10.04	
810.852	15.15	
811.03	13.52	
811.209	22.94	
811.388	9.83	
811.566	34.61	
811.744	35.63	
811.923	21.91	
812.101	13.72	
812.28	42.8	
812.458	50.18	
812.637	37.68	
812.815	46.69	
812.993	50.38	
813.172	65.54	
813.35	26.21	
813.528	37.48	
813.706	21.91	
813.885	22.32	
814.063	-29.29	
814.241	22.12	
814.419	31.33	
814.598	66.97	
814.776	55.7	
814.954	66.56	
815.132	43.42	
815.31	49.97	
815.488	0.61	
815.666	-6.55	
815.844	-24.58	
816.022	-28.26	
816.201	-63.08	
816.379	-29.9	
816.557	-31.13	
816.735	-9.83	
816.913	-15.77	
817.09	19.25	
817.268	-5.94	
817.446	1.84	
817.624	-14.75	
817.802	15.56	
817.98	-20.07	
818.158	-9.42	
818.336	-29.49	
818.514	-24.99	
818.691	-41.37	
818.869	3.89	
819.047	12.7	
819.225	32.77	
819.402	28.06	
819.58	54.89	
819.758	44.85	
819.935	27.03	
820.113	23.35	
820.291	30.72	
820.468	-2.46	
820.646	-7.78	
820.824	19.66	
821.001	54.68	
821.179	64.51	
821.356	80.49	
821.534	66.97	
821.711	44.85	
821.889	48.33	
822.066	45.87	
822.244	36.25	
822.421	67.17	
822.599	81.71	
822.776	45.46	
822.953	23.96	
823.131	6.14	
823.308	-30.31	
823.486	-35.23	
823.663	-33.59	
823.84	-2.46	
824.017	-1.02	
824.195	5.94	
824.372	29.9	
824.549	29.29	
824.726	9.63	
824.904	15.97	
825.081	27.44	
825.258	-9.63	
825.435	-11.26	
825.612	1.64	
825.789	-18.02	
825.967	-7.37	
826.144	18.64	
826.321	34.61	
826.498	36.04	
826.675	58.37	
826.852	21.91	
827.029	16.38	
827.206	20.27	
827.383	-10.04	
827.56	8.6	
827.737	13.72	
827.914	16.18	
828.09	-4.1	
828.267	15.15	
828.444	4.92	
828.621	12.9	
828.798	40.34	
828.975	26.42	
829.151	14.75	
829.328	19.87	
829.505	49.36	
829.682	10.65	
829.858	26.42	
830.035	47.1	
830.212	40.14	
830.389	5.12	
830.565	-0.41	
830.742	29.9	
830.918	33.59	
831.095	32.56	
831.272	52.43	
831.448	43.21	
831.625	45.06	
831.801	42.6	
831.978	38.91	
832.154	15.77	
832.331	34	
832.507	-15.15	
832.684	-16.38	
832.86	-13.11	
833.037	33.59	
833.213	24.37	
833.389	51.4	
833.566	26.42	
833.742	12.7	
833.918	-42.19	
834.095	-56.93	
834.271	-77.21	
834.447	-45.87	
834.624	-24.58	
834.8	-5.12	
834.976	23.35	
835.152	41.98	
835.328	29.7	
835.505	19.66	
835.681	16.59	
835.857	-13.72	
836.033	6.14	
836.209	63.49	
836.385	50.18	
836.561	55.09	
836.737	85.2	
836.913	49.56	
837.089	9.63	
837.265	33.79	
837.441	53.25	
837.617	46.08	
837.793	59.19	
837.969	59.39	
838.145	55.3	
838.321	44.65	
838.497	56.52	
838.673	60.01	
838.849	30.31	
839.025	46.49	
839.2	40.55	
839.376	43.62	
839.552	37.48	
839.728	54.68	
839.903	24.37	
840.079	48.95	
840.255	29.9	
840.431	67.79	
840.606	39.32	
840.782	92.36	
840.958	51.81	
841.133	49.15	
841.309	16.38	
841.484	50.99	
841.66	-8.81	
841.835	-11.26	
842.011	-12.49	
842.186	14.54	
842.362	-2.66	
842.537	32.77	
842.713	34.41	
842.888	37.89	
843.064	-1.23	
843.239	-0.41	
843.415	-20.27	
843.59	13.93	
843.765	18.23	
843.941	38.3	
844.116	59.6	
844.291	45.46	
844.467	27.24	
844.642	27.44	
844.817	34.61	
844.992	19.87	
845.168	25.8	
845.343	34	
845.518	33.18	
845.693	40.75	
845.868	35.43	
846.043	28.47	
846.219	15.56	
846.394	34.41	
846.569	20.48	
846.744	5.12	
846.919	20.48	
847.094	72.7	
847.269	56.52	
847.444	46.9	
847.619	68.4	
847.794	103.42	
847.969	73.52	
848.144	89.7	
848.319	86.83	
848.494	87.86	
848.668	77.21	
848.843	84.17	
849.018	62.67	
849.193	70.04	
849.368	74.14	
849.542	86.63	
849.717	63.08	
849.892	66.97	
850.067	59.19	
850.241	70.25	
850.416	38.71	
850.591	43.42	
850.765	46.9	
850.94	74.34	
851.115	44.44	
851.289	52.22	
851.464	53.86	
851.639	52.43	
851.813	21.91	
851.988	59.8	
852.162	35.02	
852.337	26.62	
852.511	33.38	
852.686	58.98	
852.86	35.84	
853.035	49.56	
853.209	38.09	
853.383	42.39	
853.558	5.53	
853.732	22.12	
853.906	0	
854.081	12.29	
854.255	-2.25	
854.429	33.59	
854.604	11.06	
854.778	45.06	
854.952	53.45	
855.126	69.63	
855.301	63.9	
855.475	53.66	
855.649	41.98	
855.823	24.58	
855.997	11.88	
856.171	-5.12	
856.345	5.32	
856.52	15.15	
856.694	31.54	
856.868	44.03	
857.042	58.98	
857.216	91.34	
857.39	78.03	
857.564	65.94	
857.738	47.92	
857.912	36.45	
858.085	7.78	
858.259	20.68	
858.433	15.56	
858.607	5.94	
858.781	14.75	
858.955	2.46	
859.129	-7.78	
859.302	0.61	
859.476	-5.12	
859.65	27.03	
859.824	21.09	
859.997	31.95	
860.171	51.2	
860.345	83.15	
860.519	54.89	
860.692	65.54	
860.866	71.27	
861.039	72.91	
861.213	67.79	
861.387	45.46	
861.56	45.06	
861.734	45.87	
861.907	31.74	
862.081	6.55	
862.254	25.8	
862.428	36.45	
862.601	16.59	
862.775	31.13	
862.948	84.38	
863.122	87.04	
863.295	73.52	
863.468	91.75	
863.642	59.6	
863.815	40.75	
863.988	17.61	
864.162	35.02	
864.335	15.97	
864.508	40.96	
864.682	44.24	
864.855	52.84	
865.028	34.2	
865.201	45.26	
865.374	34.41	
865.548	42.39	
865.721	42.39	
865.894	84.38	
866.067	87.86	
866.24	92.77	
866.413	93.59	
866.586	103.01	
866.759	46.08	
866.932	30.51	
867.105	26.21	
867.278	-14.75	
867.451	-30.92	
867.624	-3.28	
867.797	11.67	
867.97	9.42	
868.143	26.21	
868.316	51.61	
868.489	26.62	
868.661	24.37	
868.834	16.18	
869.007	32.56	
869.18	28.88	
869.353	46.9	
869.525	56.32	
869.698	62.87	
869.871	44.85	
870.044	36.66	
870.216	38.71	
870.389	18.84	
870.562	20.48	
870.734	38.3	
870.907	22.53	
871.079	21.71	
871.252	16.79	
871.425	52.43	
871.597	25.8	
871.77	80.28	
871.942	77.82	
872.115	85.81	
872.287	62.67	
872.459	56.32	
872.632	31.13	
872.804	43.83	
872.977	6.35	
873.149	8.6	
873.321	17	
873.494	0.61	
873.666	11.26	
873.838	29.9	
874.011	0.61	
874.183	15.56	
874.355	5.53	
874.528	-10.85	
874.7	-12.7	
874.872	19.87	
875.044	25.39	
875.216	44.03	
875.388	63.08	
875.561	91.34	
875.733	66.15	
875.905	52.02	
876.077	34.82	
876.249	46.08	
876.421	27.85	
876.593	11.47	
876.765	20.07	
876.937	40.14	
877.109	6.76	
877.281	9.83	
877.453	23.96	
877.625	11.47	
877.797	-2.87	
877.968	0.61	
878.14	6.55	
878.312	17.2	
878.484	9.42	
878.656	27.44	
878.828	20.68	
878.999	38.5	
879.171	20.89	
879.343	11.88	
879.515	-3.48	
879.686	-15.77	
879.858	-43.01	
880.03	-29.08	
880.201	-7.99	
880.373	-15.56	
880.545	4.71	
880.716	28.26	
880.888	64.51	
881.059	72.29	
881.231	97.69	
881.402	117.14	
881.574	101.78	
881.745	76.59	
881.917	89.7	
882.088	78.03	
882.26	50.38	
882.431	70.65	
882.602	30.92	
882.774	10.65	
882.945	-1.84	
883.116	-20.89	
883.288	-47.1	
883.459	-18.84	
883.63	-15.36	
883.802	-10.24	
883.973	14.75	
884.144	29.9	
884.315	33.79	
884.487	50.58	
884.658	57.34	
884.829	65.74	
885	63.69	
885.171	76.39	
885.342	40.14	
885.513	45.67	
885.684	41.16	
885.855	43.21	
886.026	21.71	
886.197	30.11	
886.368	-1.84	
886.539	4.71	
886.71	-16.18	
886.881	0.61	
887.052	19.25	
887.223	44.24	
887.394	24.58	
887.565	63.08	
887.736	46.49	
887.907	61.23	
888.077	61.23	
888.248	58.57	
888.419	31.95	
888.59	21.5	
888.761	23.14	
888.931	17.2	
889.102	35.43	
889.273	25.19	
889.443	22.73	
889.614	-9.63	
889.785	-4.3	
889.955	-3.48	
890.126	3.28	
890.296	35.02	
890.467	43.62	
890.637	84.17	
890.808	89.5	
890.978	105.68	
891.149	92.98	
891.319	141.92	
891.49	113.05	
891.66	110.8	
891.831	97.89	
892.001	104.04	
892.172	34.61	
892.342	31.13	
892.512	19.66	
892.683	47.51	
892.853	35.23	
893.023	56.52	
893.193	31.33	
893.364	41.78	
893.534	30.51	
893.704	58.16	
893.874	62.87	
894.044	73.32	
894.215	54.68	
894.385	66.56	
894.555	43.21	
894.725	68.2	
894.895	48.95	
895.065	72.91	
895.235	56.73	
895.405	85.4	
895.575	52.02	
895.745	87.29	
895.915	86.36	
