177.618	-3710.41	
177.836	-3719.11	
178.054	-3721.47	
178.271	-2694.21	
178.489	-1732.48	
178.706	-1170.93	
178.924	-463.97	
179.142	39.22	
179.359	-175.82	
179.577	-531.55	
179.794	-301.15	
180.012	-434.48	
180.229	-514.14	
180.447	-5.22	
180.664	26.73	
180.882	131.17	
181.1	238.28	
181.317	406.83	
181.535	-267.98	
181.752	-65.43	
181.969	-161.69	
182.187	-121.14	
182.404	149.4	
182.622	294.4	
182.839	237.05	
183.057	127.28	
183.274	-101.27	
183.492	-489.57	
183.709	-594.83	
183.926	-758.26	
184.144	-685.35	
184.361	-263.68	
184.579	217.39	
184.796	221.28	
185.013	258.15	
185.231	-23.04	
185.448	-342.11	
185.666	-471.14	
185.883	-444.31	
186.1	-99.84	
186.317	366.89	
186.535	542.81	
186.752	374.27	
186.969	467.04	
187.187	153.9	
187.404	-339.25	
187.621	128.71	
187.839	37.58	
188.056	215.34	
188.273	-26.32	
188.49	-30	
188.708	-704.19	
188.925	-655.25	
189.142	-1074.67	
189.359	-958.76	
189.576	-962.65	
189.794	-803.73	
190.011	-697.85	
190.228	-521.52	
190.445	-556.74	
190.662	-61.75	
190.879	64.2	
191.097	-120.93	
191.314	-95.13	
191.531	248.52	
191.748	-56.22	
191.965	-38.19	
192.182	-51.1	
192.399	-167.83	
192.616	-117.66	
192.834	-56.01	
193.051	-236.44	
193.268	-0.1	
193.485	-7.27	
193.702	196.71	
193.919	212.68	
194.136	345.59	
194.353	484.04	
194.57	440.42	
194.787	242.99	
195.004	829.53	
195.221	709.31	
195.438	414.41	
195.655	611.63	
195.872	735.12	
196.089	183.81	
196.306	37.17	
196.523	112.54	
196.74	40.24	
196.957	-602.82	
197.173	-607.73	
197.39	-515.17	
197.607	-291.94	
197.824	-289.07	
198.041	105.78	
198.258	231.93	
198.475	476.87	
198.692	276.99	
198.909	207.97	
199.125	8.91	
199.342	-203.88	
199.559	-268.39	
199.776	-137.52	
199.993	-237.05	
200.21	-239.92	
200.426	100.45	
200.643	-31.85	
200.86	45.98	
201.077	243.2	
201.293	174.59	
201.51	-86.12	
201.727	-227.84	
201.944	-672.66	
202.16	-923.33	
202.377	-869.06	
202.594	-941.96	
202.811	-323.48	
203.027	-276.99	
203.244	-77.72	
203.461	-180.12	
203.677	113.36	
203.894	-312.21	
204.111	-213.3	
204.327	-304.23	
204.544	-287.23	
204.761	-684.12	
204.977	-776.49	
205.194	-764.61	
205.41	-583.36	
205.627	-242.79	
205.844	174.79	
206.06	107.62	
206.277	437.55	
206.493	621.25	
206.71	581.52	
206.926	379.59	
207.143	780.99	
207.36	365.66	
207.576	304.23	
207.793	759.28	
208.009	896.09	
208.226	650.54	
208.442	959.37	
208.659	537.08	
208.875	25.91	
209.092	-387.78	
209.308	-312.01	
209.524	-419.94	
209.741	412.97	
209.957	477.48	
210.174	635.38	
210.39	259.38	
210.607	240.33	
210.823	-449.43	
211.039	-582.95	
211.256	-129.53	
211.472	-111.31	
211.688	-280.88	
211.905	-22.63	
212.121	-81.61	
212.338	-404.99	
212.554	-48.64	
212.77	198.35	
212.987	-22.63	
213.203	-39.83	
213.419	-230.29	
213.635	-457.82	
213.852	-809.46	
214.068	-835.26	
214.284	-780.79	
214.501	-139.16	
214.717	-240.53	
214.933	61.13	
215.149	-61.95	
215.365	-141	
215.582	-732.25	
215.798	-588.89	
216.014	-367.1	
216.23	-336.17	
216.447	-28.16	
216.663	-220.87	
216.879	-236.44	
217.095	-609.58	
217.311	-323.27	
217.527	-271.05	
217.743	-284.77	
217.96	-121.55	
218.176	-110.49	
218.392	16.08	
218.608	-244.02	
218.824	86.32	
219.04	-154.52	
219.256	-13.21	
219.472	161.48	
219.688	275.96	
219.904	99.02	
220.12	255.48	
220.336	16.08	
220.552	-490.39	
220.768	6.04	
220.984	264.9	
221.2	117.45	
221.416	735.12	
221.632	596.68	
221.848	12.6	
222.064	-395.97	
222.28	-306.07	
222.496	-855.74	
222.712	84.48	
222.928	72.81	
223.144	228.86	
223.36	137.52	
223.576	482.19	
223.792	-330.23	
224.008	-47.41	
224.224	207.56	
224.439	512.91	
224.655	645.01	
224.871	826.05	
225.087	875.81	
225.303	587.66	
225.519	617.56	
225.734	185.03	
225.95	-128.71	
226.166	-394.75	
226.382	-316.72	
226.598	-457	
226.813	261.01	
227.029	333.72	
227.245	169.47	
227.461	623.91	
227.677	665.28	
227.892	130.76	
228.108	558.17	
228.324	511.48	
228.539	-13.21	
228.755	144.48	
228.971	-156.16	
229.186	-111.51	
229.402	-89.6	
229.618	335.35	
229.833	84.89	
230.049	427.72	
230.265	271.46	
230.48	1089.83	
230.696	585.62	
230.912	545.68	
231.127	305.45	
231.343	-1.74	
231.558	-911.04	
231.774	-670.2	
231.99	-312.21	
232.205	-181.55	
232.421	-208.38	
232.636	-130.15	
232.852	-295.83	
233.067	-621.87	
233.283	-690.47	
233.498	-526.64	
233.714	-281.7	
233.929	-141.41	
234.145	-202.65	
234.36	-78.33	
234.576	403.96	
234.791	716.69	
235.007	1248.54	
235.222	1851.06	
235.438	1985.4	
235.653	1872.15	
235.868	1595.47	
236.084	828.3	
236.299	552.23	
236.515	386.35	
236.73	138.34	
236.945	176.23	
237.161	645.42	
237.376	732.87	
237.592	437.55	
237.807	193.43	
238.022	494.07	
238.238	221.69	
238.453	-119.5	
238.668	647.87	
238.883	807.21	
239.099	310.37	
239.314	224.35	
239.529	56.01	
239.745	-646.85	
239.96	-513.53	
240.175	-457.82	
240.39	-69.12	
240.605	309.55	
240.821	572.92	
241.036	449.43	
241.251	1084.71	
241.466	735.73	
241.681	661.6	
241.897	984.77	
242.112	920.87	
242.327	14.64	
242.542	228.86	
242.757	-124.82	
242.972	527.66	
243.188	477.69	
243.403	777.31	
243.618	768.3	
243.833	830.35	
244.048	-237.05	
244.263	-201.62	
244.478	-289.48	
244.693	-201.01	
244.908	-128.71	
245.123	286	
245.338	323.68	
245.553	1036.37	
245.768	553.87	
245.983	715.46	
246.198	39.01	
246.413	559.81	
246.628	70.55	
246.843	138.95	
247.058	-87.55	
247.273	556.54	
247.488	-162.92	
247.703	-148.58	
247.918	358.91	
248.133	386.14	
248.348	-16.08	
248.563	560.02	
248.778	509.64	
248.993	158	
249.207	814.37	
249.422	727.54	
249.637	230.09	
249.852	70.55	
250.067	170.7	
250.282	-356.04	
250.496	-296.65	
250.711	-210.02	
250.926	101.27	
251.141	228.86	
251.356	20.79	
251.57	278.83	
251.785	176.64	
252	60.72	
252.215	-108.85	
252.43	405.19	
252.644	139.57	
252.859	476.26	
253.074	204.28	
253.288	662.01	
253.503	226.2	
253.718	617.16	
253.932	1084.5	
254.147	975.96	
254.362	793.9	
254.576	919.44	
254.791	798.61	
255.006	205.72	
255.22	623.71	
255.435	421.98	
255.65	476.87	
255.864	434.27	
256.079	206.54	
256.293	387.58	
256.508	90.62	
256.723	762.56	
256.937	316.72	
257.152	329.62	
257.366	-50.48	
257.581	-18.53	
257.795	-776.28	
258.01	-286	
258.224	-140.18	
258.439	-21.81	
258.653	114.58	
258.868	164.76	
259.082	-102.5	
259.297	-171.11	
259.511	-223.95	
259.726	-295.83	
259.94	-451.68	
260.154	-550.39	
260.369	-522.33	
260.583	-458.85	
260.798	-595.24	
261.012	-245.65	
261.226	-252.62	
261.441	-102.5	
261.655	-534.01	
261.869	-367.1	
262.084	-646.24	
262.298	-620.64	
262.512	-939.51	
262.727	-833.42	
262.941	-888.51	
263.155	-791.64	
263.37	-871.31	
263.584	-425.47	
263.798	337.2	
264.012	501.24	
264.227	453.11	
264.441	822.36	
264.655	540.77	
264.869	243.4	
265.084	18.53	
265.298	-31.03	
265.512	-219.85	
265.726	-157.18	
265.94	-650.95	
266.155	-513.53	
266.369	-533.19	
266.583	-385.73	
266.797	-539.33	
267.011	-14.03	
267.225	-136.29	
267.439	-59.49	
267.654	-233.37	
267.868	-23.24	
268.082	-561.86	
268.296	-563.29	
268.51	-303.41	
268.724	-161.48	
268.938	-380	
269.152	25.29	
269.366	71.78	
269.58	103.32	
269.794	-22.63	
270.008	350.31	
270.222	48.23	
270.436	478.71	
270.65	33.89	
270.864	20.99	
271.078	-130.97	
271.292	94.31	
271.506	-26.73	
271.72	76.7	
271.934	179.09	
272.148	199.16	
272.362	8.5	
272.575	-147.35	
272.789	36.35	
273.003	-136.5	
273.217	-221.69	
273.431	-205.1	
273.645	-253.64	
273.859	-497.55	
274.073	-217.39	
274.286	-281.08	
274.5	194.05	
274.714	322.25	
274.928	637.23	
275.142	305.45	
275.355	523.15	
275.569	811.3	
275.783	997.05	
275.997	954.05	
276.21	1466.04	
276.424	1435.11	
276.638	637.43	
276.852	187.08	
277.065	-92.06	
277.279	-232.55	
277.493	-454.75	
277.706	-214.73	
277.92	99.84	
278.134	52.12	
278.347	-180.53	
278.561	-261.63	
278.775	-203.47	
278.988	-33.89	
279.202	179.71	
279.415	483.01	
279.629	424.03	
279.843	238.69	
280.056	431.2	
280.27	517.01	
280.483	64.61	
280.697	215.34	
280.91	339.04	
281.124	-258.15	
281.337	-528.48	
281.551	-473.8	
281.764	-462.53	
281.978	-422.39	
282.191	-431.81	
282.405	-155.75	
282.618	-206.13	
282.832	-227.43	
283.045	-56.22	
283.259	35.74	
283.472	-182.78	
283.686	-32.67	
283.899	-129.12	
284.112	-321.84	
284.326	176.43	
284.539	607.94	
284.752	721.81	
284.966	787.55	
285.179	651.15	
285.393	265.72	
285.606	-108.03	
285.819	157.8	
286.033	316.51	
286.246	485.88	
286.459	229.88	
286.672	258.56	
286.886	-274.74	
287.099	-38.4	
287.312	-454.34	
287.525	-462.74	
287.739	-453.11	
287.952	-66.46	
288.165	6.25	
288.378	399.46	
288.592	430.38	
288.805	710.34	
289.018	1083.89	
289.231	747.2	
289.444	710.13	
289.657	650.74	
289.871	435.09	
290.084	-362.18	
290.297	-590.74	
290.51	-711.57	
290.723	-578.04	
290.936	-705.22	
291.149	-455.78	
291.362	113.76	
291.575	140.8	
291.789	264.9	
292.002	364.44	
292.215	704.81	
292.428	58.26	
292.641	48.23	
292.854	-34.3	
293.067	165.17	
293.28	-395.97	
293.493	-238.49	
293.706	-180.73	
293.919	144.48	
294.132	-83.66	
294.345	116.43	
294.558	32.87	
294.77	-135.68	
294.983	-549.37	
295.196	-487.72	
295.409	-427.72	
295.622	548.55	
295.835	440.01	
296.048	426.08	
296.261	222.31	
296.474	-48.02	
296.686	-1067.5	
296.899	-451.47	
297.112	-458.03	
297.325	42.9	
297.538	455.16	
297.751	808.03	
297.963	220.87	
298.176	269.41	
298.389	-118.68	
298.602	-299.93	
298.814	-589.51	
299.027	-416.04	
299.24	-369.15	
299.453	-256.3	
299.665	-335.15	
299.878	-134.45	
300.091	-397.2	
300.303	-394.54	
300.516	-509.02	
300.729	-267.57	
300.941	-48.02	
301.154	243.4	
301.367	131.17	
301.579	179.71	
301.792	101.48	
302.005	-202.24	
302.217	-297.67	
302.43	-85.5	
302.642	-251.18	
302.855	-406.01	
303.067	-531.14	
303.28	-193.23	
303.493	-457.21	
303.705	-277.6	
303.918	-428.33	
304.13	-207.15	
304.343	-704.4	
304.555	-543.43	
304.768	-636.2	
304.98	-337.4	
305.193	-448.4	
305.405	-311.6	
305.617	-114.79	
305.83	68.3	
306.042	-86.73	
306.255	-202.03	
306.467	-91.24	
306.68	-476.05	
306.892	-768.09	
307.104	-731.43	
307.317	-463.15	
307.529	-321.22	
307.741	-71.37	
307.954	-80.79	
308.166	-275.55	
308.378	-426.69	
308.591	-569.44	
308.803	-254.26	
309.015	-4.4	
309.228	278.42	
309.44	354.4	
309.652	424.24	
309.864	38.81	
310.077	-13.21	
310.289	-273.71	
310.501	-350.31	
310.713	-195.68	
310.926	-232.34	
311.138	-470.73	
311.35	273.3	
311.562	486.29	
311.774	338.22	
311.986	115.61	
312.199	406.83	
312.411	-319.18	
312.623	-360.14	
312.835	201.42	
313.047	604.87	
313.259	595.04	
313.471	565.96	
313.683	448.2	
313.895	-221.08	
314.108	-604.46	
314.32	-652.59	
314.532	-658.11	
314.744	-436.73	
314.956	-76.7	
315.168	691.7	
315.38	633.95	
315.592	807.21	
315.804	667.33	
316.016	327.98	
316.228	-42.09	
316.44	224.56	
316.651	251.8	
316.863	10.14	
317.075	48.23	
317.287	-303.41	
317.499	-522.95	
317.711	-628.01	
317.923	-365.26	
318.135	-717.71	
318.347	-729.18	
318.559	-670.2	
318.77	-391.88	
318.982	-426.08	
319.194	-109.67	
319.406	459.05	
319.618	489.57	
319.83	122.16	
320.041	-163.12	
320.253	-283.75	
320.465	-710.75	
320.677	-94.51	
320.888	-15.46	
321.1	-18.53	
321.312	90.01	
321.524	26.11	
321.735	-645.21	
321.947	-100.66	
322.159	46.18	
322.37	-20.58	
322.582	87.96	
322.794	116.02	
323.005	-238.28	
323.217	26.93	
323.429	-122.98	
323.64	-42.29	
323.852	-104.55	
324.063	-346.21	
324.275	-249.54	
324.487	1.13	
324.698	-76.9	
324.91	158	
325.121	73.62	
325.333	-236.64	
325.544	-552.64	
325.756	90.83	
325.967	-335.76	
326.179	104.55	
326.39	116.63	
326.602	361.77	
326.813	-411.54	
327.025	-382.66	
327.236	-685.15	
327.448	-809.05	
327.659	-800.86	
327.871	-424.03	
328.082	-288.87	
328.293	83.66	
328.505	101.68	
328.716	305.45	
328.928	399.25	
329.139	829.73	
329.35	464.17	
329.562	470.32	
329.773	166.6	
329.984	13.41	
330.196	-443.9	
330.407	-256.3	
330.618	-310.37	
330.83	-111.72	
331.041	-302.79	
331.252	-285.79	
331.463	-236.03	
331.675	78.13	
331.886	-127.08	
332.097	-264.5	
332.308	-323.68	
332.52	-575.99	
332.731	-858.61	
332.942	-730	
333.153	-241.56	
333.364	231.11	
333.575	250.36	
333.787	650.74	
333.998	453.32	
334.209	329.21	
334.42	-94.92	
334.631	-37.17	
334.842	-336.99	
335.053	-209.4	
335.264	-369.35	
335.475	-354.4	
335.686	-148.17	
335.898	-182.78	
336.109	-156.57	
336.32	-230.29	
336.531	-457.21	
336.742	-649.31	
336.953	-584.39	
337.164	-717.1	
337.375	-692.73	
337.586	-484.04	
337.797	-597.49	
338.007	440.21	
338.218	371.81	
338.429	256.1	
338.64	459.67	
338.851	981.28	
339.062	-226.81	
339.273	451.47	
339.484	553.26	
339.695	181.55	
339.906	-278.01	
340.116	18.74	
340.327	-453.32	
340.538	-437.96	
340.749	-235	
340.96	-338.02	
341.171	-422.19	
341.381	-551.83	
341.592	-635.18	
341.803	-647.87	
342.014	-368.33	
342.224	-320.61	
342.435	-334.54	
342.646	-420.96	
342.857	-399.25	
343.067	-428.95	
343.278	-683.92	
343.489	-335.56	
343.699	-173.57	
343.91	-278.83	
344.121	-379.39	
344.331	-350.51	
344.542	-814.58	
344.753	-818.06	
344.963	-817.24	
345.174	-692.73	
345.384	-629.44	
345.595	264.7	
345.806	505.34	
346.016	558.38	
346.227	509.02	
346.437	872.95	
346.648	252.82	
346.858	365.87	
347.069	104.14	
347.279	57.04	
347.49	-401.3	
347.7	240.53	
347.911	-86.94	
348.121	322.45	
348.332	213.09	
348.542	288.66	
348.753	-309.76	
348.963	-348.46	
349.173	-406.21	
349.384	108.85	
349.594	422.39	
349.805	303.2	
350.015	322.25	
350.225	443.08	
350.436	-88.78	
350.646	-162.92	
350.856	-75.47	
351.067	-62.98	
351.277	-352.97	
351.487	-406.01	
351.698	-820.93	
351.908	-780.99	
352.118	-910.01	
352.328	-706.65	
352.539	-171.52	
352.749	70.55	
352.959	85.3	
353.169	292.55	
353.38	121.96	
353.59	-299.11	
353.8	-276.78	
354.01	-413.59	
354.22	-390.65	
354.431	-303.61	
354.641	-360.75	
354.851	282.93	
355.061	132.4	
355.271	391.26	
355.481	435.09	
355.691	569.03	
355.901	-141.82	
356.111	133.63	
356.321	-415.64	
356.532	-646.44	
356.742	-586.64	
356.952	-314.26	
357.162	-99.22	
357.372	84.68	
357.582	26.73	
357.792	-105.57	
358.002	-593.81	
358.212	-442.26	
358.422	-407.03	
358.632	31.44	
358.842	-33.28	
359.051	472.98	
359.261	-112.13	
359.471	-149.6	
359.681	-404.37	
359.891	-70.14	
360.101	-166.81	
360.311	-42.7	
360.521	-5.43	
360.731	64.61	
360.94	-258.35	
361.15	-59.29	
361.36	53.14	
361.57	52.94	
361.78	-31.64	
361.989	-121.55	
362.199	-673.27	
362.409	-576.4	
362.619	-703.78	
362.828	-188.31	
363.038	-237.05	
363.248	-66.87	
363.458	-222.51	
363.667	-243.4	
363.877	-488.54	
364.087	-264.7	
364.296	1.74	
364.506	79.36	
364.716	125.03	
364.925	56.83	
365.135	72.81	
365.345	-284.77	
365.554	-477.69	
365.764	-251.59	
365.973	-399.25	
366.183	-139.57	
366.393	-133.83	
366.602	-99.43	
366.812	-74.44	
367.021	363.41	
367.231	-123.19	
367.44	-100.04	
367.65	-19.56	
367.859	-391.88	
368.069	-584.39	
368.278	-352.56	
368.488	-259.78	
368.697	-485.68	
368.907	-443.49	
369.116	81.61	
369.326	68.09	
369.535	-48.64	
369.744	260.19	
369.954	350.71	
370.163	-479.33	
370.373	-322.66	
370.582	-281.9	
370.791	-530.53	
371.001	-513.12	
371.21	-252.21	
371.419	-428.13	
371.629	-53.55	
371.838	388.4	
372.047	790.41	
372.256	392.9	
372.466	634.77	
372.675	91.24	
372.884	-339.45	
373.093	-733.48	
373.303	-272.89	
373.512	-446.15	
373.721	-19.56	
373.93	-38.4	
374.139	95.54	
374.349	-146.33	
374.558	-84.48	
374.767	-476.46	
374.976	-167.83	
375.185	-504.72	
375.394	-431.61	
375.603	-457	
375.813	-0.92	
376.022	-350.31	
376.231	-241.97	
376.44	-82.02	
376.649	6.86	
376.858	-484.45	
377.067	-312.83	
377.276	-106.8	
377.485	-295.42	
377.694	-555.92	
377.903	-415.64	
378.112	-554.28	
378.321	-647.87	
378.53	-448.81	
378.739	-159.64	
378.948	-228.66	
379.157	-45.77	
379.366	-26.11	
379.575	-308.73	
379.784	-418.91	
379.992	-111.51	
380.201	-222.92	
380.41	-248.52	
380.619	-277.4	
380.828	-312.01	
381.037	-509.23	
381.246	-615.52	
381.454	-798.81	
381.663	-900.59	
381.872	-1186.29	
382.081	-718.73	
382.29	-492.02	
382.498	-241.56	
382.707	-69.12	
382.916	235.82	
383.125	-401.3	
383.333	-599.34	
383.542	-428.54	
383.751	-165.37	
383.959	-177.25	
384.168	-68.91	
384.377	716.69	
384.585	487.52	
384.794	212.27	
385.003	58.47	
385.211	165.78	
385.42	-439.6	
385.628	-531.55	
385.837	-543.22	
386.046	-232.14	
386.254	427.51	
386.463	267.57	
386.671	605.69	
386.88	530.53	
387.088	457.82	
387.297	-244.43	
387.505	254.05	
387.714	-180.73	
387.922	-395.77	
388.131	-836.9	
388.339	-653.4	
388.548	-1015.89	
388.756	-275.55	
388.965	-215.55	
389.173	91.85	
389.381	-87.76	
389.59	195.07	
389.798	-158.41	
390.007	818.27	
390.215	999.31	
390.423	1396.82	
390.632	1124.64	
390.84	833.01	
391.048	90.42	
391.257	-114.79	
391.465	-654.43	
391.673	-820.72	
391.882	-906.12	
392.09	-1095.77	
392.298	-1185.47	
392.506	-1074.06	
392.715	-1156.59	
392.923	-730.2	
393.131	-721.4	
393.339	-650.13	
393.547	-743.11	
393.756	-81.41	
393.964	-438.57	
394.172	-513.32	
394.38	-454.34	
394.588	233.78	
394.796	-299.11	
395.005	-42.7	
395.213	239.31	
395.421	697.03	
395.629	173.57	
395.837	255.69	
396.045	135.68	
396.253	61.95	
396.461	-478.1	
396.669	-294.81	
396.877	-200.19	
397.085	-258.15	
397.293	-437.96	
397.501	-417.68	
397.709	-660.16	
397.917	-738.8	
398.125	-667.54	
398.333	-412.56	
398.541	-614.29	
398.749	-590.74	
398.957	-506.97	
399.165	-503.7	
399.373	-531.35	
399.581	-183.4	
399.788	-323.27	
399.996	-449.43	
400.204	-671.02	
400.412	-362.59	
400.62	-688.63	
400.828	-428.13	
401.035	-136.5	
401.243	260.81	
401.451	-119.29	
401.659	9.93	
401.867	56.42	
402.074	-198.14	
402.282	-402.32	
402.49	-368.12	
402.697	-202.24	
402.905	-350.31	
403.113	-470.52	
403.321	-542.2	
403.528	-502.26	
403.736	-654.63	
403.944	-215.75	
404.151	-238.08	
404.359	-335.15	
404.566	-427.31	
404.774	-346.62	
404.982	-524.59	
405.189	-382.25	
405.397	-235.62	
405.604	-105.37	
405.812	113.97	
406.02	-279.24	
406.227	-135.68	
406.435	-39.22	
406.642	-115.81	
406.85	-470.32	
407.057	-139.16	
407.265	-257.74	
407.472	-306.27	
407.679	-378.57	
407.887	-17.92	
408.094	-401.71	
408.302	-625.14	
408.509	-749.04	
408.717	-555.92	
408.924	-784.47	
409.131	-326.14	
409.339	-132.2	
409.546	-228.04	
409.753	-496.73	
409.961	-212.27	
410.168	-516.4	
410.375	-458.85	
410.583	-242.79	
410.79	167.22	
410.997	-145.3	
411.205	569.23	
411.412	306.89	
411.619	394.13	
411.826	-25.91	
412.034	389.63	
412.241	-95.95	
412.448	9.11	
412.655	-374.27	
412.862	-305.04	
413.07	-976.16	
413.277	-1067.71	
413.484	-1113.79	
413.691	-833.63	
413.898	-531.35	
414.105	-242.99	
414.312	-344.37	
414.519	-252.41	
414.727	-534.62	
414.934	-487.72	
415.141	-327.57	
415.348	-181.35	
415.555	-219.85	
415.762	57.04	
415.969	-336.17	
416.176	-719.35	
416.383	-1047.23	
416.59	-988.86	
416.797	-1127.92	
417.004	-822.77	
417.211	-683.51	
417.418	-69.94	
417.625	-36.97	
417.831	-10.75	
418.038	-281.9	
418.245	-368.74	
418.452	-717.1	
418.659	-792.05	
418.866	-870.08	
419.073	-821.54	
419.28	-958.14	
419.486	-412.36	
419.693	-478.3	
419.9	-339.86	
420.107	-402.94	
420.314	134.24	
420.52	-677.78	
420.727	-323.89	
420.934	-155.13	
421.141	-234.39	
421.347	-376.52	
421.554	-15.46	
421.761	-469.91	
421.967	-531.35	
422.174	-401.09	
422.381	-602	
422.588	-706.24	
422.794	-241.76	
423.001	167.01	
423.207	175.82	
423.414	253.23	
423.621	212.68	
423.827	-166.81	
424.034	-558.79	
424.24	-407.44	
424.447	-301.36	
424.654	-405.4	
424.86	-439.8	
425.067	-597.49	
425.273	-549.57	
425.48	-529.71	
425.686	-501.24	
425.893	-379.8	
426.099	-451.07	
426.306	-264.5	
426.512	-508.2	
426.718	-536.26	
426.925	-504.11	
427.131	-557.97	
427.338	-810.07	
427.544	-680.85	
427.75	-793.69	
427.957	-614.49	
428.163	-622.89	
428.37	-610.19	
428.576	-470.32	
428.782	-531.96	
428.988	-319.38	
429.195	-21.2	
429.401	-103.73	
429.607	-76.29	
429.814	592.78	
430.02	99.84	
430.226	-57.65	
430.432	-108.03	
430.639	-196.91	
430.845	-584.8	
431.051	-417.89	
431.257	-384.1	
431.463	-377.95	
431.67	-612.45	
431.876	-669.58	
432.082	-773.21	
432.288	-804.75	
432.494	-805.98	
432.7	-823.59	
432.906	-648.08	
433.112	-618.59	
433.318	-658.73	
433.525	-543.43	
433.731	-335.97	
433.937	-252.21	
434.143	-480.15	
434.349	-499.19	
434.555	-791.03	
434.761	-771.16	
434.967	-1157	
435.173	-1059.11	
435.379	-983.74	
435.585	-766.25	
435.791	-676.96	
435.996	-485.68	
436.202	-449.63	
436.408	-368.12	
436.614	-479.33	
436.82	-717.1	
437.026	-715.46	
437.232	-484.24	
437.438	-725.49	
437.644	-768.91	
437.849	-742.49	
438.055	-683.3	
438.261	-880.52	
438.467	-561.86	
438.673	29.8	
438.878	64.61	
439.084	211.25	
439.29	282.93	
439.496	262.04	
439.701	-169.67	
439.907	-153.09	
440.113	-254.87	
440.318	-248.32	
440.524	-502.88	
440.73	-728.56	
440.935	-869.87	
441.141	-1008.93	
441.347	-370.58	
441.552	-358.5	
441.758	-87.14	
441.964	-72.19	
442.169	26.11	
442.375	-759.9	
442.58	-510.66	
442.786	-427.1	
442.991	-347.64	
443.197	-699.28	
443.402	-492.02	
443.608	-150.42	
443.813	157.18	
444.019	402.94	
444.224	572.92	
444.43	601.59	
444.635	514.96	
444.841	-63.38	
445.046	-142.64	
445.252	-91.65	
445.457	-177.46	
445.662	-760.51	
445.868	-630.47	
446.073	-537.49	
446.278	-682.9	
446.484	-439.19	
446.689	-289.89	
446.894	-436.73	
447.1	-796.35	
447.305	-549.98	
447.51	-403.76	
447.716	-402.53	
447.921	-98	
448.126	41.88	
448.331	223.95	
448.537	-53.35	
448.742	671.22	
448.947	452.29	
449.152	299.93	
449.357	-135.88	
449.563	-376.31	
449.768	-1240.35	
449.973	-1137.34	
450.178	-983.33	
450.383	-921.07	
450.588	-850.42	
450.793	-208.18	
450.999	-199.16	
451.204	-214.32	
451.409	-42.9	
451.614	1.33	
451.819	-415.64	
452.024	-629.65	
452.229	-555.72	
452.434	-220.05	
452.639	-213.71	
452.844	-119.91	
453.049	64.2	
453.254	-86.53	
453.459	-425.67	
453.664	-149.19	
453.869	-386.14	
454.074	82.02	
454.279	248.11	
454.483	203.47	
454.688	36.97	
454.893	252	
455.098	-39.22	
455.303	-116.84	
455.508	-73.42	
455.713	-203.06	
455.917	-305.86	
456.122	-319.59	
456.327	-397.41	
456.532	381.43	
456.737	352.15	
456.941	560.43	
457.146	525.41	
457.351	558.17	
457.555	-340.68	
457.76	-137.52	
457.965	94.72	
458.17	290.5	
458.374	336.79	
458.579	1360.57	
458.784	1295.24	
458.988	920.25	
459.193	631.7	
459.397	768.71	
459.602	-314.88	
459.807	-234.8	
460.011	-300.13	
460.216	145.71	
460.42	-51.92	
460.625	-42.09	
460.829	70.55	
461.034	11.98	
461.239	-269.62	
461.443	94.92	
461.648	387.17	
461.852	367.92	
462.056	419.32	
462.261	403.96	
462.465	374.47	
462.67	415.84	
462.874	693.14	
463.079	848.37	
463.283	650.74	
463.487	466.83	
463.692	306.27	
463.896	-131.58	
464.1	-86.73	
464.305	148.38	
464.509	889.74	
464.713	1187.31	
464.918	1571.71	
465.122	1643.6	
465.326	1366.51	
465.531	708.49	
465.735	827.89	
465.939	301.77	
466.143	50.07	
466.348	161.28	
466.552	43.11	
466.756	-349.69	
466.96	-289.07	
467.164	-88.37	
467.368	25.5	
467.573	564.93	
467.777	598.52	
467.981	616.75	
468.185	630.06	
468.389	467.24	
468.593	-35.74	
468.797	-45.98	
469.001	521.11	
469.205	586.03	
469.409	606.3	
469.613	689.24	
469.817	746.79	
470.021	446.76	
470.225	411.33	
470.429	394.54	
470.633	582.95	
470.837	544.66	
471.041	464.58	
471.245	401.09	
471.449	498.99	
471.653	264.5	
471.857	239.51	
472.061	291.94	
472.265	586.23	
472.469	613.47	
472.673	743.31	
472.876	1085.73	
473.08	885.23	
473.284	669.79	
473.488	757.24	
473.692	521.52	
473.895	499.4	
474.099	722.83	
474.303	910.42	
474.507	893.63	
474.71	1273.32	
474.914	1200.21	
475.118	1226.63	
475.322	1377.98	
475.525	1378.79	
475.729	1390.26	
475.933	1066.89	
476.136	1269.64	
476.34	1405.62	
476.543	1439.41	
476.747	1268.82	
476.951	1694.18	
477.154	1428.77	
477.358	1239.94	
477.561	1211.07	
477.765	1280.49	
477.969	905.51	
478.172	1167.85	
478.376	1263.49	
478.579	1320.43	
478.783	1355.24	
478.986	1521.74	
479.19	1265.95	
479.393	991.32	
479.596	898.75	
479.8	754.78	
480.003	607.12	
480.207	555.1	
480.41	716.48	
480.614	984.97	
480.817	1263.49	
481.02	1897.75	
481.224	2278.88	
481.427	2737.42	
481.63	2575.63	
481.834	2986.66	
482.037	2490.23	
482.24	2161.53	
482.443	1975.37	
482.647	1965.95	
482.85	1424.87	
483.053	1810.71	
483.256	1875.02	
483.46	1402.55	
483.663	1614.11	
483.866	1809.48	
484.069	1920.07	
484.272	1917.41	
484.476	2127.74	
484.679	2172.59	
484.882	2403.39	
485.085	2076.54	
485.288	2203.92	
485.491	2607.37	
485.694	2441.69	
485.897	2021.65	
486.101	2317.38	
486.304	2508.25	
486.507	1972.5	
486.71	1994.21	
486.913	2312.26	
487.116	2299.36	
487.319	2113.4	
487.522	2436.57	
487.725	2955.53	
487.928	3342.59	
488.13	3252.07	
488.333	3391.74	
488.536	3465.47	
488.739	3224.83	
488.942	3158.07	
489.145	3432.7	
489.348	3577.9	
489.551	3571.96	
489.754	3655.11	
489.956	3549.23	
490.159	3387.24	
490.362	3396.66	
490.565	3305.73	
490.768	3377.82	
490.97	3569.92	
491.173	3920.53	
491.376	3968.04	
491.579	4383.98	
491.781	4746.07	
491.984	4685.24	
492.187	4891.47	
492.39	5292.87	
492.592	5362.09	
492.795	5632.02	
492.998	5867.94	
493.2	6201.15	
493.403	6425.6	
493.605	6868.58	
493.808	6709.66	
494.011	6634.7	
494.213	6340.2	
494.416	6205.86	
494.618	5902.55	
494.821	5931.63	
495.023	6471.68	
495.226	6801	
495.428	6933.3	
495.631	7351.9	
495.833	7493.82	
496.036	7542.36	
496.238	7704.77	
496.441	8218.19	
496.643	8118.46	
496.846	8619.39	
497.048	8733.87	
497.25	9410.31	
497.453	9478.31	
497.655	10203.29	
497.858	10704.43	
498.06	10835.29	
498.262	10610.01	
498.465	10921.92	
498.667	10755.42	
498.869	10494.92	
499.071	10625.78	
499.274	10810.72	
499.476	10861.71	
499.678	11073.88	
499.881	11123.24	
500.083	11428.59	
500.285	11561.5	
500.487	11934.03	
500.689	12211.73	
500.892	12469.16	
501.094	12697.1	
501.296	13197.21	
501.498	13340.78	
501.7	13563.39	
501.902	13991.62	
502.104	14601.1	
502.306	14608.88	
502.509	15284.3	
502.711	15417.21	
502.913	15700.45	
503.115	15642.49	
503.317	16129.7	
503.519	16255.65	
503.721	17244.61	
503.923	17632.5	
504.125	18149.61	
504.327	18454.76	
504.529	18737.99	
504.731	18234.4	
504.933	18434.48	
505.134	18349.08	
505.336	18514.35	
505.538	18389.22	
505.74	19061.16	
505.942	19500.66	
506.144	19927.86	
506.346	20057.7	
506.548	20822.01	
506.749	20964.34	
506.951	21199.24	
507.153	21389.09	
507.355	21857.05	
507.557	21714.1	
507.758	22086.42	
507.96	22004.71	
508.162	22438.47	
508.363	22521	
508.565	23384.63	
508.767	23561.37	
508.969	23826.99	
509.17	23770.88	
509.372	23739.34	
509.574	23163.04	
509.775	22984.25	
509.977	23052.04	
510.178	23617.69	
510.38	24026.05	
510.582	24423.15	
510.783	24885.99	
510.985	25106.15	
511.186	24843.81	
511.388	25050.65	
511.589	25296.82	
511.791	25072.36	
511.992	25161.24	
512.194	25588.45	
512.395	25335.32	
512.597	25529.88	
512.798	25798.77	
513	26105.76	
513.201	26100.44	
513.403	26662.2	
513.604	26264.69	
513.805	26584.58	
514.007	26888.91	
514.208	26767.05	
514.409	26424.43	
514.611	26564.92	
514.812	26389.41	
515.013	26483.41	
515.215	26695.58	
515.416	26962.02	
515.617	27240.54	
515.819	27477.49	
516.02	27360.15	
516.221	27768.72	
516.422	27823.6	
516.623	27835.27	
516.825	27745.98	
517.026	27754.38	
517.227	27386.77	
517.428	27326.56	
517.629	27308.33	
517.83	27718.13	
518.032	27808.04	
518.233	28451.92	
518.434	28853.11	
518.635	29434.12	
518.836	29333.77	
519.037	29494.74	
519.238	29547.38	
519.439	29507.85	
519.64	29167.48	
519.841	29287.49	
520.042	29134.51	
520.243	28990.94	
520.444	28976.2	
520.645	28867.25	
520.846	28599.37	
521.047	28651.39	
521.248	28364.06	
521.449	28328.63	
521.65	28346.45	
521.851	28918.24	
522.052	29085.56	
522.252	29722.27	
522.453	30009.6	
522.654	30330.72	
522.855	30097.87	
523.056	30195.15	
523.257	29696.67	
523.457	29892.25	
523.658	29911.91	
523.859	29789.45	
524.06	29509.49	
524.26	29586.49	
524.461	29430.03	
524.662	29503.75	
524.862	29521.16	
525.063	29760.57	
525.264	29957.58	
525.464	29961.68	
525.665	29916.63	
525.866	30262.32	
526.066	30237.75	
526.267	30349.36	
526.468	30170.78	
526.668	30124.49	
526.869	29801.32	
527.069	29945.91	
527.27	29632.37	
527.47	29772.86	
527.671	29764.26	
527.871	29793.54	
528.072	29738.04	
528.272	29800.91	
528.473	29751.76	
528.673	29873.41	
528.874	29789.24	
529.074	29824.26	
529.275	29673.33	
529.475	29789.86	
529.675	29620.69	
529.876	29706.91	
530.076	29683.57	
530.277	29844.13	
530.477	29855.39	
530.677	29816.68	
530.878	29883.04	
531.078	29961.48	
531.278	29785.56	
531.478	29647.52	
531.679	29605.54	
531.879	29554.95	
532.079	29282.37	
532.28	29299.98	
532.48	29277.45	
532.68	29222.98	
532.88	29269.67	
533.08	29726.98	
533.28	29680.49	
533.481	29668.82	
533.681	29654.69	
533.881	30065.92	
534.081	29567.65	
534.281	29652.85	
534.481	29528.74	
534.681	29814.23	
534.881	29338.48	
535.081	29222.36	
535.281	29073.27	
535.481	29288.1	
535.682	28938.11	
535.882	28745.6	
536.082	28652.82	
536.281	28849.84	
536.481	29361.22	
536.681	29427.16	
536.881	29360.4	
537.081	29385.38	
537.281	29136.96	
537.481	28269.65	
537.681	28181.18	
537.881	28126.5	
538.081	28463.8	
538.281	28663.27	
538.48	28557.59	
538.68	28705.66	
538.88	28851.48	
539.08	28961.86	
539.28	28751.95	
539.479	28962.68	
539.679	28706.89	
539.879	28882.4	
540.079	28420.38	
540.278	28390.07	
540.478	28262.28	
540.678	28308.56	
540.877	28441.06	
541.077	28481	
541.277	28524.83	
541.476	28956.33	
541.676	28945.89	
541.876	28625.59	
542.075	28688.25	
542.275	28428.98	
542.474	27840.8	
542.674	28061.58	
542.874	28035.57	
543.073	28002.8	
543.273	28301.8	
543.472	28247.33	
543.672	27948.94	
543.871	27637.65	
544.071	27454.35	
544.27	27418.72	
544.47	27372.02	
544.669	27342.74	
544.868	27609.18	
545.068	27611.23	
545.267	27677.79	
545.467	28426.11	
545.666	28262.89	
545.865	28414.44	
546.065	28327.81	
546.264	28241.59	
546.463	27752.33	
546.663	27819.51	
546.862	27371.82	
547.061	27577.44	
547.261	27819.91	
547.46	27965.73	
547.659	27945.25	
547.858	28474.45	
548.058	28678.01	
548.257	28656.71	
548.456	28400.51	
548.655	28599.99	
548.854	28108.88	
549.053	28009.97	
549.253	27404.59	
549.452	27484.87	
549.651	27291.54	
549.85	27508.01	
550.049	27417.08	
550.248	27501.25	
550.447	27490.81	
550.646	27640.51	
550.845	27618.19	
551.044	27556.96	
551.243	27613.89	
551.442	27560.03	
551.641	27342.33	
551.84	27281.91	
552.039	26960.18	
552.238	26979.02	
552.437	26878.67	
552.636	26940.52	
552.835	26673.67	
553.034	27198.56	
553.233	27152.07	
553.432	27861.9	
553.63	27710.96	
553.829	28090.45	
554.028	27556.75	
554.227	27710.14	
554.426	27222.52	
554.625	27387.79	
554.823	27183.61	
555.022	27346.63	
555.221	27159.04	
555.42	26834.64	
555.618	26949.53	
555.817	26953.01	
556.016	26968.57	
556.214	26921.68	
556.413	27269.01	
556.612	27029.81	
556.81	27081.21	
557.009	26902.63	
557.208	26704.18	
557.406	26300.94	
557.605	26287.83	
557.803	26211.85	
558.002	26204.07	
558.201	26227.62	
558.399	26159.01	
558.598	26214.1	
558.796	25977.77	
558.995	25809.83	
559.193	25824.78	
559.392	25861.24	
559.59	25611.79	
559.789	25742.05	
559.987	25850.18	
560.185	26002.96	
560.384	25763.96	
560.582	25971.21	
560.781	25947.66	
560.979	26017.7	
561.177	25891.34	
561.376	25970.8	
561.574	26005.62	
561.772	25666.89	
561.971	27945.25	
562.169	28251.42	
562.367	28143.7	
562.566	27967.57	
562.764	28078.78	
562.962	25544.83	
563.16	25153.25	
563.358	25134.21	
563.557	25061.92	
563.755	25206.3	
563.953	25307.88	
564.151	25156.12	
564.349	25166.77	
564.547	25226.16	
564.746	25171.69	
564.944	25345.97	
565.142	25318.94	
565.34	25213.26	
565.538	24910.16	
565.736	24842.58	
565.934	24505.69	
566.132	24389.98	
566.33	24294.54	
566.528	24654.98	
566.726	24506.51	
566.924	24544.8	
567.122	24496.47	
567.32	24729.12	
567.518	24412.71	
567.716	24386.5	
567.914	24265.26	
568.112	24196.24	
568.31	24202.38	
568.507	24201.36	
568.705	23920.17	
568.903	23947.21	
569.101	24193.58	
569.299	24826.4	
569.497	24667.07	
569.694	24813.91	
569.892	24670.34	
570.09	24681.4	
570.288	23693.46	
570.486	23895.19	
570.683	23648	
570.881	23656.8	
571.079	23306.4	
571.276	23683.43	
571.474	23408.18	
571.672	23524.91	
571.869	23333.22	
572.067	23592.91	
572.265	23188.02	
572.462	23188.02	
572.66	23284.07	
572.857	23288.78	
573.055	23183.93	
573.253	23315.82	
573.45	23337.12	
573.648	23189.66	
573.845	23143.79	
574.043	23224.27	
574.24	23232.46	
574.438	23124.13	
574.635	22997.97	
574.832	22837.82	
575.03	22537.79	
575.227	22693.85	
575.425	22585.72	
575.622	22647.97	
575.82	22636.1	
576.017	23029.72	
576.214	22544.55	
576.412	22664.36	
576.609	22434.17	
576.806	22592.06	
577.004	22111	
577.201	22444.41	
577.398	22637.94	
577.595	22812.84	
577.793	22688.93	
577.99	22839.66	
578.187	22552.95	
578.384	22316.41	
578.582	22210.94	
578.779	22416.76	
578.976	22548.65	
579.173	22752.01	
579.37	22821.64	
579.567	22735.42	
579.764	22421.47	
579.962	21975.01	
580.159	21582.01	
580.356	21722.09	
580.553	21728.85	
580.75	21965.39	
580.947	22267.46	
581.144	22498.88	
581.341	22146.22	
581.538	22206.43	
581.735	21892.68	
581.932	21749.53	
582.129	21410.59	
582.326	21638.74	
582.523	21647.95	
582.72	21725.16	
582.916	21559.68	
583.113	21485.75	
583.31	20996.49	
583.507	20954.71	
583.704	21282.18	
583.901	21421.45	
584.098	21563.17	
584.294	21805.03	
584.491	21610.27	
584.688	21565.42	
584.885	21225.86	
585.082	21448.68	
585.278	21315.16	
585.475	21345.26	
585.672	21045.44	
585.868	21129.82	
586.065	20930.14	
586.262	20896.55	
586.458	21113.64	
586.655	20939.35	
586.852	21104.63	
587.048	21092.75	
587.245	20848.22	
587.442	20933.21	
587.638	21043.6	
587.835	21047.08	
588.031	21264.78	
588.228	21437.22	
588.424	21117.94	
588.621	21066.94	
588.817	20863.17	
589.014	20872.18	
589.21	21054.65	
589.407	21230.17	
589.603	21176.71	
589.8	21764.69	
589.996	21255.97	
590.192	21083.12	
590.389	21003.25	
590.585	20889.59	
590.782	20108.08	
590.978	20148.22	
591.174	19980.5	
591.371	20005.69	
591.567	20124.67	
591.763	20269.67	
591.959	20584.85	
592.156	20790.06	
592.352	20540.2	
592.548	20738.86	
592.744	20727.18	
592.941	20420.81	
593.137	20233.62	
593.333	20050.95	
593.529	19890.18	
593.725	19909.23	
593.922	20430.43	
594.118	20612.7	
594.314	20639.33	
594.51	20993.01	
594.706	21016.15	
594.902	20375.96	
595.098	20072.45	
595.294	19962.47	
595.49	19347.26	
595.686	19196.12	
595.882	19147.79	
596.078	19289.72	
596.274	19443.72	
596.47	19756.24	
596.666	19596.09	
596.862	19741.29	
597.058	19747.44	
597.254	20022.89	
597.45	19547.35	
597.646	19785.53	
597.842	19465.43	
598.037	19460.31	
598.233	19196.94	
598.429	19409.73	
598.625	19108.88	
598.821	19131.41	
599.017	19006.07	
599.212	19423.45	
599.408	19316.75	
599.604	19490.62	
599.8	19559.23	
599.995	19414.23	
600.191	18907.36	
600.387	19109.29	
600.582	19420.58	
600.778	19700.95	
600.974	20036.61	
601.169	19960.63	
601.365	19797	
601.561	19506.19	
601.756	19122.6	
601.952	19072.22	
602.147	19032.49	
602.343	19078.57	
602.538	19195.51	
602.734	19381.26	
602.93	19224.39	
603.125	19249.98	
603.321	19135.91	
603.516	19145.33	
603.711	19021.64	
603.907	19280.29	
604.102	19493.69	
604.298	19754.6	
604.493	19545.1	
604.689	19923.97	
604.884	19832.84	
605.079	19946.09	
605.275	19718.97	
605.47	20110.95	
605.665	19894.69	
605.861	20186.52	
606.056	19892.64	
606.251	19962.68	
606.447	19704.43	
606.642	19763	
606.837	19112.57	
607.032	19815.02	
607.227	20254.92	
607.423	20154.78	
607.618	20242.84	
607.813	20401.76	
608.008	19936.87	
608.203	19778.97	
608.398	20110.75	
608.594	20080.03	
608.789	20170.34	
608.984	20190	
609.179	19837.96	
609.374	19705.66	
609.569	19768.33	
609.764	19937.08	
609.959	20354.86	
610.154	20808.9	
610.349	20670.46	
610.544	20725.75	
610.739	20953.08	
610.934	20621.3	
611.129	21227.09	
611.324	21416.53	
611.519	21753.83	
611.714	21650.82	
611.909	21733.97	
612.103	21080.25	
612.298	21578.53	
612.493	21124.49	
612.688	21155.82	
612.883	21540.84	
613.078	21332.97	
613.272	21155.82	
613.467	21836.98	
613.662	22386.24	
613.857	22394.44	
614.051	23234.51	
614.246	22937.56	
614.441	22680.54	
614.635	21979.93	
614.83	22041.37	
615.025	21352.84	
615.219	21566.24	
615.414	21141.69	
615.609	21263.96	
615.803	20958.2	
615.998	21523.03	
616.192	21796.84	
616.387	22266.64	
616.582	22433.96	
616.776	22550.29	
616.971	22479.22	
617.165	22256.4	
617.36	22039.11	
617.554	22220.97	
617.749	22061.23	
617.943	22048.12	
618.138	22091.95	
618.332	22164.04	
618.526	21825.1	
618.721	21880.6	
618.915	21677.44	
619.11	21800.73	
619.304	21652.05	
619.498	21808.92	
619.693	21830.22	
619.887	21917.87	
620.081	21685.84	
620.275	21761.61	
620.47	21824.9	
620.664	22116.94	
620.858	21763.87	
621.052	21728.64	
621.247	21618.67	
621.441	21605.15	
621.635	21214.6	
621.829	21638.53	
622.023	21585.49	
622.218	21941.63	
622.412	21635.05	
622.606	21706.52	
622.8	21409.16	
622.994	21310.65	
623.188	20948.98	
623.382	21363.49	
623.576	21095.82	
623.77	20931.37	
623.964	20905.97	
624.158	21211.73	
624.352	20814.63	
624.546	21010.21	
624.74	21054.04	
624.934	21151.32	
625.128	20692.98	
625.322	20792.31	
625.516	20738.24	
625.71	20755.86	
625.904	20552.29	
626.098	21156.64	
626.291	21340.96	
626.485	21106.67	
626.679	21296.32	
626.873	21835.55	
627.067	22072.7	
627.26	21819.16	
627.454	22029.08	
627.648	21928.93	
627.842	21341.37	
628.035	20948.77	
628.229	20952.46	
628.423	21553.74	
628.617	21455.03	
628.81	21617.03	
629.004	21211.73	
629.198	21254.33	
629.391	20373.91	
629.585	20339.09	
629.778	20106.85	
629.972	20535.49	
630.166	20167.07	
630.359	20298.75	
630.553	20299.16	
630.746	20430.64	
630.94	20064.26	
631.133	20154.57	
631.327	20101.94	
631.52	19884.45	
631.714	19875.84	
631.907	19667.36	
632.1	19581.35	
632.294	19867.45	
632.487	20136.55	
632.681	20636.25	
632.874	20677.21	
633.067	21086.6	
633.261	20915.6	
633.454	21526.3	
633.647	21255.15	
633.841	21137.19	
634.034	20921.13	
634.227	21114.25	
634.421	20262.5	
634.614	19914.76	
634.807	19932.57	
635	19777.13	
635.193	19411.16	
635.387	19596.71	
635.58	19469.12	
635.773	19543.25	
635.966	19534.24	
636.159	19653.64	
636.352	19238.31	
636.545	19332.93	
636.739	19123.22	
636.932	19191.41	
637.125	18973.3	
637.318	18880.53	
637.511	19202.27	
637.704	19311.42	
637.897	19209.43	
638.09	19056.66	
638.283	19569.88	
638.476	19085.12	
638.669	19036.18	
638.862	19183.02	
639.055	19283.37	
639.247	19252.03	
639.44	19216.81	
639.633	19213.33	
639.826	18977.2	
640.019	18813.36	
640.212	18633.75	
640.405	19215.17	
640.597	19180.97	
640.79	19268.62	
640.983	19354.64	
641.176	19189.36	
641.368	18697.03	
641.561	19020.2	
641.754	18646.65	
641.947	18894.46	
642.139	18873.16	
642.332	18967.36	
642.525	18524.39	
642.717	19152.71	
642.91	18836.91	
643.103	19053.79	
643.295	18753.76	
643.488	19087.79	
643.68	18580.09	
643.873	18649.93	
644.065	18301.57	
644.258	18512.72	
644.45	18204.09	
644.643	18182.17	
644.835	18355.84	
645.028	18532.38	
645.22	18516.61	
645.413	18425.27	
645.605	18329.63	
645.798	18101.69	
645.99	17826.65	
646.182	17805.96	
646.375	17722.2	
646.567	18168.66	
646.76	18326.56	
646.952	18535.86	
647.144	18333.52	
647.337	18318.57	
647.529	17895.87	
647.721	18251.19	
647.913	17960.99	
648.106	18071.79	
648.298	18419.12	
648.49	18660.37	
648.682	18146.95	
648.874	18531.97	
649.067	18412.78	
649.259	18407.25	
649.451	18233.37	
649.643	18350.72	
649.835	18093.09	
650.027	18258.97	
650.219	18447.59	
650.411	18240.13	
650.603	17988.03	
650.796	18075.27	
650.988	18456.19	
651.18	17995.19	
651.372	18070.76	
651.564	17908.97	
651.756	17891.16	
651.948	17476.65	
652.139	17566.96	
652.331	17531.53	
652.523	17603.01	
652.715	17458.42	
652.907	17284.75	
653.099	17385.1	
653.291	17652.57	
653.483	17568.19	
653.674	17401.49	
653.866	17413.98	
654.058	17022.61	
654.25	16746.34	
654.442	16691.46	
654.633	16952.37	
654.825	16808.6	
655.017	16751.67	
655.209	16786.48	
655.4	17236.83	
655.592	16735.08	
655.784	16873.11	
655.975	16623.26	
656.167	16392.86	
656.359	15888.86	
656.55	16363.99	
656.742	16167.59	
656.933	16556.09	
657.125	16390.2	
657.316	16088.13	
657.508	15608.9	
657.7	15573.47	
657.891	15230.85	
658.083	15174.12	
658.274	15440.97	
658.466	15383.83	
658.657	15490.32	
658.848	15429.5	
659.04	15357.21	
659.231	15297.4	
659.423	15398.98	
659.614	15184.15	
659.805	15285.32	
659.997	15536.2	
660.188	15423.15	
660.379	15398.37	
660.571	15042.64	
660.762	15074.38	
660.953	14821.46	
661.145	14621.58	
661.336	14339.16	
661.527	14468.39	
661.718	14309.67	
661.909	14371.93	
662.101	14439.51	
662.292	14645.54	
662.483	14445.86	
662.674	14126.17	
662.865	14102.21	
663.056	14452.41	
663.247	14260.52	
663.439	14475.76	
663.63	14525.53	
663.821	14449.96	
664.012	13997.97	
664.203	14303.53	
664.394	14245.16	
664.585	14380.53	
664.776	14186.59	
664.967	14421.28	
665.158	14186.18	
665.349	14411.25	
665.54	14238.4	
665.73	14341.62	
665.921	14039.54	
666.112	13943.29	
666.303	13499.7	
666.494	13458.33	
666.685	13207.25	
666.876	13139.46	
667.066	13195.57	
667.257	13449.32	
667.448	13476.97	
667.639	13948.61	
667.83	13753.85	
668.02	13608.04	
668.211	13266.02	
668.402	13287.73	
668.592	12608.83	
668.783	12806.67	
668.974	12673.14	
669.164	12739.9	
669.355	12629.31	
669.546	13074.33	
669.736	12918.28	
669.927	12774.31	
670.117	12565.01	
670.308	12542.89	
670.499	12103.39	
670.689	12397.28	
670.88	12214.39	
671.07	12331.33	
671.261	12078.41	
671.451	12135.75	
671.641	11528.12	
671.832	11843.71	
672.022	11508.25	
672.213	11399.3	
672.403	11194.91	
672.594	12323.14	
672.784	12100.32	
672.974	12108.31	
673.165	12136.77	
673.355	12442.54	
673.545	11495.97	
673.736	11817.7	
673.926	11638.5	
674.116	11903.92	
674.306	11864.8	
674.497	11528.12	
674.687	10919.87	
674.877	11029.85	
675.067	10902.87	
675.257	10790.24	
675.448	10902.67	
675.638	10946.29	
675.828	10969.64	
676.018	10879.53	
676.208	11011.01	
676.398	11113.4	
676.588	11074.7	
676.778	11022.88	
676.968	10967.18	
677.158	10752.55	
677.348	10426.11	
677.538	10413.61	
677.728	10255.92	
677.918	10092.08	
678.108	9734.3	
678.298	10126.69	
678.488	10098.43	
678.678	10329.85	
678.868	10102.94	
679.058	10442.9	
679.248	10351.97	
679.438	10387.81	
679.627	10470.55	
679.817	10789.01	
680.007	10475.05	
680.197	10097.41	
680.387	9773.01	
680.576	9845.51	
680.766	9469.3	
680.956	9301.98	
681.146	9441.24	
681.335	9867.83	
681.525	9682.49	
681.715	9753.55	
681.904	9922.92	
682.094	9980.26	
682.284	9699.49	
682.473	9439.19	
682.663	9970.43	
682.852	9936.44	
683.042	9740.65	
683.231	9539.34	
683.421	9245.04	
683.61	8479.72	
683.8	8344.55	
683.989	8327.35	
684.179	8422.37	
684.368	8392.88	
684.558	8517.19	
684.747	8324.28	
684.937	8216.35	
685.126	8271.23	
685.316	8284.34	
685.505	8298.47	
685.694	8793.47	
685.884	9020.38	
686.073	8962.83	
686.262	9068.3	
686.452	9081.62	
686.641	8805.34	
686.83	8451.25	
687.019	8457.19	
687.209	8537.26	
687.398	8358.89	
687.587	8384.08	
687.776	8505.32	
687.965	8311.17	
688.155	8268.78	
688.344	8099.82	
688.533	7985.13	
688.722	7736.92	
688.911	7969.98	
689.1	8222.08	
689.289	8649.9	
689.478	8638.43	
689.667	8706.02	
689.856	8201.6	
690.045	7734.87	
690.234	7360.3	
690.423	7188.27	
690.612	6940.26	
690.801	7520.04	
690.99	7472.53	
691.179	8133.2	
691.368	8223.11	
691.557	8757.01	
691.746	8229.25	
691.935	8308.71	
692.124	7764.16	
692.312	7511.03	
692.501	6938.83	
692.69	7046.75	
692.879	6698.8	
693.068	6517.35	
693.256	6425.4	
693.445	6823.32	
693.634	6623.44	
693.823	6666.45	
694.011	6433.8	
694.2	6446.49	
694.389	6133.56	
694.577	6185.79	
694.766	6110.01	
694.955	6352.08	
695.143	6259.31	
695.332	6435.84	
695.52	6644.94	
695.709	6905.85	
695.897	6648.22	
696.086	6934.52	
696.275	6673.41	
696.463	6343.07	
696.652	6331.4	
696.84	6500.56	
697.028	6315.83	
697.217	6462.88	
697.405	6563.84	
697.594	6336.11	
697.782	6246.41	
697.971	6177.39	
698.159	5844.6	
698.347	5881.46	
698.536	5996.76	
698.724	6043.86	
698.912	6041	
699.1	6618.93	
699.289	6247.23	
699.477	6076.43	
699.665	5764.52	
699.854	5723.56	
700.042	5182.69	
700.23	5580	
700.418	5431.52	
700.606	5695.5	
700.794	5630.17	
700.983	5872.86	
701.171	5633.45	
701.359	5677.48	
701.547	5405.92	
701.735	5719.87	
701.923	5995.74	
702.111	6154.25	
702.299	6043.86	
702.487	6289.62	
702.675	5814.49	
702.863	5461.42	
703.051	5174.91	
703.239	5381.35	
703.427	5228.57	
703.615	5268.5	
703.803	5212.8	
703.991	5471.46	
704.179	5250.07	
704.367	5303.93	
704.554	5506.27	
704.742	5544.98	
704.93	5603.55	
705.118	5789.3	
705.306	5485.79	
705.493	5306.18	
705.681	4881.23	
705.869	4754.87	
706.057	4558.27	
706.244	4791.73	
706.432	4497.85	
706.62	4473.89	
706.807	4106.89	
706.995	4217.89	
707.183	3884.69	
707.37	4382.35	
707.558	4492.53	
707.746	4987.11	
707.933	4954.96	
708.121	5333.63	
708.308	5049.78	
708.496	4909.7	
708.683	4446.45	
708.871	4550.69	
709.058	4335.86	
709.246	4408.36	
709.433	4354.9	
709.621	4416.96	
709.808	4063.27	
709.995	4310.87	
710.183	4238.37	
710.37	4270.94	
710.558	4138.84	
710.745	4196.39	
710.932	3714.09	
711.12	3750.34	
711.307	3771.44	
711.494	4067.78	
711.681	4035.01	
711.869	4282.61	
712.056	4389.1	
712.243	4719.03	
712.43	4395.25	
712.618	4607.01	
712.805	4438.26	
712.992	4460.58	
713.179	4166.69	
713.366	4023.34	
713.553	3889.2	
713.74	3797.86	
713.928	3255.35	
714.115	3231.8	
714.302	3128.99	
714.489	2932.38	
714.676	2925.42	
714.863	3358.36	
715.05	3314.13	
715.237	3661.26	
715.424	3518.1	
715.611	3878.75	
715.798	3484.93	
715.984	3732.12	
716.171	3574.63	
716.358	3820.79	
716.545	3630.95	
716.732	3599.82	
716.919	3114.45	
717.106	3174.66	
717.293	3465.68	
717.479	3830.01	
717.666	3835.74	
717.853	4269.3	
718.04	4018.01	
718.226	3697.71	
718.413	3157.05	
718.6	3179.37	
718.786	2750.11	
718.973	3356.31	
719.16	3115.88	
719.346	3017.17	
719.533	2970.48	
719.72	3114.65	
719.906	2386.19	
720.093	2537.54	
720.279	2784.32	
720.466	2860.09	
720.652	2962.28	
720.839	3653.27	
721.025	3486.56	
721.212	3287.91	
721.398	3150.08	
721.585	2974.16	
721.771	2350.15	
721.958	2483.88	
722.144	2462.99	
722.331	2320.04	
722.517	2646.69	
722.703	3094.58	
722.89	2870.33	
723.076	2878.52	
723.262	3183.06	
723.449	2944.67	
723.635	2341.55	
723.821	2623.96	
724.007	2525.45	
724.194	2430.43	
724.38	2605.53	
724.566	2712.23	
724.752	2701.17	
724.938	2889.79	
725.125	3042.36	
725.311	2541.22	
725.497	2538.15	
725.683	2177.91	
725.869	1783.27	
726.055	1667.35	
726.241	1612.47	
726.427	1584.82	
726.613	1672.47	
726.799	1793.51	
726.985	1703.81	
727.171	2020.83	
727.357	2106.64	
727.543	2457.87	
727.729	2826.71	
727.915	2786.98	
728.101	2691.34	
728.287	2680.89	
728.473	2609.01	
728.659	2409.54	
728.845	2520.74	
729.03	2448.45	
729.216	2302.43	
729.402	2068.76	
729.588	1901.03	
729.774	1687.63	
729.959	1746.2	
730.145	1975.78	
730.331	1814.19	
730.517	2014.69	
730.702	2072.44	
730.888	1961.65	
731.074	1758.49	
731.259	2143.92	
731.445	1975.78	
731.63	1889.76	
731.816	1904.71	
732.002	2123.64	
732.187	2681.92	
732.373	3182.44	
732.558	3455.44	
732.744	3418.78	
732.929	3122.64	
733.115	2212.73	
733.3	1545.29	
733.486	1127.1	
733.671	1024.5	
733.857	1188.54	
734.042	1357.7	
734.227	1484.88	
734.413	2015.1	
734.598	2187.74	
734.784	2083.71	
734.969	2028	
735.154	2147.4	
735.339	1766.27	
735.525	1715.07	
735.71	2601.23	
735.895	2512.76	
736.081	2324.55	
736.266	2428.79	
736.451	2209.25	
736.636	1246.7	
736.821	1299.33	
737.007	1211.27	
737.192	1148.19	
737.377	1194.68	
737.562	1228.06	
737.747	1137.54	
737.932	1408.49	
738.117	1293.39	
738.302	1869.08	
738.487	1743.13	
738.672	1830.99	
738.857	2174.64	
739.042	2112.58	
739.227	2068.35	
739.412	2308.98	
739.597	2177.3	
739.782	1655.68	
739.967	1642.37	
740.152	1350.74	
740.337	1213.73	
740.522	1502.29	
740.706	1622.91	
740.891	1736.17	
741.076	1754.6	
741.261	1807.23	
741.446	1780.2	
741.63	1699.51	
741.815	1656.7	
742	1381.46	
742.185	1331.49	
742.369	1090.85	
742.554	911.24	
742.739	729.59	
742.923	821.13	
743.108	953.84	
743.293	1074.88	
743.477	1050.51	
743.662	1240.15	
743.846	1305.68	
744.031	1132.63	
744.216	938.89	
744.4	1110.92	
744.585	1198.57	
744.769	1051.94	
744.954	1088.6	
745.138	1156.8	
745.322	1340.09	
745.507	1483.86	
745.691	1439.62	
745.876	1470.34	
746.06	1423.85	
746.244	1177.68	
746.429	1305.68	
746.613	1233.8	
746.798	1243.63	
746.982	1076.72	
747.166	1064.43	
747.35	631.29	
747.535	741.67	
747.719	566.57	
747.903	743.11	
748.087	843.66	
748.272	907.15	
748.456	1304.25	
748.64	1418.53	
748.824	1251.41	
749.008	1072.83	
749.192	1020.4	
749.376	596.47	
749.56	451.07	
749.745	583.57	
749.929	1022.24	
750.113	916.98	
750.297	826.25	
750.481	1307.32	
750.665	1376.54	
750.849	1402.35	
751.033	1523.38	
751.217	1475.66	
751.4	922.3	
751.584	1038.01	
751.768	445.74	
751.952	178.89	
752.136	398.23	
752.32	449.02	
752.504	396.38	
752.688	642.75	
752.871	748.43	
753.055	599.13	
753.239	703.37	
753.423	677.98	
753.606	494.89	
753.79	541.99	
753.974	429.56	
754.157	742.49	
754.341	573.12	
754.525	484.24	
754.708	981.9	
754.892	1432.25	
755.076	1057.26	
755.259	1336.81	
755.443	1226.43	
755.626	629.24	
755.81	358.7	
755.993	421.78	
756.177	85.09	
756.36	148.99	
756.544	557.15	
756.727	551.21	
756.911	704.4	
757.094	1314.28	
757.278	1612.06	
757.461	1319.61	
757.644	1095.97	
757.828	982.92	
758.011	585.62	
758.195	583.16	
758.378	633.54	
758.561	631.29	
758.744	411.54	
758.928	431	
759.111	191.18	
759.294	231.32	
759.477	336.17	
759.661	397	
759.844	206.33	
760.027	420.35	
760.21	248.52	
760.393	339.25	
760.576	651.77	
760.76	730.41	
760.943	700.1	
761.126	1397.64	
761.309	1462.15	
761.492	1106.42	
761.675	918.21	
761.858	999.1	
762.041	447.38	
762.224	242.99	
762.407	206.54	
762.59	881.14	
762.773	683.71	
762.956	811.1	
763.139	985.38	
763.321	1252.44	
763.504	689.04	
763.687	756.62	
763.87	539.13	
764.053	393.72	
764.236	244.02	
764.418	273.51	
764.601	213.3	
764.784	452.09	
764.967	581.11	
765.149	606.3	
765.332	772.39	
765.515	1093.72	
765.697	879.5	
765.88	1049.69	
766.063	1123	
766.245	1044.57	
766.428	744.54	
766.611	757.65	
766.793	764.4	
766.976	808.64	
767.158	598.72	
767.341	500.63	
767.523	242.58	
767.706	-11.37	
767.888	66.46	
768.071	351.12	
768.253	422.19	
768.436	916.98	
768.618	958.96	
768.8	706.86	
768.983	359.11	
769.165	633.33	
769.348	206.95	
769.53	605.69	
769.712	550.8	
769.895	912.47	
770.077	673.47	
770.259	766.04	
770.441	382.66	
770.624	886.46	
770.806	810.28	
770.988	646.03	
771.17	828.92	
771.352	1207.18	
771.535	1040.47	
771.717	1461.33	
771.899	1546.11	
772.081	1644.62	
772.263	1397.64	
772.445	1568.64	
772.627	920.25	
772.809	857.18	
772.991	546.09	
773.173	214.52	
773.355	263.47	
773.537	159.02	
773.719	332.28	
773.901	549.78	
774.083	557.35	
774.265	150.63	
774.447	228.45	
774.629	168.45	
774.811	48.02	
774.992	156.77	
775.174	-42.09	
775.356	-19.76	
775.538	-180.32	
775.72	-151.45	
775.901	227.63	
776.083	613.67	
776.265	633.13	
776.447	713.61	
776.628	1133.45	
776.81	632.72	
776.992	196.3	
777.173	176.84	
777.355	312.83	
777.537	-333.92	
777.718	-106.39	
777.9	52.53	
778.081	511.89	
778.263	668.35	
778.444	771.57	
778.626	1085.12	
778.807	1128.74	
778.989	874.18	
779.17	396.18	
779.352	244.43	
779.533	-145.3	
779.715	-225.38	
779.896	-592.58	
780.078	-414	
780.259	-182.78	
780.44	-172.95	
780.622	-278.83	
780.803	-26.93	
780.984	-65.43	
781.166	-278.42	
781.347	-323.68	
781.528	-107.42	
781.709	133.02	
781.891	284.97	
782.072	450.04	
782.253	380.41	
782.434	634.15	
782.615	525.2	
782.796	295.42	
782.978	483.83	
783.159	559.81	
783.34	451.07	
783.521	127.9	
783.702	305.25	
783.883	329.01	
784.064	130.35	
784.245	93.69	
784.426	197.32	
784.607	279.65	
784.788	312.42	
784.969	264.29	
785.15	394.34	
785.331	252.62	
785.512	238.28	
785.692	-135.06	
785.873	-68.71	
786.054	-290.5	
786.235	193.64	
786.416	-48.84	
786.597	284.16	
786.777	721.81	
786.958	769.73	
787.139	407.65	
787.32	899.98	
787.5	555.1	
787.681	79.15	
787.862	12.6	
788.042	291.12	
788.223	1.33	
788.404	312.01	
788.584	502.47	
788.765	836.9	
788.946	580.09	
789.126	583.16	
789.307	808.64	
789.487	809.25	
789.668	456.19	
789.848	377.34	
790.029	154.31	
790.209	292.55	
790.39	659.75	
790.57	622.68	
790.75	775.87	
790.931	1020.81	
791.111	512.71	
791.292	192.2	
791.472	383.69	
791.652	841.41	
791.833	1073.65	
792.013	1204.1	
792.193	1357.29	
792.373	1160.28	
792.554	517.62	
792.734	162.1	
792.914	-105.98	
793.094	-169.67	
793.275	-173.97	
793.455	183.4	
793.635	706.24	
793.815	799.63	
793.995	529.3	
794.175	521.11	
794.355	162.1	
794.535	-303.41	
794.715	-419.94	
794.896	-203.26	
795.076	-254.66	
795.256	59.08	
795.436	1.33	
795.616	159.64	
795.795	154.93	
795.975	286.82	
796.155	206.54	
796.335	96.77	
796.515	-40.86	
796.695	328.39	
796.875	537.28	
797.055	891.79	
797.234	1307.12	
797.414	1889.35	
797.594	1489.39	
797.774	1053.99	
797.954	557.56	
798.133	501.04	
798.313	-155.13	
798.493	99.84	
798.672	249.34	
798.852	257.53	
799.032	280.67	
799.211	361.77	
799.391	-65.84	
799.571	-319.79	
799.75	-357.27	
799.93	-117.66	
800.109	32.05	
800.289	69.53	
800.468	133.43	
800.648	162.1	
800.827	-165.37	
801.007	-35.53	
801.186	50.48	
801.366	119.09	
801.545	198.96	
801.725	690.68	
801.904	373.65	
802.083	323.27	
802.263	478.71	
802.442	692.93	
802.621	106.6	
802.801	541.18	
802.98	658.11	
803.159	677.98	
803.338	276.78	
803.518	524.18	
803.697	14.85	
803.876	-33.07	
804.055	-180.12	
804.235	434.68	
804.414	50.48	
804.593	116.84	
804.772	155.34	
804.951	35.33	
805.13	-624.32	
805.309	-287.02	
805.488	-59.29	
805.667	68.5	
805.846	174.18	
806.025	477.89	
806.204	256.1	
806.383	201.01	
806.562	-89.8	
806.741	-206.33	
806.92	-198.35	
807.099	-338.22	
807.278	-512.91	
807.457	-523.36	
807.636	50.69	
807.814	89.19	
807.993	-24.47	
808.172	66.87	
808.351	9.32	
808.53	-435.5	
808.708	-660.37	
808.887	-377.34	
809.066	-325.93	
809.244	-191.79	
809.423	-266.75	
809.602	177.46	
809.78	67.89	
809.959	162.51	
810.138	260.4	
810.316	731.84	
810.495	204.9	
810.673	327.37	
810.852	72.6	
811.03	228.45	
811.209	-264.9	
811.388	-123.39	
811.566	-83.86	
811.744	270.02	
811.923	284.97	
812.101	389.83	
812.28	581.52	
812.458	531.55	
812.637	384.71	
812.815	388.81	
812.993	687.61	
813.172	472.98	
813.35	307.91	
813.528	353.79	
813.706	152.88	
813.885	-257.33	
814.063	-209.4	
814.241	-190.56	
814.419	-153.5	
814.598	135.68	
814.776	359.73	
814.954	393.93	
815.132	360.75	
815.31	694.98	
815.488	355.63	
815.666	283.75	
815.844	147.97	
816.022	180.12	
816.201	-409.29	
816.379	2.15	
816.557	-63.18	
816.735	497.14	
816.913	434.68	
817.09	554.08	
817.268	46.8	
817.446	121.96	
817.624	-251.8	
817.802	313.65	
817.98	214.73	
818.158	153.7	
818.336	81.2	
818.514	250.36	
818.691	-236.23	
818.869	-69.53	
819.047	333.1	
819.225	492.02	
819.402	336.58	
819.58	489.36	
819.758	459.46	
819.935	161.89	
820.113	204.08	
820.291	-43.52	
820.468	-280.26	
820.646	-361.98	
820.824	-451.27	
821.001	-141.41	
821.179	250.36	
821.356	191.38	
821.534	17.51	
821.711	68.71	
821.889	-346	
822.066	-438.98	
822.244	-280.06	
822.421	-88.17	
822.599	-146.53	
822.776	-159.02	
822.953	-343.75	
823.131	-418.09	
823.308	-285.18	
823.486	-249.95	
823.663	-203.47	
823.84	-150.83	
824.017	-171.52	
824.195	-333.92	
824.372	-170.08	
824.549	-97.38	
824.726	-105.37	
824.904	92.67	
825.081	129.33	
825.258	-88.57	
825.435	-101.68	
825.612	-255.69	
825.789	-548.34	
825.967	-614.08	
826.144	-600.77	
826.321	-595.86	
826.498	-87.14	
826.675	6.86	
826.852	105.98	
827.029	920.05	
827.206	790	
827.383	301.97	
827.56	318.36	
827.737	460.49	
827.914	642.75	
828.09	588.48	
828.267	622.68	
828.444	757.44	
828.621	467.04	
828.798	113.76	
828.975	-16.49	
829.151	288.87	
829.328	234.59	
829.505	503.29	
829.682	-50.48	
829.858	276.17	
830.035	-96.36	
830.212	110.9	
830.389	-118.07	
830.565	-207.36	
830.742	-556.95	
830.918	-461.3	
831.095	-648.69	
831.272	-526.02	
831.448	-504.11	
831.625	-118.88	
831.801	26.32	
831.978	-137.52	
832.154	-263.68	
832.331	-33.69	
832.507	-193.84	
832.684	-0.1	
832.86	233.57	
833.037	667.33	
833.213	514.35	
833.389	424.65	
833.566	-93.08	
833.742	73.21	
833.918	-340.07	
834.095	-485.68	
834.271	-350.31	
834.447	181.14	
834.624	53.14	
834.8	239.71	
834.976	359.52	
835.152	269.62	
835.328	-83.86	
835.505	8.29	
835.681	-218.42	
835.857	-385.12	
836.033	-386.96	
836.209	-389.42	
836.385	-667.54	
836.561	-593.19	
836.737	-267.98	
836.913	-432.84	
837.089	-235.41	
837.265	-69.73	
837.441	-55.6	
837.617	-169.88	
837.793	0.72	
837.969	-57.45	
838.145	-116.84	
838.321	44.34	
838.497	27.75	
838.673	61.54	
838.849	91.24	
839.025	193.23	
839.2	-69.12	
839.376	186.06	
839.552	255.89	
839.728	267.98	
839.903	490.18	
840.079	680.64	
840.255	522.74	
840.431	1184.03	
840.606	927.42	
840.782	1135.09	
840.958	918.41	
841.133	794.1	
841.309	47.82	
841.484	194.45	
841.66	-476.05	
841.835	-303.2	
842.011	-259.99	
842.186	-151.65	
842.362	141.41	
842.537	439.19	
842.713	398.23	
842.888	302.79	
843.064	204.49	
843.239	-185.65	
843.415	-213.91	
843.59	-294.4	
843.765	-368.12	
843.941	-142.64	
844.116	378.98	
844.291	72.4	
844.467	106.8	
844.642	259.78	
844.817	210.02	
844.992	-301.15	
845.168	-136.29	
845.343	-18.74	
845.518	-58.88	
845.693	0.92	
845.868	334.74	
846.043	237.87	
846.219	77.52	
846.394	491.21	
846.569	248.93	
846.744	-67.28	
846.919	1.74	
847.094	408.47	
847.269	106.39	
847.444	317.33	
847.619	462.12	
847.794	553.67	
847.969	53.76	
848.144	523.56	
848.319	258.76	
848.494	37.58	
848.668	-45.57	
848.843	150.83	
849.018	-184.21	
849.193	-53.96	
849.368	66.05	
849.542	253.64	
849.717	429.56	
849.892	443.69	
850.067	455.16	
850.241	641.32	
850.416	577.83	
850.591	596.68	
850.765	224.56	
850.94	616.75	
851.115	522.95	
851.289	415.84	
851.464	158	
851.639	393.93	
851.813	86.32	
851.988	214.73	
852.162	72.6	
852.337	294.6	
852.511	199.98	
852.686	134.04	
852.86	-71.37	
853.035	-69.12	
853.209	-379.8	
853.383	-62.57	
853.558	-173.36	
853.732	-94.31	
853.906	162.51	
854.081	286	
854.255	45.36	
854.429	-3.79	
854.604	63.59	
854.778	532.57	
854.952	437.34	
855.126	562.47	
855.301	894.86	
855.475	619.2	
855.649	-97.38	
855.823	254.46	
855.997	-95.95	
856.171	-147.15	
856.345	-69.73	
856.52	166.6	
856.694	-159.43	
856.868	377.34	
857.042	585.41	
857.216	810.07	
857.39	695.18	
857.564	742.49	
857.738	517.42	
857.912	76.08	
858.085	-22.83	
858.259	-4.4	
858.433	155.95	
858.607	77.93	
858.781	55.6	
858.955	-205.92	
859.129	-283.34	
859.302	-270.84	
859.476	-306.89	
859.65	-176.43	
859.824	-180.94	
859.997	6.66	
860.171	-24.27	
860.345	158.41	
860.519	-12.6	
860.692	181.96	
860.866	84.27	
861.039	211.04	
861.213	-28.77	
861.387	187.7	
861.56	50.69	
861.734	447.99	
861.907	491.41	
862.081	620.23	
862.254	373.24	
862.428	691.29	
862.601	249.95	
862.775	179.91	
862.948	174.59	
863.122	432.63	
863.295	334.33	
863.468	335.15	
863.642	229.47	
863.815	243.61	
863.988	-136.29	
864.162	-332.28	
864.335	-489.98	
864.508	-575.17	
864.682	-685.97	
864.855	-534.83	
865.028	-550.8	
865.201	-243.4	
865.374	-246.47	
865.548	9.73	
865.721	188.52	
865.894	723.85	
866.067	413.38	
866.24	703.58	
866.413	711.57	
866.586	1297.7	
866.759	752.12	
866.932	1115.02	
867.105	896.09	
867.278	870.08	
867.451	172.75	
867.624	536.88	
867.797	266.13	
867.97	409.49	
868.143	232.75	
868.316	388.81	
868.489	15.46	
868.661	108.44	
868.834	-95.95	
869.007	416.66	
869.18	261.22	
869.353	421.98	
869.525	453.93	
869.698	378.36	
869.871	-290.71	
870.044	-174.38	
870.216	-44.75	
870.389	-192.61	
870.562	502.47	
870.734	807.82	
870.907	694.77	
871.079	885.44	
871.252	883.8	
871.425	567.18	
871.597	246.47	
871.77	499.4	
871.942	80.59	
872.115	264.7	
872.287	-258.15	
872.459	103.93	
872.632	-240.74	
872.804	-328.19	
872.977	-548.14	
873.149	-130.97	
873.321	-316.92	
873.494	-292.35	
873.666	-203.88	
873.838	-102.09	
874.011	-254.66	
874.183	-198.96	
874.355	0.1	
874.528	-105.57	
874.7	-293.58	
874.872	100.04	
875.044	125.64	
875.216	173.97	
875.388	586.03	
875.561	1206.15	
875.733	513.12	
875.905	438.98	
876.077	192.61	
876.249	352.15	
876.421	15.46	
876.593	131.99	
876.765	201.01	
876.937	525	
877.109	252.62	
877.281	146.74	
877.453	353.38	
877.625	417.89	
877.797	161.48	
877.968	-71.17	
878.14	-239.31	
878.312	-8.91	
878.484	-293.78	
878.656	-74.03	
878.828	88.37	
878.999	715.25	
879.171	395.97	
879.343	390.04	
879.515	115.4	
879.686	182.58	
879.858	-90.01	
880.03	129.94	
880.201	565.96	
880.373	525.82	
880.545	318.56	
880.716	367.51	
880.888	129.33	
881.059	159.23	
881.231	109.05	
881.402	516.8	
881.574	265.72	
881.745	285.59	
881.917	-310.98	
882.088	-137.32	
882.26	-457	
882.431	136.91	
882.602	-88.78	
882.774	344.16	
882.945	157.18	
883.116	53.96	
883.288	-511.68	
883.459	-219.85	
883.63	-392.49	
883.802	-227.02	
883.973	-77.31	
884.144	198.35	
884.315	204.08	
884.487	161.07	
884.658	242.79	
884.829	482.6	
885	83.86	
885.171	120.73	
885.342	64.61	
885.513	-140.59	
885.684	101.27	
885.855	368.53	
886.026	238.9	
886.197	431.61	
886.368	463.56	
886.539	141.82	
886.71	-121.96	
886.881	-151.65	
887.052	703.99	
887.223	855.95	
887.394	751.3	
887.565	1139.8	
887.736	1335.79	
887.907	403.14	
888.077	369.97	
888.248	352.76	
888.419	38.19	
888.59	25.09	
888.761	498.78	
888.931	433.25	
889.102	431	
889.273	565.34	
889.443	342.93	
889.614	-233.57	
889.785	-82.64	
889.955	-27.75	
890.126	-263.47	
890.296	-286.82	
890.467	-255.48	
890.637	-212.89	
890.808	-538.92	
890.978	-323.89	
891.149	-92.06	
891.319	526.43	
891.49	449.84	
891.66	527.45	
891.831	421.57	
892.001	596.88	
892.172	-146.12	
892.342	-126.05	
892.512	-132.81	
892.683	513.94	
892.853	295.83	
893.023	637.23	
893.193	570.87	
893.364	654.84	
893.534	622.48	
893.704	669.99	
893.874	595.65	
894.044	409.49	
894.215	722.42	
894.385	636.2	
894.555	578.04	
894.725	866.19	
894.895	899.37	
895.065	675.93	
895.235	390.45	
895.405	902.03	
895.575	467.24	
895.745	750.58	
895.915	950.09	
